    [38;2;0;0;0m██[38;2;0;0;0m██        [38;2;0;0;0m██[38;2;0;0;0m██                            
  [38;2;0;0;0m██[38;2;132;140;214m██[38;2;132;140;214m██[38;2;0;0;0m██    [38;2;0;0;0m██[38;2;173;189;239m██[38;2;173;189;239m██[38;2;0;0;0m██  [38;2;0;0;0m██[38;2;0;0;0m██                    
  [38;2;0;0;0m██[38;2;132;140;214m██[38;2;132;140;214m██[38;2;65;65;65m██[38;2;0;0;0m██[38;2;0;0;0m██[38;2;173;189;239m██[38;2;173;189;239m██[38;2;173;189;239m██[38;2;65;65;65m██[38;2;0;0;0m██[38;2;173;189;239m██[38;2;132;140;214m██[38;2;0;0;0m██                  
  [38;2;0;0;0m██[38;2;222;197;49m██[38;2;222;197;49m██[38;2;181;148;41m██[38;2;132;140;214m██[38;2;65;65;65m██[38;2;255;255;115m██[38;2;173;189;239m██[38;2;65;65;65m██[38;2;132;140;214m██[38;2;255;255;115m██[38;2;173;189;239m██[38;2;173;189;239m██[38;2;0;0;0m██                  
    [38;2;0;0;0m██[38;2;222;197;49m██[38;2;222;197;49m██[38;2;65;65;65m██[38;2;255;255;115m██[38;2;255;255;115m██[38;2;181;148;41m██[38;2;255;255;115m██[38;2;255;255;115m██[38;2;255;255;115m██[38;2;255;255;115m██[38;2;173;189;239m██[38;2;0;0;0m██                  
    [38;2;0;0;0m██[38;2;222;197;49m██[38;2;222;197;49m██[38;2;65;65;65m██[38;2;255;255;115m██[38;2;255;255;115m██[38;2;255;255;115m██[38;2;255;255;115m██[38;2;255;255;115m██[38;2;255;255;115m██[38;2;173;189;239m██[38;2;0;0;0m██                    
    [38;2;0;0;0m██[38;2;222;197;49m██[38;2;65;65;65m██[38;2;255;255;115m██[38;2;255;255;115m██[38;2;255;255;115m██[38;2;255;255;115m██[38;2;255;255;115m██[38;2;255;255;115m██[38;2;181;148;41m██[38;2;65;65;65m██[38;2;0;0;0m██        [38;2;0;0;0m██[38;2;0;0;0m██[38;2;0;0;0m██      
    [38;2;0;0;0m██[38;2;115;132;206m██[38;2;65;65;65m██[38;2;255;255;115m██[38;2;65;65;65m██[38;2;65;65;65m██[38;2;255;255;115m██[38;2;255;255;115m██[38;2;181;148;41m██[38;2;255;255;115m██[38;2;173;189;239m██[38;2;132;140;214m██[38;2;0;0;0m██    [38;2;0;0;0m██[38;2;115;132;206m██[38;2;115;132;206m██[38;2;115;132;206m██[38;2;0;0;0m██    
  [38;2;0;0;0m██[38;2;82;197;255m██[38;2;115;132;206m██[38;2;65;65;65m██[38;2;65;65;65m██[38;2;255;255;255m██[38;2;255;255;255m██[38;2;65;65;65m██[38;2;222;197;49m██[38;2;255;255;115m██[38;2;255;255;115m██[38;2;255;255;115m██[38;2;173;189;239m██[38;2;0;0;0m██  [38;2;0;0;0m██[38;2;115;132;206m██[38;2;115;132;206m██[38;2;0;0;0m██[38;2;65;65;65m██[38;2;115;132;206m██[38;2;0;0;0m██  
[38;2;0;0;0m██[38;2;82;197;255m██[38;2;156;230;255m██[38;2;82;197;255m██[38;2;255;255;255m██[38;2;255;255;255m██[38;2;65;65;65m██[38;2;0;0;0m██[38;2;115;132;206m██[38;2;65;65;65m██[38;2;255;255;115m██[38;2;255;255;115m██[38;2;173;189;239m██[38;2;65;65;65m██[38;2;0;0;0m██  [38;2;0;0;0m██[38;2;115;132;206m██[38;2;0;0;0m██  [38;2;0;0;0m██[38;2;115;132;206m██[38;2;0;0;0m██  
[38;2;0;0;0m██[38;2;189;189;189m██[38;2;115;132;206m██[38;2;255;255;255m██[38;2;255;255;255m██[38;2;65;65;65m██[38;2;58;90;181m██[38;2;255;255;255m██[38;2;115;132;206m██[38;2;65;65;65m██[38;2;222;197;49m██[38;2;181;148;41m██[38;2;0;0;0m██[38;2;0;0;0m██    [38;2;0;0;0m██[38;2;115;132;206m██[38;2;90;99;156m██[38;2;0;0;0m██  [38;2;0;0;0m██[38;2;115;132;206m██[38;2;0;0;0m██
[38;2;0;0;0m██[38;2;189;189;189m██[38;2;255;255;255m██[38;2;255;255;255m██[38;2;65;65;65m██[38;2;255;255;255m██[38;2;58;90;181m██[38;2;255;255;255m██[38;2;115;132;206m██[38;2;115;132;206m██[38;2;65;65;65m██[38;2;222;197;49m██[38;2;0;0;0m██      [38;2;0;0;0m██[38;2;90;99;156m██[38;2;115;132;206m██[38;2;0;0;0m██  [38;2;0;0;0m██[38;2;115;132;206m██[38;2;0;0;0m██
  [38;2;0;0;0m██[38;2;255;255;255m██[38;2;255;255;255m██[38;2;0;0;0m██[38;2;58;90;181m██[38;2;255;255;255m██[38;2;115;132;206m██[38;2;115;132;206m██[38;2;115;132;206m██[38;2;65;65;65m██[38;2;222;197;49m██[38;2;132;140;214m██[38;2;0;0;0m██      [38;2;0;0;0m██[38;2;0;0;0m██    [38;2;0;0;0m██[38;2;115;132;206m██[38;2;0;0;0m██
    [38;2;0;0;0m██[38;2;65;65;65m██[38;2;115;132;206m██[38;2;115;132;206m██[38;2;115;132;206m██[38;2;65;65;65m██[38;2;156;230;255m██[38;2;115;132;206m██[38;2;65;65;65m██[38;2;132;140;214m██[38;2;0;0;0m██              [38;2;0;0;0m██[38;2;115;132;206m██[38;2;0;0;0m██  
      [38;2;0;0;0m██[38;2;0;0;0m██[38;2;0;0;0m██[38;2;0;0;0m██[38;2;123;173;222m██[38;2;156;230;255m██[38;2;115;132;206m██[38;2;65;65;65m██[38;2;132;140;214m██[38;2;132;140;214m██[38;2;0;0;0m██        [38;2;0;0;0m██[38;2;0;0;0m██[38;2;115;132;206m██[38;2;115;132;206m██[38;2;0;0;0m██  
              [38;2;0;0;0m██[38;2;156;230;255m██[38;2;115;132;206m██[38;2;65;65;65m██[38;2;132;140;214m██[38;2;132;140;214m██[38;2;0;0;0m██[38;2;0;0;0m██  [38;2;0;0;0m██[38;2;0;0;0m██[38;2;90;99;156m██[38;2;90;99;156m██[38;2;82;197;255m██[38;2;0;0;0m██    
            [38;2;0;0;0m██[38;2;156;230;255m██[38;2;123;173;222m██[38;2;115;132;206m██[38;2;115;132;206m██[38;2;65;65;65m██[38;2;65;65;65m██[38;2;115;132;206m██[38;2;115;132;206m██[38;2;0;0;0m██[38;2;90;99;156m██[38;2;90;99;156m██[38;2;90;99;156m██[38;2;90;99;156m██[38;2;0;0;0m██      
            [38;2;0;0;0m██[38;2;156;230;255m██[38;2;115;132;206m██[38;2;115;132;206m██[38;2;82;197;255m██[38;2;115;132;206m██[38;2;115;132;206m██[38;2;115;132;206m██[38;2;115;132;206m██[38;2;115;132;206m██[38;2;65;65;65m██[38;2;90;99;156m██[38;2;82;197;255m██[38;2;0;0;0m██        
          [38;2;0;0;0m██[38;2;123;173;222m██[38;2;156;230;255m██[38;2;156;230;255m██[38;2;115;132;206m██[38;2;115;132;206m██[38;2;115;132;206m██[38;2;115;132;206m██[38;2;115;132;206m██[38;2;115;132;206m██[38;2;82;197;255m██[38;2;115;132;206m██[38;2;65;65;65m██[38;2;0;0;0m██          
          [38;2;0;0;0m██[38;2;156;230;255m██[38;2;156;230;255m██[38;2;123;173;222m██[38;2;115;132;206m██[38;2;115;132;206m██[38;2;82;197;255m██[38;2;115;132;206m██[38;2;82;197;255m██[38;2;115;132;206m██[38;2;115;132;206m██[38;2;115;132;206m██[38;2;0;0;0m██            
          [38;2;0;0;0m██[38;2;156;230;255m██[38;2;156;230;255m██[38;2;115;132;206m██[38;2;65;65;65m██[38;2;115;132;206m██[38;2;115;132;206m██[38;2;115;132;206m██[38;2;115;132;206m██[38;2;90;99;156m██[38;2;115;132;206m██[38;2;115;132;206m██[38;2;115;132;206m██[38;2;0;0;0m██          
          [38;2;0;0;0m██[38;2;65;65;65m██[38;2;156;230;255m██[38;2;156;230;255m██[38;2;65;65;65m██[38;2;115;132;206m██[38;2;115;132;206m██[38;2;115;132;206m██[38;2;115;132;206m██[38;2;123;173;222m██[38;2;90;99;156m██[38;2;115;132;206m██[38;2;115;132;206m██[38;2;0;0;0m██          
            [38;2;0;0;0m██[38;2;65;65;65m██[38;2;123;173;222m██[38;2;123;173;222m██[38;2;65;65;65m██[38;2;115;132;206m██[38;2;115;132;206m██[38;2;90;99;156m██[38;2;123;173;222m██[38;2;90;99;156m██[38;2;115;132;206m██[38;2;115;132;206m██[38;2;0;0;0m██          
            [38;2;0;0;0m██[38;2;90;99;156m██[38;2;65;65;65m██[38;2;0;0;0m██[38;2;65;65;65m██[38;2;115;132;206m██[38;2;115;132;206m██[38;2;90;99;156m██[38;2;0;0;0m██[38;2;189;189;189m██[38;2;189;189;189m██[38;2;65;65;65m██[38;2;0;0;0m██          
              [38;2;0;0;0m██[38;2;0;0;0m██  [38;2;0;0;0m██[38;2;115;132;206m██[38;2;115;132;206m██[38;2;0;0;0m██  [38;2;0;0;0m██[38;2;0;0;0m██[38;2;0;0;0m██            
                  [38;2;0;0;0m██[38;2;255;255;255m██[38;2;255;255;255m██[38;2;65;65;65m██[38;2;0;0;0m██                    
                    [38;2;0;0;0m██[38;2;0;0;0m██[38;2;0;0;0m██                      
