            [38;2;0;0;0m██[38;2;0;0;0m██  [38;2;0;0;0m██[38;2;0;0;0m██                            
      [38;2;0;0;0m██  [38;2;0;0;0m██[38;2;247;247;41m██[38;2;0;0;0m██[38;2;0;0;0m██[38;2;255;90;82m██[38;2;0;0;0m██[38;2;0;0;0m██  [38;2;0;0;0m██[38;2;0;0;0m██  [38;2;0;0;0m██[38;2;0;0;0m██              
    [38;2;0;0;0m██[38;2;247;247;41m██[38;2;0;0;0m██[38;2;247;247;41m██[38;2;247;247;41m██[38;2;65;65;65m██[38;2;255;90;82m██[38;2;181;66;66m██[38;2;65;65;65m██[38;2;156;197;197m██[38;2;0;0;0m██[38;2;197;239;247m██[38;2;197;239;247m██[38;2;0;0;0m██[38;2;197;239;247m██[38;2;197;239;247m██[38;2;0;0;0m██            
  [38;2;0;0;0m██[38;2;247;247;41m██[38;2;206;148;49m██[38;2;247;247;41m██[38;2;247;247;41m██[38;2;206;148;49m██[38;2;65;65;65m██[38;2;65;65;65m██[38;2;65;65;65m██[38;2;247;247;41m██[38;2;65;65;65m██[38;2;197;239;247m██[38;2;197;239;247m██[38;2;197;239;247m██[38;2;156;197;197m██[38;2;197;239;247m██[38;2;197;239;247m██[38;2;197;239;247m██[38;2;0;0;0m██[38;2;0;0;0m██        
  [38;2;0;0;0m██[38;2;206;148;49m██[38;2;247;247;41m██[38;2;247;247;41m██[38;2;206;148;49m██[38;2;247;247;41m██[38;2;247;247;41m██[38;2;247;247;41m██[38;2;247;247;41m██[38;2;206;148;49m██[38;2;65;65;65m██[38;2;156;197;197m██[38;2;197;239;247m██[38;2;156;197;197m██[38;2;156;197;197m██[38;2;156;197;197m██[38;2;197;239;247m██[38;2;197;239;247m██[38;2;65;65;65m██[38;2;197;239;247m██[38;2;0;0;0m██      
    [38;2;0;0;0m██[38;2;247;247;41m██[38;2;247;247;41m██[38;2;247;247;41m██[38;2;247;247;41m██[38;2;206;148;49m██[38;2;206;148;49m██[38;2;206;148;49m██[38;2;181;66;66m██[38;2;65;65;65m██[38;2;156;197;197m██[38;2;156;197;197m██[38;2;65;65;65m██[38;2;65;65;65m██[38;2;156;197;197m██[38;2;65;65;65m██[38;2;65;65;65m██[38;2;197;239;247m██[38;2;197;239;247m██[38;2;0;0;0m██  [38;2;0;0;0m██  
  [38;2;0;0;0m██[38;2;255;255;255m██[38;2;247;247;41m██[38;2;206;148;49m██[38;2;206;148;49m██[38;2;206;148;49m██[38;2;197;206;214m██[38;2;181;66;66m██[38;2;255;90;82m██[38;2;255;90;82m██[38;2;181;66;66m██[38;2;65;65;65m██[38;2;65;65;65m██[38;2;197;206;214m██[38;2;65;65;65m██[38;2;65;65;65m██[38;2;197;206;214m██[38;2;65;65;65m██[38;2;156;197;197m██[38;2;197;239;247m██[38;2;197;239;247m██[38;2;0;0;0m██[38;2;197;239;247m██[38;2;0;0;0m██
[38;2;0;0;0m██[38;2;255;255;255m██[38;2;197;206;214m██[38;2;197;206;214m██[38;2;197;206;214m██[38;2;123;123;132m██[38;2;181;66;66m██[38;2;255;255;255m██[38;2;181;66;66m██[38;2;181;66;66m██[38;2;255;90;82m██[38;2;255;90;82m██[38;2;255;90;82m██[38;2;65;65;65m██[38;2;140;156;165m██[38;2;123;123;132m██[38;2;197;206;214m██[38;2;140;156;165m██[38;2;65;65;65m██[38;2;65;65;65m██[38;2;65;65;65m██[38;2;197;239;247m██[38;2;156;197;197m██[38;2;156;197;197m██[38;2;0;0;0m██
[38;2;0;0;0m██[38;2;197;206;214m██[38;2;197;206;214m██[38;2;206;148;49m██[38;2;197;206;214m██[38;2;197;206;214m██[38;2;65;65;65m██[38;2;255;90;82m██[38;2;255;90;82m██[38;2;255;90;82m██[38;2;181;66;66m██[38;2;181;66;66m██[38;2;255;90;82m██[38;2;255;90;82m██[38;2;65;65;65m██[38;2;140;156;165m██[38;2;140;156;165m██[38;2;123;123;132m██[38;2;140;156;165m██[38;2;197;206;214m██[38;2;65;65;65m██[38;2;156;197;197m██[38;2;0;0;0m██[38;2;0;0;0m██  
  [38;2;0;0;0m██[38;2;197;206;214m██[38;2;206;148;49m██[38;2;206;148;49m██[38;2;197;206;214m██[38;2;197;206;214m██[38;2;123;123;132m██[38;2;255;90;82m██[38;2;255;90;82m██[38;2;65;65;65m██[38;2;65;65;65m██[38;2;65;65;65m██[38;2;65;65;65m██[38;2;140;156;165m██[38;2;156;99;66m██[38;2;156;99;66m██[38;2;156;99;66m██[38;2;65;65;65m██[38;2;65;65;65m██[38;2;156;197;197m██[38;2;156;197;197m██[38;2;0;0;0m██    
  [38;2;0;0;0m██[38;2;197;206;214m██[38;2;65;65;65m██[38;2;206;148;49m██[38;2;197;206;214m██[38;2;197;206;214m██[38;2;123;123;132m██[38;2;255;90;82m██[38;2;255;90;82m██[38;2;65;65;65m██[38;2;197;123;74m██[38;2;65;65;65m██[38;2;156;99;66m██[38;2;156;99;66m██[38;2;197;123;74m██[38;2;197;123;74m██[38;2;197;123;74m██[38;2;197;123;74m██[38;2;65;65;65m██[38;2;0;0;0m██[38;2;0;0;0m██      
  [38;2;0;0;0m██[38;2;65;65;65m██[38;2;156;99;66m██[38;2;65;65;65m██[38;2;197;206;214m██[38;2;123;123;132m██[38;2;181;66;66m██[38;2;255;90;82m██[38;2;65;65;65m██[38;2;197;123;74m██[38;2;197;123;74m██[38;2;156;99;66m██[38;2;65;65;65m██[38;2;197;123;74m██[38;2;197;123;74m██[38;2;197;123;74m██[38;2;197;123;74m██[38;2;197;123;74m██[38;2;197;123;74m██[38;2;0;0;0m██        
  [38;2;0;0;0m██[38;2;197;123;74m██[38;2;156;99;66m██[38;2;206;148;49m██[38;2;197;206;214m██[38;2;65;65;65m██[38;2;65;65;65m██[38;2;255;90;82m██[38;2;65;65;65m██[38;2;197;123;74m██[38;2;197;123;74m██[38;2;197;123;74m██[38;2;65;65;65m██[38;2;197;123;74m██[38;2;197;123;74m██[38;2;197;123;74m██[38;2;156;99;66m██[38;2;197;123;74m██[38;2;197;123;74m██[38;2;0;0;0m██        
    [38;2;0;0;0m██[38;2;156;99;66m██[38;2;239;214;99m██[38;2;65;65;65m██[38;2;239;214;99m██[38;2;156;99;66m██[38;2;65;65;65m██[38;2;197;123;74m██[38;2;197;123;74m██[38;2;197;123;74m██[38;2;197;123;74m██[38;2;65;65;65m██[38;2;156;99;66m██[38;2;197;123;74m██[38;2;156;99;66m██[38;2;65;65;65m██[38;2;197;123;74m██[38;2;197;123;74m██[38;2;197;123;74m██[38;2;0;0;0m██      
    [38;2;0;0;0m██[38;2;197;123;74m██[38;2;156;99;66m██[38;2;140;156;165m██[38;2;206;148;49m██[38;2;197;206;214m██[38;2;65;65;65m██[38;2;197;123;74m██[38;2;197;123;74m██[38;2;197;123;74m██[38;2;197;123;74m██[38;2;197;123;74m██[38;2;65;65;65m██[38;2;156;99;66m██[38;2;0;0;0m██[38;2;0;0;0m██[38;2;0;0;0m██[38;2;197;123;74m██[38;2;197;123;74m██[38;2;156;99;66m██[38;2;0;0;0m██    
      [38;2;0;0;0m██[38;2;123;123;132m██[38;2;197;206;214m██[38;2;197;206;214m██[38;2;197;206;214m██[38;2;197;206;214m██[38;2;65;65;65m██[38;2;197;123;74m██[38;2;197;123;74m██[38;2;197;123;74m██[38;2;197;123;74m██[38;2;65;65;65m██[38;2;0;0;0m██      [38;2;0;0;0m██[38;2;65;65;65m██[38;2;65;65;65m██[38;2;0;0;0m██    
    [38;2;0;0;0m██[38;2;65;65;65m██[38;2;65;65;65m██[38;2;197;206;214m██[38;2;0;0;0m██[38;2;197;206;214m██[38;2;0;0;0m██[38;2;0;0;0m██[38;2;197;123;74m██[38;2;197;123;74m██[38;2;197;123;74m██[38;2;197;123;74m██[38;2;0;0;0m██      [38;2;0;0;0m██[38;2;156;99;66m██[38;2;156;99;66m██[38;2;156;99;66m██[38;2;156;99;66m██[38;2;0;0;0m██  
    [38;2;0;0;0m██[38;2;156;99;66m██[38;2;65;65;65m██[38;2;65;65;65m██[38;2;0;0;0m██[38;2;0;0;0m██  [38;2;0;0;0m██[38;2;197;123;74m██[38;2;65;65;65m██[38;2;197;123;74m██[38;2;65;65;65m██[38;2;0;0;0m██      [38;2;0;0;0m██[38;2;140;156;165m██[38;2;197;206;214m██[38;2;140;156;165m██[38;2;0;0;0m██    
  [38;2;0;0;0m██[38;2;156;99;66m██[38;2;156;99;66m██[38;2;156;99;66m██[38;2;156;99;66m██[38;2;0;0;0m██      [38;2;0;0;0m██[38;2;65;65;65m██[38;2;65;65;65m██[38;2;0;0;0m██          [38;2;0;0;0m██[38;2;0;0;0m██[38;2;0;0;0m██      
  [38;2;0;0;0m██[38;2;197;206;214m██[38;2;140;156;165m██[38;2;197;206;214m██[38;2;0;0;0m██      [38;2;0;0;0m██[38;2;65;65;65m██[38;2;65;65;65m██[38;2;65;65;65m██[38;2;0;0;0m██                      
    [38;2;0;0;0m██[38;2;0;0;0m██[38;2;0;0;0m██        [38;2;0;0;0m██[38;2;156;99;66m██[38;2;156;99;66m██[38;2;197;123;74m██[38;2;65;65;65m██[38;2;0;0;0m██                    
                [38;2;0;0;0m██[38;2;197;123;74m██[38;2;156;99;66m██[38;2;156;99;66m██[38;2;156;99;66m██[38;2;197;123;74m██[38;2;0;0;0m██                    
                [38;2;0;0;0m██[38;2;197;206;214m██[38;2;140;156;165m██[38;2;197;206;214m██[38;2;140;156;165m██[38;2;0;0;0m██                      
                  [38;2;0;0;0m██[38;2;0;0;0m██[38;2;0;0;0m██[38;2;0;0;0m██                        
