                [38;2;0;0;0m██[38;2;0;0;0m██[38;2;0;0;0m██[38;2;0;0;0m██                                        
    [38;2;0;0;0m██[38;2;0;0;0m██      [38;2;0;0;0m██[38;2;148;58;66m██[38;2;148;58;66m██[38;2;148;58;66m██[38;2;148;58;66m██[38;2;0;0;0m██[38;2;0;0;0m██[38;2;0;0;0m██[38;2;0;0;0m██  [38;2;0;0;0m██[38;2;0;0;0m██[38;2;0;0;0m██[38;2;0;0;0m██                      
    [38;2;0;0;0m██[38;2;82;148;206m██[38;2;0;0;0m██      [38;2;0;0;0m██[38;2;0;0;0m██[38;2;148;58;66m██[38;2;148;58;66m██[38;2;148;58;66m██[38;2;65;65;65m██[38;2;123;189;255m██[38;2;65;65;65m██[38;2;0;0;0m██[38;2;247;107;107m██[38;2;247;107;107m██[38;2;247;107;107m██[38;2;247;107;107m██[38;2;0;0;0m██[38;2;0;0;0m██                  
    [38;2;0;0;0m██[38;2;82;148;206m██[38;2;82;148;206m██[38;2;0;0;0m██        [38;2;0;0;0m██[38;2;148;58;66m██[38;2;65;65;65m██[38;2;123;189;255m██[38;2;123;189;255m██[38;2;65;65;65m██[38;2;148;58;66m██[38;2;65;65;65m██[38;2;189;74;82m██[38;2;189;74;82m██[38;2;189;74;82m██[38;2;247;107;107m██[38;2;247;107;107m██[38;2;0;0;0m██[38;2;0;0;0m██              
      [38;2;0;0;0m██[38;2;82;148;206m██[38;2;82;148;206m██[38;2;0;0;0m██[38;2;0;0;0m██  [38;2;0;0;0m██[38;2;0;0;0m██[38;2;65;65;65m██[38;2;82;148;206m██[38;2;123;189;255m██[38;2;65;65;65m██[38;2;148;58;66m██[38;2;148;58;66m██[38;2;148;58;66m██[38;2;65;65;65m██[38;2;189;74;82m██[38;2;189;74;82m██[38;2;189;74;82m██[38;2;189;74;82m██[38;2;247;107;107m██[38;2;247;107;107m██[38;2;0;0;0m██            
      [38;2;0;0;0m██[38;2;189;74;82m██[38;2;189;74;82m██[38;2;123;189;255m██[38;2;65;65;65m██[38;2;0;0;0m██[38;2;247;107;107m██[38;2;247;107;107m██[38;2;65;65;65m██[38;2;123;189;255m██[38;2;123;189;255m██[38;2;65;65;65m██[38;2;148;58;66m██[38;2;148;58;66m██[38;2;148;58;66m██[38;2;65;65;65m██[38;2;189;74;82m██[38;2;189;74;82m██[38;2;189;74;82m██[38;2;189;74;82m██[38;2;189;74;82m██[38;2;189;74;82m██[38;2;247;107;107m██[38;2;0;0;0m██          
    [38;2;0;0;0m██[38;2;148;58;66m██[38;2;123;189;255m██[38;2;123;189;255m██[38;2;65;65;65m██[38;2;247;107;107m██[38;2;247;107;107m██[38;2;247;107;107m██[38;2;65;65;65m██[38;2;123;189;255m██[38;2;123;189;255m██[38;2;65;65;65m██[38;2;148;58;66m██[38;2;148;58;66m██[38;2;148;58;66m██[38;2;148;58;66m██[38;2;148;58;66m██[38;2;65;65;65m██[38;2;189;74;82m██[38;2;189;74;82m██[38;2;189;74;82m██[38;2;189;74;82m██[38;2;189;74;82m██[38;2;189;74;82m██[38;2;189;74;82m██[38;2;0;0;0m██        
    [38;2;0;0;0m██[38;2;123;189;255m██[38;2;123;189;255m██[38;2;65;65;65m██[38;2;189;74;82m██[38;2;189;74;82m██[38;2;189;189;189m██[38;2;189;74;82m██[38;2;123;189;255m██[38;2;123;189;255m██[38;2;123;189;255m██[38;2;65;65;65m██[38;2;148;58;66m██[38;2;148;58;66m██[38;2;0;0;0m██[38;2;0;0;0m██[38;2;0;0;0m██[38;2;65;65;65m██[38;2;189;74;82m██[38;2;189;74;82m██[38;2;189;74;82m██[38;2;189;74;82m██[38;2;189;74;82m██[38;2;189;74;82m██[38;2;189;74;82m██[38;2;189;74;82m██[38;2;0;0;0m██      
  [38;2;0;0;0m██[38;2;123;189;255m██[38;2;123;189;255m██[38;2;123;189;255m██[38;2;189;189;189m██[38;2;0;0;0m██[38;2;255;255;255m██[38;2;255;255;255m██[38;2;123;189;255m██[38;2;123;189;255m██[38;2;58;115;156m██[38;2;58;115;156m██[38;2;58;115;156m██[38;2;65;65;65m██[38;2;0;0;0m██      [38;2;0;0;0m██[38;2;189;74;82m██[38;2;189;74;82m██[38;2;189;74;82m██[38;2;189;74;82m██[38;2;189;74;82m██[38;2;189;74;82m██[38;2;189;74;82m██[38;2;189;74;82m██[38;2;0;0;0m██      
[38;2;0;0;0m██[38;2;123;189;255m██[38;2;123;189;255m██[38;2;58;115;156m██[38;2;123;189;255m██[38;2;123;189;255m██[38;2;123;189;255m██[38;2;123;189;255m██[38;2;123;189;255m██[38;2;123;189;255m██[38;2;123;189;255m██[38;2;123;189;255m██[38;2;123;189;255m██[38;2;123;189;255m██[38;2;123;189;255m██[38;2;123;189;255m██[38;2;0;0;0m██  [38;2;0;0;0m██[38;2;247;107;107m██[38;2;189;74;82m██[38;2;189;74;82m██[38;2;189;74;82m██[38;2;0;0;0m██[38;2;0;0;0m██[38;2;0;0;0m██[38;2;189;74;82m██[38;2;189;74;82m██[38;2;189;74;82m██[38;2;0;0;0m██    
  [38;2;0;0;0m██[38;2;58;115;156m██[38;2;82;148;206m██[38;2;82;148;206m██[38;2;58;115;156m██[38;2;65;65;65m██[38;2;65;65;65m██[38;2;123;189;255m██[38;2;123;189;255m██[38;2;123;189;255m██[38;2;65;65;65m██[38;2;65;65;65m██[38;2;65;65;65m██[38;2;65;65;65m██[38;2;0;0;0m██  [38;2;0;0;0m██[38;2;0;0;0m██[38;2;189;74;82m██[38;2;189;74;82m██[38;2;189;74;82m██[38;2;0;0;0m██      [38;2;0;0;0m██[38;2;0;0;0m██[38;2;189;74;82m██[38;2;0;0;0m██    
    [38;2;0;0;0m██[38;2;0;0;0m██[38;2;189;189;189m██[38;2;189;189;189m██[38;2;189;189;189m██[38;2;189;189;189m██[38;2;65;65;65m██[38;2;123;189;255m██[38;2;123;189;255m██[38;2;65;65;65m██[38;2;82;148;206m██[38;2;82;148;206m██[38;2;65;65;65m██[38;2;148;58;66m██[38;2;0;0;0m██[38;2;65;65;65m██[38;2;189;74;82m██[38;2;189;74;82m██[38;2;189;74;82m██[38;2;65;65;65m██[38;2;0;0;0m██[38;2;0;0;0m██        [38;2;0;0;0m██[38;2;0;0;0m██    
        [38;2;0;0;0m██[38;2;0;0;0m██[38;2;0;0;0m██[38;2;0;0;0m██[38;2;65;65;65m██[38;2;65;65;65m██[38;2;123;189;255m██[38;2;82;148;206m██[38;2;65;65;65m██[38;2;123;189;255m██[38;2;123;189;255m██[38;2;65;65;65m██[38;2;65;65;65m██[38;2;123;189;255m██[38;2;189;74;82m██[38;2;189;74;82m██[38;2;65;65;65m██[38;2;123;189;255m██[38;2;123;189;255m██[38;2;123;189;255m██[38;2;0;0;0m██[38;2;0;0;0m██[38;2;0;0;0m██[38;2;0;0;0m██        
                [38;2;0;0;0m██[38;2;82;148;206m██[38;2;65;65;65m██[38;2;123;189;255m██[38;2;65;65;65m██[38;2;148;58;66m██[38;2;123;189;255m██[38;2;123;189;255m██[38;2;123;189;255m██[38;2;123;189;255m██[38;2;65;65;65m██[38;2;65;65;65m██[38;2;123;189;255m██[38;2;123;189;255m██[38;2;123;189;255m██[38;2;123;189;255m██[38;2;123;189;255m██[38;2;123;189;255m██[38;2;65;65;65m██[38;2;58;115;156m██[38;2;0;0;0m██[38;2;0;0;0m██[38;2;0;0;0m██  
              [38;2;0;0;0m██[38;2;82;148;206m██[38;2;82;148;206m██[38;2;82;148;206m██[38;2;65;65;65m██[38;2;65;65;65m██[38;2;189;74;82m██[38;2;148;58;66m██[38;2;123;189;255m██[38;2;123;189;255m██[38;2;123;189;255m██[38;2;123;189;255m██[38;2;123;189;255m██[38;2;123;189;255m██[38;2;123;189;255m██[38;2;123;189;255m██[38;2;123;189;255m██[38;2;123;189;255m██[38;2;123;189;255m██[38;2;123;189;255m██[38;2;65;65;65m██[38;2;58;115;156m██[38;2;58;115;156m██[38;2;58;115;156m██[38;2;0;0;0m██
            [38;2;0;0;0m██[38;2;82;148;206m██[38;2;82;148;206m██[38;2;58;115;156m██[38;2;58;115;156m██[38;2;132;132;132m██[38;2;58;115;156m██[38;2;58;115;156m██[38;2;123;189;255m██[38;2;123;189;255m██[38;2;123;189;255m██[38;2;123;189;255m██[38;2;123;189;255m██[38;2;123;189;255m██[38;2;58;115;156m██[38;2;123;189;255m██[38;2;123;189;255m██[38;2;189;74;82m██[38;2;123;189;255m██[38;2;123;189;255m██[38;2;123;189;255m██[38;2;65;65;65m██[38;2;58;115;156m██[38;2;58;115;156m██[38;2;148;58;66m██[38;2;0;0;0m██
          [38;2;0;0;0m██[38;2;82;148;206m██[38;2;82;148;206m██[38;2;82;148;206m██[38;2;65;65;65m██[38;2;189;189;189m██[38;2;132;132;132m██[38;2;255;255;255m██[38;2;132;132;132m██[38;2;58;115;156m██[38;2;58;115;156m██[38;2;123;189;255m██[38;2;123;189;255m██[38;2;123;189;255m██[38;2;123;189;255m██[38;2;123;189;255m██[38;2;65;65;65m██[38;2;82;148;206m██[38;2;148;58;66m██[38;2;189;74;82m██[38;2;123;189;255m██[38;2;82;148;206m██[38;2;82;148;206m██[38;2;65;65;65m██[38;2;0;0;0m██[38;2;0;0;0m██  
          [38;2;0;0;0m██[38;2;82;148;206m██[38;2;82;148;206m██[38;2;82;148;206m██[38;2;148;58;66m██[38;2;0;0;0m██[38;2;132;132;132m██[38;2;255;255;255m██[38;2;132;132;132m██[38;2;255;255;255m██[38;2;255;255;255m██[38;2;65;65;65m██[38;2;123;189;255m██[38;2;123;189;255m██[38;2;123;189;255m██[38;2;123;189;255m██[38;2;65;65;65m██[38;2;0;0;0m██[38;2;0;0;0m██[38;2;189;74;82m██[38;2;82;148;206m██[38;2;82;148;206m██[38;2;82;148;206m██[38;2;0;0;0m██      
        [38;2;0;0;0m██[38;2;189;189;189m██[38;2;189;189;189m██[38;2;82;148;206m██[38;2;0;0;0m██[38;2;0;0;0m██  [38;2;0;0;0m██[38;2;0;0;0m██[38;2;255;255;255m██[38;2;132;132;132m██[38;2;255;255;255m██[38;2;65;65;65m██[38;2;123;189;255m██[38;2;123;189;255m██[38;2;123;189;255m██[38;2;123;189;255m██[38;2;0;0;0m██    [38;2;0;0;0m██[38;2;189;189;189m██[38;2;58;115;156m██[38;2;189;189;189m██[38;2;0;0;0m██      
          [38;2;0;0;0m██[38;2;0;0;0m██[38;2;0;0;0m██          [38;2;0;0;0m██[38;2;0;0;0m██[38;2;0;0;0m██[38;2;0;0;0m██[38;2;65;65;65m██[38;2;123;189;255m██[38;2;123;189;255m██[38;2;123;189;255m██[38;2;123;189;255m██[38;2;0;0;0m██    [38;2;0;0;0m██[38;2;0;0;0m██[38;2;0;0;0m██        
                                  [38;2;0;0;0m██[38;2;123;189;255m██[38;2;123;189;255m██[38;2;123;189;255m██[38;2;123;189;255m██[38;2;0;0;0m██                  
                                    [38;2;0;0;0m██[38;2;255;255;255m██[38;2;58;115;156m██[38;2;255;255;255m██[38;2;0;0;0m██                  
                                      [38;2;0;0;0m██[38;2;0;0;0m██[38;2;0;0;0m██                    
