            [38;2;0;0;0m██[38;2;0;0;0m██                                        
          [38;2;0;0;0m██[38;2;156;230;148m██[38;2;115;197;115m██[38;2;0;0;0m██      [38;2;0;0;0m██[38;2;0;0;0m██[38;2;0;0;0m██                          
          [38;2;0;0;0m██[38;2;156;230;148m██[38;2;115;197;115m██[38;2;74;156;82m██[38;2;0;0;0m██[38;2;0;0;0m██[38;2;0;0;0m██[38;2;156;230;148m██[38;2;156;230;148m██[38;2;156;230;148m██[38;2;0;0;0m██                        
        [38;2;0;0;0m██[38;2;156;230;148m██[38;2;115;197;115m██[38;2;115;197;115m██[38;2;115;197;115m██[38;2;74;156;82m██[38;2;156;230;148m██[38;2;156;230;148m██[38;2;156;230;148m██[38;2;156;230;148m██[38;2;115;197;115m██[38;2;0;0;0m██                        
        [38;2;0;0;0m██[38;2;156;230;148m██[38;2;115;197;115m██[38;2;115;197;115m██[38;2;74;156;82m██[38;2;156;230;148m██[38;2;156;230;148m██[38;2;156;230;148m██[38;2;115;197;115m██[38;2;115;197;115m██[38;2;74;156;82m██[38;2;0;0;0m██                        
      [38;2;0;0;0m██[38;2;156;230;148m██[38;2;115;197;115m██[38;2;115;197;115m██[38;2;74;156;82m██[38;2;156;230;148m██[38;2;156;230;148m██[38;2;115;197;115m██[38;2;173;74;82m██[38;2;115;197;115m██[38;2;115;197;115m██[38;2;0;0;0m██                          
      [38;2;0;0;0m██[38;2;156;230;148m██[38;2;115;197;115m██[38;2;156;230;148m██[38;2;156;230;148m██[38;2;115;197;115m██[38;2;65;65;65m██[38;2;247;230;41m██[38;2;230;82;90m██[38;2;115;197;115m██[38;2;74;156;82m██[38;2;0;0;0m██                          
      [38;2;0;0;0m██[38;2;156;230;148m██[38;2;156;230;148m██[38;2;156;230;148m██[38;2;156;230;148m██[38;2;247;230;41m██[38;2;0;0;0m██[38;2;247;230;41m██[38;2;230;82;90m██[38;2;115;197;115m██[38;2;0;0;0m██                            
      [38;2;0;0;0m██[38;2;115;197;115m██[38;2;74;156;82m██[38;2;156;230;148m██[38;2;115;197;115m██[38;2;115;197;115m██[38;2;255;173;82m██[38;2;230;82;90m██[38;2;74;156;82m██[38;2;74;156;82m██[38;2;0;0;0m██                            
        [38;2;0;0;0m██[38;2;0;0;0m██[38;2;230;82;90m██[38;2;230;82;90m██[38;2;230;82;90m██[38;2;230;82;90m██[38;2;173;74;82m██[38;2;74;156;82m██[38;2;65;65;65m██[38;2;247;230;41m██[38;2;0;0;0m██                          
    [38;2;0;0;0m██[38;2;0;0;0m██    [38;2;0;0;0m██[38;2;0;0;0m██[38;2;230;82;90m██[38;2;173;74;82m██[38;2;74;156;82m██[38;2;74;156;82m██[38;2;65;65;65m██[38;2;255;173;82m██[38;2;0;0;0m██                          
    [38;2;0;0;0m██[38;2;115;197;115m██[38;2;0;0;0m██      [38;2;0;0;0m██[38;2;65;65;65m██[38;2;74;156;82m██[38;2;115;197;115m██[38;2;74;156;82m██[38;2;65;65;65m██[38;2;0;0;0m██[38;2;0;0;0m██                        
[38;2;0;0;0m██[38;2;0;0;0m██[38;2;0;0;0m██[38;2;115;197;115m██[38;2;0;0;0m██  [38;2;0;0;0m██[38;2;0;0;0m██[38;2;74;156;82m██[38;2;66;107;66m██[38;2;74;156;82m██[38;2;115;197;115m██[38;2;115;197;115m██[38;2;115;197;115m██[38;2;65;65;65m██[38;2;247;230;41m██[38;2;0;0;0m██  [38;2;0;0;0m██[38;2;0;0;0m██    [38;2;0;0;0m██[38;2;0;0;0m██[38;2;0;0;0m██[38;2;0;0;0m██    
[38;2;0;0;0m██[38;2;74;156;82m██[38;2;66;107;66m██[38;2;65;65;65m██[38;2;74;156;82m██[38;2;0;0;0m██[38;2;74;156;82m██[38;2;74;156;82m██[38;2;0;0;0m██[38;2;0;0;0m██[38;2;115;197;115m██[38;2;115;197;115m██[38;2;66;107;66m██[38;2;65;65;65m██[38;2;115;197;115m██[38;2;65;65;65m██[38;2;0;0;0m██[38;2;0;0;0m██[38;2;156;230;148m██[38;2;0;0;0m██[38;2;0;0;0m██[38;2;0;0;0m██[38;2;115;197;115m██[38;2;65;65;65m██[38;2;115;197;115m██[38;2;0;0;0m██    
  [38;2;0;0;0m██[38;2;0;0;0m██[38;2;156;230;148m██[38;2;115;197;115m██[38;2;74;156;82m██[38;2;0;0;0m██[38;2;0;0;0m██  [38;2;0;0;0m██[38;2;115;197;115m██[38;2;74;156;82m██[38;2;74;156;82m██[38;2;66;107;66m██[38;2;65;65;65m██[38;2;115;197;115m██[38;2;65;65;65m██[38;2;74;156;82m██[38;2;156;230;148m██[38;2;65;65;65m██[38;2;115;197;115m██[38;2;65;65;65m██[38;2;115;197;115m██[38;2;65;65;65m██[38;2;74;156;82m██[38;2;0;0;0m██[38;2;0;0;0m██[38;2;0;0;0m██
    [38;2;0;0;0m██[38;2;156;230;148m██[38;2;0;0;0m██[38;2;115;197;115m██[38;2;0;0;0m██    [38;2;0;0;0m██[38;2;74;156;82m██[38;2;74;156;82m██[38;2;115;197;115m██[38;2;74;156;82m██[38;2;66;107;66m██[38;2;115;197;115m██[38;2;74;156;82m██[38;2;156;230;148m██[38;2;65;65;65m██[38;2;65;65;65m██[38;2;65;65;65m██[38;2;65;65;65m██[38;2;74;156;82m██[38;2;65;65;65m██[38;2;65;65;65m██[38;2;115;197;115m██[38;2;115;197;115m██[38;2;0;0;0m██
      [38;2;0;0;0m██  [38;2;0;0;0m██    [38;2;0;0;0m██[38;2;74;156;82m██[38;2;115;197;115m██[38;2;115;197;115m██[38;2;115;197;115m██[38;2;115;197;115m██[38;2;74;156;82m██[38;2;65;65;65m██[38;2;115;197;115m██[38;2;65;65;65m██[38;2;115;197;115m██[38;2;156;230;148m██[38;2;156;230;148m██[38;2;65;65;65m██[38;2;65;65;65m██[38;2;115;197;115m██[38;2;115;197;115m██[38;2;65;65;65m██[38;2;0;0;0m██  
              [38;2;0;0;0m██[38;2;65;65;65m██[38;2;115;197;115m██[38;2;115;197;115m██[38;2;115;197;115m██[38;2;115;197;115m██[38;2;115;197;115m██[38;2;65;65;65m██[38;2;156;230;148m██[38;2;115;197;115m██[38;2;156;230;148m██[38;2;65;65;65m██[38;2;65;65;65m██[38;2;65;65;65m██[38;2;115;197;115m██[38;2;115;197;115m██[38;2;65;65;65m██[38;2;65;65;65m██[38;2;74;156;82m██[38;2;0;0;0m██  
            [38;2;0;0;0m██[38;2;115;197;115m██[38;2;66;107;66m██[38;2;230;82;90m██[38;2;115;197;115m██[38;2;115;197;115m██[38;2;115;197;115m██[38;2;230;82;90m██[38;2;65;65;65m██[38;2;156;230;148m██[38;2;65;65;65m██[38;2;156;230;148m██[38;2;65;65;65m██[38;2;115;197;115m██[38;2;115;197;115m██[38;2;65;65;65m██[38;2;65;65;65m██[38;2;74;156;82m██[38;2;65;65;65m██[38;2;0;0;0m██    
            [38;2;0;0;0m██[38;2;115;197;115m██[38;2;66;107;66m██[38;2;74;156;82m██[38;2;230;82;90m██[38;2;230;82;90m██[38;2;230;82;90m██[38;2;173;74;82m██[38;2;66;107;66m██[38;2;65;65;65m██[38;2;74;156;82m██[38;2;65;65;65m██[38;2;115;197;115m██[38;2;65;65;65m██[38;2;65;65;65m██[38;2;74;156;82m██[38;2;65;65;65m██[38;2;74;156;82m██[38;2;0;0;0m██      
              [38;2;0;0;0m██[38;2;74;156;82m██[38;2;66;107;66m██[38;2;74;156;82m██[38;2;74;156;82m██[38;2;74;156;82m██[38;2;74;156;82m██[38;2;66;107;66m██[38;2;74;156;82m██[38;2;115;197;115m██[38;2;115;197;115m██[38;2;115;197;115m██[38;2;66;107;66m██[38;2;74;156;82m██[38;2;74;156;82m██[38;2;0;0;0m██[38;2;0;0;0m██        
            [38;2;0;0;0m██[38;2;65;65;65m██[38;2;66;107;66m██[38;2;74;156;82m██[38;2;66;107;66m██[38;2;0;0;0m██[38;2;0;0;0m██[38;2;0;0;0m██[38;2;0;0;0m██[38;2;74;156;82m██[38;2;115;197;115m██[38;2;115;197;115m██[38;2;74;156;82m██[38;2;0;0;0m██[38;2;0;0;0m██[38;2;0;0;0m██            
          [38;2;0;0;0m██[38;2;115;197;115m██[38;2;74;156;82m██[38;2;115;197;115m██[38;2;74;156;82m██[38;2;0;0;0m██        [38;2;0;0;0m██[38;2;74;156;82m██[38;2;74;156;82m██[38;2;0;0;0m██                  
            [38;2;0;0;0m██[38;2;0;0;0m██[38;2;0;0;0m██[38;2;0;0;0m██            [38;2;0;0;0m██[38;2;74;156;82m██[38;2;66;107;66m██[38;2;0;0;0m██                
                              [38;2;0;0;0m██[38;2;74;156;82m██[38;2;156;230;148m██[38;2;74;156;82m██[38;2;156;230;148m██[38;2;0;0;0m██              
                                [38;2;0;0;0m██[38;2;0;0;0m██[38;2;0;0;0m██[38;2;0;0;0m██                
