                [38;2;0;0;0m██                  
              [38;2;0;0;0m██[38;2;230;246;246m██[38;2;0;0;0m██                
      [38;2;0;0;0m██[38;2;0;0;0m██    [38;2;0;0;0m██[38;2;230;246;246m██[38;2;0;0;0m██                
      [38;2;0;0;0m██[38;2;180;197;197m██[38;2;0;0;0m██[38;2;0;0;0m██[38;2;180;197;197m██[38;2;230;246;246m██[38;2;180;197;197m██[38;2;0;0;0m██  [38;2;0;0;0m██[38;2;0;0;0m██[38;2;0;0;0m██      
      [38;2;0;0;0m██[38;2;180;197;197m██[38;2;180;197;197m██[38;2;65;65;65m██[38;2;230;246;246m██[38;2;230;246;246m██[38;2;230;246;246m██[38;2;0;0;0m██[38;2;0;0;0m██[38;2;180;197;197m██[38;2;230;246;246m██[38;2;0;0;0m██      
        [38;2;0;0;0m██[38;2;180;197;197m██[38;2;123;156;156m██[38;2;180;197;197m██[38;2;230;246;246m██[38;2;65;65;65m██[38;2;230;246;246m██[38;2;230;246;246m██[38;2;230;246;246m██[38;2;0;0;0m██        
      [38;2;0;0;0m██[38;2;0;0;0m██[38;2;180;197;197m██[38;2;230;246;246m██[38;2;230;246;246m██[38;2;230;246;246m██[38;2;123;156;156m██[38;2;230;246;246m██[38;2;230;246;246m██[38;2;0;0;0m██          
  [38;2;0;0;0m██[38;2;0;0;0m██[38;2;180;197;197m██[38;2;180;197;197m██[38;2;230;246;246m██[38;2;230;246;246m██[38;2;255;255;255m██[38;2;255;255;255m██[38;2;230;246;246m██[38;2;230;246;246m██[38;2;123;156;156m██[38;2;180;197;197m██[38;2;0;0;0m██[38;2;0;0;0m██      
[38;2;0;0;0m██[38;2;180;197;197m██[38;2;180;197;197m██[38;2;180;197;197m██[38;2;180;197;197m██[38;2;65;65;65m██[38;2;180;197;197m██[38;2;255;255;255m██[38;2;255;255;255m██[38;2;255;255;255m██[38;2;230;246;246m██[38;2;230;246;246m██[38;2;65;65;65m██[38;2;180;197;197m██[38;2;180;197;197m██[38;2;0;0;0m██    
  [38;2;0;0;0m██[38;2;0;0;0m██[38;2;180;197;197m██[38;2;65;65;65m██[38;2;230;246;246m██[38;2;230;246;246m██[38;2;230;246;246m██[38;2;180;197;197m██[38;2;255;255;255m██[38;2;230;246;246m██[38;2;230;246;246m██[38;2;230;246;246m██[38;2;65;65;65m██[38;2;0;0;0m██      
      [38;2;0;0;0m██[38;2;230;246;246m██[38;2;230;246;246m██[38;2;65;65;65m██[38;2;65;65;65m██[38;2;255;255;255m██[38;2;230;246;246m██[38;2;230;246;246m██[38;2;230;246;246m██[38;2;230;246;246m██[38;2;230;246;246m██[38;2;230;246;246m██[38;2;0;0;0m██    
      [38;2;0;0;0m██[38;2;65;65;65m██[38;2;65;65;65m██[38;2;180;197;197m██[38;2;180;197;197m██[38;2;230;246;246m██[38;2;180;197;197m██[38;2;230;246;246m██[38;2;123;156;156m██[38;2;123;156;156m██[38;2;0;0;0m██[38;2;0;0;0m██      
    [38;2;0;0;0m██[38;2;180;197;197m██[38;2;180;197;197m██[38;2;123;156;156m██[38;2;180;197;197m██[38;2;180;197;197m██[38;2;65;65;65m██[38;2;230;246;246m██[38;2;230;246;246m██[38;2;230;246;246m██[38;2;0;0;0m██          
    [38;2;0;0;0m██[38;2;0;0;0m██[38;2;0;0;0m██[38;2;65;65;65m██[38;2;180;197;197m██[38;2;65;65;65m██[38;2;65;65;65m██[38;2;65;65;65m██[38;2;230;246;246m██[38;2;230;246;246m██[38;2;0;0;0m██          
          [38;2;0;0;0m██[38;2;65;65;65m██[38;2;65;65;65m██[38;2;98;98;98m██[38;2;98;98;98m██[38;2;65;65;65m██[38;2;230;246;246m██[38;2;0;0;0m██          
          [38;2;0;0;0m██[38;2;180;197;197m██[38;2;98;98;98m██[38;2;98;98;98m██[38;2;98;98;98m██[38;2;98;98;98m██[38;2;65;65;65m██[38;2;98;98;98m██[38;2;0;0;0m██[38;2;0;0;0m██      
      [38;2;0;0;0m██[38;2;0;0;0m██  [38;2;0;0;0m██[38;2;98;98;98m██[38;2;65;65;65m██[38;2;98;98;98m██[38;2;98;98;98m██[38;2;98;98;98m██[38;2;98;98;98m██[38;2;180;197;197m██[38;2;230;246;246m██[38;2;0;0;0m██    
      [38;2;0;0;0m██[38;2;180;197;197m██[38;2;0;0;0m██[38;2;0;0;0m██[38;2;98;98;98m██[38;2;65;65;65m██[38;2;98;98;98m██[38;2;98;98;98m██[38;2;65;65;65m██[38;2;230;246;246m██[38;2;0;0;0m██[38;2;0;0;0m██      
        [38;2;0;0;0m██[38;2;180;197;197m██[38;2;98;98;98m██[38;2;65;65;65m██[38;2;180;197;197m██[38;2;65;65;65m██[38;2;98;98;98m██[38;2;65;65;65m██[38;2;98;98;98m██[38;2;0;0;0m██  [38;2;0;0;0m██[38;2;0;0;0m██  
          [38;2;0;0;0m██[38;2;98;98;98m██[38;2;65;65;65m██[38;2;98;98;98m██[38;2;65;65;65m██[38;2;230;246;246m██[38;2;65;65;65m██[38;2;65;65;65m██[38;2;65;65;65m██[38;2;0;0;0m██[38;2;230;246;246m██[38;2;230;246;246m██[38;2;0;0;0m██
        [38;2;0;0;0m██[38;2;230;156;82m██[38;2;0;0;0m██[38;2;180;197;197m██[38;2;65;65;65m██[38;2;98;98;98m██[38;2;98;98;98m██[38;2;0;0;0m██[38;2;0;0;0m██[38;2;65;65;65m██[38;2;230;246;246m██[38;2;65;65;65m██[38;2;0;0;0m██  
      [38;2;0;0;0m██[38;2;172;123;82m██[38;2;172;123;82m██[38;2;0;0;0m██[38;2;98;98;98m██[38;2;65;65;65m██[38;2;98;98;98m██[38;2;65;65;65m██[38;2;0;0;0m██  [38;2;0;0;0m██[38;2;65;65;65m██[38;2;230;156;82m██[38;2;0;0;0m██  
      [38;2;0;0;0m██[38;2;230;156;82m██[38;2;0;0;0m██[38;2;0;0;0m██[38;2;65;65;65m██[38;2;230;246;246m██[38;2;230;246;246m██[38;2;0;0;0m██    [38;2;0;0;0m██[38;2;230;156;82m██[38;2;172;123;82m██[38;2;230;156;82m██[38;2;0;0;0m██
      [38;2;0;0;0m██[38;2;0;0;0m██    [38;2;0;0;0m██[38;2;98;98;98m██[38;2;98;98;98m██[38;2;0;0;0m██      [38;2;0;0;0m██[38;2;230;156;82m██[38;2;172;123;82m██[38;2;0;0;0m██
              [38;2;0;0;0m██[38;2;65;65;65m██[38;2;98;98;98m██[38;2;65;65;65m██[38;2;0;0;0m██[38;2;0;0;0m██  [38;2;0;0;0m██[38;2;230;156;82m██[38;2;0;0;0m██  
                [38;2;0;0;0m██[38;2;180;197;197m██[38;2;180;197;197m██[38;2;65;65;65m██[38;2;172;123;82m██[38;2;0;0;0m██  [38;2;0;0;0m██    
              [38;2;0;0;0m██[38;2;65;65;65m██[38;2;98;98;98m██[38;2;98;98;98m██[38;2;0;0;0m██[38;2;0;0;0m██          
            [38;2;0;0;0m██[38;2;230;156;82m██[38;2;98;98;98m██[38;2;230;156;82m██[38;2;0;0;0m██              
              [38;2;0;0;0m██[38;2;0;0;0m██[38;2;0;0;0m██                
