                                                  [38;2;0;0;0m██[38;2;0;0;0m██[38;2;0;0;0m██[38;2;0;0;0m██[38;2;0;0;0m██
                                        [38;2;0;0;0m██  [38;2;0;0;0m██[38;2;0;0;0m██[38;2;0;0;0m██[38;2;132;132;140m██[38;2;53;53;53m██[38;2;132;132;140m██[38;2;132;132;140m██[38;2;0;0;0m██
                                      [38;2;0;0;0m██[38;2;132;132;140m██[38;2;0;0;0m██[38;2;99;99;99m██[38;2;132;132;140m██[38;2;132;132;140m██[38;2;99;99;99m██[38;2;132;132;140m██[38;2;132;132;140m██[38;2;0;0;0m██  
                                [38;2;0;0;0m██[38;2;0;0;0m██  [38;2;0;0;0m██[38;2;132;132;140m██[38;2;132;132;140m██[38;2;132;132;140m██[38;2;132;132;140m██[38;2;132;132;140m██[38;2;132;132;140m██[38;2;132;132;140m██[38;2;132;132;140m██[38;2;0;0;0m██  
                            [38;2;0;0;0m██[38;2;0;0;0m██[38;2;53;53;53m██[38;2;65;65;65m██[38;2;0;0;0m██[38;2;132;132;140m██[38;2;0;0;0m██[38;2;0;0;0m██[38;2;0;0;0m██[38;2;132;132;140m██[38;2;132;132;140m██[38;2;132;132;140m██[38;2;132;132;140m██[38;2;132;132;140m██[38;2;0;0;0m██  
                          [38;2;0;0;0m██[38;2;53;53;53m██[38;2;65;65;65m██[38;2;65;65;65m██[38;2;65;65;65m██[38;2;0;0;0m██[38;2;0;0;0m██[38;2;53;53;53m██[38;2;65;65;65m██[38;2;53;53;53m██[38;2;0;0;0m██[38;2;132;132;140m██[38;2;132;132;140m██[38;2;0;0;0m██[38;2;0;0;0m██    
                        [38;2;0;0;0m██[38;2;65;65;65m██[38;2;65;65;65m██[38;2;53;53;53m██[38;2;53;53;53m██[38;2;0;0;0m██[38;2;53;53;53m██[38;2;65;65;65m██[38;2;65;65;65m██[38;2;65;65;65m██[38;2;65;65;65m██[38;2;0;0;0m██[38;2;132;132;140m██[38;2;0;0;0m██        
                      [38;2;0;0;0m██[38;2;0;0;0m██[38;2;0;0;0m██[38;2;0;0;0m██[38;2;53;53;53m██[38;2;0;0;0m██[38;2;53;53;53m██[38;2;65;65;65m██[38;2;53;53;53m██[38;2;53;53;53m██[38;2;65;65;65m██[38;2;0;0;0m██[38;2;132;132;140m██[38;2;132;132;140m██[38;2;0;0;0m██        
            [38;2;0;0;0m██[38;2;0;0;0m██[38;2;0;0;0m██[38;2;0;0;0m██[38;2;0;0;0m██[38;2;53;53;53m██[38;2;53;53;53m██[38;2;0;0;0m██[38;2;65;65;65m██[38;2;255;66;58m██[38;2;0;0;0m██[38;2;0;0;0m██[38;2;0;0;0m██[38;2;0;0;0m██[38;2;65;65;65m██[38;2;65;65;65m██[38;2;53;53;53m██[38;2;132;132;140m██[38;2;53;53;53m██[38;2;65;65;65m██[38;2;0;0;0m██      
        [38;2;0;0;0m██[38;2;0;0;0m██[38;2;65;65;65m██[38;2;65;65;65m██[38;2;65;65;65m██[38;2;65;65;65m██[38;2;53;53;53m██[38;2;53;53;53m██[38;2;140;66;74m██[38;2;0;0;0m██[38;2;189;58;66m██[38;2;140;66;74m██[38;2;65;65;65m██[38;2;65;65;65m██[38;2;255;255;255m██[38;2;82;181;247m██[38;2;255;66;58m██[38;2;53;53;53m██[38;2;132;132;140m██[38;2;53;53;53m██[38;2;65;65;65m██[38;2;65;65;65m██[38;2;65;65;65m██[38;2;0;0;0m██    
    [38;2;0;0;0m██[38;2;0;0;0m██[38;2;53;53;53m██[38;2;189;58;66m██[38;2;189;58;66m██[38;2;189;58;66m██[38;2;140;66;74m██[38;2;65;65;65m██[38;2;189;58;66m██[38;2;189;58;66m██[38;2;0;0;0m██[38;2;65;65;65m██[38;2;140;66;74m██[38;2;65;65;65m██[38;2;65;65;65m██[38;2;82;181;247m██[38;2;82;181;247m██[38;2;255;66;58m██[38;2;189;58;66m██[38;2;140;66;74m██[38;2;0;0;0m██[38;2;65;65;65m██[38;2;65;65;65m██[38;2;53;53;53m██[38;2;65;65;65m██[38;2;0;0;0m██    
  [38;2;0;0;0m██[38;2;65;65;65m██[38;2;65;65;65m██[38;2;65;65;65m██[38;2;53;53;53m██[38;2;189;58;66m██[38;2;255;66;58m██[38;2;255;66;58m██[38;2;189;58;66m██[38;2;65;65;65m██[38;2;53;53;53m██[38;2;0;0;0m██[38;2;65;65;65m██[38;2;65;65;65m██[38;2;189;58;66m██[38;2;255;66;58m██[38;2;255;66;58m██[38;2;189;58;66m██[38;2;53;53;53m██[38;2;53;53;53m██[38;2;140;66;74m██[38;2;0;0;0m██[38;2;132;132;140m██[38;2;65;65;65m██[38;2;0;0;0m██[38;2;65;65;65m██[38;2;65;65;65m██[38;2;0;0;0m██  
[38;2;0;0;0m██[38;2;65;65;65m██[38;2;0;0;0m██[38;2;0;0;0m██[38;2;140;66;74m██[38;2;255;66;58m██[38;2;255;66;58m██[38;2;255;66;58m██[38;2;255;66;58m██[38;2;255;66;58m██[38;2;189;58;66m██[38;2;140;66;74m██[38;2;0;0;0m██[38;2;0;0;0m██[38;2;0;0;0m██[38;2;53;53;53m██[38;2;53;53;53m██[38;2;53;53;53m██[38;2;53;53;53m██[38;2;53;53;53m██[38;2;189;58;66m██[38;2;0;0;0m██[38;2;65;65;65m██[38;2;132;132;140m██[38;2;65;65;65m██[38;2;65;65;65m██[38;2;0;0;0m██[38;2;65;65;65m██[38;2;0;0;0m██  
[38;2;0;0;0m██[38;2;0;0;0m██[38;2;132;115;165m██[38;2;0;0;0m██[38;2;65;65;65m██[38;2;65;65;65m██[38;2;255;66;58m██[38;2;140;66;74m██[38;2;255;66;58m██[38;2;0;0;0m██[38;2;0;0;0m██[38;2;0;0;0m██[38;2;140;66;74m██[38;2;0;0;0m██  [38;2;0;0;0m██[38;2;0;0;0m██[38;2;0;0;0m██[38;2;99;99;99m██[38;2;99;99;99m██[38;2;99;99;99m██[38;2;0;0;0m██[38;2;65;65;65m██[38;2;65;65;65m██[38;2;53;53;53m██[38;2;0;0;0m██[38;2;65;65;65m██[38;2;65;65;65m██[38;2;0;0;0m██  
    [38;2;0;0;0m██[38;2;65;65;65m██[38;2;65;65;65m██[38;2;255;66;58m██[38;2;140;66;74m██[38;2;65;65;65m██[38;2;0;0;0m██      [38;2;0;0;0m██[38;2;0;0;0m██      [38;2;0;0;0m██[38;2;0;0;0m██[38;2;99;99;99m██[38;2;0;0;0m██[38;2;65;65;65m██[38;2;132;132;140m██[38;2;65;65;65m██[38;2;65;65;65m██[38;2;65;65;65m██[38;2;0;0;0m██[38;2;65;65;65m██[38;2;0;0;0m██  
  [38;2;0;0;0m██[38;2;65;65;65m██[38;2;53;53;53m██[38;2;0;0;0m██[38;2;53;53;53m██[38;2;65;65;65m██[38;2;53;53;53m██[38;2;0;0;0m██                    [38;2;0;0;0m██[38;2;65;65;65m██[38;2;132;132;140m██[38;2;132;132;140m██[38;2;65;65;65m██[38;2;53;53;53m██[38;2;53;53;53m██[38;2;0;0;0m██[38;2;53;53;53m██[38;2;0;0;0m██  
  [38;2;0;0;0m██[38;2;65;65;65m██[38;2;0;0;0m██  [38;2;0;0;0m██[38;2;65;65;65m██[38;2;0;0;0m██                  [38;2;0;0;0m██[38;2;0;0;0m██[38;2;65;65;65m██[38;2;65;65;65m██[38;2;132;132;140m██[38;2;65;65;65m██[38;2;65;65;65m██[38;2;65;65;65m██[38;2;0;0;0m██[38;2;53;53;53m██[38;2;0;0;0m██    
  [38;2;0;0;0m██[38;2;0;0;0m██    [38;2;0;0;0m██[38;2;65;65;65m██[38;2;0;0;0m██              [38;2;0;0;0m██[38;2;0;0;0m██[38;2;65;65;65m██[38;2;132;132;140m██[38;2;132;132;140m██[38;2;65;65;65m██[38;2;65;65;65m██[38;2;65;65;65m██[38;2;53;53;53m██[38;2;0;0;0m██[38;2;189;58;66m██[38;2;53;53;53m██[38;2;0;0;0m██    
            [38;2;0;0;0m██[38;2;0;0;0m██            [38;2;0;0;0m██[38;2;65;65;65m██[38;2;65;65;65m██[38;2;132;132;140m██[38;2;132;132;140m██[38;2;132;132;140m██[38;2;65;65;65m██[38;2;65;65;65m██[38;2;53;53;53m██[38;2;0;0;0m██[38;2;189;58;66m██[38;2;53;53;53m██[38;2;53;53;53m██[38;2;0;0;0m██    
                        [38;2;0;0;0m██[38;2;0;0;0m██[38;2;65;65;65m██[38;2;65;65;65m██[38;2;65;65;65m██[38;2;132;132;140m██[38;2;132;132;140m██[38;2;65;65;65m██[38;2;65;65;65m██[38;2;0;0;0m██[38;2;0;0;0m██[38;2;140;66;74m██[38;2;140;66;74m██[38;2;53;53;53m██[38;2;0;0;0m██      
                      [38;2;0;0;0m██[38;2;65;65;65m██[38;2;65;65;65m██[38;2;53;53;53m██[38;2;65;65;65m██[38;2;65;65;65m██[38;2;65;65;65m██[38;2;65;65;65m██[38;2;65;65;65m██[38;2;0;0;0m██[38;2;140;66;74m██[38;2;53;53;53m██[38;2;140;66;74m██[38;2;53;53;53m██[38;2;53;53;53m██[38;2;0;0;0m██      
                      [38;2;0;0;0m██[38;2;65;65;65m██[38;2;53;53;53m██[38;2;65;65;65m██[38;2;65;65;65m██[38;2;53;53;53m██[38;2;65;65;65m██[38;2;65;65;65m██[38;2;0;0;0m██[38;2;53;53;53m██[38;2;53;53;53m██[38;2;53;53;53m██[38;2;53;53;53m██[38;2;53;53;53m██[38;2;53;53;53m██[38;2;0;0;0m██      
                    [38;2;0;0;0m██[38;2;65;65;65m██[38;2;53;53;53m██[38;2;65;65;65m██[38;2;65;65;65m██[38;2;53;53;53m██[38;2;65;65;65m██[38;2;65;65;65m██[38;2;0;0;0m██  [38;2;0;0;0m██[38;2;53;53;53m██[38;2;53;53;53m██[38;2;53;53;53m██[38;2;0;0;0m██[38;2;0;0;0m██        
                    [38;2;0;0;0m██[38;2;0;0;0m██[38;2;53;53;53m██[38;2;65;65;65m██[38;2;53;53;53m██[38;2;53;53;53m██[38;2;65;65;65m██[38;2;65;65;65m██[38;2;0;0;0m██    [38;2;0;0;0m██[38;2;0;0;0m██[38;2;0;0;0m██            
                        [38;2;0;0;0m██[38;2;65;65;65m██[38;2;0;0;0m██[38;2;0;0;0m██[38;2;65;65;65m██[38;2;0;0;0m██                        
                        [38;2;0;0;0m██[38;2;0;0;0m██  [38;2;0;0;0m██[38;2;65;65;65m██[38;2;0;0;0m██                        
                                [38;2;0;0;0m██                          
