                [38;2;0;0;0m██[38;2;0;0;0m██      [38;2;0;0;0m██[38;2;0;0;0m██            
              [38;2;0;0;0m██[38;2;197;140;197m██[38;2;197;140;197m██[38;2;0;0;0m██[38;2;0;0;0m██[38;2;0;0;0m██[38;2;197;140;197m██[38;2;197;140;197m██[38;2;0;0;0m██[38;2;0;0;0m██        
            [38;2;0;0;0m██[38;2;197;140;197m██[38;2;197;140;197m██[38;2;197;140;197m██[38;2;197;140;197m██[38;2;197;140;197m██[38;2;197;140;197m██[38;2;197;140;197m██[38;2;197;140;197m██[38;2;197;140;197m██[38;2;197;140;197m██[38;2;0;0;0m██      
    [38;2;0;0;0m██    [38;2;0;0;0m██[38;2;197;140;197m██[38;2;197;140;197m██[38;2;197;140;197m██[38;2;156;173;156m██[38;2;107;206;115m██[38;2;156;173;156m██[38;2;197;140;197m██[38;2;148;115;165m██[38;2;65;65;65m██[38;2;0;0;0m██[38;2;0;0;0m██        
  [38;2;0;0;0m██[38;2;197;140;197m██[38;2;0;0;0m██[38;2;0;0;0m██[38;2;197;140;197m██[38;2;197;140;197m██[38;2;197;140;197m██[38;2;197;140;197m██[38;2;107;206;115m██[38;2;247;247;41m██[38;2;107;206;115m██[38;2;197;140;197m██[38;2;197;140;197m██[38;2;197;140;197m██[38;2;0;0;0m██          
  [38;2;0;0;0m██[38;2;197;140;197m██[38;2;148;115;165m██[38;2;197;140;197m██[38;2;197;140;197m██[38;2;197;140;197m██[38;2;148;115;165m██[38;2;197;140;197m██[38;2;156;173;156m██[38;2;107;206;115m██[38;2;156;173;156m██[38;2;197;140;197m██[38;2;197;140;197m██[38;2;197;140;197m██[38;2;197;140;197m██[38;2;0;0;0m██[38;2;0;0;0m██      
[38;2;0;0;0m██[38;2;197;140;197m██[38;2;156;173;156m██[38;2;107;206;115m██[38;2;156;173;156m██[38;2;197;140;197m██[38;2;197;140;197m██[38;2;65;65;65m██[38;2;197;140;197m██[38;2;197;140;197m██[38;2;197;140;197m██[38;2;197;140;197m██[38;2;197;140;197m██[38;2;197;140;197m██[38;2;197;140;197m██[38;2;197;140;197m██[38;2;197;140;197m██[38;2;197;140;197m██[38;2;0;0;0m██    
[38;2;0;0;0m██[38;2;197;140;197m██[38;2;107;206;115m██[38;2;247;247;41m██[38;2;107;206;115m██[38;2;197;140;197m██[38;2;65;65;65m██[38;2;107;206;115m██[38;2;197;140;197m██[38;2;197;140;197m██[38;2;197;140;197m██[38;2;197;140;197m██[38;2;148;115;165m██[38;2;65;65;65m██[38;2;197;140;197m██[38;2;197;140;197m██[38;2;197;140;197m██[38;2;197;140;197m██[38;2;197;140;197m██[38;2;0;0;0m██  
[38;2;0;0;0m██[38;2;197;140;197m██[38;2;156;173;156m██[38;2;107;206;115m██[38;2;156;173;156m██[38;2;197;140;197m██[38;2;65;65;65m██[38;2;156;222;115m██[38;2;197;140;197m██[38;2;197;140;197m██[38;2;65;65;65m██[38;2;65;65;65m██[38;2;107;206;115m██[38;2;65;65;65m██[38;2;197;140;197m██[38;2;156;173;156m██[38;2;107;206;115m██[38;2;156;173;156m██[38;2;197;140;197m██[38;2;0;0;0m██  
  [38;2;0;0;0m██[38;2;197;140;197m██[38;2;197;140;197m██[38;2;148;115;165m██[38;2;197;140;197m██[38;2;197;140;197m██[38;2;65;65;65m██[38;2;197;140;197m██[38;2;65;65;65m██[38;2;156;222;115m██[38;2;107;206;115m██[38;2;65;65;65m██[38;2;197;140;197m██[38;2;197;140;197m██[38;2;107;206;115m██[38;2;247;247;41m██[38;2;107;206;115m██[38;2;197;140;197m██[38;2;0;0;0m██  
    [38;2;0;0;0m██[38;2;197;140;197m██[38;2;65;65;65m██[38;2;197;140;197m██[38;2;65;65;65m██[38;2;197;140;197m██[38;2;65;65;65m██[38;2;65;65;65m██[38;2;65;65;65m██[38;2;65;65;65m██[38;2;197;140;197m██[38;2;197;140;197m██[38;2;197;140;197m██[38;2;156;173;156m██[38;2;107;206;115m██[38;2;156;173;156m██[38;2;197;140;197m██[38;2;197;140;197m██[38;2;0;0;0m██
  [38;2;0;0;0m██[38;2;0;0;0m██[38;2;197;140;197m██[38;2;65;65;65m██[38;2;65;65;65m██[38;2;156;222;115m██[38;2;65;65;65m██[38;2;148;115;165m██[38;2;197;140;197m██[38;2;148;115;165m██[38;2;197;140;197m██[38;2;197;140;197m██[38;2;148;115;165m██[38;2;197;140;197m██[38;2;197;140;197m██[38;2;197;140;197m██[38;2;148;115;165m██[38;2;0;0;0m██[38;2;197;140;197m██[38;2;0;0;0m██
  [38;2;0;0;0m██[38;2;197;140;197m██[38;2;197;140;197m██[38;2;197;140;197m██[38;2;197;140;197m██[38;2;65;65;65m██[38;2;156;222;115m██[38;2;156;222;115m██[38;2;148;115;165m██[38;2;107;206;115m██[38;2;148;115;165m██[38;2;65;65;65m██[38;2;197;140;197m██[38;2;197;140;197m██[38;2;197;140;197m██[38;2;197;140;197m██[38;2;0;0;0m██  [38;2;0;0;0m██[38;2;0;0;0m██
    [38;2;0;0;0m██[38;2;148;115;165m██[38;2;156;173;156m██[38;2;107;206;115m██[38;2;65;65;65m██[38;2;65;65;65m██[38;2;65;65;65m██[38;2;107;206;115m██[38;2;65;65;65m██[38;2;65;65;65m██[38;2;156;173;156m██[38;2;107;206;115m██[38;2;156;173;156m██[38;2;197;140;197m██[38;2;197;140;197m██[38;2;0;0;0m██      
      [38;2;0;0;0m██[38;2;107;206;115m██[38;2;247;247;41m██[38;2;107;206;115m██[38;2;197;140;197m██[38;2;148;115;165m██[38;2;65;65;65m██[38;2;148;115;165m██[38;2;148;115;165m██[38;2;107;206;115m██[38;2;247;247;41m██[38;2;107;206;115m██[38;2;197;140;197m██[38;2;65;65;65m██        
        [38;2;0;0;0m██[38;2;0;0;0m██[38;2;156;173;156m██[38;2;148;115;165m██[38;2;148;115;165m██[38;2;148;115;165m██[38;2;148;115;165m██[38;2;148;115;165m██[38;2;156;173;156m██[38;2;107;206;115m██[38;2;65;65;65m██[38;2;65;65;65m██[38;2;0;0;0m██        
            [38;2;0;0;0m██[38;2;65;65;65m██[38;2;65;65;65m██[38;2;148;115;165m██[38;2;148;115;165m██[38;2;148;115;165m██[38;2;65;65;65m██[38;2;65;65;65m██[38;2;189;165;107m██[38;2;0;0;0m██          
          [38;2;0;0;0m██[38;2;148;115;165m██[38;2;148;115;165m██[38;2;148;115;165m██[38;2;148;115;165m██[38;2;148;115;165m██[38;2;65;65;65m██[38;2;189;165;107m██[38;2;189;165;107m██[38;2;189;165;107m██[38;2;0;0;0m██          
            [38;2;0;0;0m██[38;2;0;0;0m██[38;2;0;0;0m██[38;2;0;0;0m██[38;2;65;65;65m██[38;2;132;132;115m██[38;2;132;132;115m██[38;2;132;132;115m██[38;2;0;0;0m██            
                    [38;2;0;0;0m██[38;2;0;0;0m██[38;2;0;0;0m██[38;2;0;0;0m██              
