                [38;2;0;0;0m██[38;2;0;0;0m██[38;2;0;0;0m██[38;2;0;0;0m██                          
            [38;2;0;0;0m██[38;2;0;0;0m██[38;2;123;181;239m██[38;2;123;181;239m██[38;2;123;181;239m██[38;2;99;148;189m██[38;2;0;0;0m██[38;2;0;0;0m██      [38;2;0;0;0m██[38;2;0;0;0m██            
          [38;2;0;0;0m██[38;2;115;115;156m██[38;2;123;181;239m██[38;2;123;181;239m██[38;2;123;181;239m██[38;2;123;181;239m██[38;2;123;181;239m██[38;2;123;181;239m██[38;2;90;90;115m██[38;2;0;0;0m██[38;2;0;0;0m██[38;2;0;0;0m██[38;2;115;115;156m██[38;2;115;115;156m██[38;2;0;0;0m██          
        [38;2;0;0;0m██[38;2;90;90;115m██[38;2;99;148;189m██[38;2;99;148;189m██[38;2;123;181;239m██[38;2;123;181;239m██[38;2;123;181;239m██[38;2;123;181;239m██[38;2;123;181;239m██[38;2;123;181;239m██[38;2;90;90;115m██[38;2;115;115;156m██[38;2;115;115;156m██[38;2;115;115;156m██[38;2;90;90;115m██[38;2;0;0;0m██          
        [38;2;0;0;0m██[38;2;123;181;239m██[38;2;123;181;239m██[38;2;123;181;239m██[38;2;99;148;189m██[38;2;123;181;239m██[38;2;115;115;156m██[38;2;90;90;115m██[38;2;90;90;115m██[38;2;123;181;239m██[38;2;99;148;189m██[38;2;65;65;65m██[38;2;115;115;156m██[38;2;115;115;156m██[38;2;90;90;115m██[38;2;90;90;115m██[38;2;0;0;0m██        
      [38;2;0;0;0m██[38;2;123;181;239m██[38;2;123;181;239m██[38;2;123;181;239m██[38;2;123;181;239m██[38;2;123;181;239m██[38;2;115;115;156m██[38;2;255;255;255m██[38;2;115;115;156m██[38;2;90;90;115m██[38;2;123;181;239m██[38;2;123;181;239m██[38;2;65;65;65m██[38;2;115;115;156m██[38;2;90;90;115m██[38;2;90;90;115m██[38;2;115;115;156m██[38;2;115;115;156m██[38;2;0;0;0m██      
      [38;2;0;0;0m██[38;2;115;115;156m██[38;2;123;181;239m██[38;2;123;181;239m██[38;2;115;115;156m██[38;2;165;214;189m██[38;2;0;0;0m██[38;2;255;255;255m██[38;2;115;115;156m██[38;2;115;115;156m██[38;2;65;65;65m██[38;2;123;181;239m██[38;2;90;90;115m██[38;2;115;115;156m██[38;2;90;90;115m██[38;2;90;90;115m██[38;2;90;90;115m██[38;2;115;115;156m██[38;2;115;115;156m██[38;2;0;0;0m██[38;2;0;0;0m██  
      [38;2;0;0;0m██[38;2;115;115;156m██[38;2;115;115;156m██[38;2;115;115;156m██[38;2;115;115;156m██[38;2;165;214;189m██[38;2;255;255;255m██[38;2;115;115;156m██[38;2;115;115;156m██[38;2;115;115;156m██[38;2;65;65;65m██[38;2;123;181;239m██[38;2;123;181;239m██[38;2;90;90;115m██[38;2;65;65;65m██[38;2;65;65;65m██[38;2;90;90;115m██[38;2;90;90;115m██[38;2;115;115;156m██[38;2;115;115;156m██[38;2;115;115;156m██[38;2;0;0;0m██
    [38;2;0;0;0m██[38;2;123;181;239m██[38;2;65;65;65m██[38;2;115;115;156m██[38;2;115;115;156m██[38;2;115;115;156m██[38;2;65;65;65m██[38;2;115;115;156m██[38;2;115;115;156m██[38;2;115;115;156m██[38;2;90;90;115m██[38;2;65;65;65m██[38;2;123;181;239m██[38;2;123;181;239m██[38;2;123;181;239m██[38;2;123;181;239m██[38;2;99;148;189m██[38;2;65;65;65m██[38;2;90;90;115m██[38;2;90;90;115m██[38;2;115;115;156m██[38;2;90;90;115m██[38;2;0;0;0m██
  [38;2;0;0;0m██[38;2;123;181;239m██[38;2;123;181;239m██[38;2;123;181;239m██[38;2;0;0;0m██[38;2;115;115;156m██[38;2;65;65;65m██[38;2;115;115;156m██[38;2;65;65;65m██[38;2;115;115;156m██[38;2;65;65;65m██[38;2;65;65;65m██[38;2;99;148;189m██[38;2;99;148;189m██[38;2;90;90;115m██[38;2;65;65;65m██[38;2;123;181;239m██[38;2;123;181;239m██[38;2;99;148;189m██[38;2;65;65;65m██[38;2;90;90;115m██[38;2;115;115;156m██[38;2;0;0;0m██  
[38;2;0;0;0m██[38;2;123;181;239m██[38;2;123;181;239m██[38;2;123;181;239m██[38;2;0;0;0m██  [38;2;0;0;0m██[38;2;0;0;0m██[38;2;0;0;0m██[38;2;65;65;65m██[38;2;115;115;156m██[38;2;65;65;65m██[38;2;99;148;189m██[38;2;99;148;189m██[38;2;90;90;115m██[38;2;115;115;156m██[38;2;65;65;65m██[38;2;123;181;239m██[38;2;123;181;239m██[38;2;123;181;239m██[38;2;99;148;189m██[38;2;65;65;65m██[38;2;115;115;156m██[38;2;0;0;0m██  
[38;2;0;0;0m██[38;2;123;181;239m██[38;2;123;181;239m██[38;2;123;181;239m██[38;2;0;0;0m██      [38;2;0;0;0m██[38;2;99;148;189m██[38;2;65;65;65m██[38;2;99;148;189m██[38;2;99;148;189m██[38;2;90;90;115m██[38;2;115;115;156m██[38;2;90;90;115m██[38;2;90;90;115m██[38;2;65;65;65m██[38;2;123;181;239m██[38;2;123;181;239m██[38;2;123;181;239m██[38;2;65;65;65m██[38;2;115;115;156m██[38;2;90;90;115m██[38;2;0;0;0m██
[38;2;0;0;0m██[38;2;123;181;239m██[38;2;123;181;239m██[38;2;123;181;239m██[38;2;0;0;0m██      [38;2;0;0;0m██[38;2;90;90;115m██[38;2;132;181;181m██[38;2;132;181;181m██[38;2;132;181;181m██[38;2;90;90;115m██[38;2;115;115;156m██[38;2;115;115;156m██[38;2;90;90;115m██[38;2;65;65;65m██[38;2;123;181;239m██[38;2;123;181;239m██[38;2;123;181;239m██[38;2;123;181;239m██[38;2;65;65;65m██[38;2;115;115;156m██[38;2;0;0;0m██
  [38;2;0;0;0m██[38;2;65;65;65m██[38;2;123;181;239m██[38;2;0;0;0m██    [38;2;0;0;0m██[38;2;123;181;239m██[38;2;90;90;115m██[38;2;132;181;181m██[38;2;165;214;189m██[38;2;165;214;189m██[38;2;90;90;115m██[38;2;90;90;115m██[38;2;90;90;115m██[38;2;90;90;115m██[38;2;65;65;65m██[38;2;123;181;239m██[38;2;123;181;239m██[38;2;123;181;239m██[38;2;123;181;239m██[38;2;65;65;65m██[38;2;90;90;115m██[38;2;0;0;0m██
  [38;2;0;0;0m██[38;2;115;115;156m██[38;2;65;65;65m██[38;2;123;181;239m██[38;2;0;0;0m██  [38;2;0;0;0m██[38;2;123;181;239m██[38;2;99;148;189m██[38;2;90;90;115m██[38;2;132;181;181m██[38;2;132;181;181m██[38;2;132;181;181m██[38;2;132;181;181m██[38;2;90;90;115m██[38;2;99;148;189m██[38;2;99;148;189m██[38;2;65;65;65m██[38;2;123;181;239m██[38;2;123;181;239m██[38;2;123;181;239m██[38;2;123;181;239m██[38;2;0;0;0m██  
    [38;2;0;0;0m██[38;2;115;115;156m██[38;2;123;181;239m██[38;2;0;0;0m██    [38;2;0;0;0m██[38;2;123;181;239m██[38;2;90;90;115m██[38;2;132;181;181m██[38;2;165;214;189m██[38;2;165;214;189m██[38;2;90;90;115m██[38;2;99;148;189m██[38;2;123;181;239m██[38;2;99;148;189m██[38;2;65;65;65m██[38;2;123;181;239m██[38;2;123;181;239m██[38;2;123;181;239m██[38;2;123;181;239m██[38;2;0;0;0m██  
      [38;2;0;0;0m██[38;2;123;181;239m██[38;2;0;0;0m██  [38;2;0;0;0m██[38;2;115;115;156m██[38;2;90;90;115m██[38;2;99;148;189m██[38;2;90;90;115m██[38;2;0;0;0m██[38;2;132;181;181m██[38;2;90;90;115m██[38;2;123;181;239m██[38;2;123;181;239m██[38;2;123;181;239m██[38;2;65;65;65m██[38;2;123;181;239m██[38;2;123;181;239m██[38;2;123;181;239m██[38;2;90;90;115m██[38;2;115;115;156m██[38;2;0;0;0m██
        [38;2;0;0;0m██[38;2;0;0;0m██  [38;2;0;0;0m██[38;2;0;0;0m██[38;2;0;0;0m██[38;2;0;0;0m██[38;2;0;0;0m██  [38;2;0;0;0m██[38;2;0;0;0m██[38;2;123;181;239m██[38;2;123;181;239m██[38;2;99;148;189m██[38;2;65;65;65m██[38;2;123;181;239m██[38;2;90;90;115m██[38;2;90;90;115m██[38;2;90;90;115m██[38;2;90;90;115m██[38;2;0;0;0m██
                              [38;2;0;0;0m██[38;2;99;148;189m██[38;2;65;65;65m██[38;2;123;181;239m██[38;2;123;181;239m██[38;2;115;115;156m██[38;2;90;90;115m██[38;2;115;115;156m██[38;2;0;0;0m██  
                            [38;2;0;0;0m██[38;2;115;115;156m██[38;2;65;65;65m██[38;2;65;65;65m██[38;2;123;181;239m██[38;2;123;181;239m██[38;2;90;90;115m██[38;2;0;0;0m██[38;2;0;0;0m██    
                            [38;2;0;0;0m██[38;2;0;0;0m██[38;2;0;0;0m██[38;2;0;0;0m██[38;2;123;181;239m██[38;2;0;0;0m██[38;2;0;0;0m██        
                                  [38;2;0;0;0m██[38;2;0;0;0m██            
