                      [38;2;0;0;0m██[38;2;0;0;0m██[38;2;0;0;0m██[38;2;0;0;0m██[38;2;0;0;0m██    [38;2;0;0;0m██[38;2;0;0;0m██[38;2;0;0;0m██[38;2;0;0;0m██                  
                    [38;2;0;0;0m██[38;2;181;181;181m██[38;2;255;255;255m██[38;2;255;255;255m██[38;2;255;255;255m██[38;2;255;255;255m██[38;2;0;0;0m██[38;2;0;0;0m██[38;2;255;255;255m██[38;2;255;255;255m██[38;2;255;255;255m██[38;2;255;255;255m██[38;2;0;0;0m██[38;2;0;0;0m██              
                  [38;2;0;0;0m██[38;2;181;181;181m██[38;2;214;214;214m██[38;2;255;255;255m██[38;2;255;255;255m██[38;2;255;255;255m██[38;2;181;181;181m██[38;2;255;255;255m██[38;2;255;255;255m██[38;2;255;255;255m██[38;2;255;255;255m██[38;2;255;255;255m██[38;2;255;255;255m██[38;2;255;255;255m██[38;2;255;255;255m██[38;2;0;0;0m██            
        [38;2;0;0;0m██[38;2;0;0;0m██[38;2;0;0;0m██[38;2;0;0;0m██  [38;2;0;0;0m██[38;2;214;214;214m██[38;2;181;181;181m██[38;2;255;255;255m██[38;2;255;255;255m██[38;2;255;255;255m██[38;2;255;255;255m██[38;2;255;255;255m██[38;2;255;255;255m██[38;2;255;255;255m██[38;2;255;255;255m██[38;2;255;255;255m██[38;2;255;255;255m██[38;2;255;255;255m██[38;2;255;255;255m██[38;2;255;255;255m██[38;2;0;0;0m██          
    [38;2;0;0;0m██[38;2;0;0;0m██[38;2;148;115;82m██[38;2;148;115;82m██[38;2;148;115;82m██[38;2;148;115;82m██[38;2;0;0;0m██[38;2;0;0;0m██[38;2;214;214;214m██[38;2;214;214;214m██[38;2;65;65;65m██[38;2;65;65;65m██[38;2;181;181;181m██[38;2;65;65;65m██[38;2;255;255;255m██[38;2;65;65;65m██[38;2;65;65;65m██[38;2;255;255;255m██[38;2;255;255;255m██[38;2;255;255;255m██[38;2;255;255;255m██[38;2;255;255;255m██[38;2;255;255;255m██[38;2;255;255;255m██[38;2;0;0;0m██[38;2;0;0;0m██[38;2;0;0;0m██    
  [38;2;0;0;0m██[38;2;148;115;82m██[38;2;148;115;82m██[38;2;148;115;82m██[38;2;148;115;82m██[38;2;0;0;0m██[38;2;0;0;0m██[38;2;148;115;82m██[38;2;65;65;65m██[38;2;181;181;181m██[38;2;214;214;214m██[38;2;65;65;65m██[38;2;255;165;41m██[38;2;65;65;65m██[38;2;255;107;115m██[38;2;65;65;65m██[38;2;255;107;115m██[38;2;65;65;65m██[38;2;65;65;65m██[38;2;65;65;65m██[38;2;255;255;255m██[38;2;255;255;255m██[38;2;255;255;255m██[38;2;255;255;255m██[38;2;255;255;255m██[38;2;255;255;255m██[38;2;255;255;255m██[38;2;255;255;255m██[38;2;0;0;0m██  
  [38;2;0;0;0m██[38;2;148;115;82m██[38;2;148;115;82m██[38;2;214;49;58m██[38;2;0;0;0m██    [38;2;0;0;0m██[38;2;0;0;0m██[38;2;65;65;65m██[38;2;181;181;181m██[38;2;65;65;65m██[38;2;255;165;41m██[38;2;255;165;41m██[38;2;214;49;58m██[38;2;65;65;65m██[38;2;214;49;58m██[38;2;65;65;65m██[38;2;255;107;115m██[38;2;65;65;65m██[38;2;181;181;181m██[38;2;181;181;181m██[38;2;255;255;255m██[38;2;255;255;255m██[38;2;255;255;255m██[38;2;255;255;255m██[38;2;181;181;181m██[38;2;181;181;181m██[38;2;181;181;181m██[38;2;0;0;0m██
[38;2;0;0;0m██[38;2;148;115;82m██[38;2;148;115;82m██[38;2;148;115;82m██[38;2;255;107;115m██[38;2;0;0;0m██        [38;2;0;0;0m██[38;2;65;65;65m██[38;2;181;181;181m██[38;2;65;65;65m██[38;2;255;214;90m██[38;2;206;123;25m██[38;2;255;165;41m██[38;2;206;123;25m██[38;2;255;165;41m██[38;2;214;49;58m██[38;2;206;123;25m██[38;2;181;181;181m██[38;2;65;65;65m██[38;2;65;65;65m██[38;2;65;65;65m██[38;2;255;255;255m██[38;2;181;181;181m██[38;2;181;181;181m██[38;2;255;255;255m██[38;2;181;181;181m██[38;2;0;0;0m██
[38;2;0;0;0m██[38;2;148;115;82m██[38;2;148;115;82m██[38;2;148;115;82m██[38;2;0;0;0m██            [38;2;0;0;0m██[38;2;65;65;65m██[38;2;255;165;41m██[38;2;197;156;90m██[38;2;255;165;41m██[38;2;255;165;41m██[38;2;255;165;41m██[38;2;255;165;41m██[38;2;255;165;41m██[38;2;206;123;25m██[38;2;65;65;65m██[38;2;255;165;41m██[38;2;255;165;41m██[38;2;65;65;65m██[38;2;181;181;181m██[38;2;181;181;181m██[38;2;255;255;255m██[38;2;255;255;255m██[38;2;255;255;255m██[38;2;0;0;0m██
[38;2;0;0;0m██[38;2;148;115;82m██[38;2;148;115;82m██[38;2;148;115;82m██[38;2;0;0;0m██          [38;2;0;0;0m██[38;2;255;255;255m██[38;2;255;255;255m██[38;2;206;123;25m██[38;2;148;115;82m██[38;2;255;255;255m██[38;2;255;165;41m██[38;2;255;165;41m██[38;2;255;214;90m██[38;2;255;214;90m██[38;2;255;165;41m██[38;2;255;165;41m██[38;2;255;165;41m██[38;2;206;123;25m██[38;2;65;65;65m██[38;2;214;214;214m██[38;2;181;181;181m██[38;2;255;255;255m██[38;2;255;255;255m██[38;2;255;255;255m██[38;2;0;0;0m██
[38;2;0;0;0m██[38;2;123;90;58m██[38;2;148;115;82m██[38;2;148;115;82m██[38;2;0;0;0m██[38;2;0;0;0m██          [38;2;0;0;0m██[38;2;255;255;255m██[38;2;255;255;255m██[38;2;255;255;255m██[38;2;255;255;255m██[38;2;255;165;41m██[38;2;197;156;90m██[38;2;148;115;82m██[38;2;255;214;90m██[38;2;255;165;41m██[38;2;255;165;41m██[38;2;255;165;41m██[38;2;65;65;65m██[38;2;214;214;214m██[38;2;214;214;214m██[38;2;181;181;181m██[38;2;181;181;181m██[38;2;255;255;255m██[38;2;181;181;181m██[38;2;0;0;0m██
[38;2;0;0;0m██[38;2;123;90;58m██[38;2;148;115;82m██[38;2;65;65;65m██[38;2;148;115;82m██[38;2;255;107;115m██[38;2;0;0;0m██      [38;2;0;0;0m██[38;2;65;65;65m██[38;2;181;181;181m██[38;2;255;255;255m██[38;2;115;115;115m██[38;2;255;255;255m██[38;2;255;255;255m██[38;2;255;255;255m██[38;2;255;255;255m██[38;2;255;255;255m██[38;2;214;214;214m██[38;2;206;123;25m██[38;2;206;123;25m██[38;2;206;123;25m██[38;2;65;65;65m██[38;2;181;181;181m██[38;2;214;214;214m██[38;2;0;0;0m██[38;2;0;0;0m██[38;2;0;0;0m██  
  [38;2;0;0;0m██[38;2;148;115;82m██[38;2;148;115;82m██[38;2;148;115;82m██[38;2;255;107;115m██[38;2;255;107;115m██[38;2;0;0;0m██  [38;2;0;0;0m██[38;2;255;165;41m██[38;2;255;165;41m██[38;2;65;65;65m██[38;2;255;255;255m██[38;2;65;65;65m██[38;2;255;255;255m██[38;2;115;115;115m██[38;2;255;255;255m██[38;2;214;214;214m██[38;2;255;255;255m██[38;2;255;255;255m██[38;2;255;255;255m██[38;2;255;255;255m██[38;2;65;65;65m██[38;2;65;65;65m██[38;2;0;0;0m██[38;2;0;0;0m██        
  [38;2;0;0;0m██[38;2;148;115;82m██[38;2;148;115;82m██[38;2;148;115;82m██[38;2;214;49;58m██[38;2;255;107;115m██[38;2;0;0;0m██[38;2;0;0;0m██[38;2;206;123;25m██[38;2;255;165;41m██[38;2;255;165;41m██[38;2;65;65;65m██[38;2;65;65;65m██[38;2;206;123;25m██[38;2;65;65;65m██[38;2;65;65;65m██[38;2;255;255;255m██[38;2;181;181;181m██[38;2;115;115;115m██[38;2;255;255;255m██[38;2;65;65;65m██[38;2;65;65;65m██[38;2;255;165;41m██[38;2;206;123;25m██[38;2;0;0;0m██          
  [38;2;0;0;0m██[38;2;123;90;58m██[38;2;148;115;82m██[38;2;148;115;82m██[38;2;148;115;82m██[38;2;214;49;58m██[38;2;65;65;65m██[38;2;65;65;65m██[38;2;206;123;25m██[38;2;255;107;115m██[38;2;255;107;115m██[38;2;255;165;41m██[38;2;255;165;41m██[38;2;65;65;65m██[38;2;214;49;58m██[38;2;65;65;65m██[38;2;255;255;255m██[38;2;65;65;65m██[38;2;255;165;41m██[38;2;115;115;115m██[38;2;255;165;41m██[38;2;255;165;41m██[38;2;255;107;115m██[38;2;255;107;115m██[38;2;214;49;58m██[38;2;0;0;0m██        
    [38;2;0;0;0m██[38;2;123;90;58m██[38;2;148;115;82m██[38;2;148;115;82m██[38;2;148;115;82m██[38;2;148;115;82m██[38;2;65;65;65m██[38;2;65;65;65m██[38;2;65;65;65m██[38;2;255;107;115m██[38;2;255;165;41m██[38;2;255;165;41m██[38;2;65;65;65m██[38;2;255;165;41m██[38;2;255;165;41m██[38;2;65;65;65m██[38;2;255;165;41m██[38;2;255;165;41m██[38;2;255;165;41m██[38;2;255;165;41m██[38;2;255;107;115m██[38;2;255;107;115m██[38;2;255;107;115m██[38;2;214;49;58m██[38;2;0;0;0m██    [38;2;0;0;0m██[38;2;0;0;0m██
    [38;2;0;0;0m██[38;2;123;90;58m██[38;2;148;115;82m██[38;2;148;115;82m██[38;2;148;115;82m██[38;2;148;115;82m██[38;2;214;49;58m██[38;2;255;107;115m██[38;2;255;107;115m██[38;2;65;65;65m██[38;2;206;123;25m██[38;2;65;65;65m██[38;2;65;65;65m██[38;2;255;165;41m██[38;2;255;165;41m██[38;2;255;165;41m██[38;2;255;165;41m██[38;2;255;107;115m██[38;2;255;165;41m██[38;2;255;165;41m██[38;2;255;165;41m██[38;2;255;165;41m██[38;2;206;123;25m██[38;2;65;65;65m██[38;2;214;214;214m██[38;2;0;0;0m██[38;2;0;0;0m██[38;2;255;255;255m██[38;2;0;0;0m██
      [38;2;0;0;0m██[38;2;123;90;58m██[38;2;148;115;82m██[38;2;148;115;82m██[38;2;148;115;82m██[38;2;214;49;58m██[38;2;255;107;115m██[38;2;255;107;115m██[38;2;255;107;115m██[38;2;65;65;65m██[38;2;214;214;214m██[38;2;181;181;181m██[38;2;65;65;65m██[38;2;255;165;41m██[38;2;255;107;115m██[38;2;255;107;115m██[38;2;255;165;41m██[38;2;255;165;41m██[38;2;255;107;115m██[38;2;255;165;41m██[38;2;115;115;115m██[38;2;65;65;65m██[38;2;255;255;255m██[38;2;255;255;255m██[38;2;255;255;255m██[38;2;255;255;255m██[38;2;0;0;0m██  
      [38;2;0;0;0m██[38;2;65;65;65m██[38;2;123;90;58m██[38;2;148;115;82m██[38;2;148;115;82m██[38;2;148;115;82m██[38;2;214;49;58m██[38;2;255;107;115m██[38;2;255;107;115m██[38;2;65;65;65m██[38;2;214;214;214m██[38;2;214;214;214m██[38;2;214;214;214m██[38;2;65;65;65m██[38;2;214;49;58m██[38;2;214;49;58m██[38;2;206;123;25m██[38;2;115;115;115m██[38;2;65;65;65m██[38;2;65;65;65m██[38;2;214;214;214m██[38;2;255;255;255m██[38;2;255;255;255m██[38;2;255;255;255m██[38;2;255;255;255m██[38;2;181;181;181m██[38;2;0;0;0m██  
      [38;2;0;0;0m██[38;2;148;115;82m██[38;2;123;90;58m██[38;2;123;90;58m██[38;2;148;115;82m██[38;2;148;115;82m██[38;2;148;115;82m██[38;2;148;115;82m██[38;2;65;65;65m██[38;2;181;181;181m██[38;2;214;214;214m██[38;2;255;255;255m██[38;2;255;255;255m██[38;2;255;255;255m██[38;2;65;65;65m██[38;2;65;65;65m██[38;2;65;65;65m██[38;2;181;181;181m██[38;2;255;255;255m██[38;2;255;255;255m██[38;2;255;255;255m██[38;2;255;255;255m██[38;2;255;255;255m██[38;2;214;214;214m██[38;2;0;0;0m██[38;2;0;0;0m██    
        [38;2;0;0;0m██[38;2;0;0;0m██[38;2;0;0;0m██[38;2;123;90;58m██[38;2;148;115;82m██[38;2;148;115;82m██[38;2;65;65;65m██[38;2;65;65;65m██[38;2;255;255;255m██[38;2;255;255;255m██[38;2;255;255;255m██[38;2;255;255;255m██[38;2;255;255;255m██[38;2;255;255;255m██[38;2;255;255;255m██[38;2;255;255;255m██[38;2;214;214;214m██[38;2;255;255;255m██[38;2;255;255;255m██[38;2;214;214;214m██[38;2;214;214;214m██[38;2;255;255;255m██[38;2;181;181;181m██[38;2;0;0;0m██      
              [38;2;0;0;0m██[38;2;148;115;82m██[38;2;148;115;82m██[38;2;148;115;82m██[38;2;65;65;65m██[38;2;255;255;255m██[38;2;255;255;255m██[38;2;255;255;255m██[38;2;255;255;255m██[38;2;255;255;255m██[38;2;255;255;255m██[38;2;255;255;255m██[38;2;255;255;255m██[38;2;255;255;255m██[38;2;214;214;214m██[38;2;214;214;214m██[38;2;181;181;181m██[38;2;65;65;65m██[38;2;214;214;214m██[38;2;0;0;0m██        
                [38;2;0;0;0m██[38;2;65;65;65m██[38;2;65;65;65m██[38;2;181;181;181m██[38;2;181;181;181m██[38;2;214;214;214m██[38;2;255;255;255m██[38;2;255;255;255m██[38;2;255;255;255m██[38;2;214;214;214m██[38;2;255;255;255m██[38;2;255;255;255m██[38;2;255;255;255m██[38;2;214;214;214m██[38;2;214;214;214m██[38;2;214;214;214m██[38;2;0;0;0m██[38;2;0;0;0m██          
                [38;2;0;0;0m██[38;2;181;181;181m██[38;2;181;181;181m██[38;2;181;181;181m██[38;2;0;0;0m██[38;2;181;181;181m██[38;2;181;181;181m██[38;2;214;214;214m██[38;2;214;214;214m██[38;2;181;181;181m██[38;2;214;214;214m██[38;2;0;0;0m██[38;2;214;214;214m██[38;2;214;214;214m██[38;2;181;181;181m██[38;2;0;0;0m██              
                  [38;2;0;0;0m██[38;2;0;0;0m██[38;2;0;0;0m██  [38;2;0;0;0m██[38;2;0;0;0m██[38;2;181;181;181m██[38;2;181;181;181m██[38;2;181;181;181m██[38;2;0;0;0m██  [38;2;0;0;0m██[38;2;0;0;0m██[38;2;0;0;0m██                
                              [38;2;0;0;0m██[38;2;0;0;0m██[38;2;0;0;0m██                          
