                  [38;2;0;0;0m██[38;2;0;0;0m██                  
                [38;2;0;0;0m██[38;2;246;164;197m██[38;2;246;164;197m██[38;2;0;0;0m██                
              [38;2;0;0;0m██[38;2;255;255;255m██[38;2;115;98;65m██[38;2;246;164;197m██[38;2;197;123;164m██[38;2;0;0;0m██              
            [38;2;0;0;0m██[38;2;115;98;65m██[38;2;115;98;65m██[38;2;197;123;164m██[38;2;246;164;197m██[38;2;246;164;197m██[38;2;0;0;0m██              
          [38;2;0;0;0m██[38;2;115;98;65m██[38;2;255;255;255m██[38;2;115;98;65m██[38;2;246;164;197m██[38;2;246;164;197m██[38;2;246;164;197m██[38;2;246;164;197m██[38;2;0;0;0m██            
    [38;2;0;0;0m██[38;2;0;0;0m██[38;2;0;0;0m██[38;2;65;65;65m██[38;2;255;255;255m██[38;2;255;255;255m██[38;2;189;189;197m██[38;2;115;98;65m██[38;2;246;164;197m██[38;2;246;164;197m██[38;2;246;164;197m██[38;2;246;164;197m██[38;2;0;0;0m██          
  [38;2;0;0;0m██[38;2;164;82;106m██[38;2;238;98;123m██[38;2;65;65;65m██[38;2;189;189;197m██[38;2;65;65;65m██[38;2;255;255;255m██[38;2;255;255;255m██[38;2;115;98;65m██[38;2;246;164;197m██[38;2;246;164;197m██[38;2;65;65;65m██[38;2;65;65;65m██[38;2;65;65;65m██[38;2;0;0;0m██        
  [38;2;0;0;0m██[38;2;238;98;123m██[38;2;164;82;106m██[38;2;65;65;65m██[38;2;65;65;65m██[38;2;189;189;197m██[38;2;65;65;65m██[38;2;65;65;65m██[38;2;65;65;65m██[38;2;65;65;65m██[38;2;65;65;65m██[38;2;189;189;197m██[38;2;189;189;197m██[38;2;0;0;0m██          
    [38;2;0;0;0m██[38;2;65;65;65m██[38;2;238;98;123m██[38;2;74;172;156m██[38;2;65;65;65m██[38;2;189;189;197m██[38;2;189;189;197m██[38;2;189;189;197m██[38;2;189;189;197m██[38;2;189;189;197m██[38;2;65;65;65m██[38;2;0;0;0m██[38;2;238;98;123m██[38;2;0;0;0m██[38;2;0;0;0m██      
    [38;2;0;0;0m██[38;2;238;98;123m██[38;2;65;65;65m██[38;2;0;0;0m██[38;2;98;98;98m██[38;2;65;65;65m██[38;2;65;65;65m██[38;2;139;222;197m██[38;2;65;65;65m██[38;2;65;65;65m██[38;2;164;82;106m██[38;2;238;98;123m██[38;2;238;98;123m██[38;2;238;98;123m██[38;2;238;98;123m██[38;2;0;0;0m██[38;2;0;0;0m██  
  [38;2;0;0;0m██[38;2;238;98;123m██[38;2;65;65;65m██[38;2;164;82;106m██[38;2;0;0;0m██[38;2;98;98;98m██[38;2;98;98;98m██[38;2;74;172;156m██[38;2;0;0;0m██[38;2;74;172;156m██[38;2;238;98;123m██[38;2;65;65;65m██[38;2;238;98;123m██[38;2;238;98;123m██[38;2;164;82;106m██[38;2;238;98;123m██[38;2;65;65;65m██[38;2;246;164;197m██[38;2;0;0;0m██
  [38;2;0;0;0m██[38;2;238;98;123m██[38;2;65;65;65m██[38;2;0;0;0m██[38;2;189;189;197m██[38;2;98;98;98m██[38;2;98;98;98m██[38;2;74;172;156m██[38;2;0;0;0m██[38;2;74;172;156m██[38;2;238;98;123m██[38;2;65;65;65m██[38;2;65;65;65m██[38;2;238;98;123m██[38;2;238;98;123m██[38;2;65;65;65m██[38;2;197;123;164m██[38;2;197;123;164m██[38;2;0;0;0m██
[38;2;0;0;0m██[38;2;238;98;123m██[38;2;238;98;123m██[38;2;0;0;0m██  [38;2;0;0;0m██[38;2;65;65;65m██[38;2;98;98;98m██[38;2;98;98;98m██[38;2;255;255;255m██[38;2;65;65;65m██[38;2;238;98;123m██[38;2;65;65;65m██[38;2;164;82;106m██[38;2;65;65;65m██[38;2;65;65;65m██[38;2;65;65;65m██[38;2;197;123;164m██[38;2;197;123;164m██[38;2;0;0;0m██
[38;2;0;0;0m██[38;2;238;98;123m██[38;2;164;82;106m██[38;2;238;98;123m██[38;2;0;0;0m██[38;2;0;0;0m██[38;2;255;255;255m██[38;2;65;65;65m██[38;2;65;65;65m██[38;2;65;65;65m██[38;2;65;65;65m██[38;2;238;98;123m██[38;2;65;65;65m██[38;2;189;189;197m██[38;2;164;82;106m██[38;2;65;65;65m██[38;2;197;123;164m██[38;2;197;123;164m██[38;2;65;65;65m██[38;2;0;0;0m██
[38;2;0;0;0m██[38;2;238;98;123m██[38;2;164;82;106m██[38;2;238;98;123m██[38;2;65;65;65m██[38;2;255;255;255m██[38;2;65;65;65m██[38;2;98;98;98m██[38;2;255;255;255m██[38;2;255;255;255m██[38;2;65;65;65m██[38;2;238;98;123m██[38;2;164;82;106m██[38;2;65;65;65m██[38;2;189;189;197m██[38;2;164;82;106m██[38;2;65;65;65m██[38;2;197;123;164m██[38;2;0;0;0m██  
  [38;2;0;0;0m██[38;2;238;98;123m██[38;2;65;65;65m██[38;2;98;98;98m██[38;2;255;255;255m██[38;2;98;98;98m██[38;2;65;65;65m██[38;2;98;98;98m██[38;2;98;98;98m██[38;2;65;65;65m██[38;2;238;98;123m██[38;2;238;98;123m██[38;2;65;65;65m██[38;2;255;255;255m██[38;2;164;82;106m██[38;2;197;123;164m██[38;2;0;0;0m██    
    [38;2;0;0;0m██[38;2;246;164;197m██[38;2;98;98;98m██[38;2;255;255;255m██[38;2;98;98;98m██[38;2;238;98;123m██[38;2;65;65;65m██[38;2;65;65;65m██[38;2;65;65;65m██[38;2;238;98;123m██[38;2;238;98;123m██[38;2;65;65;65m██[38;2;255;255;255m██[38;2;164;82;106m██[38;2;197;123;164m██[38;2;0;0;0m██    
    [38;2;0;0;0m██[38;2;246;164;197m██[38;2;115;98;65m██[38;2;98;98;98m██[38;2;255;255;255m██[38;2;189;189;197m██[38;2;238;98;123m██[38;2;238;98;123m██[38;2;65;65;65m██[38;2;164;82;106m██[38;2;238;98;123m██[38;2;65;65;65m██[38;2;164;82;106m██[38;2;246;164;197m██[38;2;197;123;164m██[38;2;0;0;0m██    
    [38;2;0;0;0m██[38;2;197;123;164m██[38;2;115;98;65m██[38;2;189;189;197m██[38;2;98;98;98m██[38;2;98;98;98m██[38;2;255;255;255m██[38;2;255;255;255m██[38;2;65;65;65m██[38;2;65;65;65m██[38;2;65;65;65m██[38;2;115;98;65m██[38;2;246;164;197m██[38;2;197;123;164m██[38;2;197;123;164m██[38;2;0;0;0m██    
      [38;2;0;0;0m██[38;2;115;98;65m██[38;2;180;148;90m██[38;2;189;189;197m██[38;2;189;189;197m██[38;2;65;65;65m██[38;2;65;65;65m██[38;2;65;65;65m██[38;2;115;98;65m██[38;2;115;98;65m██[38;2;238;98;123m██[38;2;115;98;65m██[38;2;197;123;164m██[38;2;0;0;0m██      
      [38;2;0;0;0m██[38;2;197;123;164m██[38;2;115;98;65m██[38;2;189;189;197m██[38;2;115;98;65m██[38;2;115;98;65m██[38;2;246;164;197m██[38;2;115;98;65m██[38;2;238;98;123m██[38;2;115;98;65m██[38;2;238;98;123m██[38;2;115;98;65m██[38;2;197;123;164m██[38;2;0;0;0m██      
        [38;2;0;0;0m██[38;2;197;123;164m██[38;2;115;98;65m██[38;2;115;98;65m██[38;2;197;123;164m██[38;2;197;123;164m██[38;2;115;98;65m██[38;2;115;98;65m██[38;2;115;98;65m██[38;2;115;98;65m██[38;2;115;98;65m██[38;2;0;0;0m██        
          [38;2;0;0;0m██[38;2;189;189;197m██[38;2;189;189;197m██[38;2;115;98;65m██[38;2;197;123;164m██[38;2;115;98;65m██[38;2;238;98;123m██[38;2;115;98;65m██[38;2;164;82;106m██[38;2;0;0;0m██          
            [38;2;0;0;0m██[38;2;0;0;0m██[38;2;115;98;65m██[38;2;197;123;164m██[38;2;197;123;164m██[38;2;115;98;65m██[38;2;0;0;0m██[38;2;0;0;0m██            
                [38;2;0;0;0m██[38;2;0;0;0m██[38;2;0;0;0m██[38;2;0;0;0m██                
