                            [38;2;0;0;0m██[38;2;0;0;0m██[38;2;0;0;0m██          
                          [38;2;0;0;0m██[38;2;131;106;164m██[38;2;156;123;205m██[38;2;156;123;205m██[38;2;0;0;0m██        
                        [38;2;0;0;0m██[38;2;156;123;205m██[38;2;156;123;205m██[38;2;65;65;65m██[38;2;65;65;65m██[38;2;0;0;0m██        
                      [38;2;0;0;0m██[38;2;156;123;205m██[38;2;156;123;205m██[38;2;65;65;65m██[38;2;180;213;255m██[38;2;0;0;0m██          
                    [38;2;0;0;0m██[38;2;156;123;205m██[38;2;156;123;205m██[38;2;65;65;65m██[38;2;180;213;255m██[38;2;0;0;0m██            
                    [38;2;0;0;0m██[38;2;156;123;205m██[38;2;65;65;65m██[38;2;180;213;255m██[38;2;180;213;255m██[38;2;0;0;0m██            
                [38;2;0;0;0m██[38;2;0;0;0m██[38;2;131;106;164m██[38;2;131;106;164m██[38;2;131;106;164m██[38;2;65;65;65m██[38;2;65;65;65m██[38;2;0;0;0m██            
  [38;2;0;0;0m██[38;2;0;0;0m██[38;2;0;0;0m██    [38;2;0;0;0m██[38;2;0;0;0m██[38;2;156;123;205m██[38;2;156;123;205m██[38;2;156;123;205m██[38;2;156;123;205m██[38;2;156;123;205m██[38;2;156;123;205m██[38;2;156;123;205m██[38;2;65;65;65m██[38;2;0;0;0m██          
[38;2;0;0;0m██[38;2;131;106;164m██[38;2;131;106;164m██[38;2;65;65;65m██[38;2;0;0;0m██[38;2;0;0;0m██[38;2;131;106;164m██[38;2;156;123;205m██[38;2;156;123;205m██[38;2;156;123;205m██[38;2;156;123;205m██[38;2;156;123;205m██[38;2;156;123;205m██[38;2;156;123;205m██[38;2;156;123;205m██[38;2;115;98;57m██[38;2;115;98;57m██[38;2;0;0;0m██        
  [38;2;0;0;0m██[38;2;0;0;0m██[38;2;65;65;65m██[38;2;131;106;164m██[38;2;131;106;164m██[38;2;131;106;164m██[38;2;131;106;164m██[38;2;156;123;205m██[38;2;156;123;205m██[38;2;156;123;205m██[38;2;156;123;205m██[38;2;156;123;205m██[38;2;156;123;205m██[38;2;156;123;205m██[38;2;115;98;57m██[38;2;255;255;255m██[38;2;205;205;205m██[38;2;0;0;0m██      
      [38;2;0;0;0m██[38;2;0;0;0m██[38;2;65;65;65m██[38;2;65;65;65m██[38;2;65;65;65m██[38;2;131;106;164m██[38;2;156;123;205m██[38;2;156;123;205m██[38;2;156;123;205m██[38;2;156;123;205m██[38;2;115;98;57m██[38;2;115;98;57m██[38;2;115;98;57m██[38;2;255;255;255m██[38;2;115;98;57m██[38;2;0;0;0m██      
          [38;2;0;0;0m██[38;2;65;65;65m██[38;2;65;65;65m██[38;2;65;65;65m██[38;2;65;65;65m██[38;2;131;106;164m██[38;2;115;98;57m██[38;2;115;98;57m██[38;2;205;205;205m██[38;2;255;255;255m██[38;2;115;98;57m██[38;2;255;255;255m██[38;2;131;106;164m██[38;2;115;98;57m██[38;2;0;0;0m██    
          [38;2;0;0;0m██[38;2;131;106;164m██[38;2;65;65;65m██[38;2;65;65;65m██[38;2;172;172;172m██[38;2;65;65;65m██[38;2;65;65;65m██[38;2;255;255;255m██[38;2;255;255;255m██[38;2;255;255;255m██[38;2;115;98;57m██[38;2;115;98;57m██[38;2;115;98;57m██[38;2;180;213;255m██[38;2;0;0;0m██    
            [38;2;0;0;0m██[38;2;0;0;0m██[38;2;74;172;156m██[38;2;0;0;0m██[38;2;172;172;172m██[38;2;172;172;172m██[38;2;65;65;65m██[38;2;65;65;65m██[38;2;255;255;255m██[38;2;115;98;57m██[38;2;131;106;164m██[38;2;115;98;57m██[38;2;115;98;57m██[38;2;0;0;0m██    
              [38;2;0;0;0m██[38;2;139;222;197m██[38;2;0;0;0m██[38;2;205;205;205m██[38;2;98;98;98m██[38;2;74;172;156m██[38;2;0;0;0m██[38;2;65;65;65m██[38;2;115;98;57m██[38;2;205;205;205m██[38;2;205;205;205m██[38;2;115;98;57m██[38;2;0;0;0m██    
            [38;2;0;0;0m██[38;2;65;65;65m██[38;2;148;164;205m██[38;2;65;65;65m██[38;2;205;205;205m██[38;2;98;98;98m██[38;2;74;172;156m██[38;2;0;0;0m██[38;2;74;172;156m██[38;2;65;65;65m██[38;2;65;65;65m██[38;2;205;205;205m██[38;2;65;65;65m██[38;2;0;0;0m██    
          [38;2;0;0;0m██[38;2;180;213;255m██[38;2;180;213;255m██[38;2;65;65;65m██[38;2;148;164;205m██[38;2;65;65;65m██[38;2;98;98;98m██[38;2;98;98;98m██[38;2;139;222;197m██[38;2;65;65;65m██[38;2;148;164;205m██[38;2;65;65;65m██[38;2;65;65;65m██[38;2;0;0;0m██      
            [38;2;0;0;0m██[38;2;180;213;255m██[38;2;180;213;255m██[38;2;148;164;205m██[38;2;65;65;65m██[38;2;65;65;65m██[38;2;65;65;65m██[38;2;65;65;65m██[38;2;65;65;65m██[38;2;148;164;205m██[38;2;148;164;205m██[38;2;65;65;65m██[38;2;0;0;0m██      
          [38;2;0;0;0m██[38;2;180;213;255m██[38;2;180;213;255m██[38;2;180;213;255m██[38;2;65;65;65m██[38;2;65;65;65m██[38;2;65;65;65m██[38;2;205;205;205m██[38;2;65;65;65m██[38;2;148;164;205m██[38;2;148;164;205m██[38;2;148;164;205m██[38;2;65;65;65m██[38;2;0;0;0m██[38;2;0;0;0m██[38;2;0;0;0m██  
            [38;2;0;0;0m██[38;2;0;0;0m██[38;2;0;0;0m██[38;2;65;65;65m██[38;2;131;106;164m██[38;2;65;65;65m██[38;2;65;65;65m██[38;2;65;65;65m██[38;2;148;164;205m██[38;2;148;164;205m██[38;2;65;65;65m██[38;2;180;213;255m██[38;2;180;213;255m██[38;2;180;213;255m██[38;2;180;213;255m██[38;2;0;0;0m██
                [38;2;0;0;0m██[38;2;131;106;164m██[38;2;65;65;65m██[38;2;180;213;255m██[38;2;65;65;65m██[38;2;65;65;65m██[38;2;65;65;65m██[38;2;180;213;255m██[38;2;180;213;255m██[38;2;180;213;255m██[38;2;180;213;255m██[38;2;180;213;255m██[38;2;0;0;0m██  
              [38;2;0;0;0m██[38;2;65;65;65m██[38;2;131;106;164m██[38;2;65;65;65m██[38;2;148;164;205m██[38;2;65;65;65m██[38;2;65;65;65m██[38;2;65;65;65m██[38;2;65;65;65m██[38;2;65;65;65m██[38;2;180;213;255m██[38;2;180;213;255m██[38;2;180;213;255m██[38;2;180;213;255m██[38;2;0;0;0m██
              [38;2;0;0;0m██[38;2;65;65;65m██[38;2;131;106;164m██[38;2;131;106;164m██[38;2;65;65;65m██[38;2;65;65;65m██[38;2;65;65;65m██[38;2;131;106;164m██[38;2;205;205;205m██[38;2;0;0;0m██[38;2;0;0;0m██[38;2;0;0;0m██[38;2;0;0;0m██[38;2;0;0;0m██  
              [38;2;0;0;0m██[38;2;156;123;205m██[38;2;65;65;65m██[38;2;65;65;65m██[38;2;65;65;65m██[38;2;205;205;205m██[38;2;205;205;205m██[38;2;65;65;65m██[38;2;0;0;0m██            
                [38;2;0;0;0m██[38;2;156;123;205m██[38;2;156;123;205m██[38;2;131;106;164m██[38;2;65;65;65m██[38;2;0;0;0m██[38;2;0;0;0m██              
                  [38;2;0;0;0m██[38;2;0;0;0m██[38;2;0;0;0m██[38;2;0;0;0m██                  
