                    [38;2;0;0;0m██                                        
                  [38;2;0;0;0m██[38;2;255;255;255m██[38;2;0;0;0m██            [38;2;0;0;0m██[38;2;0;0;0m██                      
                  [38;2;0;0;0m██[38;2;255;255;255m██[38;2;255;255;255m██[38;2;0;0;0m██  [38;2;0;0;0m██[38;2;0;0;0m██  [38;2;0;0;0m██[38;2;255;255;255m██[38;2;205;205;205m██[38;2;0;0;0m██                    
                    [38;2;0;0;0m██[38;2;255;255;255m██[38;2;0;0;0m██[38;2;0;0;0m██[38;2;246;131;82m██[38;2;246;131;82m██[38;2;0;0;0m██[38;2;255;255;255m██[38;2;205;205;205m██[38;2;255;255;255m██[38;2;0;0;0m██                    
                    [38;2;0;0;0m██[38;2;255;255;255m██[38;2;255;255;255m██[38;2;106;106;106m██[38;2;246;131;82m██[38;2;246;131;82m██[38;2;106;106;106m██[38;2;255;255;255m██[38;2;255;255;255m██[38;2;0;0;0m██                      
                    [38;2;0;0;0m██[38;2;106;106;106m██[38;2;255;255;255m██[38;2;106;106;106m██[38;2;246;131;82m██[38;2;106;106;106m██[38;2;255;255;255m██[38;2;255;255;255m██[38;2;0;0;0m██                        
        [38;2;0;0;0m██[38;2;0;0;0m██        [38;2;0;0;0m██[38;2;246;131;82m██[38;2;106;106;106m██[38;2;255;255;255m██[38;2;172;98;41m██[38;2;255;255;255m██[38;2;255;255;255m██[38;2;106;106;106m██[38;2;246;131;82m██[38;2;0;0;0m██                      
      [38;2;0;0;0m██[38;2;106;106;106m██[38;2;255;222;65m██[38;2;0;0;0m██    [38;2;0;0;0m██[38;2;246;131;82m██[38;2;246;131;82m██[38;2;106;106;106m██[38;2;172;98;41m██[38;2;205;205;205m██[38;2;172;98;41m██[38;2;106;106;106m██[38;2;246;131;82m██[38;2;246;131;82m██[38;2;0;0;0m██                      
      [38;2;0;0;0m██[38;2;255;222;65m██[38;2;189;156;65m██[38;2;255;222;65m██[38;2;0;0;0m██  [38;2;0;0;0m██[38;2;106;106;106m██[38;2;246;131;82m██[38;2;172;98;41m██[38;2;255;255;255m██[38;2;205;205;205m██[38;2;255;255;255m██[38;2;172;98;41m██[38;2;246;131;82m██[38;2;106;106;106m██[38;2;0;0;0m██      [38;2;0;0;0m██[38;2;0;0;0m██            
        [38;2;0;0;0m██[38;2;255;222;65m██[38;2;189;156;65m██[38;2;0;0;0m██  [38;2;0;0;0m██[38;2;255;255;255m██[38;2;106;106;106m██[38;2;255;255;255m██[38;2;255;222;65m██[38;2;255;222;65m██[38;2;255;255;255m██[38;2;255;255;255m██[38;2;106;106;106m██[38;2;255;255;255m██[38;2;0;0;0m██    [38;2;0;0;0m██[38;2;189;156;65m██[38;2;255;222;65m██[38;2;0;0;0m██          
          [38;2;0;0;0m██[38;2;189;156;65m██[38;2;255;222;65m██[38;2;0;0;0m██[38;2;0;0;0m██[38;2;255;255;255m██[38;2;106;106;106m██[38;2;205;205;205m██[38;2;255;222;65m██[38;2;255;222;65m██[38;2;205;205;205m██[38;2;106;106;106m██[38;2;255;255;255m██[38;2;255;255;255m██[38;2;0;0;0m██  [38;2;0;0;0m██[38;2;255;222;65m██[38;2;255;222;65m██[38;2;189;156;65m██[38;2;255;222;65m██[38;2;0;0;0m██        
          [38;2;0;0;0m██[38;2;255;222;65m██[38;2;189;156;65m██[38;2;0;0;0m██  [38;2;0;0;0m██[38;2;255;255;255m██[38;2;106;106;106m██[38;2;205;205;205m██[38;2;205;205;205m██[38;2;106;106;106m██[38;2;255;255;255m██[38;2;255;255;255m██[38;2;0;0;0m██  [38;2;0;0;0m██[38;2;255;222;65m██[38;2;189;156;65m██[38;2;189;156;65m██[38;2;255;222;65m██[38;2;0;0;0m██          
            [38;2;0;0;0m██[38;2;255;222;65m██[38;2;189;156;65m██[38;2;0;0;0m██[38;2;0;0;0m██[38;2;255;255;255m██[38;2;106;106;106m██[38;2;205;205;205m██[38;2;106;106;106m██[38;2;255;255;255m██[38;2;255;255;255m██[38;2;255;255;255m██[38;2;0;0;0m██[38;2;0;0;0m██[38;2;255;222;65m██[38;2;189;156;65m██[38;2;255;222;65m██[38;2;255;222;65m██[38;2;0;0;0m██            
[38;2;0;0;0m██[38;2;0;0;0m██[38;2;0;0;0m██[38;2;0;0;0m██[38;2;0;0;0m██    [38;2;0;0;0m██[38;2;255;222;65m██[38;2;189;156;65m██[38;2;106;106;106m██[38;2;255;255;255m██[38;2;255;255;255m██[38;2;106;106;106m██[38;2;255;255;255m██[38;2;255;255;255m██[38;2;255;255;255m██[38;2;106;106;106m██[38;2;255;222;65m██[38;2;189;156;65m██[38;2;189;156;65m██[38;2;255;222;65m██[38;2;0;0;0m██[38;2;0;0;0m██              
[38;2;0;0;0m██[38;2;255;255;255m██[38;2;255;255;255m██[38;2;255;255;255m██[38;2;205;205;205m██[38;2;0;0;0m██[38;2;0;0;0m██[38;2;0;0;0m██[38;2;106;106;106m██[38;2;255;222;65m██[38;2;189;156;65m██[38;2;106;106;106m██[38;2;172;98;41m██[38;2;246;131;82m██[38;2;172;98;41m██[38;2;255;255;255m██[38;2;106;106;106m██[38;2;255;222;65m██[38;2;189;156;65m██[38;2;255;222;65m██[38;2;0;0;0m██[38;2;0;0;0m██                  
[38;2;0;0;0m██[38;2;205;205;205m██[38;2;255;255;255m██[38;2;255;255;255m██[38;2;255;255;255m██[38;2;255;255;255m██[38;2;255;255;255m██[38;2;255;255;255m██[38;2;106;106;106m██[38;2;106;106;106m██[38;2;106;106;106m██[38;2;255;222;65m██[38;2;246;131;82m██[38;2;246;131;82m██[38;2;246;131;82m██[38;2;106;106;106m██[38;2;255;222;65m██[38;2;189;156;65m██[38;2;255;222;65m██[38;2;0;0;0m██                      
  [38;2;0;0;0m██[38;2;255;255;255m██[38;2;255;255;255m██[38;2;255;255;255m██[38;2;255;255;255m██[38;2;255;255;255m██[38;2;255;255;255m██[38;2;106;106;106m██[38;2;255;222;65m██[38;2;255;255;255m██[38;2;106;106;106m██[38;2;106;106;106m██[38;2;106;106;106m██[38;2;106;106;106m██[38;2;255;222;65m██[38;2;189;156;65m██[38;2;255;222;65m██[38;2;106;106;106m██[38;2;0;0;0m██[38;2;0;0;0m██[38;2;0;0;0m██[38;2;0;0;0m██[38;2;0;0;0m██[38;2;0;0;0m██[38;2;0;0;0m██[38;2;0;0;0m██[38;2;0;0;0m██[38;2;0;0;0m██[38;2;0;0;0m██[38;2;0;0;0m██
    [38;2;0;0;0m██[38;2;0;0;0m██[38;2;0;0;0m██[38;2;0;0;0m██[38;2;0;0;0m██[38;2;255;255;255m██[38;2;255;255;255m██[38;2;106;106;106m██[38;2;255;222;65m██[38;2;255;222;65m██[38;2;106;106;106m██[38;2;255;222;65m██[38;2;106;106;106m██[38;2;106;106;106m██[38;2;106;106;106m██[38;2;106;106;106m██[38;2;255;222;65m██[38;2;255;255;255m██[38;2;255;222;65m██[38;2;106;106;106m██[38;2;255;255;255m██[38;2;255;255;255m██[38;2;255;255;255m██[38;2;255;255;255m██[38;2;255;255;255m██[38;2;255;255;255m██[38;2;255;255;255m██[38;2;255;255;255m██[38;2;0;0;0m██
              [38;2;0;0;0m██[38;2;0;0;0m██[38;2;0;0;0m██[38;2;0;0;0m██[38;2;65;65;65m██[38;2;106;106;106m██[38;2;255;222;65m██[38;2;106;106;106m██[38;2;255;222;65m██[38;2;255;222;65m██[38;2;255;222;65m██[38;2;255;255;255m██[38;2;255;222;65m██[38;2;106;106;106m██[38;2;255;255;255m██[38;2;255;255;255m██[38;2;255;255;255m██[38;2;255;255;255m██[38;2;255;255;255m██[38;2;255;255;255m██[38;2;255;255;255m██[38;2;255;255;255m██[38;2;0;0;0m██  
                      [38;2;0;0;0m██[38;2;205;205;205m██[38;2;106;106;106m██[38;2;106;106;106m██[38;2;106;106;106m██[38;2;106;106;106m██[38;2;106;106;106m██[38;2;0;0;0m██[38;2;0;0;0m██[38;2;0;0;0m██[38;2;0;0;0m██[38;2;0;0;0m██[38;2;205;205;205m██[38;2;255;255;255m██[38;2;255;255;255m██[38;2;255;255;255m██[38;2;255;255;255m██[38;2;0;0;0m██    
                    [38;2;0;0;0m██[38;2;255;255;255m██[38;2;205;205;205m██[38;2;255;255;255m██[38;2;255;255;255m██[38;2;205;205;205m██[38;2;255;255;255m██[38;2;65;65;65m██[38;2;0;0;0m██        [38;2;0;0;0m██[38;2;0;0;0m██[38;2;0;0;0m██[38;2;0;0;0m██[38;2;0;0;0m██      
                    [38;2;0;0;0m██[38;2;255;255;255m██[38;2;255;255;255m██[38;2;205;205;205m██[38;2;205;205;205m██[38;2;255;255;255m██[38;2;255;255;255m██[38;2;106;106;106m██[38;2;246;131;82m██[38;2;0;0;0m██                      
                  [38;2;0;0;0m██[38;2;205;205;205m██[38;2;205;205;205m██[38;2;246;131;82m██[38;2;0;0;0m██[38;2;0;0;0m██[38;2;255;255;255m██[38;2;255;255;255m██[38;2;255;255;255m██[38;2;106;106;106m██[38;2;0;0;0m██                      
                  [38;2;0;0;0m██[38;2;205;205;205m██[38;2;205;205;205m██[38;2;0;0;0m██    [38;2;0;0;0m██[38;2;255;255;255m██[38;2;205;205;205m██[38;2;205;205;205m██[38;2;106;106;106m██[38;2;0;0;0m██                    
                  [38;2;0;0;0m██[38;2;255;255;255m██[38;2;246;131;82m██[38;2;0;0;0m██      [38;2;0;0;0m██[38;2;205;205;205m██[38;2;205;205;205m██[38;2;255;255;255m██[38;2;0;0;0m██                    
                  [38;2;0;0;0m██[38;2;255;255;255m██[38;2;0;0;0m██          [38;2;0;0;0m██[38;2;255;255;255m██[38;2;255;255;255m██[38;2;0;0;0m██                    
                    [38;2;0;0;0m██            [38;2;0;0;0m██[38;2;205;205;205m██[38;2;205;205;205m██[38;2;0;0;0m██                    
                                    [38;2;0;0;0m██[38;2;255;255;255m██[38;2;0;0;0m██                    
                                      [38;2;0;0;0m██[38;2;0;0;0m██                    
