                                                          [38;2;139;32;41m██                                                        
                                                        [38;2;139;32;41m██[38;2;205;139;16m██[38;2;139;32;41m██  [38;2;139;32;41m██[38;2;139;32;41m██                                                
                                                  [38;2;139;32;41m██[38;2;139;32;41m██[38;2;139;32;41m██[38;2;205;139;16m██[38;2;205;139;16m██[38;2;205;139;16m██[38;2;139;32;41m██[38;2;255;255;156m██[38;2;139;32;41m██                                                
                                                [38;2;139;32;41m██[38;2;255;255;156m██[38;2;205;139;16m██[38;2;139;32;41m██[38;2;139;32;41m██[38;2;139;32;41m██[38;2;205;139;16m██[38;2;255;213;0m██[38;2;255;255;156m██[38;2;255;255;156m██[38;2;205;139;16m██                                              
                                                [38;2;139;32;41m██[38;2;255;255;156m██[38;2;255;213;0m██[38;2;255;213;0m██[38;2;255;255;156m██[38;2;139;32;41m██[38;2;205;139;16m██[38;2;139;32;41m██[38;2;255;213;0m██[38;2;255;213;0m██[38;2;255;213;0m██[38;2;139;32;41m██                                            
                                                [38;2;205;139;16m██[38;2;255;255;156m██[38;2;255;255;156m██[38;2;255;213;0m██[38;2;255;255;156m██[38;2;139;32;41m██[38;2;205;139;16m██[38;2;205;139;16m██[38;2;16;16;16m██[38;2;255;213;0m██[38;2;255;213;0m██[38;2;255;213;0m██[38;2;139;32;41m██                                          
                                              [38;2;205;139;16m██[38;2;255;255;156m██[38;2;255;255;156m██[38;2;255;255;156m██[38;2;255;255;156m██[38;2;255;255;156m██[38;2;255;213;0m██[38;2;139;32;41m██[38;2;205;139;16m██[38;2;139;32;41m██[38;2;255;213;0m██[38;2;255;213;0m██[38;2;255;213;0m██[38;2;205;139;16m██[38;2;139;32;41m██                                        
                                            [38;2;205;139;16m██[38;2;255;255;156m██[38;2;255;255;156m██[38;2;255;255;156m██[38;2;255;255;156m██[38;2;255;255;156m██[38;2;255;255;156m██[38;2;255;213;0m██[38;2;255;213;0m██[38;2;139;32;41m██[38;2;205;139;16m██[38;2;16;16;16m██[38;2;255;213;0m██[38;2;255;213;0m██[38;2;255;213;0m██[38;2;255;213;0m██[38;2;16;16;16m██                                      
                                            [38;2;205;139;16m██[38;2;255;255;156m██[38;2;255;255;156m██[38;2;255;255;156m██[38;2;255;255;156m██[38;2;255;255;156m██[38;2;255;255;156m██[38;2;255;213;0m██[38;2;255;213;0m██[38;2;255;213;0m██[38;2;139;32;41m██[38;2;139;32;41m██[38;2;255;213;0m██[38;2;255;213;0m██[38;2;255;213;0m██[38;2;255;213;0m██[38;2;16;16;16m██                                      
                                          [38;2;139;32;41m██[38;2;255;213;0m██[38;2;255;255;156m██[38;2;255;255;156m██[38;2;255;255;156m██[38;2;255;255;156m██[38;2;255;255;156m██[38;2;255;213;0m██[38;2;255;213;0m██[38;2;255;213;0m██[38;2;255;213;0m██[38;2;139;32;41m██[38;2;205;139;16m██[38;2;16;16;16m██[38;2;255;213;0m██[38;2;255;213;0m██[38;2;205;139;16m██[38;2;205;139;16m██[38;2;16;16;16m██                                    
                                          [38;2;139;32;41m██[38;2;255;213;0m██[38;2;255;213;0m██[38;2;255;255;156m██[38;2;255;255;156m██[38;2;255;255;156m██[38;2;255;213;0m██[38;2;255;213;0m██[38;2;255;213;0m██[38;2;255;213;0m██[38;2;255;213;0m██[38;2;255;213;0m██[38;2;139;32;41m██[38;2;16;16;16m██[38;2;255;213;0m██[38;2;255;213;0m██[38;2;205;139;16m██[38;2;205;139;16m██[38;2;16;16;16m██                                    
                                          [38;2;139;32;41m██[38;2;255;213;0m██[38;2;255;213;0m██[38;2;255;213;0m██[38;2;255;213;0m██[38;2;255;213;0m██[38;2;255;213;0m██[38;2;255;213;0m██[38;2;255;213;0m██[38;2;255;213;0m██[38;2;255;213;0m██[38;2;255;213;0m██[38;2;139;32;41m██[38;2;16;16;16m██[38;2;255;213;0m██[38;2;205;139;16m██[38;2;205;139;16m██[38;2;205;139;16m██[38;2;16;16;16m██                                    
                                        [38;2;139;32;41m██[38;2;205;139;16m██[38;2;205;139;16m██[38;2;255;213;0m██[38;2;255;213;0m██[38;2;255;213;0m██[38;2;255;213;0m██[38;2;255;213;0m██[38;2;255;213;0m██[38;2;255;213;0m██[38;2;255;213;0m██[38;2;255;213;0m██[38;2;255;213;0m██[38;2;205;139;16m██[38;2;139;32;41m██[38;2;205;139;16m██[38;2;205;139;16m██[38;2;205;139;16m██[38;2;205;139;16m██[38;2;205;139;16m██[38;2;139;32;41m██                                  
                                  [38;2;49;90;16m██[38;2;49;90;16m██[38;2;49;90;16m██[38;2;139;32;41m██[38;2;205;139;16m██[38;2;205;139;16m██[38;2;205;139;16m██[38;2;205;139;16m██[38;2;255;213;0m██[38;2;255;213;0m██[38;2;255;213;0m██[38;2;255;213;0m██[38;2;255;213;0m██[38;2;205;139;16m██[38;2;205;139;16m██[38;2;205;139;16m██[38;2;205;139;16m██[38;2;139;32;41m██[38;2;205;139;16m██[38;2;205;139;16m██[38;2;205;139;16m██[38;2;205;139;16m██[38;2;205;139;16m██[38;2;139;32;41m██                                  
      [38;2;49;90;16m██[38;2;49;90;16m██[38;2;49;90;16m██                [38;2;49;90;16m██[38;2;49;90;16m██  [38;2;49;90;16m██[38;2;139;222;74m██[38;2;139;222;74m██[38;2;49;90;16m██[38;2;49;90;16m██[38;2;49;90;16m██[38;2;205;139;16m██[38;2;205;139;16m██[38;2;205;139;16m██[38;2;205;139;16m██[38;2;205;139;16m██[38;2;205;139;16m██[38;2;205;139;16m██[38;2;205;139;16m██[38;2;205;139;16m██[38;2;205;139;16m██[38;2;205;139;16m██[38;2;139;32;41m██[38;2;205;139;16m██[38;2;205;139;16m██[38;2;205;139;16m██[38;2;205;139;16m██[38;2;205;139;16m██[38;2;139;32;41m██                                  
  [38;2;49;131;49m██[38;2;49;131;49m██[38;2;49;131;49m██[38;2;139;222;74m██[38;2;139;222;74m██[38;2;49;131;49m██[38;2;49;131;49m██[38;2;49;131;49m██        [38;2;49;90;16m██[38;2;139;222;74m██[38;2;139;222;74m██[38;2;49;90;16m██[38;2;90;172;32m██[38;2;49;131;49m██[38;2;49;131;49m██[38;2;49;90;16m██[38;2;139;222;74m██[38;2;139;222;74m██[38;2;49;90;16m██[38;2;205;139;16m██[38;2;205;139;16m██[38;2;205;139;16m██[38;2;205;139;16m██[38;2;205;139;16m██[38;2;205;139;16m██[38;2;205;139;16m██[38;2;205;139;16m██[38;2;205;139;16m██[38;2;205;139;16m██[38;2;139;32;41m██[38;2;205;139;16m██[38;2;205;139;16m██[38;2;205;139;16m██[38;2;205;139;16m██[38;2;205;139;16m██[38;2;139;32;41m██                                  
[38;2;49;90;16m██[38;2;139;222;74m██[38;2;139;222;74m██[38;2;139;222;74m██[38;2;49;131;49m██[38;2;49;90;16m██[38;2;49;90;16m██[38;2;139;222;74m██[38;2;139;222;74m██[38;2;49;131;49m██[38;2;49;131;49m██[38;2;49;131;49m██[38;2;16;16;16m██[38;2;139;222;74m██[38;2;90;172;32m██[38;2;49;131;49m██[38;2;49;90;16m██[38;2;49;131;49m██[38;2;49;131;49m██[38;2;49;131;49m██[38;2;49;90;16m██[38;2;49;131;49m██[38;2;49;131;49m██[38;2;16;16;16m██[38;2;205;139;16m██[38;2;49;90;16m██[38;2;49;90;16m██[38;2;49;90;16m██[38;2;205;139;16m██[38;2;205;139;16m██[38;2;205;139;16m██[38;2;205;139;16m██[38;2;205;139;16m██[38;2;205;139;16m██[38;2;139;32;41m██[38;2;205;139;16m██[38;2;205;139;16m██[38;2;205;139;16m██[38;2;205;139;16m██[38;2;205;139;16m██[38;2;139;32;41m██                                  
[38;2;16;16;16m██[38;2;16;16;16m██[38;2;139;222;74m██[38;2;139;222;74m██[38;2;139;222;74m██[38;2;139;222;74m██[38;2;139;222;74m██[38;2;49;90;16m██[38;2;49;90;16m██[38;2;139;222;74m██[38;2;139;222;74m██[38;2;139;222;74m██[38;2;16;16;16m██[38;2;49;131;49m██[38;2;49;131;49m██[38;2;49;131;49m██[38;2;49;131;49m██[38;2;49;131;49m██[38;2;49;131;49m██[38;2;49;131;49m██[38;2;49;131;49m██[38;2;49;131;49m██[38;2;49;131;49m██[38;2;16;16;16m██[38;2;49;90;16m██[38;2;139;222;74m██[38;2;139;222;74m██[38;2;90;172;32m██[38;2;49;90;16m██[38;2;205;139;16m██[38;2;205;139;16m██[38;2;205;139;16m██[38;2;205;139;16m██[38;2;139;32;41m██[38;2;205;139;16m██[38;2;205;139;16m██[38;2;205;139;16m██[38;2;205;139;16m██[38;2;205;139;16m██[38;2;205;139;16m██[38;2;139;32;41m██                [38;2;49;90;16m██[38;2;49;90;16m██[38;2;49;90;16m██[38;2;49;90;16m██          
    [38;2;49;90;16m██[38;2;49;131;49m██[38;2;139;222;74m██[38;2;139;222;74m██[38;2;139;222;74m██[38;2;139;222;74m██[38;2;139;222;74m██[38;2;49;90;16m██[38;2;49;90;16m██[38;2;139;222;74m██[38;2;139;222;74m██[38;2;49;90;16m██[38;2;49;131;49m██[38;2;49;131;49m██[38;2;49;131;49m██[38;2;49;131;49m██[38;2;49;131;49m██[38;2;49;131;49m██[38;2;49;131;49m██[38;2;49;131;49m██[38;2;49;131;49m██[38;2;49;90;16m██[38;2;139;222;74m██[38;2;90;172;32m██[38;2;49;131;49m██[38;2;49;131;49m██[38;2;49;90;16m██[38;2;49;90;16m██[38;2;49;90;16m██[38;2;205;139;16m██[38;2;205;139;16m██[38;2;139;32;41m██[38;2;205;139;16m██[38;2;205;139;16m██[38;2;205;139;16m██[38;2;205;139;16m██[38;2;205;139;16m██[38;2;205;139;16m██[38;2;139;32;41m██      [38;2;49;90;16m██[38;2;49;90;16m██[38;2;49;90;16m██  [38;2;49;90;16m██[38;2;49;90;16m██[38;2;139;222;74m██[38;2;139;222;74m██[38;2;49;90;16m██[38;2;49;90;16m██[38;2;49;90;16m██[38;2;49;90;16m██    
  [38;2;49;90;16m██[38;2;49;90;16m██[38;2;90;172;32m██[38;2;90;172;32m██[38;2;139;222;74m██[38;2;139;222;74m██[38;2;139;222;74m██[38;2;139;222;74m██[38;2;139;222;74m██[38;2;139;222;74m██[38;2;49;131;49m██[38;2;49;131;49m██[38;2;16;16;16m██[38;2;49;90;16m██[38;2;49;131;49m██[38;2;49;131;49m██[38;2;49;131;49m██[38;2;49;131;49m██[38;2;49;131;49m██[38;2;49;131;49m██[38;2;49;131;49m██[38;2;49;131;49m██[38;2;49;131;49m██[38;2;49;131;49m██[38;2;49;131;49m██[38;2;49;131;49m██[38;2;49;90;16m██[38;2;16;16;16m██[38;2;90;172;32m██[38;2;90;172;32m██[38;2;49;90;16m██[38;2;205;139;16m██[38;2;139;32;41m██[38;2;205;139;16m██[38;2;205;139;16m██[38;2;205;139;16m██[38;2;205;139;16m██[38;2;205;139;16m██[38;2;139;32;41m██  [38;2;49;90;16m██[38;2;16;16;16m██[38;2;16;16;16m██[38;2;49;131;49m██[38;2;90;172;32m██[38;2;90;172;32m██[38;2;49;90;16m██[38;2;90;172;32m██[38;2;139;222;74m██[38;2;139;222;74m██[38;2;139;222;74m██[38;2;90;172;32m██[38;2;139;222;74m██[38;2;139;222;74m██[38;2;139;222;74m██[38;2;49;90;16m██[38;2;49;90;16m██
[38;2;49;90;16m██[38;2;90;172;32m██[38;2;90;172;32m██[38;2;90;172;32m██[38;2;90;172;32m██[38;2;90;172;32m██[38;2;90;172;32m██[38;2;90;172;32m██[38;2;139;222;74m██[38;2;139;222;74m██[38;2;139;222;74m██[38;2;139;222;74m██[38;2;16;16;16m██[38;2;90;172;32m██[38;2;49;131;49m██[38;2;49;131;49m██[38;2;49;131;49m██[38;2;49;131;49m██[38;2;49;131;49m██[38;2;49;90;16m██[38;2;49;131;49m██[38;2;49;131;49m██[38;2;49;131;49m██[38;2;49;131;49m██[38;2;49;131;49m██[38;2;49;131;49m██[38;2;16;16;16m██[38;2;49;90;16m██[38;2;49;131;49m██[38;2;49;131;49m██[38;2;49;131;49m██[38;2;49;131;49m██[38;2;49;90;16m██[38;2;205;139;16m██[38;2;205;139;16m██[38;2;205;139;16m██[38;2;205;139;16m██[38;2;49;90;16m██[38;2;49;90;16m██[38;2;49;90;16m██[38;2;49;90;16m██[38;2;49;131;49m██[38;2;49;131;49m██[38;2;49;90;16m██[38;2;90;172;32m██[38;2;90;172;32m██[38;2;90;172;32m██[38;2;90;172;32m██[38;2;139;222;74m██[38;2;139;222;74m██[38;2;139;222;74m██[38;2;139;222;74m██[38;2;139;222;74m██[38;2;49;131;49m██[38;2;49;131;49m██[38;2;139;222;74m██[38;2;139;222;74m██[38;2;16;16;16m██
[38;2;16;16;16m██[38;2;90;172;32m██[38;2;90;172;32m██[38;2;49;131;49m██[38;2;49;90;16m██[38;2;49;90;16m██[38;2;90;172;32m██[38;2;90;172;32m██[38;2;90;172;32m██[38;2;90;172;32m██[38;2;90;172;32m██[38;2;139;222;74m██[38;2;16;16;16m██[38;2;49;131;49m██[38;2;49;131;49m██[38;2;49;131;49m██[38;2;49;131;49m██[38;2;49;131;49m██[38;2;49;131;49m██[38;2;49;131;49m██[38;2;49;90;16m██[38;2;49;131;49m██[38;2;49;131;49m██[38;2;49;131;49m██[38;2;49;131;49m██[38;2;49;131;49m██[38;2;49;131;49m██[38;2;49;131;49m██[38;2;49;131;49m██[38;2;49;131;49m██[38;2;49;131;49m██[38;2;49;131;49m██[38;2;49;90;16m██[38;2;16;16;16m██[38;2;205;139;16m██[38;2;49;90;16m██[38;2;49;90;16m██[38;2;49;131;49m██[38;2;49;131;49m██[38;2;16;16;16m██[38;2;49;131;49m██[38;2;49;131;49m██[38;2;49;131;49m██[38;2;49;131;49m██[38;2;90;172;32m██[38;2;90;172;32m██[38;2;49;90;16m██[38;2;49;90;16m██[38;2;49;90;16m██[38;2;49;131;49m██[38;2;49;131;49m██[38;2;90;172;32m██[38;2;139;222;74m██[38;2;139;222;74m██[38;2;139;222;74m██[38;2;49;131;49m██[38;2;49;90;16m██  
  [38;2;16;16;16m██[38;2;16;16;16m██[38;2;49;90;16m██[38;2;49;90;16m██[38;2;49;131;49m██[38;2;49;131;49m██[38;2;90;172;32m██[38;2;90;172;32m██[38;2;49;131;49m██[38;2;49;131;49m██[38;2;49;131;49m██[38;2;49;131;49m██[38;2;49;90;16m██[38;2;49;131;49m██[38;2;49;131;49m██[38;2;49;131;49m██[38;2;49;131;49m██[38;2;49;131;49m██[38;2;49;131;49m██[38;2;49;131;49m██[38;2;49;90;16m██[38;2;49;90;16m██[38;2;49;131;49m██[38;2;49;131;49m██[38;2;49;131;49m██[38;2;49;131;49m██[38;2;49;131;49m██[38;2;49;131;49m██[38;2;49;131;49m██[38;2;49;90;16m██[38;2;49;90;16m██[38;2;49;131;49m██[38;2;49;131;49m██[38;2;16;16;16m██[38;2;49;131;49m██[38;2;49;131;49m██[38;2;16;16;16m██[38;2;16;16;16m██[38;2;49;131;49m██[38;2;49;90;16m██[38;2;49;90;16m██[38;2;49;90;16m██[38;2;49;90;16m██[38;2;49;90;16m██[38;2;49;90;16m██[38;2;90;172;32m██[38;2;139;222;74m██[38;2;139;222;74m██[38;2;139;222;74m██[38;2;139;222;74m██[38;2;139;222;74m██[38;2;139;222;74m██[38;2;139;222;74m██[38;2;139;222;74m██[38;2;139;222;74m██[38;2;139;222;74m██[38;2;49;90;16m██
      [38;2;49;90;16m██[38;2;49;131;49m██[38;2;49;131;49m██[38;2;49;131;49m██[38;2;49;131;49m██[38;2;49;131;49m██[38;2;49;90;16m██[38;2;49;131;49m██[38;2;49;131;49m██[38;2;49;131;49m██[38;2;49;90;16m██[38;2;49;90;16m██[38;2;49;90;16m██[38;2;49;90;16m██[38;2;49;131;49m██[38;2;49;131;49m██[38;2;49;131;49m██[38;2;49;131;49m██[38;2;49;90;16m██[38;2;49;131;49m██[38;2;49;90;16m██[38;2;49;90;16m██[38;2;49;131;49m██[38;2;49;131;49m██[38;2;49;131;49m██[38;2;49;90;16m██[38;2;49;90;16m██[38;2;49;131;49m██[38;2;49;131;49m██[38;2;49;131;49m██[38;2;49;131;49m██[38;2;16;16;16m██[38;2;49;90;16m██[38;2;49;90;16m██[38;2;49;90;16m██[38;2;49;90;16m██[38;2;49;90;16m██[38;2;49;131;49m██[38;2;49;131;49m██[38;2;90;172;32m██[38;2;49;131;49m██[38;2;90;172;32m██[38;2;139;222;74m██[38;2;139;222;74m██[38;2;139;222;74m██[38;2;139;222;74m██[38;2;49;131;49m██[38;2;139;222;74m██[38;2;139;222;74m██[38;2;139;222;74m██[38;2;49;90;16m██[38;2;139;222;74m██[38;2;139;222;74m██[38;2;139;222;74m██[38;2;16;16;16m██
      [38;2;16;16;16m██[38;2;49;131;49m██[38;2;49;131;49m██[38;2;49;131;49m██[38;2;49;90;16m██[38;2;49;90;16m██[38;2;49;90;16m██[38;2;49;131;49m██[38;2;49;131;49m██[38;2;16;16;16m██[38;2;16;16;16m██[38;2;16;16;16m██[38;2;49;131;49m██[38;2;49;131;49m██[38;2;49;131;49m██[38;2;49;131;49m██[38;2;49;131;49m██[38;2;49;131;49m██[38;2;49;131;49m██[38;2;49;90;16m██[38;2;49;90;16m██[38;2;49;131;49m██[38;2;49;90;16m██[38;2;49;131;49m██[38;2;49;131;49m██[38;2;49;131;49m██[38;2;49;131;49m██[38;2;49;131;49m██[38;2;49;131;49m██[38;2;49;90;16m██[38;2;49;90;16m██[38;2;49;90;16m██[38;2;49;90;16m██[38;2;49;131;49m██[38;2;49;131;49m██[38;2;49;131;49m██[38;2;49;131;49m██[38;2;49;131;49m██[38;2;90;172;32m██[38;2;49;131;49m██[38;2;90;172;32m██[38;2;49;131;49m██[38;2;90;172;32m██[38;2;139;222;74m██[38;2;139;222;74m██[38;2;139;222;74m██[38;2;139;222;74m██[38;2;49;90;16m██[38;2;139;222;74m██[38;2;139;222;74m██[38;2;139;222;74m██[38;2;16;16;16m██[38;2;49;90;16m██[38;2;16;16;16m██  
        [38;2;16;16;16m██[38;2;16;16;16m██[38;2;49;90;16m██  [38;2;49;90;16m██[38;2;49;131;49m██[38;2;49;131;49m██[38;2;57;98;32m██[38;2;205;246;82m██[38;2;205;246;82m██[38;2;16;16;16m██[38;2;57;98;32m██[38;2;57;98;32m██[38;2;49;131;49m██[38;2;49;131;49m██[38;2;57;98;32m██[38;2;16;16;16m██[38;2;16;16;16m██[38;2;16;16;16m██[38;2;16;16;16m██[38;2;16;16;16m██[38;2;57;98;32m██[38;2;57;98;32m██[38;2;49;131;49m██[38;2;57;98;32m██[38;2;57;98;32m██[38;2;16;16;16m██[38;2;16;16;16m██[38;2;16;16;16m██[38;2;49;131;49m██[38;2;49;90;16m██[38;2;49;131;49m██[38;2;49;131;49m██[38;2;49;131;49m██[38;2;49;131;49m██[38;2;49;131;49m██[38;2;90;172;32m██[38;2;49;131;49m██[38;2;90;172;32m██[38;2;49;131;49m██[38;2;90;172;32m██[38;2;49;131;49m██[38;2;139;222;74m██[38;2;139;222;74m██[38;2;139;222;74m██[38;2;139;222;74m██[38;2;139;222;74m██[38;2;16;16;16m██[38;2;139;222;74m██[38;2;139;222;74m██[38;2;49;90;16m██      
                [38;2;49;90;16m██[38;2;49;131;49m██[38;2;49;131;49m██[38;2;16;16;16m██[38;2;164;213;74m██[38;2;205;246;82m██[38;2;205;246;82m██[38;2;205;246;82m██[38;2;57;98;32m██[38;2;57;98;32m██[38;2;57;98;32m██[38;2;164;213;74m██[38;2;205;246;82m██[38;2;205;246;82m██[38;2;164;213;74m██[38;2;205;246;82m██[38;2;164;213;74m██[38;2;123;164;49m██[38;2;57;98;32m██[38;2;16;16;16m██[38;2;164;213;74m██[38;2;164;213;74m██[38;2;164;213;74m██[38;2;164;213;74m██[38;2;123;164;49m██[38;2;16;16;16m██[38;2;49;90;16m██[38;2;49;131;49m██[38;2;49;131;49m██[38;2;49;131;49m██[38;2;49;131;49m██[38;2;49;131;49m██[38;2;49;131;49m██[38;2;49;90;16m██[38;2;49;131;49m██[38;2;90;172;32m██[38;2;49;131;49m██[38;2;49;90;16m██[38;2;49;131;49m██[38;2;139;222;74m██[38;2;139;222;74m██[38;2;139;222;74m██[38;2;139;222;74m██[38;2;16;16;16m██[38;2;16;16;16m██[38;2;16;16;16m██        
                  [38;2;49;90;16m██[38;2;49;90;16m██[38;2;16;16;16m██[38;2;164;213;74m██[38;2;123;164;49m██[38;2;205;246;82m██[38;2;205;246;82m██[38;2;164;213;74m██[38;2;123;164;49m██[38;2;123;164;49m██[38;2;123;164;49m██[38;2;123;164;49m██[38;2;205;246;82m██[38;2;205;246;82m██[38;2;205;246;82m██[38;2;205;246;82m██[38;2;164;213;74m██[38;2;164;213;74m██[38;2;164;213;74m██[38;2;164;213;74m██[38;2;164;213;74m██[38;2;123;164;49m██[38;2;16;16;16m██[38;2;123;164;49m██[38;2;16;16;16m██[38;2;49;131;49m██[38;2;49;131;49m██[38;2;49;131;49m██[38;2;49;131;49m██[38;2;49;131;49m██[38;2;49;131;49m██[38;2;49;131;49m██[38;2;49;131;49m██[38;2;90;172;32m██[38;2;49;131;49m██[38;2;90;172;32m██[38;2;49;131;49m██[38;2;49;90;16m██[38;2;49;131;49m██[38;2;139;222;74m██[38;2;139;222;74m██[38;2;49;90;16m██[38;2;49;90;16m██            
                      [38;2;16;16;16m██[38;2;123;164;49m██[38;2;205;246;82m██[38;2;205;246;82m██[38;2;205;246;82m██[38;2;123;164;49m██[38;2;123;164;49m██[38;2;123;164;49m██[38;2;123;164;49m██[38;2;164;213;74m██[38;2;205;246;82m██[38;2;205;246;82m██[38;2;205;246;82m██[38;2;205;246;82m██[38;2;164;213;74m██[38;2;164;213;74m██[38;2;164;213;74m██[38;2;164;213;74m██[38;2;123;164;49m██[38;2;16;16;16m██[38;2;16;16;16m██[38;2;123;164;49m██[38;2;16;16;16m██[38;2;49;90;16m██[38;2;49;131;49m██[38;2;49;131;49m██[38;2;49;90;16m██[38;2;49;131;49m██[38;2;49;131;49m██[38;2;49;131;49m██[38;2;49;131;49m██[38;2;49;90;16m██[38;2;90;172;32m██[38;2;49;131;49m██[38;2;16;16;16m██[38;2;16;16;16m██  [38;2;16;16;16m██[38;2;16;16;16m██                
                      [38;2;16;16;16m██[38;2;205;246;82m██[38;2;205;246;82m██[38;2;205;246;82m██[38;2;164;213;74m██[38;2;123;164;49m██[38;2;123;164;49m██[38;2;123;164;49m██[38;2;205;246;82m██[38;2;205;246;82m██[38;2;205;246;82m██[38;2;205;246;82m██[38;2;205;246;82m██[38;2;164;213;74m██[38;2;164;213;74m██[38;2;164;213;74m██[38;2;164;213;74m██[38;2;57;98;32m██[38;2;16;16;16m██[38;2;16;16;16m██[38;2;16;16;16m██[38;2;123;164;49m██[38;2;16;16;16m██[38;2;49;90;16m██[38;2;49;131;49m██[38;2;49;131;49m██[38;2;49;131;49m██[38;2;49;90;16m██[38;2;16;16;16m██[38;2;49;131;49m██[38;2;49;131;49m██[38;2;16;16;16m██[38;2;16;16;16m██[38;2;16;16;16m██                          
                      [38;2;123;164;49m██[38;2;205;246;82m██[38;2;205;246;82m██[38;2;205;246;82m██[38;2;123;164;49m██[38;2;123;164;49m██[38;2;164;213;74m██[38;2;205;246;82m██[38;2;205;246;82m██[38;2;205;246;82m██[38;2;205;246;82m██[38;2;205;246;82m██[38;2;164;213;74m██[38;2;164;213;74m██[38;2;164;213;74m██[38;2;164;213;74m██[38;2;123;164;49m██[38;2;16;16;16m██[38;2;16;16;16m██[38;2;16;16;16m██[38;2;16;16;16m██[38;2;123;164;49m██[38;2;16;16;16m██[38;2;123;164;49m██[38;2;16;16;16m██[38;2;49;131;49m██[38;2;49;131;49m██[38;2;16;16;16m██[38;2;123;164;49m██[38;2;16;16;16m██[38;2;16;16;16m██[38;2;123;164;49m██[38;2;123;164;49m██[38;2;123;164;49m██[38;2;57;98;32m██                        
                    [38;2;57;98;32m██[38;2;164;213;74m██[38;2;164;213;74m██[38;2;205;246;82m██[38;2;205;246;82m██[38;2;205;246;82m██[38;2;205;246;82m██[38;2;205;246;82m██[38;2;205;246;82m██[38;2;205;246;82m██[38;2;164;213;74m██[38;2;164;213;74m██[38;2;164;213;74m██[38;2;164;213;74m██[38;2;164;213;74m██[38;2;164;213;74m██[38;2;164;213;74m██[38;2;164;213;74m██[38;2;123;164;49m██[38;2;123;164;49m██[38;2;57;98;32m██[38;2;57;98;32m██[38;2;123;164;49m██[38;2;57;98;32m██[38;2;123;164;49m██[38;2;123;164;49m██[38;2;16;16;16m██[38;2;16;16;16m██[38;2;57;98;32m██[38;2;57;98;32m██[38;2;123;164;49m██[38;2;123;164;49m██[38;2;123;164;49m██[38;2;123;164;49m██[38;2;123;164;49m██[38;2;123;164;49m██[38;2;57;98;32m██                      
                    [38;2;57;98;32m██[38;2;164;213;74m██[38;2;164;213;74m██[38;2;164;213;74m██[38;2;205;246;82m██[38;2;205;246;82m██[38;2;164;213;74m██[38;2;123;164;49m██[38;2;123;164;49m██[38;2;164;213;74m██[38;2;164;213;74m██[38;2;164;213;74m██[38;2;164;213;74m██[38;2;164;213;74m██[38;2;164;213;74m██[38;2;164;213;74m██[38;2;164;213;74m██[38;2;164;213;74m██[38;2;164;213;74m██[38;2;123;164;49m██[38;2;123;164;49m██[38;2;123;164;49m██[38;2;123;164;49m██[38;2;123;164;49m██[38;2;123;164;49m██[38;2;123;164;49m██[38;2;123;164;49m██[38;2;123;164;49m██[38;2;57;98;32m██[38;2;57;98;32m██[38;2;57;98;32m██[38;2;123;164;49m██[38;2;123;164;49m██[38;2;123;164;49m██[38;2;123;164;49m██[38;2;164;213;74m██[38;2;57;98;32m██                      
                    [38;2;57;98;32m██[38;2;164;213;74m██[38;2;164;213;74m██[38;2;164;213;74m██[38;2;164;213;74m██[38;2;164;213;74m██[38;2;123;164;49m██[38;2;123;164;49m██[38;2;123;164;49m██[38;2;164;213;74m██[38;2;164;213;74m██[38;2;164;213;74m██[38;2;164;213;74m██[38;2;164;213;74m██[38;2;164;213;74m██[38;2;164;213;74m██[38;2;164;213;74m██[38;2;164;213;74m██[38;2;164;213;74m██[38;2;164;213;74m██[38;2;123;164;49m██[38;2;123;164;49m██[38;2;123;164;49m██[38;2;123;164;49m██[38;2;123;164;49m██[38;2;123;164;49m██[38;2;123;164;49m██[38;2;123;164;49m██[38;2;57;98;32m██[38;2;57;98;32m██[38;2;57;98;32m██[38;2;123;164;49m██[38;2;123;164;49m██[38;2;164;213;74m██[38;2;164;213;74m██[38;2;164;213;74m██[38;2;164;213;74m██[38;2;57;98;32m██                    
                  [38;2;57;98;32m██[38;2;57;98;32m██[38;2;164;213;74m██[38;2;205;246;82m██[38;2;164;213;74m██[38;2;164;213;74m██[38;2;164;213;74m██[38;2;123;164;49m██[38;2;123;164;49m██[38;2;164;213;74m██[38;2;164;213;74m██[38;2;123;164;49m██[38;2;164;213;74m██[38;2;164;213;74m██[38;2;123;164;49m██[38;2;57;98;32m██[38;2;123;164;49m██[38;2;164;213;74m██[38;2;164;213;74m██[38;2;164;213;74m██[38;2;164;213;74m██[38;2;164;213;74m██[38;2;123;164;49m██[38;2;123;164;49m██[38;2;123;164;49m██[38;2;123;164;49m██[38;2;123;164;49m██[38;2;123;164;49m██[38;2;123;164;49m██[38;2;123;164;49m██[38;2;57;98;32m██[38;2;57;98;32m██[38;2;57;98;32m██[38;2;164;213;74m██[38;2;164;213;74m██[38;2;164;213;74m██[38;2;164;213;74m██[38;2;164;213;74m██[38;2;164;213;74m██[38;2;57;98;32m██                  
                  [38;2;57;98;32m██[38;2;205;139;16m██[38;2;57;98;32m██[38;2;205;246;82m██[38;2;164;213;74m██[38;2;164;213;74m██[38;2;164;213;74m██[38;2;164;213;74m██[38;2;164;213;74m██[38;2;164;213;74m██[38;2;123;164;49m██[38;2;205;246;82m██[38;2;164;213;74m██[38;2;57;98;32m██[38;2;57;98;32m██[38;2;255;255;255m██[38;2;57;98;32m██[38;2;164;213;74m██[38;2;164;213;74m██[38;2;164;213;74m██[38;2;164;213;74m██[38;2;164;213;74m██[38;2;123;164;49m██[38;2;123;164;49m██[38;2;123;164;49m██[38;2;123;164;49m██[38;2;123;164;49m██[38;2;123;164;49m██[38;2;123;164;49m██[38;2;123;164;49m██[38;2;123;164;49m██[38;2;123;164;49m██[38;2;164;213;74m██[38;2;164;213;74m██[38;2;164;213;74m██[38;2;164;213;74m██[38;2;164;213;74m██[38;2;164;213;74m██[38;2;164;213;74m██[38;2;57;98;32m██                  
                  [38;2;57;98;32m██[38;2;205;139;16m██[38;2;16;16;16m██[38;2;164;213;74m██[38;2;164;213;74m██[38;2;164;213;74m██[38;2;164;213;74m██[38;2;164;213;74m██[38;2;164;213;74m██[38;2;164;213;74m██[38;2;205;246;82m██[38;2;205;246;82m██[38;2;57;98;32m██[38;2;16;16;16m██[38;2;205;139;16m██[38;2;255;255;255m██[38;2;255;255;255m██[38;2;57;98;32m██[38;2;164;213;74m██[38;2;164;213;74m██[38;2;164;213;74m██[38;2;164;213;74m██[38;2;164;213;74m██[38;2;123;164;49m██[38;2;123;164;49m██[38;2;123;164;49m██[38;2;123;164;49m██[38;2;123;164;49m██[38;2;123;164;49m██[38;2;123;164;49m██[38;2;123;164;49m██[38;2;123;164;49m██[38;2;164;213;74m██[38;2;164;213;74m██[38;2;164;213;74m██[38;2;164;213;74m██[38;2;164;213;74m██[38;2;164;213;74m██[38;2;164;213;74m██[38;2;123;164;49m██[38;2;16;16;16m██                
                [38;2;57;98;32m██[38;2;164;213;74m██[38;2;255;213;0m██[38;2;16;16;16m██[38;2;164;213;74m██[38;2;164;213;74m██[38;2;164;213;74m██[38;2;164;213;74m██[38;2;164;213;74m██[38;2;164;213;74m██[38;2;123;164;49m██[38;2;205;246;82m██[38;2;164;213;74m██[38;2;57;98;32m██[38;2;16;16;16m██[38;2;205;139;16m██[38;2;255;255;255m██[38;2;255;255;255m██[38;2;57;98;32m██[38;2;164;213;74m██[38;2;164;213;74m██[38;2;164;213;74m██[38;2;164;213;74m██[38;2;164;213;74m██[38;2;123;164;49m██[38;2;123;164;49m██[38;2;123;164;49m██[38;2;123;164;49m██[38;2;123;164;49m██[38;2;123;164;49m██[38;2;123;164;49m██[38;2;123;164;49m██[38;2;123;164;49m██[38;2;123;164;49m██[38;2;164;213;74m██[38;2;164;213;74m██[38;2;164;213;74m██[38;2;164;213;74m██[38;2;164;213;74m██[38;2;57;98;32m██[38;2;57;98;32m██[38;2;16;16;16m██                
                [38;2;57;98;32m██[38;2;164;213;74m██[38;2;255;213;0m██[38;2;255;255;255m██[38;2;123;164;49m██[38;2;164;213;74m██[38;2;164;213;74m██[38;2;164;213;74m██[38;2;164;213;74m██[38;2;164;213;74m██[38;2;164;213;74m██[38;2;164;213;74m██[38;2;123;164;49m██[38;2;205;139;16m██[38;2;16;16;16m██[38;2;205;139;16m██[38;2;255;255;255m██[38;2;255;255;255m██[38;2;123;164;49m██[38;2;164;213;74m██[38;2;164;213;74m██[38;2;164;213;74m██[38;2;164;213;74m██[38;2;164;213;74m██[38;2;123;164;49m██[38;2;123;164;49m██[38;2;123;164;49m██[38;2;123;164;49m██[38;2;123;164;49m██[38;2;123;164;49m██[38;2;123;164;49m██[38;2;57;98;32m██[38;2;123;164;49m██[38;2;123;164;49m██[38;2;123;164;49m██[38;2;123;164;49m██[38;2;164;213;74m██[38;2;164;213;74m██[38;2;57;98;32m██[38;2;57;98;32m██[38;2;57;98;32m██[38;2;16;16;16m██                
                [38;2;16;16;16m██[38;2;123;164;49m██[38;2;164;213;74m██[38;2;164;213;74m██[38;2;164;213;74m██[38;2;164;213;74m██[38;2;164;213;74m██[38;2;164;213;74m██[38;2;164;213;74m██[38;2;164;213;74m██[38;2;164;213;74m██[38;2;164;213;74m██[38;2;164;213;74m██[38;2;255;213;0m██[38;2;205;139;16m██[38;2;255;213;0m██[38;2;255;255;255m██[38;2;164;213;74m██[38;2;164;213;74m██[38;2;164;213;74m██[38;2;164;213;74m██[38;2;164;213;74m██[38;2;164;213;74m██[38;2;123;164;49m██[38;2;123;164;49m██[38;2;123;164;49m██[38;2;123;164;49m██[38;2;123;164;49m██[38;2;123;164;49m██[38;2;123;164;49m██[38;2;123;164;49m██[38;2;57;98;32m██[38;2;123;164;49m██[38;2;123;164;49m██[38;2;123;164;49m██[38;2;123;164;49m██[38;2;123;164;49m██[38;2;123;164;49m██[38;2;57;98;32m██[38;2;57;98;32m██[38;2;57;98;32m██[38;2;57;98;32m██[38;2;16;16;16m██              
                  [38;2;16;16;16m██[38;2;57;98;32m██[38;2;164;213;74m██[38;2;123;164;49m██[38;2;164;213;74m██[38;2;164;213;74m██[38;2;123;164;49m██[38;2;164;213;74m██[38;2;164;213;74m██[38;2;164;213;74m██[38;2;164;213;74m██[38;2;164;213;74m██[38;2;164;213;74m██[38;2;164;213;74m██[38;2;164;213;74m██[38;2;164;213;74m██[38;2;164;213;74m██[38;2;164;213;74m██[38;2;164;213;74m██[38;2;123;164;49m██[38;2;123;164;49m██[38;2;123;164;49m██[38;2;123;164;49m██[38;2;123;164;49m██[38;2;123;164;49m██[38;2;123;164;49m██[38;2;123;164;49m██[38;2;123;164;49m██[38;2;123;164;49m██[38;2;164;213;74m██[38;2;164;213;74m██[38;2;16;16;16m██[38;2;123;164;49m██[38;2;57;98;32m██[38;2;123;164;49m██[38;2;123;164;49m██[38;2;123;164;49m██[38;2;123;164;49m██[38;2;57;98;32m██[38;2;57;98;32m██[38;2;123;164;49m██[38;2;16;16;16m██              
                [38;2;123;164;49m██[38;2;57;98;32m██[38;2;255;255;255m██[38;2;57;98;32m██[38;2;164;213;74m██[38;2;164;213;74m██[38;2;164;213;74m██[38;2;164;213;74m██[38;2;164;213;74m██[38;2;164;213;74m██[38;2;123;164;49m██[38;2;57;98;32m██[38;2;16;16;16m██[38;2;16;16;16m██[38;2;16;16;16m██[38;2;16;16;16m██[38;2;16;16;16m██[38;2;57;98;32m██[38;2;123;164;49m██[38;2;123;164;49m██[38;2;123;164;49m██[38;2;123;164;49m██[38;2;123;164;49m██[38;2;123;164;49m██[38;2;123;164;49m██[38;2;123;164;49m██[38;2;123;164;49m██[38;2;123;164;49m██[38;2;164;213;74m██[38;2;164;213;74m██[38;2;164;213;74m██[38;2;164;213;74m██[38;2;16;16;16m██[38;2;57;98;32m██[38;2;123;164;49m██[38;2;123;164;49m██[38;2;123;164;49m██[38;2;123;164;49m██[38;2;123;164;49m██[38;2;123;164;49m██[38;2;123;164;49m██[38;2;123;164;49m██[38;2;16;16;16m██              
              [38;2;123;164;49m██[38;2;164;213;74m██[38;2;164;213;74m██[38;2;57;98;32m██[38;2;164;213;74m██[38;2;57;98;32m██[38;2;57;98;32m██[38;2;57;98;32m██[38;2;57;98;32m██[38;2;57;98;32m██[38;2;57;98;32m██[38;2;57;98;32m██[38;2;123;164;49m██[38;2;123;164;49m██[38;2;123;164;49m██[38;2;123;164;49m██[38;2;57;98;32m██[38;2;255;255;255m██[38;2;57;98;32m██[38;2;57;98;32m██[38;2;123;164;49m██[38;2;123;164;49m██[38;2;123;164;49m██[38;2;123;164;49m██[38;2;57;98;32m██[38;2;123;164;49m██[38;2;123;164;49m██[38;2;123;164;49m██[38;2;164;213;74m██[38;2;164;213;74m██[38;2;164;213;74m██[38;2;123;164;49m██[38;2;123;164;49m██[38;2;164;213;74m██[38;2;16;16;16m██[38;2;57;98;32m██[38;2;123;164;49m██[38;2;123;164;49m██[38;2;123;164;49m██[38;2;123;164;49m██[38;2;123;164;49m██[38;2;123;164;49m██[38;2;123;164;49m██[38;2;123;164;49m██[38;2;16;16;16m██            
            [38;2;123;164;49m██[38;2;164;213;74m██[38;2;164;213;74m██[38;2;164;213;74m██[38;2;164;213;74m██[38;2;164;213;74m██[38;2;123;164;49m██[38;2;16;16;16m██[38;2;123;164;49m██[38;2;123;164;49m██[38;2;123;164;49m██[38;2;123;164;49m██[38;2;123;164;49m██[38;2;123;164;49m██[38;2;123;164;49m██[38;2;123;164;49m██[38;2;123;164;49m██[38;2;123;164;49m██[38;2;57;98;32m██[38;2;123;164;49m██[38;2;123;164;49m██[38;2;123;164;49m██[38;2;123;164;49m██[38;2;123;164;49m██[38;2;57;98;32m██[38;2;123;164;49m██[38;2;123;164;49m██[38;2;123;164;49m██[38;2;164;213;74m██[38;2;164;213;74m██[38;2;164;213;74m██[38;2;123;164;49m██[38;2;123;164;49m██[38;2;123;164;49m██[38;2;164;213;74m██[38;2;16;16;16m██  [38;2;16;16;16m██[38;2;123;164;49m██[38;2;123;164;49m██[38;2;123;164;49m██[38;2;123;164;49m██[38;2;123;164;49m██[38;2;123;164;49m██[38;2;57;98;32m██[38;2;16;16;16m██            
            [38;2;57;98;32m██[38;2;164;213;74m██[38;2;164;213;74m██[38;2;164;213;74m██[38;2;164;213;74m██[38;2;123;164;49m██[38;2;123;164;49m██[38;2;123;164;49m██[38;2;16;16;16m██[38;2;57;98;32m██[38;2;123;164;49m██[38;2;123;164;49m██[38;2;123;164;49m██[38;2;123;164;49m██[38;2;123;164;49m██[38;2;123;164;49m██[38;2;123;164;49m██[38;2;123;164;49m██[38;2;123;164;49m██[38;2;123;164;49m██[38;2;123;164;49m██[38;2;123;164;49m██[38;2;57;98;32m██[38;2;57;98;32m██[38;2;57;98;32m██[38;2;16;16;16m██[38;2;123;164;49m██[38;2;123;164;49m██[38;2;57;98;32m██[38;2;164;213;74m██[38;2;164;213;74m██[38;2;123;164;49m██[38;2;123;164;49m██[38;2;164;213;74m██[38;2;164;213;74m██[38;2;16;16;16m██  [38;2;16;16;16m██[38;2;123;164;49m██[38;2;57;98;32m██[38;2;123;164;49m██[38;2;57;98;32m██[38;2;57;98;32m██[38;2;57;98;32m██[38;2;255;255;255m██[38;2;16;16;16m██            
          [38;2;57;98;32m██[38;2;164;213;74m██[38;2;164;213;74m██[38;2;164;213;74m██[38;2;123;164;49m██[38;2;123;164;49m██[38;2;123;164;49m██[38;2;123;164;49m██[38;2;123;164;49m██[38;2;123;164;49m██[38;2;16;16;16m██[38;2;16;16;16m██[38;2;57;98;32m██[38;2;123;164;49m██[38;2;123;164;49m██[38;2;123;164;49m██[38;2;123;164;49m██[38;2;123;164;49m██[38;2;123;164;49m██[38;2;123;164;49m██[38;2;57;98;32m██[38;2;57;98;32m██[38;2;57;98;32m██        [38;2;57;98;32m██[38;2;57;98;32m██[38;2;164;213;74m██[38;2;164;213;74m██[38;2;164;213;74m██[38;2;164;213;74m██[38;2;164;213;74m██[38;2;164;213;74m██[38;2;164;213;74m██[38;2;16;16;16m██    [38;2;16;16;16m██[38;2;255;255;255m██[38;2;16;16;16m██[38;2;57;98;32m██[38;2;255;255;255m██[38;2;57;98;32m██[38;2;16;16;16m██              
        [38;2;57;98;32m██[38;2;255;255;255m██[38;2;123;164;49m██[38;2;57;98;32m██[38;2;57;98;32m██[38;2;123;164;49m██[38;2;123;164;49m██[38;2;123;164;49m██[38;2;123;164;49m██[38;2;57;98;32m██[38;2;16;16;16m██      [38;2;16;16;16m██[38;2;16;16;16m██[38;2;16;16;16m██[38;2;16;16;16m██[38;2;16;16;16m██[38;2;16;16;16m██[38;2;16;16;16m██                [38;2;16;16;16m██[38;2;164;213;74m██[38;2;164;213;74m██[38;2;164;213;74m██[38;2;164;213;74m██[38;2;164;213;74m██[38;2;164;213;74m██[38;2;16;16;16m██        [38;2;16;16;16m██  [38;2;16;16;16m██[38;2;16;16;16m██                  
        [38;2;57;98;32m██[38;2;16;16;16m██[38;2;16;16;16m██[38;2;255;255;255m██[38;2;57;98;32m██[38;2;123;164;49m██[38;2;123;164;49m██[38;2;123;164;49m██[38;2;57;98;32m██                                      [38;2;57;98;32m██[38;2;164;213;74m██[38;2;164;213;74m██[38;2;164;213;74m██[38;2;164;213;74m██[38;2;164;213;74m██[38;2;164;213;74m██[38;2;164;213;74m██[38;2;16;16;16m██                                  
            [38;2;16;16;16m██[38;2;16;16;16m██[38;2;16;16;16m██[38;2;16;16;16m██[38;2;57;98;32m██[38;2;57;98;32m██                                      [38;2;57;98;32m██[38;2;255;255;255m██[38;2;123;164;49m██[38;2;123;164;49m██[38;2;164;213;74m██[38;2;123;164;49m██[38;2;123;164;49m██[38;2;164;213;74m██[38;2;57;98;32m██                                    
                                                                [38;2;16;16;16m██[38;2;16;16;16m██[38;2;255;255;255m██[38;2;57;98;32m██[38;2;255;255;255m██[38;2;16;16;16m██[38;2;16;16;16m██                                      
                                                                    [38;2;16;16;16m██[38;2;16;16;16m██[38;2;16;16;16m██                                          
