                  [38;2;238;156;0m██[38;2;238;156;0m██[38;2;148;74;0m██[38;2;148;74;0m██[38;2;148;74;0m██                                                
              [38;2;238;156;0m██[38;2;238;156;0m██[38;2;255;222;41m██[38;2;255;222;41m██[38;2;255;222;41m██[38;2;255;222;41m██[38;2;255;222;41m██[38;2;148;74;0m██[38;2;148;74;0m██                                            
            [38;2;238;156;0m██[38;2;255;246;164m██[38;2;255;222;41m██[38;2;255;222;41m██[38;2;255;222;41m██[38;2;255;222;41m██[38;2;255;222;41m██[38;2;255;222;41m██[38;2;255;222;41m██[38;2;255;222;41m██[38;2;16;16;16m██                                          
          [38;2;238;156;0m██[38;2;255;246;164m██[38;2;255;246;164m██[38;2;255;246;164m██[38;2;255;222;41m██[38;2;255;222;41m██[38;2;255;222;41m██[38;2;255;222;41m██[38;2;255;222;41m██[38;2;255;222;41m██[38;2;255;222;41m██[38;2;16;16;16m██                                          
          [38;2;238;156;0m██[38;2;255;246;164m██[38;2;255;246;164m██[38;2;255;246;164m██[38;2;255;222;41m██[38;2;255;222;41m██[38;2;255;222;41m██[38;2;255;222;41m██[38;2;255;222;41m██[38;2;255;222;41m██[38;2;255;222;41m██[38;2;255;222;41m██[38;2;16;16;16m██                                        
        [38;2;238;156;0m██[38;2;255;222;41m██[38;2;255;222;41m██[38;2;255;246;164m██[38;2;255;222;41m██[38;2;255;222;41m██[38;2;255;222;41m██[38;2;255;222;41m██[38;2;255;222;41m██[38;2;238;156;0m██[38;2;255;222;41m██[38;2;255;222;41m██[38;2;255;222;41m██[38;2;16;16;16m██                                        
        [38;2;238;156;0m██[38;2;255;222;41m██[38;2;255;222;41m██[38;2;255;222;41m██[38;2;255;222;41m██[38;2;255;222;41m██[38;2;255;222;41m██[38;2;255;222;41m██[38;2;238;156;0m██[38;2;255;222;41m██[38;2;255;222;41m██[38;2;255;222;41m██[38;2;255;222;41m██[38;2;238;156;0m██[38;2;16;16;16m██                                      
        [38;2;24;49;74m██[38;2;238;156;0m██[38;2;255;222;41m██[38;2;255;222;41m██[38;2;255;222;41m██[38;2;255;222;41m██[38;2;255;222;41m██[38;2;255;222;41m██[38;2;238;156;0m██[38;2;255;222;41m██[38;2;24;49;74m██[38;2;24;49;74m██[38;2;238;156;0m██[38;2;238;156;0m██[38;2;16;16;16m██                                      
        [38;2;65;139;148m██[38;2;238;156;0m██[38;2;255;222;41m██[38;2;255;222;41m██[38;2;255;222;41m██[38;2;255;222;41m██[38;2;255;222;41m██[38;2;255;222;41m██[38;2;255;222;41m██[38;2;24;49;74m██[38;2;24;49;74m██[38;2;24;49;74m██[38;2;148;74;0m██[38;2;238;156;0m██[38;2;16;16;16m██                                      
        [38;2;255;255;255m██[38;2;255;222;41m██[38;2;255;222;41m██[38;2;255;222;41m██[38;2;255;222;41m██[38;2;255;222;41m██[38;2;255;222;41m██[38;2;255;222;41m██[38;2;255;222;41m██[38;2;255;255;255m██[38;2;16;16;16m██[38;2;65;139;148m██[38;2;148;74;0m██[38;2;238;156;0m██[38;2;16;16;16m██                                      
        [38;2;16;16;16m██[38;2;255;222;41m██[38;2;255;222;41m██[38;2;255;222;41m██[38;2;255;222;41m██[38;2;255;222;41m██[38;2;255;222;41m██[38;2;255;222;41m██[38;2;255;222;41m██[38;2;255;255;255m██[38;2;24;49;74m██[38;2;148;197;230m██[38;2;148;74;0m██[38;2;238;156;0m██[38;2;16;16;16m██                          [38;2;255;90;32m██          
      [38;2;148;74;0m██[38;2;24;49;74m██[38;2;255;222;41m██[38;2;255;222;41m██[38;2;255;222;41m██[38;2;255;222;41m██[38;2;255;222;41m██[38;2;255;222;41m██[38;2;255;222;41m██[38;2;255;222;41m██[38;2;148;74;0m██[38;2;65;139;148m██[38;2;148;197;230m██[38;2;238;156;0m██[38;2;238;156;0m██[38;2;16;16;16m██                          [38;2;255;90;32m██[38;2;255;222;16m██        
      [38;2;148;74;0m██[38;2;255;246;164m██[38;2;255;246;164m██[38;2;255;246;164m██[38;2;255;222;41m██[38;2;255;222;41m██[38;2;255;222;41m██[38;2;255;222;41m██[38;2;255;222;41m██[38;2;255;222;41m██[38;2;255;222;41m██[38;2;238;156;0m██[38;2;238;156;0m██[38;2;238;156;0m██[38;2;238;156;0m██[38;2;16;16;16m██                          [38;2;255;90;32m██[38;2;255;222;16m██        
      [38;2;148;74;0m██[38;2;255;246;164m██[38;2;255;246;164m██[38;2;255;222;41m██[38;2;255;222;41m██[38;2;238;156;0m██[38;2;255;222;41m██[38;2;255;222;41m██[38;2;255;222;41m██[38;2;255;222;41m██[38;2;238;156;0m██[38;2;238;156;0m██[38;2;148;74;0m██[38;2;238;156;0m██[38;2;238;156;0m██[38;2;16;16;16m██                        [38;2;255;90;32m██[38;2;255;180;16m██[38;2;255;222;16m██        
        [38;2;148;74;0m██[38;2;255;222;41m██[38;2;255;222;41m██[38;2;255;222;41m██[38;2;255;222;41m██[38;2;255;222;41m██[38;2;255;222;41m██[38;2;255;222;41m██[38;2;238;156;0m██[38;2;148;74;0m██[38;2;148;74;0m██[38;2;238;156;0m██[38;2;238;156;0m██[38;2;16;16;16m██            [38;2;148;74;0m██[38;2;148;74;0m██          [38;2;255;90;32m██[38;2;255;222;16m██[38;2;255;222;16m██[38;2;255;180;16m██      
        [38;2;16;16;16m██[38;2;16;16;16m██[38;2;255;222;41m██[38;2;255;222;41m██[38;2;255;222;41m██[38;2;255;222;41m██[38;2;148;74;0m██[38;2;148;74;0m██[38;2;16;16;16m██[38;2;255;255;255m██[38;2;238;156;0m██[38;2;238;156;0m██[38;2;238;156;0m██[38;2;16;16;16m██    [38;2;148;74;0m██[38;2;148;74;0m██[38;2;148;74;0m██[38;2;148;74;0m██[38;2;238;156;0m██[38;2;16;16;16m██          [38;2;255;90;32m██[38;2;255;180;16m██[38;2;255;222;16m██[38;2;255;222;16m██[38;2;255;90;32m██    
  [38;2;148;74;0m██[38;2;148;74;0m██      [38;2;16;16;16m██[38;2;16;16;16m██[38;2;16;16;16m██[38;2;16;16;16m██[38;2;255;90;32m██[38;2;255;90;32m██[38;2;148;74;0m██[38;2;238;156;0m██[38;2;238;156;0m██[38;2;238;156;0m██[38;2;238;156;0m██[38;2;148;74;0m██[38;2;148;74;0m██[38;2;148;74;0m██[38;2;255;222;41m██[38;2;255;222;41m██[38;2;255;222;41m██[38;2;255;222;41m██[38;2;238;156;0m██[38;2;16;16;16m██          [38;2;255;90;32m██[38;2;255;222;16m██[38;2;255;90;32m██[38;2;255;222;16m██[38;2;255;180;16m██    
  [38;2;16;16;16m██[38;2;238;156;0m██[38;2;148;74;0m██[38;2;148;74;0m██[38;2;148;74;0m██[38;2;16;16;16m██[38;2;238;156;0m██[38;2;238;156;0m██[38;2;148;74;0m██[38;2;148;74;0m██[38;2;148;74;0m██[38;2;238;156;0m██[38;2;238;156;0m██[38;2;16;16;16m██[38;2;238;156;0m██[38;2;238;156;0m██[38;2;255;222;41m██[38;2;255;222;41m██[38;2;255;222;41m██[38;2;255;222;41m██[38;2;255;222;41m██[38;2;255;222;41m██[38;2;238;156;0m██[38;2;238;156;0m██[38;2;238;156;0m██[38;2;16;16;16m██      [38;2;255;90;32m██[38;2;255;90;32m██[38;2;255;90;32m██[38;2;255;90;32m██[38;2;255;222;16m██[38;2;255;222;16m██[38;2;255;90;32m██  
  [38;2;16;16;16m██[38;2;238;156;0m██[38;2;255;222;41m██[38;2;255;222;41m██[38;2;255;222;41m██[38;2;238;156;0m██[38;2;16;16;16m██[38;2;16;16;16m██[38;2;255;222;41m██[38;2;255;222;41m██[38;2;238;156;0m██[38;2;16;16;16m██[38;2;16;16;16m██[38;2;238;156;0m██[38;2;238;156;0m██[38;2;238;156;0m██[38;2;238;156;0m██[38;2;255;222;41m██[38;2;255;222;41m██[38;2;238;156;0m██[38;2;238;156;0m██[38;2;238;156;0m██[38;2;238;156;0m██[38;2;16;16;16m██[38;2;16;16;16m██        [38;2;255;90;32m██[38;2;255;90;32m██[38;2;255;180;16m██[38;2;255;90;32m██[38;2;255;90;32m██[38;2;255;222;16m██[38;2;255;180;16m██[38;2;255;90;32m██
[38;2;16;16;16m██[38;2;238;156;0m██[38;2;238;156;0m██[38;2;238;156;0m██[38;2;255;222;41m██[38;2;255;222;41m██[38;2;238;156;0m██[38;2;238;156;0m██[38;2;238;156;0m██[38;2;16;16;16m██[38;2;16;16;16m██[38;2;16;16;16m██[38;2;238;156;0m██[38;2;238;156;0m██[38;2;238;156;0m██[38;2;238;156;0m██[38;2;238;156;0m██[38;2;238;156;0m██[38;2;238;156;0m██[38;2;238;156;0m██[38;2;238;156;0m██[38;2;238;156;0m██[38;2;238;156;0m██[38;2;16;16;16m██            [38;2;255;90;32m██[38;2;255;222;16m██[38;2;255;222;16m██[38;2;255;90;32m██[38;2;255;222;16m██[38;2;255;222;16m██[38;2;255;222;16m██[38;2;255;90;32m██
  [38;2;16;16;16m██[38;2;16;16;16m██[38;2;238;156;0m██[38;2;238;156;0m██[38;2;238;156;0m██[38;2;238;156;0m██[38;2;238;156;0m██[38;2;238;156;0m██[38;2;238;156;0m██[38;2;238;156;0m██[38;2;238;156;0m██[38;2;238;156;0m██[38;2;238;156;0m██[38;2;238;156;0m██[38;2;238;156;0m██[38;2;238;156;0m██[38;2;238;156;0m██[38;2;238;156;0m██[38;2;238;156;0m██[38;2;238;156;0m██[38;2;16;16;16m██[38;2;16;16;16m██              [38;2;255;90;32m██[38;2;255;180;16m██[38;2;255;222;16m██[38;2;255;222;16m██[38;2;255;222;16m██[38;2;255;222;16m██[38;2;255;222;16m██[38;2;255;90;32m██
      [38;2;16;16;16m██[38;2;16;16;16m██[38;2;238;156;0m██[38;2;238;156;0m██[38;2;238;156;0m██[38;2;238;156;0m██[38;2;148;74;0m██[38;2;238;156;0m██[38;2;230;205;82m██[38;2;230;205;82m██[38;2;230;205;82m██[38;2;238;156;0m██[38;2;238;156;0m██[38;2;238;156;0m██[38;2;238;156;0m██[38;2;148;74;0m██[38;2;148;74;0m██[38;2;16;16;16m██                  [38;2;255;90;32m██[38;2;255;180;16m██[38;2;255;180;16m██[38;2;255;180;16m██[38;2;255;222;16m██[38;2;255;222;16m██[38;2;255;180;16m██[38;2;255;90;32m██
          [38;2;16;16;16m██[38;2;16;16;16m██[38;2;238;156;0m██[38;2;238;156;0m██[38;2;148;74;0m██[38;2;230;205;82m██[38;2;230;205;82m██[38;2;230;205;82m██[38;2;230;205;82m██[38;2;230;205;82m██[38;2;238;156;0m██[38;2;238;156;0m██[38;2;255;222;41m██[38;2;255;222;41m██[38;2;16;16;16m██                      [38;2;255;90;32m██[38;2;255;180;16m██[38;2;255;90;32m██[38;2;255;180;16m██[38;2;255;180;16m██[38;2;255;90;32m██[38;2;255;90;32m██
              [38;2;16;16;16m██[38;2;148;74;0m██[38;2;238;156;0m██[38;2;255;246;115m██[38;2;255;246;115m██[38;2;255;246;115m██[38;2;255;246;115m██[38;2;255;246;115m██[38;2;230;205;82m██[38;2;255;222;41m██[38;2;255;222;41m██[38;2;255;222;41m██[38;2;16;16;16m██                        [38;2;255;90;32m██[38;2;255;90;32m██[38;2;148;74;0m██[38;2;255;90;32m██[38;2;255;90;32m██  
                [38;2;148;74;0m██[38;2;230;205;82m██[38;2;255;246;115m██[38;2;255;246;115m██[38;2;255;246;115m██[38;2;255;246;115m██[38;2;255;246;115m██[38;2;255;246;115m██[38;2;255;222;41m██[38;2;255;222;41m██[38;2;255;222;41m██[38;2;238;156;0m██[38;2;16;16;16m██                        [38;2;148;74;0m██[38;2;148;74;0m██[38;2;255;90;32m██    
                [38;2;148;74;0m██[38;2;255;246;115m██[38;2;255;246;115m██[38;2;255;246;115m██[38;2;255;246;115m██[38;2;255;246;115m██[38;2;255;246;115m██[38;2;255;246;115m██[38;2;255;222;41m██[38;2;255;222;41m██[38;2;255;222;41m██[38;2;255;222;41m██[38;2;16;16;16m██                        [38;2;148;74;0m██[38;2;255;246;164m██[38;2;16;16;16m██    
                [38;2;148;74;0m██[38;2;255;246;115m██[38;2;255;246;115m██[38;2;255;246;115m██[38;2;255;246;115m██[38;2;255;246;115m██[38;2;255;246;115m██[38;2;255;246;115m██[38;2;255;222;41m██[38;2;255;222;41m██[38;2;255;222;41m██[38;2;255;222;41m██[38;2;255;222;41m██[38;2;16;16;16m██                      [38;2;148;74;0m██[38;2;255;222;41m██[38;2;16;16;16m██    
              [38;2;148;74;0m██[38;2;230;205;82m██[38;2;255;246;115m██[38;2;255;246;115m██[38;2;255;246;115m██[38;2;255;246;115m██[38;2;255;246;115m██[38;2;255;246;115m██[38;2;255;246;115m██[38;2;230;205;82m██[38;2;255;222;41m██[38;2;255;222;41m██[38;2;255;222;41m██[38;2;255;222;41m██[38;2;16;16;16m██                    [38;2;148;74;0m██[38;2;255;222;41m██[38;2;255;222;41m██[38;2;16;16;16m██    
              [38;2;148;74;0m██[38;2;255;246;115m██[38;2;255;246;115m██[38;2;255;246;115m██[38;2;255;246;115m██[38;2;255;246;115m██[38;2;255;246;115m██[38;2;255;246;115m██[38;2;255;246;115m██[38;2;255;246;115m██[38;2;255;222;41m██[38;2;255;222;41m██[38;2;255;222;41m██[38;2;255;222;41m██[38;2;16;16;16m██                [38;2;148;74;0m██[38;2;148;74;0m██[38;2;255;222;41m██[38;2;255;222;41m██[38;2;238;156;0m██[38;2;16;16;16m██    
            [38;2;148;74;0m██[38;2;148;74;0m██[38;2;255;246;115m██[38;2;255;246;115m██[38;2;255;246;115m██[38;2;255;246;115m██[38;2;255;246;115m██[38;2;255;246;115m██[38;2;255;246;115m██[38;2;255;246;115m██[38;2;255;246;115m██[38;2;238;156;0m██[38;2;255;222;41m██[38;2;255;222;41m██[38;2;255;222;41m██[38;2;255;222;41m██[38;2;16;16;16m██        [38;2;148;74;0m██[38;2;148;74;0m██[38;2;148;74;0m██[38;2;255;222;41m██[38;2;255;222;41m██[38;2;255;222;41m██[38;2;238;156;0m██[38;2;16;16;16m██      
          [38;2;148;74;0m██[38;2;255;222;41m██[38;2;238;156;0m██[38;2;230;205;82m██[38;2;255;246;115m██[38;2;255;246;115m██[38;2;255;246;115m██[38;2;255;246;115m██[38;2;255;246;115m██[38;2;255;246;115m██[38;2;255;246;115m██[38;2;230;205;82m██[38;2;238;156;0m██[38;2;255;222;41m██[38;2;255;222;41m██[38;2;255;222;41m██[38;2;255;222;41m██[38;2;238;156;0m██[38;2;16;16;16m██[38;2;148;74;0m██[38;2;148;74;0m██[38;2;148;74;0m██[38;2;255;222;41m██[38;2;255;222;41m██[38;2;255;222;41m██[38;2;255;222;41m██[38;2;255;222;41m██[38;2;238;156;0m██[38;2;230;205;82m██[38;2;16;16;16m██      
          [38;2;148;74;0m██[38;2;255;222;41m██[38;2;255;222;41m██[38;2;238;156;0m██[38;2;230;205;82m██[38;2;255;246;115m██[38;2;255;246;115m██[38;2;255;246;115m██[38;2;255;246;115m██[38;2;230;205;82m██[38;2;230;205;82m██[38;2;238;156;0m██[38;2;255;222;41m██[38;2;255;222;41m██[38;2;255;222;41m██[38;2;255;222;41m██[38;2;255;222;41m██[38;2;255;222;41m██[38;2;16;16;16m██[38;2;238;156;0m██[38;2;238;156;0m██[38;2;238;156;0m██[38;2;238;156;0m██[38;2;255;222;41m██[38;2;255;222;41m██[38;2;238;156;0m██[38;2;230;205;82m██[38;2;230;205;82m██[38;2;16;16;16m██        
        [38;2;16;16;16m██[38;2;255;222;41m██[38;2;255;222;41m██[38;2;255;222;41m██[38;2;148;74;0m██[38;2;230;205;82m██[38;2;230;205;82m██[38;2;230;205;82m██[38;2;230;205;82m██[38;2;230;205;82m██[38;2;230;205;82m██[38;2;230;205;82m██[38;2;238;156;0m██[38;2;255;222;41m██[38;2;255;222;41m██[38;2;255;222;41m██[38;2;255;222;41m██[38;2;255;222;41m██[38;2;255;222;41m██[38;2;238;156;0m██[38;2;16;16;16m██[38;2;238;156;0m██[38;2;238;156;0m██[38;2;238;156;0m██[38;2;238;156;0m██[38;2;238;156;0m██[38;2;230;205;82m██[38;2;230;205;82m██[38;2;16;16;16m██          
        [38;2;16;16;16m██[38;2;255;222;41m██[38;2;255;222;41m██[38;2;255;222;41m██[38;2;255;222;41m██[38;2;16;16;16m██[38;2;230;205;82m██[38;2;230;205;82m██[38;2;230;205;82m██[38;2;230;205;82m██[38;2;230;205;82m██[38;2;230;205;82m██[38;2;238;156;0m██[38;2;255;222;41m██[38;2;255;222;41m██[38;2;255;222;41m██[38;2;255;222;41m██[38;2;255;222;41m██[38;2;238;156;0m██[38;2;238;156;0m██[38;2;16;16;16m██[38;2;238;156;0m██[38;2;238;156;0m██[38;2;238;156;0m██[38;2;230;205;82m██[38;2;230;205;82m██[38;2;230;205;82m██[38;2;16;16;16m██            
        [38;2;16;16;16m██[38;2;255;222;41m██[38;2;255;222;41m██[38;2;255;222;41m██[38;2;255;222;41m██[38;2;238;156;0m██[38;2;16;16;16m██[38;2;230;205;82m██[38;2;230;205;82m██[38;2;230;205;82m██[38;2;230;205;82m██[38;2;230;205;82m██[38;2;148;74;0m██[38;2;238;156;0m██[38;2;255;222;41m██[38;2;255;222;41m██[38;2;255;222;41m██[38;2;238;156;0m██[38;2;238;156;0m██[38;2;238;156;0m██[38;2;16;16;16m██[38;2;230;205;82m██[38;2;230;205;82m██[38;2;230;205;82m██[38;2;230;205;82m██[38;2;16;16;16m██[38;2;16;16;16m██              
          [38;2;16;16;16m██[38;2;255;222;41m██[38;2;255;222;41m██[38;2;238;156;0m██[38;2;238;156;0m██[38;2;238;156;0m██[38;2;16;16;16m██[38;2;16;16;16m██[38;2;230;205;82m██[38;2;230;205;82m██[38;2;230;205;82m██[38;2;148;74;0m██[38;2;238;156;0m██[38;2;238;156;0m██[38;2;238;156;0m██[38;2;238;156;0m██[38;2;238;156;0m██[38;2;238;156;0m██[38;2;238;156;0m██[38;2;16;16;16m██[38;2;230;205;82m██[38;2;230;205;82m██[38;2;148;74;0m██[38;2;148;74;0m██                  
            [38;2;16;16;16m██[38;2;238;156;0m██[38;2;238;156;0m██[38;2;238;156;0m██[38;2;238;156;0m██[38;2;238;156;0m██[38;2;238;156;0m██[38;2;16;16;16m██[38;2;16;16;16m██[38;2;16;16;16m██[38;2;16;16;16m██[38;2;148;74;0m██[38;2;238;156;0m██[38;2;238;156;0m██[38;2;238;156;0m██[38;2;238;156;0m██[38;2;238;156;0m██[38;2;16;16;16m██[38;2;148;74;0m██[38;2;148;74;0m██[38;2;148;74;0m██                      
            [38;2;16;16;16m██[38;2;238;156;0m██[38;2;238;156;0m██[38;2;238;156;0m██[38;2;238;156;0m██[38;2;16;16;16m██[38;2;16;16;16m██          [38;2;148;74;0m██[38;2;238;156;0m██[38;2;238;156;0m██[38;2;238;156;0m██[38;2;238;156;0m██[38;2;16;16;16m██                            
          [38;2;16;16;16m██[38;2;238;156;0m██[38;2;238;156;0m██[38;2;238;156;0m██[38;2;238;156;0m██[38;2;238;156;0m██[38;2;16;16;16m██            [38;2;148;74;0m██[38;2;255;222;41m██[38;2;255;222;41m██[38;2;255;222;41m██[38;2;238;156;0m██[38;2;16;16;16m██                            
        [38;2;16;16;16m██[38;2;255;255;255m██[38;2;148;74;0m██[38;2;255;255;255m██[38;2;238;156;0m██[38;2;238;156;0m██[38;2;16;16;16m██              [38;2;148;74;0m██[38;2;238;156;0m██[38;2;255;222;41m██[38;2;255;222;41m██[38;2;255;222;41m██[38;2;238;156;0m██[38;2;16;16;16m██                          
          [38;2;16;16;16m██[38;2;16;16;16m██[38;2;16;16;16m██[38;2;16;16;16m██[38;2;16;16;16m██                  [38;2;16;16;16m██[38;2;255;255;255m██[38;2;148;74;0m██[38;2;255;255;255m██[38;2;148;74;0m██[38;2;255;255;255m██[38;2;16;16;16m██                        
                                        [38;2;16;16;16m██[38;2;16;16;16m██[38;2;16;16;16m██[38;2;16;16;16m██[38;2;16;16;16m██                          
