                                                  [38;2;213;82;16m██                                                                                                
                                                [38;2;213;82;16m██[38;2;213;82;16m██    [38;2;213;82;16m██[38;2;213;82;16m██                                                                                        
                                                [38;2;213;82;16m██[38;2;213;82;16m██[38;2;213;82;16m██[38;2;213;82;16m██[38;2;213;82;16m██[38;2;213;82;16m██[38;2;213;82;16m██                                                                                      
                                                  [38;2;213;82;16m██[38;2;213;82;16m██[38;2;213;82;16m██[38;2;213;82;16m██[38;2;213;82;16m██[38;2;213;82;16m██                                                                                      
                                                    [38;2;213;82;16m██[38;2;230;180;16m██[38;2;213;82;16m██[38;2;213;82;16m██[38;2;213;82;16m██[38;2;213;82;16m██                                                                                    
                                                      [38;2;213;82;16m██[38;2;230;230;16m██[38;2;213;82;16m██[38;2;213;82;16m██[38;2;213;82;16m██[38;2;213;82;16m██[38;2;213;82;16m██                                                                                
                                                    [38;2;213;82;16m██[38;2;213;82;16m██[38;2;230;180;16m██[38;2;230;230;16m██[38;2;213;82;16m██[38;2;230;180;16m██[38;2;230;230;16m██[38;2;213;82;16m██  [38;2;213;82;16m██[38;2;213;82;16m██            [38;2;49;57;65m██[38;2;49;57;65m██                                                          
                                          [38;2;49;57;65m██[38;2;49;57;65m██      [38;2;213;82;16m██[38;2;213;82;16m██[38;2;213;82;16m██[38;2;230;230;16m██[38;2;230;230;16m██[38;2;230;230;16m██[38;2;230;230;16m██[38;2;230;180;16m██[38;2;213;82;16m██[38;2;213;82;16m██[38;2;213;82;16m██          [38;2;49;57;65m██[38;2;189;189;172m██[38;2;189;189;172m██[38;2;49;57;65m██                                                        
                                        [38;2;49;57;65m██[38;2;189;189;172m██[38;2;189;189;172m██[38;2;49;57;65m██        [38;2;213;82;16m██[38;2;230;180;16m██[38;2;230;230;16m██[38;2;230;230;16m██[38;2;230;230;16m██[38;2;230;230;16m██[38;2;213;82;16m██[38;2;213;82;16m██[38;2;213;82;16m██          [38;2;49;57;65m██[38;2;189;189;172m██[38;2;189;189;172m██[38;2;90;90;106m██[38;2;90;90;106m██                                                      
                                      [38;2;49;57;65m██[38;2;90;90;106m██[38;2;189;189;172m██[38;2;189;189;172m██[38;2;49;57;65m██      [38;2;213;82;16m██[38;2;213;82;16m██[38;2;213;82;16m██[38;2;230;230;16m██[38;2;230;230;16m██[38;2;230;230;16m██[38;2;230;180;16m██[38;2;213;82;16m██[38;2;213;82;16m██[38;2;213;82;16m██[38;2;213;82;16m██        [38;2;0;0;0m██[38;2;90;90;106m██[38;2;131;123;148m██[38;2;131;123;148m██[38;2;49;57;65m██[38;2;90;90;106m██        [38;2;49;57;65m██[38;2;49;57;65m██[38;2;49;57;65m██[38;2;49;57;65m██[38;2;49;57;65m██[38;2;49;57;65m██                                
                                      [38;2;49;57;65m██[38;2;131;123;148m██[38;2;131;123;148m██[38;2;49;57;65m██      [38;2;213;82;16m██[38;2;213;82;16m██[38;2;230;230;16m██[38;2;213;82;16m██[38;2;230;230;16m██[38;2;230;230;16m██[38;2;230;230;16m██[38;2;213;82;16m██[38;2;213;82;16m██[38;2;213;82;16m██[38;2;213;82;16m██[38;2;213;82;16m██[38;2;213;82;16m██[38;2;213;82;16m██      [38;2;0;0;0m██[38;2;131;123;148m██[38;2;131;123;148m██[38;2;131;123;148m██[38;2;131;123;148m██[38;2;90;90;106m██[38;2;49;57;65m██[38;2;49;57;65m██[38;2;49;57;65m██[38;2;131;123;148m██[38;2;131;123;148m██[38;2;131;123;148m██[38;2;131;123;148m██[38;2;131;123;148m██[38;2;131;123;148m██[38;2;49;57;65m██[38;2;49;57;65m██                            
                          [38;2;49;57;65m██[38;2;49;57;65m██[38;2;49;57;65m██    [38;2;49;57;65m██[38;2;131;123;148m██[38;2;131;123;148m██[38;2;131;123;148m██[38;2;49;57;65m██      [38;2;213;82;16m██[38;2;230;180;16m██[38;2;230;230;16m██[38;2;230;180;16m██[38;2;230;230;16m██[38;2;230;230;16m██[38;2;230;180;16m██[38;2;213;82;16m██[38;2;213;82;16m██[38;2;213;82;16m██[38;2;230;180;16m██[38;2;213;82;16m██[38;2;213;82;16m██[38;2;213;82;16m██      [38;2;0;0;0m██[38;2;90;90;106m██[38;2;131;123;148m██[38;2;131;123;148m██[38;2;131;123;148m██[38;2;131;123;148m██[38;2;131;123;148m██[38;2;131;123;148m██[38;2;131;123;148m██[38;2;131;123;148m██[38;2;131;123;148m██[38;2;131;123;148m██[38;2;131;123;148m██[38;2;131;123;148m██[38;2;131;123;148m██[38;2;131;123;148m██[38;2;131;123;148m██[38;2;90;90;106m██[38;2;90;90;106m██                        
                        [38;2;49;57;65m██[38;2;131;123;148m██[38;2;131;123;148m██[38;2;131;123;148m██[38;2;49;57;65m██[38;2;49;57;65m██[38;2;131;123;148m██[38;2;131;123;148m██[38;2;131;123;148m██[38;2;90;90;106m██[38;2;49;57;65m██      [38;2;213;82;16m██[38;2;230;230;16m██[38;2;230;230;16m██[38;2;230;230;16m██[38;2;230;230;16m██[38;2;230;230;16m██[38;2;213;82;16m██[38;2;213;82;16m██[38;2;213;82;16m██[38;2;230;180;16m██[38;2;230;230;16m██[38;2;213;82;16m██[38;2;213;82;16m██[38;2;213;82;16m██        [38;2;0;0;0m██[38;2;131;123;148m██[38;2;131;123;148m██[38;2;131;123;148m██[38;2;131;123;148m██[38;2;131;123;148m██[38;2;131;123;148m██[38;2;131;123;148m██[38;2;90;90;106m██[38;2;49;57;65m██[38;2;49;57;65m██[38;2;49;57;65m██[38;2;49;57;65m██[38;2;49;57;65m██[38;2;90;90;106m██[38;2;131;123;148m██[38;2;131;123;148m██[38;2;131;123;148m██[38;2;90;90;106m██[38;2;90;90;106m██[38;2;90;90;106m██                  
                    [38;2;49;57;65m██[38;2;49;57;65m██[38;2;131;123;148m██[38;2;131;123;148m██[38;2;131;123;148m██[38;2;131;123;148m██[38;2;131;123;148m██[38;2;131;123;148m██[38;2;131;123;148m██[38;2;131;123;148m██[38;2;131;123;148m██[38;2;49;57;65m██        [38;2;213;82;16m██[38;2;230;180;16m██[38;2;230;230;16m██[38;2;230;230;16m██[38;2;230;230;16m██[38;2;230;230;16m██[38;2;230;180;16m██[38;2;213;82;16m██[38;2;213;82;16m██[38;2;230;230;16m██[38;2;230;230;16m██[38;2;213;82;16m██[38;2;213;82;16m██          [38;2;0;0;0m██[38;2;131;123;148m██[38;2;131;123;148m██[38;2;131;123;148m██[38;2;131;123;148m██[38;2;0;0;0m██[38;2;0;0;0m██[38;2;0;0;0m██[38;2;131;16;41m██[38;2;131;16;41m██[38;2;131;16;41m██[38;2;131;16;41m██[38;2;131;16;41m██[38;2;131;16;41m██[38;2;131;16;41m██[38;2;49;57;65m██[38;2;90;90;106m██[38;2;131;123;148m██[38;2;131;123;148m██[38;2;131;123;148m██[38;2;131;123;148m██[38;2;90;90;106m██[38;2;90;90;106m██              
                  [38;2;49;57;65m██[38;2;131;123;148m██[38;2;131;123;148m██[38;2;131;123;148m██[38;2;131;123;148m██[38;2;131;123;148m██[38;2;131;123;148m██[38;2;131;123;148m██[38;2;131;123;148m██[38;2;131;123;148m██[38;2;131;123;148m██[38;2;131;123;148m██[38;2;49;57;65m██          [38;2;213;82;16m██[38;2;230;230;16m██[38;2;230;180;16m██[38;2;230;230;16m██[38;2;230;230;16m██[38;2;230;230;16m██[38;2;230;230;16m██[38;2;230;230;16m██[38;2;230;230;16m██[38;2;230;230;16m██[38;2;213;82;16m██[38;2;213;82;16m██            [38;2;49;57;65m██[38;2;131;123;148m██[38;2;131;123;148m██[38;2;0;0;0m██[38;2;131;16;41m██[38;2;131;16;41m██[38;2;131;16;41m██[38;2;131;16;41m██[38;2;131;16;41m██[38;2;131;16;41m██[38;2;189;32;65m██[38;2;189;32;65m██[38;2;189;32;65m██[38;2;189;32;65m██[38;2;189;32;65m██[38;2;131;16;41m██[38;2;131;16;41m██[38;2;90;90;106m██[38;2;131;123;148m██[38;2;189;189;172m██[38;2;189;189;172m██[38;2;189;189;172m██[38;2;90;90;106m██            
                [38;2;49;57;65m██[38;2;131;123;148m██[38;2;131;123;148m██[38;2;131;123;148m██[38;2;0;0;0m██[38;2;0;0;0m██[38;2;0;0;0m██[38;2;0;0;0m██[38;2;90;90;106m██[38;2;131;123;148m██[38;2;131;123;148m██[38;2;131;123;148m██[38;2;131;123;148m██[38;2;49;57;65m██            [38;2;213;82;16m██[38;2;230;180;16m██[38;2;230;230;16m██[38;2;230;230;16m██[38;2;230;230;16m██[38;2;230;230;16m██[38;2;230;230;16m██[38;2;230;230;16m██[38;2;230;180;16m██[38;2;213;82;16m██[38;2;213;82;16m██            [38;2;49;57;65m██[38;2;131;123;148m██[38;2;0;0;0m██[38;2;131;16;41m██[38;2;131;16;41m██[38;2;131;16;41m██[38;2;131;16;41m██[38;2;131;16;41m██[38;2;189;32;65m██[38;2;189;32;65m██[38;2;189;32;65m██[38;2;189;32;65m██[38;2;189;32;65m██[38;2;189;32;65m██[38;2;189;32;65m██[38;2;189;32;65m██[38;2;189;32;65m██[38;2;131;16;41m██[38;2;131;16;41m██[38;2;90;90;106m██[38;2;189;189;172m██[38;2;189;189;172m██[38;2;189;189;172m██[38;2;49;57;65m██          
              [38;2;49;57;65m██[38;2;131;123;148m██[38;2;131;123;148m██[38;2;131;16;41m██[38;2;131;16;41m██[38;2;131;16;41m██[38;2;131;16;41m██[38;2;131;16;41m██[38;2;131;16;41m██[38;2;131;16;41m██[38;2;0;0;0m██[38;2;90;90;106m██[38;2;131;123;148m██[38;2;131;123;148m██[38;2;49;57;65m██          [38;2;213;82;16m██[38;2;213;82;16m██[38;2;213;82;16m██[38;2;230;230;16m██[38;2;230;230;16m██[38;2;230;230;16m██[38;2;230;230;16m██[38;2;230;180;16m██[38;2;230;230;16m██[38;2;213;82;16m██[38;2;213;82;16m██              [38;2;49;57;65m██[38;2;131;123;148m██[38;2;0;0;0m██[38;2;131;16;41m██[38;2;131;16;41m██[38;2;131;16;41m██[38;2;131;16;41m██[38;2;189;32;65m██[38;2;189;32;65m██[38;2;189;32;65m██[38;2;189;32;65m██[38;2;189;32;65m██[38;2;189;32;65m██[38;2;189;32;65m██[38;2;189;32;65m██[38;2;189;32;65m██[38;2;189;32;65m██[38;2;189;32;65m██[38;2;189;32;65m██[38;2;131;16;41m██[38;2;90;90;106m██[38;2;131;123;148m██[38;2;131;123;148m██[38;2;90;90;106m██          
          [38;2;49;57;65m██[38;2;49;57;65m██[38;2;131;123;148m██[38;2;131;123;148m██[38;2;131;16;41m██[38;2;131;16;41m██[38;2;131;16;41m██[38;2;131;16;41m██[38;2;131;16;41m██[38;2;131;16;41m██[38;2;131;16;41m██[38;2;131;16;41m██[38;2;131;16;41m██[38;2;0;0;0m██[38;2;131;123;148m██[38;2;131;123;148m██[38;2;90;90;106m██[38;2;49;57;65m██        [38;2;213;82;16m██[38;2;213;82;16m██[38;2;213;82;16m██[38;2;230;180;16m██[38;2;230;230;16m██[38;2;230;230;16m██[38;2;230;230;16m██[38;2;230;180;16m██[38;2;213;82;16m██                  [38;2;49;57;65m██[38;2;131;123;148m██[38;2;0;0;0m██[38;2;131;16;41m██[38;2;131;16;41m██[38;2;131;16;41m██[38;2;131;16;41m██[38;2;189;32;65m██[38;2;189;32;65m██[38;2;189;32;65m██[38;2;189;32;65m██[38;2;189;32;65m██[38;2;189;32;65m██[38;2;189;32;65m██[38;2;189;32;65m██[38;2;189;32;65m██[38;2;189;32;65m██[38;2;189;32;65m██[38;2;189;32;65m██[38;2;189;32;65m██[38;2;131;16;41m██[38;2;90;90;106m██[38;2;131;123;148m██[38;2;90;90;106m██          
        [38;2;49;57;65m██[38;2;131;123;148m██[38;2;131;123;148m██[38;2;131;123;148m██[38;2;131;16;41m██[38;2;131;16;41m██[38;2;131;16;41m██[38;2;131;16;41m██[38;2;131;16;41m██[38;2;131;16;41m██[38;2;131;16;41m██[38;2;131;16;41m██[38;2;131;16;41m██[38;2;131;16;41m██[38;2;131;16;41m██[38;2;0;0;0m██[38;2;131;123;148m██[38;2;131;123;148m██[38;2;49;57;65m██          [38;2;213;82;16m██[38;2;213;82;16m██[38;2;213;82;16m██[38;2;230;230;16m██[38;2;230;230;16m██[38;2;230;230;16m██[38;2;213;82;16m██[38;2;213;82;16m██                  [38;2;49;57;65m██[38;2;131;123;148m██[38;2;0;0;0m██[38;2;131;16;41m██[38;2;131;16;41m██[38;2;131;16;41m██[38;2;131;16;41m██[38;2;189;32;65m██[38;2;189;32;65m██[38;2;189;32;65m██[38;2;189;32;65m██[38;2;189;32;65m██[38;2;189;32;65m██[38;2;189;32;65m██[38;2;189;32;65m██[38;2;189;32;65m██[38;2;189;32;65m██[38;2;189;32;65m██[38;2;189;32;65m██[38;2;189;32;65m██[38;2;131;16;41m██[38;2;90;90;106m██[38;2;131;123;148m██[38;2;131;123;148m██[38;2;49;57;65m██        
        [38;2;49;57;65m██[38;2;90;90;106m██[38;2;131;123;148m██[38;2;131;16;41m██[38;2;131;16;41m██[38;2;131;16;41m██[38;2;131;16;41m██[38;2;131;16;41m██[38;2;131;16;41m██[38;2;131;16;41m██[38;2;131;16;41m██[38;2;131;16;41m██[38;2;131;16;41m██[38;2;131;16;41m██[38;2;131;16;41m██[38;2;0;0;0m██[38;2;131;123;148m██[38;2;131;123;148m██[38;2;49;57;65m██              [38;2;213;82;16m██[38;2;49;57;65m██[38;2;230;230;16m██[38;2;49;57;65m██[38;2;213;82;16m██                    [38;2;49;57;65m██[38;2;131;123;148m██[38;2;0;0;0m██[38;2;131;16;41m██[38;2;131;16;41m██[38;2;131;16;41m██[38;2;131;16;41m██[38;2;131;16;41m██[38;2;189;32;65m██[38;2;189;32;65m██[38;2;189;32;65m██[38;2;189;32;65m██[38;2;189;32;65m██[38;2;189;32;65m██[38;2;189;32;65m██[38;2;189;32;65m██[38;2;189;32;65m██[38;2;189;32;65m██[38;2;189;32;65m██[38;2;189;32;65m██[38;2;189;32;65m██[38;2;131;16;41m██[38;2;90;90;106m██[38;2;131;123;148m██[38;2;90;90;106m██        
        [38;2;49;57;65m██[38;2;90;90;106m██[38;2;131;16;41m██[38;2;131;16;41m██[38;2;131;16;41m██[38;2;131;16;41m██[38;2;131;16;41m██[38;2;131;16;41m██[38;2;131;16;41m██[38;2;131;16;41m██[38;2;131;16;41m██[38;2;131;16;41m██[38;2;131;16;41m██[38;2;131;16;41m██[38;2;131;16;41m██[38;2;131;16;41m██[38;2;0;0;0m██[38;2;131;123;148m██[38;2;49;57;65m██                [38;2;49;57;65m██[38;2;131;123;148m██[38;2;131;123;148m██[38;2;49;57;65m██                    [38;2;49;57;65m██[38;2;131;123;148m██[38;2;0;0;0m██[38;2;131;16;41m██[38;2;131;16;41m██[38;2;131;16;41m██[38;2;131;16;41m██[38;2;131;16;41m██[38;2;189;32;65m██[38;2;189;32;65m██[38;2;189;32;65m██[38;2;189;32;65m██[38;2;189;32;65m██[38;2;189;32;65m██[38;2;189;32;65m██[38;2;189;32;65m██[38;2;189;32;65m██[38;2;189;32;65m██[38;2;189;32;65m██[38;2;189;32;65m██[38;2;189;32;65m██[38;2;131;16;41m██[38;2;90;90;106m██[38;2;131;123;148m██[38;2;90;90;106m██        
        [38;2;49;57;65m██[38;2;90;90;106m██[38;2;131;16;41m██[38;2;131;16;41m██[38;2;131;16;41m██[38;2;131;16;41m██[38;2;131;16;41m██[38;2;131;16;41m██[38;2;131;16;41m██[38;2;131;16;41m██[38;2;131;16;41m██[38;2;131;16;41m██[38;2;131;16;41m██[38;2;131;16;41m██[38;2;131;16;41m██[38;2;131;16;41m██[38;2;0;0;0m██[38;2;131;123;148m██[38;2;131;123;148m██[38;2;49;57;65m██                [38;2;49;57;65m██[38;2;131;123;148m██[38;2;131;123;148m██[38;2;49;57;65m██                  [38;2;49;57;65m██[38;2;131;123;148m██[38;2;0;0;0m██[38;2;131;16;41m██[38;2;131;16;41m██[38;2;131;16;41m██[38;2;131;16;41m██[38;2;131;16;41m██[38;2;189;32;65m██[38;2;189;32;65m██[38;2;189;32;65m██[38;2;189;32;65m██[38;2;189;32;65m██[38;2;189;32;65m██[38;2;189;32;65m██[38;2;189;32;65m██[38;2;189;32;65m██[38;2;189;32;65m██[38;2;189;32;65m██[38;2;189;32;65m██[38;2;189;32;65m██[38;2;131;16;41m██[38;2;131;16;41m██[38;2;131;123;148m██[38;2;131;123;148m██[38;2;49;57;65m██      
      [38;2;49;57;65m██[38;2;90;90;106m██[38;2;90;90;106m██[38;2;131;16;41m██[38;2;131;16;41m██[38;2;131;16;41m██[38;2;131;16;41m██[38;2;131;16;41m██[38;2;131;16;41m██[38;2;131;16;41m██[38;2;131;16;41m██[38;2;131;16;41m██[38;2;131;16;41m██[38;2;131;16;41m██[38;2;131;16;41m██[38;2;131;16;41m██[38;2;131;16;41m██[38;2;131;16;41m██[38;2;131;16;41m██[38;2;131;123;148m██[38;2;49;57;65m██                [38;2;49;57;65m██[38;2;131;123;148m██[38;2;131;123;148m██[38;2;90;90;106m██[38;2;49;57;65m██              [38;2;49;57;65m██[38;2;90;90;106m██[38;2;131;123;148m██[38;2;0;0;0m██[38;2;131;16;41m██[38;2;131;16;41m██[38;2;131;16;41m██[38;2;131;16;41m██[38;2;131;16;41m██[38;2;131;16;41m██[38;2;189;32;65m██[38;2;189;32;65m██[38;2;189;32;65m██[38;2;189;32;65m██[38;2;189;32;65m██[38;2;189;32;65m██[38;2;189;32;65m██[38;2;189;32;65m██[38;2;189;32;65m██[38;2;189;32;65m██[38;2;189;32;65m██[38;2;189;32;65m██[38;2;131;16;41m██[38;2;131;16;41m██[38;2;90;90;106m██[38;2;131;123;148m██[38;2;90;90;106m██      
      [38;2;49;57;65m██[38;2;90;90;106m██[38;2;131;16;41m██[38;2;131;16;41m██[38;2;131;16;41m██[38;2;131;16;41m██[38;2;131;16;41m██[38;2;131;16;41m██[38;2;131;16;41m██[38;2;131;16;41m██[38;2;131;16;41m██[38;2;131;16;41m██[38;2;131;16;41m██[38;2;131;16;41m██[38;2;131;16;41m██[38;2;131;16;41m██[38;2;131;16;41m██[38;2;131;16;41m██[38;2;131;16;41m██[38;2;131;123;148m██[38;2;49;57;65m██                  [38;2;49;57;65m██[38;2;90;90;106m██[38;2;90;90;106m██[38;2;90;90;106m██[38;2;49;57;65m██            [38;2;49;57;65m██[38;2;131;123;148m██[38;2;131;123;148m██[38;2;0;0;0m██[38;2;131;16;41m██[38;2;131;16;41m██[38;2;131;16;41m██[38;2;131;16;41m██[38;2;131;16;41m██[38;2;131;16;41m██[38;2;189;32;65m██[38;2;189;32;65m██[38;2;189;32;65m██[38;2;189;32;65m██[38;2;189;32;65m██[38;2;189;32;65m██[38;2;189;32;65m██[38;2;189;32;65m██[38;2;189;32;65m██[38;2;189;32;65m██[38;2;189;32;65m██[38;2;189;32;65m██[38;2;131;16;41m██[38;2;131;16;41m██[38;2;90;90;106m██[38;2;131;123;148m██[38;2;90;90;106m██      
    [38;2;49;57;65m██[38;2;90;90;106m██[38;2;90;90;106m██[38;2;131;16;41m██[38;2;131;16;41m██[38;2;131;16;41m██[38;2;131;16;41m██[38;2;131;16;41m██[38;2;49;57;65m██[38;2;49;57;65m██[38;2;131;16;41m██[38;2;131;16;41m██[38;2;131;16;41m██[38;2;131;16;41m██[38;2;131;16;41m██[38;2;131;16;41m██[38;2;131;16;41m██[38;2;131;16;41m██[38;2;131;16;41m██[38;2;131;16;41m██[38;2;131;123;148m██[38;2;131;123;148m██[38;2;49;57;65m██                [38;2;49;57;65m██[38;2;90;90;106m██[38;2;90;90;106m██[38;2;90;90;106m██[38;2;90;90;106m██[38;2;49;57;65m██[38;2;49;57;65m██        [38;2;49;57;65m██[38;2;131;123;148m██[38;2;90;90;106m██[38;2;131;16;41m██[38;2;131;16;41m██[38;2;131;16;41m██[38;2;131;16;41m██[38;2;131;16;41m██[38;2;131;16;41m██[38;2;131;16;41m██[38;2;189;32;65m██[38;2;189;32;65m██[38;2;189;32;65m██[38;2;189;32;65m██[38;2;189;32;65m██[38;2;189;32;65m██[38;2;189;32;65m██[38;2;189;32;65m██[38;2;189;32;65m██[38;2;189;32;65m██[38;2;189;32;65m██[38;2;189;32;65m██[38;2;131;16;41m██[38;2;131;16;41m██[38;2;131;16;41m██[38;2;131;123;148m██[38;2;131;123;148m██[38;2;49;57;65m██    
    [38;2;49;57;65m██[38;2;90;90;106m██[38;2;90;90;106m██[38;2;131;16;41m██[38;2;131;16;41m██[38;2;131;16;41m██[38;2;131;16;41m██[38;2;49;57;65m██[38;2;90;90;106m██[38;2;90;90;106m██[38;2;0;0;0m██[38;2;131;16;41m██[38;2;131;16;41m██[38;2;131;16;41m██[38;2;131;16;41m██[38;2;131;16;41m██[38;2;49;57;65m██[38;2;49;57;65m██[38;2;131;16;41m██[38;2;131;16;41m██[38;2;131;16;41m██[38;2;131;123;148m██[38;2;49;57;65m██                  [38;2;49;57;65m██[38;2;90;90;106m██[38;2;90;90;106m██[38;2;90;90;106m██[38;2;90;90;106m██[38;2;90;90;106m██[38;2;49;57;65m██[38;2;49;57;65m██  [38;2;0;0;0m██[38;2;90;90;106m██[38;2;90;90;106m██[38;2;131;16;41m██[38;2;131;16;41m██[38;2;131;16;41m██[38;2;131;16;41m██[38;2;131;16;41m██[38;2;131;16;41m██[38;2;131;16;41m██[38;2;131;16;41m██[38;2;131;16;41m██[38;2;189;32;65m██[38;2;189;32;65m██[38;2;189;32;65m██[38;2;189;32;65m██[38;2;189;32;65m██[38;2;189;32;65m██[38;2;189;32;65m██[38;2;189;32;65m██[38;2;189;32;65m██[38;2;189;32;65m██[38;2;131;16;41m██[38;2;131;16;41m██[38;2;131;16;41m██[38;2;131;16;41m██[38;2;90;90;106m██[38;2;131;123;148m██[38;2;90;90;106m██    
  [38;2;49;57;65m██[38;2;90;90;106m██[38;2;90;90;106m██[38;2;131;16;41m██[38;2;131;16;41m██[38;2;131;16;41m██[38;2;131;16;41m██[38;2;131;16;41m██[38;2;49;57;65m██[38;2;90;90;106m██[38;2;90;90;106m██[38;2;0;0;0m██[38;2;131;16;41m██[38;2;131;16;41m██[38;2;131;16;41m██[38;2;131;16;41m██[38;2;49;57;65m██[38;2;131;123;148m██[38;2;131;123;148m██[38;2;0;0;0m██[38;2;131;16;41m██[38;2;131;16;41m██[38;2;90;90;106m██[38;2;90;90;106m██[38;2;0;0;0m██                  [38;2;49;57;65m██[38;2;90;90;106m██[38;2;90;90;106m██[38;2;90;90;106m██[38;2;90;90;106m██[38;2;90;90;106m██[38;2;90;90;106m██[38;2;49;57;65m██[38;2;49;57;65m██[38;2;90;90;106m██[38;2;90;90;106m██[38;2;131;16;41m██[38;2;131;16;41m██[38;2;131;16;41m██[38;2;131;16;41m██[38;2;131;16;41m██[38;2;131;16;41m██[38;2;131;16;41m██[38;2;131;16;41m██[38;2;131;16;41m██[38;2;189;32;65m██[38;2;189;32;65m██[38;2;189;32;65m██[38;2;189;32;65m██[38;2;189;32;65m██[38;2;189;32;65m██[38;2;189;32;65m██[38;2;189;32;65m██[38;2;189;32;65m██[38;2;189;32;65m██[38;2;131;16;41m██[38;2;131;16;41m██[38;2;131;16;41m██[38;2;131;16;41m██[38;2;90;90;106m██[38;2;131;123;148m██[38;2;90;90;106m██    
[38;2;0;0;0m██[38;2;90;90;106m██[38;2;90;90;106m██[38;2;131;16;41m██[38;2;131;16;41m██[38;2;131;16;41m██[38;2;131;16;41m██[38;2;131;16;41m██[38;2;49;57;65m██[38;2;90;90;106m██[38;2;90;90;106m██[38;2;90;90;106m██[38;2;0;0;0m██[38;2;131;16;41m██[38;2;131;16;41m██[38;2;131;16;41m██[38;2;49;57;65m██[38;2;131;123;148m██[38;2;131;123;148m██[38;2;90;90;106m██[38;2;0;0;0m██[38;2;131;16;41m██[38;2;131;16;41m██[38;2;49;57;65m██[38;2;90;90;106m██[38;2;90;90;106m██[38;2;0;0;0m██                  [38;2;49;57;65m██[38;2;90;90;106m██[38;2;90;90;106m██[38;2;90;90;106m██[38;2;90;90;106m██[38;2;90;90;106m██[38;2;0;0;0m██[38;2;90;90;106m██[38;2;90;90;106m██[38;2;131;16;41m██[38;2;131;16;41m██[38;2;131;16;41m██[38;2;131;16;41m██[38;2;131;16;41m██[38;2;131;16;41m██[38;2;131;16;41m██[38;2;131;16;41m██[38;2;131;16;41m██[38;2;131;16;41m██[38;2;189;32;65m██[38;2;189;32;65m██[38;2;189;32;65m██[38;2;189;32;65m██[38;2;189;32;65m██[38;2;189;32;65m██[38;2;189;32;65m██[38;2;189;32;65m██[38;2;189;32;65m██[38;2;189;32;65m██[38;2;131;16;41m██[38;2;131;16;41m██[38;2;131;16;41m██[38;2;131;16;41m██[38;2;131;16;41m██[38;2;131;123;148m██[38;2;131;123;148m██[38;2;49;57;65m██  
[38;2;0;0;0m██[38;2;90;90;106m██[38;2;131;16;41m██[38;2;131;16;41m██[38;2;131;16;41m██[38;2;131;16;41m██[38;2;131;16;41m██[38;2;131;16;41m██[38;2;49;57;65m██[38;2;90;90;106m██[38;2;90;90;106m██[38;2;0;0;0m██  [38;2;131;16;41m██[38;2;131;16;41m██[38;2;49;57;65m██[38;2;131;123;148m██[38;2;131;123;148m██[38;2;131;123;148m██[38;2;0;0;0m██[38;2;131;16;41m██[38;2;131;16;41m██[38;2;131;16;41m██[38;2;131;16;41m██[38;2;49;57;65m██[38;2;90;90;106m██[38;2;90;90;106m██[38;2;0;0;0m██[38;2;0;0;0m██                [38;2;49;57;65m██[38;2;49;57;65m██[38;2;90;90;106m██[38;2;0;0;0m██[38;2;0;0;0m██[38;2;90;90;106m██[38;2;90;90;106m██[38;2;131;16;41m██[38;2;131;16;41m██[38;2;131;16;41m██[38;2;131;16;41m██[38;2;131;16;41m██[38;2;131;16;41m██[38;2;131;16;41m██[38;2;131;16;41m██[38;2;131;16;41m██[38;2;131;16;41m██[38;2;131;16;41m██[38;2;131;16;41m██[38;2;189;32;65m██[38;2;189;32;65m██[38;2;189;32;65m██[38;2;189;32;65m██[38;2;189;32;65m██[38;2;189;32;65m██[38;2;189;32;65m██[38;2;189;32;65m██[38;2;189;32;65m██[38;2;131;16;41m██[38;2;131;16;41m██[38;2;131;16;41m██[38;2;131;16;41m██[38;2;131;16;41m██[38;2;90;90;106m██[38;2;131;123;148m██[38;2;90;90;106m██  
[38;2;0;0;0m██[38;2;90;90;106m██[38;2;131;16;41m██[38;2;131;16;41m██[38;2;131;16;41m██[38;2;131;16;41m██[38;2;131;16;41m██[38;2;131;16;41m██[38;2;49;57;65m██[38;2;90;90;106m██[38;2;90;90;106m██[38;2;0;0;0m██    [38;2;49;57;65m██[38;2;131;123;148m██[38;2;131;123;148m██[38;2;131;123;148m██[38;2;0;0;0m██  [38;2;131;16;41m██[38;2;131;16;41m██[38;2;131;16;41m██[38;2;131;16;41m██[38;2;131;16;41m██[38;2;131;16;41m██[38;2;90;90;106m██[38;2;90;90;106m██[38;2;90;90;106m██[38;2;49;57;65m██                [38;2;0;0;0m██[38;2;0;0;0m██[38;2;131;123;148m██[38;2;90;90;106m██[38;2;90;90;106m██[38;2;131;16;41m██[38;2;131;16;41m██[38;2;131;16;41m██[38;2;131;16;41m██[38;2;131;16;41m██[38;2;131;16;41m██[38;2;131;16;41m██[38;2;131;16;41m██[38;2;131;16;41m██[38;2;131;16;41m██[38;2;131;16;41m██[38;2;131;16;41m██[38;2;131;16;41m██[38;2;189;32;65m██[38;2;189;32;65m██[38;2;189;32;65m██[38;2;189;32;65m██[38;2;189;32;65m██[38;2;189;32;65m██[38;2;189;32;65m██[38;2;189;32;65m██[38;2;189;32;65m██[38;2;131;16;41m██[38;2;131;16;41m██[38;2;131;16;41m██[38;2;131;16;41m██[38;2;131;16;41m██[38;2;131;16;41m██[38;2;131;123;148m██[38;2;131;123;148m██[38;2;49;57;65m██
[38;2;0;0;0m██[38;2;90;90;106m██[38;2;131;16;41m██[38;2;131;16;41m██[38;2;131;16;41m██[38;2;131;16;41m██[38;2;131;16;41m██[38;2;0;0;0m██[38;2;90;90;106m██[38;2;90;90;106m██[38;2;90;90;106m██[38;2;0;0;0m██[38;2;49;57;65m██[38;2;49;57;65m██[38;2;131;123;148m██[38;2;131;123;148m██[38;2;131;123;148m██[38;2;49;57;65m██      [38;2;131;16;41m██[38;2;131;16;41m██[38;2;131;16;41m██[38;2;131;16;41m██[38;2;131;16;41m██[38;2;131;16;41m██[38;2;90;90;106m██[38;2;90;90;106m██[38;2;90;90;106m██[38;2;49;57;65m██            [38;2;0;0;0m██[38;2;131;123;148m██[38;2;131;123;148m██[38;2;131;123;148m██[38;2;90;90;106m██[38;2;0;0;0m██[38;2;131;16;41m██[38;2;131;16;41m██[38;2;189;32;65m██[38;2;131;16;41m██[38;2;131;16;41m██[38;2;131;16;41m██[38;2;131;16;41m██[38;2;131;16;41m██[38;2;131;16;41m██[38;2;131;16;41m██[38;2;131;16;41m██[38;2;131;16;41m██[38;2;131;16;41m██[38;2;131;16;41m██[38;2;189;32;65m██[38;2;189;32;65m██[38;2;189;32;65m██[38;2;189;32;65m██[38;2;189;32;65m██[38;2;131;16;41m██[38;2;131;16;41m██[38;2;131;16;41m██[38;2;131;16;41m██[38;2;131;16;41m██[38;2;131;16;41m██[38;2;131;16;41m██[38;2;131;16;41m██[38;2;131;16;41m██[38;2;90;90;106m██[38;2;90;90;106m██[38;2;0;0;0m██
[38;2;0;0;0m██[38;2;90;90;106m██[38;2;90;90;106m██[38;2;131;16;41m██[38;2;131;16;41m██[38;2;131;16;41m██[38;2;131;16;41m██[38;2;0;0;0m██[38;2;90;90;106m██[38;2;49;57;65m██[38;2;49;57;65m██[38;2;131;123;148m██[38;2;90;90;106m██[38;2;131;123;148m██[38;2;131;123;148m██[38;2;131;123;148m██[38;2;131;123;148m██[38;2;0;0;0m██        [38;2;131;16;41m██[38;2;131;16;41m██[38;2;131;16;41m██[38;2;131;16;41m██[38;2;0;0;0m██[38;2;0;0;0m██[38;2;0;0;0m██[38;2;0;0;0m██[38;2;49;57;65m██            [38;2;49;57;65m██[38;2;131;123;148m██[38;2;131;123;148m██[38;2;90;90;106m██[38;2;0;0;0m██[38;2;131;16;41m██[38;2;131;16;41m██[38;2;131;16;41m██[38;2;131;16;41m██[38;2;189;32;65m██[38;2;131;16;41m██[38;2;131;16;41m██[38;2;131;16;41m██[38;2;131;16;41m██[38;2;131;16;41m██[38;2;131;16;41m██[38;2;131;16;41m██[38;2;131;16;41m██[38;2;131;16;41m██[38;2;131;16;41m██[38;2;189;32;65m██[38;2;189;32;65m██[38;2;189;32;65m██[38;2;189;32;65m██[38;2;131;16;41m██    [38;2;0;0;0m██[38;2;131;16;41m██[38;2;131;16;41m██[38;2;131;16;41m██[38;2;131;16;41m██[38;2;131;16;41m██[38;2;131;16;41m██[38;2;131;16;41m██[38;2;90;90;106m██[38;2;0;0;0m██
  [38;2;49;57;65m██[38;2;90;90;106m██[38;2;131;16;41m██[38;2;131;16;41m██[38;2;131;16;41m██[38;2;0;0;0m██[38;2;90;90;106m██[38;2;131;123;148m██[38;2;131;123;148m██[38;2;131;123;148m██[38;2;131;123;148m██[38;2;131;123;148m██[38;2;131;123;148m██[38;2;131;123;148m██[38;2;131;123;148m██[38;2;0;0;0m██          [38;2;131;16;41m██[38;2;0;0;0m██[38;2;0;0;0m██[38;2;0;0;0m██[38;2;131;123;148m██[38;2;131;123;148m██[38;2;131;123;148m██[38;2;131;123;148m██[38;2;0;0;0m██[38;2;0;0;0m██[38;2;0;0;0m██      [38;2;49;57;65m██[38;2;90;90;106m██[38;2;90;90;106m██[38;2;90;90;106m██[38;2;0;0;0m██[38;2;131;16;41m██[38;2;131;16;41m██[38;2;131;16;41m██[38;2;131;16;41m██[38;2;189;32;65m██[38;2;131;16;41m██[38;2;189;32;65m██[38;2;131;16;41m██[38;2;131;16;41m██[38;2;131;16;41m██[38;2;131;16;41m██[38;2;131;16;41m██[38;2;131;16;41m██[38;2;131;16;41m██[38;2;131;16;41m██[38;2;131;16;41m██[38;2;189;32;65m██[38;2;189;32;65m██[38;2;189;32;65m██[38;2;131;16;41m██        [38;2;0;0;0m██[38;2;131;16;41m██[38;2;131;16;41m██[38;2;131;16;41m██[38;2;131;16;41m██[38;2;131;16;41m██[38;2;131;16;41m██[38;2;90;90;106m██[38;2;0;0;0m██
  [38;2;49;57;65m██[38;2;90;90;106m██[38;2;131;16;41m██[38;2;131;16;41m██[38;2;131;16;41m██[38;2;0;0;0m██[38;2;131;123;148m██[38;2;131;123;148m██[38;2;131;123;148m██[38;2;131;123;148m██[38;2;131;123;148m██[38;2;131;123;148m██[38;2;131;123;148m██[38;2;131;123;148m██[38;2;131;123;148m██[38;2;0;0;0m██[38;2;0;0;0m██    [38;2;0;0;0m██[38;2;0;0;0m██[38;2;0;0;0m██[38;2;131;123;148m██[38;2;131;123;148m██[38;2;131;123;148m██[38;2;131;123;148m██[38;2;131;123;148m██[38;2;131;123;148m██[38;2;131;123;148m██[38;2;131;123;148m██[38;2;131;123;148m██[38;2;90;90;106m██[38;2;0;0;0m██[38;2;0;0;0m██  [38;2;49;57;65m██[38;2;90;90;106m██[38;2;90;90;106m██[38;2;90;90;106m██[38;2;0;0;0m██[38;2;131;16;41m██[38;2;131;16;41m██[38;2;131;16;41m██[38;2;131;16;41m██[38;2;131;16;41m██[38;2;189;32;65m██[38;2;131;16;41m██[38;2;131;16;41m██[38;2;131;16;41m██[38;2;0;0;0m██[38;2;0;0;0m██[38;2;0;0;0m██[38;2;131;16;41m██[38;2;131;16;41m██[38;2;131;16;41m██[38;2;131;16;41m██[38;2;131;16;41m██[38;2;189;32;65m██[38;2;131;16;41m██            [38;2;0;0;0m██[38;2;131;16;41m██[38;2;131;16;41m██[38;2;131;16;41m██[38;2;131;16;41m██[38;2;131;16;41m██[38;2;90;90;106m██[38;2;0;0;0m██
    [38;2;49;57;65m██[38;2;90;90;106m██[38;2;131;16;41m██[38;2;0;0;0m██[38;2;131;123;148m██[38;2;131;123;148m██[38;2;131;123;148m██[38;2;131;123;148m██[38;2;131;123;148m██[38;2;131;123;148m██[38;2;131;123;148m██[38;2;131;123;148m██[38;2;131;123;148m██[38;2;131;123;148m██[38;2;131;123;148m██[38;2;49;57;65m██[38;2;0;0;0m██[38;2;0;0;0m██[38;2;0;0;0m██[38;2;90;90;106m██[38;2;131;123;148m██[38;2;131;123;148m██[38;2;131;123;148m██[38;2;131;123;148m██[38;2;131;123;148m██[38;2;131;123;148m██[38;2;131;123;148m██[38;2;131;123;148m██[38;2;131;123;148m██[38;2;131;123;148m██[38;2;131;123;148m██[38;2;131;123;148m██[38;2;90;90;106m██[38;2;0;0;0m██[38;2;0;0;0m██[38;2;90;90;106m██[38;2;90;90;106m██[38;2;131;16;41m██[38;2;131;16;41m██[38;2;131;16;41m██[38;2;131;16;41m██[38;2;131;16;41m██[38;2;131;16;41m██[38;2;189;32;65m██[38;2;131;16;41m██[38;2;189;32;65m██[38;2;131;16;41m██[38;2;131;16;41m██[38;2;90;90;106m██[38;2;90;90;106m██[38;2;90;90;106m██[38;2;0;0;0m██[38;2;0;0;0m██[38;2;0;0;0m██[38;2;131;16;41m██[38;2;131;16;41m██[38;2;189;32;65m██[38;2;131;16;41m██              [38;2;0;0;0m██[38;2;131;16;41m██[38;2;131;16;41m██[38;2;131;16;41m██[38;2;131;16;41m██[38;2;90;90;106m██[38;2;0;0;0m██
    [38;2;49;57;65m██[38;2;90;90;106m██[38;2;0;0;0m██[38;2;131;123;148m██[38;2;131;123;148m██[38;2;131;123;148m██[38;2;131;123;148m██[38;2;131;123;148m██[38;2;131;123;148m██[38;2;131;123;148m██[38;2;131;123;148m██[38;2;131;123;148m██[38;2;131;123;148m██[38;2;131;123;148m██[38;2;131;123;148m██[38;2;131;123;148m██[38;2;49;57;65m██[38;2;90;90;106m██[38;2;90;90;106m██[38;2;90;90;106m██[38;2;90;90;106m██[38;2;131;123;148m██[38;2;131;123;148m██[38;2;131;123;148m██[38;2;131;123;148m██[38;2;131;123;148m██[38;2;131;123;148m██[38;2;131;123;148m██[38;2;131;123;148m██[38;2;131;123;148m██[38;2;131;123;148m██[38;2;131;123;148m██[38;2;131;123;148m██[38;2;131;123;148m██[38;2;90;90;106m██[38;2;0;0;0m██[38;2;90;90;106m██[38;2;131;16;41m██[38;2;131;16;41m██[38;2;131;16;41m██[38;2;131;16;41m██[38;2;131;16;41m██[38;2;131;16;41m██[38;2;131;16;41m██[38;2;189;32;65m██[38;2;131;16;41m██    [38;2;49;57;65m██[38;2;90;90;106m██[38;2;90;90;106m██[38;2;90;90;106m██[38;2;90;90;106m██[38;2;90;90;106m██[38;2;0;0;0m██[38;2;131;16;41m██[38;2;131;16;41m██[38;2;49;57;65m██              [38;2;0;0;0m██[38;2;131;16;41m██[38;2;131;16;41m██[38;2;131;16;41m██[38;2;131;16;41m██[38;2;90;90;106m██[38;2;0;0;0m██
      [38;2;0;0;0m██[38;2;131;123;148m██[38;2;131;123;148m██[38;2;131;123;148m██[38;2;131;123;148m██[38;2;131;123;148m██[38;2;131;123;148m██[38;2;131;123;148m██[38;2;131;123;148m██[38;2;131;123;148m██[38;2;131;123;148m██[38;2;131;123;148m██[38;2;131;123;148m██[38;2;131;123;148m██[38;2;131;123;148m██[38;2;131;123;148m██[38;2;90;90;106m██[38;2;90;90;106m██[38;2;90;90;106m██[38;2;90;90;106m██[38;2;90;90;106m██[38;2;131;123;148m██[38;2;131;123;148m██[38;2;131;123;148m██[38;2;131;123;148m██[38;2;131;123;148m██[38;2;131;123;148m██[38;2;131;123;148m██[38;2;131;123;148m██[38;2;131;123;148m██[38;2;131;123;148m██[38;2;131;123;148m██[38;2;131;123;148m██[38;2;131;123;148m██[38;2;131;123;148m██[38;2;0;0;0m██[38;2;131;16;41m██[38;2;131;16;41m██[38;2;131;16;41m██[38;2;131;16;41m██[38;2;131;16;41m██[38;2;131;16;41m██[38;2;131;16;41m██[38;2;131;16;41m██        [38;2;0;0;0m██[38;2;90;90;106m██[38;2;90;90;106m██[38;2;90;90;106m██[38;2;90;90;106m██[38;2;90;90;106m██[38;2;0;0;0m██[38;2;131;16;41m██[38;2;90;90;106m██[38;2;49;57;65m██            [38;2;0;0;0m██[38;2;131;16;41m██[38;2;131;16;41m██[38;2;131;16;41m██[38;2;131;16;41m██[38;2;90;90;106m██[38;2;0;0;0m██
      [38;2;0;0;0m██[38;2;131;123;148m██[38;2;131;123;148m██[38;2;131;123;148m██[38;2;90;90;106m██[38;2;189;189;172m██[38;2;189;189;172m██[38;2;131;123;148m██[38;2;131;123;148m██[38;2;49;57;65m██[38;2;90;90;106m██[38;2;131;123;148m██[38;2;131;123;148m██[38;2;131;123;148m██[38;2;131;123;148m██[38;2;131;123;148m██[38;2;90;90;106m██[38;2;90;90;106m██[38;2;90;90;106m██[38;2;90;90;106m██[38;2;90;90;106m██[38;2;131;123;148m██[38;2;131;123;148m██[38;2;131;123;148m██[38;2;131;123;148m██[38;2;131;123;148m██[38;2;131;123;148m██[38;2;131;123;148m██[38;2;131;123;148m██[38;2;131;123;148m██[38;2;131;123;148m██[38;2;131;123;148m██[38;2;131;123;148m██[38;2;131;123;148m██[38;2;131;123;148m██[38;2;131;123;148m██[38;2;0;0;0m██[38;2;131;16;41m██[38;2;131;16;41m██[38;2;131;16;41m██[38;2;131;16;41m██[38;2;131;16;41m██[38;2;131;16;41m██            [38;2;0;0;0m██[38;2;90;90;106m██[38;2;90;90;106m██[38;2;90;90;106m██[38;2;90;90;106m██[38;2;90;90;106m██[38;2;90;90;106m██[38;2;90;90;106m██[38;2;90;90;106m██[38;2;49;57;65m██            [38;2;0;0;0m██[38;2;131;16;41m██[38;2;131;16;41m██[38;2;131;16;41m██[38;2;90;90;106m██[38;2;0;0;0m██
    [38;2;0;0;0m██[38;2;131;123;148m██[38;2;131;123;148m██[38;2;131;123;148m██[38;2;90;90;106m██[38;2;189;189;172m██[38;2;189;189;172m██[38;2;131;123;148m██[38;2;90;90;106m██[38;2;205;205;205m██[38;2;49;57;65m██[38;2;131;123;148m██[38;2;131;123;148m██[38;2;131;123;148m██[38;2;131;123;148m██[38;2;131;123;148m██[38;2;131;123;148m██[38;2;131;123;148m██[38;2;90;90;106m██[38;2;90;90;106m██[38;2;90;90;106m██[38;2;49;57;65m██[38;2;0;0;0m██[38;2;0;0;0m██[38;2;90;90;106m██[38;2;90;90;106m██[38;2;90;90;106m██[38;2;90;90;106m██[38;2;131;123;148m██[38;2;131;123;148m██[38;2;131;123;148m██[38;2;131;123;148m██[38;2;131;123;148m██[38;2;131;123;148m██[38;2;131;123;148m██[38;2;131;123;148m██[38;2;131;123;148m██[38;2;131;123;148m██[38;2;0;0;0m██[38;2;0;0;0m██[38;2;0;0;0m██[38;2;0;0;0m██[38;2;131;16;41m██                [38;2;0;0;0m██[38;2;90;90;106m██[38;2;90;90;106m██[38;2;90;90;106m██[38;2;90;90;106m██[38;2;90;90;106m██[38;2;90;90;106m██[38;2;90;90;106m██[38;2;90;90;106m██[38;2;49;57;65m██          [38;2;0;0;0m██[38;2;131;16;41m██[38;2;131;16;41m██[38;2;131;16;41m██[38;2;90;90;106m██[38;2;0;0;0m██
    [38;2;0;0;0m██[38;2;49;57;65m██[38;2;90;90;106m██[38;2;90;90;106m██[38;2;90;90;106m██[38;2;131;123;148m██[38;2;131;123;148m██[38;2;90;90;106m██[38;2;0;0;0m██[38;2;255;255;255m██[38;2;255;255;255m██[38;2;131;123;148m██[38;2;131;123;148m██[38;2;131;123;148m██[38;2;131;123;148m██[38;2;131;123;148m██[38;2;131;123;148m██[38;2;131;123;148m██[38;2;90;90;106m██[38;2;49;57;65m██[38;2;49;57;65m██      [38;2;0;0;0m██[38;2;0;0;0m██[38;2;49;57;65m██[38;2;90;90;106m██[38;2;90;90;106m██[38;2;90;90;106m██[38;2;131;123;148m██[38;2;131;123;148m██[38;2;131;123;148m██[38;2;131;123;148m██[38;2;131;123;148m██[38;2;131;123;148m██[38;2;131;123;148m██[38;2;49;57;65m██[38;2;131;123;148m██[38;2;131;123;148m██[38;2;131;123;148m██[38;2;131;123;148m██[38;2;0;0;0m██[38;2;49;57;65m██                [38;2;0;0;0m██[38;2;90;90;106m██[38;2;90;90;106m██[38;2;90;90;106m██[38;2;90;90;106m██[38;2;90;90;106m██[38;2;90;90;106m██[38;2;90;90;106m██[38;2;90;90;106m██[38;2;49;57;65m██          [38;2;0;0;0m██[38;2;131;16;41m██[38;2;131;16;41m██[38;2;90;90;106m██[38;2;0;0;0m██
      [38;2;0;0;0m██[38;2;90;90;106m██[38;2;90;90;106m██[38;2;49;57;65m██[38;2;131;123;148m██[38;2;131;123;148m██[38;2;189;32;65m██[38;2;0;0;0m██[38;2;255;255;255m██[38;2;90;90;106m██[38;2;131;123;148m██[38;2;131;123;148m██[38;2;131;123;148m██[38;2;131;123;148m██[38;2;131;123;148m██[38;2;131;123;148m██[38;2;131;123;148m██[38;2;49;57;65m██      [38;2;49;57;65m██[38;2;49;57;65m██[38;2;49;57;65m██[38;2;90;90;106m██[38;2;49;57;65m██[38;2;49;57;65m██[38;2;90;90;106m██[38;2;90;90;106m██[38;2;90;90;106m██[38;2;131;123;148m██[38;2;131;123;148m██[38;2;131;123;148m██[38;2;131;123;148m██[38;2;131;123;148m██[38;2;90;90;106m██[38;2;131;123;148m██[38;2;131;123;148m██[38;2;131;123;148m██[38;2;131;123;148m██[38;2;131;123;148m██[38;2;131;123;148m██[38;2;131;123;148m██[38;2;49;57;65m██                [38;2;49;57;65m██[38;2;90;90;106m██[38;2;90;90;106m██[38;2;90;90;106m██[38;2;90;90;106m██[38;2;90;90;106m██[38;2;90;90;106m██[38;2;90;90;106m██[38;2;90;90;106m██[38;2;0;0;0m██        [38;2;0;0;0m██[38;2;131;16;41m██[38;2;90;90;106m██[38;2;90;90;106m██  
        [38;2;0;0;0m██[38;2;49;57;65m██[38;2;90;90;106m██[38;2;90;90;106m██[38;2;49;57;65m██[38;2;49;57;65m██[38;2;49;57;65m██[38;2;90;90;106m██[38;2;131;123;148m██[38;2;131;123;148m██[38;2;90;90;106m██[38;2;49;57;65m██[38;2;0;0;0m██[38;2;49;57;65m██[38;2;131;123;148m██[38;2;131;123;148m██[38;2;49;57;65m██    [38;2;49;57;65m██[38;2;90;90;106m██[38;2;90;90;106m██[38;2;49;57;65m██[38;2;90;90;106m██[38;2;90;90;106m██[38;2;90;90;106m██[38;2;90;90;106m██[38;2;90;90;106m██[38;2;90;90;106m██[38;2;131;123;148m██[38;2;131;123;148m██[38;2;131;123;148m██[38;2;131;123;148m██[38;2;131;123;148m██[38;2;131;123;148m██[38;2;131;123;148m██[38;2;131;123;148m██[38;2;131;123;148m██[38;2;131;123;148m██[38;2;131;123;148m██[38;2;131;123;148m██[38;2;131;123;148m██[38;2;131;123;148m██[38;2;49;57;65m██[38;2;49;57;65m██[38;2;49;57;65m██            [38;2;49;57;65m██[38;2;90;90;106m██[38;2;90;90;106m██[38;2;90;90;106m██[38;2;90;90;106m██[38;2;90;90;106m██[38;2;90;90;106m██[38;2;90;90;106m██[38;2;49;57;65m██[38;2;49;57;65m██      [38;2;0;0;0m██[38;2;131;16;41m██[38;2;90;90;106m██[38;2;0;0;0m██  
          [38;2;49;57;65m██[38;2;90;90;106m██[38;2;90;90;106m██[38;2;131;123;148m██[38;2;131;123;148m██[38;2;131;123;148m██[38;2;131;123;148m██[38;2;131;123;148m██[38;2;131;123;148m██[38;2;0;0;0m██[38;2;0;0;0m██[38;2;0;0;0m██[38;2;90;90;106m██[38;2;90;90;106m██[38;2;90;90;106m██[38;2;49;57;65m██[38;2;49;57;65m██[38;2;49;57;65m██[38;2;90;90;106m██[38;2;90;90;106m██[38;2;90;90;106m██[38;2;90;90;106m██[38;2;90;90;106m██[38;2;90;90;106m██[38;2;90;90;106m██[38;2;90;90;106m██[38;2;90;90;106m██[38;2;90;90;106m██[38;2;131;123;148m██[38;2;131;123;148m██[38;2;131;123;148m██[38;2;131;123;148m██[38;2;131;123;148m██[38;2;131;123;148m██[38;2;131;123;148m██[38;2;131;123;148m██[38;2;131;123;148m██[38;2;131;123;148m██[38;2;131;123;148m██[38;2;131;123;148m██[38;2;131;123;148m██[38;2;131;123;148m██[38;2;131;123;148m██[38;2;131;123;148m██[38;2;131;123;148m██[38;2;49;57;65m██[38;2;49;57;65m██[38;2;0;0;0m██      [38;2;49;57;65m██[38;2;90;90;106m██[38;2;90;90;106m██[38;2;90;90;106m██[38;2;90;90;106m██[38;2;90;90;106m██[38;2;90;90;106m██[38;2;90;90;106m██[38;2;90;90;106m██[38;2;0;0;0m██      [38;2;0;0;0m██[38;2;90;90;106m██[38;2;90;90;106m██    
        [38;2;49;57;65m██[38;2;131;123;148m██[38;2;131;123;148m██[38;2;131;123;148m██[38;2;131;123;148m██[38;2;131;123;148m██[38;2;131;123;148m██[38;2;131;123;148m██[38;2;131;123;148m██[38;2;90;90;106m██[38;2;0;0;0m██[38;2;213;82;16m██[38;2;0;0;0m██[38;2;49;57;65m██[38;2;90;90;106m██[38;2;90;90;106m██[38;2;49;57;65m██[38;2;90;90;106m██[38;2;90;90;106m██[38;2;90;90;106m██[38;2;90;90;106m██[38;2;90;90;106m██[38;2;90;90;106m██[38;2;90;90;106m██[38;2;90;90;106m██[38;2;90;90;106m██[38;2;90;90;106m██[38;2;90;90;106m██[38;2;131;123;148m██[38;2;131;123;148m██[38;2;131;123;148m██[38;2;131;123;148m██[38;2;131;123;148m██[38;2;131;123;148m██[38;2;131;123;148m██[38;2;131;123;148m██[38;2;131;123;148m██[38;2;131;123;148m██[38;2;131;123;148m██[38;2;131;123;148m██[38;2;131;123;148m██[38;2;131;123;148m██[38;2;131;123;148m██[38;2;131;123;148m██[38;2;131;123;148m██[38;2;131;123;148m██[38;2;131;123;148m██[38;2;131;123;148m██[38;2;90;90;106m██[38;2;0;0;0m██      [38;2;49;57;65m██[38;2;90;90;106m██[38;2;90;90;106m██[38;2;90;90;106m██[38;2;90;90;106m██[38;2;90;90;106m██[38;2;90;90;106m██[38;2;90;90;106m██[38;2;90;90;106m██[38;2;0;0;0m██    [38;2;0;0;0m██[38;2;90;90;106m██[38;2;0;0;0m██    
      [38;2;49;57;65m██[38;2;131;123;148m██[38;2;131;123;148m██[38;2;131;123;148m██[38;2;131;123;148m██[38;2;131;123;148m██[38;2;131;123;148m██[38;2;131;123;148m██[38;2;131;123;148m██[38;2;90;90;106m██[38;2;0;0;0m██[38;2;213;82;16m██[38;2;213;82;16m██[38;2;213;82;16m██[38;2;0;0;0m██[38;2;90;90;106m██[38;2;90;90;106m██[38;2;49;57;65m██[38;2;90;90;106m██[38;2;90;90;106m██[38;2;90;90;106m██[38;2;90;90;106m██[38;2;49;57;65m██[38;2;90;90;106m██[38;2;90;90;106m██[38;2;90;90;106m██[38;2;90;90;106m██[38;2;131;123;148m██[38;2;131;123;148m██[38;2;131;123;148m██[38;2;131;123;148m██[38;2;131;123;148m██[38;2;131;123;148m██[38;2;131;123;148m██[38;2;131;123;148m██[38;2;131;123;148m██[38;2;131;123;148m██[38;2;131;123;148m██[38;2;131;123;148m██[38;2;131;123;148m██[38;2;131;123;148m██[38;2;131;123;148m██[38;2;49;57;65m██[38;2;49;57;65m██[38;2;0;0;0m██[38;2;131;123;148m██[38;2;131;123;148m██[38;2;131;123;148m██[38;2;131;123;148m██[38;2;90;90;106m██[38;2;0;0;0m██      [38;2;49;57;65m██[38;2;90;90;106m██[38;2;90;90;106m██[38;2;90;90;106m██[38;2;90;90;106m██[38;2;90;90;106m██[38;2;90;90;106m██[38;2;90;90;106m██[38;2;90;90;106m██[38;2;49;57;65m██      [38;2;90;90;106m██      
      [38;2;49;57;65m██[38;2;131;123;148m██[38;2;131;123;148m██[38;2;131;123;148m██[38;2;131;123;148m██[38;2;131;123;148m██[38;2;131;123;148m██[38;2;131;123;148m██[38;2;0;0;0m██[38;2;0;0;0m██[38;2;213;82;16m██[38;2;213;82;16m██[38;2;213;82;16m██[38;2;213;82;16m██[38;2;0;0;0m██[38;2;90;90;106m██[38;2;90;90;106m██[38;2;0;0;0m██[38;2;90;90;106m██[38;2;90;90;106m██[38;2;90;90;106m██[38;2;49;57;65m██[38;2;90;90;106m██[38;2;90;90;106m██[38;2;90;90;106m██[38;2;90;90;106m██[38;2;131;123;148m██[38;2;131;123;148m██[38;2;131;123;148m██[38;2;131;123;148m██[38;2;131;123;148m██[38;2;131;123;148m██[38;2;131;123;148m██[38;2;131;123;148m██[38;2;131;123;148m██[38;2;131;123;148m██[38;2;131;123;148m██[38;2;131;123;148m██[38;2;131;123;148m██[38;2;131;123;148m██[38;2;131;123;148m██[38;2;90;90;106m██[38;2;90;90;106m██[38;2;49;57;65m██  [38;2;49;57;65m██[38;2;49;57;65m██[38;2;90;90;106m██[38;2;90;90;106m██[38;2;90;90;106m██[38;2;0;0;0m██        [38;2;49;57;65m██[38;2;90;90;106m██[38;2;90;90;106m██[38;2;90;90;106m██[38;2;90;90;106m██[38;2;90;90;106m██[38;2;90;90;106m██[38;2;90;90;106m██[38;2;90;90;106m██[38;2;0;0;0m██    [38;2;0;0;0m██      
    [38;2;49;57;65m██[38;2;131;123;148m██[38;2;131;123;148m██[38;2;131;123;148m██[38;2;131;123;148m██[38;2;131;123;148m██[38;2;131;123;148m██[38;2;131;123;148m██[38;2;0;0;0m██    [38;2;0;0;0m██[38;2;213;82;16m██[38;2;213;82;16m██[38;2;213;82;16m██[38;2;0;0;0m██[38;2;90;90;106m██[38;2;90;90;106m██[38;2;0;0;0m██[38;2;49;57;65m██[38;2;90;90;106m██[38;2;90;90;106m██[38;2;49;57;65m██[38;2;90;90;106m██[38;2;90;90;106m██[38;2;131;123;148m██[38;2;131;123;148m██[38;2;131;123;148m██[38;2;131;123;148m██[38;2;131;123;148m██[38;2;131;123;148m██[38;2;131;123;148m██[38;2;131;123;148m██[38;2;131;123;148m██[38;2;131;123;148m██[38;2;131;123;148m██[38;2;131;123;148m██[38;2;131;123;148m██[38;2;131;123;148m██[38;2;90;90;106m██[38;2;49;57;65m██[38;2;49;57;65m██[38;2;90;90;106m██[38;2;90;90;106m██[38;2;90;90;106m██[38;2;49;57;65m██    [38;2;0;0;0m██[38;2;90;90;106m██[38;2;90;90;106m██[38;2;0;0;0m██        [38;2;49;57;65m██[38;2;90;90;106m██[38;2;90;90;106m██[38;2;90;90;106m██[38;2;90;90;106m██[38;2;90;90;106m██[38;2;90;90;106m██[38;2;90;90;106m██[38;2;90;90;106m██[38;2;49;57;65m██            
  [38;2;49;57;65m██[38;2;131;123;148m██[38;2;131;123;148m██[38;2;131;123;148m██[38;2;49;57;65m██[38;2;131;123;148m██[38;2;131;123;148m██[38;2;90;90;106m██[38;2;0;0;0m██      [38;2;0;0;0m██[38;2;213;82;16m██[38;2;213;82;16m██[38;2;213;82;16m██[38;2;0;0;0m██[38;2;90;90;106m██[38;2;0;0;0m██    [38;2;90;90;106m██[38;2;49;57;65m██[38;2;90;90;106m██[38;2;90;90;106m██[38;2;131;123;148m██[38;2;222;222;172m██[38;2;222;222;172m██[38;2;222;222;172m██[38;2;222;222;172m██[38;2;222;222;172m██[38;2;131;123;148m██[38;2;131;123;148m██[38;2;131;123;148m██[38;2;131;123;148m██[38;2;131;123;148m██[38;2;131;123;148m██[38;2;131;123;148m██[38;2;131;123;148m██[38;2;131;123;148m██[38;2;131;123;148m██[38;2;131;123;148m██[38;2;131;123;148m██[38;2;90;90;106m██[38;2;90;90;106m██[38;2;90;90;106m██[38;2;90;90;106m██[38;2;49;57;65m██  [38;2;0;0;0m██[38;2;90;90;106m██[38;2;90;90;106m██[38;2;90;90;106m██[38;2;0;0;0m██      [38;2;49;57;65m██[38;2;90;90;106m██[38;2;90;90;106m██[38;2;90;90;106m██[38;2;90;90;106m██[38;2;90;90;106m██[38;2;90;90;106m██[38;2;90;90;106m██[38;2;90;90;106m██[38;2;90;90;106m██[38;2;0;0;0m██          
  [38;2;0;0;0m██[38;2;131;123;148m██[38;2;131;123;148m██[38;2;90;90;106m██[38;2;131;123;148m██[38;2;131;123;148m██[38;2;90;90;106m██[38;2;255;255;255m██[38;2;0;0;0m██      [38;2;0;0;0m██[38;2;213;82;16m██[38;2;213;82;16m██[38;2;0;0;0m██[38;2;49;57;65m██[38;2;90;90;106m██[38;2;0;0;0m██      [38;2;0;0;0m██[38;2;131;123;148m██[38;2;222;222;172m██[38;2;222;222;172m██[38;2;222;222;172m██[38;2;222;222;172m██[38;2;222;222;172m██[38;2;222;222;172m██[38;2;222;222;172m██[38;2;222;222;172m██[38;2;222;222;172m██[38;2;131;123;148m██[38;2;131;123;148m██[38;2;131;123;148m██[38;2;131;123;148m██[38;2;131;123;148m██[38;2;131;123;148m██[38;2;131;123;148m██[38;2;131;123;148m██[38;2;131;123;148m██[38;2;131;123;148m██[38;2;131;123;148m██[38;2;131;123;148m██[38;2;90;90;106m██[38;2;90;90;106m██[38;2;90;90;106m██[38;2;0;0;0m██[38;2;90;90;106m██[38;2;90;90;106m██[38;2;90;90;106m██[38;2;90;90;106m██[38;2;0;0;0m██      [38;2;49;57;65m██[38;2;90;90;106m██[38;2;90;90;106m██[38;2;90;90;106m██[38;2;90;90;106m██[38;2;90;90;106m██[38;2;90;90;106m██[38;2;90;90;106m██[38;2;90;90;106m██[38;2;90;90;106m██[38;2;49;57;65m██          
    [38;2;0;0;0m██[38;2;131;123;148m██[38;2;131;123;148m██[38;2;90;90;106m██[38;2;90;90;106m██[38;2;0;0;0m██[38;2;0;0;0m██[38;2;0;0;0m██    [38;2;0;0;0m██[38;2;49;57;65m██[38;2;213;82;16m██[38;2;0;0;0m██[38;2;255;255;255m██[38;2;131;123;148m██[38;2;49;57;65m██[38;2;49;57;65m██    [38;2;0;0;0m██[38;2;90;90;106m██[38;2;222;222;172m██[38;2;222;222;172m██[38;2;222;222;172m██[38;2;222;222;172m██[38;2;222;222;172m██[38;2;222;222;172m██[38;2;222;222;172m██[38;2;222;222;172m██[38;2;222;222;172m██[38;2;222;222;172m██[38;2;222;222;172m██[38;2;222;222;172m██[38;2;131;123;148m██[38;2;131;123;148m██[38;2;131;123;148m██[38;2;131;123;148m██[38;2;131;123;148m██[38;2;131;123;148m██[38;2;131;123;148m██[38;2;131;123;148m██[38;2;131;123;148m██[38;2;131;123;148m██[38;2;90;90;106m██[38;2;90;90;106m██[38;2;90;90;106m██[38;2;0;0;0m██[38;2;90;90;106m██[38;2;90;90;106m██[38;2;90;90;106m██[38;2;90;90;106m██[38;2;0;0;0m██    [38;2;49;57;65m██[38;2;90;90;106m██[38;2;90;90;106m██[38;2;90;90;106m██[38;2;90;90;106m██[38;2;90;90;106m██[38;2;131;123;148m██[38;2;90;90;106m██[38;2;90;90;106m██[38;2;90;90;106m██[38;2;90;90;106m██[38;2;49;57;65m██          
        [38;2;0;0;0m██[38;2;0;0;0m██[38;2;0;0;0m██    [38;2;49;57;65m██[38;2;49;57;65m██[38;2;90;90;106m██[38;2;49;57;65m██[38;2;255;255;255m██[38;2;49;57;65m██[38;2;49;57;65m██[38;2;49;57;65m██[38;2;131;123;148m██[38;2;0;0;0m██      [38;2;0;0;0m██[38;2;131;123;148m██[38;2;222;222;172m██[38;2;222;222;172m██[38;2;222;222;172m██[38;2;222;222;172m██[38;2;222;222;172m██[38;2;222;222;172m██[38;2;222;222;172m██[38;2;222;222;172m██[38;2;222;222;172m██[38;2;222;222;172m██[38;2;222;222;172m██[38;2;222;222;172m██[38;2;222;222;172m██[38;2;131;123;148m██[38;2;131;123;148m██[38;2;131;123;148m██[38;2;131;123;148m██[38;2;131;123;148m██[38;2;131;123;148m██[38;2;131;123;148m██[38;2;131;123;148m██[38;2;131;123;148m██[38;2;131;123;148m██[38;2;0;0;0m██[38;2;49;57;65m██[38;2;49;57;65m██[38;2;131;123;148m██[38;2;90;90;106m██[38;2;90;90;106m██[38;2;90;90;106m██[38;2;0;0;0m██    [38;2;49;57;65m██[38;2;90;90;106m██[38;2;131;123;148m██[38;2;131;123;148m██[38;2;90;90;106m██[38;2;131;123;148m██[38;2;90;90;106m██[38;2;131;123;148m██[38;2;90;90;106m██[38;2;90;90;106m██[38;2;90;90;106m██[38;2;90;90;106m██[38;2;0;0;0m██        
                [38;2;49;57;65m██[38;2;90;90;106m██[38;2;90;90;106m██[38;2;90;90;106m██[38;2;0;0;0m██[38;2;131;123;148m██[38;2;131;123;148m██[38;2;131;123;148m██[38;2;131;123;148m██[38;2;0;0;0m██      [38;2;0;0;0m██[38;2;90;90;106m██[38;2;222;222;172m██[38;2;222;222;172m██[38;2;222;222;172m██[38;2;222;222;172m██[38;2;222;222;172m██[38;2;222;222;172m██[38;2;222;222;172m██[38;2;222;222;172m██[38;2;222;222;172m██[38;2;222;222;172m██[38;2;222;222;172m██[38;2;222;222;172m██[38;2;222;222;172m██[38;2;222;222;172m██[38;2;222;222;172m██[38;2;131;123;148m██[38;2;131;123;148m██[38;2;131;123;148m██[38;2;131;123;148m██[38;2;131;123;148m██[38;2;131;123;148m██[38;2;131;123;148m██[38;2;49;57;65m██[38;2;0;0;0m██[38;2;131;123;148m██[38;2;131;123;148m██[38;2;131;123;148m██[38;2;131;123;148m██[38;2;131;123;148m██[38;2;131;123;148m██[38;2;90;90;106m██[38;2;0;0;0m██  [38;2;49;57;65m██[38;2;131;123;148m██[38;2;131;123;148m██[38;2;131;123;148m██[38;2;131;123;148m██[38;2;131;123;148m██[38;2;90;90;106m██[38;2;131;123;148m██[38;2;90;90;106m██[38;2;90;90;106m██[38;2;90;90;106m██[38;2;90;90;106m██[38;2;90;90;106m██[38;2;0;0;0m██        
              [38;2;49;57;65m██[38;2;90;90;106m██[38;2;49;57;65m██[38;2;90;90;106m██[38;2;90;90;106m██[38;2;90;90;106m██[38;2;0;0;0m██[38;2;0;0;0m██[38;2;0;0;0m██[38;2;0;0;0m██[38;2;49;57;65m██      [38;2;0;0;0m██[38;2;131;123;148m██[38;2;222;222;172m██[38;2;222;222;172m██[38;2;222;222;172m██[38;2;222;222;172m██[38;2;222;222;172m██[38;2;222;222;172m██[38;2;222;222;172m██[38;2;222;222;172m██[38;2;222;222;172m██[38;2;222;222;172m██[38;2;222;222;172m██[38;2;222;222;172m██[38;2;222;222;172m██[38;2;222;222;172m██[38;2;222;222;172m██[38;2;222;222;172m██[38;2;131;123;148m██[38;2;131;123;148m██[38;2;131;123;148m██[38;2;131;123;148m██[38;2;131;123;148m██[38;2;131;123;148m██[38;2;0;0;0m██[38;2;90;90;106m██[38;2;131;123;148m██[38;2;131;123;148m██[38;2;131;123;148m██[38;2;131;123;148m██[38;2;131;123;148m██[38;2;131;123;148m██[38;2;90;90;106m██[38;2;90;90;106m██[38;2;0;0;0m██[38;2;131;123;148m██[38;2;131;123;148m██[38;2;131;123;148m██[38;2;131;123;148m██[38;2;131;123;148m██[38;2;131;123;148m██[38;2;131;123;148m██[38;2;90;90;106m██[38;2;131;123;148m██[38;2;90;90;106m██[38;2;90;90;106m██[38;2;90;90;106m██[38;2;90;90;106m██[38;2;0;0;0m██        
              [38;2;0;0;0m██[38;2;0;0;0m██[38;2;90;90;106m██[38;2;90;90;106m██[38;2;90;90;106m██[38;2;90;90;106m██[38;2;90;90;106m██[38;2;90;90;106m██[38;2;90;90;106m██[38;2;90;90;106m██[38;2;0;0;0m██      [38;2;0;0;0m██[38;2;222;222;172m██[38;2;222;222;172m██[38;2;222;222;172m██[38;2;222;222;172m██[38;2;222;222;172m██[38;2;222;222;172m██[38;2;222;222;172m██[38;2;222;222;172m██[38;2;222;222;172m██[38;2;222;222;172m██[38;2;222;222;172m██[38;2;222;222;172m██[38;2;222;222;172m██[38;2;222;222;172m██[38;2;222;222;172m██[38;2;222;222;172m██[38;2;222;222;172m██[38;2;222;222;172m██[38;2;131;123;148m██[38;2;131;123;148m██[38;2;131;123;148m██[38;2;131;123;148m██[38;2;131;123;148m██[38;2;0;0;0m██[38;2;90;90;106m██[38;2;90;90;106m██[38;2;49;57;65m██[38;2;0;0;0m██[38;2;131;123;148m██[38;2;131;123;148m██[38;2;131;123;148m██[38;2;90;90;106m██[38;2;90;90;106m██[38;2;49;57;65m██[38;2;0;0;0m██[38;2;131;123;148m██[38;2;131;123;148m██[38;2;131;123;148m██[38;2;131;123;148m██[38;2;131;123;148m██[38;2;131;123;148m██[38;2;131;123;148m██[38;2;131;123;148m██[38;2;90;90;106m██[38;2;90;90;106m██[38;2;90;90;106m██[38;2;90;90;106m██[38;2;0;0;0m██        
                [38;2;0;0;0m██[38;2;90;90;106m██[38;2;90;90;106m██[38;2;90;90;106m██[38;2;0;0;0m██[38;2;49;57;65m██[38;2;49;57;65m██[38;2;90;90;106m██[38;2;90;90;106m██[38;2;0;0;0m██    [38;2;0;0;0m██[38;2;131;123;148m██[38;2;222;222;172m██[38;2;222;222;172m██[38;2;222;222;172m██[38;2;222;222;172m██[38;2;222;222;172m██[38;2;222;222;172m██[38;2;222;222;172m██[38;2;222;222;172m██[38;2;222;222;172m██[38;2;222;222;172m██[38;2;222;222;172m██[38;2;222;222;172m██[38;2;222;222;172m██[38;2;222;222;172m██[38;2;222;222;172m██[38;2;222;222;172m██[38;2;222;222;172m██[38;2;222;222;172m██[38;2;131;123;148m██[38;2;131;123;148m██[38;2;131;123;148m██[38;2;131;123;148m██[38;2;131;123;148m██[38;2;131;123;148m██[38;2;0;0;0m██[38;2;205;205;205m██[38;2;0;0;0m██[38;2;90;90;106m██[38;2;131;123;148m██[38;2;131;123;148m██[38;2;90;90;106m██[38;2;90;90;106m██[38;2;90;90;106m██[38;2;90;90;106m██[38;2;0;0;0m██[38;2;131;123;148m██[38;2;131;123;148m██[38;2;131;123;148m██[38;2;131;123;148m██[38;2;131;123;148m██[38;2;131;123;148m██[38;2;131;123;148m██[38;2;90;90;106m██[38;2;90;90;106m██[38;2;90;90;106m██[38;2;90;90;106m██[38;2;90;90;106m██[38;2;0;0;0m██        
                  [38;2;49;57;65m██[38;2;90;90;106m██[38;2;90;90;106m██[38;2;49;57;65m██    [38;2;0;0;0m██[38;2;0;0;0m██      [38;2;0;0;0m██[38;2;131;123;148m██[38;2;222;222;172m██[38;2;222;222;172m██[38;2;222;222;172m██[38;2;222;222;172m██[38;2;222;222;172m██[38;2;222;222;172m██[38;2;222;222;172m██[38;2;222;222;172m██[38;2;222;222;172m██[38;2;222;222;172m██[38;2;222;222;172m██[38;2;222;222;172m██[38;2;222;222;172m██[38;2;222;222;172m██[38;2;222;222;172m██[38;2;222;222;172m██[38;2;222;222;172m██[38;2;222;222;172m██[38;2;222;222;172m██[38;2;131;123;148m██[38;2;131;123;148m██[38;2;131;123;148m██[38;2;131;123;148m██[38;2;131;123;148m██[38;2;131;123;148m██[38;2;90;90;106m██[38;2;49;57;65m██[38;2;131;123;148m██[38;2;131;123;148m██[38;2;131;123;148m██[38;2;49;57;65m██[38;2;0;0;0m██[38;2;90;90;106m██[38;2;90;90;106m██[38;2;0;0;0m██[38;2;131;123;148m██[38;2;131;123;148m██[38;2;131;123;148m██[38;2;131;123;148m██[38;2;131;123;148m██[38;2;90;90;106m██[38;2;90;90;106m██[38;2;90;90;106m██[38;2;90;90;106m██[38;2;90;90;106m██[38;2;90;90;106m██[38;2;189;189;172m██[38;2;0;0;0m██        
                  [38;2;49;57;65m██[38;2;0;0;0m██[38;2;0;0;0m██[38;2;255;255;255m██[38;2;49;57;65m██          [38;2;49;57;65m██[38;2;131;123;148m██[38;2;131;123;148m██[38;2;222;222;172m██[38;2;222;222;172m██[38;2;222;222;172m██[38;2;222;222;172m██[38;2;222;222;172m██[38;2;222;222;172m██[38;2;222;222;172m██[38;2;222;222;172m██[38;2;222;222;172m██[38;2;222;222;172m██[38;2;222;222;172m██[38;2;222;222;172m██[38;2;222;222;172m██[38;2;222;222;172m██[38;2;222;222;172m██[38;2;222;222;172m██[38;2;222;222;172m██[38;2;222;222;172m██[38;2;222;222;172m██[38;2;131;123;148m██[38;2;131;123;148m██[38;2;131;123;148m██[38;2;131;123;148m██[38;2;131;123;148m██[38;2;131;123;148m██[38;2;131;123;148m██[38;2;131;123;148m██[38;2;49;57;65m██[38;2;90;90;106m██[38;2;90;90;106m██[38;2;49;57;65m██[38;2;49;57;65m██[38;2;0;0;0m██[38;2;205;205;205m██[38;2;0;0;0m██[38;2;131;123;148m██[38;2;131;123;148m██[38;2;131;123;148m██[38;2;90;90;106m██[38;2;90;90;106m██[38;2;90;90;106m██[38;2;90;90;106m██[38;2;90;90;106m██[38;2;90;90;106m██[38;2;90;90;106m██[38;2;90;90;106m██[38;2;0;0;0m██          
                      [38;2;49;57;65m██[38;2;0;0;0m██[38;2;0;0;0m██        [38;2;49;57;65m██[38;2;131;123;148m██[38;2;131;123;148m██[38;2;131;123;148m██[38;2;222;222;172m██[38;2;222;222;172m██[38;2;222;222;172m██[38;2;222;222;172m██[38;2;222;222;172m██[38;2;222;222;172m██[38;2;222;222;172m██[38;2;222;222;172m██[38;2;222;222;172m██[38;2;222;222;172m██[38;2;222;222;172m██[38;2;222;222;172m██[38;2;222;222;172m██[38;2;222;222;172m██[38;2;222;222;172m██[38;2;222;222;172m██[38;2;222;222;172m██[38;2;222;222;172m██[38;2;222;222;172m██[38;2;222;222;172m██[38;2;131;123;148m██[38;2;131;123;148m██[38;2;131;123;148m██[38;2;131;123;148m██[38;2;131;123;148m██[38;2;131;123;148m██[38;2;131;123;148m██[38;2;49;57;65m██[38;2;0;0;0m██[38;2;205;205;205m██[38;2;49;57;65m██[38;2;131;123;148m██[38;2;49;57;65m██[38;2;0;0;0m██[38;2;0;0;0m██[38;2;131;123;148m██[38;2;90;90;106m██[38;2;90;90;106m██[38;2;90;90;106m██[38;2;90;90;106m██[38;2;90;90;106m██[38;2;90;90;106m██[38;2;90;90;106m██[38;2;90;90;106m██[38;2;90;90;106m██[38;2;189;189;172m██[38;2;0;0;0m██          
                                  [38;2;49;57;65m██[38;2;131;123;148m██[38;2;131;123;148m██[38;2;131;123;148m██[38;2;131;123;148m██[38;2;90;90;106m██[38;2;222;222;172m██[38;2;222;222;172m██[38;2;222;222;172m██[38;2;222;222;172m██[38;2;222;222;172m██[38;2;222;222;172m██[38;2;222;222;172m██[38;2;222;222;172m██[38;2;222;222;172m██[38;2;222;222;172m██[38;2;222;222;172m██[38;2;222;222;172m██[38;2;222;222;172m██[38;2;222;222;172m██[38;2;222;222;172m██[38;2;222;222;172m██[38;2;222;222;172m██[38;2;222;222;172m██[38;2;222;222;172m██[38;2;131;123;148m██[38;2;90;90;106m██[38;2;131;123;148m██[38;2;131;123;148m██[38;2;131;123;148m██[38;2;131;123;148m██[38;2;131;123;148m██[38;2;131;123;148m██[38;2;131;123;148m██[38;2;0;0;0m██[38;2;0;0;0m██[38;2;90;90;106m██[38;2;90;90;106m██[38;2;49;57;65m██[38;2;90;90;106m██[38;2;90;90;106m██[38;2;90;90;106m██[38;2;90;90;106m██[38;2;90;90;106m██[38;2;90;90;106m██[38;2;90;90;106m██[38;2;90;90;106m██[38;2;90;90;106m██[38;2;90;90;106m██[38;2;189;189;172m██[38;2;0;0;0m██            
                                  [38;2;90;90;106m██[38;2;131;123;148m██[38;2;131;123;148m██[38;2;131;123;148m██[38;2;131;123;148m██[38;2;49;57;65m██[38;2;189;189;172m██[38;2;222;222;172m██[38;2;222;222;172m██[38;2;222;222;172m██[38;2;222;222;172m██[38;2;222;222;172m██[38;2;222;222;172m██[38;2;222;222;172m██[38;2;222;222;172m██[38;2;222;222;172m██[38;2;222;222;172m██[38;2;222;222;172m██[38;2;222;222;172m██[38;2;222;222;172m██[38;2;222;222;172m██[38;2;222;222;172m██[38;2;222;222;172m██[38;2;222;222;172m██[38;2;222;222;172m██[38;2;131;123;148m██[38;2;90;90;106m██[38;2;131;123;148m██[38;2;131;123;148m██[38;2;131;123;148m██[38;2;131;123;148m██[38;2;131;123;148m██[38;2;131;123;148m██[38;2;131;123;148m██[38;2;131;123;148m██[38;2;131;123;148m██[38;2;90;90;106m██[38;2;90;90;106m██[38;2;0;0;0m██[38;2;90;90;106m██[38;2;90;90;106m██[38;2;90;90;106m██[38;2;90;90;106m██[38;2;90;90;106m██[38;2;90;90;106m██[38;2;90;90;106m██[38;2;90;90;106m██[38;2;90;90;106m██[38;2;189;189;172m██[38;2;189;189;172m██[38;2;0;0;0m██            
                                [38;2;90;90;106m██[38;2;131;123;148m██[38;2;131;123;148m██[38;2;131;123;148m██[38;2;131;123;148m██[38;2;131;123;148m██[38;2;49;57;65m██[38;2;189;189;172m██[38;2;189;189;172m██[38;2;222;222;172m██[38;2;222;222;172m██[38;2;222;222;172m██[38;2;222;222;172m██[38;2;222;222;172m██[38;2;222;222;172m██[38;2;222;222;172m██[38;2;222;222;172m██[38;2;222;222;172m██[38;2;222;222;172m██[38;2;222;222;172m██[38;2;222;222;172m██[38;2;222;222;172m██[38;2;222;222;172m██[38;2;222;222;172m██[38;2;222;222;172m██[38;2;222;222;172m██[38;2;90;90;106m██[38;2;131;123;148m██[38;2;131;123;148m██[38;2;131;123;148m██[38;2;131;123;148m██[38;2;131;123;148m██[38;2;131;123;148m██[38;2;131;123;148m██[38;2;131;123;148m██[38;2;131;123;148m██[38;2;131;123;148m██[38;2;131;123;148m██[38;2;90;90;106m██[38;2;90;90;106m██[38;2;49;57;65m██[38;2;90;90;106m██[38;2;90;90;106m██[38;2;90;90;106m██[38;2;90;90;106m██[38;2;90;90;106m██[38;2;90;90;106m██[38;2;90;90;106m██[38;2;189;189;172m██[38;2;189;189;172m██[38;2;0;0;0m██              
                                [38;2;90;90;106m██[38;2;131;123;148m██[38;2;131;123;148m██[38;2;131;123;148m██[38;2;131;123;148m██[38;2;131;123;148m██[38;2;131;123;148m██[38;2;49;57;65m██[38;2;189;189;172m██[38;2;189;189;172m██[38;2;222;222;172m██[38;2;222;222;172m██[38;2;222;222;172m██[38;2;222;222;172m██[38;2;222;222;172m██[38;2;222;222;172m██[38;2;222;222;172m██[38;2;222;222;172m██[38;2;222;222;172m██[38;2;222;222;172m██[38;2;222;222;172m██[38;2;222;222;172m██[38;2;222;222;172m██[38;2;222;222;172m██[38;2;222;222;172m██[38;2;189;189;172m██[38;2;49;57;65m██[38;2;131;123;148m██[38;2;131;123;148m██[38;2;131;123;148m██[38;2;131;123;148m██[38;2;131;123;148m██[38;2;131;123;148m██[38;2;131;123;148m██[38;2;131;123;148m██[38;2;131;123;148m██[38;2;131;123;148m██[38;2;131;123;148m██[38;2;90;90;106m██[38;2;90;90;106m██[38;2;0;0;0m██[38;2;90;90;106m██[38;2;90;90;106m██[38;2;90;90;106m██[38;2;90;90;106m██[38;2;90;90;106m██[38;2;131;123;148m██[38;2;189;189;172m██[38;2;189;189;172m██[38;2;0;0;0m██                
                                [38;2;90;90;106m██[38;2;131;123;148m██[38;2;131;123;148m██[38;2;131;123;148m██[38;2;131;123;148m██[38;2;131;123;148m██[38;2;131;123;148m██[38;2;49;57;65m██[38;2;189;189;172m██[38;2;189;189;172m██[38;2;189;189;172m██[38;2;189;189;172m██[38;2;189;189;172m██[38;2;222;222;172m██[38;2;222;222;172m██[38;2;222;222;172m██[38;2;222;222;172m██[38;2;222;222;172m██[38;2;222;222;172m██[38;2;222;222;172m██[38;2;222;222;172m██[38;2;189;189;172m██[38;2;189;189;172m██[38;2;189;189;172m██[38;2;189;189;172m██[38;2;189;189;172m██[38;2;49;57;65m██[38;2;131;123;148m██[38;2;131;123;148m██[38;2;131;123;148m██[38;2;131;123;148m██[38;2;131;123;148m██[38;2;131;123;148m██[38;2;131;123;148m██[38;2;131;123;148m██[38;2;131;123;148m██[38;2;131;123;148m██[38;2;131;123;148m██[38;2;90;90;106m██[38;2;90;90;106m██[38;2;0;0;0m██[38;2;90;90;106m██[38;2;90;90;106m██[38;2;131;123;148m██[38;2;189;189;172m██[38;2;189;189;172m██[38;2;189;189;172m██[38;2;189;189;172m██[38;2;0;0;0m██                  
                              [38;2;49;57;65m██[38;2;131;123;148m██[38;2;131;123;148m██[38;2;131;123;148m██[38;2;131;123;148m██[38;2;131;123;148m██[38;2;131;123;148m██[38;2;131;123;148m██[38;2;131;123;148m██[38;2;49;57;65m██[38;2;189;189;172m██[38;2;189;189;172m██[38;2;189;189;172m██[38;2;189;189;172m██[38;2;189;189;172m██[38;2;189;189;172m██[38;2;189;189;172m██[38;2;189;189;172m██[38;2;189;189;172m██[38;2;189;189;172m██[38;2;189;189;172m██[38;2;189;189;172m██[38;2;189;189;172m██[38;2;189;189;172m██[38;2;189;189;172m██[38;2;189;189;172m██[38;2;189;189;172m██[38;2;49;57;65m██[38;2;90;90;106m██[38;2;131;123;148m██[38;2;131;123;148m██[38;2;131;123;148m██[38;2;131;123;148m██[38;2;131;123;148m██[38;2;131;123;148m██[38;2;131;123;148m██[38;2;131;123;148m██[38;2;131;123;148m██[38;2;131;123;148m██[38;2;90;90;106m██[38;2;90;90;106m██[38;2;90;90;106m██[38;2;0;0;0m██[38;2;189;189;172m██[38;2;189;189;172m██[38;2;189;189;172m██[38;2;189;189;172m██[38;2;189;189;172m██[38;2;0;0;0m██                    
                              [38;2;49;57;65m██[38;2;131;123;148m██[38;2;131;123;148m██[38;2;131;123;148m██[38;2;131;123;148m██[38;2;131;123;148m██[38;2;131;123;148m██[38;2;131;123;148m██[38;2;131;123;148m██[38;2;90;90;106m██[38;2;0;0;0m██[38;2;189;189;172m██[38;2;189;189;172m██[38;2;189;189;172m██[38;2;189;189;172m██[38;2;189;189;172m██[38;2;189;189;172m██[38;2;189;189;172m██[38;2;189;189;172m██[38;2;189;189;172m██[38;2;189;189;172m██[38;2;189;189;172m██[38;2;189;189;172m██[38;2;189;189;172m██[38;2;189;189;172m██[38;2;189;189;172m██[38;2;189;189;172m██[38;2;0;0;0m██[38;2;90;90;106m██[38;2;131;123;148m██[38;2;131;123;148m██[38;2;131;123;148m██[38;2;131;123;148m██[38;2;131;123;148m██[38;2;131;123;148m██[38;2;131;123;148m██[38;2;131;123;148m██[38;2;131;123;148m██[38;2;131;123;148m██[38;2;90;90;106m██[38;2;90;90;106m██[38;2;90;90;106m██[38;2;0;0;0m██[38;2;189;189;172m██[38;2;189;189;172m██[38;2;189;189;172m██[38;2;0;0;0m██[38;2;0;0;0m██                      
                              [38;2;49;57;65m██[38;2;131;123;148m██[38;2;131;123;148m██[38;2;131;123;148m██[38;2;131;123;148m██[38;2;131;123;148m██[38;2;131;123;148m██[38;2;131;123;148m██[38;2;90;90;106m██[38;2;90;90;106m██[38;2;90;90;106m██[38;2;0;0;0m██[38;2;189;189;172m██[38;2;189;189;172m██[38;2;189;189;172m██[38;2;189;189;172m██[38;2;189;189;172m██[38;2;189;189;172m██[38;2;189;189;172m██[38;2;189;189;172m██[38;2;189;189;172m██[38;2;189;189;172m██[38;2;189;189;172m██[38;2;189;189;172m██[38;2;189;189;172m██[38;2;189;189;172m██[38;2;189;189;172m██[38;2;0;0;0m██[38;2;90;90;106m██[38;2;90;90;106m██[38;2;131;123;148m██[38;2;131;123;148m██[38;2;131;123;148m██[38;2;131;123;148m██[38;2;131;123;148m██[38;2;131;123;148m██[38;2;131;123;148m██[38;2;131;123;148m██[38;2;131;123;148m██[38;2;90;90;106m██[38;2;90;90;106m██[38;2;90;90;106m██[38;2;0;0;0m██[38;2;189;189;172m██[38;2;0;0;0m██[38;2;0;0;0m██                          
                              [38;2;49;57;65m██[38;2;90;90;106m██[38;2;131;123;148m██[38;2;131;123;148m██[38;2;131;123;148m██[38;2;131;123;148m██[38;2;90;90;106m██[38;2;90;90;106m██[38;2;90;90;106m██[38;2;90;90;106m██[38;2;90;90;106m██[38;2;90;90;106m██[38;2;0;0;0m██[38;2;189;189;172m██[38;2;189;189;172m██[38;2;189;189;172m██[38;2;189;189;172m██[38;2;189;189;172m██[38;2;189;189;172m██[38;2;189;189;172m██[38;2;189;189;172m██[38;2;189;189;172m██[38;2;189;189;172m██[38;2;189;189;172m██[38;2;189;189;172m██[38;2;189;189;172m██[38;2;189;189;172m██[38;2;0;0;0m██[38;2;90;90;106m██[38;2;90;90;106m██[38;2;90;90;106m██[38;2;131;123;148m██[38;2;131;123;148m██[38;2;131;123;148m██[38;2;131;123;148m██[38;2;131;123;148m██[38;2;131;123;148m██[38;2;131;123;148m██[38;2;90;90;106m██[38;2;90;90;106m██[38;2;90;90;106m██[38;2;90;90;106m██[38;2;0;0;0m██[38;2;0;0;0m██                              
                              [38;2;49;57;65m██[38;2;90;90;106m██[38;2;90;90;106m██[38;2;90;90;106m██[38;2;90;90;106m██[38;2;90;90;106m██[38;2;90;90;106m██[38;2;90;90;106m██[38;2;90;90;106m██[38;2;90;90;106m██[38;2;90;90;106m██[38;2;90;90;106m██[38;2;90;90;106m██[38;2;0;0;0m██[38;2;0;0;0m██[38;2;189;189;172m██[38;2;189;189;172m██[38;2;189;189;172m██[38;2;189;189;172m██[38;2;189;189;172m██[38;2;189;189;172m██[38;2;189;189;172m██[38;2;189;189;172m██[38;2;189;189;172m██[38;2;189;189;172m██[38;2;189;189;172m██[38;2;189;189;172m██[38;2;0;0;0m██[38;2;90;90;106m██[38;2;90;90;106m██[38;2;90;90;106m██[38;2;90;90;106m██[38;2;90;90;106m██[38;2;131;123;148m██[38;2;131;123;148m██[38;2;131;123;148m██[38;2;90;90;106m██[38;2;90;90;106m██[38;2;90;90;106m██[38;2;90;90;106m██[38;2;90;90;106m██[38;2;90;90;106m██[38;2;0;0;0m██                                
                                [38;2;49;57;65m██[38;2;90;90;106m██[38;2;90;90;106m██[38;2;90;90;106m██[38;2;90;90;106m██[38;2;90;90;106m██[38;2;90;90;106m██[38;2;90;90;106m██[38;2;90;90;106m██[38;2;90;90;106m██[38;2;90;90;106m██[38;2;90;90;106m██[38;2;49;57;65m██[38;2;49;57;65m██[38;2;0;0;0m██[38;2;0;0;0m██[38;2;189;189;172m██[38;2;189;189;172m██[38;2;189;189;172m██[38;2;189;189;172m██[38;2;189;189;172m██[38;2;189;189;172m██[38;2;189;189;172m██[38;2;189;189;172m██[38;2;189;189;172m██[38;2;49;57;65m██[38;2;49;57;65m██[38;2;0;0;0m██[38;2;90;90;106m██[38;2;90;90;106m██[38;2;90;90;106m██[38;2;90;90;106m██[38;2;90;90;106m██[38;2;90;90;106m██[38;2;90;90;106m██[38;2;90;90;106m██[38;2;90;90;106m██[38;2;90;90;106m██[38;2;90;90;106m██[38;2;90;90;106m██[38;2;90;90;106m██[38;2;90;90;106m██[38;2;0;0;0m██                              
                                [38;2;49;57;65m██[38;2;90;90;106m██[38;2;90;90;106m██[38;2;90;90;106m██[38;2;90;90;106m██[38;2;90;90;106m██[38;2;90;90;106m██[38;2;90;90;106m██[38;2;90;90;106m██[38;2;90;90;106m██[38;2;90;90;106m██[38;2;49;57;65m██        [38;2;0;0;0m██[38;2;0;0;0m██[38;2;0;0;0m██[38;2;189;189;172m██[38;2;189;189;172m██[38;2;189;189;172m██[38;2;49;57;65m██[38;2;49;57;65m██[38;2;49;57;65m██[38;2;189;189;172m██[38;2;189;189;172m██[38;2;0;0;0m██[38;2;90;90;106m██[38;2;90;90;106m██[38;2;90;90;106m██[38;2;90;90;106m██[38;2;90;90;106m██[38;2;90;90;106m██[38;2;90;90;106m██[38;2;90;90;106m██[38;2;90;90;106m██[38;2;90;90;106m██[38;2;90;90;106m██[38;2;90;90;106m██[38;2;90;90;106m██[38;2;90;90;106m██[38;2;0;0;0m██                              
                                  [38;2;49;57;65m██[38;2;90;90;106m██[38;2;90;90;106m██[38;2;90;90;106m██[38;2;90;90;106m██[38;2;90;90;106m██[38;2;90;90;106m██[38;2;90;90;106m██[38;2;90;90;106m██[38;2;49;57;65m██                [38;2;49;57;65m██[38;2;49;57;65m██[38;2;49;57;65m██[38;2;189;189;172m██[38;2;189;189;172m██[38;2;189;189;172m██[38;2;189;189;172m██[38;2;189;189;172m██[38;2;189;189;172m██[38;2;0;0;0m██[38;2;0;0;0m██[38;2;90;90;106m██[38;2;90;90;106m██[38;2;90;90;106m██[38;2;90;90;106m██[38;2;90;90;106m██[38;2;90;90;106m██[38;2;90;90;106m██[38;2;90;90;106m██[38;2;90;90;106m██[38;2;90;90;106m██[38;2;90;90;106m██[38;2;90;90;106m██[38;2;0;0;0m██                              
                                    [38;2;0;0;0m██[38;2;90;90;106m██[38;2;90;90;106m██[38;2;90;90;106m██[38;2;90;90;106m██[38;2;90;90;106m██[38;2;90;90;106m██[38;2;90;90;106m██[38;2;90;90;106m██[38;2;0;0;0m██                    [38;2;49;57;65m██[38;2;49;57;65m██[38;2;49;57;65m██[38;2;49;57;65m██[38;2;49;57;65m██[38;2;49;57;65m██[38;2;49;57;65m██  [38;2;0;0;0m██[38;2;90;90;106m██[38;2;90;90;106m██[38;2;90;90;106m██[38;2;90;90;106m██[38;2;90;90;106m██[38;2;90;90;106m██[38;2;90;90;106m██[38;2;90;90;106m██[38;2;90;90;106m██[38;2;90;90;106m██[38;2;131;123;148m██[38;2;0;0;0m██                              
                                      [38;2;0;0;0m██[38;2;90;90;106m██[38;2;90;90;106m██[38;2;90;90;106m██[38;2;90;90;106m██[38;2;90;90;106m██[38;2;90;90;106m██[38;2;90;90;106m██[38;2;0;0;0m██                                      [38;2;0;0;0m██[38;2;90;90;106m██[38;2;90;90;106m██[38;2;90;90;106m██[38;2;90;90;106m██[38;2;90;90;106m██[38;2;90;90;106m██[38;2;90;90;106m██[38;2;90;90;106m██[38;2;131;123;148m██[38;2;90;90;106m██[38;2;131;123;148m██[38;2;0;0;0m██                            
                                    [38;2;98;98;98m██[38;2;205;205;205m██[38;2;0;0;0m██[38;2;205;205;205m██[38;2;49;57;65m██[38;2;49;57;65m██[38;2;90;90;106m██[38;2;90;90;106m██[38;2;90;90;106m██[38;2;90;90;106m██[38;2;0;0;0m██                                      [38;2;0;0;0m██[38;2;90;90;106m██[38;2;90;90;106m██[38;2;90;90;106m██[38;2;90;90;106m██[38;2;90;90;106m██[38;2;90;90;106m██[38;2;131;123;148m██[38;2;90;90;106m██[38;2;131;123;148m██[38;2;90;90;106m██[38;2;0;0;0m██                            
                                  [38;2;98;98;98m██[38;2;255;255;255m██[38;2;98;98;98m██[38;2;205;205;205m██[38;2;205;205;205m██[38;2;98;98;98m██[38;2;205;205;205m██[38;2;205;205;205m██[38;2;90;90;106m██[38;2;90;90;106m██[38;2;90;90;106m██[38;2;0;0;0m██                                      [38;2;0;0;0m██[38;2;90;90;106m██[38;2;90;90;106m██[38;2;90;90;106m██[38;2;90;90;106m██[38;2;90;90;106m██[38;2;131;123;148m██[38;2;90;90;106m██[38;2;131;123;148m██[38;2;90;90;106m██[38;2;90;90;106m██[38;2;0;0;0m██                            
                                  [38;2;0;0;0m██[38;2;0;0;0m██[38;2;255;255;255m██[38;2;205;205;205m██[38;2;0;0;0m██[38;2;255;255;255m██[38;2;205;205;205m██[38;2;0;0;0m██[38;2;0;0;0m██[38;2;0;0;0m██[38;2;0;0;0m██                                        [38;2;0;0;0m██[38;2;90;90;106m██[38;2;90;90;106m██[38;2;90;90;106m██[38;2;90;90;106m██[38;2;90;90;106m██[38;2;90;90;106m██[38;2;90;90;106m██[38;2;90;90;106m██[38;2;90;90;106m██[38;2;255;255;255m██[38;2;0;0;0m██                            
                                    [38;2;0;0;0m██[38;2;0;0;0m██[38;2;0;0;0m██  [38;2;0;0;0m██[38;2;0;0;0m██[38;2;0;0;0m██                                              [38;2;0;0;0m██[38;2;0;0;0m██[38;2;90;90;106m██[38;2;90;90;106m██[38;2;205;205;205m██[38;2;49;57;65m██[38;2;90;90;106m██[38;2;205;205;205m██[38;2;255;255;255m██[38;2;90;90;106m██[38;2;255;255;255m██[38;2;255;255;255m██[38;2;0;0;0m██                          
                                                                                                  [38;2;0;0;0m██[38;2;0;0;0m██[38;2;255;255;255m██[38;2;255;255;255m██[38;2;255;255;255m██[38;2;0;0;0m██[38;2;255;255;255m██[38;2;255;255;255m██[38;2;255;255;255m██[38;2;98;98;98m██[38;2;205;205;205m██[38;2;0;0;0m██                          
                                                                                                      [38;2;0;0;0m██[38;2;255;255;255m██[38;2;0;0;0m██  [38;2;0;0;0m██[38;2;205;205;205m██[38;2;255;255;255m██[38;2;0;0;0m██[38;2;0;0;0m██[38;2;0;0;0m██                          
                                                                                                        [38;2;0;0;0m██[38;2;0;0;0m██    [38;2;0;0;0m██[38;2;0;0;0m██                                
