                                                                                                                              [38;2;115;131;49m██[38;2;115;131;49m██      
                                                                                                                            [38;2;115;131;49m██[38;2;246;255;172m██[38;2;246;255;172m██[38;2;115;131;49m██    
                                                                                                                          [38;2;115;131;49m██[38;2;246;255;172m██[38;2;246;255;172m██[38;2;246;255;172m██[38;2;115;131;49m██    
                                                                                                                      [38;2;115;131;49m██[38;2;115;131;49m██[38;2;246;255;172m██[38;2;246;255;172m██[38;2;246;255;172m██[38;2;246;255;172m██[38;2;115;131;49m██    
                                                                                                                    [38;2;115;131;49m██[38;2;148;156;82m██[38;2;246;255;172m██[38;2;246;255;172m██[38;2;246;255;172m██[38;2;246;255;172m██[38;2;246;255;172m██[38;2;115;131;49m██    
                                                                                                                  [38;2;115;131;49m██[38;2;148;156;82m██[38;2;246;255;172m██[38;2;246;255;172m██[38;2;246;255;172m██[38;2;246;255;172m██[38;2;246;255;172m██[38;2;115;131;49m██      
                                                                                                                [38;2;115;131;49m██[38;2;148;156;82m██[38;2;246;255;172m██[38;2;246;255;172m██[38;2;246;255;172m██[38;2;246;255;172m██[38;2;246;255;172m██[38;2;246;255;172m██[38;2;115;131;49m██      
                                                                                                              [38;2;115;131;49m██[38;2;148;156;82m██[38;2;222;222;148m██[38;2;246;255;172m██[38;2;246;255;172m██[38;2;246;255;172m██[38;2;246;255;172m██[38;2;246;255;172m██[38;2;115;131;49m██        
      [38;2;148;156;82m██[38;2;148;156;82m██                                                                                                  [38;2;115;131;49m██[38;2;148;156;82m██[38;2;148;156;82m██[38;2;246;255;172m██[38;2;246;255;172m██[38;2;246;255;172m██[38;2;246;255;172m██[38;2;246;255;172m██[38;2;115;131;49m██          
    [38;2;148;156;82m██[38;2;222;222;148m██[38;2;222;222;148m██[38;2;115;131;49m██                                                                                                [38;2;115;131;49m██[38;2;148;156;82m██[38;2;246;255;172m██[38;2;246;255;172m██[38;2;246;255;172m██[38;2;246;255;172m██[38;2;246;255;172m██[38;2;246;255;172m██[38;2;32;32;32m██          
    [38;2;148;156;82m██[38;2;222;222;148m██[38;2;222;222;148m██[38;2;222;222;148m██[38;2;115;131;49m██                                                                                            [38;2;115;131;49m██[38;2;148;156;82m██[38;2;148;156;82m██[38;2;246;255;172m██[38;2;246;255;172m██[38;2;246;255;172m██[38;2;246;255;172m██[38;2;246;255;172m██[38;2;115;131;49m██            
      [38;2;148;156;82m██[38;2;222;222;148m██[38;2;222;222;148m██[38;2;222;222;148m██[38;2;115;131;49m██                                                                                        [38;2;115;131;49m██[38;2;148;156;82m██[38;2;148;156;82m██[38;2;246;255;172m██[38;2;246;255;172m██[38;2;246;255;172m██[38;2;246;255;172m██[38;2;246;255;172m██[38;2;246;255;172m██[38;2;32;32;32m██            
      [38;2;148;156;82m██[38;2;222;222;148m██[38;2;222;222;148m██[38;2;222;222;148m██[38;2;222;222;148m██[38;2;115;131;49m██                                                                                    [38;2;115;131;49m██[38;2;148;156;82m██[38;2;148;156;82m██[38;2;148;156;82m██[38;2;246;255;172m██[38;2;246;255;172m██[38;2;246;255;172m██[38;2;246;255;172m██[38;2;246;255;172m██[38;2;32;32;32m██    [38;2;148;156;82m██[38;2;148;156;82m██[38;2;148;156;82m██    
        [38;2;115;131;49m██[38;2;222;222;148m██[38;2;222;222;148m██[38;2;222;222;148m██[38;2;148;156;82m██[38;2;115;131;49m██                                                                                [38;2;115;131;49m██[38;2;148;156;82m██[38;2;148;156;82m██[38;2;148;156;82m██[38;2;115;131;49m██[38;2;115;131;49m██[38;2;246;255;172m██[38;2;246;255;172m██[38;2;246;255;172m██[38;2;246;255;172m██[38;2;32;32;32m██  [38;2;148;156;82m██[38;2;246;255;172m██[38;2;246;255;172m██[38;2;246;255;172m██[38;2;148;156;82m██  
          [38;2;148;156;82m██[38;2;222;222;148m██[38;2;222;222;148m██[38;2;222;222;148m██[38;2;148;156;82m██[38;2;115;131;49m██                                                                            [38;2;115;131;49m██[38;2;148;156;82m██[38;2;148;156;82m██[38;2;148;156;82m██[38;2;115;131;49m██[38;2;246;255;172m██[38;2;246;255;172m██[38;2;115;131;49m██[38;2;246;255;172m██[38;2;246;255;172m██[38;2;32;32;32m██  [38;2;148;156;82m██[38;2;246;255;172m██[38;2;246;255;172m██[38;2;246;255;172m██[38;2;246;255;172m██[38;2;148;156;82m██  
  [38;2;115;131;49m██[38;2;115;131;49m██    [38;2;115;131;49m██[38;2;222;222;148m██[38;2;222;222;148m██[38;2;222;222;148m██[38;2;222;222;148m██[38;2;148;156;82m██[38;2;115;131;49m██                                                                          [38;2;115;131;49m██[38;2;148;156;82m██[38;2;148;156;82m██[38;2;115;131;49m██[38;2;246;255;172m██[38;2;246;255;172m██[38;2;246;255;172m██[38;2;115;131;49m██[38;2;246;255;172m██[38;2;246;255;172m██[38;2;115;131;49m██[38;2;115;131;49m██[38;2;246;255;172m██[38;2;246;255;172m██[38;2;246;255;172m██[38;2;246;255;172m██[38;2;246;255;172m██[38;2;115;131;49m██  
[38;2;148;156;82m██[38;2;222;222;148m██[38;2;222;222;148m██[38;2;115;131;49m██[38;2;82;98;16m██  [38;2;115;131;49m██[38;2;222;222;148m██[38;2;222;222;148m██[38;2;222;222;148m██[38;2;222;222;148m██[38;2;148;156;82m██[38;2;115;131;49m██                                                                      [38;2;115;131;49m██[38;2;148;156;82m██[38;2;148;156;82m██[38;2;148;156;82m██[38;2;115;131;49m██[38;2;246;255;172m██[38;2;246;255;172m██[38;2;246;255;172m██[38;2;115;131;49m██[38;2;246;255;172m██[38;2;148;156;82m██[38;2;115;131;49m██[38;2;246;255;172m██[38;2;246;255;172m██[38;2;246;255;172m██[38;2;246;255;172m██[38;2;246;255;172m██[38;2;115;131;49m██    
[38;2;148;156;82m██[38;2;222;222;148m██[38;2;222;222;148m██[38;2;222;222;148m██[38;2;222;222;148m██[38;2;115;131;49m██[38;2;82;98;16m██[38;2;148;156;82m██[38;2;222;222;148m██[38;2;222;222;148m██[38;2;222;222;148m██[38;2;148;156;82m██[38;2;148;156;82m██[38;2;115;131;49m██                                                                    [38;2;115;131;49m██[38;2;148;156;82m██[38;2;148;156;82m██[38;2;115;131;49m██[38;2;246;255;172m██[38;2;246;255;172m██[38;2;246;255;172m██[38;2;246;255;172m██[38;2;115;131;49m██[38;2;246;255;172m██[38;2;115;131;49m██[38;2;246;255;172m██[38;2;246;255;172m██[38;2;246;255;172m██[38;2;246;255;172m██[38;2;246;255;172m██[38;2;222;222;148m██[38;2;115;131;49m██    
  [38;2;148;156;82m██[38;2;222;222;148m██[38;2;222;222;148m██[38;2;222;222;148m██[38;2;222;222;148m██[38;2;222;222;148m██[38;2;222;222;148m██[38;2;148;156;82m██[38;2;222;222;148m██[38;2;222;222;148m██[38;2;222;222;148m██[38;2;148;156;82m██[38;2;148;156;82m██[38;2;115;131;49m██                                                                [38;2;115;131;49m██[38;2;148;156;82m██[38;2;148;156;82m██[38;2;115;131;49m██[38;2;222;222;148m██[38;2;246;255;172m██[38;2;246;255;172m██[38;2;246;255;172m██[38;2;222;222;148m██[38;2;148;156;82m██[38;2;246;255;172m██[38;2;246;255;172m██[38;2;246;255;172m██[38;2;246;255;172m██[38;2;246;255;172m██[38;2;246;255;172m██[38;2;246;255;172m██[38;2;32;32;32m██      
    [38;2;148;156;82m██[38;2;222;222;148m██[38;2;222;222;148m██[38;2;222;222;148m██[38;2;222;222;148m██[38;2;222;222;148m██[38;2;222;222;148m██[38;2;222;222;148m██[38;2;222;222;148m██[38;2;222;222;148m██[38;2;222;222;148m██[38;2;148;156;82m██[38;2;148;156;82m██[38;2;115;131;49m██                                                              [38;2;115;131;49m██[38;2;148;156;82m██[38;2;148;156;82m██[38;2;115;131;49m██[38;2;222;222;148m██[38;2;246;255;172m██[38;2;246;255;172m██[38;2;246;255;172m██[38;2;82;98;16m██[38;2;246;255;172m██[38;2;246;255;172m██[38;2;246;255;172m██[38;2;246;255;172m██[38;2;246;255;172m██[38;2;246;255;172m██[38;2;246;255;172m██[38;2;32;32;32m██        
      [38;2;115;131;49m██[38;2;222;222;148m██[38;2;222;222;148m██[38;2;222;222;148m██[38;2;222;222;148m██[38;2;222;222;148m██[38;2;222;222;148m██[38;2;222;222;148m██[38;2;222;222;148m██[38;2;222;222;148m██[38;2;222;222;148m██[38;2;148;156;82m██[38;2;148;156;82m██[38;2;115;131;49m██[38;2;115;131;49m██                                                        [38;2;115;131;49m██[38;2;148;156;82m██[38;2;148;156;82m██[38;2;115;131;49m██[38;2;222;222;148m██[38;2;246;255;172m██[38;2;246;255;172m██[38;2;246;255;172m██[38;2;246;255;172m██[38;2;115;131;49m██[38;2;115;131;49m██[38;2;246;255;172m██[38;2;246;255;172m██[38;2;246;255;172m██[38;2;246;255;172m██[38;2;246;255;172m██[38;2;32;32;32m██[38;2;115;131;49m██[38;2;115;131;49m██[38;2;115;131;49m██[38;2;148;156;82m██  
        [38;2;115;131;49m██[38;2;222;222;148m██[38;2;222;222;148m██[38;2;222;222;148m██[38;2;222;222;148m██[38;2;222;222;148m██[38;2;222;222;148m██[38;2;222;222;148m██[38;2;115;131;49m██[38;2;115;131;49m██[38;2;148;156;82m██[38;2;148;156;82m██[38;2;148;156;82m██[38;2;148;156;82m██[38;2;115;131;49m██                                                      [38;2;115;131;49m██[38;2;148;156;82m██[38;2;148;156;82m██[38;2;115;131;49m██[38;2;246;255;172m██[38;2;246;255;172m██[38;2;246;255;172m██[38;2;246;255;172m██[38;2;115;131;49m██[38;2;246;255;172m██[38;2;246;255;172m██[38;2;115;131;49m██[38;2;246;255;172m██[38;2;246;255;172m██[38;2;246;255;172m██[38;2;32;32;32m██[38;2;148;156;82m██[38;2;148;156;82m██[38;2;246;255;172m██[38;2;246;255;172m██[38;2;246;255;172m██[38;2;148;156;82m██
          [38;2;115;131;49m██[38;2;222;222;148m██[38;2;222;222;148m██[38;2;222;222;148m██[38;2;222;222;148m██[38;2;222;222;148m██[38;2;115;131;49m██[38;2;222;222;148m██[38;2;222;222;148m██[38;2;148;156;82m██[38;2;115;131;49m██[38;2;148;156;82m██[38;2;148;156;82m██[38;2;148;156;82m██[38;2;115;131;49m██                                                  [38;2;115;131;49m██[38;2;148;156;82m██[38;2;148;156;82m██[38;2;115;131;49m██[38;2;222;222;148m██[38;2;246;255;172m██[38;2;246;255;172m██[38;2;246;255;172m██[38;2;82;98;16m██[38;2;246;255;172m██[38;2;246;255;172m██[38;2;246;255;172m██[38;2;115;131;49m██[38;2;246;255;172m██[38;2;246;255;172m██[38;2;148;156;82m██[38;2;148;156;82m██[38;2;246;255;172m██[38;2;246;255;172m██[38;2;246;255;172m██[38;2;246;255;172m██[38;2;246;255;172m██[38;2;148;156;82m██
  [38;2;115;131;49m██[38;2;115;131;49m██[38;2;115;131;49m██[38;2;115;131;49m██[38;2;115;131;49m██[38;2;115;131;49m██[38;2;148;156;82m██[38;2;222;222;148m██[38;2;222;222;148m██[38;2;222;222;148m██[38;2;115;131;49m██[38;2;222;222;148m██[38;2;222;222;148m██[38;2;222;222;148m██[38;2;148;156;82m██[38;2;115;131;49m██[38;2;148;156;82m██[38;2;148;156;82m██[38;2;148;156;82m██[38;2;115;131;49m██                                                [38;2;115;131;49m██[38;2;148;156;82m██[38;2;148;156;82m██[38;2;115;131;49m██[38;2;246;255;172m██[38;2;246;255;172m██[38;2;246;255;172m██[38;2;222;222;148m██[38;2;115;131;49m██[38;2;246;255;172m██[38;2;246;255;172m██[38;2;246;255;172m██[38;2;115;131;49m██[38;2;246;255;172m██[38;2;148;156;82m██[38;2;246;255;172m██[38;2;246;255;172m██[38;2;246;255;172m██[38;2;246;255;172m██[38;2;246;255;172m██[38;2;246;255;172m██[38;2;246;255;172m██[38;2;115;131;49m██
[38;2;115;131;49m██[38;2;222;222;148m██[38;2;222;222;148m██[38;2;222;222;148m██[38;2;222;222;148m██[38;2;222;222;148m██[38;2;222;222;148m██[38;2;222;222;148m██[38;2;222;222;148m██[38;2;222;222;148m██[38;2;222;222;148m██[38;2;222;222;148m██[38;2;115;131;49m██[38;2;222;222;148m██[38;2;222;222;148m██[38;2;222;222;148m██[38;2;222;222;148m██[38;2;115;131;49m██[38;2;148;156;82m██[38;2;148;156;82m██[38;2;148;156;82m██[38;2;115;131;49m██                                            [38;2;115;131;49m██[38;2;148;156;82m██[38;2;148;156;82m██[38;2;115;131;49m██[38;2;246;255;172m██[38;2;246;255;172m██[38;2;246;255;172m██[38;2;246;255;172m██[38;2;115;131;49m██[38;2;246;255;172m██[38;2;246;255;172m██[38;2;246;255;172m██[38;2;246;255;172m██[38;2;115;131;49m██[38;2;246;255;172m██[38;2;246;255;172m██[38;2;246;255;172m██[38;2;246;255;172m██[38;2;246;255;172m██[38;2;246;255;172m██[38;2;246;255;172m██[38;2;246;255;172m██[38;2;115;131;49m██  
[38;2;115;131;49m██[38;2;222;222;148m██[38;2;222;222;148m██[38;2;222;222;148m██[38;2;222;222;148m██[38;2;222;222;148m██[38;2;222;222;148m██[38;2;222;222;148m██[38;2;222;222;148m██[38;2;222;222;148m██[38;2;222;222;148m██[38;2;222;222;148m██[38;2;222;222;148m██[38;2;115;131;49m██[38;2;222;222;148m██[38;2;222;222;148m██[38;2;222;222;148m██[38;2;222;222;148m██[38;2;115;131;49m██[38;2;148;156;82m██[38;2;148;156;82m██[38;2;148;156;82m██[38;2;82;98;16m██                                          [38;2;115;131;49m██[38;2;148;156;82m██[38;2;148;156;82m██[38;2;82;98;16m██[38;2;246;255;172m██[38;2;246;255;172m██[38;2;246;255;172m██[38;2;115;131;49m██[38;2;246;255;172m██[38;2;246;255;172m██[38;2;246;255;172m██[38;2;246;255;172m██[38;2;115;131;49m██[38;2;246;255;172m██[38;2;246;255;172m██[38;2;246;255;172m██[38;2;246;255;172m██[38;2;246;255;172m██[38;2;246;255;172m██[38;2;246;255;172m██[38;2;246;255;172m██[38;2;115;131;49m██    
  [38;2;115;131;49m██[38;2;32;32;32m██[38;2;32;32;32m██[38;2;222;222;148m██[38;2;222;222;148m██[38;2;222;222;148m██[38;2;222;222;148m██[38;2;222;222;148m██[38;2;222;222;148m██[38;2;222;222;148m██[38;2;222;222;148m██[38;2;222;222;148m██[38;2;222;222;148m██[38;2;115;131;49m██[38;2;222;222;148m██[38;2;222;222;148m██[38;2;222;222;148m██[38;2;222;222;148m██[38;2;115;131;49m██[38;2;148;156;82m██[38;2;148;156;82m██[38;2;148;156;82m██[38;2;82;98;16m██          [38;2;238;148;0m██[38;2;238;148;0m██[38;2;238;148;0m██                        [38;2;115;131;49m██[38;2;148;156;82m██[38;2;82;98;16m██[38;2;246;255;172m██[38;2;246;255;172m██[38;2;246;255;172m██[38;2;246;255;172m██[38;2;148;156;82m██[38;2;246;255;172m██[38;2;246;255;172m██[38;2;246;255;172m██[38;2;115;131;49m██[38;2;246;255;172m██[38;2;246;255;172m██[38;2;246;255;172m██[38;2;246;255;172m██[38;2;246;255;172m██[38;2;246;255;172m██[38;2;246;255;172m██[38;2;246;255;172m██[38;2;32;32;32m██      
        [38;2;115;131;49m██[38;2;32;32;32m██[38;2;32;32;32m██[38;2;148;156;82m██[38;2;148;156;82m██[38;2;222;222;148m██[38;2;222;222;148m██[38;2;115;131;49m██[38;2;115;131;49m██[38;2;115;131;49m██[38;2;222;222;148m██[38;2;115;131;49m██[38;2;222;222;148m██[38;2;222;222;148m██[38;2;222;222;148m██[38;2;222;222;148m██[38;2;148;156;82m██[38;2;148;156;82m██[38;2;148;156;82m██[38;2;148;156;82m██[38;2;82;98;16m██    [38;2;238;148;0m██[38;2;238;148;0m██[38;2;255;213;0m██[38;2;255;213;0m██                        [38;2;115;131;49m██[38;2;148;156;82m██[38;2;148;156;82m██[38;2;82;98;16m██[38;2;246;255;172m██[38;2;246;255;172m██[38;2;246;255;172m██[38;2;246;255;172m██[38;2;246;255;172m██[38;2;246;255;172m██[38;2;246;255;172m██[38;2;115;131;49m██[38;2;115;131;49m██[38;2;246;255;172m██[38;2;246;255;172m██[38;2;246;255;172m██[38;2;246;255;172m██[38;2;246;255;172m██[38;2;246;255;172m██[38;2;246;255;172m██[38;2;32;32;32m██        
          [38;2;115;131;49m██[38;2;148;156;82m██[38;2;222;222;148m██[38;2;222;222;148m██[38;2;222;222;148m██[38;2;115;131;49m██[38;2;222;222;148m██[38;2;222;222;148m██[38;2;222;222;148m██[38;2;115;131;49m██[38;2;115;131;49m██[38;2;82;98;16m██[38;2;222;222;148m██[38;2;222;222;148m██[38;2;222;222;148m██[38;2;222;222;148m██[38;2;222;222;148m██[38;2;148;156;82m██[38;2;148;156;82m██[38;2;148;156;82m██[38;2;82;98;16m██[38;2;238;148;0m██[38;2;255;213;0m██[38;2;255;213;0m██[38;2;255;213;0m██[38;2;238;148;0m██                        [38;2;115;131;49m██[38;2;148;156;82m██[38;2;82;98;16m██[38;2;222;222;148m██[38;2;246;255;172m██[38;2;246;255;172m██[38;2;246;255;172m██[38;2;246;255;172m██[38;2;246;255;172m██[38;2;246;255;172m██[38;2;115;131;49m██[38;2;246;255;172m██[38;2;246;255;172m██[38;2;115;131;49m██[38;2;246;255;172m██[38;2;246;255;172m██[38;2;246;255;172m██[38;2;246;255;172m██[38;2;148;156;82m██[38;2;32;32;32m██          
      [38;2;115;131;49m██[38;2;115;131;49m██[38;2;222;222;148m██[38;2;222;222;148m██[38;2;222;222;148m██[38;2;222;222;148m██[38;2;222;222;148m██[38;2;115;131;49m██[38;2;222;222;148m██[38;2;222;222;148m██[38;2;222;222;148m██[38;2;222;222;148m██[38;2;222;222;148m██[38;2;82;98;16m██[38;2;82;98;16m██[38;2;222;222;148m██[38;2;222;222;148m██[38;2;222;222;148m██[38;2;222;222;148m██[38;2;222;222;148m██[38;2;148;156;82m██[38;2;148;156;82m██[38;2;238;148;0m██[38;2;255;213;0m██[38;2;255;213;0m██[38;2;255;213;0m██[38;2;238;148;0m██[38;2;189;98;0m██[38;2;189;98;0m██[38;2;189;98;0m██[38;2;189;98;0m██[38;2;189;98;0m██[38;2;189;98;0m██              [38;2;115;131;49m██[38;2;148;156;82m██[38;2;82;98;16m██[38;2;222;222;148m██[38;2;246;255;172m██[38;2;246;255;172m██[38;2;246;255;172m██[38;2;246;255;172m██[38;2;246;255;172m██[38;2;148;156;82m██[38;2;246;255;172m██[38;2;246;255;172m██[38;2;246;255;172m██[38;2;115;131;49m██[38;2;246;255;172m██[38;2;246;255;172m██[38;2;246;255;172m██[38;2;115;131;49m██[38;2;115;131;49m██            
    [38;2;115;131;49m██[38;2;222;222;148m██[38;2;222;222;148m██[38;2;222;222;148m██[38;2;222;222;148m██[38;2;222;222;148m██[38;2;222;222;148m██[38;2;222;222;148m██[38;2;222;222;148m██[38;2;115;131;49m██[38;2;222;222;148m██[38;2;222;222;148m██[38;2;222;222;148m██[38;2;222;222;148m██[38;2;222;222;148m██[38;2;222;222;148m██[38;2;222;222;148m██[38;2;222;222;148m██[38;2;222;222;148m██[38;2;222;222;148m██[38;2;222;222;148m██[38;2;222;222;148m██[38;2;238;148;0m██[38;2;255;213;0m██[38;2;255;213;0m██[38;2;189;98;0m██[38;2;189;98;0m██[38;2;238;148;0m██[38;2;255;213;0m██[38;2;255;213;0m██[38;2;238;148;0m██[38;2;238;148;0m██[38;2;238;148;0m██[38;2;238;148;0m██[38;2;189;98;0m██[38;2;189;98;0m██        [38;2;115;131;49m██[38;2;148;156;82m██[38;2;148;156;82m██[38;2;82;98;16m██[38;2;222;222;148m██[38;2;246;255;172m██[38;2;246;255;172m██[38;2;246;255;172m██[38;2;246;255;172m██[38;2;222;222;148m██[38;2;246;255;172m██[38;2;246;255;172m██[38;2;246;255;172m██[38;2;246;255;172m██[38;2;115;131;49m██[38;2;246;255;172m██[38;2;115;131;49m██[38;2;115;131;49m██[38;2;32;32;32m██[38;2;32;32;32m██[38;2;32;32;32m██[38;2;115;131;49m██[38;2;115;131;49m██      
    [38;2;115;131;49m██[38;2;222;222;148m██[38;2;222;222;148m██[38;2;222;222;148m██[38;2;222;222;148m██[38;2;222;222;148m██[38;2;222;222;148m██[38;2;148;156;82m██[38;2;222;222;148m██[38;2;222;222;148m██[38;2;115;131;49m██[38;2;222;222;148m██[38;2;222;222;148m██[38;2;222;222;148m██[38;2;222;222;148m██[38;2;222;222;148m██[38;2;222;222;148m██[38;2;222;222;148m██[38;2;222;222;148m██[38;2;222;222;148m██[38;2;222;222;148m██[38;2;238;148;0m██[38;2;255;213;0m██[38;2;255;213;0m██[38;2;189;98;0m██[38;2;255;213;0m██[38;2;255;213;0m██[38;2;255;213;0m██[38;2;238;148;0m██[38;2;238;148;0m██[38;2;255;213;0m██[38;2;255;213;0m██[38;2;255;213;0m██[38;2;255;213;0m██[38;2;255;213;0m██[38;2;255;213;0m██[38;2;189;98;0m██      [38;2;82;98;16m██[38;2;148;156;82m██[38;2;82;98;16m██[38;2;222;222;148m██[38;2;246;255;172m██[38;2;246;255;172m██[38;2;246;255;172m██[38;2;246;255;172m██[38;2;222;222;148m██[38;2;246;255;172m██[38;2;246;255;172m██[38;2;246;255;172m██[38;2;246;255;172m██[38;2;115;131;49m██[38;2;246;255;172m██[38;2;246;255;172m██[38;2;246;255;172m██[38;2;246;255;172m██[38;2;246;255;172m██[38;2;246;255;172m██[38;2;246;255;172m██[38;2;246;255;172m██[38;2;246;255;172m██[38;2;115;131;49m██    
      [38;2;115;131;49m██[38;2;115;131;49m██[38;2;115;131;49m██[38;2;32;32;32m██[38;2;32;32;32m██[38;2;32;32;32m██[38;2;222;222;148m██[38;2;222;222;148m██[38;2;222;222;148m██[38;2;222;222;148m██[38;2;115;131;49m██[38;2;115;131;49m██[38;2;222;222;148m██[38;2;222;222;148m██[38;2;222;222;148m██[38;2;222;222;148m██[38;2;222;222;148m██[38;2;222;222;148m██[38;2;222;222;148m██[38;2;238;148;0m██[38;2;255;255;172m██[38;2;255;255;172m██[38;2;238;148;0m██[38;2;255;255;172m██[38;2;255;255;172m██[38;2;238;148;0m██[38;2;238;148;0m██[38;2;255;213;0m██[38;2;255;213;0m██[38;2;255;213;0m██[38;2;255;213;0m██[38;2;255;213;0m██[38;2;32;32;32m██[38;2;32;32;32m██[38;2;189;98;0m██[38;2;255;213;0m██[38;2;189;98;0m██    [38;2;82;98;16m██[38;2;148;156;82m██[38;2;82;98;16m██[38;2;222;222;148m██[38;2;246;255;172m██[38;2;246;255;172m██[38;2;246;255;172m██[38;2;246;255;172m██[38;2;246;255;172m██[38;2;246;255;172m██[38;2;246;255;172m██[38;2;246;255;172m██[38;2;115;131;49m██[38;2;246;255;172m██[38;2;246;255;172m██[38;2;246;255;172m██[38;2;246;255;172m██[38;2;246;255;172m██[38;2;246;255;172m██[38;2;246;255;172m██[38;2;246;255;172m██[38;2;246;255;172m██[38;2;246;255;172m██[38;2;246;255;172m██[38;2;115;131;49m██  
              [38;2;32;32;32m██[38;2;222;222;148m██[38;2;222;222;148m██[38;2;222;222;148m██[38;2;222;222;148m██[38;2;222;222;148m██[38;2;222;222;148m██[38;2;222;222;148m██[38;2;115;131;49m██[38;2;222;222;148m██[38;2;222;222;148m██[38;2;222;222;148m██[38;2;222;222;148m██[38;2;222;222;148m██[38;2;238;148;0m██[38;2;255;255;172m██[38;2;255;255;172m██[38;2;255;213;0m██[38;2;255;255;172m██[38;2;255;255;172m██[38;2;238;148;0m██[38;2;255;255;172m██[38;2;255;255;172m██[38;2;255;255;172m██[38;2;255;213;0m██[38;2;255;213;0m██[38;2;32;32;32m██[38;2;32;32;32m██      [38;2;32;32;32m██[38;2;238;148;0m██  [38;2;82;98;16m██[38;2;148;156;82m██[38;2;148;156;82m██[38;2;82;98;16m██[38;2;222;222;148m██[38;2;246;255;172m██[38;2;246;255;172m██[38;2;246;255;172m██[38;2;246;255;172m██[38;2;246;255;172m██[38;2;246;255;172m██[38;2;115;131;49m██[38;2;82;98;16m██[38;2;222;222;148m██[38;2;246;255;172m██[38;2;246;255;172m██[38;2;246;255;172m██[38;2;246;255;172m██[38;2;246;255;172m██[38;2;246;255;172m██[38;2;246;255;172m██[38;2;246;255;172m██[38;2;246;255;172m██[38;2;246;255;172m██[38;2;246;255;172m██[38;2;115;131;49m██  
            [38;2;115;131;49m██[38;2;222;222;148m██[38;2;222;222;148m██[38;2;222;222;148m██[38;2;222;222;148m██[38;2;222;222;148m██[38;2;222;222;148m██[38;2;222;222;148m██[38;2;222;222;148m██[38;2;115;131;49m██[38;2;115;131;49m██[38;2;115;131;49m██[38;2;222;222;148m██[38;2;222;222;148m██[38;2;222;222;148m██[38;2;238;148;0m██[38;2;255;255;172m██[38;2;255;213;0m██[38;2;255;255;172m██[38;2;255;255;172m██[38;2;255;213;0m██[38;2;255;255;172m██[38;2;255;255;172m██[38;2;255;213;0m██[38;2;255;213;0m██[38;2;32;32;32m██[38;2;32;32;32m██            [38;2;189;98;0m██  [38;2;82;98;16m██[38;2;148;156;82m██[38;2;148;156;82m██[38;2;82;98;16m██[38;2;246;255;172m██[38;2;246;255;172m██[38;2;246;255;172m██[38;2;246;255;172m██[38;2;246;255;172m██[38;2;148;156;82m██[38;2;115;131;49m██[38;2;246;255;172m██[38;2;246;255;172m██[38;2;115;131;49m██[38;2;115;131;49m██[38;2;222;222;148m██[38;2;222;222;148m██[38;2;246;255;172m██[38;2;246;255;172m██[38;2;246;255;172m██[38;2;246;255;172m██[38;2;246;255;172m██[38;2;246;255;172m██[38;2;246;255;172m██[38;2;32;32;32m██    
          [38;2;115;131;49m██[38;2;222;222;148m██[38;2;222;222;148m██[38;2;222;222;148m██[38;2;222;222;148m██[38;2;222;222;148m██[38;2;222;222;148m██[38;2;222;222;148m██[38;2;115;131;49m██[38;2;115;131;49m██[38;2;222;222;148m██[38;2;222;222;148m██[38;2;222;222;148m██[38;2;148;156;82m██[38;2;148;156;82m██[38;2;238;148;0m██[38;2;255;213;0m██[38;2;238;148;0m██[38;2;238;148;0m██[38;2;255;255;172m██[38;2;238;148;0m██[38;2;255;255;172m██[38;2;255;255;172m██[38;2;255;213;0m██[38;2;238;148;0m██[38;2;32;32;32m██[38;2;148;156;82m██[38;2;148;156;82m██[38;2;115;131;49m██[38;2;115;131;49m██          [38;2;32;32;32m██[38;2;82;98;16m██[38;2;148;156;82m██[38;2;82;98;16m██[38;2;222;222;148m██[38;2;246;255;172m██[38;2;246;255;172m██[38;2;246;255;172m██[38;2;222;222;148m██[38;2;148;156;82m██[38;2;246;255;172m██[38;2;246;255;172m██[38;2;246;255;172m██[38;2;246;255;172m██[38;2;115;131;49m██[38;2;246;255;172m██[38;2;246;255;172m██[38;2;246;255;172m██[38;2;246;255;172m██[38;2;246;255;172m██[38;2;246;255;172m██[38;2;246;255;172m██[38;2;246;255;172m██[38;2;32;32;32m██[38;2;32;32;32m██      
          [38;2;115;131;49m██[38;2;222;222;148m██[38;2;222;222;148m██[38;2;222;222;148m██[38;2;222;222;148m██[38;2;32;32;32m██[38;2;32;32;32m██[38;2;115;131;49m██[38;2;222;222;148m██[38;2;222;222;148m██[38;2;222;222;148m██[38;2;222;222;148m██[38;2;222;222;148m██[38;2;222;222;148m██[38;2;222;222;148m██[38;2;238;148;0m██[38;2;255;213;0m██[38;2;238;148;0m██[38;2;255;213;0m██[38;2;238;148;0m██[38;2;238;148;0m██[38;2;255;213;0m██[38;2;255;213;0m██[38;2;189;98;0m██[38;2;32;32;32m██[38;2;148;156;82m██[38;2;148;156;82m██[38;2;148;156;82m██[38;2;148;156;82m██[38;2;148;156;82m██[38;2;115;131;49m██        [38;2;82;98;16m██[38;2;148;156;82m██[38;2;148;156;82m██[38;2;82;98;16m██[38;2;222;222;148m██[38;2;246;255;172m██[38;2;246;255;172m██[38;2;246;255;172m██[38;2;246;255;172m██[38;2;246;255;172m██[38;2;246;255;172m██[38;2;246;255;172m██[38;2;246;255;172m██[38;2;222;222;148m██[38;2;115;131;49m██[38;2;246;255;172m██[38;2;246;255;172m██[38;2;246;255;172m██[38;2;115;131;49m██[38;2;115;131;49m██[38;2;32;32;32m██[38;2;32;32;32m██[38;2;115;131;49m██          
            [38;2;32;32;32m██[38;2;32;32;32m██[38;2;32;32;32m██[38;2;115;131;49m██  [38;2;115;131;49m██[38;2;115;131;49m██[38;2;222;222;148m██[38;2;222;222;148m██[38;2;222;222;148m██[38;2;222;222;148m██[38;2;222;222;148m██[38;2;222;222;148m██[38;2;115;131;49m██[38;2;238;148;0m██[38;2;189;98;0m██[38;2;238;148;0m██[38;2;255;213;0m██[38;2;238;148;0m██[38;2;255;213;0m██[38;2;238;148;0m██[38;2;189;98;0m██[38;2;213;213;222m██[38;2;32;32;32m██[38;2;32;32;32m██[38;2;115;131;49m██[38;2;148;156;82m██[38;2;148;156;82m██[38;2;148;156;82m██[38;2;148;156;82m██[38;2;32;32;32m██      [38;2;82;98;16m██[38;2;148;156;82m██[38;2;148;156;82m██[38;2;82;98;16m██[38;2;222;222;148m██[38;2;246;255;172m██[38;2;246;255;172m██[38;2;246;255;172m██[38;2;246;255;172m██[38;2;246;255;172m██[38;2;246;255;172m██[38;2;148;156;82m██[38;2;115;131;49m██[38;2;115;131;49m██[38;2;222;222;148m██[38;2;246;255;172m██[38;2;246;255;172m██[38;2;246;255;172m██[38;2;246;255;172m██[38;2;246;255;172m██[38;2;115;131;49m██[38;2;115;131;49m██            
                      [38;2;115;131;49m██[38;2;222;222;148m██[38;2;115;131;49m██[38;2;115;131;49m██[38;2;115;131;49m██[38;2;115;131;49m██[38;2;115;131;49m██[38;2;115;131;49m██[38;2;148;156;82m██[38;2;222;222;148m██[38;2;189;98;0m██[38;2;238;148;0m██[38;2;255;213;0m██[38;2;238;148;0m██[38;2;238;148;0m██[38;2;32;32;32m██[38;2;255;255;255m██[38;2;255;255;255m██[38;2;32;32;32m██[38;2;32;32;32m██[38;2;32;32;32m██[38;2;115;131;49m██[38;2;148;156;82m██[38;2;148;156;82m██[38;2;148;156;82m██[38;2;148;156;82m██[38;2;115;131;49m██  [38;2;82;98;16m██[38;2;148;156;82m██[38;2;148;156;82m██[38;2;82;98;16m██[38;2;222;222;148m██[38;2;222;222;148m██[38;2;246;255;172m██[38;2;246;255;172m██[38;2;246;255;172m██[38;2;246;255;172m██[38;2;148;156;82m██[38;2;115;131;49m██[38;2;246;255;172m██[38;2;115;131;49m██[38;2;222;222;148m██[38;2;222;222;148m██[38;2;222;222;148m██[38;2;222;222;148m██[38;2;246;255;172m██[38;2;246;255;172m██[38;2;246;255;172m██[38;2;246;255;172m██[38;2;246;255;172m██[38;2;115;131;49m██          
                    [38;2;115;131;49m██[38;2;222;222;148m██[38;2;222;222;148m██[38;2;222;222;148m██[38;2;222;222;148m██[38;2;222;222;148m██[38;2;222;222;148m██[38;2;148;156;82m██[38;2;148;156;82m██[38;2;222;222;148m██[38;2;222;222;148m██[38;2;238;148;0m██[38;2;255;255;123m██[38;2;255;255;123m██[38;2;238;148;0m██[38;2;213;213;222m██[38;2;32;32;32m██[38;2;255;255;255m██[38;2;82;98;16m██[38;2;32;32;32m██[38;2;32;32;32m██[38;2;32;32;32m██[38;2;32;32;32m██[38;2;115;131;49m██[38;2;148;156;82m██[38;2;148;156;82m██[38;2;148;156;82m██[38;2;148;156;82m██[38;2;32;32;32m██[38;2;148;156;82m██[38;2;148;156;82m██[38;2;148;156;82m██[38;2;82;98;16m██[38;2;222;222;148m██[38;2;222;222;148m██[38;2;222;222;148m██[38;2;246;255;172m██[38;2;246;255;172m██[38;2;246;255;172m██[38;2;246;255;172m██[38;2;246;255;172m██[38;2;246;255;172m██[38;2;246;255;172m██[38;2;115;131;49m██[38;2;246;255;172m██[38;2;246;255;172m██[38;2;246;255;172m██[38;2;246;255;172m██[38;2;246;255;172m██[38;2;246;255;172m██[38;2;246;255;172m██[38;2;246;255;172m██[38;2;246;255;172m██[38;2;115;131;49m██        
                    [38;2;115;131;49m██[38;2;222;222;148m██[38;2;222;222;148m██[38;2;222;222;148m██[38;2;222;222;148m██[38;2;222;222;148m██[38;2;148;156;82m██[38;2;222;222;148m██[38;2;222;222;148m██[38;2;222;222;148m██[38;2;238;148;0m██[38;2;255;255;123m██[38;2;255;255;123m██[38;2;255;255;123m██[38;2;230;189;0m██[38;2;115;131;49m██[38;2;222;222;148m██[38;2;222;222;148m██[38;2;246;255;172m██[38;2;246;255;172m██[38;2;32;32;32m██[38;2;32;32;32m██[38;2;32;32;32m██[38;2;32;32;32m██[38;2;148;156;82m██[38;2;148;156;82m██[38;2;148;156;82m██[38;2;148;156;82m██[38;2;32;32;32m██[38;2;148;156;82m██[38;2;148;156;82m██[38;2;148;156;82m██[38;2;82;98;16m██[38;2;222;222;148m██[38;2;222;222;148m██[38;2;222;222;148m██[38;2;222;222;148m██[38;2;222;222;148m██[38;2;222;222;148m██[38;2;246;255;172m██[38;2;246;255;172m██[38;2;246;255;172m██[38;2;246;255;172m██[38;2;115;131;49m██[38;2;246;255;172m██[38;2;246;255;172m██[38;2;246;255;172m██[38;2;246;255;172m██[38;2;246;255;172m██[38;2;246;255;172m██[38;2;246;255;172m██[38;2;246;255;172m██[38;2;246;255;172m██[38;2;246;255;172m██[38;2;115;131;49m██      
                  [38;2;115;131;49m██[38;2;222;222;148m██[38;2;222;222;148m██[38;2;222;222;148m██[38;2;222;222;148m██[38;2;222;222;148m██[38;2;222;222;148m██[38;2;115;131;49m██[38;2;222;222;148m██[38;2;222;222;148m██[38;2;222;222;148m██[38;2;189;98;0m██[38;2;230;189;0m██[38;2;189;98;0m██[38;2;189;98;0m██[38;2;230;189;0m██[38;2;230;189;0m██[38;2;115;131;49m██[38;2;246;255;172m██[38;2;246;255;172m██[38;2;246;255;172m██[38;2;246;255;172m██[38;2;32;32;32m██[38;2;32;32;32m██[38;2;32;32;32m██[38;2;148;156;82m██[38;2;148;156;82m██[38;2;148;156;82m██[38;2;148;156;82m██[38;2;148;156;82m██[38;2;148;156;82m██[38;2;148;156;82m██[38;2;82;98;16m██[38;2;222;222;148m██[38;2;222;222;148m██[38;2;222;222;148m██[38;2;222;222;148m██[38;2;246;255;172m██[38;2;246;255;172m██[38;2;148;156;82m██[38;2;148;156;82m██[38;2;115;131;49m██[38;2;115;131;49m██[38;2;82;98;16m██[38;2;222;222;148m██[38;2;246;255;172m██[38;2;246;255;172m██[38;2;115;131;49m██[38;2;82;98;16m██[38;2;246;255;172m██[38;2;246;255;172m██[38;2;246;255;172m██[38;2;246;255;172m██[38;2;246;255;172m██[38;2;246;255;172m██[38;2;115;131;49m██      
                  [38;2;32;32;32m██[38;2;222;222;148m██[38;2;222;222;148m██[38;2;222;222;148m██[38;2;222;222;148m██[38;2;32;32;32m██[38;2;32;32;32m██[38;2;115;131;49m██[38;2;222;222;148m██[38;2;222;222;148m██[38;2;115;131;49m██[38;2;115;131;49m██[38;2;32;32;32m██[38;2;222;222;148m██[38;2;32;32;32m██[38;2;32;32;32m██[38;2;32;32;32m██[38;2;115;131;49m██[38;2;246;255;172m██[38;2;246;255;172m██[38;2;246;255;172m██[38;2;246;255;172m██[38;2;32;32;32m██[38;2;32;32;32m██[38;2;115;131;49m██[38;2;148;156;82m██[38;2;148;156;82m██[38;2;148;156;82m██[38;2;148;156;82m██[38;2;148;156;82m██[38;2;148;156;82m██[38;2;82;98;16m██[38;2;222;222;148m██[38;2;222;222;148m██[38;2;222;222;148m██[38;2;222;222;148m██[38;2;148;156;82m██[38;2;222;222;148m██[38;2;246;255;172m██[38;2;246;255;172m██[38;2;246;255;172m██[38;2;82;98;16m██[38;2;222;222;148m██[38;2;222;222;148m██[38;2;115;131;49m██[38;2;246;255;172m██[38;2;246;255;172m██[38;2;246;255;172m██[38;2;115;131;49m██[38;2;82;98;16m██[38;2;222;222;148m██[38;2;246;255;172m██[38;2;246;255;172m██[38;2;246;255;172m██[38;2;246;255;172m██[38;2;32;32;32m██      
                    [38;2;32;32;32m██[38;2;32;32;32m██[38;2;115;131;49m██[38;2;115;131;49m██  [38;2;32;32;32m██[38;2;222;222;148m██[38;2;115;131;49m██[38;2;115;131;49m██[38;2;222;222;148m██[38;2;222;222;148m██[38;2;115;131;49m██[38;2;222;222;148m██[38;2;32;32;32m██[38;2;32;32;32m██[38;2;115;131;49m██[38;2;230;189;0m██[38;2;246;255;172m██[38;2;246;255;172m██[38;2;246;255;172m██[38;2;246;255;172m██[38;2;32;32;32m██[38;2;82;98;16m██[38;2;148;156;82m██[38;2;148;156;82m██[38;2;148;156;82m██[38;2;148;156;82m██[38;2;148;156;82m██[38;2;148;156;82m██[38;2;148;156;82m██[38;2;115;131;49m██[38;2;222;222;148m██[38;2;222;222;148m██[38;2;148;156;82m██[38;2;222;222;148m██[38;2;222;222;148m██[38;2;115;131;49m██[38;2;222;222;148m██[38;2;246;255;172m██[38;2;246;255;172m██[38;2;115;131;49m██[38;2;222;222;148m██[38;2;222;222;148m██[38;2;246;255;172m██[38;2;222;222;148m██[38;2;246;255;172m██[38;2;246;255;172m██[38;2;246;255;172m██[38;2;115;131;49m██[38;2;82;98;16m██[38;2;32;32;32m██[38;2;246;255;172m██[38;2;246;255;172m██[38;2;32;32;32m██        
                              [38;2;32;32;32m██[38;2;222;222;148m██[38;2;222;222;148m██[38;2;222;222;148m██[38;2;222;222;148m██[38;2;115;131;49m██[38;2;222;222;148m██[38;2;222;222;148m██[38;2;189;98;0m██[38;2;32;32;32m██[38;2;230;189;0m██[38;2;230;189;0m██[38;2;246;255;172m██[38;2;246;255;172m██[38;2;246;255;172m██[38;2;222;222;148m██[38;2;32;32;32m██[38;2;148;156;82m██[38;2;148;156;82m██[38;2;148;156;82m██[38;2;148;156;82m██[38;2;148;156;82m██[38;2;148;156;82m██[38;2;148;156;82m██[38;2;148;156;82m██[38;2;148;156;82m██[38;2;222;222;148m██[38;2;222;222;148m██[38;2;115;131;49m██[38;2;222;222;148m██[38;2;222;222;148m██[38;2;148;156;82m██[38;2;115;131;49m██[38;2;115;131;49m██[38;2;115;131;49m██[38;2;222;222;148m██[38;2;82;98;16m██[38;2;148;156;82m██[38;2;246;255;172m██[38;2;246;255;172m██[38;2;246;255;172m██[38;2;246;255;172m██[38;2;246;255;172m██[38;2;115;131;49m██    [38;2;32;32;32m██[38;2;32;32;32m██          
                            [38;2;115;131;49m██[38;2;222;222;148m██[38;2;222;222;148m██[38;2;222;222;148m██[38;2;222;222;148m██[38;2;222;222;148m██[38;2;115;131;49m██[38;2;222;222;148m██[38;2;222;222;148m██[38;2;32;32;32m██[38;2;230;189;0m██[38;2;230;189;0m██[38;2;32;32;32m██[38;2;246;255;172m██[38;2;246;255;172m██[38;2;222;222;148m██[38;2;148;156;82m██[38;2;115;131;49m██[38;2;148;156;82m██[38;2;148;156;82m██[38;2;148;156;82m██[38;2;148;156;82m██[38;2;148;156;82m██[38;2;148;156;82m██[38;2;148;156;82m██[38;2;148;156;82m██[38;2;222;222;148m██[38;2;222;222;148m██[38;2;148;156;82m██[38;2;222;222;148m██[38;2;115;131;49m██[38;2;222;222;148m██[38;2;222;222;148m██[38;2;115;131;49m██[38;2;82;98;16m██[38;2;222;222;148m██[38;2;222;222;148m██[38;2;222;222;148m██[38;2;82;98;16m██[38;2;148;156;82m██[38;2;246;255;172m██[38;2;246;255;172m██[38;2;246;255;172m██[38;2;246;255;172m██[38;2;246;255;172m██[38;2;115;131;49m██                
                            [38;2;32;32;32m██[38;2;222;222;148m██[38;2;222;222;148m██[38;2;222;222;148m██[38;2;222;222;148m██[38;2;115;131;49m██[38;2;222;222;148m██[38;2;115;131;49m██[38;2;82;98;16m██[38;2;82;98;16m██[38;2;32;32;32m██[38;2;32;32;32m██[38;2;222;222;148m██[38;2;32;32;32m██[38;2;115;131;49m██[38;2;148;156;82m██[38;2;148;156;82m██[38;2;148;156;82m██[38;2;148;156;82m██[38;2;148;156;82m██[38;2;148;156;82m██[38;2;148;156;82m██[38;2;148;156;82m██[38;2;148;156;82m██[38;2;148;156;82m██[38;2;222;222;148m██[38;2;246;255;172m██[38;2;222;222;148m██[38;2;115;131;49m██[38;2;222;222;148m██[38;2;115;131;49m██[38;2;82;98;16m██[38;2;115;131;49m██[38;2;222;222;148m██[38;2;82;98;16m██[38;2;222;222;148m██[38;2;246;255;172m██[38;2;222;222;148m██[38;2;222;222;148m██[38;2;82;98;16m██[38;2;115;131;49m██[38;2;246;255;172m██[38;2;246;255;172m██[38;2;246;255;172m██[38;2;246;255;172m██[38;2;115;131;49m██                
                            [38;2;32;32;32m██[38;2;222;222;148m██[38;2;222;222;148m██[38;2;32;32;32m██[38;2;32;32;32m██[38;2;32;32;32m██[38;2;222;222;148m██[38;2;222;222;148m██[38;2;222;222;148m██[38;2;222;222;148m██[38;2;115;131;49m██[38;2;222;222;148m██[38;2;222;222;148m██[38;2;115;131;49m██[38;2;82;98;16m██[38;2;148;156;82m██[38;2;148;156;82m██[38;2;148;156;82m██[38;2;148;156;82m██[38;2;148;156;82m██[38;2;148;156;82m██[38;2;148;156;82m██[38;2;148;156;82m██[38;2;148;156;82m██[38;2;148;156;82m██[38;2;246;255;172m██[38;2;246;255;172m██[38;2;246;255;172m██[38;2;222;222;148m██[38;2;222;222;148m██[38;2;222;222;148m██[38;2;82;98;16m██[38;2;222;222;148m██[38;2;222;222;148m██[38;2;222;222;148m██[38;2;82;98;16m██[38;2;246;255;172m██[38;2;246;255;172m██[38;2;246;255;172m██[38;2;246;255;172m██[38;2;82;98;16m██[38;2;82;98;16m██[38;2;82;98;16m██[38;2;115;131;49m██[38;2;115;131;49m██                  
                              [38;2;32;32;32m██[38;2;32;32;32m██    [38;2;32;32;32m██[38;2;222;222;148m██[38;2;222;222;148m██[38;2;222;222;148m██[38;2;222;222;148m██[38;2;222;222;148m██[38;2;115;131;49m██[38;2;115;131;49m██[38;2;222;222;148m██[38;2;82;98;16m██[38;2;148;156;82m██[38;2;222;222;148m██[38;2;246;255;172m██[38;2;246;255;172m██[38;2;246;255;172m██[38;2;222;222;148m██[38;2;148;156;82m██[38;2;148;156;82m██[38;2;148;156;82m██[38;2;222;222;148m██[38;2;246;255;172m██[38;2;246;255;172m██[38;2;246;255;172m██[38;2;222;222;148m██[38;2;222;222;148m██[38;2;222;222;148m██[38;2;222;222;148m██[38;2;82;98;16m██[38;2;222;222;148m██[38;2;222;222;148m██[38;2;222;222;148m██[38;2;115;131;49m██[38;2;246;255;172m██[38;2;246;255;172m██[38;2;246;255;172m██[38;2;82;98;16m██                          
                                      [38;2;82;98;16m██[38;2;222;222;148m██[38;2;222;222;148m██[38;2;222;222;148m██[38;2;115;131;49m██[38;2;222;222;148m██[38;2;222;222;148m██[38;2;222;222;148m██[38;2;222;222;148m██[38;2;82;98;16m██[38;2;222;222;148m██[38;2;246;255;172m██[38;2;246;255;172m██[38;2;246;255;172m██[38;2;246;255;172m██[38;2;246;255;172m██[38;2;246;255;172m██[38;2;222;222;148m██[38;2;148;156;82m██[38;2;246;255;172m██[38;2;246;255;172m██[38;2;246;255;172m██[38;2;246;255;172m██[38;2;222;222;148m██[38;2;115;131;49m██[38;2;82;98;16m██[38;2;222;222;148m██[38;2;82;98;16m██[38;2;222;222;148m██[38;2;222;222;148m██[38;2;222;222;148m██[38;2;82;98;16m██[38;2;246;255;172m██[38;2;246;255;172m██[38;2;115;131;49m██                            
                                      [38;2;82;98;16m██[38;2;222;222;148m██[38;2;222;222;148m██[38;2;115;131;49m██[38;2;82;98;16m██[38;2;222;222;148m██[38;2;222;222;148m██[38;2;222;222;148m██[38;2;222;222;148m██[38;2;82;98;16m██[38;2;246;255;172m██[38;2;246;255;172m██[38;2;246;255;172m██[38;2;246;255;172m██[38;2;246;255;172m██[38;2;246;255;172m██[38;2;246;255;172m██[38;2;246;255;172m██[38;2;246;255;172m██[38;2;246;255;172m██[38;2;246;255;172m██[38;2;246;255;172m██[38;2;246;255;172m██[38;2;148;156;82m██[38;2;148;156;82m██[38;2;115;131;49m██[38;2;82;98;16m██[38;2;82;98;16m██[38;2;115;131;49m██[38;2;222;222;148m██[38;2;115;131;49m██[38;2;115;131;49m██[38;2;82;98;16m██[38;2;115;131;49m██                              
                                        [38;2;82;98;16m██[38;2;32;32;32m██    [38;2;82;98;16m██[38;2;222;222;148m██[38;2;222;222;148m██[38;2;82;98;16m██[38;2;246;255;172m██[38;2;246;255;172m██[38;2;246;255;172m██[38;2;246;255;172m██[38;2;246;255;172m██[38;2;246;255;172m██[38;2;246;255;172m██[38;2;246;255;172m██[38;2;246;255;172m██[38;2;246;255;172m██[38;2;246;255;172m██[38;2;246;255;172m██[38;2;246;255;172m██[38;2;222;222;148m██[38;2;148;156;82m██[38;2;148;156;82m██[38;2;32;32;32m██    [38;2;32;32;32m██[38;2;82;98;16m██                                      
                                                [38;2;82;98;16m██[38;2;222;222;148m██[38;2;222;222;148m██[38;2;82;98;16m██[38;2;246;255;172m██[38;2;246;255;172m██[38;2;246;255;172m██[38;2;246;255;172m██[38;2;246;255;172m██[38;2;246;255;172m██[38;2;246;255;172m██[38;2;246;255;172m██[38;2;246;255;172m██[38;2;246;255;172m██[38;2;246;255;172m██[38;2;246;255;172m██[38;2;246;255;172m██[38;2;148;156;82m██[38;2;148;156;82m██[38;2;148;156;82m██[38;2;32;32;32m██                                              
                                                  [38;2;82;98;16m██[38;2;82;98;16m██[38;2;246;255;172m██[38;2;246;255;172m██[38;2;246;255;172m██[38;2;246;255;172m██[38;2;246;255;172m██[38;2;246;255;172m██[38;2;246;255;172m██[38;2;246;255;172m██[38;2;246;255;172m██[38;2;246;255;172m██[38;2;246;255;172m██[38;2;246;255;172m██[38;2;246;255;172m██[38;2;246;255;172m██[38;2;148;156;82m██[38;2;148;156;82m██[38;2;148;156;82m██[38;2;115;131;49m██[38;2;32;32;32m██                                            
                                                    [38;2;82;98;16m██[38;2;246;255;172m██[38;2;246;255;172m██[38;2;246;255;172m██[38;2;246;255;172m██[38;2;246;255;172m██[38;2;246;255;172m██[38;2;246;255;172m██[38;2;246;255;172m██[38;2;246;255;172m██[38;2;246;255;172m██[38;2;246;255;172m██[38;2;246;255;172m██[38;2;246;255;172m██[38;2;246;255;172m██[38;2;148;156;82m██[38;2;148;156;82m██[38;2;115;131;49m██[38;2;115;131;49m██[38;2;32;32;32m██                                            
                                                  [38;2;82;98;16m██[38;2;246;255;172m██[38;2;246;255;172m██[38;2;246;255;172m██[38;2;246;255;172m██[38;2;246;255;172m██[38;2;246;255;172m██[38;2;246;255;172m██[38;2;246;255;172m██[38;2;246;255;172m██[38;2;246;255;172m██[38;2;246;255;172m██[38;2;246;255;172m██[38;2;246;255;172m██[38;2;246;255;172m██[38;2;246;255;172m██[38;2;148;156;82m██[38;2;115;131;49m██[38;2;115;131;49m██[38;2;115;131;49m██[38;2;32;32;32m██                                            
                                                  [38;2;82;98;16m██[38;2;246;255;172m██[38;2;246;255;172m██[38;2;246;255;172m██[38;2;246;255;172m██[38;2;246;255;172m██[38;2;246;255;172m██[38;2;246;255;172m██[38;2;246;255;172m██[38;2;246;255;172m██[38;2;246;255;172m██[38;2;246;255;172m██[38;2;246;255;172m██[38;2;246;255;172m██[38;2;246;255;172m██[38;2;246;255;172m██[38;2;115;131;49m██[38;2;115;131;49m██[38;2;115;131;49m██[38;2;115;131;49m██[38;2;32;32;32m██                                            
                                                  [38;2;115;131;49m██[38;2;222;222;148m██[38;2;246;255;172m██[38;2;246;255;172m██[38;2;246;255;172m██[38;2;246;255;172m██[38;2;246;255;172m██[38;2;246;255;172m██[38;2;246;255;172m██[38;2;246;255;172m██[38;2;246;255;172m██[38;2;246;255;172m██[38;2;123;123;131m██[38;2;123;123;131m██[38;2;246;255;172m██[38;2;246;255;172m██[38;2;222;222;148m██[38;2;115;131;49m██[38;2;115;131;49m██[38;2;115;131;49m██[38;2;32;32;32m██                                            
                                                [38;2;148;156;82m██[38;2;246;255;172m██[38;2;115;131;49m██[38;2;246;255;172m██[38;2;246;255;172m██[38;2;246;255;172m██[38;2;246;255;172m██[38;2;246;255;172m██[38;2;32;32;32m██[38;2;123;123;131m██[38;2;123;123;131m██[38;2;246;255;172m██[38;2;123;123;131m██[38;2;255;255;255m██[38;2;255;255;255m██[38;2;32;32;32m██[38;2;246;255;172m██[38;2;246;255;172m██[38;2;115;131;49m██[38;2;115;131;49m██[38;2;115;131;49m██[38;2;32;32;32m██                                            
                                              [38;2;148;156;82m██[38;2;246;255;172m██[38;2;246;255;172m██[38;2;148;156;82m██[38;2;246;255;172m██[38;2;246;255;172m██[38;2;246;255;172m██[38;2;246;255;172m██[38;2;32;32;32m██[38;2;213;213;222m██[38;2;255;255;255m██[38;2;230;189;0m██[38;2;189;98;0m██[38;2;123;123;131m██[38;2;255;255;255m██[38;2;255;255;255m██[38;2;32;32;32m██[38;2;246;255;172m██[38;2;246;255;172m██[38;2;115;131;49m██[38;2;115;131;49m██[38;2;32;32;32m██                                              
                      [38;2;123;123;131m██[38;2;230;189;0m██[38;2;189;98;0m██[38;2;189;98;0m██[38;2;189;98;0m██              [38;2;115;131;49m██[38;2;246;255;172m██[38;2;246;255;172m██[38;2;246;255;172m██[38;2;148;156;82m██[38;2;246;255;172m██[38;2;246;255;172m██[38;2;246;255;172m██[38;2;123;123;131m██[38;2;255;255;255m██[38;2;213;213;222m██[38;2;230;189;0m██[38;2;255;255;123m██[38;2;189;98;0m██[38;2;255;255;255m██[38;2;255;255;123m██[38;2;115;131;49m██[38;2;32;32;32m██[38;2;246;255;172m██[38;2;115;131;49m██[38;2;115;131;49m██[38;2;32;32;32m██                                              
                    [38;2;123;123;131m██[38;2;213;213;222m██[38;2;230;189;0m██[38;2;230;189;0m██[38;2;123;123;131m██[38;2;230;189;0m██[38;2;189;98;0m██[38;2;189;98;0m██[38;2;189;98;0m██      [38;2;189;98;0m██[38;2;115;131;49m██[38;2;246;255;172m██[38;2;246;255;172m██[38;2;246;255;172m██[38;2;222;222;148m██[38;2;246;255;172m██[38;2;246;255;172m██[38;2;246;255;172m██[38;2;32;32;32m██[38;2;213;213;222m██[38;2;32;32;32m██[38;2;32;32;32m██[38;2;230;189;0m██[38;2;230;189;0m██[38;2;189;98;0m██[38;2;255;255;123m██[38;2;255;255;123m██[38;2;32;32;32m██[38;2;246;255;172m██[38;2;115;131;49m██[38;2;115;131;49m██[38;2;32;32;32m██                                              
                  [38;2;123;123;131m██[38;2;255;255;255m██[38;2;255;255;255m██[38;2;255;255;255m██[38;2;189;98;0m██[38;2;255;255;255m██[38;2;123;123;131m██[38;2;230;189;0m██[38;2;230;189;0m██[38;2;230;189;0m██[38;2;189;98;0m██[38;2;189;98;0m██[38;2;189;98;0m██[38;2;230;189;0m██[38;2;230;189;0m██[38;2;115;131;49m██[38;2;246;255;172m██[38;2;246;255;172m██[38;2;246;255;172m██[38;2;115;131;49m██[38;2;246;255;172m██[38;2;246;255;172m██[38;2;246;255;172m██[38;2;32;32;32m██[38;2;222;222;148m██[38;2;246;255;172m██[38;2;32;32;32m██[38;2;230;189;0m██[38;2;230;189;0m██[38;2;230;189;0m██[38;2;230;189;0m██[38;2;32;32;32m██[38;2;246;255;172m██[38;2;115;131;49m██[38;2;32;32;32m██[38;2;238;148;0m██[38;2;189;98;0m██                                            
                  [38;2;32;32;32m██[38;2;255;255;255m██[38;2;32;32;32m██[38;2;32;32;32m██[38;2;255;255;255m██[38;2;255;255;255m██[38;2;255;255;255m██[38;2;123;123;131m██[38;2;230;189;0m██[38;2;230;189;0m██[38;2;230;189;0m██[38;2;230;189;0m██[38;2;230;189;0m██[38;2;230;189;0m██[38;2;230;189;0m██[38;2;230;189;0m██[38;2;222;222;148m██[38;2;222;222;148m██[38;2;222;222;148m██[38;2;222;222;148m██[38;2;115;131;49m██[38;2;222;222;148m██[38;2;222;222;148m██[38;2;246;255;172m██[38;2;222;222;148m██[38;2;222;222;148m██[38;2;32;32;32m██[38;2;32;32;32m██[38;2;230;189;0m██[38;2;230;189;0m██[38;2;230;189;0m██[38;2;32;32;32m██[38;2;115;131;49m██[38;2;115;131;49m██[38;2;32;32;32m██[38;2;238;148;0m██[38;2;238;148;0m██[38;2;189;98;0m██                                          
                    [38;2;32;32;32m██  [38;2;32;32;32m██[38;2;255;255;255m██[38;2;32;32;32m██[38;2;32;32;32m██[38;2;32;32;32m██[38;2;189;98;0m██[38;2;230;189;0m██[38;2;230;189;0m██[38;2;230;189;0m██[38;2;230;189;0m██[38;2;32;32;32m██[38;2;32;32;32m██[38;2;32;32;32m██[38;2;32;32;32m██[38;2;222;222;148m██[38;2;222;222;148m██[38;2;222;222;148m██[38;2;32;32;32m██[38;2;115;131;49m██[38;2;82;98;16m██[38;2;32;32;32m██[38;2;222;222;148m██[38;2;222;222;148m██[38;2;222;222;148m██[38;2;32;32;32m██[38;2;255;255;123m██[38;2;230;189;0m██[38;2;32;32;32m██[38;2;222;222;148m██[38;2;115;131;49m██[38;2;32;32;32m██[38;2;189;98;0m██[38;2;238;148;0m██[38;2;238;148;0m██[38;2;189;98;0m██                                          
                        [38;2;32;32;32m██[38;2;32;32;32m██        [38;2;189;98;0m██[38;2;230;189;0m██[38;2;230;189;0m██[38;2;32;32;32m██        [38;2;32;32;32m██[38;2;32;32;32m██[38;2;32;32;32m██        [38;2;32;32;32m██[38;2;32;32;32m██[38;2;123;123;131m██[38;2;255;255;123m██[38;2;255;255;123m██[38;2;230;189;0m██[38;2;32;32;32m██[38;2;222;222;148m██[38;2;32;32;32m██[38;2;222;222;148m██[38;2;222;222;148m██[38;2;189;98;0m██[38;2;238;148;0m██[38;2;238;148;0m██[38;2;189;98;0m██                                        
                                    [38;2;189;98;0m██[38;2;230;189;0m██[38;2;230;189;0m██[38;2;32;32;32m██                        [38;2;32;32;32m██[38;2;255;255;255m██[38;2;255;255;255m██[38;2;213;213;222m██[38;2;230;189;0m██[38;2;32;32;32m██[38;2;32;32;32m██[38;2;189;98;0m██[38;2;222;222;148m██[38;2;222;222;148m██[38;2;189;98;0m██[38;2;238;148;0m██[38;2;238;148;0m██[38;2;189;98;0m██                                        
                                  [38;2;123;123;131m██[38;2;255;255;255m██[38;2;230;189;0m██[38;2;115;131;49m██[38;2;32;32;32m██                          [38;2;32;32;32m██[38;2;213;213;222m██[38;2;213;213;222m██[38;2;32;32;32m██[38;2;32;32;32m██[38;2;238;148;0m██[38;2;238;148;0m██[38;2;189;98;0m██[38;2;222;222;148m██[38;2;222;222;148m██[38;2;189;98;0m██[38;2;238;148;0m██[38;2;238;148;0m██[38;2;189;98;0m██                                      
                                [38;2;32;32;32m██[38;2;255;255;255m██[38;2;213;213;222m██[38;2;32;32;32m██[38;2;32;32;32m██                          [38;2;189;98;0m██[38;2;238;148;0m██[38;2;32;32;32m██[38;2;32;32;32m██[38;2;189;98;0m██[38;2;222;222;148m██[38;2;238;148;0m██[38;2;238;148;0m██[38;2;189;98;0m██[38;2;222;222;148m██[38;2;222;222;148m██[38;2;189;98;0m██[38;2;238;148;0m██[38;2;238;148;0m██[38;2;189;98;0m██                                      
                                  [38;2;32;32;32m██[38;2;32;32;32m██                            [38;2;189;98;0m██[38;2;238;148;0m██[38;2;238;148;0m██[38;2;238;148;0m██[38;2;222;222;148m██[38;2;222;222;148m██[38;2;222;222;148m██[38;2;238;148;0m██[38;2;238;148;0m██[38;2;189;98;0m██[38;2;222;222;148m██[38;2;222;222;148m██[38;2;189;98;0m██[38;2;238;148;0m██[38;2;238;148;0m██[38;2;238;148;0m██[38;2;189;98;0m██                                    
                                                                  [38;2;189;98;0m██[38;2;238;148;0m██[38;2;238;148;0m██[38;2;189;98;0m██[38;2;222;222;148m██[38;2;222;222;148m██[38;2;238;148;0m██[38;2;238;148;0m██[38;2;238;148;0m██[38;2;189;98;0m██[38;2;222;222;148m██[38;2;222;222;148m██[38;2;222;222;148m██[38;2;82;98;16m██[38;2;238;148;0m██[38;2;238;148;0m██[38;2;189;98;0m██                                    
                                                                [38;2;189;98;0m██[38;2;238;148;0m██[38;2;238;148;0m██[38;2;82;98;16m██[38;2;222;222;148m██[38;2;222;222;148m██[38;2;222;222;148m██[38;2;238;148;0m██[38;2;238;148;0m██[38;2;238;148;0m██[38;2;189;98;0m██[38;2;222;222;148m██[38;2;222;222;148m██[38;2;222;222;148m██[38;2;82;98;16m██[38;2;238;148;0m██[38;2;255;213;0m██[38;2;189;98;0m██                                    
                                                              [38;2;189;98;0m██[38;2;255;213;0m██[38;2;255;213;0m██[38;2;238;148;0m██[38;2;222;222;148m██[38;2;222;222;148m██[38;2;222;222;148m██[38;2;238;148;0m██[38;2;238;148;0m██[38;2;238;148;0m██[38;2;238;148;0m██[38;2;189;98;0m██[38;2;222;222;148m██[38;2;222;222;148m██[38;2;246;255;172m██[38;2;115;131;49m██[38;2;255;213;0m██[38;2;255;213;0m██[38;2;238;148;0m██[38;2;189;98;0m██                                  
                                                            [38;2;238;148;0m██[38;2;255;213;0m██[38;2;255;213;0m██[38;2;255;213;0m██[38;2;222;222;148m██[38;2;246;255;172m██[38;2;246;255;172m██[38;2;222;222;148m██[38;2;238;148;0m██[38;2;238;148;0m██[38;2;255;213;0m██[38;2;238;148;0m██[38;2;238;148;0m██[38;2;246;255;172m██[38;2;246;255;172m██[38;2;246;255;172m██[38;2;115;131;49m██[38;2;255;213;0m██[38;2;255;213;0m██[38;2;255;213;0m██[38;2;189;98;0m██                                  
                                                          [38;2;238;148;0m██[38;2;255;213;0m██[38;2;255;213;0m██[38;2;255;213;0m██[38;2;238;148;0m██[38;2;246;255;172m██[38;2;246;255;172m██[38;2;246;255;172m██[38;2;238;148;0m██[38;2;255;213;0m██[38;2;255;213;0m██[38;2;255;213;0m██[38;2;238;148;0m██[38;2;246;255;172m██[38;2;246;255;172m██[38;2;246;255;172m██[38;2;246;255;172m██[38;2;115;131;49m██[38;2;255;213;0m██[38;2;255;213;0m██[38;2;255;213;0m██[38;2;189;98;0m██                                  
                                                          [38;2;189;98;0m██[38;2;255;213;0m██[38;2;189;98;0m██[38;2;82;98;16m██[38;2;246;255;172m██[38;2;246;255;172m██[38;2;246;255;172m██[38;2;222;222;148m██[38;2;238;148;0m██[38;2;255;213;0m██[38;2;255;213;0m██[38;2;255;213;0m██[38;2;189;98;0m██[38;2;246;255;172m██[38;2;246;255;172m██[38;2;246;255;172m██[38;2;246;255;172m██[38;2;82;98;16m██[38;2;255;213;0m██[38;2;189;98;0m██[38;2;255;213;0m██[38;2;189;98;0m██                                  
                                                            [38;2;189;98;0m██  [38;2;115;131;49m██[38;2;246;255;172m██[38;2;115;131;49m██[38;2;246;255;172m██[38;2;189;98;0m██[38;2;255;213;0m██[38;2;255;213;0m██[38;2;255;213;0m██[38;2;255;213;0m██[38;2;189;98;0m██[38;2;222;222;148m██[38;2;246;255;172m██[38;2;115;131;49m██[38;2;246;255;172m██[38;2;82;98;16m██[38;2;189;98;0m██  [38;2;189;98;0m██[38;2;189;98;0m██                                  
                                                                  [38;2;115;131;49m██  [38;2;115;131;49m██[38;2;32;32;32m██[38;2;255;213;0m██[38;2;255;213;0m██[38;2;255;213;0m██[38;2;255;213;0m██[38;2;189;98;0m██[38;2;115;131;49m██[38;2;246;255;172m██[38;2;115;131;49m██[38;2;115;131;49m██                                            
                                                                          [38;2;189;98;0m██[38;2;255;213;0m██[38;2;189;98;0m██[38;2;255;213;0m██[38;2;189;98;0m██  [38;2;115;131;49m██                                                
                                                                            [38;2;189;98;0m██  [38;2;189;98;0m██                                                      
