                                                                          [38;2;90;115;0m██                            
                                                                      [38;2;90;115;0m██[38;2;90;115;0m██[38;2;197;230;98m██[38;2;115;148;32m██[38;2;115;148;32m██[38;2;90;115;0m██                      
                                                                  [38;2;115;148;32m██[38;2;90;115;0m██[38;2;172;197;65m██[38;2;197;230;98m██[38;2;197;230;98m██[38;2;197;230;98m██[38;2;197;230;98m██[38;2;90;115;0m██[38;2;90;115;0m██[38;2;90;115;0m██        [38;2;164;156;74m██[38;2;164;156;74m██      
                                                                [38;2;115;148;32m██[38;2;197;230;98m██[38;2;197;230;98m██[38;2;197;230;98m██[38;2;197;230;98m██[38;2;98;98;98m██[38;2;197;230;98m██[38;2;197;230;98m██[38;2;197;230;98m██[38;2;172;197;65m██[38;2;172;197;65m██[38;2;16;16;16m██  [38;2;98;98;16m██[38;2;164;156;74m██[38;2;238;230;172m██[38;2;238;230;172m██[38;2;164;156;74m██[38;2;98;98;16m██  
                                                                [38;2;90;115;0m██[38;2;197;230;98m██[38;2;197;230;98m██[38;2;197;230;98m██[38;2;98;98;98m██[38;2;255;255;255m██[38;2;16;16;16m██[38;2;197;230;98m██[38;2;172;197;65m██[38;2;172;197;65m██[38;2;98;98;16m██[38;2;98;98;16m██[38;2;98;98;16m██[38;2;238;230;172m██[38;2;238;230;172m██[38;2;238;230;172m██[38;2;238;230;172m██[38;2;238;230;172m██[38;2;238;230;172m██[38;2;164;156;74m██
                                                              [38;2;115;148;32m██[38;2;197;230;98m██[38;2;197;230;98m██[38;2;197;230;98m██[38;2;197;230;98m██[38;2;16;16;16m██[38;2;98;98;98m██[38;2;16;16;16m██[38;2;197;230;98m██[38;2;98;98;16m██[38;2;98;98;16m██[38;2;238;230;172m██[38;2;238;230;172m██[38;2;238;230;172m██[38;2;238;230;172m██[38;2;238;230;172m██[38;2;238;230;172m██[38;2;98;98;16m██[38;2;16;16;16m██[38;2;16;16;16m██[38;2;98;98;16m██
                                                              [38;2;90;115;0m██[38;2;172;197;65m██[38;2;197;230;98m██[38;2;197;230;98m██[38;2;197;230;98m██[38;2;197;230;98m██[38;2;16;16;16m██[38;2;197;230;98m██[38;2;98;98;16m██[38;2;238;230;172m██[38;2;238;230;172m██[38;2;238;230;172m██[38;2;222;205;139m██[38;2;222;205;139m██[38;2;222;205;139m██[38;2;16;16;16m██[38;2;16;16;16m██[38;2;98;98;16m██      
                                                            [38;2;90;115;0m██[38;2;172;197;65m██[38;2;172;197;65m██[38;2;172;197;65m██[38;2;197;230;98m██[38;2;172;197;65m██[38;2;197;230;98m██[38;2;197;230;98m██[38;2;197;230;98m██[38;2;16;16;16m██[38;2;222;205;139m██[38;2;222;205;139m██[38;2;164;156;74m██[38;2;164;156;74m██[38;2;98;98;16m██[38;2;98;98;16m██            
                                                              [38;2;115;148;32m██[38;2;172;197;65m██[38;2;172;197;65m██[38;2;172;197;65m██[38;2;172;197;65m██[38;2;172;197;65m██[38;2;172;197;65m██[38;2;172;197;65m██[38;2;172;197;65m██[38;2;98;98;16m██[38;2;222;205;139m██[38;2;222;205;139m██[38;2;98;98;16m██[38;2;16;16;16m██              
                                                            [38;2;90;115;0m██[38;2;172;197;65m██[38;2;172;197;65m██[38;2;172;197;65m██[38;2;172;197;65m██[38;2;172;197;65m██[38;2;172;197;65m██[38;2;172;197;65m██[38;2;172;197;65m██[38;2;172;197;65m██[38;2;172;197;65m██[38;2;16;16;16m██[38;2;16;16;16m██[38;2;115;148;32m██[38;2;115;148;32m██              
                                                              [38;2;90;115;0m██[38;2;172;197;65m██[38;2;172;197;65m██[38;2;115;148;32m██[38;2;115;148;32m██[38;2;172;197;65m██[38;2;115;148;32m██[38;2;115;148;32m██[38;2;172;197;65m██[38;2;172;197;65m██[38;2;115;148;32m██[38;2;115;148;32m██[38;2;115;148;32m██[38;2;115;148;32m██[38;2;16;16;16m██            
                      [38;2;115;148;32m██[38;2;90;115;0m██    [38;2;90;115;0m██                              [38;2;90;115;0m██[38;2;172;197;65m██[38;2;115;148;32m██[38;2;115;148;32m██[38;2;115;148;32m██[38;2;115;148;32m██[38;2;115;148;32m██[38;2;115;148;32m██[38;2;115;148;32m██[38;2;115;148;32m██[38;2;115;148;32m██[38;2;115;148;32m██[38;2;115;148;32m██[38;2;16;16;16m██              
                [38;2;115;148;32m██[38;2;115;148;32m██[38;2;172;197;65m██[38;2;197;230;98m██[38;2;197;230;98m██[38;2;90;115;0m██[38;2;115;148;32m██[38;2;172;197;65m██[38;2;90;115;0m██                              [38;2;90;115;0m██[38;2;115;148;32m██[38;2;115;148;32m██[38;2;115;148;32m██[38;2;115;148;32m██[38;2;115;148;32m██[38;2;115;148;32m██[38;2;115;148;32m██[38;2;115;148;32m██[38;2;115;148;32m██[38;2;115;148;32m██[38;2;90;115;0m██                
                [38;2;90;115;0m██[38;2;197;230;98m██[38;2;197;230;98m██[38;2;197;230;98m██[38;2;197;230;98m██[38;2;197;230;98m██[38;2;172;197;65m██[38;2;172;197;65m██[38;2;90;115;0m██                              [38;2;16;16;16m██[38;2;115;148;32m██[38;2;115;148;32m██[38;2;115;148;32m██[38;2;115;148;32m██[38;2;115;148;32m██[38;2;115;148;32m██[38;2;115;148;32m██[38;2;115;148;32m██[38;2;115;148;32m██[38;2;16;16;16m██[38;2;16;16;16m██                
              [38;2;115;148;32m██[38;2;197;230;98m██[38;2;197;230;98m██[38;2;197;230;98m██[38;2;197;230;98m██[38;2;197;230;98m██[38;2;197;230;98m██[38;2;197;230;98m██[38;2;172;197;65m██[38;2;172;197;65m██[38;2;90;115;0m██                          [38;2;16;16;16m██[38;2;98;98;98m██[38;2;16;16;16m██[38;2;115;148;32m██[38;2;90;115;0m██[38;2;115;148;32m██[38;2;115;148;32m██[38;2;90;115;0m██[38;2;115;148;32m██[38;2;90;115;0m██[38;2;16;16;16m██                    
          [38;2;172;197;65m██[38;2;115;148;32m██[38;2;197;230;98m██[38;2;197;230;98m██[38;2;197;230;98m██[38;2;197;230;98m██[38;2;197;230;98m██[38;2;197;230;98m██[38;2;197;230;98m██[38;2;197;230;98m██[38;2;172;197;65m██[38;2;172;197;65m██[38;2;172;197;65m██[38;2;90;115;0m██                      [38;2;16;16;16m██[38;2;98;98;98m██[38;2;98;98;98m██[38;2;16;16;16m██    [38;2;16;16;16m██[38;2;16;16;16m██  [38;2;90;115;0m██                        
          [38;2;115;148;32m██[38;2;172;197;65m██[38;2;172;197;65m██[38;2;197;230;98m██[38;2;197;230;98m██[38;2;197;230;98m██[38;2;197;230;98m██[38;2;197;230;98m██[38;2;172;197;65m██[38;2;172;197;65m██[38;2;172;197;65m██[38;2;172;197;65m██[38;2;172;197;65m██[38;2;90;115;0m██                      [38;2;16;16;16m██[38;2;98;98;98m██[38;2;16;16;16m██                                      
          [38;2;115;148;32m██[38;2;98;98;98m██[38;2;172;197;65m██[38;2;172;197;65m██[38;2;197;230;98m██[38;2;172;197;65m██[38;2;197;230;98m██[38;2;172;197;65m██[38;2;172;197;65m██[38;2;172;197;65m██[38;2;172;197;65m██[38;2;172;197;65m██[38;2;172;197;65m██[38;2;115;148;32m██[38;2;90;115;0m██              [38;2;90;115;0m██  [38;2;90;115;0m██[38;2;16;16;16m██[38;2;98;98;98m██[38;2;16;16;16m██                                      
        [38;2;115;148;32m██[38;2;255;255;255m██[38;2;16;16;16m██[38;2;172;197;65m██[38;2;172;197;65m██[38;2;172;197;65m██[38;2;172;197;65m██[38;2;172;197;65m██[38;2;172;197;65m██[38;2;172;197;65m██[38;2;172;197;65m██[38;2;172;197;65m██[38;2;172;197;65m██[38;2;115;148;32m██[38;2;115;148;32m██[38;2;16;16;16m██    [38;2;115;148;32m██[38;2;115;148;32m██  [38;2;90;115;0m██[38;2;90;115;0m██[38;2;197;230;98m██[38;2;197;230;98m██[38;2;197;230;98m██[38;2;16;16;16m██[38;2;16;16;16m██[38;2;90;115;0m██[38;2;115;148;32m██                                    
        [38;2;115;148;32m██[38;2;16;16;16m██[38;2;16;16;16m██[38;2;172;197;65m██[38;2;172;197;65m██[38;2;172;197;65m██[38;2;172;197;65m██[38;2;172;197;65m██[38;2;172;197;65m██[38;2;98;98;98m██[38;2;172;197;65m██[38;2;172;197;65m██[38;2;172;197;65m██[38;2;115;148;32m██[38;2;115;148;32m██[38;2;16;16;16m██    [38;2;90;115;0m██[38;2;197;230;98m██[38;2;90;115;0m██[38;2;197;230;98m██[38;2;197;230;98m██[38;2;197;230;98m██[38;2;197;230;98m██[38;2;16;16;16m██[38;2;16;16;16m██[38;2;16;16;16m██[38;2;172;197;65m██[38;2;90;115;0m██[38;2;172;197;65m██[38;2;90;115;0m██                                
        [38;2;90;115;0m██[38;2;16;16;16m██[38;2;172;197;65m██[38;2;98;98;16m██[38;2;98;98;16m██[38;2;98;98;16m██[38;2;172;197;65m██[38;2;172;197;65m██[38;2;98;98;98m██[38;2;255;255;255m██[38;2;16;16;16m██[38;2;172;197;65m██[38;2;115;148;32m██[38;2;115;148;32m██[38;2;172;197;65m██[38;2;115;148;32m██[38;2;16;16;16m██[38;2;16;16;16m██[38;2;115;148;32m██[38;2;197;230;98m██[38;2;197;230;98m██[38;2;197;230;98m██[38;2;197;230;98m██[38;2;197;230;98m██[38;2;197;230;98m██[38;2;16;16;16m██[38;2;16;16;16m██[38;2;16;16;16m██[38;2;172;197;65m██[38;2;172;197;65m██[38;2;172;197;65m██[38;2;172;197;65m██[38;2;90;115;0m██                              
        [38;2;90;115;0m██[38;2;115;148;32m██[38;2;115;148;32m██[38;2;238;230;172m██[38;2;238;230;172m██[38;2;238;230;172m██[38;2;98;98;16m██[38;2;172;197;65m██[38;2;16;16;16m██[38;2;98;98;98m██[38;2;16;16;16m██[38;2;115;148;32m██[38;2;115;148;32m██[38;2;115;148;32m██[38;2;115;148;32m██[38;2;90;115;0m██[38;2;98;98;98m██[38;2;16;16;16m██[38;2;16;16;16m██[38;2;16;16;16m██[38;2;197;230;98m██[38;2;197;230;98m██[38;2;197;230;98m██[38;2;197;230;98m██[38;2;197;230;98m██[38;2;16;16;16m██[38;2;16;16;16m██[38;2;16;16;16m██[38;2;172;197;65m██[38;2;172;197;65m██[38;2;172;197;65m██[38;2;172;197;65m██[38;2;172;197;65m██[38;2;115;148;32m██[38;2;90;115;0m██                          
          [38;2;90;115;0m██[38;2;98;98;16m██[38;2;238;230;172m██[38;2;238;230;172m██[38;2;238;230;172m██[38;2;222;205;139m██[38;2;115;148;32m██[38;2;115;148;32m██[38;2;16;16;16m██[38;2;115;148;32m██[38;2;115;148;32m██[38;2;115;148;32m██[38;2;115;148;32m██[38;2;16;16;16m██[38;2;16;16;16m██[38;2;16;16;16m██[38;2;16;16;16m██[38;2;16;16;16m██[38;2;16;16;16m██[38;2;16;16;16m██[38;2;197;230;98m██[38;2;197;230;98m██[38;2;197;230;98m██[38;2;197;230;98m██[38;2;16;16;16m██[38;2;16;16;16m██[38;2;16;16;16m██[38;2;172;197;65m██[38;2;172;197;65m██[38;2;172;197;65m██[38;2;172;197;65m██[38;2;172;197;65m██[38;2;172;197;65m██[38;2;90;115;0m██                          
          [38;2;98;98;16m██[38;2;238;230;172m██[38;2;238;230;172m██[38;2;238;230;172m██[38;2;222;205;139m██[38;2;222;205;139m██[38;2;98;98;16m██[38;2;115;148;32m██[38;2;115;148;32m██[38;2;115;148;32m██[38;2;115;148;32m██[38;2;115;148;32m██[38;2;115;148;32m██[38;2;16;16;16m██  [38;2;115;148;32m██[38;2;197;230;98m██[38;2;16;16;16m██[38;2;16;16;16m██[38;2;16;16;16m██[38;2;16;16;16m██[38;2;197;230;98m██[38;2;197;230;98m██[38;2;197;230;98m██[38;2;16;16;16m██[38;2;16;16;16m██[38;2;16;16;16m██[38;2;172;197;65m██[38;2;172;197;65m██[38;2;172;197;65m██[38;2;172;197;65m██[38;2;172;197;65m██[38;2;172;197;65m██[38;2;172;197;65m██[38;2;90;115;0m██                        
          [38;2;164;156;74m██[38;2;238;230;172m██[38;2;238;230;172m██[38;2;222;205;139m██[38;2;98;98;16m██[38;2;16;16;16m██[38;2;16;16;16m██[38;2;115;148;32m██[38;2;115;148;32m██[38;2;115;148;32m██[38;2;115;148;32m██[38;2;115;148;32m██[38;2;90;115;0m██  [38;2;90;115;0m██[38;2;197;230;98m██[38;2;197;230;98m██[38;2;197;230;98m██[38;2;16;16;16m██[38;2;16;16;16m██[38;2;16;16;16m██[38;2;197;230;98m██[38;2;197;230;98m██[38;2;172;197;65m██[38;2;16;16;16m██[38;2;16;16;16m██[38;2;16;16;16m██[38;2;90;115;0m██[38;2;172;197;65m██[38;2;172;197;65m██[38;2;172;197;65m██[38;2;172;197;65m██[38;2;172;197;65m██[38;2;172;197;65m██[38;2;16;16;16m██                        
        [38;2;98;98;16m██[38;2;238;230;172m██[38;2;238;230;172m██[38;2;222;205;139m██[38;2;16;16;16m██[38;2;164;156;74m██[38;2;222;205;139m██[38;2;115;148;32m██[38;2;115;148;32m██[38;2;90;115;0m██[38;2;115;148;32m██[38;2;90;115;0m██[38;2;16;16;16m██    [38;2;90;115;0m██[38;2;197;230;98m██[38;2;197;230;98m██[38;2;197;230;98m██[38;2;172;197;65m██[38;2;16;16;16m██[38;2;16;16;16m██[38;2;16;16;16m██[38;2;172;197;65m██[38;2;172;197;65m██[38;2;115;148;32m██[38;2;16;16;16m██[38;2;115;148;32m██[38;2;172;197;65m██[38;2;172;197;65m██[38;2;172;197;65m██[38;2;115;148;32m██[38;2;115;148;32m██[38;2;115;148;32m██[38;2;172;197;65m██[38;2;90;115;0m██                        
      [38;2;164;156;74m██[38;2;222;205;139m██[38;2;238;230;172m██[38;2;238;230;172m██[38;2;16;16;16m██[38;2;164;156;74m██[38;2;222;205;139m██[38;2;222;205;139m██[38;2;90;115;0m██[38;2;90;115;0m██  [38;2;16;16;16m██      [38;2;115;148;32m██[38;2;172;197;65m██[38;2;197;230;98m██[38;2;197;230;98m██[38;2;197;230;98m██[38;2;90;115;0m██[38;2;90;115;0m██[38;2;16;16;16m██[38;2;16;16;16m██[38;2;172;197;65m██[38;2;172;197;65m██[38;2;172;197;65m██[38;2;115;148;32m██[38;2;172;197;65m██[38;2;172;197;65m██[38;2;172;197;65m██[38;2;115;148;32m██[38;2;115;148;32m██[38;2;115;148;32m██[38;2;115;148;32m██[38;2;115;148;32m██[38;2;172;197;65m██[38;2;90;115;0m██                      
      [38;2;164;156;74m██[38;2;238;230;172m██[38;2;238;230;172m██[38;2;98;98;16m██[38;2;98;98;16m██[38;2;164;156;74m██[38;2;222;205;139m██[38;2;16;16;16m██[38;2;16;16;16m██              [38;2;90;115;0m██[38;2;197;230;98m██[38;2;197;230;98m██[38;2;197;230;98m██[38;2;197;230;98m██[38;2;172;197;65m██[38;2;172;197;65m██[38;2;172;197;65m██[38;2;172;197;65m██[38;2;172;197;65m██[38;2;172;197;65m██[38;2;172;197;65m██[38;2;172;197;65m██[38;2;172;197;65m██[38;2;172;197;65m██[38;2;115;148;32m██[38;2;115;148;32m██[38;2;115;148;32m██[38;2;115;148;32m██[38;2;115;148;32m██[38;2;115;148;32m██[38;2;90;115;0m██                      
    [38;2;98;98;16m██[38;2;238;230;172m██[38;2;238;230;172m██[38;2;16;16;16m██  [38;2;98;98;16m██[38;2;222;205;139m██[38;2;222;205;139m██[38;2;16;16;16m██              [38;2;90;115;0m██[38;2;115;148;32m██[38;2;172;197;65m██[38;2;197;230;98m██[38;2;197;230;98m██[38;2;197;230;98m██[38;2;172;197;65m██[38;2;172;197;65m██[38;2;172;197;65m██[38;2;172;197;65m██[38;2;172;197;65m██[38;2;172;197;65m██[38;2;172;197;65m██[38;2;172;197;65m██[38;2;172;197;65m██[38;2;115;148;32m██[38;2;172;197;65m██[38;2;115;148;32m██[38;2;172;197;65m██[38;2;115;148;32m██[38;2;115;148;32m██[38;2;90;115;0m██                        
  [38;2;98;98;16m██[38;2;238;230;172m██[38;2;222;205;139m██[38;2;16;16;16m██  [38;2;98;98;16m██[38;2;164;156;74m██[38;2;222;205;139m██[38;2;16;16;16m██                [38;2;16;16;16m██[38;2;115;148;32m██[38;2;172;197;65m██[38;2;172;197;65m██[38;2;172;197;65m██[38;2;172;197;65m██[38;2;172;197;65m██[38;2;172;197;65m██[38;2;172;197;65m██[38;2;172;197;65m██[38;2;172;197;65m██[38;2;172;197;65m██[38;2;172;197;65m██[38;2;172;197;65m██[38;2;172;197;65m██[38;2;172;197;65m██[38;2;115;148;32m██[38;2;172;197;65m██[38;2;115;148;32m██[38;2;172;197;65m██[38;2;115;148;32m██[38;2;115;148;32m██[38;2;90;115;0m██                      
[38;2;98;98;16m██[38;2;238;230;172m██[38;2;238;230;172m██[38;2;16;16;16m██  [38;2;98;98;16m██[38;2;222;205;139m██[38;2;222;205;139m██[38;2;16;16;16m██                    [38;2;90;115;0m██[38;2;115;148;32m██[38;2;172;197;65m██[38;2;172;197;65m██[38;2;172;197;65m██[38;2;172;197;65m██[38;2;172;197;65m██[38;2;172;197;65m██[38;2;172;197;65m██[38;2;172;197;65m██[38;2;172;197;65m██[38;2;172;197;65m██[38;2;172;197;65m██[38;2;115;148;32m██[38;2;115;148;32m██[38;2;172;197;65m██[38;2;115;148;32m██[38;2;172;197;65m██[38;2;115;148;32m██[38;2;115;148;32m██[38;2;16;16;16m██                        
[38;2;98;98;16m██[38;2;238;230;172m██[38;2;16;16;16m██    [38;2;98;98;16m██[38;2;16;16;16m██[38;2;16;16;16m██                      [38;2;90;115;0m██[38;2;115;148;32m██[38;2;115;148;32m██[38;2;172;197;65m██[38;2;172;197;65m██[38;2;172;197;65m██[38;2;172;197;65m██[38;2;172;197;65m██[38;2;172;197;65m██[38;2;172;197;65m██[38;2;172;197;65m██[38;2;172;197;65m██[38;2;115;148;32m██[38;2;115;148;32m██[38;2;115;148;32m██[38;2;115;148;32m██[38;2;115;148;32m██[38;2;115;148;32m██[38;2;115;148;32m██[38;2;115;148;32m██[38;2;16;16;16m██                        
[38;2;16;16;16m██[38;2;98;98;16m██                                  [38;2;16;16;16m██[38;2;115;148;32m██[38;2;115;148;32m██[38;2;115;148;32m██[38;2;115;148;32m██[38;2;172;197;65m██[38;2;172;197;65m██[38;2;172;197;65m██[38;2;172;197;65m██[38;2;172;197;65m██[38;2;115;148;32m██[38;2;115;148;32m██[38;2;115;148;32m██[38;2;115;148;32m██[38;2;115;148;32m██[38;2;115;148;32m██[38;2;115;148;32m██[38;2;115;148;32m██[38;2;115;148;32m██[38;2;90;115;0m██                          
                                        [38;2;90;115;0m██[38;2;90;115;0m██[38;2;115;148;32m██[38;2;115;148;32m██[38;2;115;148;32m██[38;2;115;148;32m██[38;2;115;148;32m██[38;2;115;148;32m██[38;2;115;148;32m██[38;2;115;148;32m██[38;2;115;148;32m██[38;2;115;148;32m██[38;2;115;148;32m██[38;2;115;148;32m██[38;2;115;148;32m██[38;2;115;148;32m██[38;2;115;148;32m██[38;2;115;148;32m██[38;2;90;115;0m██                          
                                            [38;2;90;115;0m██[38;2;115;148;32m██[38;2;115;148;32m██[38;2;115;148;32m██[38;2;115;148;32m██[38;2;115;148;32m██[38;2;115;148;32m██[38;2;115;148;32m██[38;2;115;148;32m██[38;2;115;148;32m██[38;2;115;148;32m██[38;2;115;148;32m██[38;2;115;148;32m██[38;2;115;148;32m██[38;2;115;148;32m██[38;2;16;16;16m██[38;2;90;115;0m██                          
                                            [38;2;90;115;0m██[38;2;115;148;32m██[38;2;115;148;32m██[38;2;115;148;32m██[38;2;115;148;32m██[38;2;115;148;32m██[38;2;115;148;32m██[38;2;115;148;32m██[38;2;115;148;32m██[38;2;115;148;32m██[38;2;115;148;32m██[38;2;115;148;32m██[38;2;115;148;32m██[38;2;115;148;32m██[38;2;90;115;0m██                              
                                              [38;2;90;115;0m██[38;2;90;115;0m██[38;2;115;148;32m██[38;2;115;148;32m██[38;2;115;148;32m██[38;2;115;148;32m██[38;2;115;148;32m██[38;2;115;148;32m██[38;2;115;148;32m██[38;2;115;148;32m██[38;2;90;115;0m██[38;2;90;115;0m██[38;2;16;16;16m██[38;2;16;16;16m██                              
                                                  [38;2;90;115;0m██[38;2;16;16;16m██[38;2;90;115;0m██[38;2;16;16;16m██[38;2;115;148;32m██[38;2;115;148;32m██[38;2;115;148;32m██[38;2;16;16;16m██[38;2;90;115;0m██[38;2;164;156;74m██[38;2;164;156;74m██[38;2;16;16;16m██                              
                                                      [38;2;16;16;16m██[38;2;164;156;74m██[38;2;164;156;74m██[38;2;16;16;16m██[38;2;16;16;16m██  [38;2;16;16;16m██[38;2;164;156;74m██[38;2;164;156;74m██[38;2;16;16;16m██                              
                                                      [38;2;16;16;16m██[38;2;164;156;74m██[38;2;164;156;74m██[38;2;16;16;16m██      [38;2;16;16;16m██[38;2;164;156;74m██[38;2;164;156;74m██[38;2;16;16;16m██                            
                                                        [38;2;16;16;16m██[38;2;164;156;74m██[38;2;164;156;74m██[38;2;98;98;16m██    [38;2;16;16;16m██[38;2;164;156;74m██[38;2;164;156;74m██[38;2;164;156;74m██[38;2;16;16;16m██                          
                                                        [38;2;16;16;16m██[38;2;164;156;74m██[38;2;164;156;74m██[38;2;98;98;16m██      [38;2;16;16;16m██[38;2;164;156;74m██[38;2;164;156;74m██[38;2;16;16;16m██                          
                                                      [38;2;98;98;16m██[38;2;164;156;74m██[38;2;164;156;74m██[38;2;16;16;16m██        [38;2;98;98;16m██[38;2;222;205;139m██[38;2;164;156;74m██[38;2;16;16;16m██                          
                                                    [38;2;98;98;16m██[38;2;164;156;74m██[38;2;164;156;74m██[38;2;16;16;16m██        [38;2;98;98;16m██[38;2;238;230;172m██[38;2;222;205;139m██[38;2;16;16;16m██                            
                                                  [38;2;16;16;16m██[38;2;222;205;139m██[38;2;164;156;74m██[38;2;16;16;16m██          [38;2;98;98;16m██[38;2;238;230;172m██[38;2;222;205;139m██[38;2;98;98;16m██                            
                                        [38;2;98;98;98m██[38;2;16;16;16m██[38;2;16;16;16m██[38;2;16;16;16m██[38;2;16;16;16m██[38;2;222;205;139m██[38;2;222;205;139m██[38;2;222;205;139m██[38;2;16;16;16m██        [38;2;16;16;16m██[38;2;238;230;172m██[38;2;238;230;172m██[38;2;16;16;16m██                              
                                      [38;2;98;98;98m██[38;2;255;255;255m██[38;2;222;205;139m██[38;2;98;98;16m██[38;2;98;98;16m██[38;2;238;230;172m██[38;2;222;205;139m██[38;2;98;98;16m██[38;2;222;205;139m██[38;2;222;205;139m██[38;2;98;98;16m██[38;2;98;98;16m██    [38;2;16;16;16m██[38;2;238;230;172m██[38;2;222;205;139m██[38;2;16;16;16m██                              
                                    [38;2;98;98;98m██[38;2;255;255;255m██[38;2;16;16;16m██[38;2;98;98;98m██[38;2;164;156;74m██[38;2;222;205;139m██[38;2;164;156;74m██[38;2;98;98;98m██[38;2;222;205;139m██[38;2;222;205;139m██[38;2;222;205;139m██[38;2;222;205;139m██[38;2;164;156;74m██[38;2;16;16;16m██[38;2;16;16;16m██[38;2;238;230;172m██[38;2;238;230;172m██[38;2;164;156;74m██[38;2;16;16;16m██                              
                                    [38;2;16;16;16m██[38;2;16;16;16m██[38;2;98;98;98m██[38;2;255;255;255m██[38;2;255;255;255m██[38;2;16;16;16m██[38;2;98;98;98m██[38;2;255;255;255m██[38;2;255;255;255m██[38;2;16;16;16m██[38;2;164;156;74m██[38;2;16;16;16m██[38;2;238;230;172m██[38;2;98;98;16m██[38;2;238;230;172m██[38;2;238;230;172m██[38;2;238;230;172m██[38;2;238;230;172m██[38;2;164;156;74m██[38;2;16;16;16m██[38;2;16;16;16m██                          
                                        [38;2;98;98;98m██[38;2;255;255;255m██[38;2;16;16;16m██  [38;2;98;98;98m██[38;2;255;255;255m██[38;2;16;16;16m██[38;2;98;98;98m██[38;2;255;255;255m██[38;2;255;255;255m██[38;2;98;98;16m██[38;2;164;156;74m██[38;2;164;156;74m██[38;2;98;98;16m██[38;2;164;156;74m██[38;2;164;156;74m██[38;2;238;230;172m██[38;2;238;230;172m██[38;2;222;205;139m██[38;2;98;98;98m██                        
                                        [38;2;16;16;16m██[38;2;16;16;16m██    [38;2;16;16;16m██[38;2;16;16;16m██  [38;2;16;16;16m██[38;2;16;16;16m██[38;2;16;16;16m██[38;2;16;16;16m██[38;2;255;255;255m██[38;2;164;156;74m██[38;2;16;16;16m██[38;2;255;255;255m██[38;2;164;156;74m██[38;2;16;16;16m██[38;2;16;16;16m██[38;2;255;255;255m██[38;2;255;255;255m██[38;2;98;98;98m██                      
                                                            [38;2;16;16;16m██[38;2;255;255;255m██[38;2;16;16;16m██[38;2;16;16;16m██[38;2;255;255;255m██[38;2;16;16;16m██    [38;2;16;16;16m██[38;2;16;16;16m██[38;2;16;16;16m██                      
                                                              [38;2;16;16;16m██    [38;2;16;16;16m██                                  
