                                    [38;2;131;90;115m██                                                                [38;2;131;90;115m██[38;2;82;65;106m██[38;2;82;65;106m██              
                                  [38;2;131;90;115m██[38;2;172;106;213m██[38;2;131;90;115m██                                                        [38;2;131;90;115m██[38;2;131;90;115m██[38;2;82;65;106m██[38;2;172;106;213m██[38;2;131;90;115m██[38;2;82;65;106m██              
                                  [38;2;131;90;115m██[38;2;197;139;213m██[38;2;172;106;213m██[38;2;131;90;115m██                                                [38;2;131;90;115m██[38;2;82;65;106m██[38;2;82;65;106m██[38;2;197;139;213m██[38;2;197;139;213m██[38;2;172;106;213m██[38;2;131;90;115m██[38;2;131;90;115m██[38;2;16;16;16m██              
                                  [38;2;131;90;115m██[38;2;197;139;213m██[38;2;172;106;213m██[38;2;172;106;213m██[38;2;82;65;106m██                                        [38;2;131;90;115m██[38;2;82;65;106m██[38;2;82;65;106m██[38;2;197;139;213m██[38;2;197;139;213m██[38;2;197;139;213m██[38;2;197;139;213m██[38;2;172;106;213m██[38;2;131;90;115m██[38;2;131;90;115m██[38;2;16;16;16m██                
                                  [38;2;131;90;115m██[38;2;197;139;213m██[38;2;172;106;213m██[38;2;172;106;213m██[38;2;172;106;213m██[38;2;82;65;106m██                                  [38;2;131;90;115m██[38;2;131;90;115m██[38;2;172;106;213m██[38;2;172;106;213m██[38;2;197;139;213m██[38;2;197;139;213m██[38;2;197;139;213m██[38;2;197;139;213m██[38;2;172;106;213m██[38;2;131;90;115m██[38;2;131;90;115m██[38;2;131;90;115m██[38;2;16;16;16m██                
                                [38;2;131;90;115m██[38;2;172;106;213m██[38;2;197;139;213m██[38;2;197;139;213m██[38;2;172;106;213m██[38;2;172;106;213m██[38;2;82;65;106m██                              [38;2;131;90;115m██[38;2;131;90;115m██[38;2;172;106;213m██[38;2;172;106;213m██[38;2;172;106;213m██[38;2;197;139;213m██[38;2;197;139;213m██[38;2;197;139;213m██[38;2;197;139;213m██[38;2;172;106;213m██[38;2;131;90;115m██[38;2;131;90;115m██[38;2;131;90;115m██[38;2;16;16;16m██                  
                                [38;2;82;65;106m██[38;2;197;139;213m██[38;2;197;139;213m██[38;2;197;139;213m██[38;2;172;106;213m██[38;2;172;106;213m██[38;2;172;106;213m██[38;2;82;65;106m██                        [38;2;131;90;115m██[38;2;131;90;115m██[38;2;172;106;213m██[38;2;172;106;213m██[38;2;172;106;213m██[38;2;197;139;213m██[38;2;197;139;213m██[38;2;197;139;213m██[38;2;197;139;213m██[38;2;197;139;213m██[38;2;131;90;115m██[38;2;131;90;115m██[38;2;131;90;115m██[38;2;131;90;115m██[38;2;131;90;115m██                    
                                [38;2;82;65;106m██[38;2;197;139;213m██[38;2;197;139;213m██[38;2;197;139;213m██[38;2;172;106;213m██[38;2;172;106;213m██[38;2;172;106;213m██[38;2;172;106;213m██[38;2;82;65;106m██    [38;2;131;90;115m██[38;2;82;65;106m██[38;2;82;65;106m██[38;2;82;65;106m██[38;2;82;65;106m██    [38;2;131;90;115m██[38;2;131;90;115m██[38;2;172;106;213m██[38;2;197;139;213m██[38;2;172;106;213m██[38;2;172;106;213m██[38;2;197;139;213m██[38;2;197;139;213m██[38;2;197;139;213m██[38;2;197;139;213m██[38;2;197;139;213m██[38;2;131;90;115m██[38;2;131;90;115m██[38;2;131;90;115m██[38;2;131;90;115m██[38;2;131;90;115m██[38;2;16;16;16m██                    
                                [38;2;82;65;106m██[38;2;197;139;213m██[38;2;197;139;213m██[38;2;197;139;213m██[38;2;197;139;213m██[38;2;172;106;213m██[38;2;172;106;213m██[38;2;172;106;213m██[38;2;16;16;16m██[38;2;82;65;106m██[38;2;82;65;106m██[38;2;172;106;213m██[38;2;172;106;213m██[38;2;172;106;213m██[38;2;172;106;213m██[38;2;172;106;213m██[38;2;82;65;106m██[38;2;82;65;106m██[38;2;172;106;213m██[38;2;172;106;213m██[38;2;197;139;213m██[38;2;172;106;213m██[38;2;172;106;213m██[38;2;197;139;213m██[38;2;197;139;213m██[38;2;197;139;213m██[38;2;197;139;213m██[38;2;197;139;213m██[38;2;131;90;115m██[38;2;172;106;213m██[38;2;131;90;115m██[38;2;131;90;115m██[38;2;131;90;115m██[38;2;131;90;115m██                      
                                [38;2;82;65;106m██[38;2;197;139;213m██[38;2;197;139;213m██[38;2;197;139;213m██[38;2;197;139;213m██[38;2;172;106;213m██[38;2;172;106;213m██[38;2;82;65;106m██[38;2;172;106;213m██[38;2;172;106;213m██[38;2;172;106;213m██[38;2;172;106;213m██[38;2;172;106;213m██[38;2;172;106;213m██[38;2;172;106;213m██[38;2;172;106;213m██[38;2;172;106;213m██[38;2;172;106;213m██[38;2;172;106;213m██[38;2;197;139;213m██[38;2;197;139;213m██[38;2;197;139;213m██[38;2;197;139;213m██[38;2;197;139;213m██[38;2;197;139;213m██[38;2;197;139;213m██[38;2;197;139;213m██[38;2;131;90;115m██[38;2;172;106;213m██[38;2;131;90;115m██[38;2;131;90;115m██[38;2;131;90;115m██[38;2;131;90;115m██                        
                              [38;2;82;65;106m██[38;2;82;65;106m██[38;2;197;139;213m██[38;2;197;139;213m██[38;2;197;139;213m██[38;2;197;139;213m██[38;2;197;139;213m██[38;2;131;90;115m██[38;2;172;106;213m██[38;2;172;106;213m██[38;2;172;106;213m██[38;2;172;106;213m██[38;2;172;106;213m██[38;2;172;106;213m██[38;2;172;106;213m██[38;2;172;106;213m██[38;2;172;106;213m██[38;2;172;106;213m██[38;2;197;139;213m██[38;2;197;139;213m██[38;2;197;139;213m██[38;2;197;139;213m██[38;2;197;139;213m██[38;2;197;139;213m██[38;2;197;139;213m██[38;2;197;139;213m██[38;2;197;139;213m██[38;2;172;106;213m██[38;2;172;106;213m██[38;2;172;106;213m██[38;2;131;90;115m██[38;2;131;90;115m██[38;2;131;90;115m██[38;2;131;90;115m██                        
                              [38;2;82;65;106m██[38;2;197;139;213m██[38;2;197;139;213m██[38;2;197;139;213m██[38;2;197;139;213m██[38;2;172;106;213m██[38;2;172;106;213m██[38;2;172;106;213m██[38;2;172;106;213m██[38;2;172;106;213m██[38;2;172;106;213m██[38;2;172;106;213m██[38;2;172;106;213m██[38;2;172;106;213m██[38;2;172;106;213m██[38;2;172;106;213m██[38;2;172;106;213m██[38;2;197;139;213m██[38;2;197;139;213m██[38;2;197;139;213m██[38;2;197;139;213m██[38;2;197;139;213m██[38;2;197;139;213m██[38;2;197;139;213m██[38;2;197;139;213m██[38;2;172;106;213m██[38;2;172;106;213m██[38;2;172;106;213m██[38;2;172;106;213m██[38;2;131;90;115m██[38;2;131;90;115m██[38;2;131;90;115m██[38;2;131;90;115m██                          
                              [38;2;82;65;106m██[38;2;197;139;213m██[38;2;197;139;213m██[38;2;197;139;213m██[38;2;197;139;213m██[38;2;172;106;213m██[38;2;172;106;213m██[38;2;172;106;213m██[38;2;172;106;213m██[38;2;172;106;213m██[38;2;172;106;213m██[38;2;172;106;213m██[38;2;172;106;213m██[38;2;172;106;213m██[38;2;172;106;213m██[38;2;172;106;213m██[38;2;197;139;213m██[38;2;197;139;213m██[38;2;197;139;213m██[38;2;197;139;213m██[38;2;197;139;213m██[38;2;197;139;213m██[38;2;197;139;213m██[38;2;172;106;213m██[38;2;131;90;115m██[38;2;172;106;213m██[38;2;172;106;213m██[38;2;172;106;213m██[38;2;131;90;115m██[38;2;131;90;115m██[38;2;131;90;115m██[38;2;131;90;115m██[38;2;16;16;16m██                          
                    [38;2;82;65;106m██[38;2;82;65;106m██[38;2;82;65;106m██    [38;2;82;65;106m██[38;2;197;139;213m██[38;2;197;139;213m██[38;2;197;139;213m██[38;2;172;106;213m██[38;2;172;106;213m██[38;2;172;106;213m██[38;2;172;106;213m██[38;2;172;106;213m██[38;2;172;106;213m██[38;2;172;106;213m██[38;2;172;106;213m██[38;2;172;106;213m██[38;2;172;106;213m██[38;2;172;106;213m██[38;2;172;106;213m██[38;2;197;139;213m██[38;2;197;139;213m██[38;2;197;139;213m██[38;2;197;139;213m██[38;2;197;139;213m██[38;2;197;139;213m██[38;2;172;106;213m██[38;2;131;90;115m██[38;2;131;90;115m██[38;2;172;106;213m██[38;2;131;90;115m██[38;2;131;90;115m██[38;2;131;90;115m██[38;2;131;90;115m██[38;2;131;90;115m██[38;2;16;16;16m██          [38;2;82;65;106m██[38;2;82;65;106m██[38;2;82;65;106m██[38;2;82;65;106m██[38;2;82;65;106m██[38;2;82;65;106m██      
                    [38;2;16;16;16m██[38;2;172;106;213m██[38;2;172;106;213m██[38;2;82;65;106m██[38;2;16;16;16m██[38;2;82;65;106m██[38;2;197;139;213m██[38;2;197;139;213m██[38;2;197;139;213m██[38;2;172;106;213m██[38;2;172;106;213m██[38;2;172;106;213m██[38;2;172;106;213m██[38;2;172;106;213m██[38;2;172;106;213m██[38;2;172;106;213m██[38;2;172;106;213m██[38;2;197;139;213m██[38;2;172;106;213m██[38;2;172;106;213m██[38;2;197;139;213m██[38;2;197;139;213m██[38;2;197;139;213m██[38;2;197;139;213m██[38;2;197;139;213m██[38;2;197;139;213m██[38;2;172;106;213m██[38;2;131;90;115m██[38;2;131;90;115m██[38;2;172;106;213m██[38;2;131;90;115m██[38;2;131;90;115m██[38;2;131;90;115m██[38;2;131;90;115m██[38;2;131;90;115m██[38;2;131;90;115m██[38;2;16;16;16m██[38;2;82;65;106m██[38;2;16;16;16m██[38;2;16;16;16m██[38;2;82;65;106m██[38;2;82;65;106m██[38;2;131;90;115m██[38;2;172;106;213m██[38;2;172;106;213m██[38;2;172;106;213m██[38;2;131;90;115m██[38;2;16;16;16m██      
                      [38;2;16;16;16m██[38;2;172;106;213m██[38;2;172;106;213m██[38;2;16;16;16m██[38;2;197;139;213m██[38;2;197;139;213m██[38;2;197;139;213m██[38;2;197;139;213m██[38;2;172;106;213m██[38;2;197;139;213m██[38;2;172;106;213m██[38;2;172;106;213m██[38;2;172;106;213m██[38;2;172;106;213m██[38;2;172;106;213m██[38;2;172;106;213m██[38;2;197;139;213m██[38;2;172;106;213m██[38;2;197;139;213m██[38;2;197;139;213m██[38;2;197;139;213m██[38;2;197;139;213m██[38;2;197;139;213m██[38;2;197;139;213m██[38;2;172;106;213m██[38;2;131;90;115m██[38;2;131;90;115m██[38;2;131;90;115m██[38;2;131;90;115m██[38;2;131;90;115m██[38;2;131;90;115m██[38;2;131;90;115m██[38;2;131;90;115m██[38;2;131;90;115m██[38;2;16;16;16m██[38;2;131;90;115m██[38;2;131;90;115m██[38;2;131;90;115m██[38;2;131;90;115m██[38;2;172;106;213m██[38;2;172;106;213m██[38;2;172;106;213m██[38;2;172;106;213m██[38;2;172;106;213m██[38;2;131;90;115m██[38;2;16;16;16m██        
                      [38;2;82;65;106m██[38;2;82;65;106m██[38;2;131;90;115m██[38;2;16;16;16m██[38;2;197;139;213m██[38;2;197;139;213m██[38;2;197;139;213m██[38;2;197;139;213m██[38;2;172;106;213m██[38;2;197;139;213m██[38;2;172;106;213m██[38;2;172;106;213m██[38;2;172;106;213m██[38;2;172;106;213m██[38;2;172;106;213m██[38;2;197;139;213m██[38;2;197;139;213m██[38;2;172;106;213m██[38;2;197;139;213m██[38;2;197;139;213m██[38;2;197;139;213m██[38;2;197;139;213m██[38;2;197;139;213m██[38;2;197;139;213m██[38;2;131;90;115m██[38;2;131;90;115m██[38;2;131;90;115m██[38;2;131;90;115m██[38;2;131;90;115m██[38;2;131;90;115m██[38;2;131;90;115m██[38;2;131;90;115m██[38;2;131;90;115m██[38;2;131;90;115m██[38;2;82;65;106m██[38;2;131;90;115m██[38;2;131;90;115m██[38;2;131;90;115m██[38;2;172;106;213m██[38;2;172;106;213m██[38;2;172;106;213m██[38;2;172;106;213m██[38;2;131;90;115m██[38;2;131;90;115m██[38;2;16;16;16m██          
                        [38;2;16;16;16m██[38;2;16;16;16m██[38;2;197;139;213m██[38;2;197;139;213m██[38;2;197;139;213m██[38;2;197;139;213m██[38;2;197;139;213m██[38;2;197;139;213m██[38;2;197;139;213m██[38;2;172;106;213m██[38;2;172;106;213m██[38;2;172;106;213m██[38;2;172;106;213m██[38;2;197;139;213m██[38;2;197;139;213m██[38;2;197;139;213m██[38;2;197;139;213m██[38;2;197;139;213m██[38;2;197;139;213m██[38;2;197;139;213m██[38;2;197;139;213m██[38;2;131;90;115m██[38;2;131;90;115m██[38;2;131;90;115m██[38;2;131;90;115m██[38;2;131;90;115m██[38;2;131;90;115m██[38;2;131;90;115m██[38;2;131;90;115m██[38;2;131;90;115m██[38;2;131;90;115m██[38;2;131;90;115m██[38;2;131;90;115m██[38;2;131;90;115m██[38;2;131;90;115m██[38;2;131;90;115m██[38;2;172;106;213m██[38;2;131;90;115m██[38;2;131;90;115m██[38;2;131;90;115m██[38;2;131;90;115m██[38;2;16;16;16m██              
                          [38;2;16;16;16m██[38;2;197;139;213m██[38;2;197;139;213m██[38;2;197;139;213m██[38;2;197;139;213m██[38;2;197;139;213m██[38;2;197;139;213m██[38;2;197;139;213m██[38;2;172;106;213m██[38;2;197;139;213m██[38;2;172;106;213m██[38;2;172;106;213m██[38;2;197;139;213m██[38;2;197;139;213m██[38;2;197;139;213m██[38;2;197;139;213m██[38;2;197;139;213m██[38;2;197;139;213m██[38;2;131;90;115m██[38;2;82;65;106m██[38;2;82;65;106m██[38;2;82;65;106m██[38;2;131;90;115m██[38;2;131;90;115m██[38;2;131;90;115m██[38;2;131;90;115m██[38;2;131;90;115m██[38;2;131;90;115m██[38;2;131;90;115m██[38;2;131;90;115m██[38;2;131;90;115m██[38;2;131;90;115m██[38;2;131;90;115m██[38;2;131;90;115m██[38;2;131;90;115m██[38;2;131;90;115m██[38;2;131;90;115m██[38;2;131;90;115m██[38;2;131;90;115m██[38;2;16;16;16m██                
                            [38;2;82;65;106m██[38;2;197;139;213m██[38;2;197;139;213m██[38;2;197;139;213m██[38;2;197;139;213m██[38;2;197;139;213m██[38;2;197;139;213m██[38;2;197;139;213m██[38;2;197;139;213m██[38;2;172;106;213m██[38;2;197;139;213m██[38;2;197;139;213m██[38;2;197;139;213m██[38;2;197;139;213m██[38;2;197;139;213m██[38;2;172;106;213m██[38;2;172;106;213m██[38;2;82;65;106m██[38;2;213;213;213m██[38;2;16;16;16m██[38;2;131;90;115m██[38;2;131;90;115m██[38;2;131;90;115m██[38;2;131;90;115m██[38;2;131;90;115m██[38;2;131;90;115m██[38;2;131;90;115m██[38;2;131;90;115m██[38;2;131;90;115m██[38;2;131;90;115m██[38;2;131;90;115m██[38;2;131;90;115m██[38;2;131;90;115m██[38;2;131;90;115m██[38;2;131;90;115m██[38;2;131;90;115m██[38;2;131;90;115m██[38;2;16;16;16m██[38;2;82;65;106m██[38;2;82;65;106m██[38;2;82;65;106m██            
                            [38;2;82;65;106m██[38;2;131;90;115m██[38;2;197;139;213m██[38;2;197;139;213m██[38;2;197;139;213m██[38;2;197;139;213m██[38;2;197;139;213m██[38;2;197;139;213m██[38;2;197;139;213m██[38;2;197;139;213m██[38;2;197;139;213m██[38;2;197;139;213m██[38;2;197;139;213m██[38;2;172;106;213m██[38;2;172;106;213m██[38;2;172;106;213m██[38;2;82;65;106m██[38;2;213;213;213m██[38;2;255;255;255m██[38;2;16;16;16m██[38;2;131;90;115m██[38;2;131;90;115m██[38;2;131;90;115m██[38;2;131;90;115m██[38;2;131;90;115m██[38;2;131;90;115m██[38;2;131;90;115m██[38;2;131;90;115m██[38;2;131;90;115m██[38;2;131;90;115m██[38;2;131;90;115m██[38;2;131;90;115m██[38;2;131;90;115m██[38;2;131;90;115m██[38;2;131;90;115m██[38;2;131;90;115m██[38;2;131;90;115m██[38;2;131;90;115m██[38;2;131;90;115m██[38;2;131;90;115m██[38;2;82;65;106m██            
                            [38;2;82;65;106m██[38;2;255;255;255m██[38;2;82;65;106m██[38;2;197;139;213m██[38;2;197;139;213m██[38;2;197;139;213m██[38;2;197;139;213m██[38;2;197;139;213m██[38;2;197;139;213m██[38;2;197;139;213m██[38;2;197;139;213m██[38;2;197;139;213m██[38;2;172;106;213m██[38;2;172;106;213m██[38;2;172;106;213m██[38;2;82;65;106m██[38;2;213;213;213m██[38;2;255;255;255m██[38;2;255;255;255m██[38;2;82;65;106m██[38;2;131;90;115m██[38;2;131;90;115m██[38;2;131;90;115m██[38;2;131;90;115m██[38;2;131;90;115m██[38;2;131;90;115m██[38;2;131;90;115m██[38;2;131;90;115m██[38;2;131;90;115m██[38;2;131;90;115m██[38;2;131;90;115m██[38;2;131;90;115m██[38;2;131;90;115m██[38;2;131;90;115m██[38;2;131;90;115m██[38;2;131;90;115m██[38;2;16;16;16m██[38;2;131;90;115m██[38;2;131;90;115m██[38;2;82;65;106m██              
                      [38;2;82;65;106m██[38;2;82;65;106m██[38;2;131;90;115m██[38;2;82;65;106m██[38;2;255;255;255m██[38;2;255;255;255m██[38;2;82;65;106m██[38;2;197;139;213m██[38;2;197;139;213m██[38;2;197;139;213m██[38;2;197;139;213m██[38;2;197;139;213m██[38;2;197;139;213m██[38;2;172;106;213m██[38;2;172;106;213m██[38;2;172;106;213m██[38;2;172;106;213m██[38;2;16;16;16m██[38;2;213;213;213m██[38;2;255;255;255m██[38;2;255;255;255m██[38;2;255;255;255m██[38;2;82;65;106m██[38;2;131;90;115m██[38;2;131;90;115m██[38;2;131;90;115m██[38;2;131;90;115m██[38;2;131;90;115m██[38;2;131;90;115m██[38;2;131;90;115m██[38;2;131;90;115m██[38;2;131;90;115m██[38;2;131;90;115m██[38;2;131;90;115m██[38;2;41;98;213m██[38;2;41;98;213m██[38;2;41;98;213m██[38;2;131;90;115m██[38;2;16;16;16m██[38;2;131;90;115m██[38;2;131;90;115m██[38;2;16;16;16m██                
                      [38;2;16;16;16m██[38;2;131;90;115m██[38;2;131;90;115m██[38;2;82;65;106m██[38;2;255;255;255m██[38;2;255;255;255m██[38;2;16;16;16m██[38;2;172;106;213m██[38;2;197;139;213m██[38;2;197;139;213m██[38;2;197;139;213m██[38;2;197;139;213m██[38;2;172;106;213m██[38;2;172;106;213m██[38;2;172;106;213m██[38;2;131;90;115m██[38;2;16;16;16m██[38;2;16;16;16m██[38;2;255;255;255m██[38;2;255;255;255m██[38;2;255;255;255m██[38;2;255;255;255m██[38;2;82;65;106m██[38;2;131;90;115m██[38;2;131;90;115m██[38;2;131;90;115m██[38;2;131;90;115m██[38;2;131;90;115m██[38;2;131;90;115m██[38;2;131;90;115m██[38;2;131;90;115m██[38;2;131;90;115m██[38;2;41;98;213m██[38;2;41;98;213m██[38;2;82;65;106m██[38;2;82;65;106m██[38;2;82;65;106m██[38;2;41;98;213m██[38;2;131;90;115m██[38;2;131;90;115m██[38;2;16;16;16m██                  
                        [38;2;16;16;16m██[38;2;131;90;115m██[38;2;82;65;106m██[38;2;213;213;213m██[38;2;213;213;213m██[38;2;16;16;16m██[38;2;82;65;106m██[38;2;131;90;115m██[38;2;172;106;213m██[38;2;172;106;213m██[38;2;172;106;213m██[38;2;172;106;213m██[38;2;172;106;213m██[38;2;131;90;115m██[38;2;16;16;16m██[38;2;213;213;213m██[38;2;16;16;16m██[38;2;255;255;255m██[38;2;255;255;255m██[38;2;255;255;255m██[38;2;213;213;213m██[38;2;131;90;115m██[38;2;131;90;115m██[38;2;131;90;115m██[38;2;131;90;115m██[38;2;131;90;115m██[38;2;131;90;115m██[38;2;131;90;115m██[38;2;131;90;115m██[38;2;90;148;255m██[38;2;41;98;213m██[38;2;82;65;106m██[38;2;82;65;106m██[38;2;131;90;115m██[38;2;131;90;115m██[38;2;131;90;115m██[38;2;82;65;106m██[38;2;41;98;213m██[38;2;41;98;213m██[38;2;16;16;16m██                  
                          [38;2;16;16;16m██[38;2;131;90;115m██[38;2;82;65;106m██[38;2;213;213;213m██[38;2;213;213;213m██[38;2;82;65;106m██[38;2;131;90;115m██[38;2;131;90;115m██[38;2;131;90;115m██[38;2;131;90;115m██[38;2;131;90;115m██[38;2;131;90;115m██[38;2;16;16;16m██[38;2;213;213;213m██[38;2;255;255;255m██[38;2;255;255;255m██[38;2;213;213;213m██[38;2;82;65;106m██[38;2;82;65;106m██[38;2;131;90;115m██[38;2;131;90;115m██[38;2;131;90;115m██[38;2;131;90;115m██[38;2;131;90;115m██[38;2;131;90;115m██[38;2;82;65;106m██[38;2;131;90;115m██[38;2;90;148;255m██[38;2;82;65;106m██[38;2;82;65;106m██[38;2;131;90;115m██[38;2;131;90;115m██[38;2;131;90;115m██[38;2;131;90;115m██[38;2;131;90;115m██[38;2;131;90;115m██[38;2;16;16;16m██[38;2;16;16;16m██[38;2;41;98;213m██[38;2;41;98;213m██[38;2;41;98;213m██[38;2;90;148;255m██[38;2;90;148;255m██          
                            [38;2;16;16;16m██[38;2;172;106;213m██[38;2;82;65;106m██[38;2;82;65;106m██[38;2;82;65;106m██[38;2;131;90;115m██[38;2;131;90;115m██[38;2;131;90;115m██[38;2;131;90;115m██[38;2;131;90;115m██[38;2;131;90;115m██[38;2;16;16;16m██[38;2;16;16;16m██[38;2;82;65;106m██[38;2;131;90;115m██[38;2;131;90;115m██[38;2;172;106;213m██[38;2;172;106;213m██[38;2;131;90;115m██[38;2;131;90;115m██[38;2;131;90;115m██[38;2;131;90;115m██[38;2;131;90;115m██[38;2;16;16;16m██[38;2;131;90;115m██[38;2;90;148;255m██[38;2;213;164;230m██[38;2;213;164;230m██[38;2;197;139;213m██[38;2;197;139;213m██[38;2;131;90;115m██[38;2;82;65;106m██[38;2;131;90;115m██[38;2;131;90;115m██[38;2;131;90;115m██[38;2;131;90;115m██[38;2;131;90;115m██[38;2;172;106;213m██[38;2;197;139;213m██[38;2;197;139;213m██[38;2;197;139;213m██[38;2;131;90;115m██[38;2;131;90;115m██[38;2;90;148;255m██      
                              [38;2;16;16;16m██[38;2;172;106;213m██[38;2;172;106;213m██[38;2;172;106;213m██[38;2;172;106;213m██[38;2;172;106;213m██[38;2;172;106;213m██[38;2;172;106;213m██[38;2;172;106;213m██[38;2;172;106;213m██[38;2;172;106;213m██[38;2;172;106;213m██[38;2;172;106;213m██[38;2;172;106;213m██[38;2;172;106;213m██[38;2;172;106;213m██[38;2;172;106;213m██[38;2;131;90;115m██[38;2;131;90;115m██[38;2;131;90;115m██[38;2;131;90;115m██[38;2;16;16;16m██[38;2;131;90;115m██[38;2;90;148;255m██[38;2;131;90;115m██[38;2;213;164;230m██[38;2;213;164;230m██[38;2;213;164;230m██[38;2;131;90;115m██[38;2;16;16;16m██[38;2;16;16;16m██[38;2;131;90;115m██[38;2;131;90;115m██[38;2;131;90;115m██[38;2;131;90;115m██[38;2;131;90;115m██[38;2;131;90;115m██[38;2;172;106;213m██[38;2;197;139;213m██[38;2;213;164;230m██[38;2;197;139;213m██[38;2;82;65;106m██[38;2;90;148;255m██      
        [38;2;90;148;255m██[38;2;90;148;255m██[38;2;90;148;255m██[38;2;90;148;255m██              [38;2;16;16;16m██[38;2;131;90;115m██[38;2;131;90;115m██[38;2;172;106;213m██[38;2;172;106;213m██[38;2;172;106;213m██[38;2;172;106;213m██[38;2;172;106;213m██[38;2;172;106;213m██[38;2;172;106;213m██[38;2;172;106;213m██[38;2;172;106;213m██[38;2;172;106;213m██[38;2;172;106;213m██[38;2;172;106;213m██[38;2;131;90;115m██[38;2;131;90;115m██[38;2;131;90;115m██[38;2;82;65;106m██[38;2;16;16;16m██[38;2;16;16;16m██[38;2;131;90;115m██[38;2;131;90;115m██[38;2;90;148;255m██[38;2;131;90;115m██[38;2;213;164;230m██[38;2;213;164;230m██[38;2;197;139;213m██[38;2;131;90;115m██[38;2;82;65;106m██[38;2;82;65;106m██[38;2;82;65;106m██[38;2;131;90;115m██[38;2;131;90;115m██[38;2;131;90;115m██[38;2;82;65;106m██[38;2;131;90;115m██[38;2;172;106;213m██[38;2;213;164;230m██[38;2;213;164;230m██[38;2;213;164;230m██[38;2;82;65;106m██[38;2;82;65;106m██[38;2;41;98;213m██    
      [38;2;90;148;255m██[38;2;82;65;106m██[38;2;82;65;106m██[38;2;131;90;115m██[38;2;131;90;115m██[38;2;90;148;255m██[38;2;90;148;255m██[38;2;90;148;255m██          [38;2;16;16;16m██[38;2;82;65;106m██[38;2;131;90;115m██[38;2;131;90;115m██[38;2;172;106;213m██[38;2;172;106;213m██[38;2;172;106;213m██[38;2;172;106;213m██[38;2;172;106;213m██[38;2;131;90;115m██[38;2;131;90;115m██[38;2;131;90;115m██[38;2;131;90;115m██[38;2;16;16;16m██[38;2;16;16;16m██[38;2;131;90;115m██[38;2;131;90;115m██[38;2;16;16;16m██[38;2;90;148;255m██[38;2;16;16;16m██[38;2;131;90;115m██[38;2;131;90;115m██[38;2;90;148;255m██[38;2;82;65;106m██[38;2;172;106;213m██[38;2;197;139;213m██[38;2;172;106;213m██[38;2;16;16;16m██[38;2;82;65;106m██[38;2;82;65;106m██[38;2;82;65;106m██[38;2;82;65;106m██[38;2;82;65;106m██[38;2;131;90;115m██[38;2;16;16;16m██[38;2;131;90;115m██[38;2;197;139;213m██[38;2;213;164;230m██[38;2;213;164;230m██[38;2;213;164;230m██[38;2;82;65;106m██[38;2;197;139;213m██[38;2;82;65;106m██[38;2;90;148;255m██  
      [38;2;41;98;213m██[38;2;16;16;16m██[38;2;172;106;213m██[38;2;213;164;230m██[38;2;213;164;230m██[38;2;131;90;115m██[38;2;131;90;115m██[38;2;131;90;115m██[38;2;90;148;255m██[38;2;90;148;255m██        [38;2;82;65;106m██[38;2;16;16;16m██[38;2;131;90;115m██[38;2;16;16;16m██[38;2;16;16;16m██[38;2;16;16;16m██[38;2;16;16;16m██[38;2;16;16;16m██[38;2;16;16;16m██[38;2;131;90;115m██[38;2;131;90;115m██[38;2;16;16;16m██[38;2;90;148;255m██[38;2;90;148;255m██[38;2;16;16;16m██[38;2;16;16;16m██[38;2;90;148;255m██[38;2;90;148;255m██[38;2;82;65;106m██[38;2;131;90;115m██[38;2;131;90;115m██[38;2;90;148;255m██[38;2;82;65;106m██[38;2;131;90;115m██[38;2;131;90;115m██[38;2;131;90;115m██[38;2;16;16;16m██[38;2;82;65;106m██[38;2;16;16;16m██[38;2;82;65;106m██[38;2;82;65;106m██[38;2;82;65;106m██[38;2;82;65;106m██[38;2;16;16;16m██[38;2;131;90;115m██[38;2;197;139;213m██[38;2;213;164;230m██[38;2;213;164;230m██[38;2;82;65;106m██[38;2;131;90;115m██[38;2;197;139;213m██[38;2;213;164;230m██[38;2;82;65;106m██[38;2;90;148;255m██
        [38;2;41;98;213m██[38;2;16;16;16m██[38;2;82;65;106m██[38;2;131;90;115m██[38;2;172;106;213m██[38;2;213;164;230m██[38;2;213;164;230m██[38;2;131;90;115m██[38;2;131;90;115m██[38;2;90;148;255m██      [38;2;82;65;106m██[38;2;16;16;16m██[38;2;16;16;16m██[38;2;16;16;16m██[38;2;41;98;213m██[38;2;41;98;213m██[38;2;41;98;213m██[38;2;90;148;255m██[38;2;90;148;255m██[38;2;90;148;255m██[38;2;90;148;255m██[38;2;90;148;255m██[38;2;90;148;255m██[38;2;90;148;255m██[38;2;90;148;255m██[38;2;90;148;255m██[38;2;90;148;255m██[38;2;16;16;16m██[38;2;131;90;115m██[38;2;131;90;115m██[38;2;131;90;115m██[38;2;131;90;115m██[38;2;90;148;255m██[38;2;41;98;213m██[38;2;82;65;106m██[38;2;131;90;115m██[38;2;82;65;106m██[38;2;16;16;16m██[38;2;41;98;213m██[38;2;16;16;16m██[38;2;16;16;16m██[38;2;82;65;106m██[38;2;82;65;106m██[38;2;131;90;115m██[38;2;131;90;115m██[38;2;172;106;213m██[38;2;197;139;213m██[38;2;197;139;213m██[38;2;131;90;115m██[38;2;197;139;213m██[38;2;213;164;230m██[38;2;213;164;230m██[38;2;131;90;115m██[38;2;90;148;255m██
          [38;2;41;98;213m██[38;2;16;16;16m██[38;2;82;65;106m██[38;2;82;65;106m██[38;2;131;90;115m██[38;2;131;90;115m██[38;2;172;106;213m██[38;2;213;164;230m██[38;2;82;65;106m██[38;2;90;148;255m██[38;2;90;148;255m██  [38;2;82;65;106m██[38;2;131;90;115m██[38;2;16;16;16m██[38;2;8;49;164m██[38;2;41;98;213m██[38;2;41;98;213m██[38;2;90;148;255m██[38;2;90;148;255m██[38;2;90;148;255m██[38;2;90;148;255m██[38;2;90;148;255m██[38;2;90;148;255m██[38;2;90;148;255m██[38;2;90;148;255m██[38;2;90;148;255m██[38;2;90;148;255m██[38;2;90;148;255m██[38;2;82;65;106m██[38;2;131;90;115m██[38;2;131;90;115m██[38;2;131;90;115m██[38;2;131;90;115m██[38;2;131;90;115m██[38;2;131;90;115m██[38;2;41;98;213m██[38;2;16;16;16m██[38;2;16;16;16m██[38;2;41;98;213m██[38;2;131;90;115m██[38;2;41;98;213m██[38;2;41;98;213m██[38;2;16;16;16m██[38;2;82;65;106m██[38;2;131;90;115m██[38;2;131;90;115m██[38;2;131;90;115m██[38;2;172;106;213m██[38;2;16;16;16m██[38;2;131;90;115m██[38;2;197;139;213m██[38;2;213;164;230m██[38;2;213;164;230m██[38;2;82;65;106m██[38;2;90;148;255m██
            [38;2;41;98;213m██[38;2;16;16;16m██[38;2;16;16;16m██[38;2;82;65;106m██[38;2;82;65;106m██[38;2;131;90;115m██[38;2;131;90;115m██[38;2;131;90;115m██[38;2;82;65;106m██[38;2;82;65;106m██[38;2;90;148;255m██  [38;2;16;16;16m██[38;2;82;65;106m██[38;2;8;49;164m██[38;2;41;98;213m██[38;2;41;98;213m██[38;2;90;148;255m██[38;2;90;148;255m██[38;2;90;148;255m██[38;2;90;148;255m██[38;2;90;148;255m██[38;2;90;148;255m██[38;2;90;148;255m██[38;2;90;148;255m██[38;2;90;148;255m██[38;2;90;148;255m██[38;2;82;65;106m██[38;2;131;90;115m██[38;2;131;90;115m██[38;2;131;90;115m██[38;2;131;90;115m██[38;2;131;90;115m██[38;2;131;90;115m██[38;2;131;90;115m██[38;2;131;90;115m██[38;2;41;98;213m██[38;2;16;16;16m██[38;2;41;98;213m██[38;2;131;90;115m██[38;2;131;90;115m██[38;2;82;65;106m██[38;2;41;98;213m██[38;2;16;16;16m██[38;2;131;90;115m██[38;2;131;90;115m██[38;2;131;90;115m██[38;2;16;16;16m██[38;2;82;65;106m██[38;2;131;90;115m██[38;2;172;106;213m██[38;2;197;139;213m██[38;2;197;139;213m██[38;2;16;16;16m██[38;2;90;148;255m██
              [38;2;41;98;213m██[38;2;41;98;213m██[38;2;16;16;16m██[38;2;82;65;106m██[38;2;82;65;106m██[38;2;131;90;115m██[38;2;131;90;115m██[38;2;131;90;115m██[38;2;131;90;115m██[38;2;16;16;16m██[38;2;90;148;255m██  [38;2;16;16;16m██[38;2;82;65;106m██[38;2;41;98;213m██[38;2;41;98;213m██[38;2;16;16;16m██[38;2;82;65;106m██[38;2;90;148;255m██[38;2;90;148;255m██[38;2;90;148;255m██[38;2;82;65;106m██[38;2;90;148;255m██[38;2;90;148;255m██[38;2;90;148;255m██[38;2;82;65;106m██[38;2;131;90;115m██[38;2;131;90;115m██[38;2;131;90;115m██[38;2;131;90;115m██[38;2;131;90;115m██[38;2;131;90;115m██[38;2;131;90;115m██[38;2;131;90;115m██[38;2;131;90;115m██[38;2;131;90;115m██[38;2;41;98;213m██[38;2;131;90;115m██[38;2;131;90;115m██[38;2;82;65;106m██[38;2;41;98;213m██[38;2;16;16;16m██[38;2;131;90;115m██[38;2;131;90;115m██[38;2;131;90;115m██[38;2;16;16;16m██[38;2;16;16;16m██[38;2;131;90;115m██[38;2;131;90;115m██[38;2;131;90;115m██[38;2;172;106;213m██[38;2;16;16;16m██[38;2;90;148;255m██  
                  [38;2;41;98;213m██[38;2;16;16;16m██[38;2;82;65;106m██[38;2;82;65;106m██[38;2;131;90;115m██[38;2;131;90;115m██[38;2;131;90;115m██[38;2;131;90;115m██[38;2;16;16;16m██[38;2;90;148;255m██[38;2;90;148;255m██[38;2;172;106;213m██[38;2;82;65;106m██[38;2;41;98;213m██[38;2;16;16;16m██[38;2;172;106;213m██[38;2;82;65;106m██[38;2;90;148;255m██[38;2;16;16;16m██[38;2;172;106;213m██[38;2;16;16;16m██[38;2;82;65;106m██[38;2;82;65;106m██[38;2;131;90;115m██[38;2;131;90;115m██[38;2;131;90;115m██[38;2;131;90;115m██[38;2;131;90;115m██[38;2;131;90;115m██[38;2;131;90;115m██[38;2;131;90;115m██[38;2;131;90;115m██[38;2;131;90;115m██[38;2;131;90;115m██[38;2;131;90;115m██[38;2;131;90;115m██[38;2;82;65;106m██[38;2;41;98;213m██[38;2;16;16;16m██[38;2;131;90;115m██[38;2;131;90;115m██[38;2;16;16;16m██[38;2;16;16;16m██[38;2;41;98;213m██[38;2;16;16;16m██[38;2;131;90;115m██[38;2;131;90;115m██[38;2;16;16;16m██[38;2;16;16;16m██[38;2;41;98;213m██    
              [38;2;90;148;255m██[38;2;90;148;255m██[38;2;82;65;106m██[38;2;16;16;16m██[38;2;82;65;106m██[38;2;82;65;106m██[38;2;82;65;106m██[38;2;131;90;115m██[38;2;131;90;115m██[38;2;131;90;115m██[38;2;131;90;115m██[38;2;16;16;16m██[38;2;82;65;106m██[38;2;90;148;255m██[38;2;90;148;255m██[38;2;16;16;16m██[38;2;131;90;115m██[38;2;131;90;115m██[38;2;131;90;115m██[38;2;16;16;16m██[38;2;82;65;106m██[38;2;131;90;115m██[38;2;131;90;115m██[38;2;131;90;115m██[38;2;131;90;115m██[38;2;131;90;115m██[38;2;131;90;115m██[38;2;131;90;115m██[38;2;131;90;115m██[38;2;131;90;115m██[38;2;82;65;106m██[38;2;131;90;115m██[38;2;131;90;115m██[38;2;131;90;115m██[38;2;131;90;115m██[38;2;131;90;115m██[38;2;131;90;115m██[38;2;131;90;115m██[38;2;131;90;115m██[38;2;82;65;106m██[38;2;41;98;213m██[38;2;16;16;16m██[38;2;16;16;16m██[38;2;41;98;213m██[38;2;41;98;213m██[38;2;16;16;16m██[38;2;131;90;115m██[38;2;131;90;115m██[38;2;16;16;16m██[38;2;41;98;213m██[38;2;41;98;213m██      
          [38;2;90;148;255m██[38;2;90;148;255m██[38;2;82;65;106m██[38;2;82;65;106m██[38;2;131;90;115m██[38;2;131;90;115m██[38;2;16;16;16m██[38;2;82;65;106m██[38;2;82;65;106m██[38;2;82;65;106m██[38;2;131;90;115m██[38;2;131;90;115m██[38;2;131;90;115m██[38;2;131;90;115m██[38;2;131;90;115m██[38;2;82;65;106m██[38;2;82;65;106m██[38;2;90;148;255m██[38;2;131;90;115m██[38;2;131;90;115m██[38;2;131;90;115m██[38;2;131;90;115m██[38;2;131;90;115m██[38;2;131;90;115m██[38;2;131;90;115m██[38;2;131;90;115m██[38;2;131;90;115m██[38;2;131;90;115m██[38;2;131;90;115m██[38;2;131;90;115m██[38;2;131;90;115m██[38;2;82;65;106m██[38;2;131;90;115m██[38;2;131;90;115m██[38;2;131;90;115m██[38;2;131;90;115m██[38;2;131;90;115m██[38;2;131;90;115m██[38;2;131;90;115m██[38;2;82;65;106m██[38;2;131;90;115m██[38;2;131;90;115m██[38;2;82;65;106m██[38;2;41;98;213m██[38;2;41;98;213m██  [38;2;41;98;213m██[38;2;16;16;16m██[38;2;16;16;16m██[38;2;16;16;16m██[38;2;41;98;213m██          
        [38;2;90;148;255m██[38;2;131;90;115m██[38;2;131;90;115m██[38;2;213;164;230m██[38;2;172;106;213m██[38;2;131;90;115m██[38;2;131;90;115m██[38;2;82;65;106m██[38;2;82;65;106m██[38;2;82;65;106m██[38;2;82;65;106m██[38;2;82;65;106m██[38;2;131;90;115m██[38;2;131;90;115m██[38;2;131;90;115m██[38;2;131;90;115m██[38;2;131;90;115m██[38;2;213;164;230m██[38;2;82;65;106m██[38;2;90;148;255m██[38;2;16;16;16m██[38;2;131;90;115m██[38;2;131;90;115m██[38;2;131;90;115m██[38;2;131;90;115m██[38;2;131;90;115m██[38;2;131;90;115m██[38;2;131;90;115m██[38;2;131;90;115m██[38;2;131;90;115m██[38;2;82;65;106m██[38;2;82;65;106m██[38;2;131;90;115m██[38;2;131;90;115m██[38;2;131;90;115m██[38;2;131;90;115m██[38;2;131;90;115m██[38;2;131;90;115m██[38;2;131;90;115m██[38;2;131;90;115m██[38;2;131;90;115m██[38;2;82;65;106m██[38;2;82;65;106m██[38;2;82;65;106m██        [38;2;41;98;213m██[38;2;41;98;213m██[38;2;41;98;213m██            
      [38;2;90;148;255m██[38;2;131;90;115m██[38;2;213;164;230m██[38;2;213;164;230m██[38;2;172;106;213m██[38;2;131;90;115m██[38;2;131;90;115m██[38;2;82;65;106m██[38;2;82;65;106m██[38;2;82;65;106m██[38;2;82;65;106m██[38;2;82;65;106m██[38;2;82;65;106m██[38;2;131;90;115m██[38;2;131;90;115m██[38;2;131;90;115m██[38;2;131;90;115m██[38;2;172;106;213m██[38;2;213;164;230m██[38;2;213;164;230m██[38;2;82;65;106m██[38;2;90;148;255m██[38;2;16;16;16m██[38;2;16;16;16m██[38;2;16;16;16m██[38;2;16;16;16m██[38;2;16;16;16m██[38;2;16;16;16m██[38;2;82;65;106m██[38;2;82;65;106m██[38;2;82;65;106m██[38;2;82;65;106m██[38;2;131;90;115m██[38;2;131;90;115m██[38;2;131;90;115m██[38;2;131;90;115m██[38;2;131;90;115m██[38;2;131;90;115m██[38;2;131;90;115m██[38;2;131;90;115m██[38;2;131;90;115m██[38;2;131;90;115m██[38;2;131;90;115m██[38;2;131;90;115m██                            
    [38;2;90;148;255m██[38;2;131;90;115m██[38;2;213;164;230m██[38;2;172;106;213m██[38;2;131;90;115m██[38;2;131;90;115m██[38;2;82;65;106m██[38;2;82;65;106m██[38;2;82;65;106m██[38;2;82;65;106m██[38;2;82;65;106m██[38;2;82;65;106m██[38;2;82;65;106m██[38;2;82;65;106m██[38;2;82;65;106m██[38;2;131;90;115m██[38;2;131;90;115m██[38;2;131;90;115m██[38;2;172;106;213m██[38;2;172;106;213m██[38;2;213;164;230m██[38;2;213;164;230m██[38;2;16;16;16m██[38;2;90;148;255m██              [38;2;16;16;16m██[38;2;16;16;16m██[38;2;82;65;106m██[38;2;82;65;106m██[38;2;131;90;115m██[38;2;131;90;115m██[38;2;131;90;115m██[38;2;131;90;115m██[38;2;131;90;115m██[38;2;131;90;115m██[38;2;131;90;115m██[38;2;131;90;115m██[38;2;131;90;115m██[38;2;131;90;115m██[38;2;131;90;115m██                          
  [38;2;90;148;255m██[38;2;82;65;106m██[38;2;213;164;230m██[38;2;131;90;115m██[38;2;131;90;115m██[38;2;82;65;106m██[38;2;16;16;16m██[38;2;16;16;16m██[38;2;16;16;16m██[38;2;16;16;16m██[38;2;16;16;16m██[38;2;16;16;16m██[38;2;82;65;106m██[38;2;82;65;106m██[38;2;82;65;106m██[38;2;82;65;106m██[38;2;131;90;115m██[38;2;131;90;115m██[38;2;131;90;115m██[38;2;131;90;115m██[38;2;131;90;115m██[38;2;172;106;213m██[38;2;213;164;230m██[38;2;82;65;106m██[38;2;90;148;255m██                      [38;2;82;65;106m██[38;2;82;65;106m██[38;2;82;65;106m██[38;2;131;90;115m██[38;2;131;90;115m██[38;2;131;90;115m██[38;2;131;90;115m██[38;2;131;90;115m██[38;2;131;90;115m██[38;2;131;90;115m██[38;2;131;90;115m██[38;2;131;90;115m██                        
[38;2;90;148;255m██[38;2;82;65;106m██[38;2;172;106;213m██[38;2;131;90;115m██[38;2;82;65;106m██[38;2;16;16;16m██[38;2;16;16;16m██[38;2;41;98;213m██[38;2;41;98;213m██[38;2;41;98;213m██[38;2;41;98;213m██[38;2;41;98;213m██[38;2;41;98;213m██[38;2;16;16;16m██[38;2;16;16;16m██[38;2;82;65;106m██[38;2;82;65;106m██[38;2;82;65;106m██[38;2;82;65;106m██[38;2;82;65;106m██[38;2;131;90;115m██[38;2;82;65;106m██[38;2;131;90;115m██[38;2;172;106;213m██[38;2;213;164;230m██[38;2;16;16;16m██[38;2;90;148;255m██                              [38;2;131;90;115m██[38;2;82;65;106m██[38;2;82;65;106m██[38;2;131;90;115m██[38;2;131;90;115m██[38;2;131;90;115m██[38;2;131;90;115m██[38;2;131;90;115m██                      
[38;2;41;98;213m██[38;2;82;65;106m██[38;2;131;90;115m██[38;2;16;16;16m██[38;2;16;16;16m██[38;2;41;98;213m██[38;2;41;98;213m██            [38;2;41;98;213m██[38;2;41;98;213m██[38;2;16;16;16m██[38;2;16;16;16m██[38;2;16;16;16m██[38;2;16;16;16m██[38;2;16;16;16m██[38;2;16;16;16m██[38;2;16;16;16m██[38;2;82;65;106m██[38;2;131;90;115m██[38;2;172;106;213m██[38;2;16;16;16m██[38;2;90;148;255m██                                      [38;2;131;90;115m██[38;2;82;65;106m██[38;2;82;65;106m██[38;2;131;90;115m██                      
[38;2;41;98;213m██[38;2;16;16;16m██[38;2;16;16;16m██[38;2;41;98;213m██[38;2;41;98;213m██                    [38;2;41;98;213m██[38;2;41;98;213m██[38;2;41;98;213m██[38;2;41;98;213m██[38;2;41;98;213m██[38;2;41;98;213m██[38;2;41;98;213m██[38;2;16;16;16m██[38;2;131;90;115m██[38;2;131;90;115m██[38;2;16;16;16m██[38;2;41;98;213m██                                                                    
[38;2;41;98;213m██[38;2;41;98;213m██[38;2;41;98;213m██                                      [38;2;41;98;213m██[38;2;16;16;16m██[38;2;131;90;115m██[38;2;16;16;16m██[38;2;41;98;213m██                                                                    
                                              [38;2;41;98;213m██[38;2;16;16;16m██[38;2;41;98;213m██                                                                      
                                                [38;2;41;98;213m██                                                                        
