                                                                                            [38;2;90;74;156m██                      
                                                                                        [38;2;90;74;156m██[38;2;90;74;156m██[38;2;180;139;189m██[38;2;16;16;16m██                    
                                                                                    [38;2;90;74;156m██[38;2;90;74;156m██[38;2;180;139;189m██[38;2;180;139;189m██[38;2;148;115;180m██[38;2;16;16;16m██                    
                                                          [38;2;90;74;156m██[38;2;74;41;74m██                    [38;2;90;74;156m██[38;2;180;139;189m██[38;2;180;139;189m██[38;2;180;139;189m██[38;2;148;115;180m██[38;2;123;98;164m██[38;2;16;16;16m██                    
                                                        [38;2;90;74;156m██[38;2;148;115;180m██[38;2;74;41;74m██                [38;2;90;74;156m██[38;2;90;74;156m██[38;2;180;139;189m██[38;2;180;139;189m██[38;2;180;139;189m██[38;2;148;115;180m██[38;2;123;98;164m██[38;2;90;74;156m██[38;2;16;16;16m██                    
                                                      [38;2;90;74;156m██[38;2;148;115;180m██[38;2;148;115;180m██[38;2;74;41;74m██              [38;2;90;74;156m██[38;2;180;139;189m██[38;2;180;139;189m██[38;2;180;139;189m██[38;2;180;139;189m██[38;2;148;115;180m██[38;2;148;115;180m██[38;2;90;74;156m██[38;2;16;16;16m██                      
          [38;2;90;74;156m██[38;2;90;74;156m██                  [38;2;90;74;156m██[38;2;74;41;74m██    [38;2;90;74;156m██[38;2;74;41;74m██        [38;2;90;74;156m██[38;2;148;115;180m██[38;2;148;115;180m██[38;2;148;115;180m██[38;2;74;41;74m██    [38;2;90;74;156m██[38;2;74;41;74m██  [38;2;90;74;156m██[38;2;90;74;156m██[38;2;180;139;189m██[38;2;180;139;189m██[38;2;180;139;189m██[38;2;180;139;189m██[38;2;148;115;180m██[38;2;148;115;180m██[38;2;123;98;164m██[38;2;90;74;156m██[38;2;16;16;16m██                      
        [38;2;74;41;74m██[38;2;148;115;180m██[38;2;148;115;180m██[38;2;90;74;156m██[38;2;90;74;156m██[38;2;90;74;156m██            [38;2;90;74;156m██[38;2;180;139;189m██[38;2;74;41;74m██  [38;2;90;74;156m██[38;2;180;139;189m██[38;2;74;41;74m██    [38;2;90;74;156m██[38;2;148;115;180m██[38;2;148;115;180m██[38;2;148;115;180m██[38;2;148;115;180m██[38;2;74;41;74m██  [38;2;90;74;156m██[38;2;148;115;180m██[38;2;74;41;74m██[38;2;90;74;156m██[38;2;180;139;189m██[38;2;180;139;189m██[38;2;180;139;189m██[38;2;180;139;189m██[38;2;180;139;189m██[38;2;180;139;189m██[38;2;148;115;180m██[38;2;148;115;180m██[38;2;90;74;156m██[38;2;90;74;156m██[38;2;16;16;16m██                      
        [38;2;74;41;74m██[38;2;148;115;180m██[38;2;148;115;180m██[38;2;148;115;180m██[38;2;180;139;189m██[38;2;180;139;189m██[38;2;90;74;156m██[38;2;90;74;156m██[38;2;90;74;156m██[38;2;90;74;156m██    [38;2;74;41;74m██[38;2;180;139;189m██[38;2;180;139;189m██[38;2;74;41;74m██[38;2;90;74;156m██[38;2;180;139;189m██[38;2;148;115;180m██[38;2;74;41;74m██[38;2;90;74;156m██[38;2;148;115;180m██[38;2;148;115;180m██[38;2;148;115;180m██[38;2;148;115;180m██[38;2;148;115;180m██[38;2;74;41;74m██[38;2;90;74;156m██[38;2;148;115;180m██[38;2;148;115;180m██[38;2;74;41;74m██[38;2;180;139;189m██[38;2;180;139;189m██[38;2;180;139;189m██[38;2;180;139;189m██[38;2;180;139;189m██[38;2;180;139;189m██[38;2;148;115;180m██[38;2;148;115;180m██[38;2;123;98;164m██[38;2;90;74;156m██[38;2;16;16;16m██                        
          [38;2;74;41;74m██[38;2;148;115;180m██[38;2;148;115;180m██[38;2;148;115;180m██[38;2;180;139;189m██[38;2;180;139;189m██[38;2;180;139;189m██[38;2;180;139;189m██[38;2;180;139;189m██[38;2;90;74;156m██[38;2;90;74;156m██[38;2;74;41;74m██[38;2;180;139;189m██[38;2;180;139;189m██[38;2;148;115;180m██[38;2;74;41;74m██[38;2;148;115;180m██[38;2;148;115;180m██[38;2;90;74;156m██[38;2;148;115;180m██[38;2;148;115;180m██[38;2;148;115;180m██[38;2;148;115;180m██[38;2;148;115;180m██[38;2;148;115;180m██[38;2;148;115;180m██[38;2;148;115;180m██[38;2;148;115;180m██[38;2;148;115;180m██[38;2;90;74;156m██[38;2;180;139;189m██[38;2;180;139;189m██[38;2;180;139;189m██[38;2;148;115;180m██[38;2;180;139;189m██[38;2;148;115;180m██[38;2;148;115;180m██[38;2;148;115;180m██[38;2;90;74;156m██[38;2;90;74;156m██[38;2;16;16;16m██                        
            [38;2;74;41;74m██[38;2;148;115;180m██[38;2;148;115;180m██[38;2;148;115;180m██[38;2;180;139;189m██[38;2;180;139;189m██[38;2;180;139;189m██[38;2;180;139;189m██[38;2;180;139;189m██[38;2;180;139;189m██[38;2;74;41;74m██[38;2;148;115;180m██[38;2;180;139;189m██[38;2;148;115;180m██[38;2;90;74;156m██[38;2;148;115;180m██[38;2;148;115;180m██[38;2;148;115;180m██[38;2;148;115;180m██[38;2;148;115;180m██[38;2;148;115;180m██[38;2;148;115;180m██[38;2;148;115;180m██[38;2;148;115;180m██[38;2;148;115;180m██[38;2;148;115;180m██[38;2;148;115;180m██[38;2;148;115;180m██[38;2;148;115;180m██[38;2;148;115;180m██[38;2;180;139;189m██[38;2;148;115;180m██[38;2;180;139;189m██[38;2;148;115;180m██[38;2;148;115;180m██[38;2;148;115;180m██[38;2;123;98;164m██[38;2;90;74;156m██[38;2;90;74;156m██[38;2;16;16;16m██                        
            [38;2;74;41;74m██[38;2;148;115;180m██[38;2;148;115;180m██[38;2;148;115;180m██[38;2;180;139;189m██[38;2;180;139;189m██[38;2;180;139;189m██[38;2;180;139;189m██[38;2;180;139;189m██[38;2;180;139;189m██[38;2;74;41;74m██[38;2;148;115;180m██[38;2;148;115;180m██[38;2;148;115;180m██[38;2;148;115;180m██[38;2;148;115;180m██[38;2;148;115;180m██[38;2;148;115;180m██[38;2;148;115;180m██[38;2;148;115;180m██[38;2;148;115;180m██[38;2;148;115;180m██[38;2;148;115;180m██[38;2;148;115;180m██[38;2;148;115;180m██[38;2;148;115;180m██[38;2;148;115;180m██[38;2;148;115;180m██[38;2;148;115;180m██[38;2;148;115;180m██[38;2;148;115;180m██[38;2;180;139;189m██[38;2;148;115;180m██[38;2;148;115;180m██[38;2;148;115;180m██[38;2;123;98;164m██[38;2;90;74;156m██[38;2;90;74;156m██[38;2;90;74;156m██[38;2;16;16;16m██                        
              [38;2;74;41;74m██[38;2;148;115;180m██[38;2;148;115;180m██[38;2;148;115;180m██[38;2;180;139;189m██[38;2;148;115;180m██[38;2;180;139;189m██[38;2;180;139;189m██[38;2;180;139;189m██[38;2;74;41;74m██[38;2;148;115;180m██[38;2;148;115;180m██[38;2;148;115;180m██[38;2;148;115;180m██[38;2;148;115;180m██[38;2;148;115;180m██[38;2;148;115;180m██[38;2;148;115;180m██[38;2;148;115;180m██[38;2;148;115;180m██[38;2;148;115;180m██[38;2;148;115;180m██[38;2;148;115;180m██[38;2;148;115;180m██[38;2;148;115;180m██[38;2;148;115;180m██[38;2;148;115;180m██[38;2;148;115;180m██[38;2;148;115;180m██[38;2;148;115;180m██[38;2;148;115;180m██[38;2;148;115;180m██[38;2;148;115;180m██[38;2;148;115;180m██[38;2;90;74;156m██[38;2;90;74;156m██[38;2;90;74;156m██[38;2;16;16;16m██                          
                [38;2;74;41;74m██[38;2;148;115;180m██[38;2;148;115;180m██[38;2;148;115;180m██[38;2;180;139;189m██[38;2;148;115;180m██[38;2;180;139;189m██[38;2;180;139;189m██[38;2;148;115;180m██[38;2;148;115;180m██[38;2;180;139;189m██[38;2;180;139;189m██[38;2;180;139;189m██[38;2;180;139;189m██[38;2;180;139;189m██[38;2;148;115;180m██[38;2;180;139;189m██[38;2;148;115;180m██[38;2;148;115;180m██[38;2;148;115;180m██[38;2;148;115;180m██[38;2;148;115;180m██[38;2;148;115;180m██[38;2;148;115;180m██[38;2;148;115;180m██[38;2;148;115;180m██[38;2;148;115;180m██[38;2;148;115;180m██[38;2;148;115;180m██[38;2;148;115;180m██[38;2;148;115;180m██[38;2;148;115;180m██[38;2;123;98;164m██[38;2;90;74;156m██[38;2;90;74;156m██[38;2;90;74;156m██[38;2;16;16;16m██                          
                  [38;2;74;41;74m██[38;2;148;115;180m██[38;2;148;115;180m██[38;2;148;115;180m██[38;2;148;115;180m██[38;2;148;115;180m██[38;2;90;74;156m██[38;2;180;139;189m██[38;2;180;139;189m██[38;2;180;139;189m██[38;2;180;139;189m██[38;2;180;139;189m██[38;2;180;139;189m██[38;2;148;115;180m██[38;2;180;139;189m██[38;2;148;115;180m██[38;2;180;139;189m██[38;2;148;115;180m██[38;2;148;115;180m██[38;2;148;115;180m██[38;2;148;115;180m██[38;2;148;115;180m██[38;2;148;115;180m██[38;2;148;115;180m██[38;2;148;115;180m██[38;2;148;115;180m██[38;2;148;115;180m██[38;2;148;115;180m██[38;2;148;115;180m██[38;2;148;115;180m██[38;2;148;115;180m██[38;2;90;74;156m██[38;2;90;74;156m██[38;2;90;74;156m██[38;2;90;74;156m██[38;2;16;16;16m██                [38;2;74;41;74m██        
                  [38;2;74;41;74m██[38;2;148;115;180m██[38;2;148;115;180m██[38;2;148;115;180m██[38;2;148;115;180m██[38;2;74;41;74m██[38;2;180;139;189m██[38;2;180;139;189m██[38;2;180;139;189m██[38;2;180;139;189m██[38;2;180;139;189m██[38;2;180;139;189m██[38;2;180;139;189m██[38;2;180;139;189m██[38;2;148;115;180m██[38;2;180;139;189m██[38;2;148;115;180m██[38;2;148;115;180m██[38;2;148;115;180m██[38;2;148;115;180m██[38;2;148;115;180m██[38;2;148;115;180m██[38;2;148;115;180m██[38;2;148;115;180m██[38;2;148;115;180m██[38;2;148;115;180m██[38;2;148;115;180m██[38;2;148;115;180m██[38;2;148;115;180m██[38;2;148;115;180m██[38;2;123;98;164m██[38;2;90;74;156m██[38;2;90;74;156m██[38;2;90;74;156m██[38;2;16;16;16m██[38;2;74;41;74m██              [38;2;16;16;16m██[38;2;148;115;180m██[38;2;74;41;74m██      
                    [38;2;74;41;74m██[38;2;148;115;180m██[38;2;148;115;180m██[38;2;16;16;16m██[38;2;180;139;189m██[38;2;180;139;189m██[38;2;180;139;189m██[38;2;180;139;189m██[38;2;180;139;189m██[38;2;180;139;189m██[38;2;180;139;189m██[38;2;180;139;189m██[38;2;180;139;189m██[38;2;148;115;180m██[38;2;148;115;180m██[38;2;148;115;180m██[38;2;148;115;180m██[38;2;148;115;180m██[38;2;148;115;180m██[38;2;148;115;180m██[38;2;148;115;180m██[38;2;148;115;180m██[38;2;148;115;180m██[38;2;148;115;180m██[38;2;148;115;180m██[38;2;148;115;180m██[38;2;148;115;180m██[38;2;148;115;180m██[38;2;148;115;180m██[38;2;90;74;156m██[38;2;90;74;156m██[38;2;90;74;156m██[38;2;90;74;156m██[38;2;16;16;16m██            [38;2;16;16;16m██[38;2;16;16;16m██[38;2;148;115;180m██[38;2;148;115;180m██[38;2;74;41;74m██      
    [38;2;16;16;16m██    [38;2;16;16;16m██          [38;2;74;41;74m██[38;2;148;115;180m██[38;2;16;16;16m██[38;2;180;139;189m██[38;2;180;139;189m██[38;2;180;139;189m██[38;2;180;139;189m██[38;2;180;139;189m██[38;2;180;139;189m██[38;2;180;139;189m██[38;2;180;139;189m██[38;2;180;139;189m██[38;2;148;115;180m██[38;2;148;115;180m██[38;2;148;115;180m██[38;2;148;115;180m██[38;2;148;115;180m██[38;2;148;115;180m██[38;2;148;115;180m██[38;2;148;115;180m██[38;2;148;115;180m██[38;2;148;115;180m██[38;2;148;115;180m██[38;2;148;115;180m██[38;2;148;115;180m██[38;2;148;115;180m██[38;2;148;115;180m██[38;2;123;98;164m██[38;2;90;74;156m██[38;2;90;74;156m██[38;2;90;74;156m██[38;2;90;74;156m██[38;2;90;74;156m██[38;2;74;41;74m██      [38;2;16;16;16m██[38;2;16;16;16m██[38;2;180;139;189m██[38;2;180;139;189m██[38;2;148;115;180m██[38;2;148;115;180m██[38;2;148;115;180m██[38;2;74;41;74m██[38;2;74;41;74m██[38;2;74;41;74m██
  [38;2;74;41;74m██[38;2;180;139;189m██[38;2;16;16;16m██[38;2;74;41;74m██[38;2;180;139;189m██[38;2;74;41;74m██        [38;2;74;41;74m██[38;2;16;16;16m██[38;2;148;115;180m██[38;2;180;139;189m██[38;2;180;139;189m██[38;2;180;139;189m██[38;2;180;139;189m██[38;2;180;139;189m██[38;2;180;139;189m██[38;2;180;139;189m██[38;2;180;139;189m██[38;2;148;115;180m██[38;2;148;115;180m██[38;2;148;115;180m██[38;2;148;115;180m██[38;2;148;115;180m██[38;2;148;115;180m██[38;2;148;115;180m██[38;2;148;115;180m██[38;2;148;115;180m██[38;2;148;115;180m██[38;2;148;115;180m██[38;2;148;115;180m██[38;2;148;115;180m██[38;2;148;115;180m██[38;2;148;115;180m██[38;2;148;115;180m██[38;2;123;98;164m██[38;2;90;74;156m██[38;2;90;74;156m██[38;2;90;74;156m██[38;2;90;74;156m██[38;2;90;74;156m██[38;2;74;41;74m██[38;2;16;16;16m██[38;2;16;16;16m██[38;2;16;16;16m██[38;2;180;139;189m██[38;2;180;139;189m██[38;2;180;139;189m██[38;2;180;139;189m██[38;2;74;41;74m██[38;2;148;115;180m██[38;2;148;115;180m██[38;2;148;115;180m██[38;2;148;115;180m██[38;2;16;16;16m██
  [38;2;74;41;74m██[38;2;180;139;189m██[38;2;180;139;189m██[38;2;180;139;189m██[38;2;180;139;189m██[38;2;180;139;189m██[38;2;74;41;74m██[38;2;74;41;74m██      [38;2;16;16;16m██[38;2;148;115;180m██[38;2;148;115;180m██[38;2;180;139;189m██[38;2;180;139;189m██[38;2;180;139;189m██[38;2;180;139;189m██[38;2;180;139;189m██[38;2;148;115;180m██[38;2;148;115;180m██[38;2;148;115;180m██[38;2;148;115;180m██[38;2;148;115;180m██[38;2;148;115;180m██[38;2;148;115;180m██[38;2;148;115;180m██[38;2;148;115;180m██[38;2;148;115;180m██[38;2;148;115;180m██[38;2;148;115;180m██[38;2;148;115;180m██[38;2;90;74;156m██[38;2;148;115;180m██[38;2;148;115;180m██[38;2;148;115;180m██[38;2;148;115;180m██[38;2;90;74;156m██[38;2;90;74;156m██[38;2;90;74;156m██[38;2;90;74;156m██[38;2;90;74;156m██[38;2;74;41;74m██[38;2;148;115;180m██[38;2;148;115;180m██[38;2;148;115;180m██[38;2;180;139;189m██[38;2;148;115;180m██[38;2;180;139;189m██[38;2;180;139;189m██[38;2;74;41;74m██[38;2;180;139;189m██[38;2;74;41;74m██[38;2;148;115;180m██[38;2;148;115;180m██[38;2;16;16;16m██  
    [38;2;74;41;74m██[38;2;180;139;189m██[38;2;180;139;189m██[38;2;180;139;189m██[38;2;180;139;189m██[38;2;180;139;189m██[38;2;148;115;180m██[38;2;74;41;74m██[38;2;74;41;74m██[38;2;16;16;16m██[38;2;148;115;180m██[38;2;148;115;180m██[38;2;148;115;180m██[38;2;148;115;180m██[38;2;148;115;180m██[38;2;148;115;180m██[38;2;148;115;180m██[38;2;148;115;180m██[38;2;148;115;180m██[38;2;148;115;180m██[38;2;148;115;180m██[38;2;148;115;180m██[38;2;148;115;180m██[38;2;148;115;180m██[38;2;148;115;180m██[38;2;148;115;180m██[38;2;148;115;180m██[38;2;148;115;180m██[38;2;148;115;180m██[38;2;74;41;74m██[38;2;74;41;74m██[38;2;148;115;180m██[38;2;148;115;180m██[38;2;148;115;180m██[38;2;148;115;180m██[38;2;148;115;180m██[38;2;90;74;156m██[38;2;90;74;156m██[38;2;90;74;156m██[38;2;90;74;156m██[38;2;90;74;156m██[38;2;148;115;180m██[38;2;148;115;180m██[38;2;148;115;180m██[38;2;180;139;189m██[38;2;148;115;180m██[38;2;180;139;189m██[38;2;180;139;189m██[38;2;180;139;189m██[38;2;180;139;189m██[38;2;180;139;189m██[38;2;74;41;74m██[38;2;148;115;180m██[38;2;148;115;180m██[38;2;16;16;16m██  
    [38;2;74;41;74m██[38;2;148;115;180m██[38;2;148;115;180m██[38;2;180;139;189m██[38;2;180;139;189m██[38;2;180;139;189m██[38;2;148;115;180m██[38;2;148;115;180m██[38;2;123;98;164m██[38;2;16;16;16m██[38;2;148;115;180m██[38;2;74;41;74m██[38;2;148;115;180m██[38;2;148;115;180m██[38;2;148;115;180m██[38;2;148;115;180m██[38;2;148;115;180m██[38;2;148;115;180m██[38;2;148;115;180m██[38;2;148;115;180m██[38;2;148;115;180m██[38;2;148;115;180m██[38;2;148;115;180m██[38;2;148;115;180m██[38;2;180;139;189m██[38;2;180;139;189m██[38;2;148;115;180m██[38;2;148;115;180m██[38;2;74;41;74m██[38;2;255;90;90m██[38;2;255;90;90m██[38;2;90;74;156m██[38;2;148;115;180m██[38;2;148;115;180m██[38;2;148;115;180m██[38;2;148;115;180m██[38;2;90;74;156m██[38;2;90;74;156m██[38;2;90;74;156m██[38;2;90;74;156m██[38;2;90;74;156m██[38;2;148;115;180m██[38;2;148;115;180m██[38;2;148;115;180m██[38;2;148;115;180m██[38;2;180;139;189m██[38;2;148;115;180m██[38;2;180;139;189m██[38;2;180;139;189m██[38;2;180;139;189m██[38;2;180;139;189m██[38;2;180;139;189m██[38;2;180;139;189m██[38;2;16;16;16m██    
  [38;2;74;41;74m██[38;2;148;115;180m██[38;2;148;115;180m██[38;2;148;115;180m██[38;2;148;115;180m██[38;2;148;115;180m██[38;2;148;115;180m██[38;2;180;139;189m██[38;2;148;115;180m██[38;2;90;74;156m██[38;2;74;41;74m██[38;2;148;115;180m██[38;2;148;115;180m██[38;2;74;41;74m██[38;2;148;115;180m██[38;2;148;115;180m██[38;2;148;115;180m██[38;2;148;115;180m██[38;2;148;115;180m██[38;2;148;115;180m██[38;2;148;115;180m██[38;2;148;115;180m██[38;2;148;115;180m██[38;2;148;115;180m██[38;2;180;139;189m██[38;2;180;139;189m██[38;2;180;139;189m██[38;2;148;115;180m██[38;2;74;41;74m██[38;2;255;90;90m██[38;2;255;90;90m██[38;2;255;90;90m██[38;2;90;74;156m██[38;2;148;115;180m██[38;2;148;115;180m██[38;2;148;115;180m██[38;2;148;115;180m██[38;2;123;98;164m██[38;2;90;74;156m██[38;2;90;74;156m██[38;2;90;74;156m██[38;2;90;74;156m██[38;2;148;115;180m██[38;2;148;115;180m██[38;2;148;115;180m██[38;2;180;139;189m██[38;2;148;115;180m██[38;2;148;115;180m██[38;2;148;115;180m██[38;2;148;115;180m██[38;2;180;139;189m██[38;2;180;139;189m██[38;2;148;115;180m██[38;2;16;16;16m██      
[38;2;74;41;74m██[38;2;148;115;180m██[38;2;148;115;180m██[38;2;148;115;180m██[38;2;148;115;180m██[38;2;148;115;180m██[38;2;148;115;180m██[38;2;148;115;180m██[38;2;148;115;180m██[38;2;123;98;164m██[38;2;90;74;156m██[38;2;148;115;180m██[38;2;148;115;180m██[38;2;90;74;156m██[38;2;255;90;90m██[38;2;74;41;74m██[38;2;148;115;180m██[38;2;148;115;180m██[38;2;148;115;180m██[38;2;148;115;180m██[38;2;148;115;180m██[38;2;148;115;180m██[38;2;148;115;180m██[38;2;148;115;180m██[38;2;148;115;180m██[38;2;180;139;189m██[38;2;180;139;189m██[38;2;148;115;180m██[38;2;16;16;16m██[38;2;255;148;148m██[38;2;255;148;148m██[38;2;255;90;90m██[38;2;255;90;90m██[38;2;90;74;156m██[38;2;148;115;180m██[38;2;148;115;180m██[38;2;148;115;180m██[38;2;90;74;156m██[38;2;148;115;180m██[38;2;90;74;156m██[38;2;90;74;156m██[38;2;90;74;156m██[38;2;90;74;156m██[38;2;148;115;180m██[38;2;148;115;180m██[38;2;148;115;180m██[38;2;148;115;180m██[38;2;148;115;180m██[38;2;148;115;180m██[38;2;148;115;180m██[38;2;148;115;180m██[38;2;148;115;180m██[38;2;148;115;180m██[38;2;148;115;180m██[38;2;16;16;16m██      
  [38;2;74;41;74m██[38;2;74;41;74m██[38;2;148;115;180m██[38;2;148;115;180m██[38;2;148;115;180m██[38;2;148;115;180m██[38;2;148;115;180m██[38;2;123;98;164m██[38;2;90;74;156m██[38;2;90;74;156m██[38;2;148;115;180m██[38;2;148;115;180m██[38;2;90;74;156m██[38;2;255;90;90m██[38;2;255;90;90m██[38;2;74;41;74m██[38;2;90;74;156m██[38;2;148;115;180m██[38;2;148;115;180m██[38;2;148;115;180m██[38;2;148;115;180m██[38;2;148;115;180m██[38;2;148;115;180m██[38;2;148;115;180m██[38;2;180;139;189m██[38;2;180;139;189m██[38;2;16;16;16m██[38;2;16;16;16m██[38;2;255;148;148m██[38;2;255;148;148m██[38;2;255;148;148m██[38;2;255;90;90m██[38;2;90;74;156m██[38;2;148;115;180m██[38;2;148;115;180m██[38;2;148;115;180m██[38;2;74;41;74m██[38;2;148;115;180m██[38;2;123;98;164m██[38;2;90;74;156m██[38;2;90;74;156m██[38;2;90;74;156m██[38;2;123;98;164m██[38;2;148;115;180m██[38;2;148;115;180m██[38;2;148;115;180m██[38;2;148;115;180m██[38;2;148;115;180m██[38;2;148;115;180m██[38;2;148;115;180m██[38;2;148;115;180m██[38;2;123;98;164m██[38;2;16;16;16m██        
      [38;2;74;41;74m██[38;2;148;115;180m██[38;2;148;115;180m██[38;2;148;115;180m██[38;2;123;98;164m██[38;2;90;74;156m██[38;2;90;74;156m██[38;2;90;74;156m██[38;2;148;115;180m██[38;2;148;115;180m██[38;2;90;74;156m██[38;2;255;90;90m██[38;2;255;148;148m██[38;2;255;148;148m██[38;2;16;16;16m██[38;2;74;41;74m██[38;2;148;115;180m██[38;2;148;115;180m██[38;2;148;115;180m██[38;2;148;115;180m██[38;2;148;115;180m██[38;2;148;115;180m██[38;2;90;74;156m██[38;2;74;41;74m██[38;2;255;90;90m██[38;2;16;16;16m██[38;2;255;148;148m██[38;2;255;148;148m██[38;2;255;148;148m██[38;2;255;90;90m██[38;2;90;74;156m██[38;2;148;115;180m██[38;2;148;115;180m██[38;2;74;41;74m██[38;2;148;115;180m██[38;2;148;115;180m██[38;2;148;115;180m██[38;2;90;74;156m██[38;2;90;74;156m██[38;2;90;74;156m██[38;2;90;74;156m██[38;2;148;115;180m██[38;2;148;115;180m██[38;2;148;115;180m██[38;2;148;115;180m██[38;2;148;115;180m██[38;2;148;115;180m██[38;2;123;98;164m██[38;2;90;74;156m██[38;2;16;16;16m██          
        [38;2;74;41;74m██[38;2;123;98;164m██[38;2;90;74;156m██[38;2;90;74;156m██[38;2;90;74;156m██[38;2;90;74;156m██[38;2;74;41;74m██[38;2;148;115;180m██[38;2;148;115;180m██[38;2;148;115;180m██[38;2;90;74;156m██[38;2;255;148;148m██[38;2;255;148;148m██[38;2;16;16;16m██[38;2;255;90;90m██[38;2;74;41;74m██[38;2;148;115;180m██[38;2;148;115;180m██[38;2;148;115;180m██[38;2;148;115;180m██[38;2;148;115;180m██[38;2;148;115;180m██[38;2;90;74;156m██[38;2;255;148;148m██[38;2;255;148;148m██[38;2;255;148;148m██[38;2;255;148;148m██[38;2;255;90;90m██[38;2;90;74;156m██[38;2;148;115;180m██[38;2;148;115;180m██[38;2;74;41;74m██[38;2;16;16;16m██[38;2;148;115;180m██[38;2;148;115;180m██[38;2;148;115;180m██[38;2;90;74;156m██[38;2;90;74;156m██[38;2;90;74;156m██[38;2;90;74;156m██[38;2;123;98;164m██[38;2;148;115;180m██[38;2;148;115;180m██[38;2;148;115;180m██[38;2;123;98;164m██[38;2;90;74;156m██[38;2;90;74;156m██[38;2;16;16;16m██            
          [38;2;74;41;74m██[38;2;90;74;156m██[38;2;90;74;156m██[38;2;90;74;156m██[38;2;90;74;156m██[38;2;16;16;16m██[38;2;148;115;180m██[38;2;90;74;156m██[38;2;148;115;180m██[38;2;90;74;156m██[38;2;255;90;90m██[38;2;255;148;148m██[38;2;255;148;148m██[38;2;255;148;148m██[38;2;90;74;156m██[38;2;148;115;180m██[38;2;148;115;180m██[38;2;148;115;180m██[38;2;148;115;180m██[38;2;148;115;180m██[38;2;148;115;180m██[38;2;148;115;180m██[38;2;90;74;156m██[38;2;255;90;90m██[38;2;255;90;90m██[38;2;255;90;90m██[38;2;90;74;156m██[38;2;148;115;180m██[38;2;148;115;180m██[38;2;74;41;74m██[38;2;189;172;189m██[38;2;16;16;16m██[38;2;148;115;180m██[38;2;148;115;180m██[38;2;148;115;180m██[38;2;90;74;156m██[38;2;90;74;156m██[38;2;90;74;156m██[38;2;90;74;156m██[38;2;90;74;156m██[38;2;90;74;156m██[38;2;90;74;156m██[38;2;90;74;156m██[38;2;90;74;156m██[38;2;90;74;156m██[38;2;16;16;16m██              
            [38;2;74;41;74m██[38;2;90;74;156m██[38;2;90;74;156m██[38;2;90;74;156m██[38;2;16;16;16m██[38;2;148;115;180m██[38;2;74;41;74m██[38;2;148;115;180m██[38;2;148;115;180m██[38;2;90;74;156m██[38;2;255;90;90m██[38;2;255;90;90m██[38;2;90;74;156m██[38;2;148;115;180m██[38;2;148;115;180m██[38;2;148;115;180m██[38;2;148;115;180m██[38;2;148;115;180m██[38;2;148;115;180m██[38;2;148;115;180m██[38;2;148;115;180m██[38;2;148;115;180m██[38;2;148;115;180m██[38;2;148;115;180m██[38;2;148;115;180m██[38;2;148;115;180m██[38;2;74;41;74m██[38;2;74;41;74m██[38;2;189;172;189m██[38;2;255;246;255m██[38;2;16;16;16m██[38;2;148;115;180m██[38;2;148;115;180m██[38;2;148;115;180m██[38;2;90;74;156m██[38;2;90;74;156m██[38;2;90;74;156m██[38;2;90;74;156m██[38;2;90;74;156m██[38;2;90;74;156m██[38;2;90;74;156m██[38;2;90;74;156m██[38;2;16;16;16m██[38;2;16;16;16m██                
              [38;2;74;41;74m██[38;2;74;41;74m██[38;2;90;74;156m██[38;2;16;16;16m██[38;2;148;115;180m██[38;2;148;115;180m██[38;2;74;41;74m██[38;2;74;41;74m██[38;2;148;115;180m██[38;2;148;115;180m██[38;2;148;115;180m██[38;2;148;115;180m██[38;2;148;115;180m██[38;2;148;115;180m██[38;2;148;115;180m██[38;2;148;115;180m██[38;2;148;115;180m██[38;2;148;115;180m██[38;2;148;115;180m██[38;2;148;115;180m██[38;2;148;115;180m██[38;2;148;115;180m██[38;2;148;115;180m██[38;2;74;41;74m██[38;2;74;41;74m██[38;2;189;172;189m██[38;2;255;246;255m██[38;2;255;246;255m██[38;2;16;16;16m██[38;2;148;115;180m██[38;2;148;115;180m██[38;2;148;115;180m██[38;2;148;115;180m██[38;2;90;74;156m██[38;2;90;74;156m██[38;2;90;74;156m██[38;2;90;74;156m██[38;2;90;74;156m██[38;2;90;74;156m██[38;2;74;41;74m██[38;2;16;16;16m██[38;2;90;74;156m██[38;2;16;16;16m██                
                  [38;2;74;41;74m██[38;2;16;16;16m██[38;2;148;115;180m██[38;2;148;115;180m██[38;2;90;74;156m██[38;2;189;172;189m██[38;2;74;41;74m██[38;2;74;41;74m██[38;2;148;115;180m██[38;2;148;115;180m██[38;2;148;115;180m██[38;2;148;115;180m██[38;2;148;115;180m██[38;2;148;115;180m██[38;2;148;115;180m██[38;2;148;115;180m██[38;2;148;115;180m██[38;2;148;115;180m██[38;2;74;41;74m██[38;2;74;41;74m██[38;2;74;41;74m██[38;2;106;98;123m██[38;2;255;246;255m██[38;2;255;246;255m██[38;2;255;246;255m██[38;2;255;246;255m██[38;2;16;16;16m██[38;2;148;115;180m██[38;2;148;115;180m██[38;2;148;115;180m██[38;2;148;115;180m██[38;2;90;74;156m██[38;2;90;74;156m██[38;2;90;74;156m██[38;2;90;74;156m██[38;2;90;74;156m██[38;2;90;74;156m██[38;2;90;74;156m██[38;2;90;74;156m██[38;2;90;74;156m██[38;2;74;41;74m██                
                    [38;2;16;16;16m██[38;2;148;115;180m██[38;2;148;115;180m██[38;2;148;115;180m██[38;2;90;74;156m██[38;2;255;246;255m██[38;2;106;98;123m██[38;2;74;41;74m██[38;2;74;41;74m██[38;2;74;41;74m██[38;2;74;41;74m██[38;2;74;41;74m██[38;2;74;41;74m██[38;2;74;41;74m██[38;2;74;41;74m██[38;2;74;41;74m██[38;2;74;41;74m██[38;2;189;172;189m██[38;2;255;246;255m██[38;2;255;246;255m██[38;2;106;98;123m██[38;2;255;246;255m██[38;2;255;246;255m██[38;2;255;246;255m██[38;2;16;16;16m██[38;2;148;115;180m██[38;2;148;115;180m██[38;2;148;115;180m██[38;2;148;115;180m██[38;2;123;98;164m██[38;2;90;74;156m██[38;2;90;74;156m██[38;2;90;74;156m██[38;2;90;74;156m██[38;2;90;74;156m██[38;2;90;74;156m██[38;2;90;74;156m██[38;2;90;74;156m██[38;2;90;74;156m██[38;2;74;41;74m██                
                    [38;2;16;16;16m██[38;2;148;115;180m██[38;2;148;115;180m██[38;2;148;115;180m██[38;2;90;74;156m██[38;2;255;246;255m██[38;2;106;98;123m██[38;2;255;246;255m██[38;2;255;246;255m██[38;2;255;246;255m██[38;2;106;98;123m██[38;2;255;246;255m██[38;2;255;246;255m██[38;2;255;246;255m██[38;2;255;246;255m██[38;2;106;98;123m██[38;2;255;246;255m██[38;2;255;246;255m██[38;2;255;246;255m██[38;2;255;246;255m██[38;2;189;172;189m██[38;2;222;213;222m██[38;2;255;246;255m██[38;2;255;246;255m██[38;2;16;16;16m██[38;2;148;115;180m██[38;2;148;115;180m██[38;2;148;115;180m██[38;2;148;115;180m██[38;2;90;74;156m██[38;2;90;74;156m██[38;2;90;74;156m██[38;2;90;74;156m██[38;2;90;74;156m██[38;2;90;74;156m██[38;2;90;74;156m██[38;2;90;74;156m██[38;2;90;74;156m██[38;2;90;74;156m██[38;2;74;41;74m██                
                      [38;2;74;41;74m██[38;2;148;115;180m██[38;2;148;115;180m██[38;2;148;115;180m██[38;2;90;74;156m██[38;2;106;98;123m██[38;2;255;246;255m██[38;2;255;246;255m██[38;2;255;246;255m██[38;2;106;98;123m██[38;2;255;246;255m██[38;2;255;246;255m██[38;2;255;246;255m██[38;2;255;246;255m██[38;2;106;98;123m██[38;2;255;246;255m██[38;2;255;246;255m██[38;2;255;246;255m██[38;2;255;246;255m██[38;2;255;246;255m██[38;2;106;98;123m██[38;2;255;246;255m██[38;2;16;16;16m██[38;2;148;115;180m██[38;2;148;115;180m██[38;2;148;115;180m██[38;2;148;115;180m██[38;2;148;115;180m██[38;2;90;74;156m██[38;2;90;74;156m██[38;2;90;74;156m██[38;2;90;74;156m██[38;2;90;74;156m██[38;2;90;74;156m██[38;2;90;74;156m██[38;2;90;74;156m██[38;2;90;74;156m██[38;2;90;74;156m██[38;2;74;41;74m██                
                      [38;2;16;16;16m██[38;2;148;115;180m██[38;2;148;115;180m██[38;2;148;115;180m██[38;2;148;115;180m██[38;2;90;74;156m██[38;2;255;246;255m██[38;2;255;246;255m██[38;2;255;246;255m██[38;2;189;172;189m██[38;2;222;213;222m██[38;2;255;246;255m██[38;2;255;246;255m██[38;2;255;246;255m██[38;2;189;172;189m██[38;2;222;213;222m██[38;2;255;246;255m██[38;2;255;246;255m██[38;2;255;246;255m██[38;2;255;246;255m██[38;2;106;98;123m██[38;2;16;16;16m██[38;2;148;115;180m██[38;2;148;115;180m██[38;2;148;115;180m██[38;2;148;115;180m██[38;2;148;115;180m██[38;2;123;98;164m██[38;2;90;74;156m██[38;2;90;74;156m██[38;2;90;74;156m██[38;2;90;74;156m██[38;2;90;74;156m██[38;2;90;74;156m██[38;2;90;74;156m██[38;2;90;74;156m██[38;2;90;74;156m██[38;2;90;74;156m██[38;2;74;41;74m██                
                      [38;2;16;16;16m██[38;2;148;115;180m██[38;2;148;115;180m██[38;2;148;115;180m██[38;2;148;115;180m██[38;2;148;115;180m██[38;2;74;41;74m██[38;2;255;246;255m██[38;2;255;246;255m██[38;2;255;246;255m██[38;2;106;98;123m██[38;2;255;246;255m██[38;2;255;246;255m██[38;2;255;246;255m██[38;2;255;246;255m██[38;2;106;98;123m██[38;2;255;246;255m██[38;2;255;246;255m██[38;2;255;246;255m██[38;2;74;41;74m██[38;2;74;41;74m██[38;2;148;115;180m██[38;2;148;115;180m██[38;2;148;115;180m██[38;2;148;115;180m██[38;2;148;115;180m██[38;2;148;115;180m██[38;2;90;74;156m██[38;2;90;74;156m██[38;2;90;74;156m██[38;2;90;74;156m██[38;2;90;74;156m██[38;2;90;74;156m██[38;2;90;74;156m██[38;2;90;74;156m██[38;2;90;74;156m██[38;2;90;74;156m██[38;2;90;74;156m██[38;2;74;41;74m██                
                        [38;2;74;41;74m██[38;2;148;115;180m██[38;2;148;115;180m██[38;2;148;115;180m██[38;2;148;115;180m██[38;2;148;115;180m██[38;2;74;41;74m██[38;2;74;41;74m██[38;2;255;246;255m██[38;2;106;98;123m██[38;2;255;246;255m██[38;2;255;246;255m██[38;2;255;246;255m██[38;2;255;246;255m██[38;2;106;98;123m██[38;2;255;246;255m██[38;2;74;41;74m██[38;2;74;41;74m██[38;2;148;115;180m██[38;2;148;115;180m██[38;2;148;115;180m██[38;2;148;115;180m██[38;2;148;115;180m██[38;2;148;115;180m██[38;2;148;115;180m██[38;2;123;98;164m██[38;2;90;74;156m██[38;2;90;74;156m██[38;2;90;74;156m██[38;2;90;74;156m██[38;2;90;74;156m██[38;2;90;74;156m██[38;2;90;74;156m██[38;2;90;74;156m██[38;2;90;74;156m██[38;2;90;74;156m██[38;2;74;41;74m██[38;2;74;41;74m██                
                        [38;2;16;16;16m██[38;2;148;115;180m██[38;2;148;115;180m██[38;2;148;115;180m██[38;2;148;115;180m██[38;2;148;115;180m██[38;2;148;115;180m██[38;2;148;115;180m██[38;2;74;41;74m██[38;2;74;41;74m██[38;2;74;41;74m██[38;2;74;41;74m██[38;2;74;41;74m██[38;2;74;41;74m██[38;2;74;41;74m██[38;2;74;41;74m██[38;2;148;115;180m██[38;2;148;115;180m██[38;2;148;115;180m██[38;2;148;115;180m██[38;2;148;115;180m██[38;2;148;115;180m██[38;2;148;115;180m██[38;2;148;115;180m██[38;2;148;115;180m██[38;2;90;74;156m██[38;2;90;74;156m██[38;2;90;74;156m██[38;2;90;74;156m██[38;2;90;74;156m██[38;2;90;74;156m██[38;2;90;74;156m██[38;2;90;74;156m██[38;2;90;74;156m██[38;2;90;74;156m██[38;2;90;74;156m██[38;2;74;41;74m██[38;2;90;74;156m██[38;2;74;41;74m██              
                          [38;2;74;41;74m██[38;2;148;115;180m██[38;2;148;115;180m██[38;2;148;115;180m██[38;2;148;115;180m██[38;2;148;115;180m██[38;2;148;115;180m██[38;2;148;115;180m██[38;2;148;115;180m██[38;2;148;115;180m██[38;2;148;115;180m██[38;2;148;115;180m██[38;2;148;115;180m██[38;2;148;115;180m██[38;2;148;115;180m██[38;2;148;115;180m██[38;2;148;115;180m██[38;2;148;115;180m██[38;2;148;115;180m██[38;2;148;115;180m██[38;2;148;115;180m██[38;2;148;115;180m██[38;2;148;115;180m██[38;2;123;98;164m██[38;2;90;74;156m██[38;2;90;74;156m██[38;2;90;74;156m██[38;2;90;74;156m██[38;2;90;74;156m██[38;2;90;74;156m██[38;2;90;74;156m██[38;2;90;74;156m██[38;2;90;74;156m██[38;2;90;74;156m██[38;2;90;74;156m██[38;2;74;41;74m██[38;2;90;74;156m██[38;2;90;74;156m██[38;2;74;41;74m██[38;2;74;41;74m██[38;2;74;41;74m██        
                          [38;2;16;16;16m██[38;2;148;115;180m██[38;2;148;115;180m██[38;2;148;115;180m██[38;2;148;115;180m██[38;2;148;115;180m██[38;2;148;115;180m██[38;2;148;115;180m██[38;2;148;115;180m██[38;2;148;115;180m██[38;2;148;115;180m██[38;2;148;115;180m██[38;2;148;115;180m██[38;2;148;115;180m██[38;2;148;115;180m██[38;2;148;115;180m██[38;2;148;115;180m██[38;2;148;115;180m██[38;2;148;115;180m██[38;2;148;115;180m██[38;2;148;115;180m██[38;2;148;115;180m██[38;2;123;98;164m██[38;2;90;74;156m██[38;2;90;74;156m██[38;2;90;74;156m██[38;2;90;74;156m██[38;2;90;74;156m██[38;2;90;74;156m██[38;2;90;74;156m██[38;2;90;74;156m██[38;2;90;74;156m██[38;2;90;74;156m██[38;2;90;74;156m██[38;2;74;41;74m██[38;2;90;74;156m██[38;2;90;74;156m██[38;2;90;74;156m██[38;2;90;74;156m██[38;2;90;74;156m██[38;2;90;74;156m██[38;2;16;16;16m██      
                            [38;2;16;16;16m██[38;2;123;98;164m██[38;2;148;115;180m██[38;2;148;115;180m██[38;2;148;115;180m██[38;2;148;115;180m██[38;2;148;115;180m██[38;2;148;115;180m██[38;2;148;115;180m██[38;2;148;115;180m██[38;2;148;115;180m██[38;2;148;115;180m██[38;2;148;115;180m██[38;2;148;115;180m██[38;2;148;115;180m██[38;2;148;115;180m██[38;2;148;115;180m██[38;2;148;115;180m██[38;2;148;115;180m██[38;2;148;115;180m██[38;2;123;98;164m██[38;2;90;74;156m██[38;2;90;74;156m██[38;2;90;74;156m██[38;2;90;74;156m██[38;2;90;74;156m██[38;2;90;74;156m██[38;2;90;74;156m██[38;2;90;74;156m██[38;2;90;74;156m██[38;2;90;74;156m██[38;2;90;74;156m██[38;2;90;74;156m██[38;2;74;41;74m██[38;2;90;74;156m██[38;2;90;74;156m██[38;2;90;74;156m██[38;2;90;74;156m██[38;2;90;74;156m██[38;2;90;74;156m██[38;2;16;16;16m██      
                            [38;2;16;16;16m██[38;2;90;74;156m██[38;2;123;98;164m██[38;2;148;115;180m██[38;2;148;115;180m██[38;2;148;115;180m██[38;2;148;115;180m██[38;2;148;115;180m██[38;2;148;115;180m██[38;2;148;115;180m██[38;2;148;115;180m██[38;2;148;115;180m██[38;2;148;115;180m██[38;2;148;115;180m██[38;2;148;115;180m██[38;2;148;115;180m██[38;2;148;115;180m██[38;2;148;115;180m██[38;2;148;115;180m██[38;2;123;98;164m██[38;2;90;74;156m██[38;2;90;74;156m██[38;2;90;74;156m██[38;2;90;74;156m██[38;2;90;74;156m██[38;2;90;74;156m██[38;2;90;74;156m██[38;2;90;74;156m██[38;2;90;74;156m██[38;2;90;74;156m██[38;2;90;74;156m██[38;2;90;74;156m██[38;2;90;74;156m██[38;2;90;74;156m██[38;2;90;74;156m██[38;2;90;74;156m██[38;2;90;74;156m██[38;2;90;74;156m██[38;2;90;74;156m██[38;2;16;16;16m██        
                            [38;2;74;41;74m██[38;2;90;74;156m██[38;2;90;74;156m██[38;2;90;74;156m██[38;2;123;98;164m██[38;2;148;115;180m██[38;2;148;115;180m██[38;2;148;115;180m██[38;2;148;115;180m██[38;2;148;115;180m██[38;2;148;115;180m██[38;2;148;115;180m██[38;2;148;115;180m██[38;2;148;115;180m██[38;2;148;115;180m██[38;2;148;115;180m██[38;2;148;115;180m██[38;2;123;98;164m██[38;2;90;74;156m██[38;2;90;74;156m██[38;2;90;74;156m██[38;2;90;74;156m██[38;2;90;74;156m██[38;2;90;74;156m██[38;2;90;74;156m██[38;2;90;74;156m██[38;2;90;74;156m██[38;2;90;74;156m██[38;2;90;74;156m██[38;2;90;74;156m██[38;2;74;41;74m██[38;2;90;74;156m██[38;2;90;74;156m██[38;2;90;74;156m██[38;2;90;74;156m██[38;2;90;74;156m██[38;2;90;74;156m██[38;2;90;74;156m██[38;2;16;16;16m██          
                          [38;2;74;41;74m██[38;2;90;74;156m██[38;2;90;74;156m██[38;2;90;74;156m██[38;2;90;74;156m██[38;2;90;74;156m██[38;2;90;74;156m██[38;2;90;74;156m██[38;2;123;98;164m██[38;2;148;115;180m██[38;2;148;115;180m██[38;2;148;115;180m██[38;2;148;115;180m██[38;2;148;115;180m██[38;2;148;115;180m██[38;2;123;98;164m██[38;2;90;74;156m██[38;2;90;74;156m██[38;2;90;74;156m██[38;2;90;74;156m██[38;2;90;74;156m██[38;2;90;74;156m██[38;2;90;74;156m██[38;2;90;74;156m██[38;2;90;74;156m██[38;2;123;98;164m██[38;2;148;115;180m██[38;2;148;115;180m██[38;2;148;115;180m██[38;2;148;115;180m██[38;2;148;115;180m██[38;2;148;115;180m██[38;2;16;16;16m██[38;2;90;74;156m██[38;2;90;74;156m██[38;2;90;74;156m██[38;2;90;74;156m██[38;2;16;16;16m██[38;2;16;16;16m██            
                          [38;2;74;41;74m██[38;2;90;74;156m██[38;2;90;74;156m██[38;2;90;74;156m██[38;2;90;74;156m██[38;2;74;41;74m██[38;2;90;74;156m██[38;2;90;74;156m██[38;2;90;74;156m██[38;2;90;74;156m██[38;2;90;74;156m██[38;2;90;74;156m██[38;2;90;74;156m██[38;2;90;74;156m██[38;2;90;74;156m██[38;2;90;74;156m██[38;2;90;74;156m██[38;2;90;74;156m██[38;2;90;74;156m██[38;2;90;74;156m██[38;2;90;74;156m██[38;2;90;74;156m██[38;2;90;74;156m██[38;2;123;98;164m██[38;2;148;115;180m██[38;2;148;115;180m██[38;2;148;115;180m██[38;2;148;115;180m██[38;2;148;115;180m██[38;2;148;115;180m██[38;2;148;115;180m██[38;2;148;115;180m██[38;2;148;115;180m██[38;2;16;16;16m██[38;2;90;74;156m██[38;2;16;16;16m██[38;2;16;16;16m██                
                          [38;2;74;41;74m██[38;2;90;74;156m██[38;2;90;74;156m██[38;2;90;74;156m██[38;2;90;74;156m██[38;2;90;74;156m██[38;2;74;41;74m██[38;2;74;41;74m██[38;2;90;74;156m██[38;2;90;74;156m██[38;2;90;74;156m██[38;2;90;74;156m██[38;2;90;74;156m██[38;2;90;74;156m██[38;2;90;74;156m██[38;2;90;74;156m██[38;2;90;74;156m██[38;2;90;74;156m██[38;2;90;74;156m██[38;2;90;74;156m██[38;2;90;74;156m██[38;2;90;74;156m██[38;2;90;74;156m██[38;2;148;115;180m██[38;2;148;115;180m██[38;2;148;115;180m██[38;2;148;115;180m██[38;2;148;115;180m██[38;2;148;115;180m██[38;2;180;139;189m██[38;2;180;139;189m██[38;2;148;115;180m██[38;2;148;115;180m██[38;2;16;16;16m██[38;2;16;16;16m██                    
                          [38;2;74;41;74m██[38;2;90;74;156m██[38;2;90;74;156m██[38;2;90;74;156m██[38;2;90;74;156m██[38;2;90;74;156m██[38;2;90;74;156m██[38;2;90;74;156m██[38;2;16;16;16m██[38;2;16;16;16m██[38;2;90;74;156m██[38;2;90;74;156m██[38;2;90;74;156m██[38;2;90;74;156m██[38;2;90;74;156m██[38;2;90;74;156m██[38;2;90;74;156m██[38;2;90;74;156m██[38;2;90;74;156m██[38;2;90;74;156m██[38;2;90;74;156m██[38;2;90;74;156m██[38;2;123;98;164m██[38;2;148;115;180m██[38;2;148;115;180m██[38;2;148;115;180m██[38;2;148;115;180m██[38;2;148;115;180m██[38;2;180;139;189m██[38;2;180;139;189m██[38;2;180;139;189m██[38;2;180;139;189m██[38;2;148;115;180m██[38;2;148;115;180m██[38;2;16;16;16m██                    
                            [38;2;74;41;74m██[38;2;148;115;180m██[38;2;148;115;180m██[38;2;123;98;164m██[38;2;90;74;156m██[38;2;90;74;156m██[38;2;90;74;156m██[38;2;90;74;156m██[38;2;90;74;156m██[38;2;16;16;16m██[38;2;16;16;16m██[38;2;16;16;16m██[38;2;90;74;156m██[38;2;90;74;156m██[38;2;90;74;156m██[38;2;90;74;156m██[38;2;90;74;156m██[38;2;90;74;156m██[38;2;90;74;156m██[38;2;16;16;16m██[38;2;74;41;74m██[38;2;148;115;180m██[38;2;148;115;180m██[38;2;148;115;180m██[38;2;148;115;180m██[38;2;148;115;180m██[38;2;148;115;180m██[38;2;180;139;189m██[38;2;180;139;189m██[38;2;180;139;189m██[38;2;180;139;189m██[38;2;148;115;180m██[38;2;148;115;180m██[38;2;16;16;16m██                    
                            [38;2;74;41;74m██[38;2;148;115;180m██[38;2;148;115;180m██[38;2;148;115;180m██[38;2;148;115;180m██[38;2;123;98;164m██[38;2;90;74;156m██[38;2;90;74;156m██[38;2;90;74;156m██[38;2;90;74;156m██[38;2;74;41;74m██  [38;2;16;16;16m██[38;2;16;16;16m██[38;2;16;16;16m██[38;2;16;16;16m██[38;2;16;16;16m██[38;2;16;16;16m██[38;2;16;16;16m██  [38;2;74;41;74m██[38;2;148;115;180m██[38;2;148;115;180m██[38;2;148;115;180m██[38;2;148;115;180m██[38;2;148;115;180m██[38;2;148;115;180m██[38;2;148;115;180m██[38;2;180;139;189m██[38;2;180;139;189m██[38;2;180;139;189m██[38;2;148;115;180m██[38;2;148;115;180m██[38;2;16;16;16m██                    
                              [38;2;74;41;74m██[38;2;148;115;180m██[38;2;148;115;180m██[38;2;148;115;180m██[38;2;148;115;180m██[38;2;148;115;180m██[38;2;123;98;164m██[38;2;90;74;156m██[38;2;16;16;16m██                      [38;2;74;41;74m██[38;2;148;115;180m██[38;2;148;115;180m██[38;2;148;115;180m██[38;2;148;115;180m██[38;2;148;115;180m██[38;2;148;115;180m██[38;2;148;115;180m██[38;2;180;139;189m██[38;2;148;115;180m██[38;2;148;115;180m██[38;2;148;115;180m██[38;2;16;16;16m██                    
                            [38;2;74;41;74m██[38;2;148;115;180m██[38;2;90;74;156m██[38;2;148;115;180m██[38;2;90;74;156m██[38;2;148;115;180m██[38;2;148;115;180m██[38;2;148;115;180m██[38;2;90;74;156m██[38;2;16;16;16m██                        [38;2;74;41;74m██[38;2;148;115;180m██[38;2;148;115;180m██[38;2;148;115;180m██[38;2;148;115;180m██[38;2;148;115;180m██[38;2;148;115;180m██[38;2;148;115;180m██[38;2;148;115;180m██[38;2;148;115;180m██[38;2;148;115;180m██[38;2;16;16;16m██                    
                            [38;2;16;16;16m██[38;2;74;41;74m██[38;2;148;115;180m██[38;2;74;41;74m██[38;2;148;115;180m██[38;2;148;115;180m██[38;2;16;16;16m██[38;2;16;16;16m██[38;2;16;16;16m██                            [38;2;74;41;74m██[38;2;148;115;180m██[38;2;148;115;180m██[38;2;148;115;180m██[38;2;148;115;180m██[38;2;148;115;180m██[38;2;148;115;180m██[38;2;148;115;180m██[38;2;148;115;180m██[38;2;16;16;16m██                      
                              [38;2;16;16;16m██[38;2;16;16;16m██[38;2;16;16;16m██[38;2;16;16;16m██[38;2;16;16;16m██                                    [38;2;74;41;74m██[38;2;148;115;180m██[38;2;148;115;180m██[38;2;148;115;180m██[38;2;148;115;180m██[38;2;148;115;180m██[38;2;148;115;180m██[38;2;90;74;156m██[38;2;16;16;16m██                      
                                                                            [38;2;74;41;74m██[38;2;148;115;180m██[38;2;148;115;180m██[38;2;148;115;180m██[38;2;148;115;180m██[38;2;90;74;156m██[38;2;148;115;180m██[38;2;148;115;180m██[38;2;90;74;156m██                      
                                                                              [38;2;74;41;74m██[38;2;16;16;16m██[38;2;16;16;16m██[38;2;148;115;180m██[38;2;148;115;180m██[38;2;74;41;74m██[38;2;16;16;16m██[38;2;16;16;16m██                      
                                                                                    [38;2;16;16;16m██[38;2;16;16;16m██[38;2;16;16;16m██                          
