                                                            [38;2;164;156;123m██[38;2;16;16;16m██[38;2;16;16;16m██                                                                                
                                                          [38;2;164;156;123m██[38;2;222;213;180m██[38;2;115;106;74m██[38;2;164;156;123m██[38;2;16;16;16m██                                                                              
                            [38;2;115;106;74m██[38;2;16;16;16m██[38;2;16;16;16m██                      [38;2;164;156;123m██[38;2;222;213;180m██[38;2;115;106;74m██[38;2;164;156;123m██[38;2;164;156;123m██[38;2;16;16;16m██                                                                              
                          [38;2;115;106;74m██[38;2;255;246;213m██[38;2;255;246;213m██[38;2;222;213;180m██[38;2;16;16;16m██[38;2;16;16;16m██                [38;2;115;106;74m██[38;2;222;213;180m██[38;2;115;106;74m██[38;2;164;156;123m██[38;2;164;156;123m██[38;2;164;156;123m██[38;2;16;16;16m██                                                                              
                          [38;2;115;106;74m██[38;2;255;246;213m██[38;2;222;213;180m██[38;2;164;156;123m██[38;2;164;156;123m██[38;2;164;156;123m██[38;2;16;16;16m██            [38;2;115;106;74m██[38;2;222;213;180m██[38;2;222;213;180m██[38;2;115;106;74m██[38;2;164;156;123m██[38;2;164;156;123m██[38;2;16;16;16m██                                                                                
                            [38;2;115;106;74m██[38;2;222;213;180m██[38;2;164;156;123m██[38;2;164;156;123m██[38;2;164;156;123m██[38;2;164;156;123m██[38;2;16;16;16m██[38;2;115;106;74m██[38;2;115;106;74m██[38;2;115;106;74m██[38;2;115;106;74m██[38;2;115;106;74m██[38;2;115;106;74m██[38;2;222;213;180m██[38;2;115;106;74m██[38;2;164;156;123m██[38;2;164;156;123m██[38;2;164;156;123m██[38;2;16;16;16m██                                                                                
                              [38;2;16;16;16m██[38;2;164;156;123m██[38;2;115;106;74m██[38;2;115;106;74m██[38;2;115;106;74m██[38;2;115;106;74m██[38;2;222;213;180m██[38;2;222;213;180m██[38;2;222;213;180m██[38;2;222;213;180m██[38;2;115;106;74m██[38;2;222;213;180m██[38;2;222;213;180m██[38;2;115;106;74m██[38;2;164;156;123m██[38;2;164;156;123m██[38;2;164;156;123m██[38;2;16;16;16m██[38;2;115;106;74m██[38;2;115;106;74m██          [38;2;164;156;123m██[38;2;164;156;123m██                                                              
                        [38;2;115;106;74m██[38;2;115;106;74m██[38;2;115;106;74m██[38;2;115;106;74m██[38;2;115;106;74m██[38;2;222;213;180m██[38;2;222;213;180m██[38;2;222;213;180m██[38;2;222;213;180m██[38;2;222;213;180m██[38;2;222;213;180m██[38;2;222;213;180m██[38;2;222;213;180m██[38;2;115;106;74m██[38;2;222;213;180m██[38;2;115;106;74m██[38;2;164;156;123m██[38;2;164;156;123m██[38;2;164;156;123m██[38;2;164;156;123m██[38;2;16;16;16m██[38;2;222;213;180m██[38;2;222;213;180m██[38;2;115;106;74m██[38;2;115;106;74m██    [38;2;164;156;123m██[38;2;255;246;213m██[38;2;255;246;213m██[38;2;16;16;16m██                                                            
                      [38;2;16;16;16m██[38;2;255;246;213m██[38;2;255;246;213m██[38;2;255;246;213m██[38;2;255;246;213m██[38;2;255;246;213m██[38;2;222;213;180m██[38;2;222;213;180m██[38;2;222;213;180m██[38;2;222;213;180m██[38;2;222;213;180m██[38;2;222;213;180m██[38;2;222;213;180m██[38;2;115;106;74m██[38;2;222;213;180m██[38;2;222;213;180m██[38;2;115;106;74m██[38;2;164;156;123m██[38;2;164;156;123m██[38;2;164;156;123m██[38;2;164;156;123m██[38;2;115;106;74m██[38;2;222;213;180m██[38;2;222;213;180m██[38;2;222;213;180m██[38;2;222;213;180m██[38;2;115;106;74m██[38;2;164;156;123m██[38;2;255;246;213m██[38;2;255;246;213m██[38;2;164;156;123m██[38;2;16;16;16m██                                                            
                        [38;2;16;16;16m██[38;2;16;16;16m██[38;2;255;246;213m██[38;2;255;246;213m██[38;2;222;213;180m██[38;2;222;213;180m██[38;2;164;156;123m██[38;2;164;156;123m██[38;2;164;156;123m██[38;2;164;156;123m██[38;2;222;213;180m██[38;2;222;213;180m██[38;2;115;106;74m██[38;2;222;213;180m██[38;2;222;213;180m██[38;2;115;106;74m██[38;2;164;156;123m██[38;2;164;156;123m██[38;2;164;156;123m██[38;2;164;156;123m██[38;2;222;213;180m██[38;2;222;213;180m██[38;2;222;213;180m██[38;2;222;213;180m██[38;2;164;156;123m██[38;2;164;156;123m██[38;2;255;246;213m██[38;2;255;246;213m██[38;2;115;106;74m██[38;2;164;156;123m██[38;2;115;106;74m██[38;2;16;16;16m██[38;2;16;16;16m██                                                        
                            [38;2;16;16;16m██[38;2;16;16;16m██[38;2;164;156;123m██[38;2;164;156;123m██[38;2;164;156;123m██[38;2;164;156;123m██[38;2;164;156;123m██[38;2;164;156;123m██[38;2;164;156;123m██[38;2;222;213;180m██[38;2;222;213;180m██[38;2;222;213;180m██[38;2;222;213;180m██[38;2;222;213;180m██[38;2;115;106;74m██[38;2;164;156;123m██[38;2;164;156;123m██[38;2;222;213;180m██[38;2;222;213;180m██[38;2;222;213;180m██[38;2;222;213;180m██[38;2;222;213;180m██[38;2;222;213;180m██[38;2;222;213;180m██[38;2;222;213;180m██[38;2;115;106;74m██[38;2;164;156;123m██[38;2;164;156;123m██[38;2;164;156;123m██[38;2;164;156;123m██[38;2;164;156;123m██[38;2;16;16;16m██                                                      
                              [38;2;115;106;74m██[38;2;16;16;16m██[38;2;16;16;16m██[38;2;164;156;123m██[38;2;164;156;123m██[38;2;164;156;123m██[38;2;164;156;123m██[38;2;164;156;123m██[38;2;222;213;180m██[38;2;222;213;180m██[38;2;222;213;180m██[38;2;222;213;180m██[38;2;222;213;180m██[38;2;222;213;180m██[38;2;222;213;180m██[38;2;164;156;123m██[38;2;222;213;180m██[38;2;222;213;180m██[38;2;222;213;180m██[38;2;115;106;74m██[38;2;115;106;74m██[38;2;222;213;180m██[38;2;222;213;180m██[38;2;222;213;180m██[38;2;115;106;74m██[38;2;164;156;123m██[38;2;164;156;123m██[38;2;164;156;123m██[38;2;164;156;123m██[38;2;164;156;123m██[38;2;16;16;16m██                                                      
            [38;2;115;90;49m██[38;2;115;90;49m██[38;2;115;90;49m██            [38;2;115;106;74m██[38;2;222;213;180m██[38;2;222;213;180m██[38;2;16;16;16m██[38;2;164;156;123m██[38;2;164;156;123m██[38;2;164;156;123m██[38;2;164;156;123m██[38;2;222;213;180m██[38;2;222;213;180m██[38;2;222;213;180m██[38;2;222;213;180m██[38;2;222;213;180m██[38;2;222;213;180m██[38;2;222;213;180m██[38;2;222;213;180m██[38;2;222;213;180m██[38;2;222;213;180m██[38;2;115;106;74m██[38;2;222;213;180m██[38;2;16;16;16m██[38;2;222;213;180m██[38;2;222;213;180m██[38;2;115;106;74m██[38;2;164;156;123m██[38;2;164;156;123m██[38;2;164;156;123m██[38;2;164;156;123m██[38;2;164;156;123m██[38;2;16;16;16m██                                                        
            [38;2;16;16;16m██[38;2;255;238;197m██[38;2;255;238;197m██[38;2;115;90;49m██[38;2;115;90;49m██[38;2;115;90;49m██    [38;2;115;106;74m██[38;2;255;246;213m██[38;2;255;246;213m██[38;2;255;246;213m██[38;2;255;246;213m██[38;2;115;106;74m██[38;2;164;156;123m██[38;2;164;156;123m██[38;2;222;213;180m██[38;2;222;213;180m██[38;2;222;213;180m██[38;2;222;213;180m██[38;2;222;213;180m██[38;2;222;213;180m██[38;2;222;213;180m██[38;2;222;213;180m██[38;2;222;213;180m██[38;2;222;213;180m██[38;2;164;156;123m██[38;2;222;213;180m██[38;2;222;213;180m██[38;2;16;16;16m██[38;2;222;213;180m██[38;2;222;213;180m██[38;2;115;106;74m██[38;2;164;156;123m██[38;2;164;156;123m██[38;2;164;156;123m██[38;2;164;156;123m██[38;2;164;156;123m██[38;2;16;16;16m██                                                        
              [38;2;16;16;16m██[38;2;180;164;115m██[38;2;255;238;197m██[38;2;255;238;197m██[38;2;255;238;197m██[38;2;115;90;49m██[38;2;115;90;49m██[38;2;115;90;49m██[38;2;255;246;213m██[38;2;255;246;213m██[38;2;255;246;213m██[38;2;255;246;213m██[38;2;255;246;213m██[38;2;222;213;180m██[38;2;222;213;180m██[38;2;222;213;180m██[38;2;222;213;180m██[38;2;222;213;180m██[38;2;222;213;180m██[38;2;222;213;180m██[38;2;222;213;180m██[38;2;222;213;180m██[38;2;222;213;180m██[38;2;222;213;180m██[38;2;222;213;180m██[38;2;222;213;180m██[38;2;222;213;180m██[38;2;164;156;123m██[38;2;16;16;16m██[38;2;164;156;123m██[38;2;222;213;180m██[38;2;164;156;123m██[38;2;164;156;123m██[38;2;164;156;123m██[38;2;164;156;123m██[38;2;164;156;123m██[38;2;164;156;123m██[38;2;164;156;123m██[38;2;16;16;16m██                                                      
                [38;2;16;16;16m██[38;2;180;164;115m██[38;2;180;164;115m██[38;2;255;238;197m██[38;2;115;90;49m██[38;2;255;238;197m██[38;2;255;238;197m██[38;2;115;90;49m██[38;2;115;90;49m██[38;2;115;90;49m██[38;2;255;246;213m██[38;2;222;213;180m██[38;2;222;213;180m██[38;2;222;213;180m██[38;2;222;213;180m██[38;2;222;213;180m██[38;2;222;213;180m██[38;2;222;213;180m██[38;2;222;213;180m██[38;2;222;213;180m██[38;2;222;213;180m██[38;2;164;156;123m██[38;2;222;213;180m██[38;2;222;213;180m██[38;2;222;213;180m██[38;2;164;156;123m██[38;2;164;156;123m██[38;2;115;106;74m██[38;2;115;106;74m██[38;2;16;16;16m██[38;2;164;156;123m██[38;2;164;156;123m██[38;2;164;156;123m██[38;2;164;156;123m██[38;2;164;156;123m██[38;2;164;156;123m██[38;2;164;156;123m██[38;2;16;16;16m██                                                      
                  [38;2;16;16;16m██[38;2;180;164;115m██[38;2;115;90;49m██[38;2;255;238;197m██[38;2;255;238;197m██[38;2;255;238;197m██[38;2;115;90;49m██[38;2;255;238;197m██[38;2;255;238;197m██[38;2;115;90;49m██[38;2;115;90;49m██[38;2;222;213;180m██[38;2;222;213;180m██[38;2;222;213;180m██[38;2;222;213;180m██[38;2;222;213;180m██[38;2;222;213;180m██[38;2;222;213;180m██[38;2;222;213;180m██[38;2;16;16;16m██[38;2;222;213;180m██[38;2;164;156;123m██[38;2;222;213;180m██[38;2;222;213;180m██[38;2;222;213;180m██[38;2;222;213;180m██[38;2;222;213;180m██[38;2;222;213;180m██[38;2;222;213;180m██[38;2;16;16;16m██[38;2;164;156;123m██[38;2;164;156;123m██[38;2;164;156;123m██[38;2;16;16;16m██[38;2;16;16;16m██[38;2;16;16;16m██                                                        
                    [38;2;16;16;16m██[38;2;180;164;115m██[38;2;180;164;115m██[38;2;180;164;115m██[38;2;255;238;197m██[38;2;115;90;49m██[38;2;255;238;197m██[38;2;255;238;197m██[38;2;255;238;197m██[38;2;115;90;49m██[38;2;115;90;49m██[38;2;16;16;16m██[38;2;222;213;180m██[38;2;222;213;180m██[38;2;222;213;180m██[38;2;164;156;123m██[38;2;222;213;180m██[38;2;16;16;16m██[38;2;255;255;255m██[38;2;255;255;255m██[38;2;222;213;180m██[38;2;222;213;180m██[38;2;222;213;180m██[38;2;222;213;180m██[38;2;222;213;180m██[38;2;222;213;180m██[38;2;164;156;123m██[38;2;16;16;16m██[38;2;164;156;123m██[38;2;164;156;123m██[38;2;115;106;74m██[38;2;16;16;16m██[38;2;164;156;123m██[38;2;164;156;123m██[38;2;164;156;123m██[38;2;115;106;74m██                                                      
                      [38;2;16;16;16m██[38;2;180;164;115m██[38;2;180;164;115m██[38;2;180;164;115m██[38;2;115;90;49m██[38;2;255;238;197m██[38;2;255;238;197m██[38;2;255;238;197m██[38;2;115;90;49m██[38;2;255;238;197m██[38;2;16;16;16m██[38;2;222;213;180m██[38;2;222;213;180m██[38;2;164;156;123m██[38;2;222;213;180m██[38;2;16;16;16m██[38;2;164;49;16m██[38;2;230;82;57m██[38;2;255;255;255m██[38;2;222;213;180m██[38;2;222;213;180m██[38;2;222;213;180m██[38;2;222;213;180m██[38;2;222;213;180m██[38;2;164;156;123m██[38;2;16;16;16m██[38;2;164;156;123m██[38;2;164;156;123m██[38;2;115;106;74m██[38;2;164;156;123m██[38;2;164;156;123m██[38;2;164;156;123m██[38;2;164;156;123m██[38;2;164;156;123m██[38;2;164;156;123m██[38;2;115;106;74m██                                                    
                      [38;2;16;16;16m██[38;2;180;164;115m██[38;2;180;164;115m██[38;2;115;90;49m██[38;2;180;164;115m██[38;2;180;164;115m██[38;2;255;238;197m██[38;2;115;90;49m██[38;2;255;238;197m██[38;2;255;238;197m██[38;2;255;238;197m██[38;2;16;16;16m██[38;2;222;213;180m██[38;2;115;106;74m██[38;2;222;213;180m██[38;2;16;16;16m██[38;2;16;16;16m██[38;2;230;82;57m██[38;2;164;156;123m██[38;2;222;213;180m██[38;2;16;16;16m██[38;2;16;16;16m██[38;2;164;156;123m██[38;2;222;213;180m██[38;2;222;213;180m██[38;2;115;106;74m██[38;2;164;156;123m██[38;2;164;156;123m██[38;2;164;156;123m██[38;2;164;156;123m██[38;2;164;156;123m██[38;2;164;156;123m██[38;2;164;156;123m██[38;2;164;156;123m██[38;2;164;156;123m██[38;2;115;106;74m██                                                    
                        [38;2;16;16;16m██[38;2;115;90;49m██[38;2;180;164;115m██[38;2;180;164;115m██[38;2;180;164;115m██[38;2;180;164;115m██[38;2;115;90;49m██[38;2;255;238;197m██[38;2;255;238;197m██[38;2;255;238;197m██[38;2;16;16;16m██[38;2;222;213;180m██[38;2;115;106;74m██[38;2;16;16;16m██[38;2;255;255;255m██[38;2;230;82;57m██[38;2;164;156;123m██[38;2;222;213;180m██[38;2;16;16;16m██[38;2;115;106;74m██[38;2;115;106;74m██[38;2;164;156;123m██[38;2;222;213;180m██[38;2;222;213;180m██[38;2;222;213;180m██[38;2;16;16;16m██[38;2;164;156;123m██[38;2;164;156;123m██[38;2;164;156;123m██[38;2;164;156;123m██[38;2;164;156;123m██[38;2;115;106;74m██[38;2;16;16;16m██[38;2;16;16;16m██[38;2;16;16;16m██[38;2;115;106;74m██                                                  
                          [38;2;16;16;16m██[38;2;180;164;115m██[38;2;180;164;115m██[38;2;180;164;115m██[38;2;115;90;49m██[38;2;180;164;115m██[38;2;180;164;115m██[38;2;255;238;197m██[38;2;16;16;16m██[38;2;164;156;123m██[38;2;222;213;180m██[38;2;164;156;123m██[38;2;16;16;16m██[38;2;164;156;123m██[38;2;222;213;180m██[38;2;222;213;180m██[38;2;115;106;74m██[38;2;164;49;16m██[38;2;115;106;74m██[38;2;164;156;123m██[38;2;16;16;16m██[38;2;115;106;74m██[38;2;222;213;180m██[38;2;222;213;180m██[38;2;16;16;16m██[38;2;164;156;123m██[38;2;164;156;123m██[38;2;164;156;123m██[38;2;164;156;123m██[38;2;164;156;123m██[38;2;164;156;123m██[38;2;164;156;123m██[38;2;164;156;123m██[38;2;164;156;123m██[38;2;16;16;16m██[38;2;16;16;16m██                                                
                          [38;2;115;106;74m██[38;2;16;16;16m██[38;2;180;164;115m██[38;2;115;90;49m██[38;2;180;164;115m██[38;2;180;164;115m██[38;2;180;164;115m██[38;2;180;164;115m██[38;2;16;16;16m██[38;2;164;156;123m██[38;2;222;213;180m██[38;2;222;213;180m██[38;2;222;213;180m██[38;2;222;213;180m██[38;2;222;213;180m██[38;2;222;213;180m██[38;2;16;16;16m██[38;2;222;213;180m██[38;2;164;49;16m██[38;2;115;106;74m██[38;2;164;156;123m██[38;2;164;156;123m██[38;2;16;16;16m██[38;2;16;16;16m██[38;2;164;156;123m██[38;2;164;156;123m██[38;2;164;156;123m██[38;2;115;106;74m██[38;2;222;213;180m██[38;2;222;213;180m██[38;2;222;213;180m██[38;2;164;156;123m██[38;2;164;156;123m██[38;2;164;156;123m██[38;2;164;156;123m██[38;2;164;156;123m██[38;2;16;16;16m██                      [38;2;115;106;74m██[38;2;115;106;74m██[38;2;115;106;74m██                  
                            [38;2;115;106;74m██[38;2;16;16;16m██[38;2;115;90;49m██[38;2;180;164;115m██[38;2;180;164;115m██[38;2;115;90;49m██[38;2;16;16;16m██[38;2;164;156;123m██[38;2;164;156;123m██[38;2;222;213;180m██[38;2;222;213;180m██[38;2;222;213;180m██[38;2;222;213;180m██[38;2;222;213;180m██[38;2;115;106;74m██[38;2;222;213;180m██[38;2;255;255;255m██[38;2;164;49;16m██[38;2;115;106;74m██[38;2;164;156;123m██[38;2;164;156;123m██[38;2;16;16;16m██[38;2;164;156;123m██[38;2;115;106;74m██[38;2;164;156;123m██[38;2;115;106;74m██[38;2;222;213;180m██[38;2;222;213;180m██[38;2;222;213;180m██[38;2;222;213;180m██[38;2;222;213;180m██[38;2;164;156;123m██[38;2;164;156;123m██[38;2;164;156;123m██[38;2;164;156;123m██[38;2;16;16;16m██                    [38;2;115;106;74m██[38;2;222;213;180m██[38;2;222;213;180m██[38;2;222;213;180m██[38;2;115;106;74m██[38;2;115;106;74m██[38;2;115;106;74m██            
                            [38;2;115;106;74m██[38;2;222;213;180m██[38;2;115;106;74m██[38;2;115;106;74m██[38;2;115;106;74m██[38;2;164;156;123m██[38;2;164;156;123m██[38;2;164;156;123m██[38;2;164;156;123m██[38;2;222;213;180m██[38;2;222;213;180m██[38;2;222;213;180m██[38;2;222;213;180m██[38;2;164;156;123m██[38;2;16;16;16m██[38;2;164;49;16m██[38;2;255;246;213m██[38;2;164;49;16m██[38;2;115;106;74m██[38;2;164;156;123m██[38;2;16;16;16m██[38;2;164;156;123m██[38;2;164;156;123m██[38;2;115;106;74m██[38;2;164;156;123m██[38;2;16;16;16m██[38;2;222;213;180m██[38;2;222;213;180m██[38;2;222;213;180m██[38;2;222;213;180m██[38;2;222;213;180m██[38;2;164;156;123m██[38;2;164;156;123m██[38;2;164;156;123m██[38;2;164;156;123m██[38;2;164;156;123m██[38;2;16;16;16m██                    [38;2;115;106;74m██[38;2;222;213;180m██[38;2;222;213;180m██[38;2;222;213;180m██[38;2;222;213;180m██[38;2;164;156;123m██[38;2;16;16;16m██          
                            [38;2;115;106;74m██[38;2;115;106;74m██[38;2;222;213;180m██[38;2;164;156;123m██[38;2;164;156;123m██[38;2;164;156;123m██[38;2;164;156;123m██[38;2;115;106;74m██[38;2;222;213;180m██[38;2;222;213;180m██[38;2;222;213;180m██[38;2;222;213;180m██[38;2;164;156;123m██[38;2;16;16;16m██[38;2;164;49;16m██[38;2;164;49;16m██[38;2;164;49;16m██[38;2;16;16;16m██[38;2;164;156;123m██[38;2;164;156;123m██[38;2;16;16;16m██[38;2;164;156;123m██[38;2;115;106;74m██[38;2;164;156;123m██[38;2;16;16;16m██[38;2;164;156;123m██[38;2;222;213;180m██[38;2;222;213;180m██[38;2;222;213;180m██[38;2;222;213;180m██[38;2;222;213;180m██[38;2;164;156;123m██[38;2;164;156;123m██[38;2;164;156;123m██[38;2;164;156;123m██[38;2;164;156;123m██[38;2;16;16;16m██[38;2;16;16;16m██[38;2;115;106;74m██                  [38;2;115;106;74m██[38;2;222;213;180m██[38;2;222;213;180m██[38;2;222;213;180m██[38;2;222;213;180m██[38;2;164;156;123m██[38;2;16;16;16m██        
                          [38;2;115;106;74m██[38;2;222;213;180m██[38;2;115;106;74m██[38;2;16;16;16m██[38;2;164;156;123m██[38;2;164;156;123m██[38;2;164;156;123m██[38;2;115;106;74m██[38;2;164;156;123m██[38;2;222;213;180m██[38;2;222;213;180m██[38;2;222;213;180m██[38;2;16;16;16m██[38;2;16;16;16m██[38;2;230;82;57m██[38;2;230;82;57m██[38;2;164;49;16m██[38;2;16;16;16m██[38;2;164;156;123m██[38;2;164;156;123m██[38;2;16;16;16m██[38;2;164;156;123m██[38;2;164;156;123m██[38;2;115;106;74m██[38;2;164;156;123m██[38;2;16;16;16m██[38;2;164;156;123m██[38;2;164;156;123m██[38;2;222;213;180m██[38;2;222;213;180m██[38;2;222;213;180m██[38;2;164;156;123m██[38;2;164;156;123m██[38;2;164;156;123m██[38;2;164;156;123m██[38;2;164;156;123m██[38;2;164;156;123m██[38;2;16;16;16m██[38;2;164;156;123m██[38;2;164;156;123m██[38;2;115;106;74m██                  [38;2;115;106;74m██[38;2;222;213;180m██[38;2;222;213;180m██[38;2;164;156;123m██[38;2;164;156;123m██[38;2;115;106;74m██[38;2;16;16;16m██      
                          [38;2;115;106;74m██[38;2;222;213;180m██[38;2;222;213;180m██[38;2;222;213;180m██[38;2;16;16;16m██[38;2;164;156;123m██[38;2;164;156;123m██[38;2;164;156;123m██[38;2;164;156;123m██[38;2;164;156;123m██[38;2;16;16;16m██[38;2;16;16;16m██[38;2;164;49;16m██[38;2;230;82;57m██[38;2;230;82;57m██[38;2;164;49;16m██[38;2;16;16;16m██[38;2;164;156;123m██[38;2;164;156;123m██[38;2;16;16;16m██[38;2;164;156;123m██[38;2;164;156;123m██[38;2;164;156;123m██[38;2;115;106;74m██[38;2;164;156;123m██[38;2;16;16;16m██[38;2;164;156;123m██[38;2;164;156;123m██[38;2;164;156;123m██[38;2;164;156;123m██[38;2;164;156;123m██[38;2;164;156;123m██[38;2;164;156;123m██[38;2;164;156;123m██[38;2;164;156;123m██[38;2;164;156;123m██[38;2;164;156;123m██[38;2;16;16;16m██[38;2;164;156;123m██[38;2;164;156;123m██[38;2;16;16;16m██                  [38;2;115;106;74m██[38;2;222;213;180m██[38;2;164;156;123m██[38;2;222;213;180m██[38;2;222;213;180m██[38;2;164;156;123m██[38;2;115;106;74m██[38;2;16;16;16m██    
                      [38;2;164;156;123m██[38;2;164;156;123m██[38;2;16;16;16m██[38;2;222;213;180m██[38;2;222;213;180m██[38;2;222;213;180m██[38;2;115;106;74m██[38;2;16;16;16m██[38;2;16;16;16m██[38;2;16;16;16m██[38;2;16;16;16m██[38;2;16;16;16m██[38;2;164;156;123m██[38;2;115;32;16m██[38;2;115;32;16m██[38;2;16;16;16m██[38;2;16;16;16m██[38;2;115;106;74m██[38;2;222;213;180m██[38;2;164;156;123m██[38;2;16;16;16m██[38;2;164;156;123m██[38;2;164;156;123m██[38;2;164;156;123m██[38;2;164;156;123m██[38;2;164;156;123m██[38;2;164;156;123m██[38;2;16;16;16m██[38;2;164;156;123m██[38;2;164;156;123m██[38;2;164;156;123m██[38;2;115;106;74m██[38;2;115;106;74m██[38;2;115;106;74m██[38;2;115;106;74m██[38;2;164;156;123m██[38;2;164;156;123m██[38;2;164;156;123m██[38;2;164;156;123m██[38;2;16;16;16m██[38;2;164;156;123m██[38;2;16;16;16m██                      [38;2;115;106;74m██[38;2;222;213;180m██[38;2;222;213;180m██[38;2;222;213;180m██[38;2;222;213;180m██[38;2;164;156;123m██[38;2;16;16;16m██    
                [38;2;164;156;123m██[38;2;164;156;123m██[38;2;164;156;123m██[38;2;222;213;180m██[38;2;164;156;123m██[38;2;16;16;16m██[38;2;222;213;180m██[38;2;222;213;180m██[38;2;222;213;180m██[38;2;115;106;74m██[38;2;222;213;180m██[38;2;222;213;180m██[38;2;222;213;180m██[38;2;222;213;180m██[38;2;222;213;180m██[38;2;115;106;74m██[38;2;164;156;123m██[38;2;222;213;180m██[38;2;222;213;180m██[38;2;222;213;180m██[38;2;164;156;123m██[38;2;115;106;74m██[38;2;16;16;16m██[38;2;164;156;123m██[38;2;164;156;123m██[38;2;164;156;123m██[38;2;222;213;180m██[38;2;222;213;180m██[38;2;164;156;123m██[38;2;164;156;123m██[38;2;16;16;16m██[38;2;164;156;123m██[38;2;164;156;123m██[38;2;115;106;74m██[38;2;222;213;180m██[38;2;222;213;180m██[38;2;164;156;123m██[38;2;164;156;123m██[38;2;115;106;74m██[38;2;164;156;123m██[38;2;164;156;123m██[38;2;164;156;123m██[38;2;115;106;74m██[38;2;16;16;16m██                        [38;2;115;106;74m██[38;2;222;213;180m██[38;2;222;213;180m██[38;2;222;213;180m██[38;2;222;213;180m██[38;2;222;213;180m██[38;2;164;156;123m██[38;2;16;16;16m██  
          [38;2;164;156;123m██[38;2;164;156;123m██[38;2;164;156;123m██[38;2;222;213;180m██[38;2;222;213;180m██[38;2;222;213;180m██[38;2;222;213;180m██[38;2;164;156;123m██[38;2;164;156;123m██[38;2;16;16;16m██[38;2;222;213;180m██[38;2;222;213;180m██[38;2;115;106;74m██[38;2;222;213;180m██[38;2;222;213;180m██[38;2;222;213;180m██[38;2;222;213;180m██[38;2;222;213;180m██[38;2;222;213;180m██[38;2;16;16;16m██[38;2;16;16;16m██[38;2;16;16;16m██[38;2;16;16;16m██[38;2;16;16;16m██[38;2;164;156;123m██[38;2;164;156;123m██[38;2;164;156;123m██[38;2;164;156;123m██[38;2;222;213;180m██[38;2;222;213;180m██[38;2;222;213;180m██[38;2;222;213;180m██[38;2;164;156;123m██[38;2;164;156;123m██[38;2;16;16;16m██[38;2;164;156;123m██[38;2;115;106;74m██[38;2;222;213;180m██[38;2;222;213;180m██[38;2;222;213;180m██[38;2;164;156;123m██[38;2;164;156;123m██[38;2;115;106;74m██[38;2;164;156;123m██[38;2;16;16;16m██[38;2;222;213;180m██[38;2;115;106;74m██[38;2;16;16;16m██[38;2;115;106;74m██[38;2;115;106;74m██                  [38;2;115;106;74m██[38;2;222;213;180m██[38;2;222;213;180m██[38;2;222;213;180m██[38;2;222;213;180m██[38;2;222;213;180m██[38;2;164;156;123m██[38;2;16;16;16m██  
      [38;2;164;156;123m██[38;2;164;156;123m██[38;2;222;213;180m██[38;2;222;213;180m██[38;2;222;213;180m██[38;2;222;213;180m██[38;2;222;213;180m██[38;2;222;213;180m██[38;2;164;156;123m██[38;2;164;156;123m██[38;2;164;156;123m██[38;2;16;16;16m██[38;2;222;213;180m██[38;2;222;213;180m██[38;2;115;106;74m██[38;2;222;213;180m██[38;2;222;213;180m██[38;2;222;213;180m██[38;2;222;213;180m██[38;2;222;213;180m██[38;2;164;156;123m██[38;2;115;106;74m██[38;2;115;106;74m██[38;2;164;156;123m██[38;2;164;156;123m██[38;2;164;156;123m██[38;2;16;16;16m██[38;2;115;106;74m██[38;2;164;156;123m██[38;2;222;213;180m██[38;2;222;213;180m██[38;2;222;213;180m██[38;2;222;213;180m██[38;2;222;213;180m██[38;2;222;213;180m██[38;2;164;156;123m██[38;2;16;16;16m██[38;2;115;106;74m██[38;2;222;213;180m██[38;2;222;213;180m██[38;2;222;213;180m██[38;2;222;213;180m██[38;2;164;156;123m██[38;2;164;156;123m██[38;2;115;106;74m██[38;2;164;156;123m██[38;2;16;16;16m██[38;2;222;213;180m██[38;2;164;156;123m██[38;2;16;16;16m██[38;2;164;156;123m██[38;2;164;156;123m██[38;2;16;16;16m██                [38;2;115;106;74m██[38;2;164;156;123m██[38;2;164;156;123m██[38;2;164;156;123m██[38;2;222;213;180m██[38;2;222;213;180m██[38;2;164;156;123m██[38;2;115;106;74m██  
    [38;2;16;16;16m██[38;2;16;16;16m██[38;2;222;213;180m██[38;2;222;213;180m██[38;2;222;213;180m██[38;2;222;213;180m██[38;2;222;213;180m██[38;2;222;213;180m██[38;2;164;156;123m██[38;2;164;156;123m██[38;2;164;156;123m██[38;2;164;156;123m██[38;2;164;156;123m██[38;2;16;16;16m██[38;2;115;106;74m██[38;2;164;156;123m██[38;2;115;106;74m██[38;2;222;213;180m██[38;2;222;213;180m██[38;2;222;213;180m██[38;2;164;156;123m██[38;2;115;106;74m██[38;2;164;156;123m██[38;2;164;156;123m██[38;2;115;106;74m██[38;2;115;106;74m██[38;2;115;106;74m██[38;2;115;106;74m██[38;2;16;16;16m██[38;2;115;106;74m██[38;2;222;213;180m██[38;2;222;213;180m██[38;2;222;213;180m██[38;2;222;213;180m██[38;2;222;213;180m██[38;2;222;213;180m██[38;2;164;156;123m██[38;2;164;156;123m██[38;2;115;106;74m██[38;2;222;213;180m██[38;2;222;213;180m██[38;2;222;213;180m██[38;2;222;213;180m██[38;2;164;156;123m██[38;2;164;156;123m██[38;2;16;16;16m██[38;2;16;16;16m██[38;2;164;156;123m██[38;2;222;213;180m██[38;2;222;213;180m██[38;2;16;16;16m██[38;2;164;156;123m██[38;2;164;156;123m██[38;2;16;16;16m██                [38;2;115;106;74m██[38;2;222;213;180m██[38;2;222;213;180m██[38;2;222;213;180m██[38;2;164;156;123m██[38;2;164;156;123m██[38;2;164;156;123m██[38;2;164;156;123m██[38;2;16;16;16m██
  [38;2;115;106;74m██[38;2;255;246;213m██[38;2;255;246;213m██[38;2;16;16;16m██[38;2;222;213;180m██[38;2;222;213;180m██[38;2;222;213;180m██[38;2;164;156;123m██[38;2;164;156;123m██[38;2;164;156;123m██[38;2;164;156;123m██[38;2;164;156;123m██[38;2;164;156;123m██[38;2;164;156;123m██[38;2;164;156;123m██[38;2;164;156;123m██[38;2;16;16;16m██[38;2;115;106;74m██[38;2;222;213;180m██[38;2;222;213;180m██[38;2;222;213;180m██[38;2;115;106;74m██[38;2;164;156;123m██[38;2;115;106;74m██[38;2;115;90;49m██[38;2;180;164;115m██[38;2;180;164;115m██[38;2;180;164;115m██[38;2;180;164;115m██[38;2;180;164;115m██[38;2;180;164;115m██[38;2;16;16;16m██[38;2;222;213;180m██[38;2;222;213;180m██[38;2;222;213;180m██[38;2;222;213;180m██[38;2;222;213;180m██[38;2;164;156;123m██[38;2;115;106;74m██[38;2;222;213;180m██[38;2;222;213;180m██[38;2;222;213;180m██[38;2;222;213;180m██[38;2;164;156;123m██[38;2;164;156;123m██[38;2;164;156;123m██[38;2;16;16;16m██[38;2;164;156;123m██[38;2;222;213;180m██[38;2;222;213;180m██[38;2;222;213;180m██[38;2;115;106;74m██[38;2;164;156;123m██[38;2;16;16;16m██                [38;2;115;106;74m██[38;2;222;213;180m██[38;2;222;213;180m██[38;2;222;213;180m██[38;2;222;213;180m██[38;2;222;213;180m██[38;2;222;213;180m██[38;2;115;106;74m██[38;2;164;156;123m██[38;2;16;16;16m██
[38;2;115;106;74m██[38;2;255;246;213m██[38;2;255;246;213m██[38;2;255;246;213m██[38;2;16;16;16m██[38;2;164;156;123m██[38;2;164;156;123m██[38;2;164;156;123m██[38;2;164;156;123m██[38;2;164;156;123m██[38;2;164;156;123m██[38;2;164;156;123m██[38;2;164;156;123m██[38;2;164;156;123m██[38;2;164;156;123m██[38;2;164;156;123m██[38;2;16;16;16m██    [38;2;115;106;74m██[38;2;222;213;180m██[38;2;222;213;180m██[38;2;16;16;16m██[38;2;115;106;74m██[38;2;180;164;115m██[38;2;180;164;115m██[38;2;180;164;115m██[38;2;180;164;115m██[38;2;230;213;172m██[38;2;230;213;172m██[38;2;230;213;172m██[38;2;230;213;172m██[38;2;180;164;115m██[38;2;16;16;16m██[38;2;222;213;180m██[38;2;222;213;180m██[38;2;222;213;180m██[38;2;164;156;123m██[38;2;115;106;74m██[38;2;222;213;180m██[38;2;222;213;180m██[38;2;222;213;180m██[38;2;222;213;180m██[38;2;222;213;180m██[38;2;164;156;123m██[38;2;164;156;123m██[38;2;164;156;123m██[38;2;16;16;16m██[38;2;164;156;123m██[38;2;222;213;180m██[38;2;222;213;180m██[38;2;222;213;180m██[38;2;164;156;123m██[38;2;16;16;16m██[38;2;16;16;16m██            [38;2;16;16;16m██[38;2;115;106;74m██[38;2;222;213;180m██[38;2;222;213;180m██[38;2;222;213;180m██[38;2;222;213;180m██[38;2;222;213;180m██[38;2;222;213;180m██[38;2;222;213;180m██[38;2;164;156;123m██[38;2;115;106;74m██[38;2;16;16;16m██
[38;2;16;16;16m██[38;2;16;16;16m██[38;2;16;16;16m██[38;2;16;16;16m██[38;2;164;156;123m██[38;2;164;156;123m██[38;2;164;156;123m██[38;2;164;156;123m██[38;2;164;156;123m██[38;2;164;156;123m██[38;2;164;156;123m██[38;2;164;156;123m██[38;2;164;156;123m██[38;2;164;156;123m██[38;2;115;106;74m██[38;2;16;16;16m██      [38;2;115;106;74m██[38;2;222;213;180m██[38;2;222;213;180m██[38;2;16;16;16m██[38;2;115;90;49m██[38;2;180;164;115m██[38;2;180;164;115m██[38;2;230;213;172m██[38;2;230;213;172m██[38;2;230;213;172m██[38;2;230;213;172m██[38;2;230;213;172m██[38;2;230;213;172m██[38;2;230;213;172m██[38;2;180;164;115m██[38;2;16;16;16m██[38;2;222;213;180m██[38;2;115;106;74m██[38;2;115;106;74m██[38;2;222;213;180m██[38;2;222;213;180m██[38;2;222;213;180m██[38;2;222;213;180m██[38;2;222;213;180m██[38;2;164;156;123m██[38;2;164;156;123m██[38;2;164;156;123m██[38;2;164;156;123m██[38;2;16;16;16m██[38;2;164;156;123m██[38;2;222;213;180m██[38;2;222;213;180m██[38;2;222;213;180m██[38;2;222;213;180m██[38;2;115;106;74m██[38;2;16;16;16m██        [38;2;16;16;16m██[38;2;16;16;16m██[38;2;115;106;74m██[38;2;115;106;74m██[38;2;115;106;74m██[38;2;222;213;180m██[38;2;222;213;180m██[38;2;222;213;180m██[38;2;222;213;180m██[38;2;222;213;180m██[38;2;164;156;123m██[38;2;164;156;123m██[38;2;115;106;74m██[38;2;16;16;16m██
  [38;2;115;106;74m██[38;2;222;213;180m██[38;2;16;16;16m██[38;2;164;156;123m██[38;2;164;156;123m██[38;2;164;156;123m██[38;2;164;156;123m██[38;2;164;156;123m██[38;2;164;156;123m██[38;2;164;156;123m██[38;2;164;156;123m██[38;2;16;16;16m██[38;2;16;16;16m██            [38;2;16;16;16m██[38;2;115;106;74m██[38;2;16;16;16m██[38;2;180;164;115m██[38;2;180;164;115m██[38;2;230;213;172m██[38;2;230;213;172m██[38;2;230;213;172m██[38;2;230;213;172m██[38;2;230;213;172m██[38;2;230;213;172m██[38;2;230;213;172m██[38;2;180;164;115m██[38;2;115;90;49m██[38;2;230;213;172m██[38;2;115;106;74m██[38;2;222;213;180m██[38;2;222;213;180m██[38;2;222;213;180m██[38;2;222;213;180m██[38;2;222;213;180m██[38;2;222;213;180m██[38;2;222;213;180m██[38;2;164;156;123m██[38;2;164;156;123m██[38;2;164;156;123m██[38;2;164;156;123m██[38;2;16;16;16m██[38;2;115;106;74m██[38;2;115;106;74m██[38;2;16;16;16m██[38;2;222;213;180m██[38;2;222;213;180m██[38;2;115;106;74m██[38;2;164;156;123m██[38;2;16;16;16m██[38;2;16;16;16m██[38;2;16;16;16m██[38;2;16;16;16m██[38;2;222;213;180m██[38;2;222;213;180m██[38;2;222;213;180m██[38;2;222;213;180m██[38;2;222;213;180m██[38;2;115;106;74m██[38;2;115;106;74m██[38;2;222;213;180m██[38;2;222;213;180m██[38;2;222;213;180m██[38;2;164;156;123m██[38;2;164;156;123m██[38;2;115;106;74m██[38;2;16;16;16m██
  [38;2;115;106;74m██[38;2;255;255;255m██[38;2;115;106;74m██[38;2;115;106;74m██[38;2;16;16;16m██[38;2;164;156;123m██[38;2;164;156;123m██[38;2;164;156;123m██[38;2;164;156;123m██[38;2;164;156;123m██[38;2;16;16;16m██                  [38;2;16;16;16m██[38;2;115;90;49m██[38;2;115;90;49m██[38;2;230;213;172m██[38;2;230;213;172m██[38;2;230;213;172m██[38;2;230;213;172m██[38;2;230;213;172m██[38;2;180;164;115m██[38;2;115;90;49m██[38;2;115;90;49m██[38;2;230;213;172m██[38;2;230;213;172m██[38;2;230;213;172m██[38;2;115;106;74m██[38;2;222;213;180m██[38;2;222;213;180m██[38;2;222;213;180m██[38;2;222;213;180m██[38;2;222;213;180m██[38;2;222;213;180m██[38;2;164;156;123m██[38;2;164;156;123m██[38;2;164;156;123m██[38;2;164;156;123m██[38;2;16;16;16m██[38;2;222;213;180m██[38;2;222;213;180m██[38;2;222;213;180m██[38;2;164;156;123m██[38;2;16;16;16m██[38;2;16;16;16m██[38;2;164;156;123m██[38;2;115;106;74m██[38;2;164;156;123m██[38;2;115;106;74m██[38;2;115;106;74m██[38;2;164;156;123m██[38;2;164;156;123m██[38;2;222;213;180m██[38;2;222;213;180m██[38;2;222;213;180m██[38;2;222;213;180m██[38;2;222;213;180m██[38;2;222;213;180m██[38;2;164;156;123m██[38;2;222;213;180m██[38;2;164;156;123m██[38;2;164;156;123m██[38;2;164;156;123m██[38;2;164;156;123m██[38;2;16;16;16m██
  [38;2;115;106;74m██[38;2;115;106;74m██  [38;2;115;106;74m██[38;2;222;213;180m██[38;2;115;106;74m██[38;2;164;156;123m██[38;2;164;156;123m██[38;2;16;16;16m██[38;2;16;16;16m██                    [38;2;115;90;49m██[38;2;180;164;115m██[38;2;230;213;172m██[38;2;115;90;49m██[38;2;115;90;49m██[38;2;115;90;49m██[38;2;115;90;49m██[38;2;115;90;49m██[38;2;230;213;172m██[38;2;230;213;172m██[38;2;230;213;172m██[38;2;230;213;172m██[38;2;230;213;172m██[38;2;115;106;74m██[38;2;222;213;180m██[38;2;222;213;180m██[38;2;222;213;180m██[38;2;222;213;180m██[38;2;222;213;180m██[38;2;222;213;180m██[38;2;164;156;123m██[38;2;164;156;123m██[38;2;164;156;123m██[38;2;164;156;123m██[38;2;164;156;123m██[38;2;16;16;16m██[38;2;222;213;180m██[38;2;222;213;180m██[38;2;222;213;180m██[38;2;222;213;180m██[38;2;164;156;123m██[38;2;164;156;123m██[38;2;16;16;16m██[38;2;115;106;74m██[38;2;164;156;123m██[38;2;164;156;123m██[38;2;164;156;123m██[38;2;115;106;74m██[38;2;115;106;74m██[38;2;164;156;123m██[38;2;164;156;123m██[38;2;164;156;123m██[38;2;222;213;180m██[38;2;222;213;180m██[38;2;222;213;180m██[38;2;222;213;180m██[38;2;115;106;74m██[38;2;164;156;123m██[38;2;164;156;123m██[38;2;164;156;123m██[38;2;164;156;123m██[38;2;16;16;16m██
        [38;2;115;106;74m██[38;2;255;255;255m██[38;2;16;16;16m██[38;2;16;16;16m██[38;2;16;16;16m██                        [38;2;115;90;49m██[38;2;230;213;172m██[38;2;230;213;172m██[38;2;230;213;172m██[38;2;230;213;172m██[38;2;230;213;172m██[38;2;230;213;172m██[38;2;230;213;172m██[38;2;230;213;172m██[38;2;230;213;172m██[38;2;230;213;172m██[38;2;230;213;172m██[38;2;164;156;123m██[38;2;115;106;74m██[38;2;164;156;123m██[38;2;222;213;180m██[38;2;222;213;180m██[38;2;222;213;180m██[38;2;164;156;123m██[38;2;164;156;123m██[38;2;164;156;123m██[38;2;164;156;123m██[38;2;164;156;123m██[38;2;164;156;123m██[38;2;164;156;123m██[38;2;16;16;16m██[38;2;222;213;180m██[38;2;222;213;180m██[38;2;222;213;180m██[38;2;222;213;180m██[38;2;222;213;180m██[38;2;164;156;123m██[38;2;164;156;123m██[38;2;16;16;16m██[38;2;164;156;123m██[38;2;164;156;123m██[38;2;164;156;123m██[38;2;164;156;123m██[38;2;164;156;123m██[38;2;115;106;74m██[38;2;164;156;123m██[38;2;164;156;123m██[38;2;164;156;123m██[38;2;164;156;123m██[38;2;164;156;123m██[38;2;164;156;123m██[38;2;115;106;74m██[38;2;164;156;123m██[38;2;164;156;123m██[38;2;164;156;123m██[38;2;16;16;16m██  
        [38;2;115;106;74m██[38;2;16;16;16m██                            [38;2;16;16;16m██[38;2;115;90;49m██[38;2;230;213;172m██[38;2;230;213;172m██[38;2;230;213;172m██[38;2;230;213;172m██[38;2;230;213;172m██[38;2;230;213;172m██[38;2;230;213;172m██[38;2;230;213;172m██[38;2;230;213;172m██[38;2;230;213;172m██[38;2;164;156;123m██[38;2;255;255;255m██[38;2;115;106;74m██[38;2;164;156;123m██[38;2;164;156;123m██[38;2;164;156;123m██[38;2;164;156;123m██[38;2;164;156;123m██[38;2;164;156;123m██[38;2;164;156;123m██[38;2;164;156;123m██[38;2;164;156;123m██[38;2;164;156;123m██[38;2;164;156;123m██[38;2;16;16;16m██[38;2;222;213;180m██[38;2;222;213;180m██[38;2;222;213;180m██[38;2;222;213;180m██[38;2;222;213;180m██[38;2;164;156;123m██[38;2;164;156;123m██[38;2;115;106;74m██[38;2;164;156;123m██[38;2;164;156;123m██[38;2;164;156;123m██[38;2;164;156;123m██[38;2;164;156;123m██[38;2;164;156;123m██[38;2;115;106;74m██[38;2;164;156;123m██[38;2;164;156;123m██[38;2;164;156;123m██[38;2;164;156;123m██[38;2;164;156;123m██[38;2;164;156;123m██[38;2;115;106;74m██[38;2;164;156;123m██[38;2;164;156;123m██[38;2;16;16;16m██  
                                    [38;2;16;16;16m██[38;2;115;106;74m██[38;2;222;213;180m██[38;2;222;213;180m██[38;2;115;90;49m██[38;2;230;213;172m██[38;2;230;213;172m██[38;2;230;213;172m██[38;2;230;213;172m██[38;2;230;213;172m██[38;2;230;213;172m██[38;2;230;213;172m██[38;2;230;213;172m██[38;2;230;213;172m██[38;2;164;156;123m██[38;2;255;255;255m██[38;2;115;106;74m██[38;2;164;156;123m██[38;2;164;156;123m██[38;2;164;156;123m██[38;2;164;156;123m██[38;2;164;156;123m██[38;2;164;156;123m██[38;2;164;156;123m██[38;2;164;156;123m██[38;2;164;156;123m██[38;2;164;156;123m██[38;2;16;16;16m██[38;2;255;246;213m██[38;2;255;246;213m██[38;2;222;213;180m██[38;2;222;213;180m██[38;2;222;213;180m██[38;2;222;213;180m██[38;2;222;213;180m██[38;2;164;156;123m██[38;2;164;156;123m██[38;2;16;16;16m██[38;2;164;156;123m██[38;2;164;156;123m██[38;2;164;156;123m██[38;2;164;156;123m██[38;2;164;156;123m██[38;2;115;106;74m██[38;2;164;156;123m██[38;2;164;156;123m██[38;2;164;156;123m██[38;2;164;156;123m██[38;2;164;156;123m██[38;2;164;156;123m██[38;2;115;106;74m██[38;2;164;156;123m██[38;2;164;156;123m██[38;2;16;16;16m██  
                                  [38;2;16;16;16m██[38;2;222;213;180m██[38;2;255;246;213m██[38;2;255;246;213m██[38;2;222;213;180m██[38;2;16;16;16m██[38;2;115;90;49m██[38;2;230;213;172m██[38;2;230;213;172m██[38;2;230;213;172m██[38;2;230;213;172m██[38;2;230;213;172m██[38;2;230;213;172m██[38;2;230;213;172m██[38;2;115;90;49m██[38;2;16;16;16m██[38;2;16;16;16m██[38;2;16;16;16m██[38;2;164;156;123m██[38;2;164;156;123m██[38;2;164;156;123m██[38;2;164;156;123m██[38;2;164;156;123m██[38;2;164;156;123m██[38;2;164;156;123m██[38;2;164;156;123m██[38;2;164;156;123m██[38;2;164;156;123m██[38;2;16;16;16m██[38;2;255;246;213m██[38;2;255;246;213m██[38;2;222;213;180m██[38;2;222;213;180m██[38;2;222;213;180m██[38;2;222;213;180m██[38;2;222;213;180m██[38;2;164;156;123m██[38;2;164;156;123m██[38;2;115;106;74m██[38;2;164;156;123m██[38;2;164;156;123m██[38;2;164;156;123m██[38;2;164;156;123m██[38;2;164;156;123m██[38;2;164;156;123m██[38;2;115;106;74m██[38;2;164;156;123m██[38;2;164;156;123m██[38;2;164;156;123m██[38;2;164;156;123m██[38;2;164;156;123m██[38;2;115;106;74m██[38;2;164;156;123m██[38;2;16;16;16m██    
                                [38;2;115;106;74m██[38;2;222;213;180m██[38;2;255;246;213m██[38;2;255;246;213m██[38;2;222;213;180m██[38;2;222;213;180m██[38;2;16;16;16m██[38;2;230;213;172m██[38;2;115;90;49m██[38;2;115;90;49m██[38;2;115;90;49m██[38;2;115;90;49m██[38;2;115;90;49m██[38;2;115;90;49m██[38;2;115;90;49m██[38;2;230;213;172m██[38;2;230;213;172m██[38;2;230;213;172m██[38;2;230;213;172m██[38;2;16;16;16m██[38;2;16;16;16m██[38;2;115;106;74m██[38;2;164;156;123m██[38;2;164;156;123m██[38;2;164;156;123m██[38;2;164;156;123m██[38;2;164;156;123m██[38;2;164;156;123m██[38;2;16;16;16m██[38;2;255;246;213m██[38;2;255;246;213m██[38;2;255;246;213m██[38;2;222;213;180m██[38;2;222;213;180m██[38;2;222;213;180m██[38;2;222;213;180m██[38;2;222;213;180m██[38;2;164;156;123m██[38;2;164;156;123m██[38;2;164;156;123m██[38;2;16;16;16m██[38;2;164;156;123m██[38;2;164;156;123m██[38;2;164;156;123m██[38;2;164;156;123m██[38;2;164;156;123m██[38;2;115;106;74m██[38;2;164;156;123m██[38;2;164;156;123m██[38;2;164;156;123m██[38;2;164;156;123m██[38;2;164;156;123m██[38;2;115;106;74m██[38;2;164;156;123m██[38;2;16;16;16m██    
                              [38;2;115;106;74m██[38;2;222;213;180m██[38;2;222;213;180m██[38;2;222;213;180m██[38;2;222;213;180m██[38;2;222;213;180m██[38;2;222;213;180m██[38;2;16;16;16m██[38;2;230;213;172m██[38;2;230;213;172m██[38;2;230;213;172m██[38;2;230;213;172m██[38;2;230;213;172m██[38;2;230;213;172m██[38;2;230;213;172m██[38;2;230;213;172m██[38;2;230;213;172m██[38;2;230;213;172m██[38;2;230;213;172m██[38;2;230;213;172m██[38;2;164;156;123m██[38;2;255;255;255m██[38;2;255;255;255m██[38;2;115;106;74m██[38;2;115;106;74m██[38;2;222;213;180m██[38;2;255;255;255m██[38;2;16;16;16m██[38;2;16;16;16m██[38;2;222;213;180m██[38;2;255;246;213m██[38;2;255;246;213m██[38;2;222;213;180m██[38;2;222;213;180m██[38;2;222;213;180m██[38;2;222;213;180m██[38;2;222;213;180m██[38;2;222;213;180m██[38;2;164;156;123m██[38;2;164;156;123m██[38;2;164;156;123m██[38;2;16;16;16m██[38;2;164;156;123m██[38;2;164;156;123m██[38;2;164;156;123m██[38;2;164;156;123m██[38;2;164;156;123m██[38;2;115;106;74m██[38;2;164;156;123m██[38;2;164;156;123m██[38;2;164;156;123m██[38;2;164;156;123m██[38;2;164;156;123m██[38;2;164;156;123m██[38;2;16;16;16m██      
                            [38;2;115;106;74m██[38;2;222;213;180m██[38;2;222;213;180m██[38;2;222;213;180m██[38;2;222;213;180m██[38;2;222;213;180m██[38;2;222;213;180m██[38;2;164;156;123m██[38;2;164;156;123m██[38;2;115;90;49m██[38;2;180;164;115m██[38;2;230;213;172m██[38;2;230;213;172m██[38;2;230;213;172m██[38;2;230;213;172m██[38;2;230;213;172m██[38;2;230;213;172m██[38;2;230;213;172m██[38;2;180;164;115m██[38;2;180;164;115m██[38;2;180;164;115m██[38;2;164;156;123m██[38;2;255;255;255m██[38;2;16;16;16m██[38;2;16;16;16m██[38;2;164;156;123m██[38;2;255;255;255m██[38;2;16;16;16m██[38;2;222;213;180m██[38;2;222;213;180m██[38;2;222;213;180m██[38;2;222;213;180m██[38;2;222;213;180m██[38;2;222;213;180m██[38;2;222;213;180m██[38;2;222;213;180m██[38;2;222;213;180m██[38;2;222;213;180m██[38;2;222;213;180m██[38;2;164;156;123m██[38;2;164;156;123m██[38;2;164;156;123m██[38;2;115;106;74m██[38;2;164;156;123m██[38;2;164;156;123m██[38;2;164;156;123m██[38;2;164;156;123m██[38;2;164;156;123m██[38;2;115;106;74m██[38;2;164;156;123m██[38;2;164;156;123m██[38;2;164;156;123m██[38;2;164;156;123m██[38;2;164;156;123m██[38;2;164;156;123m██[38;2;16;16;16m██      
                            [38;2;115;106;74m██[38;2;222;213;180m██[38;2;222;213;180m██[38;2;222;213;180m██[38;2;222;213;180m██[38;2;222;213;180m██[38;2;164;156;123m██[38;2;164;156;123m██[38;2;164;156;123m██[38;2;16;16;16m██[38;2;180;164;115m██[38;2;180;164;115m██[38;2;180;164;115m██[38;2;180;164;115m██[38;2;180;164;115m██[38;2;180;164;115m██[38;2;180;164;115m██[38;2;180;164;115m██[38;2;180;164;115m██[38;2;180;164;115m██[38;2;180;164;115m██[38;2;16;16;16m██[38;2;16;16;16m██[38;2;180;164;115m██[38;2;180;164;115m██[38;2;16;16;16m██[38;2;16;16;16m██[38;2;115;106;74m██[38;2;222;213;180m██[38;2;222;213;180m██[38;2;222;213;180m██[38;2;222;213;180m██[38;2;222;213;180m██[38;2;222;213;180m██[38;2;222;213;180m██[38;2;222;213;180m██[38;2;222;213;180m██[38;2;222;213;180m██[38;2;222;213;180m██[38;2;164;156;123m██[38;2;164;156;123m██[38;2;164;156;123m██[38;2;164;156;123m██[38;2;16;16;16m██[38;2;164;156;123m██[38;2;164;156;123m██[38;2;164;156;123m██[38;2;164;156;123m██[38;2;115;106;74m██[38;2;164;156;123m██[38;2;164;156;123m██[38;2;164;156;123m██[38;2;164;156;123m██[38;2;164;156;123m██[38;2;115;106;74m██        
                          [38;2;115;106;74m██[38;2;164;156;123m██[38;2;222;213;180m██[38;2;222;213;180m██[38;2;222;213;180m██[38;2;164;156;123m██[38;2;164;156;123m██[38;2;164;156;123m██[38;2;164;156;123m██[38;2;115;106;74m██[38;2;16;16;16m██[38;2;115;90;49m██[38;2;180;164;115m██[38;2;180;164;115m██[38;2;180;164;115m██[38;2;180;164;115m██[38;2;180;164;115m██[38;2;180;164;115m██[38;2;180;164;115m██[38;2;180;164;115m██[38;2;180;164;115m██[38;2;180;164;115m██[38;2;180;164;115m██[38;2;180;164;115m██[38;2;115;90;49m██[38;2;115;90;49m██[38;2;180;164;115m██[38;2;180;164;115m██[38;2;115;106;74m██[38;2;164;156;123m██[38;2;222;213;180m██[38;2;222;213;180m██[38;2;222;213;180m██[38;2;222;213;180m██[38;2;222;213;180m██[38;2;222;213;180m██[38;2;222;213;180m██[38;2;222;213;180m██[38;2;222;213;180m██[38;2;164;156;123m██[38;2;164;156;123m██[38;2;164;156;123m██[38;2;164;156;123m██[38;2;164;156;123m██[38;2;16;16;16m██[38;2;164;156;123m██[38;2;164;156;123m██[38;2;164;156;123m██[38;2;164;156;123m██[38;2;115;106;74m██[38;2;164;156;123m██[38;2;164;156;123m██[38;2;164;156;123m██[38;2;164;156;123m██[38;2;115;106;74m██[38;2;16;16;16m██        
                          [38;2;115;106;74m██[38;2;164;156;123m██[38;2;164;156;123m██[38;2;164;156;123m██[38;2;164;156;123m██[38;2;164;156;123m██[38;2;164;156;123m██[38;2;164;156;123m██[38;2;115;106;74m██[38;2;164;156;123m██[38;2;164;156;123m██[38;2;16;16;16m██[38;2;115;90;49m██[38;2;180;164;115m██[38;2;180;164;115m██[38;2;180;164;115m██[38;2;180;164;115m██[38;2;180;164;115m██[38;2;180;164;115m██[38;2;180;164;115m██[38;2;180;164;115m██[38;2;115;90;49m██[38;2;115;90;49m██[38;2;115;90;49m██[38;2;180;164;115m██[38;2;180;164;115m██[38;2;180;164;115m██[38;2;180;164;115m██[38;2;16;16;16m██[38;2;115;106;74m██[38;2;222;213;180m██[38;2;222;213;180m██[38;2;222;213;180m██[38;2;222;213;180m██[38;2;222;213;180m██[38;2;222;213;180m██[38;2;222;213;180m██[38;2;222;213;180m██[38;2;222;213;180m██[38;2;164;156;123m██[38;2;164;156;123m██[38;2;164;156;123m██[38;2;164;156;123m██[38;2;164;156;123m██[38;2;16;16;16m██[38;2;164;156;123m██[38;2;164;156;123m██[38;2;164;156;123m██[38;2;164;156;123m██[38;2;115;106;74m██[38;2;164;156;123m██[38;2;164;156;123m██[38;2;164;156;123m██[38;2;164;156;123m██[38;2;16;16;16m██          
                          [38;2;16;16;16m██[38;2;164;156;123m██[38;2;164;156;123m██[38;2;164;156;123m██[38;2;164;156;123m██[38;2;164;156;123m██[38;2;164;156;123m██[38;2;115;106;74m██[38;2;164;156;123m██[38;2;164;156;123m██[38;2;164;156;123m██[38;2;16;16;16m██[38;2;180;164;115m██[38;2;115;90;49m██[38;2;115;90;49m██[38;2;115;90;49m██[38;2;115;90;49m██[38;2;115;90;49m██[38;2;115;90;49m██[38;2;115;90;49m██[38;2;115;90;49m██[38;2;180;164;115m██[38;2;180;164;115m██[38;2;180;164;115m██[38;2;180;164;115m██[38;2;180;164;115m██[38;2;180;164;115m██[38;2;180;164;115m██[38;2;16;16;16m██[38;2;115;106;74m██[38;2;164;156;123m██[38;2;222;213;180m██[38;2;222;213;180m██[38;2;222;213;180m██[38;2;222;213;180m██[38;2;222;213;180m██[38;2;222;213;180m██[38;2;222;213;180m██[38;2;164;156;123m██[38;2;164;156;123m██[38;2;164;156;123m██[38;2;164;156;123m██[38;2;164;156;123m██[38;2;164;156;123m██[38;2;16;16;16m██[38;2;164;156;123m██[38;2;164;156;123m██[38;2;164;156;123m██[38;2;164;156;123m██[38;2;115;106;74m██[38;2;164;156;123m██[38;2;164;156;123m██[38;2;164;156;123m██[38;2;16;16;16m██            
                          [38;2;16;16;16m██[38;2;164;156;123m██[38;2;164;156;123m██[38;2;164;156;123m██[38;2;164;156;123m██[38;2;164;156;123m██[38;2;164;156;123m██[38;2;115;106;74m██[38;2;164;156;123m██[38;2;164;156;123m██[38;2;164;156;123m██[38;2;164;156;123m██[38;2;16;16;16m██[38;2;180;164;115m██[38;2;180;164;115m██[38;2;180;164;115m██[38;2;180;164;115m██[38;2;180;164;115m██[38;2;180;164;115m██[38;2;180;164;115m██[38;2;180;164;115m██[38;2;180;164;115m██[38;2;180;164;115m██[38;2;180;164;115m██[38;2;180;164;115m██[38;2;180;164;115m██[38;2;180;164;115m██[38;2;180;164;115m██[38;2;16;16;16m██[38;2;164;156;123m██[38;2;115;106;74m██[38;2;164;156;123m██[38;2;222;213;180m██[38;2;222;213;180m██[38;2;222;213;180m██[38;2;222;213;180m██[38;2;164;156;123m██[38;2;164;156;123m██[38;2;164;156;123m██[38;2;164;156;123m██[38;2;164;156;123m██[38;2;164;156;123m██[38;2;164;156;123m██[38;2;164;156;123m██[38;2;16;16;16m██[38;2;164;156;123m██[38;2;164;156;123m██[38;2;164;156;123m██[38;2;115;106;74m██[38;2;164;156;123m██[38;2;164;156;123m██[38;2;164;156;123m██[38;2;16;16;16m██              
                            [38;2;16;16;16m██[38;2;164;156;123m██[38;2;164;156;123m██[38;2;164;156;123m██[38;2;164;156;123m██[38;2;115;106;74m██[38;2;164;156;123m██[38;2;164;156;123m██[38;2;164;156;123m██[38;2;164;156;123m██[38;2;164;156;123m██[38;2;164;156;123m██[38;2;16;16;16m██[38;2;180;164;115m██[38;2;180;164;115m██[38;2;180;164;115m██[38;2;180;164;115m██[38;2;180;164;115m██[38;2;180;164;115m██[38;2;180;164;115m██[38;2;180;164;115m██[38;2;180;164;115m██[38;2;180;164;115m██[38;2;180;164;115m██[38;2;180;164;115m██[38;2;180;164;115m██[38;2;180;164;115m██[38;2;16;16;16m██[38;2;164;156;123m██[38;2;115;106;74m██[38;2;164;156;123m██[38;2;164;156;123m██[38;2;164;156;123m██[38;2;164;156;123m██[38;2;164;156;123m██[38;2;164;156;123m██[38;2;164;156;123m██[38;2;164;156;123m██[38;2;164;156;123m██[38;2;164;156;123m██[38;2;164;156;123m██[38;2;164;156;123m██[38;2;164;156;123m██[38;2;115;106;74m██[38;2;164;156;123m██[38;2;164;156;123m██[38;2;164;156;123m██[38;2;115;106;74m██[38;2;164;156;123m██[38;2;164;156;123m██[38;2;16;16;16m██                
                              [38;2;16;16;16m██[38;2;164;156;123m██[38;2;164;156;123m██[38;2;164;156;123m██[38;2;115;106;74m██[38;2;164;156;123m██[38;2;164;156;123m██[38;2;164;156;123m██[38;2;164;156;123m██[38;2;164;156;123m██[38;2;164;156;123m██[38;2;164;156;123m██[38;2;16;16;16m██[38;2;115;90;49m██[38;2;180;164;115m██[38;2;180;164;115m██[38;2;180;164;115m██[38;2;180;164;115m██[38;2;180;164;115m██[38;2;180;164;115m██[38;2;180;164;115m██[38;2;180;164;115m██[38;2;180;164;115m██[38;2;180;164;115m██[38;2;180;164;115m██[38;2;115;90;49m██[38;2;115;90;49m██[38;2;115;106;74m██[38;2;164;156;123m██[38;2;115;106;74m██[38;2;164;156;123m██[38;2;164;156;123m██[38;2;164;156;123m██[38;2;164;156;123m██[38;2;164;156;123m██[38;2;164;156;123m██[38;2;164;156;123m██[38;2;164;156;123m██[38;2;164;156;123m██[38;2;164;156;123m██[38;2;164;156;123m██[38;2;115;106;74m██[38;2;164;156;123m██[38;2;164;156;123m██[38;2;164;156;123m██[38;2;115;106;74m██[38;2;164;156;123m██[38;2;16;16;16m██[38;2;16;16;16m██                  
                              [38;2;115;106;74m██[38;2;16;16;16m██[38;2;115;106;74m██[38;2;164;156;123m██[38;2;164;156;123m██[38;2;164;156;123m██[38;2;164;156;123m██[38;2;164;156;123m██[38;2;164;156;123m██[38;2;164;156;123m██[38;2;164;156;123m██[38;2;115;106;74m██[38;2;115;106;74m██[38;2;16;16;16m██[38;2;115;90;49m██[38;2;115;90;49m██[38;2;115;90;49m██[38;2;180;164;115m██[38;2;180;164;115m██[38;2;180;164;115m██[38;2;180;164;115m██[38;2;180;164;115m██[38;2;115;90;49m██[38;2;115;106;74m██[38;2;115;106;74m██[38;2;164;156;123m██[38;2;164;156;123m██[38;2;16;16;16m██[38;2;164;156;123m██[38;2;164;156;123m██[38;2;115;106;74m██[38;2;164;156;123m██[38;2;164;156;123m██[38;2;164;156;123m██[38;2;164;156;123m██[38;2;164;156;123m██[38;2;164;156;123m██[38;2;164;156;123m██[38;2;164;156;123m██[38;2;115;106;74m██[38;2;164;156;123m██[38;2;16;16;16m██[38;2;164;156;123m██[38;2;164;156;123m██[38;2;115;106;74m██[38;2;16;16;16m██[38;2;16;16;16m██                      
                          [38;2;115;106;74m██[38;2;164;156;123m██[38;2;222;213;180m██[38;2;164;156;123m██[38;2;164;156;123m██[38;2;164;156;123m██[38;2;164;156;123m██[38;2;164;156;123m██[38;2;164;156;123m██[38;2;115;106;74m██[38;2;16;16;16m██[38;2;115;106;74m██[38;2;16;16;16m██      [38;2;16;16;16m██[38;2;115;106;74m██[38;2;115;106;74m██[38;2;115;106;74m██[38;2;115;106;74m██[38;2;115;106;74m██[38;2;115;106;74m██[38;2;115;106;74m██[38;2;115;106;74m██[38;2;164;156;123m██[38;2;164;156;123m██[38;2;164;156;123m██[38;2;164;156;123m██[38;2;164;156;123m██[38;2;16;16;16m██[38;2;164;156;123m██[38;2;164;156;123m██[38;2;115;106;74m██[38;2;164;156;123m██[38;2;164;156;123m██[38;2;164;156;123m██[38;2;164;156;123m██[38;2;164;156;123m██[38;2;164;156;123m██[38;2;164;156;123m██[38;2;115;106;74m██[38;2;164;156;123m██[38;2;16;16;16m██[38;2;16;16;16m██[38;2;16;16;16m██[38;2;16;16;16m██                          
                        [38;2;115;106;74m██[38;2;255;255;255m██[38;2;222;213;180m██[38;2;115;106;74m██[38;2;115;106;74m██[38;2;164;156;123m██[38;2;164;156;123m██[38;2;164;156;123m██[38;2;164;156;123m██[38;2;164;156;123m██[38;2;164;156;123m██[38;2;164;156;123m██[38;2;164;156;123m██[38;2;16;16;16m██        [38;2;16;16;16m██[38;2;16;16;16m██[38;2;16;16;16m██[38;2;164;156;123m██[38;2;164;156;123m██[38;2;164;156;123m██[38;2;164;156;123m██[38;2;164;156;123m██[38;2;164;156;123m██[38;2;164;156;123m██[38;2;164;156;123m██[38;2;164;156;123m██[38;2;164;156;123m██[38;2;164;156;123m██[38;2;16;16;16m██[38;2;16;16;16m██[38;2;164;156;123m██[38;2;115;106;74m██[38;2;164;156;123m██[38;2;164;156;123m██[38;2;164;156;123m██[38;2;164;156;123m██[38;2;164;156;123m██[38;2;115;106;74m██[38;2;164;156;123m██[38;2;164;156;123m██[38;2;16;16;16m██                                
                        [38;2;16;16;16m██[38;2;16;16;16m██[38;2;115;106;74m██[38;2;255;255;255m██[38;2;255;255;255m██[38;2;255;255;255m██[38;2;255;255;255m██[38;2;164;156;123m██[38;2;164;156;123m██[38;2;164;156;123m██[38;2;115;106;74m██[38;2;16;16;16m██[38;2;16;16;16m██                [38;2;115;106;74m██[38;2;115;106;74m██[38;2;16;16;16m██[38;2;16;16;16m██[38;2;164;156;123m██[38;2;164;156;123m██[38;2;164;156;123m██[38;2;164;156;123m██[38;2;164;156;123m██[38;2;164;156;123m██[38;2;164;156;123m██[38;2;164;156;123m██[38;2;16;16;16m██[38;2;164;156;123m██[38;2;164;156;123m██[38;2;222;213;180m██[38;2;222;213;180m██[38;2;164;156;123m██[38;2;164;156;123m██[38;2;164;156;123m██[38;2;164;156;123m██[38;2;164;156;123m██[38;2;164;156;123m██[38;2;164;156;123m██[38;2;16;16;16m██                              
                          [38;2;115;106;74m██[38;2;255;255;255m██[38;2;255;255;255m██[38;2;222;213;180m██[38;2;115;106;74m██[38;2;16;16;16m██[38;2;16;16;16m██[38;2;16;16;16m██[38;2;16;16;16m██                              [38;2;115;106;74m██[38;2;115;106;74m██[38;2;16;16;16m██[38;2;16;16;16m██[38;2;16;16;16m██[38;2;16;16;16m██[38;2;16;16;16m██[38;2;16;16;16m██[38;2;164;156;123m██[38;2;222;213;180m██[38;2;222;213;180m██[38;2;222;213;180m██[38;2;222;213;180m██[38;2;222;213;180m██[38;2;222;213;180m██[38;2;164;156;123m██[38;2;164;156;123m██[38;2;164;156;123m██[38;2;115;106;74m██[38;2;115;106;74m██[38;2;16;16;16m██                              
                          [38;2;16;16;16m██[38;2;16;16;16m██[38;2;16;16;16m██[38;2;16;16;16m██                                                      [38;2;16;16;16m██[38;2;222;213;180m██[38;2;222;213;180m██[38;2;164;156;123m██[38;2;164;156;123m██[38;2;115;106;74m██[38;2;222;213;180m██[38;2;222;213;180m██[38;2;222;213;180m██[38;2;164;156;123m██[38;2;115;106;74m██[38;2;255;255;255m██[38;2;222;213;180m██[38;2;115;106;74m██[38;2;16;16;16m██                            
                                                                                        [38;2;16;16;16m██[38;2;222;213;180m██[38;2;164;156;123m██[38;2;255;255;255m██[38;2;255;255;255m██[38;2;255;255;255m██[38;2;115;106;74m██[38;2;222;213;180m██[38;2;164;156;123m██[38;2;115;106;74m██[38;2;255;255;255m██[38;2;255;255;255m██[38;2;255;255;255m██[38;2;222;213;180m██[38;2;115;106;74m██                            
                                                                                          [38;2;16;16;16m██[38;2;16;16;16m██[38;2;222;213;180m██[38;2;255;255;255m██[38;2;255;255;255m██[38;2;255;255;255m██[38;2;115;106;74m██[38;2;16;16;16m██[38;2;16;16;16m██[38;2;16;16;16m██[38;2;222;213;180m██[38;2;255;255;255m██[38;2;255;255;255m██[38;2;222;213;180m██[38;2;16;16;16m██                          
                                                                                              [38;2;16;16;16m██[38;2;16;16;16m██[38;2;222;213;180m██[38;2;222;213;180m██[38;2;16;16;16m██      [38;2;16;16;16m██[38;2;16;16;16m██[38;2;16;16;16m██[38;2;16;16;16m██[38;2;16;16;16m██                          
                                                                                                  [38;2;16;16;16m██[38;2;16;16;16m██[38;2;16;16;16m██                                          
