                                                            [38;2;213;65;74m██[38;2;0;0;0m██                                                        
                                    [38;2;213;65;74m██[38;2;0;0;0m██[38;2;213;65;74m██                  [38;2;213;65;74m██[38;2;255;205;222m██[38;2;0;0;0m██                                                      
                                    [38;2;213;65;74m██[38;2;255;205;222m██[38;2;255;205;222m██[38;2;213;65;74m██                [38;2;246;115;123m██[38;2;255;205;222m██[38;2;0;0;0m██                                                      
                                      [38;2;213;65;74m██[38;2;255;205;222m██[38;2;0;0;0m██  [38;2;213;65;74m██[38;2;213;65;74m██        [38;2;213;65;74m██[38;2;255;205;222m██[38;2;255;205;222m██[38;2;213;65;74m██                                                      
                                    [38;2;213;65;74m██[38;2;255;205;222m██[38;2;255;205;222m██[38;2;255;205;222m██[38;2;0;0;0m██[38;2;255;205;222m██[38;2;0;0;0m██      [38;2;213;65;74m██[38;2;255;205;222m██[38;2;255;205;222m██[38;2;255;205;222m██[38;2;255;205;222m██[38;2;213;65;74m██                                                    
                                    [38;2;0;0;0m██[38;2;255;205;222m██[38;2;255;205;222m██[38;2;255;205;222m██[38;2;255;205;222m██[38;2;255;205;222m██[38;2;0;0;0m██  [38;2;213;65;74m██[38;2;246;115;123m██[38;2;246;164;189m██[38;2;255;205;222m██[38;2;255;205;222m██[38;2;255;205;222m██[38;2;255;205;222m██[38;2;213;65;74m██                                                    
                                      [38;2;213;65;74m██[38;2;255;205;222m██[38;2;255;205;222m██[38;2;255;205;222m██[38;2;213;65;74m██  [38;2;213;65;74m██[38;2;246;164;189m██[38;2;255;205;222m██[38;2;255;205;222m██[38;2;255;205;222m██[38;2;255;205;222m██[38;2;255;205;222m██[38;2;213;65;74m██                  [38;2;0;0;0m██[38;2;98;98;98m██  [38;2;98;98;98m██[38;2;98;98;98m██                          
                                    [38;2;213;65;74m██[38;2;255;205;222m██[38;2;255;205;222m██[38;2;255;205;222m██[38;2;255;205;222m██[38;2;0;0;0m██  [38;2;213;65;74m██[38;2;255;205;222m██[38;2;255;205;222m██[38;2;255;205;222m██[38;2;255;205;222m██[38;2;255;205;222m██[38;2;255;205;222m██[38;2;0;0;0m██            [38;2;98;98;98m██[38;2;98;98;98m██  [38;2;0;0;0m██[38;2;255;255;255m██[38;2;98;98;98m██[38;2;0;0;0m██[38;2;255;255;255m██[38;2;98;98;98m██                        
            [38;2;0;0;0m██[38;2;0;0;0m██                  [38;2;213;65;74m██[38;2;255;205;222m██[38;2;255;205;222m██[38;2;255;205;222m██[38;2;255;205;222m██[38;2;246;164;189m██[38;2;246;164;189m██[38;2;0;0;0m██[38;2;213;65;74m██[38;2;255;205;222m██[38;2;255;205;222m██[38;2;255;205;222m██[38;2;255;205;222m██[38;2;255;205;222m██[38;2;255;205;222m██[38;2;255;205;222m██[38;2;213;65;74m██          [38;2;0;0;0m██[38;2;255;255;255m██[38;2;98;98;98m██[38;2;0;0;0m██[38;2;255;255;255m██[38;2;197;197;197m██[38;2;0;0;0m██[38;2;255;255;255m██[38;2;197;197;197m██[38;2;0;0;0m██                      
    [38;2;98;98;98m██[38;2;0;0;0m██  [38;2;98;98;98m██[38;2;255;255;255m██[38;2;0;0;0m██  [38;2;0;0;0m██[38;2;0;0;0m██          [38;2;172;49;49m██[38;2;222;65;82m██[38;2;255;106;123m██[38;2;255;205;222m██[38;2;246;164;189m██[38;2;255;205;222m██[38;2;255;205;222m██[38;2;246;164;189m██[38;2;246;164;189m██[38;2;213;65;74m██[38;2;246;164;189m██[38;2;255;205;222m██[38;2;255;205;222m██[38;2;255;205;222m██[38;2;255;205;222m██[38;2;255;205;222m██[38;2;246;164;189m██[38;2;213;65;74m██          [38;2;0;0;0m██[38;2;197;197;197m██[38;2;255;255;255m██[38;2;197;197;197m██[38;2;172;49;49m██[38;2;197;197;197m██[38;2;172;49;49m██[38;2;172;49;49m██[38;2;197;197;197m██[38;2;0;0;0m██[38;2;98;98;98m██                    
    [38;2;98;98;98m██[38;2;255;255;255m██[38;2;98;98;98m██[38;2;255;255;255m██[38;2;197;197;197m██[38;2;98;98;98m██[38;2;0;0;0m██[38;2;255;255;255m██[38;2;0;0;0m██        [38;2;172;49;49m██[38;2;222;65;82m██[38;2;255;106;123m██[38;2;255;106;123m██[38;2;246;164;189m██[38;2;255;106;123m██[38;2;255;106;123m██[38;2;246;164;189m██[38;2;172;49;49m██[38;2;213;65;74m██[38;2;246;164;189m██[38;2;222;65;82m██[38;2;255;205;222m██[38;2;255;205;222m██[38;2;246;164;189m██[38;2;246;164;189m██[38;2;246;164;189m██[38;2;0;0;0m██              [38;2;0;0;0m██[38;2;255;255;255m██[38;2;172;49;49m██[38;2;255;106;123m██[38;2;222;65;82m██[38;2;222;65;82m██[38;2;222;65;82m██[38;2;172;49;49m██[38;2;98;98;98m██[38;2;255;255;255m██[38;2;98;98;98m██                  
  [38;2;98;98;98m██[38;2;197;197;197m██[38;2;255;255;255m██[38;2;0;0;0m██[38;2;197;197;197m██[38;2;172;49;49m██[38;2;197;197;197m██[38;2;255;255;255m██[38;2;197;197;197m██[38;2;0;0;0m██        [38;2;172;49;49m██[38;2;255;106;123m██[38;2;255;106;123m██[38;2;255;106;123m██[38;2;255;106;123m██[38;2;255;106;123m██[38;2;172;49;49m██[38;2;172;49;49m██[38;2;255;106;123m██[38;2;255;106;123m██[38;2;255;106;123m██[38;2;255;106;123m██[38;2;246;164;189m██[38;2;222;65;82m██[38;2;255;106;123m██[38;2;246;164;189m██[38;2;0;0;0m██                  [38;2;0;0;0m██[38;2;222;65;82m██[38;2;255;106;123m██[38;2;255;106;123m██[38;2;222;65;82m██[38;2;222;65;82m██[38;2;222;65;82m██[38;2;172;49;49m██[38;2;197;197;197m██[38;2;0;0;0m██                  
[38;2;98;98;98m██[38;2;0;0;0m██[38;2;197;197;197m██[38;2;0;0;0m██[38;2;172;49;49m██[38;2;222;65;82m██[38;2;222;65;82m██[38;2;172;49;49m██[38;2;197;197;197m██[38;2;0;0;0m██        [38;2;172;49;49m██[38;2;255;106;123m██[38;2;255;106;123m██[38;2;255;106;123m██[38;2;255;106;123m██[38;2;255;106;123m██[38;2;172;49;49m██[38;2;222;65;82m██[38;2;255;106;123m██[38;2;255;106;123m██[38;2;255;106;123m██[38;2;255;106;123m██[38;2;255;106;123m██[38;2;255;106;123m██[38;2;255;106;123m██[38;2;255;106;123m██[38;2;213;65;74m██[38;2;0;0;0m██                  [38;2;0;0;0m██[38;2;222;65;82m██[38;2;222;65;82m██[38;2;255;106;123m██[38;2;255;106;123m██[38;2;222;65;82m██[38;2;222;65;82m██[38;2;222;65;82m██[38;2;0;0;0m██[38;2;0;0;0m██                  
[38;2;98;98;98m██[38;2;197;197;197m██[38;2;0;0;0m██[38;2;222;65;82m██[38;2;255;106;123m██[38;2;255;106;123m██[38;2;255;106;123m██[38;2;222;65;82m██[38;2;172;49;49m██[38;2;0;0;0m██        [38;2;172;49;49m██[38;2;255;106;123m██[38;2;255;106;123m██[38;2;255;106;123m██[38;2;255;106;123m██[38;2;172;49;49m██[38;2;222;65;82m██[38;2;255;106;123m██[38;2;255;106;123m██[38;2;255;106;123m██[38;2;255;106;123m██[38;2;255;106;123m██[38;2;255;106;123m██[38;2;255;106;123m██[38;2;255;106;123m██[38;2;222;65;82m██[38;2;0;0;0m██    [38;2;172;49;49m██[38;2;172;49;49m██            [38;2;98;98;98m██[38;2;197;197;197m██[38;2;255;106;123m██[38;2;255;106;123m██[38;2;222;65;82m██[38;2;222;65;82m██[38;2;222;65;82m██[38;2;222;65;82m██[38;2;0;0;0m██                    
[38;2;0;0;0m██[38;2;197;197;197m██[38;2;172;49;49m██[38;2;255;106;123m██[38;2;255;106;123m██[38;2;222;65;82m██[38;2;222;65;82m██[38;2;98;98;98m██[38;2;0;0;0m██          [38;2;0;0;0m██[38;2;222;65;82m██[38;2;255;106;123m██[38;2;255;106;123m██[38;2;255;106;123m██[38;2;172;49;49m██[38;2;222;65;82m██[38;2;255;106;123m██[38;2;255;106;123m██[38;2;255;106;123m██[38;2;255;106;123m██[38;2;255;106;123m██[38;2;255;106;123m██[38;2;255;106;123m██[38;2;222;65;82m██[38;2;222;65;82m██[38;2;222;65;82m██[38;2;0;0;0m██[38;2;172;49;49m██[38;2;255;106;123m██[38;2;172;49;49m██    [38;2;172;49;49m██[38;2;172;49;49m██  [38;2;98;98;98m██[38;2;255;255;255m██[38;2;255;255;255m██[38;2;197;197;197m██[38;2;255;106;123m██[38;2;255;106;123m██[38;2;222;65;82m██[38;2;222;65;82m██[38;2;222;65;82m██[38;2;0;0;0m██                    
  [38;2;0;0;0m██[38;2;255;106;123m██[38;2;255;106;123m██[38;2;222;65;82m██[38;2;222;65;82m██[38;2;197;197;197m██[38;2;255;255;255m██[38;2;0;0;0m██            [38;2;0;0;0m██[38;2;222;65;82m██[38;2;222;65;82m██[38;2;222;65;82m██[38;2;0;0;0m██[38;2;222;65;82m██[38;2;222;65;82m██[38;2;255;106;123m██[38;2;255;106;123m██[38;2;255;106;123m██[38;2;255;106;123m██[38;2;222;65;82m██[38;2;222;65;82m██[38;2;222;65;82m██[38;2;222;65;82m██[38;2;222;65;82m██[38;2;222;65;82m██[38;2;255;106;123m██[38;2;255;106;123m██[38;2;0;0;0m██  [38;2;172;49;49m██[38;2;255;106;123m██[38;2;0;0;0m██  [38;2;172;49;49m██[38;2;0;0;0m██[38;2;172;49;49m██[38;2;0;0;0m██[38;2;222;65;82m██[38;2;255;106;123m██[38;2;255;106;123m██[38;2;222;65;82m██[38;2;0;0;0m██                      
  [38;2;0;0;0m██[38;2;255;106;123m██[38;2;255;106;123m██[38;2;255;106;123m██[38;2;255;106;123m██[38;2;255;255;255m██[38;2;0;0;0m██[38;2;172;49;49m██            [38;2;98;98;98m██[38;2;0;0;0m██[38;2;172;49;49m██[38;2;172;49;49m██[38;2;172;49;49m██[38;2;0;0;0m██[38;2;222;65;82m██[38;2;222;65;82m██[38;2;222;65;82m██[38;2;222;65;82m██[38;2;222;65;82m██[38;2;222;65;82m██[38;2;222;65;82m██[38;2;255;106;123m██[38;2;222;65;82m██[38;2;222;65;82m██[38;2;222;65;82m██[38;2;222;65;82m██[38;2;0;0;0m██  [38;2;172;49;49m██[38;2;255;106;123m██[38;2;222;65;82m██[38;2;0;0;0m██[38;2;172;49;49m██[38;2;222;65;82m██[38;2;255;106;123m██[38;2;255;106;123m██[38;2;222;65;82m██[38;2;0;0;0m██[38;2;0;0;0m██[38;2;172;49;49m██[38;2;172;49;49m██[38;2;0;0;0m██                      
  [38;2;0;0;0m██[38;2;255;106;123m██[38;2;255;106;123m██[38;2;255;106;123m██[38;2;255;106;123m██[38;2;172;49;49m██[38;2;222;65;82m██[38;2;172;49;49m██[38;2;0;0;0m██[38;2;0;0;0m██        [38;2;98;98;98m██[38;2;255;255;255m██[38;2;0;0;0m██[38;2;197;197;197m██[38;2;98;98;98m██[38;2;172;49;49m██[38;2;0;0;0m██[38;2;255;255;255m██[38;2;255;255;255m██[38;2;0;0;0m██[38;2;255;255;255m██[38;2;197;197;197m██[38;2;255;106;123m██[38;2;255;106;123m██[38;2;222;65;82m██[38;2;222;65;82m██[38;2;222;65;82m██[38;2;172;49;49m██  [38;2;172;49;49m██[38;2;255;106;123m██[38;2;222;65;82m██[38;2;172;49;49m██  [38;2;172;49;49m██[38;2;255;106;123m██[38;2;255;106;123m██[38;2;172;49;49m██[38;2;222;65;82m██[38;2;222;65;82m██[38;2;222;65;82m██[38;2;222;65;82m██[38;2;0;0;0m██              [38;2;255;205;222m██        
    [38;2;0;0;0m██[38;2;222;65;82m██[38;2;222;65;82m██[38;2;222;65;82m██[38;2;222;65;82m██[38;2;172;49;49m██[38;2;255;106;123m██[38;2;222;65;82m██[38;2;222;65;82m██[38;2;0;0;0m██      [38;2;172;49;49m██[38;2;172;49;49m██[38;2;255;255;255m██[38;2;172;49;49m██[38;2;255;131;131m██[38;2;255;205;189m██[38;2;255;131;131m██[38;2;172;49;49m██[38;2;197;197;197m██[38;2;255;255;255m██[38;2;197;197;197m██[38;2;255;106;123m██[38;2;255;106;123m██[38;2;255;106;123m██[38;2;222;65;82m██[38;2;222;65;82m██[38;2;222;65;82m██[38;2;0;0;0m██[38;2;172;49;49m██[38;2;255;106;123m██[38;2;222;65;82m██[38;2;222;65;82m██[38;2;0;0;0m██  [38;2;0;0;0m██[38;2;222;65;82m██[38;2;172;49;49m██[38;2;255;106;123m██[38;2;255;106;123m██[38;2;172;49;49m██[38;2;222;65;82m██[38;2;172;49;49m██                [38;2;255;205;222m██[38;2;255;205;222m██      
      [38;2;0;0;0m██[38;2;0;0;0m██[38;2;172;49;49m██[38;2;255;106;123m██[38;2;255;106;123m██[38;2;255;106;123m██[38;2;172;49;49m██[38;2;222;65;82m██[38;2;0;0;0m██    [38;2;172;49;49m██[38;2;255;131;131m██[38;2;255;205;189m██[38;2;255;205;189m██[38;2;255;205;189m██[38;2;255;205;189m██[38;2;255;205;189m██[38;2;255;205;189m██[38;2;255;205;189m██[38;2;255;131;131m██[38;2;255;106;123m██[38;2;172;49;49m██[38;2;255;106;123m██[38;2;255;106;123m██[38;2;255;106;123m██[38;2;222;65;82m██[38;2;222;65;82m██[38;2;172;49;49m██[38;2;0;0;0m██[38;2;222;65;82m██[38;2;222;65;82m██[38;2;222;65;82m██[38;2;172;49;49m██  [38;2;172;49;49m██[38;2;0;0;0m██[38;2;0;0;0m██[38;2;255;106;123m██[38;2;255;106;123m██[38;2;172;49;49m██[38;2;222;65;82m██[38;2;222;65;82m██[38;2;0;0;0m██        [38;2;255;205;222m██        [38;2;255;205;222m██[38;2;255;205;222m██    
        [38;2;0;0;0m██[38;2;255;106;123m██[38;2;222;65;82m██[38;2;222;65;82m██[38;2;255;106;123m██[38;2;255;106;123m██[38;2;0;0;0m██[38;2;0;0;0m██[38;2;0;0;0m██  [38;2;172;49;49m██[38;2;255;131;131m██[38;2;255;131;131m██[38;2;0;0;0m██[38;2;172;49;49m██[38;2;255;131;131m██[38;2;255;205;189m██[38;2;255;205;189m██[38;2;255;205;189m██[38;2;255;205;189m██[38;2;255;205;189m██[38;2;255;131;131m██[38;2;172;49;49m██[38;2;255;106;123m██[38;2;222;65;82m██[38;2;222;65;82m██[38;2;222;65;82m██[38;2;0;0;0m██[38;2;222;65;82m██[38;2;222;65;82m██[38;2;222;65;82m██[38;2;222;65;82m██[38;2;172;49;49m██[38;2;172;49;49m██[38;2;255;106;123m██[38;2;255;106;123m██[38;2;222;65;82m██[38;2;0;0;0m██[38;2;0;0;0m██[38;2;172;49;49m██[38;2;222;65;82m██[38;2;222;65;82m██[38;2;0;0;0m██        [38;2;255;205;222m██[38;2;255;205;222m██[38;2;255;205;222m██  [38;2;255;205;222m██[38;2;255;205;222m██[38;2;255;205;222m██    
        [38;2;0;0;0m██[38;2;255;106;123m██[38;2;255;106;123m██[38;2;172;49;49m██[38;2;222;65;82m██[38;2;0;0;0m██[38;2;222;65;82m██[38;2;222;65;82m██[38;2;222;65;82m██[38;2;0;0;0m██  [38;2;172;49;49m██[38;2;172;49;49m██    [38;2;172;49;49m██[38;2;0;0;0m██[38;2;0;0;0m██[38;2;0;0;0m██[38;2;172;49;49m██[38;2;255;131;131m██[38;2;255;131;131m██[38;2;172;49;49m██[38;2;222;65;82m██[38;2;222;65;82m██[38;2;222;65;82m██[38;2;0;0;0m██[38;2;222;65;82m██[38;2;213;65;74m██[38;2;213;65;74m██[38;2;0;0;0m██[38;2;0;0;0m██[38;2;172;49;49m██[38;2;255;106;123m██[38;2;255;106;123m██[38;2;222;65;82m██[38;2;222;65;82m██[38;2;222;65;82m██[38;2;222;65;82m██[38;2;0;0;0m██[38;2;0;0;0m██[38;2;0;0;0m██            [38;2;255;205;222m██[38;2;255;205;222m██[38;2;255;205;222m██[38;2;255;205;222m██[38;2;255;205;222m██[38;2;255;205;222m██[38;2;255;205;222m██  
          [38;2;0;0;0m██[38;2;172;49;49m██[38;2;0;0;0m██[38;2;0;0;0m██[38;2;222;65;82m██[38;2;222;65;82m██[38;2;172;49;49m██[38;2;172;49;49m██[38;2;0;0;0m██[38;2;0;0;0m██      [38;2;0;0;0m██[38;2;255;131;131m██[38;2;222;65;82m██[38;2;255;106;123m██[38;2;172;49;49m██[38;2;255;131;131m██[38;2;255;131;131m██[38;2;172;49;49m██[38;2;222;65;82m██[38;2;172;49;49m██[38;2;0;0;0m██[38;2;0;0;0m██[38;2;213;65;74m██[38;2;213;65;74m██[38;2;246;164;189m██[38;2;0;0;0m██[38;2;0;0;0m██[38;2;222;65;82m██[38;2;172;49;49m██[38;2;255;106;123m██[38;2;172;49;49m██[38;2;222;65;82m██[38;2;222;65;82m██[38;2;172;49;49m██[38;2;222;65;82m██[38;2;0;0;0m██                [38;2;255;205;222m██[38;2;255;205;222m██[38;2;255;205;222m██[38;2;255;205;222m██[38;2;255;205;222m██[38;2;255;205;222m██[38;2;255;205;222m██[38;2;255;205;222m██
            [38;2;0;0;0m██[38;2;255;106;123m██[38;2;222;65;82m██[38;2;255;106;123m██[38;2;222;65;82m██[38;2;222;65;82m██[38;2;0;0;0m██[38;2;222;65;82m██[38;2;222;65;82m██[38;2;0;0;0m██[38;2;0;0;0m██[38;2;172;49;49m██[38;2;172;49;49m██[38;2;255;205;189m██[38;2;172;49;49m██[38;2;172;49;49m██[38;2;255;205;189m██[38;2;255;131;131m██[38;2;172;49;49m██[38;2;0;0;0m██[38;2;0;0;0m██[38;2;0;0;0m██[38;2;0;0;0m██[38;2;213;65;74m██[38;2;246;164;189m██[38;2;255;205;222m██[38;2;255;205;222m██[38;2;0;0;0m██[38;2;255;106;123m██[38;2;255;106;123m██[38;2;0;0;0m██[38;2;172;49;49m██[38;2;255;106;123m██[38;2;255;106;123m██[38;2;172;49;49m██[38;2;222;65;82m██[38;2;222;65;82m██[38;2;0;0;0m██                [38;2;255;205;222m██[38;2;255;205;222m██[38;2;255;205;222m██[38;2;255;205;222m██[38;2;255;205;222m██[38;2;255;205;222m██[38;2;255;205;222m██[38;2;255;106;123m██
            [38;2;0;0;0m██[38;2;255;106;123m██[38;2;255;106;123m██[38;2;172;49;49m██[38;2;255;106;123m██[38;2;0;0;0m██[38;2;222;65;82m██[38;2;222;65;82m██[38;2;172;49;49m██[38;2;0;0;0m██[38;2;246;164;189m██[38;2;255;205;222m██[38;2;255;205;222m██[38;2;172;49;49m██[38;2;255;205;189m██[38;2;255;205;189m██[38;2;255;131;131m██[38;2;0;0;0m██[38;2;98;98;98m██[38;2;0;0;0m██[38;2;0;0;0m██[38;2;0;0;0m██[38;2;0;0;0m██[38;2;213;65;74m██[38;2;255;205;222m██[38;2;255;205;222m██[38;2;255;205;222m██[38;2;255;205;222m██[38;2;172;49;49m██[38;2;222;65;82m██[38;2;222;65;82m██[38;2;0;0;0m██[38;2;255;106;123m██[38;2;172;49;49m██[38;2;222;65;82m██[38;2;222;65;82m██[38;2;172;49;49m██                  [38;2;255;205;222m██[38;2;255;205;222m██[38;2;255;205;222m██[38;2;255;205;222m██[38;2;255;205;222m██[38;2;255;205;222m██[38;2;255;106;123m██[38;2;255;106;123m██
            [38;2;0;0;0m██[38;2;222;65;82m██[38;2;255;106;123m██[38;2;172;49;49m██[38;2;0;0;0m██[38;2;255;106;123m██[38;2;172;49;49m██[38;2;222;65;82m██[38;2;222;65;82m██[38;2;213;65;74m██[38;2;255;205;222m██[38;2;255;238;255m██[38;2;255;238;255m██[38;2;255;205;222m██[38;2;0;0;0m██[38;2;0;0;0m██[38;2;0;0;0m██[38;2;98;98;98m██[38;2;0;0;0m██[38;2;0;0;0m██[38;2;0;0;0m██[38;2;172;49;49m██[38;2;213;65;74m██[38;2;246;164;189m██[38;2;255;205;222m██[38;2;255;238;255m██[38;2;255;238;255m██[38;2;0;0;0m██[38;2;255;106;123m██[38;2;255;106;123m██[38;2;222;65;82m██[38;2;222;65;82m██[38;2;0;0;0m██[38;2;0;0;0m██[38;2;222;65;82m██[38;2;222;65;82m██[38;2;0;0;0m██[38;2;0;0;0m██[38;2;172;49;49m██              [38;2;255;106;123m██[38;2;255;205;222m██[38;2;255;205;222m██[38;2;255;106;123m██[38;2;255;205;222m██[38;2;255;106;123m██[38;2;255;106;123m██  
              [38;2;0;0;0m██[38;2;0;0;0m██[38;2;222;65;82m██[38;2;255;106;123m██[38;2;255;106;123m██[38;2;222;65;82m██[38;2;172;49;49m██[38;2;213;65;74m██[38;2;255;205;222m██[38;2;255;205;222m██[38;2;255;238;255m██[38;2;255;205;222m██[38;2;255;205;222m██[38;2;255;205;222m██[38;2;172;49;49m██[38;2;172;49;49m██[38;2;172;49;49m██[38;2;172;49;49m██[38;2;222;65;82m██[38;2;222;65;82m██[38;2;222;65;82m██[38;2;213;65;74m██[38;2;246;164;189m██[38;2;255;205;222m██[38;2;255;238;255m██[38;2;255;205;222m██[38;2;0;0;0m██[38;2;255;106;123m██[38;2;255;106;123m██[38;2;222;65;82m██[38;2;172;49;49m██[38;2;255;106;123m██[38;2;255;106;123m██[38;2;0;0;0m██[38;2;0;0;0m██[38;2;255;106;123m██[38;2;255;106;123m██[38;2;0;0;0m██            [38;2;255;106;123m██[38;2;255;106;123m██[38;2;255;205;222m██[38;2;255;106;123m██[38;2;255;106;123m██[38;2;255;205;222m██[38;2;255;106;123m██[38;2;255;106;123m██  
                [38;2;172;49;49m██[38;2;255;106;123m██[38;2;172;49;49m██[38;2;255;106;123m██[38;2;255;106;123m██[38;2;222;65;82m██[38;2;213;65;74m██[38;2;255;205;222m██[38;2;255;205;222m██[38;2;255;205;222m██[38;2;255;205;222m██[38;2;255;205;222m██[38;2;172;49;49m██[38;2;255;106;123m██[38;2;222;65;82m██[38;2;222;65;82m██[38;2;222;65;82m██[38;2;222;65;82m██[38;2;222;65;82m██[38;2;222;65;82m██[38;2;0;0;0m██[38;2;246;164;189m██[38;2;246;164;189m██[38;2;255;205;222m██[38;2;255;205;222m██[38;2;255;205;222m██[38;2;0;0;0m██[38;2;222;65;82m██[38;2;0;0;0m██[38;2;222;65;82m██[38;2;255;106;123m██[38;2;222;65;82m██[38;2;222;65;82m██[38;2;0;0;0m██[38;2;222;65;82m██[38;2;0;0;0m██            [38;2;222;65;82m██[38;2;255;106;123m██[38;2;255;106;123m██[38;2;255;106;123m██[38;2;255;106;123m██[38;2;255;205;222m██[38;2;255;205;222m██[38;2;255;106;123m██[38;2;255;106;123m██  
                  [38;2;0;0;0m██[38;2;172;49;49m██[38;2;222;65;82m██[38;2;255;106;123m██[38;2;0;0;0m██[38;2;0;0;0m██[38;2;246;164;189m██[38;2;255;205;222m██[38;2;255;205;222m██[38;2;255;205;222m██[38;2;172;49;49m██[38;2;255;106;123m██[38;2;255;106;123m██[38;2;255;106;123m██[38;2;222;65;82m██[38;2;222;65;82m██[38;2;222;65;82m██[38;2;222;65;82m██[38;2;222;65;82m██[38;2;0;0;0m██[38;2;246;164;189m██[38;2;246;164;189m██[38;2;246;164;189m██[38;2;246;164;189m██[38;2;246;164;189m██[38;2;246;164;189m██[38;2;0;0;0m██[38;2;0;0;0m██[38;2;222;65;82m██[38;2;222;65;82m██[38;2;172;49;49m██[38;2;0;0;0m██[38;2;222;65;82m██[38;2;0;0;0m██              [38;2;222;65;82m██[38;2;255;106;123m██[38;2;255;106;123m██[38;2;255;106;123m██[38;2;255;106;123m██[38;2;255;205;222m██[38;2;255;205;222m██[38;2;255;205;222m██[38;2;255;106;123m██[38;2;255;106;123m██
                      [38;2;0;0;0m██[38;2;0;0;0m██  [38;2;0;0;0m██[38;2;246;164;189m██[38;2;246;164;189m██[38;2;246;164;189m██[38;2;246;164;189m██[38;2;172;49;49m██[38;2;255;106;123m██[38;2;255;106;123m██[38;2;255;106;123m██[38;2;255;106;123m██[38;2;255;106;123m██[38;2;255;106;123m██[38;2;222;65;82m██[38;2;222;65;82m██[38;2;222;65;82m██[38;2;0;0;0m██[38;2;246;164;189m██[38;2;246;164;189m██[38;2;246;164;189m██[38;2;246;164;189m██[38;2;246;164;189m██[38;2;246;164;189m██[38;2;246;164;189m██[38;2;0;0;0m██[38;2;0;0;0m██[38;2;0;0;0m██[38;2;222;65;82m██[38;2;0;0;0m██                [38;2;222;65;82m██[38;2;255;106;123m██[38;2;255;106;123m██[38;2;255;106;123m██[38;2;255;106;123m██[38;2;255;106;123m██[38;2;255;205;222m██[38;2;255;205;222m██[38;2;255;106;123m██[38;2;255;106;123m██
                            [38;2;0;0;0m██[38;2;213;65;74m██[38;2;246;164;189m██[38;2;246;164;189m██[38;2;172;49;49m██[38;2;255;106;123m██[38;2;255;106;123m██[38;2;255;106;123m██[38;2;255;106;123m██[38;2;255;106;123m██[38;2;255;106;123m██[38;2;255;106;123m██[38;2;255;106;123m██[38;2;255;106;123m██[38;2;255;106;123m██[38;2;172;49;49m██[38;2;246;115;123m██[38;2;246;164;189m██[38;2;246;164;189m██[38;2;246;164;189m██[38;2;246;164;189m██[38;2;246;164;189m██[38;2;246;164;189m██[38;2;246;164;189m██[38;2;0;0;0m██[38;2;222;65;82m██[38;2;172;49;49m██    [38;2;172;49;49m██[38;2;172;49;49m██[38;2;172;49;49m██          [38;2;222;65;82m██[38;2;255;106;123m██[38;2;255;106;123m██[38;2;255;106;123m██[38;2;255;205;222m██[38;2;255;106;123m██[38;2;255;106;123m██[38;2;255;106;123m██[38;2;222;65;82m██
                              [38;2;0;0;0m██[38;2;246;164;189m██[38;2;246;164;189m██[38;2;172;49;49m██[38;2;255;106;123m██[38;2;255;106;123m██[38;2;255;106;123m██[38;2;255;106;123m██[38;2;255;106;123m██[38;2;255;106;123m██[38;2;255;106;123m██[38;2;255;106;123m██[38;2;255;106;123m██[38;2;255;106;123m██[38;2;255;106;123m██[38;2;172;49;49m██[38;2;0;0;0m██[38;2;246;164;189m██[38;2;246;164;189m██[38;2;246;164;189m██[38;2;246;164;189m██[38;2;213;65;74m██[38;2;0;0;0m██[38;2;222;65;82m██[38;2;172;49;49m██[38;2;0;0;0m██[38;2;172;49;49m██[38;2;172;49;49m██[38;2;255;106;123m██[38;2;255;106;123m██[38;2;172;49;49m██            [38;2;222;65;82m██[38;2;255;106;123m██[38;2;255;106;123m██[38;2;255;106;123m██[38;2;255;106;123m██[38;2;255;106;123m██[38;2;222;65;82m██  
                                [38;2;0;0;0m██[38;2;172;49;49m██[38;2;255;106;123m██[38;2;246;164;189m██[38;2;246;164;189m██[38;2;255;106;123m██[38;2;255;106;123m██[38;2;255;106;123m██[38;2;255;106;123m██[38;2;255;106;123m██[38;2;255;106;123m██[38;2;255;106;123m██[38;2;255;106;123m██[38;2;255;106;123m██[38;2;255;106;123m██[38;2;255;106;123m██[38;2;0;0;0m██[38;2;0;0;0m██[38;2;0;0;0m██[38;2;0;0;0m██[38;2;222;65;82m██[38;2;0;0;0m██[38;2;222;65;82m██[38;2;0;0;0m██[38;2;222;65;82m██[38;2;222;65;82m██[38;2;222;65;82m██[38;2;222;65;82m██[38;2;172;49;49m██                [38;2;172;49;49m██[38;2;255;106;123m██[38;2;255;106;123m██[38;2;172;49;49m██[38;2;222;65;82m██    
                                  [38;2;172;49;49m██[38;2;255;106;123m██[38;2;255;106;123m██[38;2;255;205;222m██[38;2;255;106;123m██[38;2;255;106;123m██[38;2;255;106;123m██[38;2;255;106;123m██[38;2;255;106;123m██[38;2;246;164;189m██[38;2;255;205;222m██[38;2;255;106;123m██[38;2;255;106;123m██[38;2;255;106;123m██[38;2;255;106;123m██[38;2;222;65;82m██[38;2;222;65;82m██[38;2;222;65;82m██[38;2;222;65;82m██[38;2;222;65;82m██[38;2;222;65;82m██[38;2;172;49;49m██[38;2;222;65;82m██[38;2;222;65;82m██[38;2;222;65;82m██[38;2;222;65;82m██[38;2;0;0;0m██                  [38;2;172;49;49m██[38;2;255;106;123m██[38;2;172;49;49m██        
                                  [38;2;172;49;49m██[38;2;255;106;123m██[38;2;246;164;189m██[38;2;255;205;222m██[38;2;246;164;189m██[38;2;255;106;123m██[38;2;255;106;123m██[38;2;255;106;123m██[38;2;255;106;123m██[38;2;255;106;123m██[38;2;255;205;222m██[38;2;255;205;222m██[38;2;246;164;189m██[38;2;255;106;123m██[38;2;222;65;82m██[38;2;222;65;82m██[38;2;222;65;82m██[38;2;222;65;82m██[38;2;222;65;82m██[38;2;222;65;82m██[38;2;222;65;82m██[38;2;0;0;0m██[38;2;222;65;82m██[38;2;222;65;82m██[38;2;222;65;82m██[38;2;0;0;0m██                    [38;2;222;65;82m██[38;2;255;106;123m██[38;2;172;49;49m██        
                                  [38;2;172;49;49m██[38;2;255;106;123m██[38;2;255;205;222m██[38;2;255;205;222m██[38;2;255;205;222m██[38;2;255;106;123m██[38;2;255;106;123m██[38;2;255;106;123m██[38;2;255;106;123m██[38;2;246;164;189m██[38;2;255;205;222m██[38;2;255;205;222m██[38;2;255;205;222m██[38;2;255;106;123m██[38;2;222;65;82m██[38;2;222;65;82m██[38;2;222;65;82m██[38;2;222;65;82m██[38;2;222;65;82m██[38;2;222;65;82m██[38;2;222;65;82m██[38;2;0;0;0m██[38;2;222;65;82m██[38;2;222;65;82m██[38;2;0;0;0m██                    [38;2;172;49;49m██[38;2;255;106;123m██[38;2;255;106;123m██[38;2;172;49;49m██        
                                [38;2;213;65;74m██[38;2;0;0;0m██[38;2;255;106;123m██[38;2;246;164;189m██[38;2;255;205;222m██[38;2;246;164;189m██[38;2;255;106;123m██[38;2;255;106;123m██[38;2;255;106;123m██[38;2;255;106;123m██[38;2;246;164;189m██[38;2;255;205;222m██[38;2;255;205;222m██[38;2;246;164;189m██[38;2;222;65;82m██[38;2;222;65;82m██[38;2;222;65;82m██[38;2;222;65;82m██[38;2;222;65;82m██[38;2;213;65;74m██[38;2;213;65;74m██[38;2;213;65;74m██[38;2;172;49;49m██[38;2;222;65;82m██[38;2;172;49;49m██                      [38;2;222;65;82m██[38;2;255;106;123m██[38;2;0;0;0m██          
                              [38;2;213;65;74m██[38;2;255;205;222m██[38;2;0;0;0m██[38;2;246;164;189m██[38;2;255;205;222m██[38;2;255;205;222m██[38;2;255;106;123m██[38;2;255;106;123m██[38;2;246;164;189m██[38;2;255;106;123m██[38;2;255;106;123m██[38;2;255;205;222m██[38;2;255;205;222m██[38;2;246;164;189m██[38;2;255;106;123m██[38;2;222;65;82m██[38;2;222;65;82m██[38;2;222;65;82m██[38;2;213;65;74m██[38;2;213;65;74m██[38;2;246;164;189m██[38;2;255;205;222m██[38;2;255;205;222m██[38;2;246;164;189m██[38;2;213;65;74m██[38;2;213;65;74m██                    [38;2;172;49;49m██[38;2;255;106;123m██[38;2;255;106;123m██[38;2;0;0;0m██          
                            [38;2;213;65;74m██[38;2;255;238;255m██[38;2;255;238;255m██[38;2;213;65;74m██[38;2;255;205;222m██[38;2;255;205;222m██[38;2;255;205;222m██[38;2;255;205;222m██[38;2;246;164;189m██[38;2;255;205;222m██[38;2;246;164;189m██[38;2;255;205;222m██[38;2;255;205;222m██[38;2;255;205;222m██[38;2;255;205;222m██[38;2;255;205;222m██[38;2;246;164;189m██[38;2;246;115;123m██[38;2;213;65;74m██[38;2;246;164;189m██[38;2;255;205;222m██[38;2;255;238;255m██[38;2;255;238;255m██[38;2;255;205;222m██[38;2;255;205;222m██[38;2;255;205;222m██[38;2;246;164;189m██[38;2;0;0;0m██                [38;2;213;65;74m██[38;2;255;205;222m██[38;2;246;164;189m██[38;2;255;106;123m██[38;2;0;0;0m██          
                            [38;2;213;65;74m██[38;2;255;238;255m██[38;2;255;238;255m██[38;2;255;205;222m██[38;2;246;115;123m██[38;2;255;205;222m██[38;2;255;205;222m██[38;2;255;205;222m██[38;2;255;205;222m██[38;2;255;205;222m██[38;2;255;205;222m██[38;2;255;205;222m██[38;2;255;205;222m██[38;2;255;205;222m██[38;2;255;205;222m██[38;2;246;164;189m██[38;2;246;164;189m██[38;2;246;115;123m██[38;2;255;205;222m██[38;2;255;205;222m██[38;2;255;238;255m██[38;2;255;238;255m██[38;2;255;238;255m██[38;2;255;205;222m██[38;2;255;205;222m██[38;2;255;205;222m██[38;2;255;205;222m██[38;2;246;164;189m██[38;2;0;0;0m██[38;2;213;65;74m██        [38;2;213;65;74m██[38;2;213;65;74m██[38;2;255;205;222m██[38;2;255;205;222m██[38;2;246;164;189m██[38;2;0;0;0m██            
                          [38;2;213;65;74m██[38;2;255;205;222m██[38;2;255;238;255m██[38;2;255;205;222m██[38;2;255;205;222m██[38;2;213;65;74m██[38;2;246;164;189m██[38;2;246;164;189m██[38;2;255;205;222m██[38;2;255;205;222m██[38;2;255;205;222m██[38;2;255;205;222m██[38;2;255;205;222m██[38;2;255;205;222m██[38;2;246;164;189m██[38;2;246;164;189m██[38;2;246;164;189m██[38;2;246;164;189m██[38;2;213;65;74m██[38;2;255;205;222m██[38;2;255;205;222m██[38;2;255;238;255m██[38;2;255;238;255m██[38;2;255;205;222m██[38;2;255;205;222m██[38;2;255;205;222m██[38;2;255;205;222m██[38;2;255;205;222m██[38;2;255;205;222m██[38;2;213;65;74m██[38;2;246;164;189m██[38;2;246;115;123m██[38;2;213;65;74m██[38;2;213;65;74m██[38;2;213;65;74m██[38;2;255;205;222m██[38;2;255;205;222m██[38;2;255;205;222m██[38;2;246;164;189m██[38;2;246;164;189m██[38;2;0;0;0m██            
                          [38;2;213;65;74m██[38;2;255;205;222m██[38;2;255;205;222m██[38;2;255;205;222m██[38;2;255;205;222m██[38;2;255;205;222m██[38;2;246;115;123m██[38;2;246;164;189m██[38;2;246;164;189m██[38;2;246;164;189m██[38;2;246;164;189m██[38;2;246;164;189m██[38;2;246;164;189m██[38;2;246;164;189m██[38;2;246;164;189m██[38;2;246;164;189m██[38;2;246;164;189m██[38;2;246;115;123m██[38;2;246;164;189m██[38;2;255;205;222m██[38;2;255;205;222m██[38;2;255;205;222m██[38;2;255;205;222m██[38;2;255;205;222m██[38;2;255;205;222m██[38;2;255;205;222m██[38;2;255;205;222m██[38;2;246;164;189m██[38;2;246;164;189m██[38;2;255;205;222m██[38;2;213;65;74m██[38;2;246;164;189m██[38;2;246;164;189m██[38;2;255;205;222m██[38;2;255;205;222m██[38;2;255;205;222m██[38;2;255;205;222m██[38;2;246;164;189m██[38;2;246;164;189m██[38;2;0;0;0m██              
                          [38;2;213;65;74m██[38;2;255;205;222m██[38;2;255;205;222m██[38;2;255;205;222m██[38;2;255;205;222m██[38;2;255;205;222m██[38;2;213;65;74m██[38;2;246;115;123m██[38;2;246;164;189m██[38;2;246;164;189m██[38;2;246;164;189m██[38;2;246;164;189m██[38;2;246;164;189m██[38;2;246;164;189m██[38;2;246;164;189m██[38;2;246;164;189m██[38;2;246;164;189m██[38;2;246;115;123m██[38;2;255;205;222m██[38;2;255;205;222m██[38;2;255;205;222m██[38;2;255;205;222m██[38;2;255;205;222m██[38;2;255;205;222m██[38;2;255;205;222m██[38;2;246;164;189m██[38;2;246;164;189m██[38;2;246;164;189m██[38;2;246;164;189m██[38;2;246;164;189m██[38;2;0;0;0m██[38;2;246;164;189m██[38;2;246;164;189m██[38;2;246;164;189m██[38;2;255;205;222m██[38;2;246;164;189m██[38;2;246;164;189m██[38;2;246;164;189m██[38;2;213;65;74m██                
                            [38;2;246;115;123m██[38;2;255;205;222m██[38;2;255;205;222m██[38;2;255;205;222m██[38;2;246;164;189m██[38;2;246;164;189m██[38;2;213;65;74m██[38;2;246;115;123m██[38;2;246;164;189m██[38;2;246;164;189m██[38;2;246;164;189m██[38;2;246;164;189m██[38;2;246;164;189m██[38;2;246;164;189m██[38;2;246;164;189m██[38;2;246;164;189m██[38;2;213;65;74m██[38;2;246;164;189m██[38;2;255;205;222m██[38;2;255;205;222m██[38;2;255;205;222m██[38;2;255;205;222m██[38;2;255;205;222m██[38;2;246;164;189m██[38;2;246;164;189m██[38;2;246;164;189m██[38;2;246;164;189m██[38;2;246;164;189m██[38;2;246;164;189m██[38;2;0;0;0m██[38;2;246;164;189m██[38;2;246;164;189m██[38;2;246;164;189m██[38;2;246;164;189m██[38;2;246;164;189m██[38;2;246;164;189m██[38;2;246;115;123m██[38;2;0;0;0m██                
                            [38;2;213;65;74m██[38;2;246;164;189m██[38;2;246;164;189m██[38;2;246;164;189m██[38;2;246;164;189m██[38;2;246;164;189m██[38;2;246;164;189m██[38;2;213;65;74m██[38;2;213;65;74m██[38;2;246;164;189m██[38;2;246;164;189m██[38;2;246;164;189m██[38;2;246;164;189m██[38;2;246;164;189m██[38;2;246;164;189m██[38;2;246;164;189m██[38;2;213;65;74m██[38;2;246;164;189m██[38;2;246;164;189m██[38;2;255;205;222m██[38;2;255;205;222m██[38;2;255;205;222m██[38;2;246;164;189m██[38;2;246;164;189m██[38;2;246;164;189m██[38;2;246;164;189m██[38;2;246;164;189m██[38;2;246;164;189m██[38;2;246;164;189m██[38;2;0;0;0m██[38;2;246;164;189m██[38;2;246;164;189m██[38;2;246;164;189m██[38;2;246;164;189m██[38;2;246;164;189m██[38;2;246;115;123m██[38;2;0;0;0m██                  
                              [38;2;0;0;0m██[38;2;246;115;123m██[38;2;246;164;189m██[38;2;246;164;189m██[38;2;246;164;189m██[38;2;246;164;189m██[38;2;246;164;189m██[38;2;246;115;123m██[38;2;0;0;0m██[38;2;213;65;74m██[38;2;246;115;123m██[38;2;246;164;189m██[38;2;246;164;189m██[38;2;246;164;189m██[38;2;246;164;189m██[38;2;246;164;189m██[38;2;213;65;74m██[38;2;246;164;189m██[38;2;246;164;189m██[38;2;246;164;189m██[38;2;246;164;189m██[38;2;246;164;189m██[38;2;246;164;189m██[38;2;246;164;189m██[38;2;246;164;189m██[38;2;246;164;189m██[38;2;246;164;189m██[38;2;0;0;0m██[38;2;246;164;189m██[38;2;246;164;189m██[38;2;246;164;189m██[38;2;246;164;189m██[38;2;246;164;189m██[38;2;246;115;123m██[38;2;0;0;0m██                    
                                [38;2;0;0;0m██[38;2;0;0;0m██[38;2;246;115;123m██[38;2;246;115;123m██[38;2;246;115;123m██[38;2;213;65;74m██[38;2;0;0;0m██    [38;2;0;0;0m██[38;2;0;0;0m██[38;2;0;0;0m██[38;2;0;0;0m██[38;2;0;0;0m██[38;2;0;0;0m██[38;2;0;0;0m██[38;2;246;115;123m██[38;2;246;164;189m██[38;2;246;164;189m██[38;2;246;164;189m██[38;2;246;164;189m██[38;2;246;164;189m██[38;2;246;164;189m██[38;2;246;164;189m██[38;2;246;164;189m██[38;2;246;115;123m██[38;2;0;0;0m██[38;2;246;164;189m██[38;2;246;164;189m██[38;2;246;164;189m██[38;2;246;164;189m██[38;2;213;65;74m██[38;2;0;0;0m██                      
                                [38;2;0;0;0m██[38;2;98;98;98m██[38;2;98;98;98m██[38;2;0;0;0m██[38;2;0;0;0m██[38;2;0;0;0m██        [38;2;0;0;0m██[38;2;213;65;74m██[38;2;246;115;123m██[38;2;246;115;123m██[38;2;246;115;123m██[38;2;246;115;123m██[38;2;0;0;0m██[38;2;213;65;74m██[38;2;246;164;189m██[38;2;246;164;189m██[38;2;246;164;189m██[38;2;246;164;189m██[38;2;246;164;189m██[38;2;246;164;189m██[38;2;213;65;74m██[38;2;0;0;0m██[38;2;246;115;123m██[38;2;246;115;123m██[38;2;246;115;123m██[38;2;213;65;74m██[38;2;0;0;0m██                          
                              [38;2;172;49;49m██[38;2;98;98;98m██[38;2;98;98;98m██[38;2;0;0;0m██[38;2;0;0;0m██[38;2;0;0;0m██              [38;2;0;0;0m██[38;2;0;0;0m██[38;2;213;65;74m██[38;2;246;115;123m██[38;2;246;115;123m██[38;2;246;115;123m██[38;2;0;0;0m██[38;2;213;65;74m██[38;2;213;65;74m██[38;2;213;65;74m██[38;2;213;65;74m██[38;2;0;0;0m██[38;2;0;0;0m██[38;2;213;65;74m██[38;2;213;65;74m██[38;2;0;0;0m██[38;2;0;0;0m██                              
                            [38;2;172;49;49m██[38;2;222;65;82m██[38;2;0;0;0m██[38;2;0;0;0m██[38;2;0;0;0m██[38;2;0;0;0m██[38;2;0;0;0m██[38;2;172;49;49m██                  [38;2;0;0;0m██[38;2;0;0;0m██[38;2;0;0;0m██[38;2;213;65;74m██[38;2;0;0;0m██[38;2;0;0;0m██[38;2;0;0;0m██[38;2;98;98;98m██[38;2;0;0;0m██[38;2;0;0;0m██[38;2;0;0;0m██                                    
                        [38;2;172;49;49m██[38;2;172;49;49m██[38;2;255;106;123m██[38;2;255;106;123m██[38;2;222;65;82m██[38;2;0;0;0m██[38;2;0;0;0m██[38;2;172;49;49m██[38;2;222;65;82m██[38;2;222;65;82m██[38;2;172;49;49m██                        [38;2;172;49;49m██[38;2;172;49;49m██[38;2;0;0;0m██[38;2;98;98;98m██[38;2;98;98;98m██[38;2;0;0;0m██[38;2;172;49;49m██                                    
                      [38;2;172;49;49m██[38;2;222;65;82m██[38;2;255;106;123m██[38;2;255;106;123m██[38;2;255;106;123m██[38;2;255;106;123m██[38;2;255;106;123m██[38;2;255;106;123m██[38;2;255;106;123m██[38;2;222;65;82m██[38;2;222;65;82m██[38;2;222;65;82m██[38;2;0;0;0m██                    [38;2;172;49;49m██[38;2;222;65;82m██[38;2;222;65;82m██[38;2;222;65;82m██[38;2;172;49;49m██[38;2;172;49;49m██[38;2;172;49;49m██[38;2;222;65;82m██[38;2;172;49;49m██                                  
                    [38;2;98;98;98m██[38;2;172;49;49m██[38;2;255;106;123m██[38;2;255;106;123m██[38;2;255;106;123m██[38;2;255;106;123m██[38;2;255;106;123m██[38;2;255;106;123m██[38;2;255;106;123m██[38;2;222;65;82m██[38;2;222;65;82m██[38;2;222;65;82m██[38;2;222;65;82m██[38;2;0;0;0m██                  [38;2;0;0;0m██[38;2;222;65;82m██[38;2;222;65;82m██[38;2;222;65;82m██[38;2;255;106;123m██[38;2;255;106;123m██[38;2;255;106;123m██[38;2;255;106;123m██[38;2;255;106;123m██[38;2;222;65;82m██[38;2;172;49;49m██                                
                  [38;2;98;98;98m██[38;2;255;255;255m██[38;2;255;255;255m██[38;2;172;49;49m██[38;2;255;106;123m██[38;2;255;106;123m██[38;2;255;106;123m██[38;2;255;106;123m██[38;2;222;65;82m██[38;2;222;65;82m██[38;2;222;65;82m██[38;2;222;65;82m██[38;2;222;65;82m██[38;2;222;65;82m██[38;2;0;0;0m██                  [38;2;0;0;0m██[38;2;222;65;82m██[38;2;222;65;82m██[38;2;222;65;82m██[38;2;222;65;82m██[38;2;255;106;123m██[38;2;255;106;123m██[38;2;255;106;123m██[38;2;255;106;123m██[38;2;255;106;123m██[38;2;172;49;49m██                                
                [38;2;98;98;98m██[38;2;255;255;255m██[38;2;197;197;197m██[38;2;98;98;98m██[38;2;0;0;0m██[38;2;222;65;82m██[38;2;172;49;49m██[38;2;172;49;49m██[38;2;222;65;82m██[38;2;222;65;82m██[38;2;222;65;82m██[38;2;222;65;82m██[38;2;222;65;82m██[38;2;172;49;49m██[38;2;0;0;0m██                    [38;2;0;0;0m██[38;2;222;65;82m██[38;2;222;65;82m██[38;2;222;65;82m██[38;2;222;65;82m██[38;2;255;106;123m██[38;2;255;106;123m██[38;2;255;106;123m██[38;2;255;106;123m██[38;2;255;106;123m██[38;2;255;106;123m██[38;2;0;0;0m██                              
                [38;2;0;0;0m██[38;2;0;0;0m██[38;2;0;0;0m██    [38;2;98;98;98m██[38;2;255;255;255m██[38;2;255;255;255m██[38;2;172;49;49m██[38;2;222;65;82m██[38;2;222;65;82m██[38;2;222;65;82m██[38;2;0;0;0m██                          [38;2;0;0;0m██[38;2;222;65;82m██[38;2;222;65;82m██[38;2;222;65;82m██[38;2;222;65;82m██[38;2;255;106;123m██[38;2;255;106;123m██[38;2;255;106;123m██[38;2;222;65;82m██[38;2;172;49;49m██[38;2;222;65;82m██[38;2;0;0;0m██                            
                        [38;2;98;98;98m██[38;2;255;255;255m██[38;2;255;255;255m██[38;2;197;197;197m██[38;2;0;0;0m██[38;2;0;0;0m██[38;2;0;0;0m██[38;2;0;0;0m██                            [38;2;0;0;0m██[38;2;222;65;82m██[38;2;222;65;82m██[38;2;222;65;82m██[38;2;172;49;49m██[38;2;222;65;82m██[38;2;222;65;82m██[38;2;222;65;82m██[38;2;172;49;49m██[38;2;255;255;255m██[38;2;98;98;98m██[38;2;0;0;0m██                            
                        [38;2;0;0;0m██[38;2;0;0;0m██[38;2;0;0;0m██[38;2;0;0;0m██                                      [38;2;0;0;0m██[38;2;222;65;82m██[38;2;172;49;49m██[38;2;255;255;255m██[38;2;98;98;98m██[38;2;222;65;82m██[38;2;222;65;82m██[38;2;172;49;49m██[38;2;197;197;197m██[38;2;255;255;255m██[38;2;98;98;98m██                            
                                                                        [38;2;0;0;0m██[38;2;0;0;0m██[38;2;255;255;255m██[38;2;255;255;255m██[38;2;98;98;98m██[38;2;0;0;0m██[38;2;0;0;0m██[38;2;0;0;0m██[38;2;197;197;197m██[38;2;98;98;98m██                            
                                                                          [38;2;0;0;0m██[38;2;197;197;197m██[38;2;255;255;255m██[38;2;98;98;98m██      [38;2;0;0;0m██[38;2;0;0;0m██                            
                                                                            [38;2;0;0;0m██[38;2;0;0;0m██[38;2;0;0;0m██                                      
