                                            [38;2;106;49;98m██[38;2;106;49;98m██[38;2;106;49;98m██                              
                      [38;2;106;49;98m██              [38;2;106;49;98m██[38;2;106;49;98m██[38;2;106;49;98m██[38;2;205;98;180m██[38;2;205;98;180m██[38;2;16;16;16m██                              
                    [38;2;106;49;98m██[38;2;205;98;180m██[38;2;106;49;98m██        [38;2;106;49;98m██[38;2;106;49;98m██[38;2;205;98;180m██[38;2;205;98;180m██[38;2;205;98;180m██[38;2;205;98;180m██[38;2;205;98;180m██[38;2;16;16;16m██                              
                  [38;2;106;49;98m██[38;2;164;49;123m██[38;2;205;98;180m██[38;2;205;98;180m██[38;2;106;49;98m██  [38;2;106;49;98m██[38;2;106;49;98m██[38;2;205;98;180m██[38;2;205;98;180m██[38;2;205;98;180m██[38;2;205;98;180m██[38;2;205;98;180m██[38;2;205;98;180m██[38;2;16;16;16m██                                
                  [38;2;106;49;98m██[38;2;205;98;180m██[38;2;205;98;180m██[38;2;205;98;180m██[38;2;106;49;98m██[38;2;106;49;98m██[38;2;205;98;180m██[38;2;205;98;180m██[38;2;205;98;180m██[38;2;205;98;180m██[38;2;205;98;180m██[38;2;205;98;180m██[38;2;205;98;180m██[38;2;164;49;123m██[38;2;16;16;16m██                                
                [38;2;106;49;98m██[38;2;164;49;123m██[38;2;164;49;123m██[38;2;205;98;180m██[38;2;106;49;98m██[38;2;164;49;123m██[38;2;164;49;123m██[38;2;205;98;180m██[38;2;205;98;180m██[38;2;205;98;180m██[38;2;205;98;180m██[38;2;205;98;180m██[38;2;205;98;180m██[38;2;164;49;123m██[38;2;164;49;123m██[38;2;16;16;16m██                                
                [38;2;106;49;98m██[38;2;164;49;123m██[38;2;164;49;123m██[38;2;164;49;123m██[38;2;164;49;123m██[38;2;164;49;123m██[38;2;164;49;123m██[38;2;164;49;123m██[38;2;205;98;180m██[38;2;205;98;180m██[38;2;205;98;180m██[38;2;164;49;123m██[38;2;164;49;123m██[38;2;164;49;123m██[38;2;16;16;16m██                                  
              [38;2;106;49;98m██[38;2;164;49;123m██[38;2;164;49;123m██[38;2;164;49;123m██[38;2;164;49;123m██[38;2;164;49;123m██[38;2;164;49;123m██[38;2;164;49;123m██[38;2;164;49;123m██[38;2;164;49;123m██[38;2;164;49;123m██[38;2;164;49;123m██[38;2;164;49;123m██[38;2;164;49;123m██[38;2;164;49;123m██[38;2;16;16;16m██                                  
              [38;2;106;49;98m██[38;2;164;49;123m██[38;2;164;49;123m██[38;2;164;49;123m██[38;2;164;49;123m██[38;2;164;49;123m██[38;2;164;49;123m██[38;2;164;49;123m██[38;2;164;49;123m██[38;2;164;49;123m██[38;2;164;49;123m██[38;2;164;49;123m██[38;2;164;49;123m██[38;2;164;49;123m██[38;2;106;49;98m██[38;2;16;16;16m██[38;2;16;16;16m██[38;2;16;16;16m██[38;2;16;16;16m██[38;2;16;16;16m██                          
    [38;2;16;16;16m██[38;2;16;16;16m██[38;2;16;16;16m██[38;2;16;16;16m██[38;2;16;16;16m██[38;2;106;49;98m██[38;2;164;49;123m██[38;2;164;49;123m██[38;2;164;49;123m██[38;2;164;49;123m██[38;2;164;49;123m██[38;2;164;49;123m██[38;2;164;49;123m██[38;2;164;49;123m██[38;2;164;49;123m██[38;2;164;49;123m██[38;2;164;49;123m██[38;2;164;49;123m██[38;2;164;49;123m██[38;2;164;49;123m██[38;2;205;98;180m██[38;2;205;98;180m██[38;2;205;98;180m██[38;2;205;98;180m██[38;2;205;98;180m██[38;2;106;49;98m██[38;2;106;49;98m██[38;2;106;49;98m██                    
  [38;2;16;16;16m██[38;2;164;49;123m██[38;2;205;98;180m██[38;2;205;98;180m██[38;2;205;98;180m██[38;2;205;98;180m██[38;2;16;16;16m██[38;2;16;16;16m██[38;2;16;16;16m██[38;2;164;49;123m██[38;2;164;49;123m██[38;2;164;49;123m██[38;2;164;49;123m██[38;2;164;49;123m██[38;2;164;49;123m██[38;2;164;49;123m██[38;2;164;49;123m██[38;2;164;49;123m██[38;2;164;49;123m██[38;2;164;49;123m██[38;2;164;49;123m██[38;2;164;49;123m██[38;2;164;49;123m██[38;2;205;98;180m██[38;2;205;98;180m██[38;2;205;98;180m██[38;2;205;98;180m██[38;2;205;98;180m██[38;2;16;16;16m██                    
  [38;2;16;16;16m██[38;2;205;98;180m██[38;2;106;49;98m██[38;2;106;49;98m██[38;2;106;49;98m██[38;2;164;49;123m██[38;2;205;98;180m██[38;2;205;98;180m██[38;2;205;98;180m██[38;2;16;16;16m██[38;2;16;16;16m██[38;2;164;49;123m██[38;2;164;49;123m██[38;2;164;49;123m██[38;2;164;49;123m██[38;2;164;49;123m██[38;2;164;49;123m██[38;2;164;49;123m██[38;2;164;49;123m██[38;2;164;49;123m██[38;2;164;49;123m██[38;2;164;49;123m██[38;2;164;49;123m██[38;2;164;49;123m██[38;2;164;49;123m██[38;2;164;49;123m██[38;2;164;49;123m██[38;2;16;16;16m██                      
    [38;2;16;16;16m██[38;2;106;49;98m██[38;2;106;49;98m██[38;2;106;49;98m██[38;2;106;49;98m██[38;2;106;49;98m██[38;2;106;49;98m██[38;2;164;49;123m██[38;2;205;98;180m██[38;2;205;98;180m██[38;2;16;16;16m██[38;2;16;16;16m██[38;2;164;49;123m██[38;2;164;49;123m██[38;2;164;49;123m██[38;2;164;49;123m██[38;2;164;49;123m██[38;2;164;49;123m██[38;2;164;49;123m██[38;2;164;49;123m██[38;2;164;49;123m██[38;2;164;49;123m██[38;2;164;49;123m██[38;2;164;49;123m██[38;2;164;49;123m██[38;2;16;16;16m██                        
    [38;2;16;16;16m██[38;2;106;49;98m██[38;2;106;49;98m██[38;2;106;49;98m██[38;2;164;49;123m██[38;2;106;49;98m██[38;2;106;49;98m██[38;2;106;49;98m██[38;2;106;49;98m██[38;2;164;49;123m██[38;2;205;98;180m██[38;2;205;98;180m██[38;2;106;49;98m██[38;2;106;49;98m██[38;2;164;49;123m██[38;2;164;49;123m██[38;2;164;49;123m██[38;2;164;49;123m██[38;2;164;49;123m██[38;2;164;49;123m██[38;2;164;49;123m██[38;2;164;49;123m██[38;2;164;49;123m██[38;2;164;49;123m██[38;2;16;16;16m██                          
      [38;2;16;16;16m██[38;2;106;49;98m██[38;2;164;49;123m██[38;2;106;49;98m██[38;2;164;49;123m██[38;2;106;49;98m██[38;2;106;49;98m██[38;2;106;49;98m██[38;2;106;49;98m██[38;2;106;49;98m██[38;2;164;49;123m██[38;2;164;49;123m██[38;2;164;49;123m██[38;2;106;49;98m██[38;2;164;49;123m██[38;2;164;49;123m██[38;2;164;49;123m██[38;2;164;49;123m██[38;2;164;49;123m██[38;2;164;49;123m██[38;2;164;49;123m██[38;2;16;16;16m██[38;2;16;16;16m██                            
        [38;2;16;16;16m██[38;2;106;49;98m██[38;2;164;49;123m██[38;2;106;49;98m██[38;2;106;49;98m██[38;2;106;49;98m██[38;2;106;49;98m██[38;2;106;49;98m██[38;2;106;49;98m██[38;2;106;49;98m██[38;2;106;49;98m██[38;2;164;49;123m██[38;2;164;49;123m██[38;2;164;49;123m██[38;2;164;49;123m██[38;2;164;49;123m██[38;2;164;49;123m██[38;2;164;49;123m██[38;2;16;16;16m██[38;2;16;16;16m██                                
          [38;2;16;16;16m██[38;2;106;49;98m██[38;2;115;65;24m██[38;2;255;246;98m██[38;2;106;49;98m██[38;2;106;49;98m██[38;2;106;49;98m██[38;2;106;49;98m██[38;2;106;49;98m██[38;2;106;49;98m██[38;2;106;49;98m██[38;2;106;49;98m██[38;2;164;49;123m██[38;2;164;49;123m██[38;2;106;49;98m██[38;2;16;16;16m██[38;2;16;16;16m██                                    
            [38;2;16;16;16m██[38;2;255;213;65m██[38;2;255;246;98m██[38;2;115;65;24m██[38;2;106;49;98m██[38;2;106;49;98m██[38;2;106;49;98m██[38;2;106;49;98m██[38;2;106;49;98m██[38;2;106;49;98m██[38;2;106;49;98m██[38;2;106;49;98m██[38;2;106;49;98m██[38;2;164;49;123m██[38;2;16;16;16m██                                      
    [38;2;16;16;16m██[38;2;16;16;16m██    [38;2;115;65;24m██[38;2;255;246;98m██[38;2;255;246;98m██[38;2;115;65;24m██[38;2;106;49;98m██[38;2;255;172;139m██[38;2;238;57;65m██[38;2;172;16;32m██[38;2;106;49;98m██[38;2;106;49;98m██[38;2;106;49;98m██[38;2;106;49;98m██[38;2;106;49;98m██[38;2;106;49;98m██[38;2;106;49;98m██[38;2;16;16;16m██                        [38;2;164;49;123m██[38;2;164;49;123m██        
  [38;2;16;16;16m██[38;2;255;246;98m██[38;2;255;246;98m██[38;2;115;65;24m██[38;2;115;65;24m██[38;2;255;246;98m██[38;2;255;246;98m██[38;2;255;246;98m██[38;2;115;65;24m██[38;2;106;49;98m██[38;2;238;57;65m██[38;2;255;255;255m██[38;2;238;57;65m██[38;2;255;255;255m██[38;2;106;49;98m██[38;2;106;49;98m██[38;2;106;49;98m██[38;2;106;49;98m██[38;2;106;49;98m██[38;2;106;49;98m██[38;2;106;49;98m██[38;2;16;16;16m██                  [38;2;164;49;123m██[38;2;164;49;123m██[38;2;205;98;180m██[38;2;164;49;123m██[38;2;164;49;123m██      
[38;2;16;16;16m██[38;2;255;246;98m██[38;2;255;246;98m██[38;2;255;246;98m██[38;2;255;246;98m██[38;2;255;246;98m██[38;2;255;246;98m██[38;2;255;246;98m██[38;2;213;164;41m██[38;2;213;164;41m██[38;2;115;65;24m██[38;2;238;57;65m██[38;2;255;255;255m██[38;2;238;57;65m██[38;2;255;255;255m██[38;2;106;49;98m██[38;2;106;49;98m██[38;2;164;49;123m██[38;2;106;49;98m██[38;2;106;49;98m██[38;2;106;49;98m██[38;2;106;49;98m██[38;2;106;49;98m██        [38;2;106;49;98m██      [38;2;164;49;123m██[38;2;205;98;180m██[38;2;205;98;180m██[38;2;205;98;180m██[38;2;205;98;180m██[38;2;164;49;123m██      
[38;2;16;16;16m██[38;2;213;164;41m██[38;2;213;164;41m██[38;2;255;246;98m██[38;2;255;246;98m██[38;2;255;246;98m██[38;2;255;246;98m██[38;2;255;213;65m██[38;2;213;164;41m██[38;2;213;164;41m██[38;2;213;164;41m██[38;2;115;65;24m██[38;2;238;57;65m██[38;2;255;172;139m██[38;2;106;49;98m██[38;2;106;49;98m██[38;2;164;49;123m██[38;2;106;49;98m██[38;2;164;49;123m██[38;2;106;49;98m██[38;2;106;49;98m██[38;2;106;49;98m██[38;2;106;49;98m██[38;2;16;16;16m██    [38;2;164;49;123m██[38;2;205;98;180m██[38;2;164;49;123m██  [38;2;106;49;98m██[38;2;164;49;123m██[38;2;205;98;180m██[38;2;205;98;180m██[38;2;205;98;180m██[38;2;164;49;123m██        
[38;2;16;16;16m██[38;2;213;164;41m██[38;2;213;164;41m██[38;2;213;164;41m██[38;2;115;65;24m██[38;2;16;16;16m██[38;2;16;16;16m██[38;2;213;164;41m██[38;2;213;164;41m██[38;2;115;65;24m██[38;2;115;65;24m██[38;2;213;164;41m██[38;2;213;164;41m██[38;2;213;164;41m██[38;2;115;65;24m██[38;2;164;49;123m██[38;2;106;49;98m██[38;2;164;49;123m██[38;2;106;49;98m██[38;2;106;49;98m██[38;2;106;49;98m██[38;2;106;49;98m██[38;2;106;49;98m██[38;2;16;16;16m██    [38;2;106;49;98m██[38;2;205;98;180m██[38;2;205;98;180m██[38;2;106;49;98m██[38;2;205;98;180m██[38;2;205;98;180m██[38;2;205;98;180m██[38;2;205;98;180m██[38;2;205;98;180m██[38;2;106;49;98m██[38;2;106;49;98m██      
  [38;2;16;16;16m██[38;2;213;164;41m██[38;2;115;65;24m██[38;2;16;16;16m██[38;2;213;164;41m██[38;2;213;164;41m██[38;2;115;65;24m██[38;2;115;65;24m██[38;2;213;164;41m██[38;2;213;164;41m██[38;2;115;65;24m██[38;2;213;164;41m██[38;2;106;49;98m██[38;2;164;49;123m██[38;2;164;49;123m██[38;2;164;49;123m██[38;2;16;16;16m██[38;2;16;16;16m██[38;2;16;16;16m██[38;2;16;16;16m██[38;2;16;16;16m██[38;2;16;16;16m██      [38;2;106;49;98m██[38;2;205;98;180m██[38;2;205;98;180m██[38;2;205;98;180m██[38;2;205;98;180m██[38;2;205;98;180m██[38;2;205;98;180m██[38;2;205;98;180m██[38;2;205;98;180m██[38;2;205;98;180m██[38;2;164;49;123m██[38;2;164;49;123m██[38;2;106;49;98m██  
    [38;2;16;16;16m██[38;2;16;16;16m██  [38;2;16;16;16m██[38;2;213;164;41m██[38;2;213;164;41m██[38;2;213;164;41m██[38;2;213;164;41m██[38;2;213;164;41m██[38;2;213;164;41m██[38;2;16;16;16m██[38;2;16;16;16m██[38;2;16;16;16m██[38;2;164;49;123m██[38;2;164;49;123m██[38;2;106;49;98m██              [38;2;106;49;98m██[38;2;205;98;180m██[38;2;205;98;180m██[38;2;205;98;180m██[38;2;205;98;180m██[38;2;205;98;180m██[38;2;205;98;180m██[38;2;205;98;180m██[38;2;205;98;180m██[38;2;205;98;180m██[38;2;164;49;123m██[38;2;164;49;123m██[38;2;164;49;123m██[38;2;106;49;98m██  
            [38;2;16;16;16m██[38;2;16;16;16m██[38;2;16;16;16m██[38;2;16;16;16m██[38;2;16;16;16m██[38;2;16;16;16m██    [38;2;16;16;16m██[38;2;164;49;123m██[38;2;164;49;123m██[38;2;106;49;98m██[38;2;106;49;98m██[38;2;106;49;98m██[38;2;106;49;98m██        [38;2;106;49;98m██[38;2;205;98;180m██[38;2;205;98;180m██[38;2;205;98;180m██[38;2;205;98;180m██[38;2;205;98;180m██[38;2;205;98;180m██[38;2;205;98;180m██[38;2;205;98;180m██[38;2;164;49;123m██[38;2;164;49;123m██[38;2;164;49;123m██[38;2;106;49;98m██    
                        [38;2;106;49;98m██[38;2;16;16;16m██[38;2;106;49;98m██[38;2;164;49;123m██[38;2;164;49;123m██[38;2;164;49;123m██[38;2;164;49;123m██[38;2;164;49;123m██[38;2;16;16;16m██        [38;2;106;49;98m██[38;2;164;49;123m██[38;2;205;98;180m██[38;2;205;98;180m██[38;2;205;98;180m██[38;2;205;98;180m██[38;2;164;49;123m██[38;2;205;98;180m██[38;2;164;49;123m██[38;2;205;98;180m██[38;2;164;49;123m██[38;2;164;49;123m██      
                        [38;2;106;49;98m██[38;2;164;49;123m██[38;2;164;49;123m██[38;2;164;49;123m██[38;2;164;49;123m██[38;2;164;49;123m██[38;2;106;49;98m██[38;2;16;16;16m██          [38;2;106;49;98m██[38;2;164;49;123m██[38;2;164;49;123m██[38;2;164;49;123m██[38;2;164;49;123m██[38;2;164;49;123m██[38;2;205;98;180m██[38;2;164;49;123m██[38;2;205;98;180m██[38;2;164;49;123m██[38;2;205;98;180m██[38;2;164;49;123m██[38;2;16;16;16m██[38;2;106;49;98m██  
                          [38;2;106;49;98m██[38;2;164;49;123m██[38;2;164;49;123m██[38;2;164;49;123m██[38;2;164;49;123m██[38;2;164;49;123m██[38;2;164;49;123m██[38;2;16;16;16m██[38;2;16;16;16m██      [38;2;172;16;32m██[38;2;172;16;32m██[38;2;164;49;123m██[38;2;164;49;123m██[38;2;164;49;123m██[38;2;164;49;123m██[38;2;164;49;123m██[38;2;205;98;180m██[38;2;164;49;123m██[38;2;164;49;123m██[38;2;164;49;123m██[38;2;164;49;123m██[38;2;164;49;123m██[38;2;164;49;123m██[38;2;106;49;98m██
                        [38;2;16;16;16m██[38;2;205;98;180m██[38;2;164;49;123m██[38;2;106;49;98m██[38;2;164;49;123m██[38;2;164;49;123m██[38;2;164;49;123m██[38;2;164;49;123m██[38;2;164;49;123m██[38;2;106;49;98m██[38;2;16;16;16m██[38;2;16;16;16m██[38;2;16;16;16m██[38;2;238;57;65m██[38;2;238;57;65m██[38;2;172;16;32m██[38;2;164;49;123m██[38;2;164;49;123m██[38;2;164;49;123m██[38;2;164;49;123m██[38;2;164;49;123m██[38;2;164;49;123m██[38;2;164;49;123m██[38;2;164;49;123m██[38;2;164;49;123m██[38;2;106;49;98m██    
                      [38;2;16;16;16m██[38;2;205;98;180m██[38;2;205;98;180m██[38;2;205;98;180m██[38;2;16;16;16m██[38;2;164;49;123m██[38;2;205;98;180m██[38;2;164;49;123m██[38;2;164;49;123m██[38;2;164;49;123m██[38;2;164;49;123m██[38;2;164;49;123m██[38;2;164;49;123m██[38;2;164;49;123m██[38;2;16;16;16m██[38;2;238;57;65m██[38;2;16;16;16m██[38;2;164;49;123m██[38;2;164;49;123m██[38;2;164;49;123m██[38;2;164;49;123m██[38;2;164;49;123m██[38;2;164;49;123m██[38;2;164;49;123m██[38;2;164;49;123m██[38;2;164;49;123m██[38;2;164;49;123m██[38;2;106;49;98m██  
                      [38;2;16;16;16m██[38;2;205;98;180m██[38;2;205;98;180m██[38;2;205;98;180m██[38;2;16;16;16m██[38;2;205;98;180m██[38;2;164;49;123m██[38;2;205;98;180m██[38;2;164;49;123m██[38;2;164;49;123m██[38;2;164;49;123m██[38;2;164;49;123m██[38;2;164;49;123m██[38;2;164;49;123m██[38;2;16;16;16m██[38;2;16;16;16m██[38;2;16;16;16m██[38;2;106;49;98m██[38;2;164;49;123m██[38;2;164;49;123m██[38;2;164;49;123m██[38;2;164;49;123m██[38;2;164;49;123m██[38;2;106;49;98m██[38;2;106;49;98m██[38;2;106;49;98m██[38;2;106;49;98m██    
                      [38;2;16;16;16m██[38;2;205;98;180m██[38;2;205;98;180m██[38;2;205;98;180m██[38;2;164;49;123m██[38;2;16;16;16m██[38;2;205;98;180m██[38;2;164;49;123m██[38;2;164;49;123m██[38;2;164;49;123m██[38;2;164;49;123m██[38;2;164;49;123m██[38;2;164;49;123m██[38;2;164;49;123m██[38;2;16;16;16m██      [38;2;16;16;16m██[38;2;16;16;16m██[38;2;16;16;16m██[38;2;16;16;16m██[38;2;16;16;16m██[38;2;16;16;16m██          
                      [38;2;16;16;16m██[38;2;205;98;180m██[38;2;205;98;180m██[38;2;164;49;123m██[38;2;164;49;123m██[38;2;164;49;123m██[38;2;16;16;16m██[38;2;16;16;16m██[38;2;16;16;16m██[38;2;164;49;123m██[38;2;164;49;123m██[38;2;164;49;123m██[38;2;164;49;123m██[38;2;16;16;16m██                              
                        [38;2;16;16;16m██[38;2;164;49;123m██[38;2;164;49;123m██[38;2;164;49;123m██[38;2;164;49;123m██[38;2;164;49;123m██[38;2;164;49;123m██[38;2;164;49;123m██[38;2;164;49;123m██[38;2;164;49;123m██[38;2;16;16;16m██[38;2;16;16;16m██                                
              [38;2;115;65;24m██[38;2;115;65;24m██[38;2;115;65;24m██      [38;2;16;16;16m██[38;2;16;16;16m██[38;2;164;49;123m██[38;2;164;49;123m██[38;2;164;49;123m██[38;2;164;49;123m██[38;2;164;49;123m██[38;2;16;16;16m██[38;2;16;16;16m██                                    
            [38;2;16;16;16m██[38;2;16;16;16m██[38;2;255;255;255m██[38;2;255;246;98m██[38;2;16;16;16m██    [38;2;115;65;24m██[38;2;16;16;16m██[38;2;16;16;16m██[38;2;16;16;16m██[38;2;16;16;16m██[38;2;16;16;16m██[38;2;16;16;16m██                                        
          [38;2;16;16;16m██[38;2;255;255;255m██[38;2;255;213;65m██[38;2;115;65;24m██[38;2;115;65;24m██[38;2;255;246;98m██[38;2;16;16;16m██[38;2;115;65;24m██[38;2;213;164;41m██[38;2;115;65;24m██    [38;2;16;16;16m██[38;2;213;164;41m██[38;2;115;65;24m██                                        
          [38;2;115;65;24m██[38;2;16;16;16m██[38;2;16;16;16m██[38;2;115;65;24m██[38;2;213;164;41m██[38;2;213;164;41m██[38;2;255;246;98m██[38;2;255;246;98m██[38;2;213;164;41m██[38;2;16;16;16m██    [38;2;115;65;24m██[38;2;213;164;41m██[38;2;115;65;24m██                                        
                  [38;2;115;65;24m██[38;2;115;65;24m██[38;2;213;164;41m██[38;2;115;65;24m██[38;2;16;16;16m██  [38;2;115;65;24m██[38;2;115;65;24m██[38;2;115;65;24m██[38;2;115;65;24m██[38;2;213;164;41m██[38;2;115;65;24m██                                      
                    [38;2;16;16;16m██[38;2;255;255;255m██[38;2;16;16;16m██  [38;2;115;65;24m██[38;2;255;255;255m██[38;2;213;164;41m██[38;2;213;164;41m██[38;2;115;65;24m██[38;2;213;164;41m██[38;2;115;65;24m██[38;2;16;16;16m██                                    
                      [38;2;16;16;16m██      [38;2;115;65;24m██[38;2;16;16;16m██[38;2;115;65;24m██[38;2;213;164;41m██[38;2;213;164;41m██[38;2;213;164;41m██[38;2;255;255;255m██[38;2;16;16;16m██                                  
                              [38;2;16;16;16m██[38;2;255;255;255m██[38;2;255;213;65m██[38;2;213;164;41m██[38;2;16;16;16m██[38;2;16;16;16m██[38;2;16;16;16m██[38;2;115;65;24m██                                  
                              [38;2;115;65;24m██[38;2;16;16;16m██[38;2;16;16;16m██[38;2;16;16;16m██                                          
