                                [38;2;49;131;49m██[38;2;16;16;16m██                                                [38;2;82;164;82m██[38;2;16;16;16m██                    
                                [38;2;49;131;49m██[38;2;156;222;98m██[38;2;16;16;16m██                                            [38;2;82;164;82m██[38;2;197;255;131m██[38;2;16;16;16m██                    
                                [38;2;49;131;49m██[38;2;156;222;98m██[38;2;16;16;16m██                                          [38;2;82;164;82m██[38;2;197;255;131m██[38;2;16;16;16m██                      
                                  [38;2;49;131;49m██[38;2;156;222;98m██[38;2;16;16;16m██                                      [38;2;82;164;82m██[38;2;131;197;41m██[38;2;197;255;131m██[38;2;16;16;16m██                      
                                  [38;2;49;131;49m██[38;2;156;222;98m██[38;2;106;180;82m██[38;2;16;16;16m██                                    [38;2;82;164;82m██[38;2;197;255;131m██[38;2;16;16;16m██                        
          [38;2;82;164;82m██[38;2;82;164;82m██                    [38;2;49;131;49m██[38;2;156;222;98m██[38;2;156;222;98m██[38;2;16;16;16m██                                  [38;2;82;164;82m██[38;2;197;255;131m██[38;2;197;255;131m██[38;2;16;16;16m██                        
          [38;2;16;16;16m██[38;2;197;255;131m██[38;2;82;164;82m██                    [38;2;49;131;49m██[38;2;156;222;98m██[38;2;156;222;98m██[38;2;16;16;16m██    [38;2;49;131;49m██[38;2;49;131;49m██[38;2;49;131;49m██[38;2;49;131;49m██[38;2;49;131;49m██[38;2;49;131;49m██[38;2;49;131;49m██            [38;2;82;164;82m██[38;2;197;255;131m██[38;2;197;255;131m██[38;2;16;16;16m██                          
            [38;2;16;16;16m██[38;2;197;255;131m██[38;2;82;164;82m██[38;2;82;164;82m██                [38;2;49;131;49m██[38;2;156;222;98m██[38;2;82;164;82m██[38;2;82;164;82m██[38;2;49;131;49m██[38;2;49;131;49m██[38;2;131;197;41m██[38;2;156;222;98m██[38;2;156;222;98m██[38;2;156;222;98m██[38;2;156;222;98m██[38;2;156;222;98m██[38;2;156;222;98m██[38;2;82;164;82m██[38;2;82;164;82m██[38;2;82;164;82m██    [38;2;82;164;82m██[38;2;197;255;131m██[38;2;197;255;131m██[38;2;197;255;131m██[38;2;16;16;16m██                          
              [38;2;16;16;16m██[38;2;197;255;131m██[38;2;197;255;131m██[38;2;82;164;82m██              [38;2;82;164;82m██[38;2;82;164;82m██[38;2;131;197;41m██[38;2;156;222;98m██[38;2;156;222;98m██[38;2;197;255;131m██[38;2;197;255;131m██[38;2;197;255;131m██[38;2;197;255;131m██[38;2;197;255;131m██[38;2;197;255;131m██[38;2;197;255;131m██[38;2;156;222;98m██[38;2;156;222;98m██[38;2;156;222;98m██[38;2;156;222;98m██[38;2;82;164;82m██[38;2;49;131;49m██[38;2;156;222;98m██[38;2;197;255;131m██[38;2;197;255;131m██[38;2;16;16;16m██                            
                [38;2;16;16;16m██[38;2;197;255;131m██[38;2;197;255;131m██[38;2;82;164;82m██        [38;2;82;164;82m██[38;2;82;164;82m██[38;2;156;222;98m██[38;2;156;222;98m██[38;2;197;255;131m██[38;2;197;255;131m██[38;2;197;255;131m██[38;2;197;255;131m██[38;2;197;255;131m██[38;2;197;255;131m██[38;2;197;255;131m██[38;2;197;255;131m██[38;2;197;255;131m██[38;2;197;255;131m██[38;2;197;255;131m██[38;2;197;255;131m██[38;2;156;222;98m██[38;2;49;131;49m██[38;2;49;131;49m██[38;2;156;222;98m██[38;2;156;222;98m██[38;2;156;222;98m██[38;2;156;222;98m██[38;2;16;16;16m██                            
                  [38;2;16;16;16m██[38;2;197;255;131m██[38;2;197;255;131m██[38;2;82;164;82m██  [38;2;82;164;82m██[38;2;82;164;82m██[38;2;156;222;98m██[38;2;156;222;98m██[38;2;197;255;131m██[38;2;197;255;131m██[38;2;197;255;131m██[38;2;197;255;131m██[38;2;197;255;131m██[38;2;197;255;131m██[38;2;197;255;131m██[38;2;197;255;131m██[38;2;197;255;131m██[38;2;197;255;131m██[38;2;197;255;131m██[38;2;197;255;131m██[38;2;197;255;131m██[38;2;197;255;131m██[38;2;197;255;131m██[38;2;156;222;98m██[38;2;156;222;98m██[38;2;156;222;98m██[38;2;156;222;98m██[38;2;156;222;98m██[38;2;16;16;16m██[38;2;156;222;98m██[38;2;49;131;49m██                [38;2;49;131;49m██[38;2;49;131;49m██[38;2;16;16;16m██    
                  [38;2;16;16;16m██[38;2;131;197;41m██[38;2;197;255;131m██[38;2;156;222;98m██[38;2;49;131;49m██[38;2;49;131;49m██[38;2;156;222;98m██[38;2;197;255;131m██[38;2;197;255;131m██[38;2;197;255;131m██[38;2;197;255;131m██[38;2;197;255;131m██[38;2;197;255;131m██[38;2;197;255;131m██[38;2;197;255;131m██[38;2;197;255;131m██[38;2;197;255;131m██[38;2;197;255;131m██[38;2;197;255;131m██[38;2;197;255;131m██[38;2;197;255;131m██[38;2;197;255;131m██[38;2;197;255;131m██[38;2;197;255;131m██[38;2;197;255;131m██[38;2;156;222;98m██[38;2;156;222;98m██[38;2;156;222;98m██[38;2;156;222;98m██[38;2;16;16;16m██[38;2;156;222;98m██[38;2;156;222;98m██[38;2;49;131;49m██          [38;2;49;131;49m██[38;2;49;131;49m██[38;2;131;197;41m██[38;2;131;197;41m██[38;2;16;16;16m██    
                    [38;2;16;16;16m██[38;2;156;222;98m██[38;2;156;222;98m██[38;2;156;222;98m██[38;2;156;222;98m██[38;2;82;164;82m██[38;2;82;164;82m██[38;2;197;255;131m██[38;2;197;255;131m██[38;2;197;255;131m██[38;2;197;255;131m██[38;2;197;255;131m██[38;2;197;255;131m██[38;2;197;255;131m██[38;2;197;255;131m██[38;2;197;255;131m██[38;2;197;255;131m██[38;2;197;255;131m██[38;2;197;255;131m██[38;2;197;255;131m██[38;2;197;255;131m██[38;2;197;255;131m██[38;2;197;255;131m██[38;2;197;255;131m██[38;2;197;255;131m██[38;2;156;222;98m██[38;2;156;222;98m██[38;2;156;222;98m██[38;2;156;222;98m██[38;2;16;16;16m██[38;2;156;222;98m██[38;2;131;197;41m██[38;2;16;16;16m██  [38;2;49;131;49m██[38;2;49;131;49m██[38;2;49;131;49m██[38;2;131;197;41m██[38;2;131;197;41m██[38;2;16;16;16m██[38;2;16;16;16m██      
                      [38;2;16;16;16m██[38;2;156;222;98m██[38;2;156;222;98m██[38;2;156;222;98m██[38;2;156;222;98m██[38;2;197;255;131m██[38;2;197;255;131m██[38;2;197;255;131m██[38;2;197;255;131m██[38;2;197;255;131m██[38;2;197;255;131m██[38;2;197;255;131m██[38;2;197;255;131m██[38;2;197;255;131m██[38;2;197;255;131m██[38;2;197;255;131m██[38;2;197;255;131m██[38;2;197;255;131m██[38;2;197;255;131m██[38;2;197;255;131m██[38;2;197;255;131m██[38;2;197;255;131m██[38;2;197;255;131m██[38;2;197;255;131m██[38;2;82;164;82m██[38;2;156;222;98m██[38;2;156;222;98m██[38;2;156;222;98m██[38;2;156;222;98m██[38;2;156;222;98m██[38;2;156;222;98m██[38;2;16;16;16m██[38;2;49;131;49m██[38;2;131;197;41m██[38;2;131;197;41m██[38;2;131;197;41m██[38;2;131;197;41m██[38;2;16;16;16m██          
                      [38;2;16;16;16m██[38;2;131;197;41m██[38;2;156;222;98m██[38;2;156;222;98m██[38;2;156;222;98m██[38;2;197;255;131m██[38;2;197;255;131m██[38;2;197;255;131m██[38;2;131;197;41m██[38;2;197;255;131m██[38;2;197;255;131m██[38;2;197;255;131m██[38;2;197;255;131m██[38;2;197;255;131m██[38;2;197;255;131m██[38;2;197;255;131m██[38;2;197;255;131m██[38;2;197;255;131m██[38;2;197;255;131m██[38;2;197;255;131m██[38;2;197;255;131m██[38;2;131;197;41m██[38;2;197;255;131m██[38;2;197;255;131m██[38;2;156;222;98m██[38;2;82;164;82m██[38;2;156;222;98m██[38;2;156;222;98m██[38;2;156;222;98m██[38;2;156;222;98m██[38;2;156;222;98m██[38;2;131;197;41m██[38;2;16;16;16m██[38;2;131;197;41m██[38;2;131;197;41m██[38;2;16;16;16m██[38;2;16;16;16m██            
                    [38;2;16;16;16m██[38;2;131;197;41m██[38;2;16;16;16m██[38;2;156;222;98m██[38;2;156;222;98m██[38;2;156;222;98m██[38;2;197;255;131m██[38;2;197;255;131m██[38;2;131;197;41m██[38;2;197;255;131m██[38;2;197;255;131m██[38;2;197;255;131m██[38;2;197;255;131m██[38;2;197;255;131m██[38;2;197;255;131m██[38;2;197;255;131m██[38;2;197;255;131m██[38;2;197;255;131m██[38;2;197;255;131m██[38;2;197;255;131m██[38;2;197;255;131m██[38;2;197;255;131m██[38;2;197;255;131m██[38;2;131;197;41m██[38;2;197;255;131m██[38;2;156;222;98m██[38;2;156;222;98m██[38;2;82;164;82m██[38;2;156;222;98m██[38;2;156;222;98m██[38;2;156;222;98m██[38;2;156;222;98m██[38;2;131;197;41m██[38;2;16;16;16m██[38;2;131;197;41m██[38;2;16;16;16m██                
                    [38;2;16;16;16m██[38;2;156;222;98m██[38;2;49;131;49m██[38;2;156;222;98m██[38;2;156;222;98m██[38;2;197;255;131m██[38;2;197;255;131m██[38;2;131;197;41m██[38;2;197;255;131m██[38;2;197;255;131m██[38;2;197;255;131m██[38;2;197;255;131m██[38;2;197;255;131m██[38;2;197;255;131m██[38;2;197;255;131m██[38;2;197;255;131m██[38;2;197;255;131m██[38;2;197;255;131m██[38;2;197;255;131m██[38;2;197;255;131m██[38;2;197;255;131m██[38;2;197;255;131m██[38;2;197;255;131m██[38;2;197;255;131m██[38;2;82;164;82m██[38;2;156;222;98m██[38;2;156;222;98m██[38;2;82;164;82m██[38;2;156;222;98m██[38;2;156;222;98m██[38;2;156;222;98m██[38;2;131;197;41m██[38;2;131;197;41m██[38;2;131;197;41m██[38;2;16;16;16m██                  
                  [38;2;16;16;16m██[38;2;156;222;98m██[38;2;156;222;98m██[38;2;131;197;41m██[38;2;156;222;98m██[38;2;197;255;131m██[38;2;197;255;131m██[38;2;82;164;82m██[38;2;197;255;131m██[38;2;197;255;131m██[38;2;197;255;131m██[38;2;197;255;131m██[38;2;197;255;131m██[38;2;197;255;131m██[38;2;197;255;131m██[38;2;197;255;131m██[38;2;197;255;131m██[38;2;197;255;131m██[38;2;197;255;131m██[38;2;197;255;131m██[38;2;197;255;131m██[38;2;197;255;131m██[38;2;197;255;131m██[38;2;197;255;131m██[38;2;197;255;131m██[38;2;82;164;82m██[38;2;156;222;98m██[38;2;156;222;98m██[38;2;156;222;98m██[38;2;82;164;82m██[38;2;156;222;98m██[38;2;131;197;41m██[38;2;156;222;98m██[38;2;131;197;41m██[38;2;131;197;41m██[38;2;16;16;16m██                  
                  [38;2;16;16;16m██[38;2;156;222;98m██[38;2;82;164;82m██[38;2;156;222;98m██[38;2;156;222;98m██[38;2;156;222;98m██[38;2;197;255;131m██[38;2;82;164;82m██[38;2;197;255;131m██[38;2;197;255;131m██[38;2;197;255;131m██[38;2;197;255;131m██[38;2;197;255;131m██[38;2;16;16;16m██[38;2;16;16;16m██[38;2;197;255;131m██[38;2;197;255;131m██[38;2;197;255;131m██[38;2;197;255;131m██[38;2;197;255;131m██[38;2;197;255;131m██[38;2;197;255;131m██[38;2;197;255;131m██[38;2;197;255;131m██[38;2;156;222;98m██[38;2;156;222;98m██[38;2;82;164;82m██[38;2;156;222;98m██[38;2;156;222;98m██[38;2;82;164;82m██[38;2;156;222;98m██[38;2;156;222;98m██[38;2;131;197;41m██[38;2;82;164;82m██[38;2;131;197;41m██[38;2;16;16;16m██                  
                  [38;2;16;16;16m██[38;2;131;197;41m██[38;2;49;131;49m██[38;2;156;222;98m██[38;2;156;222;98m██[38;2;156;222;98m██[38;2;82;164;82m██[38;2;156;222;98m██[38;2;197;255;131m██[38;2;197;255;131m██[38;2;197;255;131m██[38;2;197;255;131m██[38;2;16;16;16m██[38;2;189;49;0m██[38;2;189;49;0m██[38;2;16;16;16m██[38;2;197;255;131m██[38;2;197;255;131m██[38;2;197;255;131m██[38;2;197;255;131m██[38;2;197;255;131m██[38;2;197;255;131m██[38;2;197;255;131m██[38;2;156;222;98m██[38;2;156;222;98m██[38;2;156;222;98m██[38;2;82;164;82m██[38;2;156;222;98m██[38;2;156;222;98m██[38;2;82;164;82m██[38;2;156;222;98m██[38;2;131;197;41m██[38;2;131;197;41m██[38;2;49;131;49m██[38;2;131;197;41m██[38;2;16;16;16m██                  
                  [38;2;16;16;16m██[38;2;49;131;49m██[38;2;156;222;98m██[38;2;156;222;98m██[38;2;156;222;98m██[38;2;156;222;98m██[38;2;82;164;82m██[38;2;156;222;98m██[38;2;156;222;98m██[38;2;197;255;131m██[38;2;197;255;131m██[38;2;16;16;16m██[38;2;189;49;0m██[38;2;189;49;0m██[38;2;189;49;0m██[38;2;189;49;0m██[38;2;49;131;49m██[38;2;197;255;131m██[38;2;197;255;131m██[38;2;197;255;131m██[38;2;197;255;131m██[38;2;156;222;98m██[38;2;156;222;98m██[38;2;156;222;98m██[38;2;156;222;98m██[38;2;156;222;98m██[38;2;82;164;82m██[38;2;156;222;98m██[38;2;156;222;98m██[38;2;82;164;82m██[38;2;131;197;41m██[38;2;156;222;98m██[38;2;131;197;41m██[38;2;49;131;49m██[38;2;131;197;41m██[38;2;16;16;16m██                  
                  [38;2;16;16;16m██[38;2;49;131;49m██[38;2;131;197;41m██[38;2;156;222;98m██[38;2;156;222;98m██[38;2;82;164;82m██[38;2;156;222;98m██[38;2;156;222;98m██[38;2;156;222;98m██[38;2;156;222;98m██[38;2;16;16;16m██[38;2;115;0;0m██[38;2;189;49;0m██[38;2;213;255;180m██[38;2;189;49;0m██[38;2;189;49;0m██[38;2;49;131;49m██[38;2;156;222;98m██[38;2;156;222;98m██[38;2;156;222;98m██[38;2;156;222;98m██[38;2;156;222;98m██[38;2;156;222;98m██[38;2;156;222;98m██[38;2;156;222;98m██[38;2;156;222;98m██[38;2;156;222;98m██[38;2;82;164;82m██[38;2;156;222;98m██[38;2;49;131;49m██[38;2;156;222;98m██[38;2;131;197;41m██[38;2;131;197;41m██[38;2;131;197;41m██[38;2;16;16;16m██                    
                [38;2;82;164;82m██[38;2;16;16;16m██[38;2;49;131;49m██[38;2;131;197;41m██[38;2;156;222;98m██[38;2;156;222;98m██[38;2;82;164;82m██[38;2;156;222;98m██[38;2;156;222;98m██[38;2;156;222;98m██[38;2;156;222;98m██[38;2;16;16;16m██[38;2;115;0;0m██[38;2;189;49;0m██[38;2;213;255;180m██[38;2;255;139;106m██[38;2;255;139;106m██[38;2;49;131;49m██[38;2;156;222;98m██[38;2;156;222;98m██[38;2;156;222;98m██[38;2;156;222;98m██[38;2;156;222;98m██[38;2;156;222;98m██[38;2;156;222;98m██[38;2;156;222;98m██[38;2;156;222;98m██[38;2;156;222;98m██[38;2;82;164;82m██[38;2;131;197;41m██[38;2;49;131;49m██[38;2;131;197;41m██[38;2;131;197;41m██[38;2;131;197;41m██[38;2;131;197;41m██[38;2;131;197;41m██[38;2;16;16;16m██                  
            [38;2;82;164;82m██[38;2;82;164;82m██[38;2;131;197;41m██[38;2;131;197;41m██[38;2;16;16;16m██[38;2;131;197;41m██[38;2;131;197;41m██[38;2;156;222;98m██[38;2;49;131;49m██[38;2;156;222;98m██[38;2;156;222;98m██[38;2;156;222;98m██[38;2;16;16;16m██[38;2;131;197;41m██[38;2;115;0;0m██[38;2;255;139;106m██[38;2;255;139;106m██[38;2;255;139;106m██[38;2;255;139;106m██[38;2;131;197;41m██[38;2;156;222;98m██[38;2;156;222;98m██[38;2;156;222;98m██[38;2;156;222;98m██[38;2;156;222;98m██[38;2;156;222;98m██[38;2;82;164;82m██[38;2;156;222;98m██[38;2;156;222;98m██[38;2;131;197;41m██[38;2;49;131;49m██[38;2;49;131;49m██[38;2;131;197;41m██[38;2;131;197;41m██[38;2;131;197;41m██[38;2;131;197;41m██[38;2;131;197;41m██[38;2;131;197;41m██[38;2;131;197;41m██[38;2;16;16;16m██[38;2;16;16;16m██              
      [38;2;82;164;82m██[38;2;82;164;82m██[38;2;82;164;82m██[38;2;131;197;41m██[38;2;131;197;41m██[38;2;131;197;41m██[38;2;131;197;41m██[38;2;16;16;16m██[38;2;49;131;49m██[38;2;131;197;41m██[38;2;131;197;41m██[38;2;49;131;49m██[38;2;156;222;98m██[38;2;156;222;98m██[38;2;156;222;98m██[38;2;49;131;49m██[38;2;131;197;41m██[38;2;131;197;41m██[38;2;115;0;0m██[38;2;255;139;106m██[38;2;255;139;106m██[38;2;49;131;49m██[38;2;131;197;41m██[38;2;131;197;41m██[38;2;156;222;98m██[38;2;156;222;98m██[38;2;156;222;98m██[38;2;156;222;98m██[38;2;156;222;98m██[38;2;49;131;49m██[38;2;131;197;41m██[38;2;131;197;41m██[38;2;131;197;41m██[38;2;49;131;49m██[38;2;49;131;49m██[38;2;131;197;41m██[38;2;131;197;41m██[38;2;131;197;41m██[38;2;49;131;49m██[38;2;131;197;41m██[38;2;131;197;41m██[38;2;156;222;98m██[38;2;156;222;98m██[38;2;156;222;98m██[38;2;49;131;49m██[38;2;49;131;49m██[38;2;49;131;49m██        
  [38;2;82;164;82m██[38;2;82;164;82m██[38;2;131;197;41m██[38;2;131;197;41m██[38;2;131;197;41m██[38;2;131;197;41m██[38;2;16;16;16m██[38;2;16;16;16m██[38;2;16;16;16m██[38;2;16;16;16m██[38;2;16;16;16m██[38;2;131;197;41m██[38;2;131;197;41m██[38;2;131;197;41m██[38;2;49;131;49m██[38;2;131;197;41m██[38;2;156;222;98m██[38;2;156;222;98m██[38;2;49;131;49m██[38;2;131;197;41m██[38;2;131;197;41m██[38;2;49;131;49m██[38;2;49;131;49m██[38;2;131;197;41m██[38;2;131;197;41m██[38;2;131;197;41m██[38;2;82;164;82m██[38;2;131;197;41m██[38;2;131;197;41m██[38;2;131;197;41m██[38;2;131;197;41m██[38;2;49;131;49m██[38;2;131;197;41m██[38;2;131;197;41m██[38;2;131;197;41m██[38;2;49;131;49m██[38;2;131;197;41m██[38;2;131;197;41m██[38;2;131;197;41m██[38;2;16;16;16m██[38;2;16;16;16m██[38;2;16;16;16m██[38;2;16;16;16m██[38;2;16;16;16m██[38;2;156;222;98m██[38;2;156;222;98m██[38;2;156;222;98m██[38;2;156;222;98m██[38;2;156;222;98m██[38;2;49;131;49m██[38;2;49;131;49m██[38;2;49;131;49m██  
[38;2;82;164;82m██[38;2;16;16;16m██[38;2;16;16;16m██[38;2;16;16;16m██[38;2;16;16;16m██[38;2;16;16;16m██[38;2;16;16;16m██          [38;2;16;16;16m██[38;2;131;197;41m██[38;2;131;197;41m██[38;2;49;131;49m██[38;2;131;197;41m██[38;2;131;197;41m██[38;2;131;197;41m██[38;2;131;197;41m██[38;2;131;197;41m██[38;2;131;197;41m██[38;2;131;197;41m██[38;2;131;197;41m██[38;2;131;197;41m██[38;2;131;197;41m██[38;2;131;197;41m██[38;2;49;131;49m██[38;2;131;197;41m██[38;2;131;197;41m██[38;2;131;197;41m██[38;2;49;131;49m██[38;2;131;197;41m██[38;2;131;197;41m██[38;2;131;197;41m██[38;2;131;197;41m██[38;2;49;131;49m██[38;2;131;197;41m██[38;2;49;131;49m██[38;2;16;16;16m██          [38;2;49;131;49m██[38;2;16;16;16m██[38;2;16;16;16m██[38;2;16;16;16m██[38;2;82;164;82m██[38;2;156;222;98m██[38;2;156;222;98m██[38;2;156;222;98m██[38;2;49;131;49m██
                          [38;2;16;16;16m██[38;2;16;16;16m██[38;2;131;197;41m██[38;2;49;131;49m██[38;2;131;197;41m██[38;2;131;197;41m██[38;2;131;197;41m██[38;2;131;197;41m██[38;2;49;131;49m██[38;2;131;197;41m██[38;2;131;197;41m██[38;2;131;197;41m██[38;2;131;197;41m██[38;2;49;131;49m██[38;2;131;197;41m██[38;2;131;197;41m██[38;2;131;197;41m██[38;2;131;197;41m██[38;2;49;131;49m██[38;2;131;197;41m██[38;2;131;197;41m██[38;2;131;197;41m██[38;2;49;131;49m██[38;2;131;197;41m██[38;2;16;16;16m██[38;2;16;16;16m██                    [38;2;49;131;49m██[38;2;16;16;16m██[38;2;16;16;16m██[38;2;16;16;16m██[38;2;16;16;16m██
                              [38;2;16;16;16m██[38;2;16;16;16m██[38;2;49;131;49m██[38;2;131;197;41m██[38;2;131;197;41m██[38;2;131;197;41m██[38;2;131;197;41m██[38;2;49;131;49m██[38;2;131;197;41m██[38;2;131;197;41m██[38;2;131;197;41m██[38;2;16;16;16m██[38;2;131;197;41m██[38;2;131;197;41m██[38;2;131;197;41m██[38;2;49;131;49m██[38;2;131;197;41m██[38;2;131;197;41m██[38;2;131;197;41m██[38;2;131;197;41m██[38;2;16;16;16m██[38;2;16;16;16m██                                  
                                  [38;2;16;16;16m██[38;2;16;16;16m██[38;2;16;16;16m██[38;2;131;197;41m██[38;2;131;197;41m██[38;2;49;131;49m██[38;2;131;197;41m██[38;2;156;222;98m██[38;2;131;197;41m██[38;2;16;16;16m██[38;2;131;197;41m██[38;2;49;131;49m██[38;2;49;131;49m██[38;2;131;197;41m██[38;2;131;197;41m██[38;2;16;16;16m██[38;2;16;16;16m██[38;2;16;16;16m██                                      
                                        [38;2;16;16;16m██[38;2;16;16;16m██[38;2;16;16;16m██[38;2;49;131;49m██[38;2;156;222;98m██[38;2;156;222;98m██[38;2;16;16;16m██[38;2;16;16;16m██[38;2;16;16;16m██[38;2;16;16;16m██[38;2;16;16;16m██[38;2;16;16;16m██                                            
                                              [38;2;49;131;49m██[38;2;156;222;98m██[38;2;156;222;98m██[38;2;49;131;49m██                                                      
                                                [38;2;49;131;49m██[38;2;156;222;98m██[38;2;131;197;41m██[38;2;49;131;49m██                                                    
                                                [38;2;49;131;49m██[38;2;131;197;41m██[38;2;156;222;98m██[38;2;16;16;16m██                                                    
                                                  [38;2;49;131;49m██[38;2;156;222;98m██[38;2;16;16;16m██                                                    
                                                  [38;2;49;131;49m██[38;2;156;222;98m██[38;2;131;197;41m██[38;2;49;131;49m██                                                  
                                                    [38;2;49;131;49m██[38;2;156;222;98m██[38;2;16;16;16m██                                                  
                                                      [38;2;49;131;49m██[38;2;16;16;16m██                                                  
