                                                                                      [38;2;148;106;74m██[38;2;0;0;0m██                            
                                                                          [38;2;0;0;0m██        [38;2;148;106;74m██[38;2;255;246;148m██[38;2;0;0;0m██                            
                                                                  [38;2;0;0;0m██[38;2;0;0;0m██  [38;2;0;0;0m██[38;2;255;246;148m██[38;2;0;0;0m██  [38;2;148;106;74m██[38;2;148;106;74m██[38;2;255;205;115m██[38;2;255;246;148m██[38;2;0;0;0m██                            
                                                                  [38;2;0;0;0m██[38;2;255;246;148m██[38;2;0;0;0m██[38;2;148;106;74m██[38;2;255;246;148m██[38;2;255;246;148m██[38;2;148;106;74m██[38;2;222;172;90m██[38;2;255;246;148m██[38;2;255;246;148m██[38;2;255;246;148m██[38;2;0;0;0m██  [38;2;148;106;74m██[38;2;148;106;74m██[38;2;0;0;0m██                    
                                                                  [38;2;0;0;0m██[38;2;222;172;90m██[38;2;255;246;148m██[38;2;148;106;74m██[38;2;222;172;90m██[38;2;255;246;148m██[38;2;222;172;90m██[38;2;255;246;148m██[38;2;255;246;148m██[38;2;255;246;148m██[38;2;255;246;148m██[38;2;148;106;74m██[38;2;148;106;74m██[38;2;255;246;148m██[38;2;255;246;148m██[38;2;0;0;0m██                    
                                                                    [38;2;0;0;0m██[38;2;255;246;148m██[38;2;255;246;148m██[38;2;255;246;148m██[38;2;255;246;148m██[38;2;255;246;148m██[38;2;255;246;148m██[38;2;255;246;148m██[38;2;255;246;148m██[38;2;255;246;148m██[38;2;255;246;148m██[38;2;255;246;148m██[38;2;255;246;148m██[38;2;0;0;0m██                      
                                                                    [38;2;0;0;0m██[38;2;222;172;90m██[38;2;255;246;148m██[38;2;255;246;148m██[38;2;255;246;148m██[38;2;255;246;148m██[38;2;255;246;148m██[38;2;255;246;148m██[38;2;255;246;148m██[38;2;255;246;148m██[38;2;255;246;148m██[38;2;255;246;148m██[38;2;255;246;148m██[38;2;255;246;148m██[38;2;148;106;74m██[38;2;148;106;74m██[38;2;148;106;74m██[38;2;0;0;0m██              
                                          [38;2;65;139;123m██[38;2;24;90;90m██                [38;2;65;139;123m██[38;2;65;139;123m██    [38;2;0;0;0m██[38;2;255;205;115m██[38;2;255;205;115m██[38;2;0;0;0m██[38;2;0;0;0m██[38;2;148;106;74m██[38;2;148;106;74m██[38;2;255;246;148m██[38;2;255;246;148m██[38;2;255;246;148m██[38;2;255;246;148m██[38;2;255;246;148m██[38;2;255;205;115m██[38;2;255;205;115m██[38;2;255;205;115m██[38;2;0;0;0m██                
                                        [38;2;24;90;90m██[38;2;164;222;222m██[38;2;164;222;222m██[38;2;24;90;90m██          [38;2;65;139;123m██[38;2;65;139;123m██[38;2;164;222;222m██[38;2;164;222;222m██[38;2;0;0;0m██  [38;2;0;0;0m██[38;2;0;0;0m██[38;2;0;0;0m██[38;2;197;131;115m██[38;2;197;131;115m██[38;2;197;131;115m██[38;2;197;131;115m██[38;2;148;106;74m██[38;2;148;106;74m██[38;2;255;246;148m██[38;2;255;205;115m██[38;2;255;205;115m██[38;2;255;205;115m██[38;2;255;205;115m██[38;2;0;0;0m██                  
                        [38;2;24;90;90m██[38;2;24;90;90m██          [38;2;24;90;90m██[38;2;164;222;222m██[38;2;164;222;222m██[38;2;164;222;222m██[38;2;164;222;222m██[38;2;24;90;90m██      [38;2;65;139;123m██[38;2;164;222;222m██[38;2;164;222;222m██[38;2;164;222;222m██[38;2;164;222;222m██[38;2;0;0;0m██  [38;2;0;0;0m██[38;2;197;131;115m██[38;2;197;131;115m██[38;2;148;106;74m██[38;2;148;106;74m██[38;2;148;106;74m██[38;2;197;131;115m██[38;2;197;131;115m██[38;2;197;131;115m██[38;2;148;106;74m██[38;2;255;205;115m██[38;2;255;205;115m██[38;2;255;205;115m██[38;2;0;0;0m██                    
                        [38;2;24;90;90m██[38;2;139;205;205m██[38;2;24;90;90m██      [38;2;24;90;90m██[38;2;164;222;222m██[38;2;164;222;222m██[38;2;164;222;222m██[38;2;164;222;222m██[38;2;164;222;222m██[38;2;0;0;0m██    [38;2;65;139;123m██[38;2;164;222;222m██[38;2;164;222;222m██[38;2;164;222;222m██[38;2;164;222;222m██[38;2;164;222;222m██[38;2;164;222;222m██[38;2;0;0;0m██[38;2;197;131;115m██[38;2;197;131;115m██[38;2;197;131;115m██[38;2;197;131;115m██[38;2;197;131;115m██[38;2;197;131;115m██[38;2;148;106;74m██[38;2;148;106;74m██[38;2;197;131;115m██[38;2;197;131;115m██[38;2;0;0;0m██[38;2;255;205;115m██[38;2;255;205;115m██[38;2;255;205;115m██[38;2;148;106;74m██[38;2;148;106;74m██                
                      [38;2;24;90;90m██[38;2;139;205;205m██[38;2;139;205;205m██[38;2;139;205;205m██[38;2;24;90;90m██  [38;2;24;90;90m██[38;2;164;222;222m██[38;2;164;222;222m██[38;2;164;222;222m██[38;2;164;222;222m██[38;2;164;222;222m██[38;2;164;222;222m██[38;2;164;222;222m██[38;2;0;0;0m██[38;2;24;90;90m██[38;2;164;222;222m██[38;2;164;222;222m██[38;2;164;222;222m██[38;2;164;222;222m██[38;2;164;222;222m██[38;2;164;222;222m██[38;2;164;222;222m██[38;2;0;0;0m██[38;2;148;106;74m██[38;2;148;106;74m██[38;2;148;106;74m██[38;2;197;131;115m██[38;2;197;131;115m██[38;2;197;131;115m██[38;2;0;0;0m██[38;2;0;0;0m██[38;2;0;0;0m██[38;2;197;131;115m██[38;2;0;0;0m██[38;2;255;205;115m██[38;2;255;205;115m██[38;2;255;205;115m██[38;2;255;205;115m██[38;2;255;205;115m██[38;2;0;0;0m██              
                      [38;2;0;0;0m██[38;2;139;205;205m██[38;2;139;205;205m██[38;2;139;205;205m██[38;2;139;205;205m██[38;2;24;90;90m██[38;2;164;222;222m██[38;2;164;222;222m██[38;2;164;222;222m██[38;2;164;222;222m██[38;2;164;222;222m██[38;2;164;222;222m██[38;2;164;222;222m██[38;2;164;222;222m██[38;2;24;90;90m██[38;2;164;222;222m██[38;2;164;222;222m██[38;2;164;222;222m██[38;2;164;222;222m██[38;2;164;222;222m██[38;2;164;222;222m██[38;2;164;222;222m██[38;2;164;222;222m██[38;2;139;205;205m██[38;2;0;0;0m██[38;2;197;131;115m██[38;2;197;131;115m██[38;2;148;106;74m██[38;2;0;0;0m██[38;2;0;0;0m██[38;2;139;205;205m██[38;2;139;205;205m██[38;2;139;205;205m██[38;2;0;0;0m██[38;2;197;131;115m██[38;2;0;0;0m██[38;2;255;205;115m██[38;2;148;106;74m██[38;2;0;0;0m██[38;2;0;0;0m██                
                      [38;2;0;0;0m██[38;2;139;205;205m██[38;2;139;205;205m██[38;2;139;205;205m██[38;2;139;205;205m██[38;2;164;222;222m██[38;2;164;222;222m██[38;2;164;222;222m██[38;2;164;222;222m██[38;2;164;222;222m██[38;2;164;222;222m██[38;2;164;222;222m██[38;2;164;222;222m██[38;2;164;222;222m██[38;2;164;222;222m██[38;2;164;222;222m██[38;2;164;222;222m██[38;2;164;222;222m██[38;2;164;222;222m██[38;2;164;222;222m██[38;2;164;222;222m██[38;2;164;222;222m██[38;2;139;205;205m██[38;2;139;205;205m██[38;2;0;0;0m██[38;2;197;131;115m██[38;2;0;0;0m██[38;2;0;0;0m██[38;2;139;205;205m██[38;2;139;205;205m██[38;2;139;205;205m██[38;2;139;205;205m██[38;2;139;205;205m██[38;2;0;0;0m██[38;2;148;106;74m██[38;2;0;0;0m██[38;2;255;205;115m██[38;2;255;205;115m██[38;2;148;106;74m██                  
                    [38;2;24;90;90m██[38;2;139;205;205m██[38;2;139;205;205m██[38;2;139;205;205m██[38;2;139;205;205m██[38;2;139;205;205m██[38;2;164;222;222m██[38;2;164;222;222m██[38;2;164;222;222m██[38;2;164;222;222m██[38;2;164;222;222m██[38;2;164;222;222m██[38;2;164;222;222m██[38;2;164;222;222m██[38;2;164;222;222m██[38;2;164;222;222m██[38;2;164;222;222m██[38;2;164;222;222m██[38;2;164;222;222m██[38;2;164;222;222m██[38;2;164;222;222m██[38;2;164;222;222m██[38;2;164;222;222m██[38;2;139;205;205m██[38;2;139;205;205m██[38;2;139;205;205m██[38;2;0;0;0m██[38;2;139;205;205m██[38;2;139;205;205m██[38;2;139;205;205m██[38;2;139;205;205m██[38;2;139;205;205m██[38;2;139;205;205m██[38;2;139;205;205m██[38;2;139;205;205m██[38;2;0;0;0m██[38;2;0;0;0m██[38;2;0;0;0m██[38;2;0;0;0m██                    
                    [38;2;0;0;0m██[38;2;139;205;205m██[38;2;139;205;205m██[38;2;139;205;205m██[38;2;139;205;205m██[38;2;139;205;205m██[38;2;164;222;222m██[38;2;164;222;222m██[38;2;164;222;222m██[38;2;164;222;222m██[38;2;164;222;222m██[38;2;164;222;222m██[38;2;164;222;222m██[38;2;164;222;222m██[38;2;164;222;222m██[38;2;164;222;222m██[38;2;164;222;222m██[38;2;164;222;222m██[38;2;164;222;222m██[38;2;164;222;222m██[38;2;164;222;222m██[38;2;164;222;222m██[38;2;164;222;222m██[38;2;139;205;205m██[38;2;139;205;205m██[38;2;139;205;205m██[38;2;139;205;205m██[38;2;139;205;205m██[38;2;139;205;205m██[38;2;139;205;205m██[38;2;139;205;205m██[38;2;139;205;205m██[38;2;139;205;205m██[38;2;139;205;205m██[38;2;139;205;205m██[38;2;0;0;0m██                          
                    [38;2;0;0;0m██[38;2;139;205;205m██[38;2;139;205;205m██[38;2;139;205;205m██[38;2;139;205;205m██[38;2;139;205;205m██[38;2;139;205;205m██[38;2;164;222;222m██[38;2;164;222;222m██[38;2;164;222;222m██[38;2;164;222;222m██[38;2;164;222;222m██[38;2;164;222;222m██[38;2;164;222;222m██[38;2;164;222;222m██[38;2;164;222;222m██[38;2;164;222;222m██[38;2;164;222;222m██[38;2;164;222;222m██[38;2;164;222;222m██[38;2;164;222;222m██[38;2;164;222;222m██[38;2;139;205;205m██[38;2;139;205;205m██[38;2;139;205;205m██[38;2;139;205;205m██[38;2;139;205;205m██[38;2;139;205;205m██[38;2;139;205;205m██[38;2;139;205;205m██[38;2;139;205;205m██[38;2;139;205;205m██[38;2;139;205;205m██[38;2;139;205;205m██[38;2;139;205;205m██[38;2;139;205;205m██[38;2;0;0;0m██        [38;2;24;90;90m██[38;2;24;90;90m██            
                  [38;2;24;90;90m██[38;2;139;205;205m██[38;2;139;205;205m██[38;2;139;205;205m██[38;2;139;205;205m██[38;2;139;205;205m██[38;2;139;205;205m██[38;2;98;164;156m██[38;2;65;139;123m██[38;2;65;139;123m██[38;2;65;139;123m██[38;2;65;139;123m██[38;2;65;139;123m██[38;2;65;139;123m██[38;2;65;139;123m██[38;2;65;139;123m██[38;2;65;139;123m██[38;2;65;139;123m██[38;2;65;139;123m██[38;2;65;139;123m██[38;2;98;164;156m██[38;2;98;164;156m██[38;2;139;205;205m██[38;2;139;205;205m██[38;2;139;205;205m██[38;2;139;205;205m██[38;2;139;205;205m██[38;2;139;205;205m██[38;2;139;205;205m██[38;2;139;205;205m██[38;2;139;205;205m██[38;2;139;205;205m██[38;2;139;205;205m██[38;2;139;205;205m██[38;2;139;205;205m██[38;2;139;205;205m██[38;2;139;205;205m██[38;2;0;0;0m██  [38;2;24;90;90m██[38;2;24;90;90m██[38;2;24;90;90m██[38;2;98;164;156m██[38;2;98;164;156m██[38;2;0;0;0m██          
                  [38;2;0;0;0m██[38;2;139;205;205m██[38;2;139;205;205m██[38;2;98;164;156m██[38;2;65;139;123m██[38;2;65;139;123m██[38;2;65;139;123m██[38;2;65;139;123m██[38;2;65;139;123m██[38;2;65;139;123m██[38;2;65;139;123m██[38;2;65;139;123m██[38;2;65;139;123m██[38;2;65;139;123m██[38;2;65;139;123m██[38;2;65;139;123m██[38;2;65;139;123m██[38;2;65;139;123m██[38;2;65;139;123m██[38;2;65;139;123m██[38;2;65;139;123m██[38;2;65;139;123m██[38;2;65;139;123m██[38;2;65;139;123m██[38;2;65;139;123m██[38;2;98;164;156m██[38;2;98;164;156m██[38;2;139;205;205m██[38;2;139;205;205m██[38;2;139;205;205m██[38;2;139;205;205m██[38;2;139;205;205m██[38;2;139;205;205m██[38;2;139;205;205m██[38;2;139;205;205m██[38;2;139;205;205m██[38;2;139;205;205m██[38;2;24;90;90m██[38;2;24;90;90m██[38;2;98;164;156m██[38;2;98;164;156m██[38;2;98;164;156m██[38;2;98;164;156m██[38;2;98;164;156m██[38;2;0;0;0m██          
                  [38;2;0;0;0m██[38;2;98;164;156m██[38;2;65;139;123m██[38;2;65;139;123m██[38;2;65;139;123m██[38;2;65;139;123m██[38;2;65;139;123m██[38;2;65;139;123m██[38;2;65;139;123m██[38;2;65;139;123m██[38;2;65;139;123m██[38;2;65;139;123m██[38;2;65;139;123m██[38;2;65;139;123m██[38;2;65;139;123m██[38;2;65;139;123m██[38;2;65;139;123m██[38;2;65;139;123m██[38;2;65;139;123m██[38;2;65;139;123m██[38;2;65;139;123m██[38;2;65;139;123m██[38;2;65;139;123m██[38;2;65;139;123m██[38;2;65;139;123m██[38;2;65;139;123m██[38;2;65;139;123m██[38;2;65;139;123m██[38;2;65;139;123m██[38;2;98;164;156m██[38;2;139;205;205m██[38;2;139;205;205m██[38;2;139;205;205m██[38;2;139;205;205m██[38;2;139;205;205m██[38;2;139;205;205m██[38;2;139;205;205m██[38;2;139;205;205m██[38;2;98;164;156m██[38;2;139;205;205m██[38;2;98;164;156m██[38;2;98;164;156m██[38;2;98;164;156m██[38;2;98;164;156m██[38;2;0;0;0m██          
                  [38;2;0;0;0m██[38;2;24;90;90m██[38;2;65;139;123m██[38;2;65;139;123m██[38;2;65;139;123m██[38;2;65;139;123m██[38;2;65;139;123m██[38;2;65;139;123m██[38;2;65;139;123m██[38;2;65;139;123m██[38;2;65;139;123m██[38;2;65;139;123m██[38;2;65;139;123m██[38;2;65;139;123m██[38;2;65;139;123m██[38;2;65;139;123m██[38;2;24;90;90m██[38;2;0;0;0m██[38;2;0;0;0m██[38;2;0;0;0m██[38;2;0;0;0m██[38;2;24;90;90m██[38;2;65;139;123m██[38;2;65;139;123m██[38;2;65;139;123m██[38;2;65;139;123m██[38;2;65;139;123m██[38;2;65;139;123m██[38;2;65;139;123m██[38;2;65;139;123m██[38;2;65;139;123m██[38;2;65;139;123m██[38;2;98;164;156m██[38;2;139;205;205m██[38;2;139;205;205m██[38;2;139;205;205m██[38;2;139;205;205m██[38;2;139;205;205m██[38;2;139;205;205m██[38;2;98;164;156m██[38;2;98;164;156m██[38;2;98;164;156m██[38;2;98;164;156m██[38;2;98;164;156m██[38;2;98;164;156m██[38;2;0;0;0m██        
                    [38;2;0;0;0m██[38;2;24;90;90m██[38;2;65;139;123m██[38;2;65;139;123m██[38;2;65;139;123m██[38;2;65;139;123m██[38;2;65;139;123m██[38;2;65;139;123m██[38;2;65;139;123m██[38;2;65;139;123m██[38;2;65;139;123m██[38;2;24;90;90m██[38;2;0;0;0m██[38;2;0;0;0m██[38;2;24;90;90m██[38;2;98;164;156m██[38;2;98;164;156m██[38;2;98;164;156m██[38;2;98;164;156m██[38;2;98;164;156m██[38;2;98;164;156m██[38;2;0;0;0m██[38;2;0;0;0m██[38;2;24;90;90m██[38;2;65;139;123m██[38;2;65;139;123m██[38;2;65;139;123m██[38;2;65;139;123m██[38;2;65;139;123m██[38;2;65;139;123m██[38;2;65;139;123m██[38;2;65;139;123m██[38;2;65;139;123m██[38;2;98;164;156m██[38;2;139;205;205m██[38;2;139;205;205m██[38;2;139;205;205m██[38;2;98;164;156m██[38;2;139;205;205m██[38;2;98;164;156m██[38;2;98;164;156m██[38;2;98;164;156m██[38;2;98;164;156m██[38;2;98;164;156m██[38;2;0;0;0m██        
                        [38;2;0;0;0m██[38;2;24;90;90m██[38;2;65;139;123m██[38;2;65;139;123m██[38;2;65;139;123m██[38;2;65;139;123m██[38;2;65;139;123m██[38;2;65;139;123m██[38;2;0;0;0m██[38;2;0;0;0m██[38;2;98;164;156m██[38;2;148;106;74m██[38;2;148;106;74m██[38;2;98;164;156m██[38;2;98;164;156m██[38;2;98;164;156m██[38;2;98;164;156m██[38;2;98;164;156m██[38;2;98;164;156m██[38;2;98;164;156m██[38;2;98;164;156m██[38;2;98;164;156m██[38;2;0;0;0m██[38;2;0;0;0m██[38;2;24;90;90m██[38;2;65;139;123m██[38;2;65;139;123m██[38;2;65;139;123m██[38;2;65;139;123m██[38;2;65;139;123m██[38;2;65;139;123m██[38;2;65;139;123m██[38;2;65;139;123m██[38;2;139;205;205m██[38;2;98;164;156m██[38;2;139;205;205m██[38;2;98;164;156m██[38;2;98;164;156m██[38;2;98;164;156m██[38;2;98;164;156m██[38;2;98;164;156m██[38;2;98;164;156m██[38;2;0;0;0m██[38;2;24;90;90m██[38;2;24;90;90m██[38;2;24;90;90m██[38;2;24;90;90m██
                            [38;2;0;0;0m██[38;2;0;0;0m██[38;2;24;90;90m██[38;2;65;139;123m██[38;2;65;139;123m██[38;2;0;0;0m██[38;2;148;106;74m██[38;2;98;164;156m██[38;2;148;106;74m██[38;2;255;255;255m██[38;2;222;172;90m██[38;2;148;106;74m██[38;2;98;164;156m██[38;2;98;164;156m██[38;2;98;164;156m██[38;2;98;164;156m██[38;2;98;164;156m██[38;2;148;106;74m██[38;2;148;106;74m██[38;2;98;164;156m██[38;2;197;131;115m██[38;2;222;172;90m██[38;2;222;172;90m██[38;2;0;0;0m██[38;2;24;90;90m██[38;2;65;139;123m██[38;2;65;139;123m██[38;2;65;139;123m██[38;2;65;139;123m██[38;2;65;139;123m██[38;2;65;139;123m██[38;2;65;139;123m██[38;2;65;139;123m██[38;2;98;164;156m██[38;2;139;205;205m██[38;2;98;164;156m██[38;2;98;164;156m██[38;2;98;164;156m██[38;2;98;164;156m██[38;2;98;164;156m██[38;2;98;164;156m██[38;2;98;164;156m██[38;2;98;164;156m██[38;2;98;164;156m██[38;2;0;0;0m██
                                  [38;2;24;90;90m██[38;2;0;0;0m██[38;2;148;106;74m██[38;2;98;164;156m██[38;2;148;106;74m██[38;2;255;255;255m██[38;2;0;0;0m██[38;2;255;255;255m██[38;2;148;106;74m██[38;2;139;205;205m██[38;2;98;164;156m██[38;2;98;164;156m██[38;2;98;164;156m██[38;2;148;106;74m██[38;2;255;255;255m██[38;2;222;172;90m██[38;2;148;106;74m██[38;2;98;164;156m██[38;2;197;131;115m██[38;2;222;172;90m██[38;2;222;172;90m██[38;2;222;172;90m██[38;2;0;0;0m██[38;2;65;139;123m██[38;2;65;139;123m██[38;2;65;139;123m██[38;2;65;139;123m██[38;2;65;139;123m██[38;2;65;139;123m██[38;2;65;139;123m██[38;2;65;139;123m██[38;2;65;139;123m██[38;2;98;164;156m██[38;2;98;164;156m██[38;2;98;164;156m██[38;2;98;164;156m██[38;2;98;164;156m██[38;2;98;164;156m██[38;2;98;164;156m██[38;2;98;164;156m██[38;2;98;164;156m██[38;2;0;0;0m██
                                  [38;2;0;0;0m██[38;2;222;172;90m██[38;2;148;106;74m██[38;2;139;205;205m██[38;2;148;106;74m██[38;2;255;255;255m██[38;2;0;0;0m██[38;2;255;255;255m██[38;2;0;0;0m██[38;2;0;0;0m██[38;2;0;0;0m██[38;2;139;205;205m██[38;2;148;106;74m██[38;2;255;255;255m██[38;2;0;0;0m██[38;2;255;255;255m██[38;2;148;106;74m██[38;2;98;164;156m██[38;2;98;164;156m██[38;2;197;131;115m██[38;2;222;172;90m██[38;2;222;172;90m██[38;2;222;172;90m██[38;2;0;0;0m██[38;2;65;139;123m██[38;2;65;139;123m██[38;2;65;139;123m██[38;2;65;139;123m██[38;2;65;139;123m██[38;2;65;139;123m██[38;2;65;139;123m██[38;2;65;139;123m██[38;2;65;139;123m██[38;2;65;139;123m██[38;2;98;164;156m██[38;2;98;164;156m██[38;2;98;164;156m██[38;2;98;164;156m██[38;2;98;164;156m██[38;2;98;164;156m██[38;2;98;164;156m██[38;2;0;0;0m██
                              [38;2;148;106;74m██[38;2;0;0;0m██[38;2;222;172;90m██[38;2;222;172;90m██[38;2;255;205;115m██[38;2;197;131;115m██[38;2;139;205;205m██[38;2;148;106;74m██[38;2;255;255;255m██[38;2;0;0;0m██[38;2;246;164;98m██[38;2;246;164;98m██[38;2;246;164;98m██[38;2;0;0;0m██[38;2;148;106;74m██[38;2;255;255;255m██[38;2;0;0;0m██[38;2;255;255;255m██[38;2;148;106;74m██[38;2;98;164;156m██[38;2;98;164;156m██[38;2;98;164;156m██[38;2;197;131;115m██[38;2;222;172;90m██[38;2;222;172;90m██[38;2;222;172;90m██[38;2;0;0;0m██[38;2;65;139;123m██[38;2;65;139;123m██[38;2;65;139;123m██[38;2;65;139;123m██[38;2;65;139;123m██[38;2;65;139;123m██[38;2;65;139;123m██[38;2;65;139;123m██[38;2;65;139;123m██[38;2;65;139;123m██[38;2;65;139;123m██[38;2;98;164;156m██[38;2;98;164;156m██[38;2;98;164;156m██[38;2;98;164;156m██[38;2;0;0;0m██  
                          [38;2;148;106;74m██[38;2;148;106;74m██[38;2;222;172;90m██[38;2;222;172;90m██[38;2;255;205;115m██[38;2;255;246;148m██[38;2;255;246;148m██[38;2;0;0;0m██[38;2;0;0;0m██[38;2;0;0;0m██[38;2;148;106;74m██[38;2;246;164;98m██[38;2;246;164;98m██[38;2;197;131;115m██[38;2;197;131;115m██[38;2;246;164;98m██[38;2;0;0;0m██[38;2;148;106;74m██[38;2;255;255;255m██[38;2;222;172;90m██[38;2;148;106;74m██[38;2;139;205;205m██[38;2;139;205;205m██[38;2;197;131;115m██[38;2;222;172;90m██[38;2;222;172;90m██[38;2;222;172;90m██[38;2;222;172;90m██[38;2;222;172;90m██[38;2;0;0;0m██[38;2;65;139;123m██[38;2;65;139;123m██[38;2;65;139;123m██[38;2;65;139;123m██[38;2;65;139;123m██[38;2;65;139;123m██[38;2;65;139;123m██[38;2;65;139;123m██[38;2;65;139;123m██[38;2;65;139;123m██[38;2;65;139;123m██[38;2;98;164;156m██[38;2;98;164;156m██[38;2;98;164;156m██[38;2;0;0;0m██  
                        [38;2;0;0;0m██[38;2;222;172;90m██[38;2;222;172;90m██[38;2;148;106;74m██[38;2;255;205;115m██[38;2;255;246;148m██[38;2;255;246;148m██[38;2;0;0;0m██[38;2;246;164;98m██[38;2;246;164;98m██[38;2;246;164;98m██[38;2;246;164;98m██[38;2;246;164;98m██[38;2;246;164;98m██[38;2;246;164;98m██[38;2;246;164;98m██[38;2;246;164;98m██[38;2;197;131;115m██[38;2;0;0;0m██[38;2;0;0;0m██[38;2;148;106;74m██[38;2;139;205;205m██[38;2;139;205;205m██[38;2;197;131;115m██[38;2;255;205;115m██[38;2;255;205;115m██[38;2;255;205;115m██[38;2;222;172;90m██[38;2;222;172;90m██[38;2;222;172;90m██[38;2;222;172;90m██[38;2;0;0;0m██[38;2;65;139;123m██[38;2;65;139;123m██[38;2;65;139;123m██[38;2;65;139;123m██[38;2;65;139;123m██[38;2;65;139;123m██[38;2;65;139;123m██[38;2;65;139;123m██[38;2;65;139;123m██[38;2;65;139;123m██[38;2;65;139;123m██[38;2;98;164;156m██[38;2;0;0;0m██    
          [38;2;24;90;90m██[38;2;24;90;90m██[38;2;24;90;90m██[38;2;24;90;90m██[38;2;24;90;90m██      [38;2;0;0;0m██[38;2;0;0;0m██[38;2;0;0;0m██[38;2;255;246;148m██[38;2;255;246;148m██[38;2;255;246;148m██[38;2;0;0;0m██[38;2;148;106;74m██[38;2;0;0;0m██[38;2;0;0;0m██[38;2;0;0;0m██[38;2;148;106;74m██[38;2;148;106;74m██[38;2;246;164;98m██[38;2;246;164;98m██[38;2;246;164;98m██[38;2;246;164;98m██[38;2;246;164;98m██[38;2;246;164;98m██[38;2;0;0;0m██[38;2;0;0;0m██[38;2;197;131;115m██[38;2;255;205;115m██[38;2;255;205;115m██[38;2;255;205;115m██[38;2;255;205;115m██[38;2;255;205;115m██[38;2;255;205;115m██[38;2;255;205;115m██[38;2;255;205;115m██[38;2;148;106;74m██[38;2;148;106;74m██[38;2;65;139;123m██[38;2;65;139;123m██[38;2;65;139;123m██[38;2;65;139;123m██[38;2;65;139;123m██[38;2;65;139;123m██[38;2;65;139;123m██[38;2;65;139;123m██[38;2;65;139;123m██[38;2;65;139;123m██[38;2;65;139;123m██[38;2;0;0;0m██    
      [38;2;24;90;90m██[38;2;24;90;90m██[38;2;164;222;222m██[38;2;164;222;222m██[38;2;164;222;222m██[38;2;164;222;222m██[38;2;139;205;205m██[38;2;0;0;0m██[38;2;0;0;0m██    [38;2;148;106;74m██[38;2;255;246;148m██[38;2;255;246;148m██[38;2;255;246;148m██[38;2;255;246;148m██[38;2;255;246;148m██[38;2;0;0;0m██[38;2;148;106;74m██[38;2;0;0;0m██[38;2;164;74;82m██[38;2;164;74;82m██[38;2;0;0;0m██[38;2;0;0;0m██[38;2;0;0;0m██[38;2;148;106;74m██[38;2;148;106;74m██[38;2;246;164;98m██[38;2;246;164;98m██[38;2;246;164;98m██[38;2;246;164;98m██[38;2;0;0;0m██[38;2;255;205;115m██[38;2;255;205;115m██[38;2;255;205;115m██[38;2;255;205;115m██[38;2;255;205;115m██[38;2;255;205;115m██[38;2;255;205;115m██[38;2;255;205;115m██[38;2;255;205;115m██[38;2;0;0;0m██[38;2;24;90;90m██[38;2;24;90;90m██[38;2;24;90;90m██[38;2;65;139;123m██[38;2;65;139;123m██[38;2;65;139;123m██[38;2;65;139;123m██[38;2;65;139;123m██[38;2;65;139;123m██[38;2;0;0;0m██[38;2;0;0;0m██      
    [38;2;24;90;90m██[38;2;164;222;222m██[38;2;164;222;222m██[38;2;164;222;222m██[38;2;164;222;222m██[38;2;164;222;222m██[38;2;164;222;222m██[38;2;164;222;222m██[38;2;139;205;205m██[38;2;98;164;156m██[38;2;0;0;0m██[38;2;148;106;74m██[38;2;255;246;148m██[38;2;255;246;148m██[38;2;222;172;90m██[38;2;197;131;115m██[38;2;255;246;148m██[38;2;255;246;148m██[38;2;0;0;0m██[38;2;148;106;74m██[38;2;0;0;0m██[38;2;164;74;82m██[38;2;164;74;82m██[38;2;164;74;82m██[38;2;164;74;82m██[38;2;164;74;82m██[38;2;164;74;82m██[38;2;0;0;0m██[38;2;0;0;0m██[38;2;246;164;98m██[38;2;246;164;98m██[38;2;246;164;98m██[38;2;197;131;115m██[38;2;0;0;0m██[38;2;255;205;115m██[38;2;255;205;115m██[38;2;255;205;115m██[38;2;255;205;115m██[38;2;255;205;115m██[38;2;255;205;115m██[38;2;255;205;115m██[38;2;255;205;115m██[38;2;255;205;115m██[38;2;0;0;0m██    [38;2;24;90;90m██[38;2;0;0;0m██[38;2;0;0;0m██[38;2;0;0;0m██[38;2;0;0;0m██[38;2;0;0;0m██          
  [38;2;24;90;90m██[38;2;164;222;222m██[38;2;164;222;222m██[38;2;164;222;222m██[38;2;164;222;222m██[38;2;139;205;205m██[38;2;98;164;156m██[38;2;98;164;156m██[38;2;98;164;156m██[38;2;98;164;156m██[38;2;98;164;156m██[38;2;0;0;0m██[38;2;197;131;115m██[38;2;255;246;148m██[38;2;197;131;115m██[38;2;197;131;115m██[38;2;197;131;115m██[38;2;222;172;90m██[38;2;255;246;148m██[38;2;255;246;148m██[38;2;0;0;0m██[38;2;148;106;74m██[38;2;0;0;0m██[38;2;164;74;82m██[38;2;164;74;82m██[38;2;164;74;82m██[38;2;164;74;82m██[38;2;164;74;82m██[38;2;164;74;82m██[38;2;164;74;82m██[38;2;0;0;0m██[38;2;0;0;0m██[38;2;197;131;115m██[38;2;197;131;115m██[38;2;0;0;0m██[38;2;255;205;115m██[38;2;255;205;115m██[38;2;255;205;115m██[38;2;255;205;115m██[38;2;255;205;115m██[38;2;255;205;115m██[38;2;222;172;90m██[38;2;255;205;115m██[38;2;255;205;115m██[38;2;255;205;115m██[38;2;0;0;0m██                        
  [38;2;24;90;90m██[38;2;164;222;222m██[38;2;164;222;222m██[38;2;98;164;156m██[38;2;98;164;156m██[38;2;98;164;156m██[38;2;98;164;156m██[38;2;98;164;156m██[38;2;98;164;156m██[38;2;98;164;156m██[38;2;98;164;156m██[38;2;0;0;0m██[38;2;197;131;115m██[38;2;197;131;115m██[38;2;197;131;115m██[38;2;197;131;115m██[38;2;197;131;115m██[38;2;197;131;115m██[38;2;255;246;148m██[38;2;255;205;115m██[38;2;0;0;0m██[38;2;197;131;115m██[38;2;0;0;0m██[38;2;164;74;82m██[38;2;164;74;82m██[38;2;164;74;82m██[38;2;164;74;82m██[38;2;164;74;82m██[38;2;164;74;82m██[38;2;164;74;82m██[38;2;164;74;82m██[38;2;0;0;0m██[38;2;197;131;115m██[38;2;0;0;0m██[38;2;255;205;115m██[38;2;255;205;115m██[38;2;255;205;115m██[38;2;255;205;115m██[38;2;255;205;115m██[38;2;255;205;115m██[38;2;255;205;115m██[38;2;255;205;115m██[38;2;148;106;74m██[38;2;148;106;74m██[38;2;222;172;90m██[38;2;255;205;115m██[38;2;148;106;74m██                      
[38;2;24;90;90m██[38;2;164;222;222m██[38;2;164;222;222m██[38;2;98;164;156m██[38;2;98;164;156m██[38;2;98;164;156m██[38;2;98;164;156m██[38;2;98;164;156m██[38;2;24;90;90m██[38;2;98;164;156m██[38;2;98;164;156m██[38;2;98;164;156m██[38;2;0;0;0m██[38;2;197;131;115m██[38;2;197;131;115m██[38;2;197;131;115m██[38;2;197;131;115m██[38;2;197;131;115m██[38;2;197;131;115m██[38;2;255;246;148m██[38;2;197;131;115m██[38;2;0;0;0m██[38;2;197;131;115m██[38;2;0;0;0m██[38;2;164;74;82m██[38;2;164;74;82m██[38;2;164;74;82m██[38;2;164;74;82m██[38;2;164;74;82m██[38;2;164;74;82m██[38;2;164;74;82m██[38;2;164;74;82m██[38;2;0;0;0m██[38;2;197;131;115m██[38;2;0;0;0m██[38;2;197;131;115m██[38;2;255;205;115m██[38;2;255;205;115m██[38;2;255;205;115m██[38;2;255;205;115m██[38;2;255;205;115m██[38;2;255;205;115m██[38;2;222;172;90m██[38;2;222;172;90m██[38;2;222;172;90m██[38;2;148;106;74m██[38;2;0;0;0m██[38;2;0;0;0m██                      
[38;2;24;90;90m██[38;2;164;222;222m██[38;2;139;205;205m██[38;2;98;164;156m██[38;2;98;164;156m██[38;2;98;164;156m██[38;2;98;164;156m██[38;2;24;90;90m██[38;2;0;0;0m██[38;2;98;164;156m██[38;2;98;164;156m██[38;2;0;0;0m██[38;2;222;172;90m██[38;2;197;131;115m██[38;2;197;131;115m██[38;2;197;131;115m██[38;2;255;246;148m██[38;2;197;131;115m██[38;2;197;131;115m██[38;2;222;172;90m██[38;2;197;131;115m██[38;2;0;0;0m██[38;2;197;131;115m██[38;2;0;0;0m██[38;2;164;74;82m██[38;2;164;74;82m██[38;2;164;74;82m██[38;2;164;74;82m██[38;2;164;74;82m██[38;2;164;74;82m██[38;2;164;74;82m██[38;2;164;74;82m██[38;2;0;0;0m██[38;2;197;131;115m██[38;2;0;0;0m██[38;2;197;131;115m██[38;2;222;172;90m██[38;2;255;205;115m██[38;2;255;205;115m██[38;2;255;205;115m██[38;2;255;205;115m██[38;2;197;131;115m██[38;2;197;131;115m██[38;2;197;131;115m██[38;2;222;172;90m██[38;2;0;0;0m██                          
[38;2;0;0;0m██[38;2;164;222;222m██[38;2;98;164;156m██[38;2;98;164;156m██[38;2;24;90;90m██[38;2;98;164;156m██[38;2;98;164;156m██[38;2;24;90;90m██[38;2;0;0;0m██[38;2;98;164;156m██[38;2;98;164;156m██[38;2;0;0;0m██[38;2;255;246;148m██[38;2;197;131;115m██[38;2;197;131;115m██[38;2;255;246;148m██[38;2;255;246;148m██[38;2;197;131;115m██[38;2;197;131;115m██[38;2;197;131;115m██[38;2;197;131;115m██[38;2;0;0;0m██[38;2;197;131;115m██[38;2;0;0;0m██[38;2;164;74;82m██[38;2;164;74;82m██[38;2;164;74;82m██[38;2;164;74;82m██[38;2;164;74;82m██[38;2;164;74;82m██[38;2;164;74;82m██[38;2;0;0;0m██[38;2;148;106;74m██[38;2;197;131;115m██[38;2;0;0;0m██[38;2;197;131;115m██[38;2;197;131;115m██[38;2;255;205;115m██[38;2;255;205;115m██[38;2;255;205;115m██[38;2;197;131;115m██[38;2;197;131;115m██[38;2;197;131;115m██[38;2;197;131;115m██[38;2;197;131;115m██[38;2;197;131;115m██[38;2;0;0;0m██                        
[38;2;0;0;0m██[38;2;139;205;205m██[38;2;98;164;156m██[38;2;24;90;90m██[38;2;0;0;0m██[38;2;98;164;156m██[38;2;98;164;156m██[38;2;98;164;156m██[38;2;0;0;0m██[38;2;98;164;156m██[38;2;98;164;156m██[38;2;0;0;0m██[38;2;24;90;90m██[38;2;24;90;90m██[38;2;255;246;148m██[38;2;255;246;148m██[38;2;255;246;148m██[38;2;222;172;90m██[38;2;197;131;115m██[38;2;197;131;115m██[38;2;0;0;0m██[38;2;197;131;115m██[38;2;148;106;74m██[38;2;0;0;0m██[38;2;164;74;82m██[38;2;164;74;82m██[38;2;164;74;82m██[38;2;164;74;82m██[38;2;164;74;82m██[38;2;164;74;82m██[38;2;164;74;82m██[38;2;0;0;0m██[38;2;197;131;115m██[38;2;148;106;74m██[38;2;0;0;0m██[38;2;197;131;115m██[38;2;197;131;115m██[38;2;197;131;115m██[38;2;255;205;115m██[38;2;197;131;115m██[38;2;24;90;90m██[38;2;24;90;90m██[38;2;0;0;0m██[38;2;0;0;0m██[38;2;148;106;74m██[38;2;197;131;115m██[38;2;0;0;0m██                        
[38;2;0;0;0m██[38;2;139;205;205m██[38;2;98;164;156m██[38;2;24;90;90m██[38;2;0;0;0m██[38;2;98;164;156m██[38;2;98;164;156m██[38;2;98;164;156m██[38;2;98;164;156m██[38;2;98;164;156m██[38;2;98;164;156m██[38;2;98;164;156m██[38;2;98;164;156m██[38;2;139;205;205m██[38;2;24;90;90m██[38;2;255;246;148m██[38;2;255;246;148m██[38;2;255;246;148m██[38;2;197;131;115m██[38;2;197;131;115m██[38;2;0;0;0m██[38;2;197;131;115m██[38;2;0;0;0m██[38;2;164;74;82m██[38;2;164;74;82m██[38;2;230;131;164m██[38;2;230;131;164m██[38;2;230;131;164m██[38;2;164;74;82m██[38;2;164;74;82m██[38;2;164;74;82m██[38;2;0;0;0m██[38;2;197;131;115m██[38;2;0;0;0m██[38;2;197;131;115m██[38;2;197;131;115m██[38;2;197;131;115m██[38;2;197;131;115m██[38;2;197;131;115m██[38;2;24;90;90m██[38;2;139;205;205m██[38;2;164;222;222m██[38;2;164;222;222m██[38;2;164;222;222m██[38;2;0;0;0m██[38;2;0;0;0m██[38;2;197;131;115m██[38;2;0;0;0m██                      
[38;2;0;0;0m██[38;2;139;205;205m██[38;2;98;164;156m██[38;2;98;164;156m██[38;2;24;90;90m██[38;2;98;164;156m██[38;2;98;164;156m██[38;2;98;164;156m██[38;2;98;164;156m██[38;2;98;164;156m██[38;2;98;164;156m██[38;2;139;205;205m██[38;2;139;205;205m██[38;2;139;205;205m██[38;2;0;0;0m██[38;2;255;246;148m██[38;2;255;246;148m██[38;2;255;246;148m██[38;2;222;172;90m██[38;2;0;0;0m██[38;2;197;131;115m██[38;2;197;131;115m██[38;2;0;0;0m██[38;2;230;131;164m██[38;2;230;131;164m██[38;2;230;131;164m██[38;2;230;131;164m██[38;2;230;131;164m██[38;2;230;131;164m██[38;2;230;131;164m██[38;2;164;74;82m██[38;2;0;0;0m██[38;2;197;131;115m██[38;2;0;0;0m██[38;2;222;172;90m██[38;2;197;131;115m██[38;2;197;131;115m██[38;2;197;131;115m██[38;2;197;131;115m██[38;2;0;0;0m██[38;2;98;164;156m██[38;2;139;205;205m██[38;2;139;205;205m██[38;2;164;222;222m██[38;2;164;222;222m██[38;2;164;222;222m██[38;2;0;0;0m██[38;2;0;0;0m██                      
  [38;2;0;0;0m██[38;2;98;164;156m██[38;2;98;164;156m██[38;2;98;164;156m██[38;2;98;164;156m██[38;2;98;164;156m██[38;2;98;164;156m██[38;2;98;164;156m██[38;2;98;164;156m██[38;2;98;164;156m██[38;2;139;205;205m██[38;2;139;205;205m██[38;2;98;164;156m██[38;2;0;0;0m██[38;2;255;246;148m██[38;2;255;246;148m██[38;2;255;246;148m██[38;2;255;246;148m██[38;2;0;0;0m██[38;2;197;131;115m██[38;2;0;0;0m██[38;2;230;131;164m██[38;2;230;131;164m██[38;2;230;131;164m██[38;2;230;131;164m██[38;2;230;131;164m██[38;2;230;131;164m██[38;2;230;131;164m██[38;2;230;131;164m██[38;2;230;131;164m██[38;2;0;0;0m██[38;2;197;131;115m██[38;2;0;0;0m██[38;2;255;205;115m██[38;2;222;172;90m██[38;2;197;131;115m██[38;2;197;131;115m██[38;2;197;131;115m██[38;2;0;0;0m██[38;2;98;164;156m██[38;2;98;164;156m██[38;2;98;164;156m██[38;2;98;164;156m██[38;2;139;205;205m██[38;2;164;222;222m██[38;2;164;222;222m██[38;2;164;222;222m██[38;2;0;0;0m██                    
  [38;2;0;0;0m██[38;2;98;164;156m██[38;2;98;164;156m██[38;2;98;164;156m██[38;2;98;164;156m██[38;2;98;164;156m██[38;2;98;164;156m██[38;2;98;164;156m██[38;2;98;164;156m██[38;2;24;90;90m██[38;2;0;0;0m██[38;2;0;0;0m██[38;2;0;0;0m██[38;2;255;246;148m██[38;2;255;246;148m██[38;2;255;246;148m██[38;2;255;246;148m██[38;2;0;0;0m██[38;2;197;131;115m██[38;2;148;106;74m██[38;2;0;0;0m██[38;2;230;131;164m██[38;2;230;131;164m██[38;2;230;131;164m██[38;2;230;131;164m██[38;2;230;131;164m██[38;2;230;131;164m██[38;2;230;131;164m██[38;2;230;131;164m██[38;2;0;0;0m██[38;2;197;131;115m██[38;2;197;131;115m██[38;2;0;0;0m██[38;2;255;205;115m██[38;2;255;205;115m██[38;2;197;131;115m██[38;2;197;131;115m██[38;2;197;131;115m██[38;2;222;172;90m██[38;2;0;0;0m██[38;2;98;164;156m██[38;2;98;164;156m██[38;2;24;90;90m██[38;2;98;164;156m██[38;2;98;164;156m██[38;2;139;205;205m██[38;2;164;222;222m██[38;2;164;222;222m██[38;2;0;0;0m██                  
    [38;2;0;0;0m██[38;2;98;164;156m██[38;2;98;164;156m██[38;2;98;164;156m██[38;2;98;164;156m██[38;2;98;164;156m██[38;2;98;164;156m██[38;2;98;164;156m██[38;2;65;139;123m██[38;2;0;0;0m██[38;2;197;131;115m██[38;2;255;246;148m██[38;2;255;246;148m██[38;2;255;246;148m██[38;2;255;246;148m██[38;2;255;246;148m██[38;2;0;0;0m██[38;2;246;164;98m██[38;2;0;0;0m██[38;2;230;131;164m██[38;2;230;131;164m██[38;2;230;131;164m██[38;2;230;131;164m██[38;2;230;131;164m██[38;2;230;131;164m██[38;2;230;131;164m██[38;2;230;131;164m██[38;2;230;131;164m██[38;2;0;0;0m██[38;2;197;131;115m██[38;2;197;131;115m██[38;2;0;0;0m██[38;2;255;205;115m██[38;2;255;205;115m██[38;2;255;205;115m██[38;2;197;131;115m██[38;2;222;172;90m██[38;2;222;172;90m██[38;2;0;0;0m██[38;2;98;164;156m██[38;2;98;164;156m██[38;2;0;0;0m██[38;2;24;90;90m██[38;2;98;164;156m██[38;2;98;164;156m██[38;2;98;164;156m██[38;2;164;222;222m██[38;2;164;222;222m██[38;2;0;0;0m██                
      [38;2;0;0;0m██[38;2;98;164;156m██[38;2;98;164;156m██[38;2;98;164;156m██[38;2;98;164;156m██[38;2;98;164;156m██[38;2;24;90;90m██[38;2;65;139;123m██[38;2;0;0;0m██[38;2;197;131;115m██[38;2;197;131;115m██[38;2;255;246;148m██[38;2;255;246;148m██[38;2;255;246;148m██[38;2;255;246;148m██[38;2;0;0;0m██[38;2;246;164;98m██[38;2;246;164;98m██[38;2;0;0;0m██[38;2;230;131;164m██[38;2;230;131;164m██[38;2;230;131;164m██[38;2;230;131;164m██[38;2;230;131;164m██[38;2;230;131;164m██[38;2;0;0;0m██[38;2;0;0;0m██[38;2;197;131;115m██[38;2;197;131;115m██[38;2;0;0;0m██[38;2;255;205;115m██[38;2;255;205;115m██[38;2;255;205;115m██[38;2;255;205;115m██[38;2;255;205;115m██[38;2;222;172;90m██[38;2;222;172;90m██[38;2;0;0;0m██[38;2;98;164;156m██[38;2;98;164;156m██[38;2;0;0;0m██[38;2;24;90;90m██[38;2;98;164;156m██[38;2;98;164;156m██[38;2;98;164;156m██[38;2;139;205;205m██[38;2;164;222;222m██[38;2;0;0;0m██                
        [38;2;0;0;0m██[38;2;0;0;0m██[38;2;0;0;0m██[38;2;0;0;0m██[38;2;24;90;90m██[38;2;65;139;123m██[38;2;24;90;90m██[38;2;197;131;115m██[38;2;197;131;115m██[38;2;197;131;115m██[38;2;255;246;148m██[38;2;255;246;148m██[38;2;255;246;148m██[38;2;255;246;148m██[38;2;0;0;0m██[38;2;246;164;98m██[38;2;246;164;98m██[38;2;246;164;98m██[38;2;0;0;0m██[38;2;0;0;0m██[38;2;0;0;0m██[38;2;0;0;0m██[38;2;0;0;0m██[38;2;0;0;0m██[38;2;197;131;115m██[38;2;246;164;98m██[38;2;246;164;98m██[38;2;197;131;115m██[38;2;0;0;0m██[38;2;255;205;115m██[38;2;255;205;115m██[38;2;255;205;115m██[38;2;255;205;115m██[38;2;255;205;115m██[38;2;222;172;90m██[38;2;0;0;0m██[38;2;98;164;156m██[38;2;98;164;156m██[38;2;98;164;156m██[38;2;24;90;90m██[38;2;98;164;156m██[38;2;98;164;156m██[38;2;98;164;156m██[38;2;24;90;90m██[38;2;98;164;156m██[38;2;164;222;222m██[38;2;164;222;222m██[38;2;0;0;0m██              
          [38;2;24;90;90m██[38;2;65;139;123m██[38;2;65;139;123m██[38;2;65;139;123m██[38;2;65;139;123m██[38;2;0;0;0m██[38;2;197;131;115m██[38;2;197;131;115m██[38;2;197;131;115m██[38;2;197;131;115m██[38;2;255;205;115m██[38;2;255;205;115m██[38;2;197;131;115m██[38;2;197;131;115m██[38;2;0;0;0m██[38;2;246;164;98m██[38;2;246;164;98m██[38;2;246;164;98m██[38;2;246;164;98m██[38;2;246;164;98m██[38;2;246;164;98m██[38;2;246;164;98m██[38;2;246;164;98m██[38;2;246;164;98m██[38;2;246;164;98m██[38;2;246;164;98m██[38;2;0;0;0m██[38;2;255;205;115m██[38;2;255;205;115m██[38;2;255;205;115m██[38;2;255;205;115m██[38;2;222;172;90m██[38;2;24;90;90m██[38;2;24;90;90m██[38;2;98;164;156m██[38;2;98;164;156m██[38;2;98;164;156m██[38;2;98;164;156m██[38;2;98;164;156m██[38;2;98;164;156m██[38;2;98;164;156m██[38;2;98;164;156m██[38;2;0;0;0m██[38;2;24;90;90m██[38;2;98;164;156m██[38;2;164;222;222m██[38;2;0;0;0m██              
            [38;2;24;90;90m██[38;2;0;0;0m██[38;2;0;0;0m██[38;2;0;0;0m██[38;2;148;106;74m██[38;2;197;131;115m██[38;2;255;205;115m██[38;2;197;131;115m██[38;2;197;131;115m██[38;2;255;205;115m██[38;2;197;131;115m██[38;2;197;131;115m██[38;2;197;131;115m██[38;2;197;131;115m██[38;2;0;0;0m██[38;2;0;0;0m██[38;2;246;164;98m██[38;2;246;164;98m██[38;2;246;164;98m██[38;2;246;164;98m██[38;2;246;164;98m██[38;2;246;164;98m██[38;2;246;164;98m██[38;2;0;0;0m██[38;2;0;0;0m██[38;2;255;205;115m██[38;2;255;205;115m██[38;2;255;205;115m██[38;2;255;205;115m██[38;2;255;205;115m██[38;2;0;0;0m██[38;2;139;205;205m██[38;2;139;205;205m██[38;2;98;164;156m██[38;2;98;164;156m██[38;2;98;164;156m██[38;2;98;164;156m██[38;2;98;164;156m██[38;2;98;164;156m██[38;2;98;164;156m██[38;2;98;164;156m██[38;2;0;0;0m██[38;2;24;90;90m██[38;2;98;164;156m██[38;2;139;205;205m██[38;2;0;0;0m██              
                    [38;2;0;0;0m██[38;2;255;205;115m██[38;2;255;205;115m██[38;2;197;131;115m██[38;2;197;131;115m██[38;2;197;131;115m██[38;2;197;131;115m██[38;2;197;131;115m██[38;2;222;172;90m██[38;2;197;131;115m██[38;2;197;131;115m██[38;2;255;205;115m██[38;2;0;0;0m██[38;2;0;0;0m██[38;2;0;0;0m██[38;2;0;0;0m██[38;2;0;0;0m██[38;2;0;0;0m██[38;2;0;0;0m██[38;2;197;131;115m██[38;2;255;205;115m██[38;2;255;205;115m██[38;2;255;205;115m██[38;2;255;205;115m██[38;2;255;205;115m██[38;2;255;205;115m██[38;2;0;0;0m██[38;2;139;205;205m██[38;2;139;205;205m██[38;2;139;205;205m██[38;2;98;164;156m██[38;2;98;164;156m██[38;2;98;164;156m██[38;2;98;164;156m██[38;2;98;164;156m██[38;2;98;164;156m██[38;2;98;164;156m██[38;2;24;90;90m██[38;2;98;164;156m██[38;2;98;164;156m██[38;2;98;164;156m██[38;2;0;0;0m██              
                    [38;2;0;0;0m██[38;2;255;205;115m██[38;2;255;205;115m██[38;2;255;205;115m██[38;2;197;131;115m██[38;2;197;131;115m██[38;2;197;131;115m██[38;2;197;131;115m██[38;2;255;205;115m██[38;2;197;131;115m██[38;2;197;131;115m██[38;2;255;205;115m██[38;2;255;205;115m██[38;2;255;205;115m██[38;2;255;205;115m██[38;2;255;205;115m██[38;2;255;205;115m██[38;2;197;131;115m██[38;2;197;131;115m██[38;2;197;131;115m██[38;2;197;131;115m██[38;2;255;205;115m██[38;2;255;205;115m██[38;2;255;205;115m██[38;2;255;205;115m██[38;2;197;131;115m██[38;2;0;0;0m██[38;2;139;205;205m██[38;2;139;205;205m██[38;2;98;164;156m██[38;2;65;139;123m██[38;2;65;139;123m██[38;2;98;164;156m██[38;2;98;164;156m██[38;2;98;164;156m██[38;2;98;164;156m██[38;2;98;164;156m██[38;2;98;164;156m██[38;2;98;164;156m██[38;2;98;164;156m██[38;2;0;0;0m██                
                      [38;2;0;0;0m██[38;2;255;205;115m██[38;2;255;205;115m██[38;2;197;131;115m██[38;2;197;131;115m██[38;2;197;131;115m██[38;2;255;205;115m██[38;2;255;205;115m██[38;2;197;131;115m██[38;2;197;131;115m██[38;2;197;131;115m██[38;2;255;205;115m██[38;2;255;205;115m██[38;2;255;205;115m██[38;2;255;205;115m██[38;2;197;131;115m██[38;2;197;131;115m██[38;2;197;131;115m██[38;2;197;131;115m██[38;2;197;131;115m██[38;2;197;131;115m██[38;2;255;205;115m██[38;2;255;205;115m██[38;2;197;131;115m██[38;2;148;106;74m██[38;2;148;106;74m██[38;2;0;0;0m██[38;2;0;0;0m██[38;2;0;0;0m██[38;2;0;0;0m██[38;2;98;164;156m██[38;2;98;164;156m██[38;2;98;164;156m██[38;2;98;164;156m██[38;2;98;164;156m██[38;2;98;164;156m██[38;2;98;164;156m██[38;2;98;164;156m██[38;2;98;164;156m██[38;2;0;0;0m██                
                      [38;2;0;0;0m██[38;2;255;205;115m██[38;2;222;172;90m██[38;2;222;172;90m██[38;2;197;131;115m██[38;2;222;172;90m██[38;2;255;205;115m██[38;2;255;205;115m██[38;2;255;205;115m██[38;2;197;131;115m██[38;2;197;131;115m██[38;2;255;205;115m██[38;2;255;205;115m██[38;2;255;205;115m██[38;2;197;131;115m██[38;2;197;131;115m██[38;2;197;131;115m██[38;2;197;131;115m██[38;2;197;131;115m██[38;2;197;131;115m██[38;2;197;131;115m██[38;2;148;106;74m██[38;2;255;205;115m██[38;2;148;106;74m██[38;2;148;106;74m██[38;2;148;106;74m██[38;2;148;106;74m██[38;2;148;106;74m██[38;2;222;172;90m██[38;2;148;106;74m██[38;2;0;0;0m██[38;2;98;164;156m██[38;2;98;164;156m██[38;2;98;164;156m██[38;2;98;164;156m██[38;2;98;164;156m██[38;2;98;164;156m██[38;2;98;164;156m██[38;2;0;0;0m██                  
                  [38;2;24;90;90m██[38;2;24;90;90m██[38;2;24;90;90m██[38;2;0;0;0m██[38;2;222;172;90m██[38;2;222;172;90m██[38;2;222;172;90m██[38;2;222;172;90m██[38;2;222;172;90m██[38;2;255;205;115m██[38;2;255;205;115m██[38;2;197;131;115m██[38;2;197;131;115m██[38;2;197;131;115m██[38;2;255;205;115m██[38;2;197;131;115m██[38;2;197;131;115m██[38;2;197;131;115m██[38;2;197;131;115m██[38;2;255;205;115m██[38;2;255;205;115m██[38;2;197;131;115m██[38;2;148;106;74m██[38;2;148;106;74m██[38;2;148;106;74m██[38;2;148;106;74m██[38;2;148;106;74m██[38;2;148;106;74m██[38;2;148;106;74m██[38;2;148;106;74m██[38;2;148;106;74m██[38;2;148;106;74m██[38;2;0;0;0m██[38;2;24;90;90m██[38;2;98;164;156m██[38;2;98;164;156m██[38;2;98;164;156m██[38;2;98;164;156m██[38;2;0;0;0m██[38;2;0;0;0m██                    
              [38;2;24;90;90m██[38;2;24;90;90m██[38;2;139;205;205m██[38;2;139;205;205m██[38;2;139;205;205m██[38;2;0;0;0m██[38;2;222;172;90m██[38;2;222;172;90m██[38;2;222;172;90m██[38;2;148;106;74m██[38;2;222;172;90m██[38;2;222;172;90m██[38;2;255;205;115m██[38;2;255;205;115m██[38;2;197;131;115m██[38;2;197;131;115m██[38;2;197;131;115m██[38;2;197;131;115m██[38;2;197;131;115m██[38;2;197;131;115m██[38;2;255;205;115m██[38;2;255;205;115m██[38;2;222;172;90m██[38;2;222;172;90m██[38;2;148;106;74m██[38;2;148;106;74m██[38;2;148;106;74m██[38;2;148;106;74m██[38;2;148;106;74m██[38;2;222;172;90m██[38;2;148;106;74m██[38;2;148;106;74m██[38;2;148;106;74m██[38;2;148;106;74m██[38;2;0;0;0m██[38;2;65;139;123m██[38;2;24;90;90m██[38;2;0;0;0m██[38;2;0;0;0m██[38;2;0;0;0m██[38;2;24;90;90m██                      
            [38;2;24;90;90m██[38;2;139;205;205m██[38;2;139;205;205m██[38;2;139;205;205m██[38;2;139;205;205m██[38;2;139;205;205m██[38;2;139;205;205m██[38;2;0;0;0m██[38;2;222;172;90m██[38;2;222;172;90m██[38;2;148;106;74m██[38;2;0;0;0m██[38;2;222;172;90m██[38;2;222;172;90m██[38;2;255;205;115m██[38;2;197;131;115m██[38;2;197;131;115m██[38;2;197;131;115m██[38;2;197;131;115m██[38;2;197;131;115m██[38;2;255;205;115m██[38;2;255;205;115m██[38;2;222;172;90m██[38;2;222;172;90m██[38;2;222;172;90m██[38;2;222;172;90m██[38;2;148;106;74m██[38;2;148;106;74m██[38;2;148;106;74m██[38;2;222;172;90m██[38;2;222;172;90m██[38;2;222;172;90m██[38;2;148;106;74m██[38;2;148;106;74m██[38;2;148;106;74m██[38;2;222;172;90m██[38;2;0;0;0m██[38;2;65;139;123m██[38;2;65;139;123m██[38;2;65;139;123m██[38;2;65;139;123m██[38;2;24;90;90m██                      
          [38;2;24;90;90m██[38;2;139;205;205m██[38;2;139;205;205m██[38;2;139;205;205m██[38;2;139;205;205m██[38;2;139;205;205m██[38;2;139;205;205m██[38;2;139;205;205m██[38;2;0;0;0m██[38;2;222;172;90m██[38;2;0;0;0m██[38;2;98;164;156m██[38;2;0;0;0m██[38;2;222;172;90m██[38;2;222;172;90m██[38;2;222;172;90m██[38;2;222;172;90m██[38;2;197;131;115m██[38;2;197;131;115m██[38;2;197;131;115m██[38;2;255;205;115m██[38;2;222;172;90m██[38;2;222;172;90m██[38;2;222;172;90m██[38;2;222;172;90m██[38;2;222;172;90m██[38;2;222;172;90m██[38;2;222;172;90m██[38;2;148;106;74m██[38;2;222;172;90m██[38;2;222;172;90m██[38;2;222;172;90m██[38;2;222;172;90m██[38;2;197;131;115m██[38;2;148;106;74m██[38;2;222;172;90m██[38;2;222;172;90m██[38;2;222;172;90m██[38;2;0;0;0m██[38;2;0;0;0m██[38;2;0;0;0m██[38;2;0;0;0m██                        
          [38;2;24;90;90m██[38;2;98;164;156m██[38;2;98;164;156m██[38;2;139;205;205m██[38;2;139;205;205m██[38;2;139;205;205m██[38;2;139;205;205m██[38;2;139;205;205m██[38;2;139;205;205m██[38;2;0;0;0m██[38;2;98;164;156m██[38;2;98;164;156m██[38;2;0;0;0m██[38;2;222;172;90m██[38;2;222;172;90m██[38;2;222;172;90m██[38;2;222;172;90m██[38;2;222;172;90m██[38;2;197;131;115m██[38;2;222;172;90m██[38;2;222;172;90m██[38;2;222;172;90m██[38;2;222;172;90m██[38;2;222;172;90m██[38;2;222;172;90m██[38;2;222;172;90m██[38;2;222;172;90m██[38;2;222;172;90m██[38;2;222;172;90m██[38;2;222;172;90m██[38;2;222;172;90m██[38;2;222;172;90m██[38;2;222;172;90m██[38;2;222;172;90m██[38;2;222;172;90m██[38;2;222;172;90m██[38;2;148;106;74m██[38;2;222;172;90m██[38;2;222;172;90m██[38;2;222;172;90m██[38;2;0;0;0m██                          
        [38;2;0;0;0m██[38;2;65;139;123m██[38;2;65;139;123m██[38;2;65;139;123m██[38;2;65;139;123m██[38;2;98;164;156m██[38;2;139;205;205m██[38;2;139;205;205m██[38;2;139;205;205m██[38;2;98;164;156m██[38;2;98;164;156m██[38;2;98;164;156m██[38;2;98;164;156m██[38;2;98;164;156m██[38;2;0;0;0m██[38;2;222;172;90m██[38;2;222;172;90m██[38;2;222;172;90m██[38;2;222;172;90m██[38;2;222;172;90m██[38;2;222;172;90m██[38;2;222;172;90m██[38;2;222;172;90m██[38;2;222;172;90m██[38;2;222;172;90m██[38;2;222;172;90m██[38;2;222;172;90m██[38;2;222;172;90m██[38;2;0;0;0m██[38;2;222;172;90m██[38;2;222;172;90m██[38;2;222;172;90m██[38;2;222;172;90m██[38;2;222;172;90m██[38;2;222;172;90m██[38;2;222;172;90m██[38;2;0;0;0m██[38;2;148;106;74m██[38;2;222;172;90m██[38;2;222;172;90m██[38;2;222;172;90m██[38;2;0;0;0m██                          
        [38;2;0;0;0m██[38;2;65;139;123m██[38;2;65;139;123m██[38;2;65;139;123m██[38;2;65;139;123m██[38;2;65;139;123m██[38;2;65;139;123m██[38;2;98;164;156m██[38;2;98;164;156m██[38;2;98;164;156m██[38;2;98;164;156m██[38;2;98;164;156m██[38;2;98;164;156m██[38;2;98;164;156m██[38;2;0;0;0m██[38;2;222;172;90m██[38;2;222;172;90m██[38;2;222;172;90m██[38;2;222;172;90m██[38;2;222;172;90m██[38;2;222;172;90m██[38;2;222;172;90m██[38;2;222;172;90m██[38;2;222;172;90m██[38;2;0;0;0m██[38;2;222;172;90m██[38;2;222;172;90m██[38;2;0;0;0m██[38;2;98;164;156m██[38;2;0;0;0m██[38;2;222;172;90m██[38;2;222;172;90m██[38;2;222;172;90m██[38;2;222;172;90m██[38;2;222;172;90m██[38;2;0;0;0m██[38;2;98;164;156m██[38;2;98;164;156m██[38;2;148;106;74m██[38;2;222;172;90m██[38;2;222;172;90m██[38;2;0;0;0m██                          
        [38;2;0;0;0m██[38;2;65;139;123m██[38;2;65;139;123m██[38;2;0;0;0m██[38;2;0;0;0m██[38;2;24;90;90m██[38;2;65;139;123m██[38;2;65;139;123m██[38;2;98;164;156m██[38;2;98;164;156m██[38;2;98;164;156m██[38;2;98;164;156m██[38;2;98;164;156m██[38;2;98;164;156m██[38;2;98;164;156m██[38;2;0;0;0m██[38;2;222;172;90m██[38;2;222;172;90m██[38;2;222;172;90m██[38;2;222;172;90m██[38;2;222;172;90m██[38;2;222;172;90m██[38;2;222;172;90m██[38;2;0;0;0m██[38;2;148;106;74m██[38;2;222;172;90m██[38;2;0;0;0m██[38;2;98;164;156m██[38;2;98;164;156m██[38;2;0;0;0m██[38;2;222;172;90m██[38;2;222;172;90m██[38;2;222;172;90m██[38;2;222;172;90m██[38;2;148;106;74m██[38;2;0;0;0m██[38;2;98;164;156m██[38;2;98;164;156m██[38;2;0;0;0m██[38;2;222;172;90m██[38;2;0;0;0m██                            
          [38;2;0;0;0m██[38;2;65;139;123m██[38;2;24;90;90m██[38;2;0;0;0m██[38;2;0;0;0m██[38;2;24;90;90m██[38;2;65;139;123m██[38;2;98;164;156m██[38;2;98;164;156m██[38;2;98;164;156m██[38;2;98;164;156m██[38;2;98;164;156m██[38;2;98;164;156m██[38;2;98;164;156m██[38;2;0;0;0m██[38;2;148;106;74m██[38;2;222;172;90m██[38;2;222;172;90m██[38;2;222;172;90m██[38;2;222;172;90m██[38;2;148;106;74m██[38;2;0;0;0m██[38;2;98;164;156m██[38;2;0;0;0m██[38;2;0;0;0m██[38;2;98;164;156m██[38;2;98;164;156m██[38;2;98;164;156m██[38;2;0;0;0m██[38;2;148;106;74m██[38;2;222;172;90m██[38;2;222;172;90m██[38;2;222;172;90m██[38;2;0;0;0m██[38;2;98;164;156m██[38;2;98;164;156m██[38;2;98;164;156m██[38;2;0;0;0m██[38;2;222;172;90m██[38;2;0;0;0m██                            
          [38;2;0;0;0m██[38;2;65;139;123m██[38;2;65;139;123m██[38;2;0;0;0m██[38;2;0;0;0m██[38;2;0;0;0m██[38;2;65;139;123m██[38;2;65;139;123m██[38;2;98;164;156m██[38;2;98;164;156m██[38;2;98;164;156m██[38;2;98;164;156m██[38;2;24;90;90m██[38;2;24;90;90m██[38;2;98;164;156m██[38;2;0;0;0m██[38;2;222;172;90m██[38;2;222;172;90m██[38;2;222;172;90m██[38;2;148;106;74m██[38;2;98;164;156m██[38;2;98;164;156m██[38;2;98;164;156m██[38;2;98;164;156m██[38;2;98;164;156m██[38;2;98;164;156m██[38;2;98;164;156m██[38;2;98;164;156m██[38;2;98;164;156m██[38;2;0;0;0m██[38;2;222;172;90m██[38;2;222;172;90m██[38;2;0;0;0m██[38;2;98;164;156m██[38;2;98;164;156m██[38;2;98;164;156m██[38;2;0;0;0m██[38;2;222;172;90m██[38;2;222;172;90m██[38;2;222;172;90m██[38;2;0;0;0m██                          
            [38;2;0;0;0m██[38;2;65;139;123m██[38;2;65;139;123m██[38;2;24;90;90m██[38;2;0;0;0m██[38;2;65;139;123m██[38;2;65;139;123m██[38;2;98;164;156m██[38;2;98;164;156m██[38;2;0;0;0m██[38;2;0;0;0m██[38;2;148;106;74m██[38;2;222;172;90m██[38;2;24;90;90m██[38;2;24;90;90m██[38;2;0;0;0m██[38;2;222;172;90m██[38;2;0;0;0m██[38;2;98;164;156m██[38;2;98;164;156m██[38;2;98;164;156m██[38;2;98;164;156m██[38;2;98;164;156m██[38;2;98;164;156m██[38;2;98;164;156m██[38;2;98;164;156m██[38;2;98;164;156m██[38;2;98;164;156m██[38;2;0;0;0m██[38;2;222;172;90m██[38;2;0;0;0m██[38;2;98;164;156m██[38;2;98;164;156m██[38;2;98;164;156m██[38;2;98;164;156m██[38;2;0;0;0m██[38;2;222;172;90m██[38;2;222;172;90m██[38;2;222;172;90m██[38;2;222;172;90m██[38;2;148;106;74m██[38;2;148;106;74m██                      
              [38;2;0;0;0m██[38;2;65;139;123m██[38;2;65;139;123m██[38;2;65;139;123m██[38;2;65;139;123m██[38;2;65;139;123m██[38;2;98;164;156m██[38;2;0;0;0m██      [38;2;148;106;74m██[38;2;222;172;90m██[38;2;222;172;90m██[38;2;0;0;0m██[38;2;0;0;0m██[38;2;98;164;156m██[38;2;98;164;156m██[38;2;98;164;156m██[38;2;98;164;156m██[38;2;98;164;156m██[38;2;24;90;90m██[38;2;98;164;156m██[38;2;139;205;205m██[38;2;139;205;205m██[38;2;139;205;205m██[38;2;139;205;205m██[38;2;139;205;205m██[38;2;0;0;0m██[38;2;98;164;156m██[38;2;98;164;156m██[38;2;98;164;156m██[38;2;98;164;156m██[38;2;0;0;0m██[38;2;222;172;90m██[38;2;222;172;90m██[38;2;222;172;90m██[38;2;222;172;90m██[38;2;222;172;90m██[38;2;222;172;90m██[38;2;222;172;90m██[38;2;148;106;74m██[38;2;148;106;74m██                  
                [38;2;0;0;0m██[38;2;0;0;0m██[38;2;65;139;123m██[38;2;65;139;123m██[38;2;98;164;156m██[38;2;0;0;0m██          [38;2;148;106;74m██[38;2;222;172;90m██[38;2;222;172;90m██[38;2;222;172;90m██[38;2;24;90;90m██[38;2;24;90;90m██[38;2;24;90;90m██[38;2;98;164;156m██[38;2;98;164;156m██[38;2;24;90;90m██[38;2;139;205;205m██[38;2;139;205;205m██[38;2;139;205;205m██[38;2;139;205;205m██[38;2;139;205;205m██[38;2;139;205;205m██[38;2;139;205;205m██[38;2;98;164;156m██[38;2;98;164;156m██[38;2;98;164;156m██[38;2;24;90;90m██[38;2;222;172;90m██[38;2;222;172;90m██[38;2;222;172;90m██[38;2;222;172;90m██[38;2;222;172;90m██[38;2;222;172;90m██[38;2;222;172;90m██[38;2;222;172;90m██[38;2;222;172;90m██[38;2;222;172;90m██[38;2;0;0;0m██                
                    [38;2;0;0;0m██[38;2;0;0;0m██[38;2;0;0;0m██              [38;2;148;106;74m██[38;2;222;172;90m██[38;2;222;172;90m██[38;2;222;172;90m██[38;2;222;172;90m██[38;2;222;172;90m██[38;2;24;90;90m██[38;2;0;0;0m██[38;2;98;164;156m██[38;2;139;205;205m██[38;2;139;205;205m██[38;2;139;205;205m██[38;2;139;205;205m██[38;2;139;205;205m██[38;2;139;205;205m██[38;2;139;205;205m██[38;2;98;164;156m██[38;2;98;164;156m██[38;2;98;164;156m██[38;2;0;0;0m██[38;2;222;172;90m██[38;2;222;172;90m██[38;2;222;172;90m██[38;2;222;172;90m██[38;2;222;172;90m██[38;2;222;172;90m██[38;2;222;172;90m██[38;2;222;172;90m██[38;2;0;0;0m██[38;2;0;0;0m██                  
                                          [38;2;148;106;74m██[38;2;148;106;74m██[38;2;222;172;90m██[38;2;222;172;90m██[38;2;222;172;90m██[38;2;222;172;90m██[38;2;0;0;0m██[38;2;139;205;205m██[38;2;139;205;205m██[38;2;139;205;205m██[38;2;139;205;205m██[38;2;139;205;205m██[38;2;139;205;205m██[38;2;139;205;205m██[38;2;139;205;205m██[38;2;98;164;156m██[38;2;98;164;156m██[38;2;98;164;156m██[38;2;0;0;0m██[38;2;222;172;90m██[38;2;222;172;90m██[38;2;222;172;90m██[38;2;222;172;90m██[38;2;222;172;90m██[38;2;148;106;74m██[38;2;0;0;0m██[38;2;0;0;0m██                      
                                              [38;2;148;106;74m██[38;2;148;106;74m██[38;2;148;106;74m██[38;2;222;172;90m██[38;2;0;0;0m██[38;2;98;164;156m██[38;2;139;205;205m██[38;2;139;205;205m██[38;2;139;205;205m██[38;2;139;205;205m██[38;2;139;205;205m██[38;2;139;205;205m██[38;2;98;164;156m██[38;2;98;164;156m██[38;2;98;164;156m██[38;2;98;164;156m██[38;2;0;0;0m██[38;2;222;172;90m██[38;2;222;172;90m██[38;2;222;172;90m██[38;2;222;172;90m██[38;2;222;172;90m██[38;2;222;172;90m██[38;2;222;172;90m██[38;2;222;172;90m██[38;2;0;0;0m██                    
                                                    [38;2;0;0;0m██[38;2;98;164;156m██[38;2;98;164;156m██[38;2;98;164;156m██[38;2;139;205;205m██[38;2;139;205;205m██[38;2;139;205;205m██[38;2;139;205;205m██[38;2;98;164;156m██[38;2;98;164;156m██[38;2;98;164;156m██[38;2;98;164;156m██[38;2;24;90;90m██[38;2;222;172;90m██[38;2;222;172;90m██[38;2;222;172;90m██[38;2;222;172;90m██[38;2;222;172;90m██[38;2;148;106;74m██[38;2;0;0;0m██[38;2;0;0;0m██[38;2;0;0;0m██                      
                                                    [38;2;0;0;0m██[38;2;98;164;156m██[38;2;98;164;156m██[38;2;98;164;156m██[38;2;98;164;156m██[38;2;98;164;156m██[38;2;98;164;156m██[38;2;98;164;156m██[38;2;98;164;156m██[38;2;98;164;156m██[38;2;98;164;156m██[38;2;98;164;156m██[38;2;0;0;0m██[38;2;148;106;74m██[38;2;148;106;74m██[38;2;148;106;74m██[38;2;0;0;0m██[38;2;0;0;0m██[38;2;0;0;0m██                            
                                                    [38;2;0;0;0m██[38;2;98;164;156m██[38;2;98;164;156m██[38;2;98;164;156m██[38;2;98;164;156m██[38;2;98;164;156m██[38;2;98;164;156m██[38;2;98;164;156m██[38;2;98;164;156m██[38;2;98;164;156m██[38;2;98;164;156m██[38;2;98;164;156m██[38;2;0;0;0m██                                        
                                                    [38;2;0;0;0m██[38;2;98;164;156m██[38;2;98;164;156m██[38;2;98;164;156m██[38;2;98;164;156m██[38;2;98;164;156m██[38;2;98;164;156m██[38;2;98;164;156m██[38;2;98;164;156m██[38;2;98;164;156m██[38;2;98;164;156m██[38;2;98;164;156m██[38;2;0;0;0m██                                        
                                                      [38;2;0;0;0m██[38;2;0;0;0m██[38;2;98;164;156m██[38;2;98;164;156m██[38;2;98;164;156m██[38;2;98;164;156m██[38;2;98;164;156m██[38;2;98;164;156m██[38;2;98;164;156m██[38;2;0;0;0m██[38;2;0;0;0m██                                          
                                                          [38;2;0;0;0m██[38;2;0;0;0m██[38;2;0;0;0m██[38;2;0;0;0m██[38;2;0;0;0m██[38;2;0;0;0m██[38;2;0;0;0m██                                              
