                                        [38;2;180;115;24m██[38;2;180;115;24m██[38;2;180;115;24m██                                                                                  
                                      [38;2;180;115;24m██[38;2;255;222;82m██[38;2;255;222;82m██[38;2;255;222;82m██[38;2;180;115;24m██[38;2;16;16;16m██                                                                              
                                    [38;2;16;16;16m██[38;2;255;222;82m██[38;2;255;222;82m██[38;2;255;222;82m██[38;2;255;222;82m██[38;2;238;156;16m██[38;2;238;156;16m██[38;2;16;16;16m██                                                                            
                                  [38;2;16;16;16m██[38;2;238;156;16m██[38;2;255;222;82m██[38;2;255;222;82m██[38;2;255;222;82m██[38;2;238;156;16m██[38;2;238;156;16m██[38;2;238;156;16m██[38;2;180;115;24m██[38;2;16;16;16m██  [38;2;180;115;24m██[38;2;180;115;24m██[38;2;180;115;24m██[38;2;16;16;16m██[38;2;16;16;16m██                                                              
                        [38;2;180;115;24m██[38;2;180;115;24m██[38;2;180;115;24m██[38;2;180;115;24m██[38;2;180;115;24m██[38;2;16;16;16m██[38;2;255;222;82m██[38;2;255;222;82m██[38;2;255;222;82m██[38;2;255;222;82m██[38;2;238;156;16m██[38;2;238;156;16m██[38;2;238;156;16m██[38;2;238;156;16m██[38;2;16;16;16m██[38;2;180;115;24m██[38;2;238;156;16m██[38;2;255;222;82m██[38;2;255;222;82m██[38;2;255;222;82m██[38;2;180;115;24m██[38;2;16;16;16m██                                                            
                      [38;2;180;115;24m██[38;2;255;222;82m██[38;2;255;222;82m██[38;2;238;156;16m██[38;2;238;156;16m██[38;2;16;16;16m██[38;2;255;222;82m██[38;2;255;222;82m██[38;2;255;222;82m██[38;2;255;222;82m██[38;2;238;156;16m██[38;2;238;156;16m██[38;2;238;156;16m██[38;2;238;156;16m██[38;2;238;156;16m██[38;2;16;16;16m██[38;2;238;156;16m██[38;2;255;222;82m██[38;2;255;222;82m██[38;2;255;222;82m██[38;2;255;222;82m██[38;2;255;222;82m██[38;2;180;115;24m██[38;2;16;16;16m██                                                          
                    [38;2;180;115;24m██[38;2;255;222;82m██[38;2;255;222;82m██[38;2;255;222;82m██[38;2;255;222;82m██[38;2;16;16;16m██[38;2;255;222;82m██[38;2;255;222;82m██[38;2;255;222;82m██[38;2;255;222;82m██[38;2;255;222;82m██[38;2;238;156;16m██[38;2;238;156;16m██[38;2;238;156;16m██[38;2;238;156;16m██[38;2;238;156;16m██[38;2;180;115;24m██[38;2;255;222;82m██[38;2;255;222;82m██[38;2;255;222;82m██[38;2;255;222;82m██[38;2;255;222;82m██[38;2;238;156;16m██[38;2;238;156;16m██[38;2;16;16;16m██                                                          
                    [38;2;180;115;24m██[38;2;255;222;82m██[38;2;255;222;82m██[38;2;255;222;82m██[38;2;255;222;82m██[38;2;16;16;16m██[38;2;255;222;82m██[38;2;255;222;82m██[38;2;255;222;82m██[38;2;255;222;82m██[38;2;238;156;16m██[38;2;238;156;16m██[38;2;238;156;16m██[38;2;238;156;16m██[38;2;238;156;16m██[38;2;180;115;24m██[38;2;255;222;82m██[38;2;255;222;82m██[38;2;255;222;82m██[38;2;255;222;82m██[38;2;255;222;82m██[38;2;255;222;82m██[38;2;238;156;16m██[38;2;238;156;16m██[38;2;16;16;16m██                                                          
                    [38;2;180;115;24m██[38;2;255;222;82m██[38;2;222;180;230m██[38;2;197;156;197m██[38;2;16;16;16m██[38;2;255;222;82m██[38;2;255;222;82m██[38;2;255;222;82m██[38;2;255;222;82m██[38;2;255;222;82m██[38;2;238;156;16m██[38;2;238;156;16m██[38;2;238;156;16m██[38;2;238;156;16m██[38;2;131;106;148m██[38;2;197;156;197m██[38;2;222;180;230m██[38;2;222;180;230m██[38;2;197;156;197m██[38;2;255;222;82m██[38;2;255;222;82m██[38;2;238;156;16m██[38;2;238;156;16m██[38;2;238;156;16m██[38;2;16;16;16m██                                                          
                    [38;2;106;74;106m██[38;2;222;180;230m██[38;2;222;180;230m██[38;2;197;156;197m██[38;2;16;16;16m██[38;2;255;222;82m██[38;2;255;222;82m██[38;2;255;222;82m██[38;2;255;222;82m██[38;2;238;156;16m██[38;2;238;156;16m██[38;2;238;156;16m██[38;2;238;156;16m██[38;2;238;156;16m██[38;2;131;106;148m██[38;2;222;180;230m██[38;2;222;180;230m██[38;2;197;156;197m██[38;2;197;156;197m██[38;2;197;156;197m██[38;2;197;156;197m██[38;2;238;156;16m██[38;2;238;156;16m██[38;2;16;16;16m██                                                            
                    [38;2;106;74;106m██[38;2;222;180;230m██[38;2;197;156;197m██[38;2;16;16;16m██[38;2;222;180;230m██[38;2;222;180;230m██[38;2;197;156;197m██[38;2;255;222;82m██[38;2;255;222;82m██[38;2;238;156;16m██[38;2;238;156;16m██[38;2;238;156;16m██[38;2;238;156;16m██[38;2;106;74;106m██[38;2;197;156;197m██[38;2;222;180;230m██[38;2;197;156;197m██[38;2;197;156;197m██[38;2;197;156;197m██[38;2;197;156;197m██[38;2;131;106;148m██[38;2;131;106;148m██[38;2;238;156;16m██[38;2;16;16;16m██                                                            
        [38;2;180;115;24m██[38;2;16;16;16m██      [38;2;16;16;16m██[38;2;197;156;197m██[38;2;197;156;197m██[38;2;197;156;197m██[38;2;106;74;106m██[38;2;222;180;230m██[38;2;197;156;197m██[38;2;197;156;197m██[38;2;197;156;197m██[38;2;131;106;148m██[38;2;131;106;148m██[38;2;238;156;16m██[38;2;238;156;16m██[38;2;106;74;106m██[38;2;197;156;197m██[38;2;197;156;197m██[38;2;197;156;197m██[38;2;197;156;197m██[38;2;197;156;197m██[38;2;197;156;197m██[38;2;197;156;197m██[38;2;131;106;148m██[38;2;131;106;148m██[38;2;16;16;16m██                                                              
      [38;2;180;115;24m██[38;2;238;156;16m██[38;2;238;156;16m██[38;2;16;16;16m██    [38;2;16;16;16m██[38;2;197;156;197m██[38;2;197;156;197m██[38;2;131;106;148m██[38;2;222;180;230m██[38;2;222;180;230m██[38;2;197;156;197m██[38;2;197;156;197m██[38;2;131;106;148m██[38;2;131;106;148m██[38;2;131;106;148m██[38;2;131;106;148m██[38;2;106;74;106m██[38;2;197;156;197m██[38;2;197;156;197m██[38;2;197;156;197m██[38;2;197;156;197m██[38;2;197;156;197m██[38;2;197;156;197m██[38;2;197;156;197m██[38;2;131;106;148m██[38;2;131;106;148m██[38;2;131;106;148m██[38;2;16;16;16m██          [38;2;16;16;16m██[38;2;16;16;16m██[38;2;180;115;24m██[38;2;180;115;24m██                                            
    [38;2;180;115;24m██[38;2;255;222;82m██[38;2;238;156;16m██[38;2;238;156;16m██[38;2;238;156;16m██[38;2;16;16;16m██  [38;2;106;74;106m██[38;2;197;156;197m██[38;2;197;156;197m██[38;2;131;106;148m██[38;2;222;180;230m██[38;2;197;156;197m██[38;2;197;156;197m██[38;2;131;106;148m██[38;2;131;106;148m██[38;2;131;106;148m██[38;2;131;106;148m██[38;2;106;74;106m██[38;2;131;106;148m██[38;2;197;156;197m██[38;2;197;156;197m██[38;2;197;156;197m██[38;2;197;156;197m██[38;2;197;156;197m██[38;2;197;156;197m██[38;2;197;156;197m██[38;2;131;106;148m██[38;2;131;106;148m██[38;2;16;16;16m██    [38;2;16;16;16m██[38;2;180;115;24m██[38;2;180;115;24m██[38;2;180;115;24m██[38;2;180;115;24m██[38;2;238;156;16m██[38;2;238;156;16m██[38;2;238;156;16m██[38;2;180;115;24m██[38;2;180;115;24m██[38;2;180;115;24m██                                      
    [38;2;180;115;24m██[38;2;255;222;82m██[38;2;255;222;82m██[38;2;238;156;16m██[38;2;238;156;16m██[38;2;238;156;16m██[38;2;16;16;16m██[38;2;197;156;197m██[38;2;197;156;197m██[38;2;131;106;148m██[38;2;197;156;197m██[38;2;197;156;197m██[38;2;197;156;197m██[38;2;131;106;148m██[38;2;131;106;148m██[38;2;197;156;197m██[38;2;197;156;197m██[38;2;131;106;148m██[38;2;197;156;197m██[38;2;197;156;197m██[38;2;197;156;197m██[38;2;197;156;197m██[38;2;197;156;197m██[38;2;197;156;197m██[38;2;197;156;197m██[38;2;197;156;197m██[38;2;131;106;148m██[38;2;131;106;148m██[38;2;131;106;148m██[38;2;16;16;16m██[38;2;106;74;106m██[38;2;106;74;106m██[38;2;180;115;24m██[38;2;255;222;82m██[38;2;255;222;82m██[38;2;255;222;82m██[38;2;255;222;82m██[38;2;16;16;16m██[38;2;238;156;16m██[38;2;238;156;16m██[38;2;238;156;16m██[38;2;238;156;16m██[38;2;238;156;16m██[38;2;16;16;16m██                  [38;2;180;115;24m██[38;2;180;115;24m██[38;2;180;115;24m██[38;2;180;115;24m██          
    [38;2;16;16;16m██[38;2;180;115;24m██[38;2;255;222;82m██[38;2;255;222;82m██[38;2;131;106;148m██[38;2;131;106;148m██[38;2;106;74;106m██[38;2;222;180;230m██[38;2;222;180;230m██[38;2;197;156;197m██[38;2;197;156;197m██[38;2;197;156;197m██[38;2;197;156;197m██[38;2;197;156;197m██[38;2;197;156;197m██[38;2;197;156;197m██[38;2;197;156;197m██[38;2;197;156;197m██[38;2;197;156;197m██[38;2;197;156;197m██[38;2;197;156;197m██[38;2;197;156;197m██[38;2;197;156;197m██[38;2;197;156;197m██[38;2;197;156;197m██[38;2;197;156;197m██[38;2;197;156;197m██[38;2;106;74;106m██[38;2;106;74;106m██[38;2;197;156;197m██[38;2;222;180;230m██[38;2;255;222;82m██[38;2;255;222;82m██[38;2;255;222;82m██[38;2;255;222;82m██[38;2;255;222;82m██[38;2;180;115;24m██[38;2;238;156;16m██[38;2;16;16;16m██[38;2;238;156;16m██[38;2;238;156;16m██[38;2;238;156;16m██[38;2;238;156;16m██[38;2;180;115;24m██[38;2;16;16;16m██            [38;2;180;115;24m██[38;2;238;156;16m██[38;2;255;222;82m██[38;2;255;222;82m██[38;2;255;222;82m██[38;2;255;222;82m██[38;2;180;115;24m██[38;2;180;115;24m██      
      [38;2;16;16;16m██[38;2;255;222;82m██[38;2;131;106;148m██[38;2;106;74;106m██[38;2;106;74;106m██[38;2;222;180;230m██[38;2;222;180;230m██[38;2;222;180;230m██[38;2;222;180;230m██[38;2;197;156;197m██[38;2;197;156;197m██[38;2;197;156;197m██[38;2;197;156;197m██[38;2;197;156;197m██[38;2;197;156;197m██[38;2;197;156;197m██[38;2;197;156;197m██[38;2;197;156;197m██[38;2;197;156;197m██[38;2;197;156;197m██[38;2;197;156;197m██[38;2;197;156;197m██[38;2;197;156;197m██[38;2;197;156;197m██[38;2;197;156;197m██[38;2;197;156;197m██[38;2;197;156;197m██[38;2;197;156;197m██[38;2;222;180;230m██[38;2;222;180;230m██[38;2;255;222;82m██[38;2;255;222;82m██[38;2;255;222;82m██[38;2;255;222;82m██[38;2;180;115;24m██[38;2;16;16;16m██[38;2;238;156;16m██[38;2;16;16;16m██[38;2;238;156;16m██[38;2;238;156;16m██[38;2;238;156;16m██[38;2;238;156;16m██[38;2;180;115;24m██[38;2;16;16;16m██          [38;2;180;115;24m██[38;2;255;222;82m██[38;2;255;222;82m██[38;2;255;222;82m██[38;2;255;222;82m██[38;2;255;222;82m██[38;2;255;222;82m██[38;2;255;222;82m██[38;2;238;156;16m██[38;2;16;16;16m██    
        [38;2;16;16;16m██[38;2;106;74;106m██[38;2;222;180;230m██[38;2;222;180;230m██[38;2;222;180;230m██[38;2;222;180;230m██[38;2;222;180;230m██[38;2;222;180;230m██[38;2;197;156;197m██[38;2;197;156;197m██[38;2;131;106;148m██[38;2;131;106;148m██[38;2;197;156;197m██[38;2;197;156;197m██[38;2;197;156;197m██[38;2;197;156;197m██[38;2;197;156;197m██[38;2;197;156;197m██[38;2;197;156;197m██[38;2;197;156;197m██[38;2;197;156;197m██[38;2;197;156;197m██[38;2;197;156;197m██[38;2;197;156;197m██[38;2;197;156;197m██[38;2;197;156;197m██[38;2;222;180;230m██[38;2;222;180;230m██[38;2;197;156;197m██[38;2;255;222;82m██[38;2;255;222;82m██[38;2;255;222;82m██[38;2;255;222;82m██[38;2;180;115;24m██[38;2;16;16;16m██[38;2;238;156;16m██[38;2;16;16;16m██[38;2;238;156;16m██[38;2;238;156;16m██[38;2;238;156;16m██[38;2;238;156;16m██[38;2;180;115;24m██[38;2;180;115;24m██[38;2;16;16;16m██      [38;2;180;115;24m██[38;2;255;222;82m██[38;2;255;222;82m██[38;2;255;222;82m██[38;2;255;222;82m██[38;2;255;222;82m██[38;2;255;222;82m██[38;2;255;222;82m██[38;2;255;222;82m██[38;2;238;156;16m██[38;2;238;156;16m██[38;2;16;16;16m██  
        [38;2;106;74;106m██[38;2;222;180;230m██[38;2;222;180;230m██[38;2;222;180;230m██[38;2;222;180;230m██[38;2;222;180;230m██[38;2;197;156;197m██[38;2;197;156;197m██[38;2;131;106;148m██[38;2;131;106;148m██[38;2;222;180;230m██[38;2;222;180;230m██[38;2;197;156;197m██[38;2;197;156;197m██[38;2;197;156;197m██[38;2;197;156;197m██[38;2;197;156;197m██[38;2;106;74;106m██[38;2;106;74;106m██[38;2;197;156;197m██[38;2;197;156;197m██[38;2;197;156;197m██[38;2;197;156;197m██[38;2;197;156;197m██[38;2;197;156;197m██[38;2;197;156;197m██[38;2;197;156;197m██[38;2;197;156;197m██[38;2;197;156;197m██[38;2;255;222;82m██[38;2;255;222;82m██[38;2;238;156;16m██[38;2;238;156;16m██[38;2;238;156;16m██[38;2;238;156;16m██[38;2;238;156;16m██[38;2;16;16;16m██[38;2;238;156;16m██[38;2;238;156;16m██[38;2;238;156;16m██[38;2;238;156;16m██[38;2;180;115;24m██[38;2;180;115;24m██[38;2;16;16;16m██      [38;2;238;156;16m██[38;2;255;222;82m██[38;2;255;222;82m██[38;2;255;222;82m██[38;2;255;222;82m██[38;2;255;222;82m██[38;2;255;222;82m██[38;2;255;222;82m██[38;2;255;222;82m██[38;2;238;156;16m██[38;2;238;156;16m██[38;2;16;16;16m██  
        [38;2;106;74;106m██[38;2;222;180;230m██[38;2;222;180;230m██[38;2;222;180;230m██[38;2;197;156;197m██[38;2;197;156;197m██[38;2;197;156;197m██[38;2;131;106;148m██[38;2;222;180;230m██[38;2;222;180;230m██[38;2;222;180;230m██[38;2;197;156;197m██[38;2;197;156;197m██[38;2;197;156;197m██[38;2;106;74;106m██[38;2;106;74;106m██[38;2;98;41;16m██[38;2;16;16;16m██[38;2;197;156;197m██[38;2;197;156;197m██[38;2;197;156;197m██[38;2;197;156;197m██[38;2;197;156;197m██[38;2;197;156;197m██[38;2;197;156;197m██[38;2;197;156;197m██[38;2;197;156;197m██[38;2;131;106;148m██[38;2;131;106;148m██[38;2;131;106;148m██[38;2;238;156;16m██[38;2;238;156;16m██[38;2;238;156;16m██[38;2;238;156;16m██[38;2;16;16;16m██[38;2;16;16;16m██[38;2;238;156;16m██[38;2;238;156;16m██[38;2;238;156;16m██[38;2;180;115;24m██[38;2;180;115;24m██[38;2;180;115;24m██[38;2;180;115;24m██[38;2;16;16;16m██    [38;2;180;115;24m██[38;2;255;222;82m██[38;2;255;222;82m██[38;2;255;222;82m██[38;2;255;222;82m██[38;2;255;222;82m██[38;2;255;222;82m██[38;2;255;222;82m██[38;2;255;222;82m██[38;2;255;222;82m██[38;2;238;156;16m██[38;2;238;156;16m██[38;2;238;156;16m██[38;2;16;16;16m██
      [38;2;156;57;24m██[38;2;255;115;82m██[38;2;222;180;230m██[38;2;197;156;197m██[38;2;197;156;197m██[38;2;197;156;197m██[38;2;197;156;197m██[38;2;197;156;197m██[38;2;106;74;106m██[38;2;222;180;230m██[38;2;222;180;230m██[38;2;197;156;197m██[38;2;197;156;197m██[38;2;106;74;106m██[38;2;16;16;16m██[38;2;205;65;41m██[38;2;255;115;82m██[38;2;205;65;41m██[38;2;16;16;16m██[38;2;197;156;197m██[38;2;197;156;197m██[38;2;197;156;197m██[38;2;197;156;197m██[38;2;197;156;197m██[38;2;197;156;197m██[38;2;197;156;197m██[38;2;131;106;148m██[38;2;131;106;148m██[38;2;131;106;148m██[38;2;131;106;148m██[38;2;131;106;148m██[38;2;131;106;148m██[38;2;131;106;148m██[38;2;16;16;16m██[38;2;16;16;16m██[38;2;197;156;197m██[38;2;197;156;197m██[38;2;197;156;197m██[38;2;197;156;197m██[38;2;238;156;16m██[38;2;180;115;24m██[38;2;180;115;24m██[38;2;180;115;24m██[38;2;180;115;24m██[38;2;16;16;16m██    [38;2;180;115;24m██[38;2;255;222;82m██[38;2;255;222;82m██[38;2;255;222;82m██[38;2;255;222;82m██[38;2;255;222;82m██[38;2;255;222;82m██[38;2;255;222;82m██[38;2;255;222;82m██[38;2;238;156;16m██[38;2;238;156;16m██[38;2;238;156;16m██[38;2;238;156;16m██[38;2;16;16;16m██
      [38;2;156;57;24m██[38;2;255;115;82m██[38;2;106;74;106m██[38;2;197;156;197m██[38;2;197;156;197m██[38;2;197;156;197m██[38;2;197;156;197m██[38;2;197;156;197m██[38;2;106;74;106m██[38;2;197;156;197m██[38;2;197;156;197m██[38;2;197;156;197m██[38;2;98;41;16m██[38;2;255;115;82m██[38;2;16;16;16m██[38;2;255;115;82m██[38;2;255;115;82m██[38;2;255;115;82m██[38;2;16;16;16m██[38;2;197;156;197m██[38;2;197;156;197m██[38;2;197;156;197m██[38;2;197;156;197m██[38;2;197;156;197m██[38;2;197;156;197m██[38;2;131;106;148m██[38;2;131;106;148m██[38;2;131;106;148m██[38;2;131;106;148m██[38;2;131;106;148m██[38;2;131;106;148m██[38;2;16;16;16m██[38;2;16;16;16m██[38;2;197;156;197m██[38;2;197;156;197m██[38;2;197;156;197m██[38;2;197;156;197m██[38;2;197;156;197m██[38;2;131;106;148m██[38;2;180;115;24m██[38;2;180;115;24m██[38;2;180;115;24m██[38;2;180;115;24m██[38;2;16;16;16m██      [38;2;238;156;16m██[38;2;255;222;82m██[38;2;255;222;82m██[38;2;255;222;82m██[38;2;255;222;82m██[38;2;255;222;82m██[38;2;255;222;82m██[38;2;255;222;82m██[38;2;255;222;82m██[38;2;238;156;16m██[38;2;238;156;16m██[38;2;238;156;16m██[38;2;238;156;16m██[38;2;16;16;16m██
      [38;2;156;57;24m██[38;2;205;65;41m██[38;2;106;74;106m██[38;2;197;156;197m██[38;2;197;156;197m██[38;2;197;156;197m██[38;2;197;156;197m██[38;2;197;156;197m██[38;2;131;106;148m██[38;2;131;106;148m██[38;2;131;106;148m██[38;2;98;41;16m██[38;2;255;115;82m██[38;2;255;255;255m██[38;2;16;16;16m██[38;2;255;115;82m██[38;2;255;115;82m██[38;2;255;115;82m██[38;2;106;74;106m██[38;2;197;156;197m██[38;2;197;156;197m██[38;2;197;156;197m██[38;2;197;156;197m██[38;2;197;156;197m██[38;2;131;106;148m██[38;2;131;106;148m██[38;2;131;106;148m██[38;2;131;106;148m██[38;2;131;106;148m██[38;2;16;16;16m██[38;2;16;16;16m██[38;2;106;74;106m██[38;2;16;16;16m██[38;2;131;106;148m██[38;2;131;106;148m██[38;2;197;156;197m██[38;2;197;156;197m██[38;2;131;106;148m██[38;2;131;106;148m██[38;2;131;106;148m██[38;2;180;115;24m██[38;2;180;115;24m██[38;2;180;115;24m██[38;2;16;16;16m██    [38;2;180;115;24m██[38;2;255;222;82m██[38;2;131;106;148m██[38;2;131;106;148m██[38;2;131;106;148m██[38;2;131;106;148m██[38;2;255;222;82m██[38;2;255;222;82m██[38;2;255;222;82m██[38;2;238;156;16m██[38;2;238;156;16m██[38;2;238;156;16m██[38;2;238;156;16m██[38;2;238;156;16m██[38;2;16;16;16m██
        [38;2;156;57;24m██[38;2;106;74;106m██[38;2;197;156;197m██[38;2;197;156;197m██[38;2;197;156;197m██[38;2;197;156;197m██[38;2;197;156;197m██[38;2;197;156;197m██[38;2;131;106;148m██[38;2;16;16;16m██[38;2;106;74;106m██[38;2;255;115;82m██[38;2;255;115;82m██[38;2;255;115;82m██[38;2;255;115;82m██[38;2;255;115;82m██[38;2;16;16;16m██[38;2;197;156;197m██[38;2;197;156;197m██[38;2;197;156;197m██[38;2;197;156;197m██[38;2;197;156;197m██[38;2;197;156;197m██[38;2;131;106;148m██[38;2;131;106;148m██[38;2;131;106;148m██[38;2;131;106;148m██[38;2;16;16;16m██[38;2;106;74;106m██[38;2;106;74;106m██[38;2;106;74;106m██[38;2;106;74;106m██[38;2;16;16;16m██[38;2;16;16;16m██[38;2;131;106;148m██[38;2;131;106;148m██[38;2;131;106;148m██[38;2;131;106;148m██[38;2;131;106;148m██[38;2;131;106;148m██[38;2;131;106;148m██[38;2;16;16;16m██      [38;2;180;115;24m██[38;2;131;106;148m██[38;2;131;106;148m██[38;2;131;106;148m██[38;2;131;106;148m██[38;2;131;106;148m██[38;2;131;106;148m██[38;2;106;74;106m██[38;2;255;222;82m██[38;2;238;156;16m██[38;2;238;156;16m██[38;2;238;156;16m██[38;2;238;156;16m██[38;2;238;156;16m██[38;2;16;16;16m██
        [38;2;106;74;106m██[38;2;197;156;197m██[38;2;197;156;197m██[38;2;197;156;197m██[38;2;197;156;197m██[38;2;197;156;197m██[38;2;197;156;197m██[38;2;197;156;197m██[38;2;197;156;197m██[38;2;131;106;148m██[38;2;131;106;148m██[38;2;106;74;106m██[38;2;106;74;106m██[38;2;106;74;106m██[38;2;106;74;106m██[38;2;106;74;106m██[38;2;197;156;197m██[38;2;197;156;197m██[38;2;197;156;197m██[38;2;197;156;197m██[38;2;197;156;197m██[38;2;197;156;197m██[38;2;197;156;197m██[38;2;131;106;148m██[38;2;131;106;148m██[38;2;131;106;148m██[38;2;16;16;16m██[38;2;106;74;106m██[38;2;106;74;106m██[38;2;106;74;106m██[38;2;106;74;106m██[38;2;106;74;106m██[38;2;106;74;106m██[38;2;106;74;106m██[38;2;16;16;16m██[38;2;16;16;16m██[38;2;131;106;148m██[38;2;131;106;148m██[38;2;131;106;148m██[38;2;16;16;16m██[38;2;16;16;16m██        [38;2;16;16;16m██[38;2;131;106;148m██[38;2;131;106;148m██[38;2;131;106;148m██[38;2;131;106;148m██[38;2;131;106;148m██[38;2;131;106;148m██[38;2;131;106;148m██[38;2;106;74;106m██[38;2;238;156;16m██[38;2;238;156;16m██[38;2;238;156;16m██[38;2;238;156;16m██[38;2;238;156;16m██[38;2;16;16;16m██
      [38;2;106;74;106m██[38;2;197;156;197m██[38;2;197;156;197m██[38;2;197;156;197m██[38;2;197;156;197m██[38;2;197;156;197m██[38;2;197;156;197m██[38;2;197;156;197m██[38;2;197;156;197m██[38;2;197;156;197m██[38;2;197;156;197m██[38;2;197;156;197m██[38;2;197;156;197m██[38;2;197;156;197m██[38;2;197;156;197m██[38;2;197;156;197m██[38;2;197;156;197m██[38;2;197;156;197m██[38;2;197;156;197m██[38;2;197;156;197m██[38;2;197;156;197m██[38;2;197;156;197m██[38;2;197;156;197m██[38;2;197;156;197m██[38;2;131;106;148m██[38;2;131;106;148m██[38;2;131;106;148m██[38;2;16;16;16m██[38;2;106;74;106m██[38;2;106;74;106m██[38;2;106;74;106m██[38;2;106;74;106m██[38;2;106;74;106m██[38;2;106;74;106m██[38;2;106;74;106m██[38;2;106;74;106m██[38;2;106;74;106m██[38;2;16;16;16m██[38;2;131;106;148m██[38;2;16;16;16m██          [38;2;106;74;106m██[38;2;106;74;106m██[38;2;106;74;106m██[38;2;131;106;148m██[38;2;131;106;148m██[38;2;131;106;148m██[38;2;131;106;148m██[38;2;131;106;148m██[38;2;131;106;148m██[38;2;106;74;106m██[38;2;238;156;16m██[38;2;238;156;16m██[38;2;238;156;16m██[38;2;238;156;16m██[38;2;16;16;16m██  
      [38;2;106;74;106m██[38;2;106;74;106m██[38;2;197;156;197m██[38;2;197;156;197m██[38;2;197;156;197m██[38;2;197;156;197m██[38;2;106;74;106m██[38;2;197;156;197m██[38;2;197;156;197m██[38;2;131;106;148m██[38;2;131;106;148m██[38;2;131;106;148m██[38;2;131;106;148m██[38;2;131;106;148m██[38;2;131;106;148m██[38;2;131;106;148m██[38;2;131;106;148m██[38;2;131;106;148m██[38;2;197;156;197m██[38;2;197;156;197m██[38;2;197;156;197m██[38;2;197;156;197m██[38;2;197;156;197m██[38;2;197;156;197m██[38;2;197;156;197m██[38;2;131;106;148m██[38;2;131;106;148m██[38;2;16;16;16m██[38;2;106;74;106m██[38;2;106;74;106m██[38;2;106;74;106m██[38;2;106;74;106m██[38;2;106;74;106m██[38;2;106;74;106m██[38;2;106;74;106m██[38;2;16;16;16m██[38;2;16;16;16m██[38;2;16;16;16m██[38;2;16;16;16m██[38;2;16;16;16m██        [38;2;106;74;106m██[38;2;222;180;230m██[38;2;222;180;230m██[38;2;197;156;197m██[38;2;16;16;16m██[38;2;131;106;148m██[38;2;131;106;148m██[38;2;131;106;148m██[38;2;131;106;148m██[38;2;106;74;106m██[38;2;106;74;106m██[38;2;106;74;106m██[38;2;238;156;16m██[38;2;238;156;16m██[38;2;238;156;16m██[38;2;16;16;16m██  
      [38;2;106;74;106m██[38;2;131;106;148m██[38;2;197;156;197m██[38;2;197;156;197m██[38;2;197;156;197m██[38;2;106;74;106m██[38;2;197;156;197m██[38;2;131;106;148m██[38;2;131;106;148m██[38;2;16;16;16m██[38;2;16;16;16m██[38;2;16;16;16m██[38;2;115;115;115m██[38;2;205;205;205m██[38;2;115;115;115m██[38;2;16;16;16m██[38;2;16;16;16m██[38;2;16;16;16m██[38;2;16;16;16m██[38;2;197;156;197m██[38;2;197;156;197m██[38;2;197;156;197m██[38;2;197;156;197m██[38;2;197;156;197m██[38;2;197;156;197m██[38;2;131;106;148m██[38;2;131;106;148m██[38;2;16;16;16m██[38;2;106;74;106m██[38;2;106;74;106m██[38;2;106;74;106m██[38;2;106;74;106m██[38;2;106;74;106m██[38;2;106;74;106m██[38;2;106;74;106m██[38;2;106;74;106m██[38;2;131;106;148m██[38;2;131;106;148m██[38;2;131;106;148m██[38;2;16;16;16m██[38;2;16;16;16m██[38;2;16;16;16m██[38;2;16;16;16m██[38;2;16;16;16m██[38;2;106;74;106m██[38;2;222;180;230m██[38;2;197;156;197m██[38;2;131;106;148m██[38;2;16;16;16m██[38;2;131;106;148m██[38;2;131;106;148m██[38;2;131;106;148m██[38;2;131;106;148m██[38;2;106;74;106m██[38;2;106;74;106m██[38;2;106;74;106m██[38;2;238;156;16m██[38;2;238;156;16m██[38;2;16;16;16m██    
        [38;2;106;74;106m██[38;2;106;74;106m██[38;2;131;106;148m██[38;2;131;106;148m██[38;2;131;106;148m██[38;2;131;106;148m██[38;2;131;106;148m██[38;2;16;16;16m██[38;2;205;65;41m██[38;2;205;65;41m██[38;2;205;65;41m██[38;2;115;115;115m██[38;2;255;255;255m██[38;2;205;205;205m██[38;2;205;205;205m██[38;2;16;16;16m██[38;2;156;57;24m██[38;2;98;41;16m██[38;2;16;16;16m██[38;2;197;156;197m██[38;2;197;156;197m██[38;2;197;156;197m██[38;2;197;156;197m██[38;2;255;222;82m██[38;2;255;222;82m██[38;2;238;156;16m██[38;2;131;106;148m██[38;2;16;16;16m██[38;2;106;74;106m██[38;2;106;74;106m██[38;2;106;74;106m██[38;2;106;74;106m██[38;2;106;74;106m██[38;2;106;74;106m██[38;2;131;106;148m██[38;2;131;106;148m██[38;2;131;106;148m██[38;2;131;106;148m██[38;2;131;106;148m██[38;2;131;106;148m██[38;2;131;106;148m██[38;2;131;106;148m██[38;2;106;74;106m██[38;2;222;180;230m██[38;2;197;156;197m██[38;2;197;156;197m██[38;2;131;106;148m██[38;2;16;16;16m██[38;2;131;106;148m██[38;2;131;106;148m██[38;2;131;106;148m██[38;2;106;74;106m██[38;2;106;74;106m██[38;2;106;74;106m██[38;2;106;74;106m██[38;2;238;156;16m██[38;2;16;16;16m██      
        [38;2;16;16;16m██[38;2;255;255;255m██[38;2;115;115;115m██[38;2;16;16;16m██[38;2;16;16;16m██[38;2;16;16;16m██[38;2;16;16;16m██[38;2;205;65;41m██[38;2;205;65;41m██[38;2;205;65;41m██[38;2;205;65;41m██[38;2;16;16;16m██[38;2;255;255;255m██[38;2;255;255;255m██[38;2;205;205;205m██[38;2;16;16;16m██[38;2;156;57;24m██[38;2;156;57;24m██[38;2;16;16;16m██[38;2;131;106;148m██[38;2;197;156;197m██[38;2;197;156;197m██[38;2;255;222;82m██[38;2;255;222;82m██[38;2;255;222;82m██[38;2;238;156;16m██[38;2;238;156;16m██[38;2;16;16;16m██[38;2;106;74;106m██[38;2;106;74;106m██[38;2;106;74;106m██[38;2;106;74;106m██[38;2;106;74;106m██[38;2;106;74;106m██[38;2;131;106;148m██[38;2;131;106;148m██[38;2;131;106;148m██[38;2;131;106;148m██[38;2;131;106;148m██[38;2;131;106;148m██[38;2;131;106;148m██[38;2;131;106;148m██[38;2;106;74;106m██[38;2;222;180;230m██[38;2;197;156;197m██[38;2;131;106;148m██[38;2;131;106;148m██[38;2;16;16;16m██[38;2;131;106;148m██[38;2;131;106;148m██[38;2;106;74;106m██[38;2;106;74;106m██[38;2;106;74;106m██[38;2;106;74;106m██[38;2;106;74;106m██[38;2;16;16;16m██        
      [38;2;16;16;16m██[38;2;106;74;106m██[38;2;255;255;255m██[38;2;255;255;255m██[38;2;16;16;16m██[38;2;131;106;148m██[38;2;156;57;24m██[38;2;205;65;41m██[38;2;205;65;41m██[38;2;205;65;41m██[38;2;205;65;41m██[38;2;205;65;41m██[38;2;16;16;16m██[38;2;255;255;255m██[38;2;255;255;255m██[38;2;16;16;16m██[38;2;156;57;24m██[38;2;156;57;24m██[38;2;156;57;24m██[38;2;156;57;24m██[38;2;16;16;16m██[38;2;197;156;197m██[38;2;255;222;82m██[38;2;255;222;82m██[38;2;255;222;82m██[38;2;255;222;82m██[38;2;255;222;82m██[38;2;238;156;16m██[38;2;180;115;24m██[38;2;16;16;16m██[38;2;106;74;106m██[38;2;106;74;106m██[38;2;106;74;106m██[38;2;106;74;106m██[38;2;106;74;106m██[38;2;131;106;148m██[38;2;131;106;148m██[38;2;131;106;148m██[38;2;131;106;148m██[38;2;131;106;148m██[38;2;131;106;148m██[38;2;131;106;148m██[38;2;131;106;148m██[38;2;131;106;148m██[38;2;197;156;197m██[38;2;197;156;197m██[38;2;131;106;148m██[38;2;131;106;148m██[38;2;106;74;106m██[38;2;16;16;16m██[38;2;106;74;106m██[38;2;106;74;106m██[38;2;106;74;106m██[38;2;106;74;106m██[38;2;106;74;106m██[38;2;16;16;16m██          
    [38;2;16;16;16m██[38;2;255;222;82m██[38;2;197;156;197m██[38;2;16;16;16m██[38;2;16;16;16m██[38;2;131;106;148m██[38;2;16;16;16m██[38;2;131;106;148m██[38;2;156;57;24m██[38;2;205;65;41m██[38;2;205;65;41m██[38;2;205;65;41m██[38;2;205;65;41m██[38;2;156;57;24m██[38;2;16;16;16m██[38;2;16;16;16m██[38;2;156;57;24m██[38;2;205;65;41m██[38;2;156;57;24m██[38;2;156;57;24m██[38;2;156;57;24m██[38;2;16;16;16m██[38;2;131;106;148m██[38;2;255;222;82m██[38;2;255;222;82m██[38;2;255;222;82m██[38;2;238;156;16m██[38;2;238;156;16m██[38;2;238;156;16m██[38;2;238;156;16m██[38;2;16;16;16m██[38;2;106;74;106m██[38;2;106;74;106m██[38;2;106;74;106m██[38;2;106;74;106m██[38;2;106;74;106m██[38;2;131;106;148m██[38;2;131;106;148m██[38;2;131;106;148m██[38;2;131;106;148m██[38;2;131;106;148m██[38;2;131;106;148m██[38;2;131;106;148m██[38;2;131;106;148m██[38;2;197;156;197m██[38;2;197;156;197m██[38;2;197;156;197m██[38;2;197;156;197m██[38;2;197;156;197m██[38;2;197;156;197m██[38;2;16;16;16m██[38;2;106;74;106m██[38;2;106;74;106m██[38;2;106;74;106m██[38;2;106;74;106m██[38;2;106;74;106m██[38;2;16;16;16m██          
    [38;2;16;16;16m██[38;2;255;222;82m██[38;2;197;156;197m██[38;2;197;156;197m██[38;2;131;106;148m██[38;2;131;106;148m██[38;2;16;16;16m██[38;2;131;106;148m██[38;2;156;57;24m██[38;2;205;65;41m██[38;2;205;65;41m██[38;2;205;65;41m██[38;2;156;57;24m██[38;2;205;65;41m██[38;2;205;65;41m██[38;2;205;65;41m██[38;2;156;57;24m██[38;2;205;65;41m██[38;2;156;57;24m██[38;2;156;57;24m██[38;2;98;41;16m██[38;2;98;41;16m██[38;2;16;16;16m██[38;2;255;222;82m██[38;2;255;222;82m██[38;2;238;156;16m██[38;2;180;115;24m██[38;2;16;16;16m██[38;2;16;16;16m██[38;2;238;156;16m██[38;2;16;16;16m██[38;2;106;74;106m██[38;2;106;74;106m██[38;2;106;74;106m██[38;2;106;74;106m██[38;2;106;74;106m██[38;2;106;74;106m██[38;2;131;106;148m██[38;2;131;106;148m██[38;2;131;106;148m██[38;2;131;106;148m██[38;2;131;106;148m██[38;2;131;106;148m██[38;2;197;156;197m██[38;2;197;156;197m██[38;2;197;156;197m██[38;2;197;156;197m██[38;2;197;156;197m██[38;2;197;156;197m██[38;2;197;156;197m██[38;2;16;16;16m██[38;2;106;74;106m██[38;2;106;74;106m██[38;2;106;74;106m██[38;2;106;74;106m██[38;2;16;16;16m██            
    [38;2;16;16;16m██[38;2;255;222;82m██[38;2;197;156;197m██[38;2;197;156;197m██[38;2;131;106;148m██[38;2;131;106;148m██[38;2;16;16;16m██[38;2;131;106;148m██[38;2;131;106;148m██[38;2;156;57;24m██[38;2;205;65;41m██[38;2;205;65;41m██[38;2;156;57;24m██[38;2;205;65;41m██[38;2;205;65;41m██[38;2;156;57;24m██[38;2;205;65;41m██[38;2;156;57;24m██[38;2;205;65;41m██[38;2;156;57;24m██[38;2;98;41;16m██[38;2;98;41;16m██[38;2;98;41;16m██[38;2;16;16;16m██[38;2;255;222;82m██[38;2;238;156;16m██[38;2;180;115;24m██[38;2;16;16;16m██[38;2;16;16;16m██[38;2;238;156;16m██[38;2;16;16;16m██[38;2;106;74;106m██[38;2;106;74;106m██[38;2;106;74;106m██[38;2;106;74;106m██[38;2;106;74;106m██[38;2;106;74;106m██[38;2;131;106;148m██[38;2;131;106;148m██[38;2;131;106;148m██[38;2;131;106;148m██[38;2;131;106;148m██[38;2;131;106;148m██[38;2;197;156;197m██[38;2;197;156;197m██[38;2;197;156;197m██[38;2;197;156;197m██[38;2;197;156;197m██[38;2;197;156;197m██[38;2;197;156;197m██[38;2;16;16;16m██[38;2;106;74;106m██[38;2;106;74;106m██[38;2;106;74;106m██[38;2;106;74;106m██[38;2;16;16;16m██            
    [38;2;16;16;16m██[38;2;255;222;82m██[38;2;238;156;16m██[38;2;131;106;148m██[38;2;131;106;148m██[38;2;131;106;148m██[38;2;16;16;16m██[38;2;106;74;106m██[38;2;131;106;148m██[38;2;156;57;24m██[38;2;255;115;82m██[38;2;205;65;41m██[38;2;156;57;24m██[38;2;205;65;41m██[38;2;205;65;41m██[38;2;156;57;24m██[38;2;205;65;41m██[38;2;156;57;24m██[38;2;205;65;41m██[38;2;156;57;24m██[38;2;98;41;16m██[38;2;98;41;16m██[38;2;98;41;16m██[38;2;16;16;16m██[38;2;255;222;82m██[38;2;238;156;16m██[38;2;16;16;16m██[38;2;16;16;16m██[38;2;238;156;16m██[38;2;238;156;16m██[38;2;16;16;16m██[38;2;106;74;106m██[38;2;106;74;106m██[38;2;106;74;106m██[38;2;106;74;106m██[38;2;16;16;16m██[38;2;16;16;16m██[38;2;106;74;106m██[38;2;131;106;148m██[38;2;131;106;148m██[38;2;131;106;148m██[38;2;131;106;148m██[38;2;131;106;148m██[38;2;197;156;197m██[38;2;197;156;197m██[38;2;197;156;197m██[38;2;197;156;197m██[38;2;131;106;148m██[38;2;106;74;106m██[38;2;106;74;106m██[38;2;106;74;106m██[38;2;16;16;16m██[38;2;106;74;106m██[38;2;106;74;106m██[38;2;106;74;106m██[38;2;16;16;16m██            
    [38;2;16;16;16m██[38;2;16;16;16m██[38;2;238;156;16m██[38;2;238;156;16m██[38;2;238;156;16m██[38;2;16;16;16m██[38;2;16;16;16m██[38;2;16;16;16m██[38;2;131;106;148m██[38;2;156;57;24m██[38;2;255;115;82m██[38;2;205;65;41m██[38;2;156;57;24m██[38;2;205;65;41m██[38;2;205;65;41m██[38;2;156;57;24m██[38;2;205;65;41m██[38;2;205;65;41m██[38;2;156;57;24m██[38;2;98;41;16m██[38;2;98;41;16m██[38;2;98;41;16m██[38;2;98;41;16m██[38;2;98;41;16m██[38;2;16;16;16m██[38;2;238;156;16m██[38;2;238;156;16m██[38;2;238;156;16m██[38;2;238;156;16m██[38;2;16;16;16m██[38;2;106;74;106m██[38;2;106;74;106m██[38;2;106;74;106m██[38;2;106;74;106m██[38;2;106;74;106m██[38;2;106;74;106m██[38;2;106;74;106m██[38;2;16;16;16m██[38;2;16;16;16m██[38;2;16;16;16m██[38;2;131;106;148m██[38;2;131;106;148m██[38;2;131;106;148m██[38;2;197;156;197m██[38;2;197;156;197m██[38;2;131;106;148m██[38;2;106;74;106m██[38;2;197;156;197m██[38;2;197;156;197m██[38;2;197;156;197m██[38;2;197;156;197m██[38;2;16;16;16m██[38;2;106;74;106m██[38;2;106;74;106m██[38;2;106;74;106m██[38;2;16;16;16m██            
      [38;2;106;74;106m██[38;2;16;16;16m██[38;2;16;16;16m██[38;2;16;16;16m██[38;2;131;106;148m██[38;2;131;106;148m██[38;2;16;16;16m██[38;2;197;156;197m██[38;2;131;106;148m██[38;2;156;57;24m██[38;2;255;115;82m██[38;2;156;57;24m██[38;2;205;65;41m██[38;2;205;65;41m██[38;2;156;57;24m██[38;2;205;65;41m██[38;2;205;65;41m██[38;2;205;65;41m██[38;2;98;41;16m██[38;2;98;41;16m██[38;2;98;41;16m██[38;2;98;41;16m██[38;2;98;41;16m██[38;2;98;41;16m██[38;2;16;16;16m██[38;2;16;16;16m██[38;2;16;16;16m██[38;2;16;16;16m██[38;2;106;74;106m██[38;2;106;74;106m██[38;2;106;74;106m██[38;2;106;74;106m██[38;2;106;74;106m██[38;2;106;74;106m██[38;2;106;74;106m██[38;2;106;74;106m██[38;2;106;74;106m██[38;2;106;74;106m██[38;2;106;74;106m██[38;2;16;16;16m██[38;2;16;16;16m██[38;2;131;106;148m██[38;2;131;106;148m██[38;2;197;156;197m██[38;2;197;156;197m██[38;2;197;156;197m██[38;2;197;156;197m██[38;2;197;156;197m██[38;2;197;156;197m██[38;2;197;156;197m██[38;2;197;156;197m██[38;2;16;16;16m██[38;2;106;74;106m██[38;2;16;16;16m██              
    [38;2;106;74;106m██[38;2;131;106;148m██[38;2;197;156;197m██[38;2;197;156;197m██[38;2;197;156;197m██[38;2;197;156;197m██[38;2;131;106;148m██[38;2;131;106;148m██[38;2;16;16;16m██[38;2;197;156;197m██[38;2;156;57;24m██[38;2;255;115;82m██[38;2;156;57;24m██[38;2;205;65;41m██[38;2;205;65;41m██[38;2;156;57;24m██[38;2;205;65;41m██[38;2;205;65;41m██[38;2;205;65;41m██[38;2;98;41;16m██[38;2;98;41;16m██[38;2;98;41;16m██[38;2;98;41;16m██[38;2;98;41;16m██[38;2;98;41;16m██[38;2;98;41;16m██[38;2;98;41;16m██[38;2;16;16;16m██[38;2;106;74;106m██[38;2;106;74;106m██[38;2;106;74;106m██[38;2;106;74;106m██[38;2;106;74;106m██[38;2;106;74;106m██[38;2;106;74;106m██[38;2;106;74;106m██[38;2;106;74;106m██[38;2;106;74;106m██[38;2;106;74;106m██[38;2;106;74;106m██[38;2;106;74;106m██[38;2;106;74;106m██[38;2;16;16;16m██[38;2;131;106;148m██[38;2;197;156;197m██[38;2;197;156;197m██[38;2;197;156;197m██[38;2;197;156;197m██[38;2;197;156;197m██[38;2;197;156;197m██[38;2;131;106;148m██[38;2;106;74;106m██[38;2;16;16;16m██[38;2;106;74;106m██[38;2;16;16;16m██              
    [38;2;106;74;106m██[38;2;106;74;106m██[38;2;197;156;197m██[38;2;197;156;197m██[38;2;197;156;197m██[38;2;197;156;197m██[38;2;131;106;148m██[38;2;131;106;148m██[38;2;16;16;16m██[38;2;197;156;197m██[38;2;156;57;24m██[38;2;255;115;82m██[38;2;255;115;82m██[38;2;156;57;24m██[38;2;205;65;41m██[38;2;156;57;24m██[38;2;205;65;41m██[38;2;205;65;41m██[38;2;205;65;41m██[38;2;156;57;24m██[38;2;98;41;16m██[38;2;98;41;16m██[38;2;98;41;16m██[38;2;98;41;16m██[38;2;98;41;16m██[38;2;98;41;16m██[38;2;98;41;16m██[38;2;98;41;16m██[38;2;16;16;16m██[38;2;106;74;106m██[38;2;106;74;106m██[38;2;106;74;106m██[38;2;106;74;106m██[38;2;106;74;106m██[38;2;106;74;106m██[38;2;106;74;106m██[38;2;106;74;106m██[38;2;106;74;106m██[38;2;106;74;106m██[38;2;106;74;106m██[38;2;106;74;106m██[38;2;106;74;106m██[38;2;16;16;16m██[38;2;197;156;197m██[38;2;197;156;197m██[38;2;197;156;197m██[38;2;197;156;197m██[38;2;131;106;148m██[38;2;106;74;106m██[38;2;106;74;106m██[38;2;197;156;197m██[38;2;197;156;197m██[38;2;16;16;16m██[38;2;106;74;106m██[38;2;16;16;16m██              
  [38;2;106;74;106m██[38;2;197;156;197m██[38;2;131;106;148m██[38;2;106;74;106m██[38;2;131;106;148m██[38;2;197;156;197m██[38;2;197;156;197m██[38;2;131;106;148m██[38;2;131;106;148m██[38;2;16;16;16m██[38;2;197;156;197m██[38;2;197;156;197m██[38;2;156;57;24m██[38;2;255;115;82m██[38;2;156;57;24m██[38;2;205;65;41m██[38;2;205;65;41m██[38;2;156;57;24m██[38;2;205;65;41m██[38;2;205;65;41m██[38;2;205;65;41m██[38;2;98;41;16m██[38;2;98;41;16m██[38;2;98;41;16m██[38;2;98;41;16m██[38;2;98;41;16m██[38;2;98;41;16m██[38;2;98;41;16m██[38;2;98;41;16m██[38;2;16;16;16m██[38;2;106;74;106m██[38;2;106;74;106m██[38;2;106;74;106m██[38;2;106;74;106m██[38;2;106;74;106m██[38;2;106;74;106m██[38;2;106;74;106m██[38;2;106;74;106m██[38;2;106;74;106m██[38;2;106;74;106m██[38;2;106;74;106m██[38;2;106;74;106m██[38;2;106;74;106m██[38;2;16;16;16m██[38;2;131;106;148m██[38;2;197;156;197m██[38;2;131;106;148m██[38;2;106;74;106m██[38;2;197;156;197m██[38;2;197;156;197m██[38;2;197;156;197m██[38;2;197;156;197m██[38;2;197;156;197m██[38;2;197;156;197m██[38;2;16;16;16m██[38;2;16;16;16m██              
  [38;2;106;74;106m██[38;2;197;156;197m██[38;2;197;156;197m██[38;2;197;156;197m██[38;2;197;156;197m██[38;2;197;156;197m██[38;2;131;106;148m██[38;2;131;106;148m██[38;2;16;16;16m██  [38;2;106;74;106m██[38;2;197;156;197m██[38;2;156;57;24m██[38;2;255;115;82m██[38;2;156;57;24m██[38;2;205;65;41m██[38;2;205;65;41m██[38;2;156;57;24m██[38;2;205;65;41m██[38;2;205;65;41m██[38;2;205;65;41m██[38;2;156;57;24m██[38;2;98;41;16m██[38;2;98;41;16m██[38;2;98;41;16m██[38;2;98;41;16m██[38;2;98;41;16m██[38;2;98;41;16m██[38;2;98;41;16m██[38;2;16;16;16m██[38;2;131;106;148m██[38;2;106;74;106m██[38;2;106;74;106m██[38;2;16;16;16m██[38;2;106;74;106m██[38;2;16;16;16m██[38;2;106;74;106m██[38;2;106;74;106m██[38;2;106;74;106m██[38;2;106;74;106m██[38;2;106;74;106m██[38;2;106;74;106m██[38;2;106;74;106m██[38;2;106;74;106m██[38;2;16;16;16m██[38;2;197;156;197m██[38;2;197;156;197m██[38;2;197;156;197m██[38;2;197;156;197m██[38;2;197;156;197m██[38;2;197;156;197m██[38;2;197;156;197m██[38;2;197;156;197m██[38;2;197;156;197m██[38;2;16;16;16m██[38;2;16;16;16m██              
  [38;2;106;74;106m██[38;2;106;74;106m██[38;2;197;156;197m██[38;2;197;156;197m██[38;2;197;156;197m██[38;2;197;156;197m██[38;2;131;106;148m██[38;2;131;106;148m██[38;2;16;16;16m██  [38;2;16;16;16m██[38;2;197;156;197m██[38;2;156;57;24m██[38;2;255;115;82m██[38;2;255;115;82m██[38;2;156;57;24m██[38;2;205;65;41m██[38;2;205;65;41m██[38;2;156;57;24m██[38;2;205;65;41m██[38;2;205;65;41m██[38;2;205;65;41m██[38;2;98;41;16m██[38;2;98;41;16m██[38;2;98;41;16m██[38;2;98;41;16m██[38;2;98;41;16m██[38;2;98;41;16m██[38;2;98;41;16m██[38;2;16;16;16m██[38;2;197;156;197m██[38;2;106;74;106m██[38;2;106;74;106m██[38;2;16;16;16m██[38;2;106;74;106m██[38;2;16;16;16m██[38;2;106;74;106m██[38;2;106;74;106m██[38;2;106;74;106m██[38;2;106;74;106m██[38;2;106;74;106m██[38;2;106;74;106m██[38;2;106;74;106m██[38;2;106;74;106m██[38;2;16;16;16m██[38;2;197;156;197m██[38;2;197;156;197m██[38;2;197;156;197m██[38;2;197;156;197m██[38;2;197;156;197m██[38;2;197;156;197m██[38;2;106;74;106m██[38;2;106;74;106m██[38;2;16;16;16m██[38;2;16;16;16m██                
[38;2;106;74;106m██[38;2;197;156;197m██[38;2;131;106;148m██[38;2;106;74;106m██[38;2;106;74;106m██[38;2;131;106;148m██[38;2;197;156;197m██[38;2;131;106;148m██[38;2;131;106;148m██[38;2;16;16;16m██  [38;2;16;16;16m██[38;2;197;156;197m██[38;2;197;156;197m██[38;2;156;57;24m██[38;2;255;115;82m██[38;2;156;57;24m██[38;2;205;65;41m██[38;2;205;65;41m██[38;2;205;65;41m██[38;2;156;57;24m██[38;2;205;65;41m██[38;2;205;65;41m██[38;2;98;41;16m██[38;2;98;41;16m██[38;2;98;41;16m██[38;2;98;41;16m██[38;2;98;41;16m██[38;2;98;41;16m██[38;2;98;41;16m██[38;2;16;16;16m██[38;2;197;156;197m██[38;2;131;106;148m██[38;2;106;74;106m██[38;2;16;16;16m██[38;2;106;74;106m██[38;2;16;16;16m██[38;2;106;74;106m██[38;2;106;74;106m██[38;2;106;74;106m██[38;2;106;74;106m██[38;2;131;106;148m██[38;2;131;106;148m██[38;2;131;106;148m██[38;2;131;106;148m██[38;2;16;16;16m██[38;2;197;156;197m██[38;2;197;156;197m██[38;2;197;156;197m██[38;2;131;106;148m██[38;2;106;74;106m██[38;2;106;74;106m██[38;2;197;156;197m██[38;2;197;156;197m██[38;2;197;156;197m██[38;2;16;16;16m██                
[38;2;106;74;106m██[38;2;197;156;197m██[38;2;197;156;197m██[38;2;197;156;197m██[38;2;197;156;197m██[38;2;197;156;197m██[38;2;131;106;148m██[38;2;131;106;148m██[38;2;131;106;148m██[38;2;16;16;16m██    [38;2;16;16;16m██[38;2;197;156;197m██[38;2;156;57;24m██[38;2;255;115;82m██[38;2;255;115;82m██[38;2;156;57;24m██[38;2;156;57;24m██[38;2;205;65;41m██[38;2;205;65;41m██[38;2;98;41;16m██[38;2;156;57;24m██[38;2;205;65;41m██[38;2;205;65;41m██[38;2;205;65;41m██[38;2;156;57;24m██[38;2;98;41;16m██[38;2;98;41;16m██[38;2;98;41;16m██[38;2;156;57;24m██[38;2;106;74;106m██[38;2;197;156;197m██[38;2;106;74;106m██[38;2;16;16;16m██[38;2;16;16;16m██[38;2;106;74;106m██[38;2;106;74;106m██[38;2;106;74;106m██[38;2;131;106;148m██[38;2;131;106;148m██[38;2;131;106;148m██[38;2;131;106;148m██[38;2;131;106;148m██[38;2;131;106;148m██[38;2;16;16;16m██[38;2;197;156;197m██[38;2;131;106;148m██[38;2;106;74;106m██[38;2;197;156;197m██[38;2;197;156;197m██[38;2;197;156;197m██[38;2;197;156;197m██[38;2;197;156;197m██[38;2;197;156;197m██[38;2;16;16;16m██                
[38;2;16;16;16m██[38;2;197;156;197m██[38;2;197;156;197m██[38;2;197;156;197m██[38;2;197;156;197m██[38;2;197;156;197m██[38;2;131;106;148m██[38;2;131;106;148m██[38;2;131;106;148m██[38;2;16;16;16m██[38;2;106;74;106m██  [38;2;16;16;16m██[38;2;197;156;197m██[38;2;156;57;24m██[38;2;255;115;82m██[38;2;255;115;82m██[38;2;255;115;82m██[38;2;205;65;41m██[38;2;98;41;16m██[38;2;156;57;24m██[38;2;205;65;41m██[38;2;205;65;41m██[38;2;205;65;41m██[38;2;205;65;41m██[38;2;205;65;41m██[38;2;205;65;41m██[38;2;205;65;41m██[38;2;205;65;41m██[38;2;205;65;41m██[38;2;205;65;41m██[38;2;16;16;16m██[38;2;197;156;197m██[38;2;106;74;106m██[38;2;16;16;16m██[38;2;106;74;106m██[38;2;106;74;106m██[38;2;106;74;106m██[38;2;131;106;148m██[38;2;131;106;148m██[38;2;131;106;148m██[38;2;131;106;148m██[38;2;131;106;148m██[38;2;16;16;16m██[38;2;16;16;16m██[38;2;16;16;16m██[38;2;197;156;197m██[38;2;197;156;197m██[38;2;197;156;197m██[38;2;197;156;197m██[38;2;197;156;197m██[38;2;197;156;197m██[38;2;197;156;197m██[38;2;197;156;197m██[38;2;197;156;197m██[38;2;16;16;16m██                
[38;2;16;16;16m██[38;2;197;156;197m██[38;2;197;156;197m██[38;2;197;156;197m██[38;2;131;106;148m██[38;2;106;74;106m██[38;2;16;16;16m██[38;2;16;16;16m██[38;2;16;16;16m██[38;2;131;106;148m██[38;2;16;16;16m██  [38;2;16;16;16m██[38;2;197;156;197m██[38;2;156;57;24m██[38;2;255;115;82m██[38;2;255;115;82m██[38;2;255;115;82m██[38;2;255;115;82m██[38;2;98;41;16m██[38;2;205;65;41m██[38;2;205;65;41m██[38;2;205;65;41m██[38;2;205;65;41m██[38;2;205;65;41m██[38;2;205;65;41m██[38;2;205;65;41m██[38;2;205;65;41m██[38;2;205;65;41m██[38;2;205;65;41m██[38;2;205;65;41m██[38;2;16;16;16m██[38;2;197;156;197m██[38;2;106;74;106m██[38;2;16;16;16m██[38;2;106;74;106m██[38;2;106;74;106m██[38;2;106;74;106m██[38;2;131;106;148m██[38;2;131;106;148m██[38;2;131;106;148m██[38;2;131;106;148m██[38;2;16;16;16m██[38;2;131;106;148m██[38;2;131;106;148m██[38;2;197;156;197m██[38;2;16;16;16m██[38;2;197;156;197m██[38;2;197;156;197m██[38;2;197;156;197m██[38;2;197;156;197m██[38;2;197;156;197m██[38;2;197;156;197m██[38;2;197;156;197m██[38;2;197;156;197m██[38;2;16;16;16m██                
[38;2;16;16;16m██[38;2;197;156;197m██[38;2;197;156;197m██[38;2;197;156;197m██[38;2;16;16;16m██[38;2;16;16;16m██[38;2;131;106;148m██[38;2;131;106;148m██[38;2;16;16;16m██[38;2;131;106;148m██[38;2;16;16;16m██[38;2;106;74;106m██[38;2;16;16;16m██[38;2;197;156;197m██[38;2;156;57;24m██[38;2;255;115;82m██[38;2;255;115;82m██[38;2;205;65;41m██[38;2;98;41;16m██[38;2;205;65;41m██[38;2;205;65;41m██[38;2;205;65;41m██[38;2;205;65;41m██[38;2;205;65;41m██[38;2;205;65;41m██[38;2;205;65;41m██[38;2;205;65;41m██[38;2;205;65;41m██[38;2;205;65;41m██[38;2;205;65;41m██[38;2;205;65;41m██[38;2;16;16;16m██[38;2;197;156;197m██[38;2;106;74;106m██[38;2;16;16;16m██[38;2;106;74;106m██[38;2;16;16;16m██[38;2;131;106;148m██[38;2;131;106;148m██[38;2;131;106;148m██[38;2;131;106;148m██[38;2;131;106;148m██[38;2;16;16;16m██[38;2;197;156;197m██[38;2;197;156;197m██[38;2;197;156;197m██[38;2;131;106;148m██[38;2;197;156;197m██[38;2;197;156;197m██[38;2;197;156;197m██[38;2;197;156;197m██[38;2;197;156;197m██[38;2;197;156;197m██[38;2;197;156;197m██[38;2;197;156;197m██[38;2;16;16;16m██                
[38;2;16;16;16m██[38;2;197;156;197m██[38;2;197;156;197m██[38;2;197;156;197m██[38;2;106;74;106m██[38;2;197;156;197m██[38;2;131;106;148m██[38;2;131;106;148m██[38;2;16;16;16m██[38;2;131;106;148m██[38;2;106;74;106m██[38;2;131;106;148m██[38;2;16;16;16m██[38;2;197;156;197m██[38;2;156;57;24m██[38;2;255;115;82m██[38;2;255;115;82m██[38;2;98;41;16m██[38;2;205;65;41m██[38;2;205;65;41m██[38;2;205;65;41m██[38;2;205;65;41m██[38;2;205;65;41m██[38;2;205;65;41m██[38;2;205;65;41m██[38;2;205;65;41m██[38;2;205;65;41m██[38;2;205;65;41m██[38;2;205;65;41m██[38;2;205;65;41m██[38;2;205;65;41m██[38;2;98;41;16m██[38;2;197;156;197m██[38;2;131;106;148m██[38;2;16;16;16m██[38;2;106;74;106m██[38;2;16;16;16m██[38;2;131;106;148m██[38;2;131;106;148m██[38;2;131;106;148m██[38;2;131;106;148m██[38;2;131;106;148m██[38;2;16;16;16m██[38;2;197;156;197m██[38;2;197;156;197m██[38;2;197;156;197m██[38;2;197;156;197m██[38;2;197;156;197m██[38;2;197;156;197m██[38;2;197;156;197m██[38;2;197;156;197m██[38;2;197;156;197m██[38;2;197;156;197m██[38;2;197;156;197m██[38;2;197;156;197m██[38;2;16;16;16m██                
  [38;2;16;16;16m██[38;2;197;156;197m██[38;2;197;156;197m██[38;2;197;156;197m██[38;2;197;156;197m██[38;2;131;106;148m██[38;2;131;106;148m██[38;2;16;16;16m██[38;2;106;74;106m██[38;2;131;106;148m██[38;2;131;106;148m██[38;2;16;16;16m██[38;2;131;106;148m██[38;2;205;65;41m██[38;2;255;115;82m██[38;2;98;41;16m██[38;2;205;65;41m██[38;2;205;65;41m██[38;2;205;65;41m██[38;2;205;65;41m██[38;2;205;65;41m██[38;2;205;65;41m██[38;2;205;65;41m██[38;2;205;65;41m██[38;2;205;65;41m██[38;2;205;65;41m██[38;2;205;65;41m██[38;2;205;65;41m██[38;2;205;65;41m██[38;2;205;65;41m██[38;2;98;41;16m██[38;2;197;156;197m██[38;2;131;106;148m██[38;2;131;106;148m██[38;2;16;16;16m██[38;2;16;16;16m██[38;2;131;106;148m██[38;2;131;106;148m██[38;2;131;106;148m██[38;2;131;106;148m██[38;2;131;106;148m██[38;2;131;106;148m██[38;2;16;16;16m██[38;2;16;16;16m██[38;2;197;156;197m██[38;2;197;156;197m██[38;2;197;156;197m██[38;2;197;156;197m██[38;2;197;156;197m██[38;2;106;74;106m██[38;2;197;156;197m██[38;2;197;156;197m██[38;2;197;156;197m██[38;2;106;74;106m██[38;2;16;16;16m██                
  [38;2;16;16;16m██[38;2;131;106;148m██[38;2;197;156;197m██[38;2;197;156;197m██[38;2;197;156;197m██[38;2;131;106;148m██[38;2;16;16;16m██[38;2;106;74;106m██[38;2;131;106;148m██[38;2;131;106;148m██[38;2;16;16;16m██[38;2;197;156;197m██[38;2;131;106;148m██[38;2;156;57;24m██[38;2;205;65;41m██[38;2;98;41;16m██[38;2;255;115;82m██[38;2;255;115;82m██[38;2;255;115;82m██[38;2;255;115;82m██[38;2;205;65;41m██[38;2;205;65;41m██[38;2;205;65;41m██[38;2;205;65;41m██[38;2;205;65;41m██[38;2;205;65;41m██[38;2;205;65;41m██[38;2;255;115;82m██[38;2;255;115;82m██[38;2;255;115;82m██[38;2;205;65;41m██[38;2;106;74;106m██[38;2;197;156;197m██[38;2;131;106;148m██[38;2;16;16;16m██[38;2;16;16;16m██[38;2;131;106;148m██[38;2;131;106;148m██[38;2;131;106;148m██[38;2;131;106;148m██[38;2;131;106;148m██[38;2;131;106;148m██[38;2;131;106;148m██[38;2;131;106;148m██[38;2;16;16;16m██[38;2;197;156;197m██[38;2;197;156;197m██[38;2;197;156;197m██[38;2;16;16;16m██[38;2;197;156;197m██[38;2;197;156;197m██[38;2;197;156;197m██[38;2;106;74;106m██[38;2;16;16;16m██[38;2;16;16;16m██                
    [38;2;16;16;16m██[38;2;16;16;16m██[38;2;16;16;16m██[38;2;16;16;16m██[38;2;16;16;16m██  [38;2;106;74;106m██[38;2;131;106;148m██[38;2;131;106;148m██[38;2;16;16;16m██[38;2;197;156;197m██[38;2;98;41;16m██[38;2;156;57;24m██[38;2;98;41;16m██[38;2;255;115;82m██[38;2;255;115;82m██[38;2;255;115;82m██[38;2;255;115;82m██[38;2;255;115;82m██[38;2;255;115;82m██[38;2;255;115;82m██[38;2;255;115;82m██[38;2;255;115;82m██[38;2;255;115;82m██[38;2;255;115;82m██[38;2;255;115;82m██[38;2;255;115;82m██[38;2;255;115;82m██[38;2;255;115;82m██[38;2;205;65;41m██[38;2;106;74;106m██[38;2;197;156;197m██[38;2;131;106;148m██[38;2;16;16;16m██[38;2;16;16;16m██[38;2;131;106;148m██[38;2;131;106;148m██[38;2;131;106;148m██[38;2;131;106;148m██[38;2;131;106;148m██[38;2;131;106;148m██[38;2;131;106;148m██[38;2;131;106;148m██[38;2;131;106;148m██[38;2;16;16;16m██[38;2;16;16;16m██[38;2;16;16;16m██[38;2;106;74;106m██[38;2;106;74;106m██[38;2;16;16;16m██[38;2;16;16;16m██[38;2;16;16;16m██[38;2;106;74;106m██[38;2;16;16;16m██                
              [38;2;106;74;106m██[38;2;131;106;148m██[38;2;131;106;148m██[38;2;131;106;148m██[38;2;16;16;16m██[38;2;197;156;197m██[38;2;98;41;16m██[38;2;156;57;24m██[38;2;98;41;16m██[38;2;255;115;82m██[38;2;255;115;82m██[38;2;255;115;82m██[38;2;255;115;82m██[38;2;255;115;82m██[38;2;255;115;82m██[38;2;255;115;82m██[38;2;255;115;82m██[38;2;255;115;82m██[38;2;255;115;82m██[38;2;255;115;82m██[38;2;255;115;82m██[38;2;255;115;82m██[38;2;255;115;82m██[38;2;205;65;41m██[38;2;205;65;41m██[38;2;16;16;16m██[38;2;197;156;197m██[38;2;131;106;148m██[38;2;16;16;16m██[38;2;16;16;16m██[38;2;131;106;148m██[38;2;131;106;148m██[38;2;131;106;148m██[38;2;131;106;148m██[38;2;131;106;148m██[38;2;131;106;148m██[38;2;131;106;148m██[38;2;131;106;148m██[38;2;131;106;148m██[38;2;131;106;148m██[38;2;106;74;106m██[38;2;16;16;16m██[38;2;16;16;16m██[38;2;16;16;16m██[38;2;106;74;106m██[38;2;106;74;106m██[38;2;16;16;16m██[38;2;106;74;106m██[38;2;16;16;16m██                
              [38;2;16;16;16m██[38;2;131;106;148m██[38;2;131;106;148m██[38;2;16;16;16m██[38;2;16;16;16m██[38;2;197;156;197m██[38;2;98;41;16m██[38;2;156;57;24m██[38;2;156;57;24m██[38;2;98;41;16m██[38;2;255;115;82m██[38;2;255;115;82m██[38;2;255;115;82m██[38;2;255;115;82m██[38;2;255;115;82m██[38;2;255;115;82m██[38;2;255;115;82m██[38;2;255;115;82m██[38;2;255;115;82m██[38;2;255;115;82m██[38;2;255;115;82m██[38;2;255;115;82m██[38;2;205;65;41m██[38;2;205;65;41m██[38;2;16;16;16m██[38;2;197;156;197m██[38;2;131;106;148m██[38;2;131;106;148m██[38;2;16;16;16m██[38;2;106;74;106m██[38;2;16;16;16m██[38;2;131;106;148m██[38;2;131;106;148m██[38;2;131;106;148m██[38;2;131;106;148m██[38;2;131;106;148m██[38;2;131;106;148m██[38;2;131;106;148m██[38;2;131;106;148m██[38;2;131;106;148m██[38;2;131;106;148m██[38;2;131;106;148m██[38;2;131;106;148m██[38;2;106;74;106m██[38;2;106;74;106m██[38;2;16;16;16m██[38;2;106;74;106m██[38;2;106;74;106m██[38;2;16;16;16m██                
              [38;2;16;16;16m██[38;2;131;106;148m██[38;2;16;16;16m██[38;2;255;255;255m██[38;2;255;255;255m██[38;2;115;115;115m██[38;2;197;156;197m██[38;2;98;41;16m██[38;2;156;57;24m██[38;2;156;57;24m██[38;2;98;41;16m██[38;2;98;41;16m██[38;2;98;41;16m██[38;2;98;41;16m██[38;2;98;41;16m██[38;2;98;41;16m██[38;2;98;41;16m██[38;2;98;41;16m██[38;2;98;41;16m██[38;2;115;115;115m██[38;2;115;115;115m██[38;2;205;65;41m██[38;2;205;65;41m██[38;2;205;65;41m██[38;2;16;16;16m██[38;2;197;156;197m██[38;2;131;106;148m██[38;2;131;106;148m██[38;2;16;16;16m██[38;2;106;74;106m██[38;2;16;16;16m██[38;2;131;106;148m██[38;2;131;106;148m██[38;2;131;106;148m██[38;2;131;106;148m██[38;2;131;106;148m██[38;2;131;106;148m██[38;2;131;106;148m██[38;2;131;106;148m██[38;2;131;106;148m██[38;2;131;106;148m██[38;2;131;106;148m██[38;2;131;106;148m██[38;2;16;16;16m██[38;2;106;74;106m██[38;2;16;16;16m██[38;2;106;74;106m██[38;2;16;16;16m██                  
              [38;2;16;16;16m██[38;2;131;106;148m██[38;2;16;16;16m██[38;2;255;255;255m██[38;2;255;255;255m██[38;2;205;205;205m██[38;2;115;115;115m██[38;2;222;180;230m██[38;2;98;41;16m██[38;2;156;57;24m██[38;2;156;57;24m██[38;2;156;57;24m██[38;2;156;57;24m██[38;2;156;57;24m██[38;2;156;57;24m██[38;2;156;57;24m██[38;2;156;57;24m██[38;2;156;57;24m██[38;2;115;115;115m██[38;2;255;255;255m██[38;2;255;255;255m██[38;2;115;115;115m██[38;2;16;16;16m██[38;2;16;16;16m██[38;2;197;156;197m██[38;2;131;106;148m██[38;2;131;106;148m██[38;2;16;16;16m██[38;2;106;74;106m██[38;2;106;74;106m██[38;2;106;74;106m██[38;2;16;16;16m██[38;2;131;106;148m██[38;2;131;106;148m██[38;2;131;106;148m██[38;2;131;106;148m██[38;2;131;106;148m██[38;2;131;106;148m██[38;2;131;106;148m██[38;2;131;106;148m██[38;2;131;106;148m██[38;2;131;106;148m██[38;2;106;74;106m██[38;2;16;16;16m██[38;2;16;16;16m██[38;2;106;74;106m██[38;2;106;74;106m██[38;2;16;16;16m██                  
              [38;2;16;16;16m██[38;2;131;106;148m██[38;2;131;106;148m██[38;2;16;16;16m██[38;2;205;205;205m██[38;2;205;205;205m██[38;2;106;74;106m██[38;2;222;180;230m██[38;2;222;180;230m██[38;2;98;41;16m██[38;2;98;41;16m██[38;2;98;41;16m██[38;2;98;41;16m██[38;2;98;41;16m██[38;2;98;41;16m██[38;2;98;41;16m██[38;2;98;41;16m██[38;2;98;41;16m██[38;2;106;74;106m██[38;2;255;255;255m██[38;2;255;255;255m██[38;2;255;255;255m██[38;2;106;74;106m██[38;2;197;156;197m██[38;2;197;156;197m██[38;2;131;106;148m██[38;2;131;106;148m██[38;2;16;16;16m██[38;2;106;74;106m██[38;2;106;74;106m██[38;2;106;74;106m██[38;2;106;74;106m██[38;2;16;16;16m██[38;2;131;106;148m██[38;2;131;106;148m██[38;2;106;74;106m██[38;2;131;106;148m██[38;2;131;106;148m██[38;2;106;74;106m██[38;2;16;16;16m██[38;2;16;16;16m██[38;2;131;106;148m██[38;2;16;16;16m██[38;2;16;16;16m██[38;2;106;74;106m██[38;2;106;74;106m██[38;2;16;16;16m██                    
                [38;2;16;16;16m██[38;2;131;106;148m██[38;2;16;16;16m██[38;2;106;74;106m██[38;2;106;74;106m██[38;2;197;156;197m██[38;2;197;156;197m██[38;2;222;180;230m██[38;2;222;180;230m██[38;2;222;180;230m██[38;2;222;180;230m██[38;2;222;180;230m██[38;2;222;180;230m██[38;2;222;180;230m██[38;2;197;156;197m██[38;2;197;156;197m██[38;2;197;156;197m██[38;2;197;156;197m██[38;2;106;74;106m██[38;2;255;255;255m██[38;2;255;255;255m██[38;2;106;74;106m██[38;2;197;156;197m██[38;2;131;106;148m██[38;2;131;106;148m██[38;2;16;16;16m██[38;2;106;74;106m██[38;2;106;74;106m██[38;2;106;74;106m██[38;2;106;74;106m██[38;2;106;74;106m██[38;2;106;74;106m██[38;2;16;16;16m██[38;2;131;106;148m██[38;2;16;16;16m██[38;2;131;106;148m██[38;2;131;106;148m██[38;2;16;16;16m██[38;2;16;16;16m██[38;2;106;74;106m██[38;2;131;106;148m██[38;2;16;16;16m██[38;2;16;16;16m██[38;2;106;74;106m██[38;2;16;16;16m██                      
                  [38;2;16;16;16m██[38;2;131;106;148m██[38;2;16;16;16m██[38;2;197;156;197m██[38;2;197;156;197m██[38;2;131;106;148m██[38;2;131;106;148m██[38;2;131;106;148m██[38;2;131;106;148m██[38;2;131;106;148m██[38;2;131;106;148m██[38;2;131;106;148m██[38;2;131;106;148m██[38;2;131;106;148m██[38;2;131;106;148m██[38;2;131;106;148m██[38;2;197;156;197m██[38;2;197;156;197m██[38;2;106;74;106m██[38;2;106;74;106m██[38;2;131;106;148m██[38;2;131;106;148m██[38;2;131;106;148m██[38;2;16;16;16m██[38;2;16;16;16m██[38;2;16;16;16m██[38;2;16;16;16m██[38;2;16;16;16m██[38;2;106;74;106m██[38;2;106;74;106m██[38;2;106;74;106m██[38;2;106;74;106m██[38;2;16;16;16m██[38;2;16;16;16m██[38;2;106;74;106m██[38;2;106;74;106m██[38;2;131;106;148m██[38;2;131;106;148m██[38;2;131;106;148m██[38;2;16;16;16m██[38;2;106;74;106m██[38;2;16;16;16m██[38;2;16;16;16m██                        
                  [38;2;106;74;106m██[38;2;131;106;148m██[38;2;106;74;106m██[38;2;16;16;16m██[38;2;131;106;148m██[38;2;131;106;148m██[38;2;106;74;106m██[38;2;16;16;16m██[38;2;16;16;16m██[38;2;16;16;16m██[38;2;16;16;16m██[38;2;16;16;16m██[38;2;16;16;16m██[38;2;16;16;16m██[38;2;106;74;106m██[38;2;131;106;148m██[38;2;131;106;148m██[38;2;131;106;148m██[38;2;131;106;148m██[38;2;131;106;148m██[38;2;131;106;148m██[38;2;131;106;148m██[38;2;106;74;106m██[38;2;16;16;16m██        [38;2;16;16;16m██[38;2;16;16;16m██[38;2;106;74;106m██[38;2;106;74;106m██[38;2;16;16;16m██[38;2;106;74;106m██[38;2;16;16;16m██[38;2;16;16;16m██[38;2;16;16;16m██[38;2;16;16;16m██[38;2;16;16;16m██[38;2;106;74;106m██[38;2;106;74;106m██[38;2;16;16;16m██                          
              [38;2;115;115;115m██[38;2;115;115;115m██[38;2;255;255;255m██[38;2;205;205;205m██[38;2;115;115;115m██[38;2;205;205;205m██[38;2;16;16;16m██[38;2;16;16;16m██[38;2;16;16;16m██[38;2;106;74;106m██[38;2;106;74;106m██[38;2;106;74;106m██[38;2;106;74;106m██[38;2;106;74;106m██[38;2;106;74;106m██[38;2;106;74;106m██[38;2;16;16;16m██[38;2;16;16;16m██[38;2;16;16;16m██[38;2;16;16;16m██[38;2;106;74;106m██[38;2;131;106;148m██[38;2;131;106;148m██[38;2;131;106;148m██[38;2;16;16;16m██              [38;2;16;16;16m██[38;2;16;16;16m██[38;2;16;16;16m██[38;2;106;74;106m██[38;2;106;74;106m██[38;2;106;74;106m██[38;2;106;74;106m██[38;2;106;74;106m██[38;2;106;74;106m██[38;2;106;74;106m██[38;2;106;74;106m██[38;2;106;74;106m██[38;2;16;16;16m██                        
            [38;2;115;115;115m██[38;2;255;255;255m██[38;2;255;255;255m██[38;2;205;205;205m██[38;2;106;74;106m██[38;2;255;255;255m██[38;2;255;255;255m██[38;2;115;115;115m██[38;2;255;255;255m██[38;2;255;255;255m██[38;2;115;115;115m██[38;2;106;74;106m██[38;2;106;74;106m██[38;2;106;74;106m██[38;2;106;74;106m██[38;2;16;16;16m██            [38;2;16;16;16m██[38;2;16;16;16m██[38;2;16;16;16m██                    [38;2;16;16;16m██[38;2;106;74;106m██[38;2;106;74;106m██[38;2;106;74;106m██[38;2;106;74;106m██[38;2;106;74;106m██[38;2;106;74;106m██[38;2;106;74;106m██[38;2;106;74;106m██[38;2;106;74;106m██[38;2;106;74;106m██[38;2;16;16;16m██                      
            [38;2;115;115;115m██[38;2;205;205;205m██[38;2;205;205;205m██[38;2;115;115;115m██[38;2;255;255;255m██[38;2;255;255;255m██[38;2;115;115;115m██[38;2;255;255;255m██[38;2;255;255;255m██[38;2;205;205;205m██[38;2;115;115;115m██[38;2;106;74;106m██[38;2;106;74;106m██[38;2;16;16;16m██[38;2;16;16;16m██                                      [38;2;16;16;16m██[38;2;106;74;106m██[38;2;106;74;106m██[38;2;106;74;106m██[38;2;106;74;106m██[38;2;106;74;106m██[38;2;106;74;106m██[38;2;106;74;106m██[38;2;106;74;106m██[38;2;106;74;106m██[38;2;106;74;106m██[38;2;106;74;106m██[38;2;106;74;106m██[38;2;16;16;16m██                    
              [38;2;16;16;16m██[38;2;16;16;16m██[38;2;16;16;16m██[38;2;205;205;205m██[38;2;205;205;205m██[38;2;115;115;115m██[38;2;205;205;205m██[38;2;205;205;205m██[38;2;115;115;115m██[38;2;16;16;16m██[38;2;16;16;16m██[38;2;16;16;16m██                                          [38;2;16;16;16m██[38;2;131;106;148m██[38;2;131;106;148m██[38;2;106;74;106m██[38;2;106;74;106m██[38;2;106;74;106m██[38;2;131;106;148m██[38;2;131;106;148m██[38;2;106;74;106m██[38;2;106;74;106m██[38;2;106;74;106m██[38;2;131;106;148m██[38;2;131;106;148m██[38;2;16;16;16m██                    
                    [38;2;16;16;16m██[38;2;16;16;16m██  [38;2;16;16;16m██[38;2;16;16;16m██[38;2;16;16;16m██                                              [38;2;115;115;115m██[38;2;115;115;115m██[38;2;255;255;255m██[38;2;255;255;255m██[38;2;131;106;148m██[38;2;131;106;148m██[38;2;131;106;148m██[38;2;255;255;255m██[38;2;205;205;205m██[38;2;106;74;106m██[38;2;106;74;106m██[38;2;115;115;115m██[38;2;255;255;255m██[38;2;255;255;255m██[38;2;115;115;115m██[38;2;16;16;16m██                  
                                                                              [38;2;115;115;115m██[38;2;255;255;255m██[38;2;255;255;255m██[38;2;205;205;205m██[38;2;106;74;106m██[38;2;106;74;106m██[38;2;115;115;115m██[38;2;255;255;255m██[38;2;255;255;255m██[38;2;115;115;115m██[38;2;106;74;106m██[38;2;115;115;115m██[38;2;255;255;255m██[38;2;255;255;255m██[38;2;255;255;255m██[38;2;16;16;16m██                  
                                                                              [38;2;115;115;115m██[38;2;255;255;255m██[38;2;255;255;255m██[38;2;115;115;115m██[38;2;16;16;16m██[38;2;16;16;16m██[38;2;115;115;115m██[38;2;255;255;255m██[38;2;205;205;205m██[38;2;115;115;115m██[38;2;16;16;16m██[38;2;16;16;16m██[38;2;115;115;115m██[38;2;255;255;255m██[38;2;205;205;205m██[38;2;16;16;16m██                  
                                                                              [38;2;16;16;16m██[38;2;205;205;205m██[38;2;205;205;205m██[38;2;16;16;16m██    [38;2;16;16;16m██[38;2;205;205;205m██[38;2;205;205;205m██[38;2;16;16;16m██    [38;2;16;16;16m██[38;2;205;205;205m██[38;2;205;205;205m██[38;2;16;16;16m██                  
                                                                                [38;2;16;16;16m██[38;2;16;16;16m██        [38;2;16;16;16m██[38;2;16;16;16m██        [38;2;16;16;16m██[38;2;16;16;16m██                    
