                        [38;2;24;24;24m██[38;2;24;24;24m██[38;2;24;24;24m██[38;2;24;24;24m██[38;2;24;24;24m██                                                                                                                      
                      [38;2;24;24;24m██[38;2;230;189;222m██[38;2;230;189;222m██[38;2;230;189;222m██[38;2;230;189;222m██[38;2;230;189;222m██[38;2;24;24;24m██      [38;2;139;90;123m██[38;2;139;90;123m██[38;2;139;90;123m██                                                                                                        
                      [38;2;24;24;24m██[38;2;230;189;222m██[38;2;230;189;222m██[38;2;230;189;222m██[38;2;230;189;222m██[38;2;230;189;222m██[38;2;24;24;24m██    [38;2;139;90;123m██[38;2;230;189;222m██[38;2;230;189;222m██[38;2;230;189;222m██[38;2;139;90;123m██[38;2;24;24;24m██                                                                                                    
                    [38;2;24;24;24m██[38;2;230;189;222m██[38;2;230;189;222m██[38;2;230;189;222m██[38;2;230;189;222m██[38;2;230;189;222m██[38;2;230;189;222m██[38;2;24;24;24m██  [38;2;139;90;123m██[38;2;230;189;222m██[38;2;197;148;180m██[38;2;164;115;148m██[38;2;164;115;148m██[38;2;164;115;148m██[38;2;164;115;148m██[38;2;24;24;24m██                                                                                                  
                    [38;2;24;24;24m██[38;2;230;189;222m██[38;2;230;189;222m██[38;2;230;189;222m██[38;2;230;189;222m██[38;2;230;189;222m██[38;2;230;189;222m██[38;2;24;24;24m██  [38;2;139;90;123m██[38;2;230;189;222m██[38;2;197;148;180m██[38;2;164;115;148m██[38;2;164;115;148m██[38;2;164;115;148m██[38;2;164;115;148m██[38;2;24;24;24m██                                                                                                  
                    [38;2;24;24;24m██[38;2;230;189;222m██[38;2;230;189;222m██[38;2;230;189;222m██[38;2;230;189;222m██[38;2;230;189;222m██[38;2;230;189;222m██[38;2;24;24;24m██  [38;2;139;90;123m██[38;2;230;189;222m██[38;2;164;115;148m██[38;2;164;115;148m██[38;2;164;115;148m██[38;2;164;115;148m██[38;2;164;115;148m██[38;2;24;24;24m██                                                                                                  
                    [38;2;24;24;24m██[38;2;230;189;222m██[38;2;230;189;222m██[38;2;230;189;222m██[38;2;230;189;222m██[38;2;230;189;222m██[38;2;139;90;123m██[38;2;139;90;123m██  [38;2;139;90;123m██[38;2;230;189;222m██[38;2;164;115;148m██[38;2;164;115;148m██[38;2;164;115;148m██[38;2;164;115;148m██[38;2;164;115;148m██[38;2;24;24;24m██                                                                                                  
                  [38;2;24;24;24m██[38;2;230;189;222m██[38;2;230;189;222m██[38;2;230;189;222m██[38;2;230;189;222m██[38;2;230;189;222m██[38;2;230;189;222m██[38;2;24;24;24m██    [38;2;139;90;123m██[38;2;197;148;180m██[38;2;164;115;148m██[38;2;164;115;148m██[38;2;164;115;148m██[38;2;164;115;148m██[38;2;164;115;148m██[38;2;24;24;24m██              [38;2;24;24;24m██[38;2;24;24;24m██[38;2;24;24;24m██[38;2;24;24;24m██[38;2;24;24;24m██                                                                          
                  [38;2;24;24;24m██[38;2;230;189;222m██[38;2;230;189;222m██[38;2;230;189;222m██[38;2;230;189;222m██[38;2;230;189;222m██[38;2;230;189;222m██[38;2;24;24;24m██  [38;2;139;90;123m██[38;2;197;148;180m██[38;2;164;115;148m██[38;2;164;115;148m██[38;2;164;115;148m██[38;2;164;115;148m██[38;2;164;115;148m██[38;2;24;24;24m██            [38;2;24;24;24m██[38;2;24;24;24m██[38;2;238;189;82m██[38;2;238;189;82m██[38;2;238;189;82m██[38;2;238;189;82m██[38;2;238;189;82m██[38;2;24;24;24m██                                                                        
      [38;2;24;24;24m██[38;2;24;24;24m██        [38;2;24;24;24m██[38;2;230;189;222m██[38;2;230;189;222m██[38;2;230;189;222m██[38;2;230;189;222m██[38;2;230;189;222m██[38;2;230;189;222m██[38;2;24;24;24m██  [38;2;139;90;123m██[38;2;197;148;180m██[38;2;164;115;148m██[38;2;164;115;148m██[38;2;164;115;148m██[38;2;164;115;148m██[38;2;164;115;148m██[38;2;24;24;24m██          [38;2;24;24;24m██[38;2;238;189;82m██[38;2;255;238;172m██[38;2;255;238;172m██[38;2;255;238;172m██[38;2;255;222;139m██[38;2;238;189;82m██[38;2;238;189;82m██[38;2;238;189;82m██[38;2;24;24;24m██                                                                      
    [38;2;24;24;24m██[38;2;230;189;222m██[38;2;230;189;222m██[38;2;24;24;24m██      [38;2;24;24;24m██[38;2;230;189;222m██[38;2;230;189;222m██[38;2;230;189;222m██[38;2;230;189;222m██[38;2;230;189;222m██[38;2;230;189;222m██[38;2;24;24;24m██  [38;2;139;90;123m██[38;2;197;148;180m██[38;2;164;115;148m██[38;2;164;115;148m██[38;2;164;115;148m██[38;2;164;115;148m██[38;2;164;115;148m██[38;2;24;24;24m██    [38;2;24;24;24m██[38;2;24;24;24m██[38;2;24;24;24m██[38;2;255;222;139m██[38;2;255;238;172m██[38;2;255;238;172m██[38;2;255;238;172m██[38;2;255;238;172m██[38;2;255;238;172m██[38;2;255;222;139m██[38;2;238;189;82m██[38;2;238;189;82m██[38;2;238;189;82m██[38;2;24;24;24m██                                                                    
  [38;2;24;24;24m██[38;2;230;189;222m██[38;2;230;189;222m██[38;2;230;189;222m██[38;2;230;189;222m██[38;2;24;24;24m██    [38;2;24;24;24m██[38;2;230;189;222m██[38;2;230;189;222m██[38;2;230;189;222m██[38;2;230;189;222m██[38;2;230;189;222m██[38;2;230;189;222m██[38;2;197;148;180m██[38;2;24;24;24m██[38;2;164;115;148m██[38;2;164;115;148m██[38;2;164;115;148m██[38;2;164;115;148m██[38;2;164;115;148m██[38;2;164;115;148m██[38;2;24;24;24m██  [38;2;24;24;24m██[38;2;24;24;24m██[38;2;49;49;98m██[38;2;49;49;98m██[38;2;255;222;139m██[38;2;255;238;172m██[38;2;255;238;172m██[38;2;255;238;172m██[38;2;255;238;172m██[38;2;255;238;172m██[38;2;255;238;172m██[38;2;255;222;139m██[38;2;238;189;82m██[38;2;238;189;82m██[38;2;238;189;82m██[38;2;24;24;24m██                                                                    
[38;2;24;24;24m██[38;2;230;189;222m██[38;2;230;189;222m██[38;2;230;189;222m██[38;2;230;189;222m██[38;2;230;189;222m██[38;2;230;189;222m██[38;2;24;24;24m██[38;2;24;24;24m██[38;2;24;24;24m██[38;2;230;189;222m██[38;2;230;189;222m██[38;2;230;189;222m██[38;2;230;189;222m██[38;2;230;189;222m██[38;2;230;189;222m██[38;2;197;148;180m██[38;2;197;148;180m██[38;2;164;115;148m██[38;2;164;115;148m██[38;2;164;115;148m██[38;2;164;115;148m██[38;2;164;115;148m██[38;2;164;115;148m██[38;2;24;24;24m██[38;2;24;24;24m██[38;2;49;49;98m██[38;2;49;49;98m██[38;2;49;49;98m██[38;2;238;189;82m██[38;2;255;238;172m██[38;2;255;238;172m██[38;2;255;238;172m██[38;2;255;238;172m██[38;2;255;238;172m██[38;2;255;238;172m██[38;2;255;238;172m██[38;2;238;189;82m██[38;2;238;189;82m██[38;2;238;189;82m██[38;2;238;189;82m██[38;2;156;115;65m██[38;2;24;24;24m██[38;2;24;24;24m██                                                                
[38;2;24;24;24m██[38;2;230;189;222m██[38;2;230;189;222m██[38;2;230;189;222m██[38;2;230;189;222m██[38;2;230;189;222m██[38;2;230;189;222m██[38;2;230;189;222m██[38;2;164;115;148m██[38;2;24;24;24m██[38;2;230;189;222m██[38;2;230;189;222m██[38;2;230;189;222m██[38;2;230;189;222m██[38;2;230;189;222m██[38;2;230;189;222m██[38;2;230;189;222m██[38;2;197;148;180m██[38;2;164;115;148m██[38;2;164;115;148m██[38;2;164;115;148m██[38;2;164;115;148m██[38;2;164;115;148m██[38;2;164;115;148m██[38;2;24;24;24m██[38;2;98;98;148m██[38;2;49;49;98m██[38;2;49;49;98m██[38;2;49;49;98m██[38;2;255;238;172m██[38;2;255;238;172m██[38;2;255;238;172m██[38;2;255;238;172m██[38;2;255;238;172m██[38;2;255;238;172m██[38;2;255;238;172m██[38;2;255;222;139m██[38;2;238;189;82m██[38;2;238;189;82m██[38;2;238;189;82m██[38;2;156;115;65m██[38;2;49;49;98m██[38;2;49;49;98m██[38;2;49;49;98m██[38;2;24;24;24m██                                                              
[38;2;24;24;24m██[38;2;230;189;222m██[38;2;230;189;222m██[38;2;230;189;222m██[38;2;230;189;222m██[38;2;230;189;222m██[38;2;230;189;222m██[38;2;230;189;222m██[38;2;230;189;222m██[38;2;164;115;148m██[38;2;230;189;222m██[38;2;230;189;222m██[38;2;230;189;222m██[38;2;230;189;222m██[38;2;230;189;222m██[38;2;230;189;222m██[38;2;230;189;222m██[38;2;197;148;180m██[38;2;164;115;148m██[38;2;164;115;148m██[38;2;164;115;148m██[38;2;164;115;148m██[38;2;164;115;148m██[38;2;24;24;24m██[38;2;98;98;148m██[38;2;49;49;98m██[38;2;49;49;98m██[38;2;49;49;98m██[38;2;238;189;82m██[38;2;255;238;172m██[38;2;255;238;172m██[38;2;255;238;172m██[38;2;255;238;172m██[38;2;255;238;172m██[38;2;255;238;172m██[38;2;255;238;172m██[38;2;255;222;139m██[38;2;238;189;82m██[38;2;238;189;82m██[38;2;49;49;98m██[38;2;49;49;98m██[38;2;49;49;98m██[38;2;49;49;98m██[38;2;49;49;98m██[38;2;49;49;98m██[38;2;24;24;24m██                                                            
  [38;2;24;24;24m██[38;2;24;24;24m██[38;2;230;189;222m██[38;2;230;189;222m██[38;2;230;189;222m██[38;2;230;189;222m██[38;2;230;189;222m██[38;2;230;189;222m██[38;2;230;189;222m██[38;2;230;189;222m██[38;2;230;189;222m██[38;2;230;189;222m██[38;2;230;189;222m██[38;2;230;189;222m██[38;2;230;189;222m██[38;2;230;189;222m██[38;2;164;115;148m██[38;2;164;115;148m██[38;2;164;115;148m██[38;2;164;115;148m██[38;2;164;115;148m██[38;2;24;24;24m██[38;2;98;98;148m██[38;2;98;98;148m██[38;2;49;49;98m██[38;2;49;49;98m██[38;2;49;49;98m██[38;2;238;189;82m██[38;2;255;238;172m██[38;2;255;238;172m██[38;2;255;238;172m██[38;2;255;238;172m██[38;2;255;238;172m██[38;2;255;238;172m██[38;2;255;222;139m██[38;2;238;189;82m██[38;2;156;115;65m██[38;2;49;49;98m██[38;2;49;49;98m██[38;2;49;49;98m██[38;2;49;49;98m██[38;2;49;49;98m██[38;2;49;49;98m██[38;2;49;49;98m██[38;2;49;49;98m██[38;2;24;24;24m██                                                          
      [38;2;24;24;24m██[38;2;230;189;222m██[38;2;230;189;222m██[38;2;230;189;222m██[38;2;230;189;222m██[38;2;230;189;222m██[38;2;230;189;222m██[38;2;230;189;222m██[38;2;230;189;222m██[38;2;230;189;222m██[38;2;230;189;222m██[38;2;230;189;222m██[38;2;230;189;222m██[38;2;197;148;180m██[38;2;164;115;148m██[38;2;164;115;148m██[38;2;164;115;148m██[38;2;164;115;148m██[38;2;24;24;24m██[38;2;98;98;148m██[38;2;98;98;148m██[38;2;49;49;98m██[38;2;49;49;98m██[38;2;49;49;98m██[38;2;49;49;98m██[38;2;255;238;172m██[38;2;255;238;172m██[38;2;255;238;172m██[38;2;255;238;172m██[38;2;255;238;172m██[38;2;255;238;172m██[38;2;255;222;139m██[38;2;156;115;65m██[38;2;49;49;98m██[38;2;49;49;98m██[38;2;49;49;98m██[38;2;49;49;98m██[38;2;49;49;98m██[38;2;49;49;98m██[38;2;49;49;98m██[38;2;156;115;65m██[38;2;156;115;65m██[38;2;24;24;24m██[38;2;24;24;24m██                                                          
        [38;2;24;24;24m██[38;2;230;189;222m██[38;2;230;189;222m██[38;2;230;189;222m██[38;2;230;189;222m██[38;2;230;189;222m██[38;2;230;189;222m██[38;2;230;189;222m██[38;2;230;189;222m██[38;2;230;189;222m██[38;2;230;189;222m██[38;2;230;189;222m██[38;2;164;115;148m██[38;2;164;115;148m██[38;2;164;115;148m██[38;2;164;115;148m██[38;2;164;115;148m██[38;2;24;24;24m██[38;2;98;98;148m██[38;2;98;98;148m██[38;2;49;49;98m██[38;2;49;49;98m██[38;2;49;49;98m██[38;2;238;189;82m██[38;2;255;238;172m██[38;2;255;238;172m██[38;2;255;238;172m██[38;2;255;238;172m██[38;2;255;238;172m██[38;2;255;222;139m██[38;2;49;49;98m██[38;2;49;49;98m██[38;2;49;49;98m██[38;2;49;49;98m██[38;2;49;49;98m██[38;2;49;49;98m██[38;2;49;49;98m██[38;2;49;49;98m██[38;2;156;115;65m██[38;2;255;222;139m██[38;2;255;222;139m██[38;2;255;222;139m██[38;2;255;222;139m██[38;2;24;24;24m██                                                        
          [38;2;24;24;24m██[38;2;230;189;222m██[38;2;230;189;222m██[38;2;230;189;222m██[38;2;230;189;222m██[38;2;230;189;222m██[38;2;230;189;222m██[38;2;230;189;222m██[38;2;230;189;222m██[38;2;230;189;222m██[38;2;164;115;148m██[38;2;164;115;148m██[38;2;164;115;148m██[38;2;164;115;148m██[38;2;164;115;148m██[38;2;164;115;148m██[38;2;24;24;24m██[38;2;98;98;148m██[38;2;98;98;148m██[38;2;49;49;98m██[38;2;49;49;98m██[38;2;49;49;98m██[38;2;238;189;82m██[38;2;255;238;172m██[38;2;255;238;172m██[38;2;255;238;172m██[38;2;255;238;172m██[38;2;255;238;172m██[38;2;98;98;148m██[38;2;98;98;148m██[38;2;98;98;148m██[38;2;49;49;98m██[38;2;49;49;98m██[38;2;49;49;98m██[38;2;49;49;98m██[38;2;49;49;98m██[38;2;156;115;65m██[38;2;255;222;139m██[38;2;255;222;139m██[38;2;255;222;139m██[38;2;255;222;139m██[38;2;255;222;139m██[38;2;255;222;139m██[38;2;24;24;24m██                                                      
          [38;2;24;24;24m██[38;2;230;189;222m██[38;2;230;189;222m██[38;2;230;189;222m██[38;2;230;189;222m██[38;2;230;189;222m██[38;2;230;189;222m██[38;2;230;189;222m██[38;2;230;189;222m██[38;2;230;189;222m██[38;2;164;115;148m██[38;2;164;115;148m██[38;2;164;115;148m██[38;2;164;115;148m██[38;2;164;115;148m██[38;2;164;115;148m██[38;2;164;115;148m██[38;2;24;24;24m██[38;2;98;98;148m██[38;2;98;98;148m██[38;2;49;49;98m██[38;2;49;49;98m██[38;2;255;238;172m██[38;2;255;238;172m██[38;2;255;238;172m██[38;2;255;238;172m██[38;2;255;238;172m██[38;2;98;98;148m██[38;2;98;98;148m██[38;2;98;98;148m██[38;2;98;98;148m██[38;2;98;98;148m██[38;2;49;49;98m██[38;2;49;49;98m██[38;2;49;49;98m██[38;2;49;49;98m██[38;2;238;189;82m██[38;2;255;222;139m██[38;2;156;115;65m██[38;2;156;115;65m██[38;2;156;115;65m██[38;2;255;222;139m██[38;2;255;222;139m██[38;2;24;24;24m██                                                      
            [38;2;24;24;24m██[38;2;230;189;222m██[38;2;230;189;222m██[38;2;230;189;222m██[38;2;230;189;222m██[38;2;230;189;222m██[38;2;230;189;222m██[38;2;197;148;180m██[38;2;164;115;148m██[38;2;164;115;148m██[38;2;139;90;123m██[38;2;139;90;123m██[38;2;139;90;123m██[38;2;139;90;123m██[38;2;164;115;148m██[38;2;164;115;148m██[38;2;24;24;24m██[38;2;98;98;148m██[38;2;98;98;148m██[38;2;49;49;98m██[38;2;49;49;98m██[38;2;255;238;172m██[38;2;255;238;172m██[38;2;255;238;172m██[38;2;255;238;172m██[38;2;238;189;82m██[38;2;98;98;148m██[38;2;98;98;148m██[38;2;98;98;148m██[38;2;98;98;148m██[38;2;98;98;148m██[38;2;49;49;98m██[38;2;49;49;98m██[38;2;24;24;24m██[38;2;24;24;24m██[38;2;255;222;139m██[38;2;156;115;65m██[38;2;24;24;24m██[38;2;24;24;24m██[38;2;24;24;24m██[38;2;255;222;139m██[38;2;255;222;139m██[38;2;24;24;24m██                                                      
            [38;2;24;24;24m██[38;2;164;115;148m██[38;2;197;148;180m██[38;2;230;189;222m██[38;2;230;189;222m██[38;2;230;189;222m██[38;2;164;115;148m██[38;2;164;115;148m██[38;2;164;115;148m██[38;2;238;189;82m██[38;2;255;238;172m██[38;2;255;238;172m██[38;2;238;189;82m██[38;2;238;189;82m██[38;2;139;90;123m██[38;2;139;90;123m██[38;2;24;24;24m██[38;2;98;98;148m██[38;2;98;98;148m██[38;2;49;49;98m██[38;2;49;49;98m██[38;2;255;238;172m██[38;2;255;238;172m██[38;2;255;238;172m██[38;2;255;238;172m██[38;2;98;98;148m██[38;2;98;98;148m██[38;2;98;98;148m██[38;2;98;98;148m██[38;2;98;98;148m██[38;2;49;49;98m██[38;2;24;24;24m██[38;2;24;24;24m██[38;2;238;189;82m██[38;2;156;115;65m██[38;2;255;222;139m██[38;2;156;115;65m██[38;2;24;24;24m██[38;2;24;24;24m██[38;2;24;24;24m██[38;2;255;222;139m██[38;2;255;222;139m██[38;2;24;24;24m██                [38;2;139;90;123m██[38;2;139;90;123m██[38;2;139;90;123m██                                
              [38;2;24;24;24m██[38;2;164;115;148m██[38;2;164;115;148m██[38;2;164;115;148m██[38;2;164;115;148m██[38;2;164;115;148m██[38;2;164;115;148m██[38;2;238;189;82m██[38;2;255;238;172m██[38;2;255;238;172m██[38;2;255;238;172m██[38;2;255;238;172m██[38;2;255;238;172m██[38;2;255;238;172m██[38;2;238;189;82m██[38;2;238;189;82m██[38;2;24;24;24m██[38;2;49;49;98m██[38;2;98;98;148m██[38;2;49;49;98m██[38;2;238;189;82m██[38;2;255;238;172m██[38;2;255;238;172m██[38;2;255;238;172m██[38;2;98;98;148m██[38;2;98;98;148m██[38;2;98;98;148m██[38;2;98;98;148m██[38;2;49;49;98m██[38;2;24;24;24m██[38;2;255;222;139m██[38;2;156;115;65m██[38;2;238;189;82m██[38;2;156;115;65m██[38;2;255;222;139m██[38;2;156;115;65m██[38;2;24;24;24m██[38;2;24;24;24m██[38;2;156;115;65m██[38;2;255;222;139m██[38;2;24;24;24m██                [38;2;139;90;123m██[38;2;230;189;222m██[38;2;230;189;222m██[38;2;230;189;222m██[38;2;139;90;123m██[38;2;139;90;123m██[38;2;139;90;123m██                          
              [38;2;24;24;24m██[38;2;164;115;148m██[38;2;164;115;148m██[38;2;164;115;148m██[38;2;164;115;148m██[38;2;164;115;148m██[38;2;164;115;148m██[38;2;255;238;172m██[38;2;255;238;172m██[38;2;255;238;172m██[38;2;255;238;172m██[38;2;255;238;172m██[38;2;255;238;172m██[38;2;255;238;172m██[38;2;255;238;172m██[38;2;24;24;24m██[38;2;24;24;24m██[38;2;49;49;98m██[38;2;98;98;148m██[38;2;49;49;98m██[38;2;238;189;82m██[38;2;255;238;172m██[38;2;255;238;172m██[38;2;98;98;148m██[38;2;98;98;148m██[38;2;98;98;148m██[38;2;98;98;148m██[38;2;49;49;98m██[38;2;24;24;24m██[38;2;255;222;139m██[38;2;255;222;139m██[38;2;156;115;65m██[38;2;238;189;82m██[38;2;238;189;82m██[38;2;238;189;82m██[38;2;24;24;24m██[38;2;156;115;65m██[38;2;156;115;65m██[38;2;238;189;82m██[38;2;24;24;24m██[38;2;24;24;24m██              [38;2;139;90;123m██[38;2;230;189;222m██[38;2;230;189;222m██[38;2;230;189;222m██[38;2;230;189;222m██[38;2;230;189;222m██[38;2;230;189;222m██[38;2;230;189;222m██[38;2;139;90;123m██[38;2;139;90;123m██                      
                [38;2;24;24;24m██[38;2;164;115;148m██[38;2;164;115;148m██[38;2;164;115;148m██[38;2;164;115;148m██[38;2;139;90;123m██[38;2;255;238;172m██[38;2;255;238;172m██[38;2;255;238;172m██[38;2;255;238;172m██[38;2;255;238;172m██[38;2;255;238;172m██[38;2;255;238;172m██[38;2;24;24;24m██[38;2;255;238;172m██[38;2;24;24;24m██[38;2;255;255;255m██[38;2;49;49;98m██[38;2;98;98;148m██[38;2;156;115;65m██[38;2;255;238;172m██[38;2;255;238;172m██[38;2;98;98;148m██[38;2;98;98;148m██[38;2;98;98;148m██[38;2;49;49;98m██[38;2;24;24;24m██[38;2;24;24;24m██[38;2;255;255;255m██[38;2;255;255;255m██[38;2;238;189;82m██[38;2;255;222;139m██[38;2;255;222;139m██[38;2;238;189;82m██[38;2;238;189;82m██[38;2;238;189;82m██[38;2;238;189;82m██[38;2;24;24;24m██[38;2;238;189;82m██[38;2;238;189;82m██[38;2;24;24;24m██            [38;2;139;90;123m██[38;2;230;189;222m██[38;2;230;189;222m██[38;2;197;148;180m██[38;2;197;148;180m██[38;2;230;189;222m██[38;2;230;189;222m██[38;2;230;189;222m██[38;2;230;189;222m██[38;2;230;189;222m██[38;2;139;90;123m██                    
                  [38;2;24;24;24m██[38;2;24;24;24m██[38;2;164;115;148m██[38;2;164;115;148m██[38;2;139;90;123m██[38;2;238;189;82m██[38;2;255;238;172m██[38;2;255;238;172m██[38;2;255;238;172m██[38;2;255;238;172m██[38;2;255;238;172m██[38;2;24;24;24m██[38;2;255;238;172m██[38;2;255;238;172m██[38;2;255;238;172m██[38;2;24;24;24m██[38;2;49;49;98m██[38;2;98;98;148m██[38;2;98;98;148m██[38;2;255;238;172m██[38;2;98;98;148m██[38;2;98;98;148m██[38;2;98;98;148m██[38;2;49;49;98m██[38;2;24;24;24m██[38;2;255;222;139m██[38;2;24;24;24m██[38;2;255;255;255m██[38;2;156;115;65m██[38;2;255;222;139m██[38;2;255;222;139m██[38;2;255;222;139m██[38;2;156;115;65m██[38;2;24;24;24m██[38;2;24;24;24m██[38;2;24;24;24m██[38;2;238;189;82m██[38;2;238;189;82m██[38;2;238;189;82m██[38;2;238;189;82m██[38;2;24;24;24m██        [38;2;139;90;123m██[38;2;230;189;222m██[38;2;230;189;222m██[38;2;164;115;148m██[38;2;164;115;148m██[38;2;164;115;148m██[38;2;164;115;148m██[38;2;197;148;180m██[38;2;230;189;222m██[38;2;230;189;222m██[38;2;230;189;222m██[38;2;230;189;222m██[38;2;139;90;123m██                  
                      [38;2;24;24;24m██[38;2;24;24;24m██[38;2;24;24;24m██[38;2;24;24;24m██[38;2;255;238;172m██[38;2;255;238;172m██[38;2;255;238;172m██[38;2;255;238;172m██[38;2;24;24;24m██[38;2;255;238;172m██[38;2;255;238;172m██[38;2;255;238;172m██[38;2;255;238;172m██[38;2;24;24;24m██[38;2;156;115;65m██[38;2;49;49;98m██[38;2;98;98;148m██[38;2;156;115;65m██[38;2;98;98;148m██[38;2;49;49;98m██[38;2;24;24;24m██[38;2;156;115;65m██[38;2;156;115;65m██[38;2;255;255;255m██[38;2;238;189;82m██[38;2;255;222;139m██[38;2;255;222;139m██[38;2;255;222;139m██[38;2;238;189;82m██[38;2;238;189;82m██[38;2;24;24;24m██[38;2;238;189;82m██[38;2;238;189;82m██[38;2;238;189;82m██[38;2;238;189;82m██[38;2;238;189;82m██[38;2;238;189;82m██[38;2;238;189;82m██[38;2;238;189;82m██[38;2;24;24;24m██      [38;2;139;90;123m██[38;2;230;189;222m██[38;2;164;115;148m██[38;2;164;115;148m██[38;2;164;115;148m██[38;2;164;115;148m██[38;2;164;115;148m██[38;2;164;115;148m██[38;2;164;115;148m██[38;2;197;148;180m██[38;2;230;189;222m██[38;2;230;189;222m██[38;2;24;24;24m██                  
                              [38;2;24;24;24m██[38;2;255;238;172m██[38;2;255;238;172m██[38;2;255;238;172m██[38;2;24;24;24m██[38;2;255;238;172m██[38;2;255;238;172m██[38;2;255;238;172m██[38;2;255;238;172m██[38;2;255;238;172m██[38;2;24;24;24m██[38;2;24;24;24m██[38;2;98;98;148m██[38;2;98;98;148m██[38;2;98;98;148m██[38;2;24;24;24m██[38;2;238;189;82m██[38;2;238;189;82m██[38;2;255;222;139m██[38;2;255;222;139m██[38;2;255;222;139m██[38;2;255;222;139m██[38;2;255;222;139m██[38;2;238;189;82m██[38;2;24;24;24m██[38;2;24;24;24m██[38;2;238;189;82m██[38;2;238;189;82m██[38;2;238;189;82m██[38;2;238;189;82m██[38;2;238;189;82m██[38;2;156;115;65m██[38;2;156;115;65m██[38;2;156;115;65m██[38;2;156;115;65m██[38;2;24;24;24m██    [38;2;24;24;24m██[38;2;230;189;222m██[38;2;230;189;222m██[38;2;164;115;148m██[38;2;164;115;148m██[38;2;164;115;148m██[38;2;164;115;148m██[38;2;164;115;148m██[38;2;164;115;148m██[38;2;164;115;148m██[38;2;164;115;148m██[38;2;164;115;148m██[38;2;197;148;180m██[38;2;24;24;24m██                  
                                [38;2;24;24;24m██[38;2;255;238;172m██[38;2;24;24;24m██[38;2;255;238;172m██[38;2;255;238;172m██[38;2;255;238;172m██[38;2;255;238;172m██[38;2;255;238;172m██[38;2;255;238;172m██[38;2;255;238;172m██[38;2;24;24;24m██[38;2;49;49;98m██[38;2;98;98;148m██[38;2;49;49;98m██[38;2;156;115;65m██[38;2;238;189;82m██[38;2;238;189;82m██[38;2;238;189;82m██[38;2;255;222;139m██[38;2;255;222;139m██[38;2;24;24;24m██[38;2;24;24;24m██[38;2;24;24;24m██[38;2;238;189;82m██[38;2;238;189;82m██[38;2;238;189;82m██[38;2;238;189;82m██[38;2;238;189;82m██[38;2;156;115;65m██[38;2;156;115;65m██[38;2;238;189;82m██[38;2;238;189;82m██[38;2;238;189;82m██[38;2;238;189;82m██[38;2;156;115;65m██[38;2;24;24;24m██  [38;2;24;24;24m██[38;2;230;189;222m██[38;2;197;148;180m██[38;2;164;115;148m██[38;2;164;115;148m██[38;2;164;115;148m██[38;2;164;115;148m██[38;2;164;115;148m██[38;2;164;115;148m██[38;2;164;115;148m██[38;2;164;115;148m██[38;2;164;115;148m██[38;2;24;24;24m██[38;2;24;24;24m██                  
                                  [38;2;24;24;24m██[38;2;24;24;24m██[38;2;255;238;172m██[38;2;255;238;172m██[38;2;255;238;172m██[38;2;255;238;172m██[38;2;255;238;172m██[38;2;255;238;172m██[38;2;255;238;172m██[38;2;255;238;172m██[38;2;156;115;65m██[38;2;49;49;98m██[38;2;156;115;65m██[38;2;156;115;65m██[38;2;156;115;65m██[38;2;156;115;65m██[38;2;24;24;24m██[38;2;24;24;24m██[38;2;24;24;24m██[38;2;238;189;82m██[38;2;238;189;82m██[38;2;238;189;82m██[38;2;238;189;82m██[38;2;139;90;123m██[38;2;24;24;24m██[38;2;24;24;24m██[38;2;24;24;24m██[38;2;24;24;24m██[38;2;238;189;82m██[38;2;238;189;82m██[38;2;238;189;82m██[38;2;238;189;82m██[38;2;238;189;82m██[38;2;238;189;82m██[38;2;238;189;82m██[38;2;24;24;24m██[38;2;230;189;222m██[38;2;230;189;222m██[38;2;164;115;148m██[38;2;164;115;148m██[38;2;164;115;148m██[38;2;164;115;148m██[38;2;164;115;148m██[38;2;164;115;148m██[38;2;164;115;148m██[38;2;164;115;148m██[38;2;164;115;148m██[38;2;164;115;148m██[38;2;24;24;24m██                    
                        [38;2;139;90;123m██[38;2;139;90;123m██[38;2;139;90;123m██[38;2;139;90;123m██[38;2;139;90;123m██[38;2;24;24;24m██[38;2;255;238;172m██[38;2;255;238;172m██[38;2;255;238;172m██[38;2;255;238;172m██[38;2;255;238;172m██[38;2;255;238;172m██[38;2;255;238;172m██[38;2;255;238;172m██[38;2;255;238;172m██[38;2;255;222;139m██[38;2;238;189;82m██[38;2;238;189;82m██[38;2;238;189;82m██[38;2;238;189;82m██[38;2;238;189;82m██[38;2;238;189;82m██[38;2;238;189;82m██[38;2;238;189;82m██[38;2;238;189;82m██[38;2;238;189;82m██[38;2;139;90;123m██[38;2;139;90;123m██[38;2;230;189;222m██[38;2;230;189;222m██[38;2;230;189;222m██[38;2;230;189;222m██[38;2;230;189;222m██[38;2;24;24;24m██[38;2;238;189;82m██[38;2;238;189;82m██[38;2;238;189;82m██[38;2;238;189;82m██[38;2;238;189;82m██[38;2;24;24;24m██[38;2;230;189;222m██[38;2;230;189;222m██[38;2;197;148;180m██[38;2;164;115;148m██[38;2;164;115;148m██[38;2;164;115;148m██[38;2;164;115;148m██[38;2;164;115;148m██[38;2;164;115;148m██[38;2;164;115;148m██[38;2;164;115;148m██[38;2;164;115;148m██[38;2;24;24;24m██                      
                [38;2;139;90;123m██[38;2;139;90;123m██[38;2;139;90;123m██[38;2;139;90;123m██[38;2;255;98;74m██[38;2;255;98;74m██[38;2;255;98;74m██[38;2;255;98;74m██[38;2;255;98;74m██[38;2;24;24;24m██[38;2;255;238;172m██[38;2;255;238;172m██[38;2;255;238;172m██[38;2;255;238;172m██[38;2;255;238;172m██[38;2;255;238;172m██[38;2;255;238;172m██[38;2;255;238;172m██[38;2;255;238;172m██[38;2;255;238;172m██[38;2;255;238;172m██[38;2;238;189;82m██[38;2;238;189;82m██[38;2;238;189;82m██[38;2;238;189;82m██[38;2;238;189;82m██[38;2;238;189;82m██[38;2;238;189;82m██[38;2;238;189;82m██[38;2;139;90;123m██[38;2;230;189;222m██[38;2;230;189;222m██[38;2;230;189;222m██[38;2;230;189;222m██[38;2;230;189;222m██[38;2;230;189;222m██[38;2;230;189;222m██[38;2;230;189;222m██[38;2;24;24;24m██[38;2;238;189;82m██[38;2;238;189;82m██[38;2;238;189;82m██[38;2;238;189;82m██[38;2;24;24;24m██[38;2;230;189;222m██[38;2;230;189;222m██[38;2;164;115;148m██[38;2;164;115;148m██[38;2;164;115;148m██[38;2;164;115;148m██[38;2;164;115;148m██[38;2;164;115;148m██[38;2;164;115;148m██[38;2;164;115;148m██[38;2;164;115;148m██[38;2;164;115;148m██[38;2;24;24;24m██      [38;2;139;90;123m██[38;2;139;90;123m██[38;2;139;90;123m██          
            [38;2;139;90;123m██[38;2;139;90;123m██[38;2;255;98;74m██[38;2;255;98;74m██[38;2;255;98;74m██[38;2;255;98;74m██[38;2;255;98;74m██[38;2;255;98;74m██[38;2;255;98;74m██[38;2;139;41;0m██[38;2;139;41;0m██[38;2;24;24;24m██[38;2;255;238;172m██[38;2;255;238;172m██[38;2;255;238;172m██[38;2;255;238;172m██[38;2;255;238;172m██[38;2;255;238;172m██[38;2;255;238;172m██[38;2;255;238;172m██[38;2;255;238;172m██[38;2;255;238;172m██[38;2;255;238;172m██[38;2;255;238;172m██[38;2;238;189;82m██[38;2;238;189;82m██[38;2;238;189;82m██[38;2;238;189;82m██[38;2;238;189;82m██[38;2;238;189;82m██[38;2;139;90;123m██[38;2;230;189;222m██[38;2;230;189;222m██[38;2;197;148;180m██[38;2;164;115;148m██[38;2;164;115;148m██[38;2;164;115;148m██[38;2;164;115;148m██[38;2;164;115;148m██[38;2;230;189;222m██[38;2;24;24;24m██[38;2;238;189;82m██[38;2;238;189;82m██[38;2;238;189;82m██[38;2;24;24;24m██[38;2;230;189;222m██[38;2;197;148;180m██[38;2;197;148;180m██[38;2;164;115;148m██[38;2;164;115;148m██[38;2;164;115;148m██[38;2;164;115;148m██[38;2;164;115;148m██[38;2;164;115;148m██[38;2;164;115;148m██[38;2;164;115;148m██[38;2;164;115;148m██[38;2;24;24;24m██      [38;2;139;90;123m██[38;2;230;189;222m██[38;2;230;189;222m██[38;2;230;189;222m██[38;2;139;90;123m██        
          [38;2;139;90;123m██[38;2;255;98;74m██[38;2;255;98;74m██[38;2;255;98;74m██[38;2;255;98;74m██[38;2;255;98;74m██[38;2;255;98;74m██[38;2;139;41;0m██[38;2;139;41;0m██[38;2;139;41;0m██[38;2;255;98;74m██[38;2;255;98;74m██[38;2;24;24;24m██[38;2;255;238;172m██[38;2;255;238;172m██[38;2;255;238;172m██[38;2;255;238;172m██[38;2;255;238;172m██[38;2;255;238;172m██[38;2;255;238;172m██[38;2;255;238;172m██[38;2;255;238;172m██[38;2;255;238;172m██[38;2;255;238;172m██[38;2;255;238;172m██[38;2;255;238;172m██[38;2;238;189;82m██[38;2;238;189;82m██[38;2;238;189;82m██[38;2;238;189;82m██[38;2;238;189;82m██[38;2;139;90;123m██[38;2;197;148;180m██[38;2;164;115;148m██[38;2;164;115;148m██[38;2;164;115;148m██[38;2;164;115;148m██[38;2;164;115;148m██[38;2;164;115;148m██[38;2;164;115;148m██[38;2;230;189;222m██[38;2;230;189;222m██[38;2;24;24;24m██[38;2;24;24;24m██[38;2;24;24;24m██[38;2;139;90;123m██[38;2;197;148;180m██[38;2;164;115;148m██[38;2;164;115;148m██[38;2;164;115;148m██[38;2;164;115;148m██[38;2;164;115;148m██[38;2;164;115;148m██[38;2;164;115;148m██[38;2;164;115;148m██[38;2;164;115;148m██[38;2;164;115;148m██[38;2;24;24;24m██      [38;2;139;90;123m██[38;2;230;189;222m██[38;2;230;189;222m██[38;2;230;189;222m██[38;2;230;189;222m██[38;2;230;189;222m██[38;2;139;90;123m██      
        [38;2;139;90;123m██[38;2;255;98;74m██[38;2;255;98;74m██[38;2;255;98;74m██[38;2;255;98;74m██[38;2;255;98;74m██[38;2;255;98;74m██[38;2;139;41;0m██[38;2;255;98;74m██[38;2;255;98;74m██[38;2;255;98;74m██[38;2;255;98;74m██[38;2;255;98;74m██[38;2;139;90;123m██[38;2;255;238;172m██[38;2;255;238;172m██[38;2;255;238;172m██[38;2;255;238;172m██[38;2;255;238;172m██[38;2;255;238;172m██[38;2;255;238;172m██[38;2;255;238;172m██[38;2;255;238;172m██[38;2;255;238;172m██[38;2;255;238;172m██[38;2;255;238;172m██[38;2;255;238;172m██[38;2;238;189;82m██[38;2;238;189;82m██[38;2;238;189;82m██[38;2;238;189;82m██[38;2;238;189;82m██[38;2;139;90;123m██[38;2;164;115;148m██[38;2;164;115;148m██[38;2;164;115;148m██[38;2;164;115;148m██[38;2;164;115;148m██[38;2;164;115;148m██[38;2;164;115;148m██[38;2;164;115;148m██[38;2;164;115;148m██[38;2;230;189;222m██[38;2;139;90;123m██[38;2;230;189;222m██[38;2;230;189;222m██[38;2;164;115;148m██[38;2;164;115;148m██[38;2;164;115;148m██[38;2;164;115;148m██[38;2;164;115;148m██[38;2;164;115;148m██[38;2;164;115;148m██[38;2;164;115;148m██[38;2;164;115;148m██[38;2;164;115;148m██[38;2;164;115;148m██[38;2;164;115;148m██[38;2;24;24;24m██      [38;2;139;90;123m██[38;2;230;189;222m██[38;2;197;148;180m██[38;2;164;115;148m██[38;2;197;148;180m██[38;2;230;189;222m██[38;2;230;189;222m██[38;2;139;90;123m██    
        [38;2;139;90;123m██[38;2;255;98;74m██[38;2;255;98;74m██[38;2;255;98;74m██[38;2;255;98;74m██[38;2;255;98;74m██[38;2;255;98;74m██[38;2;255;98;74m██[38;2;255;98;74m██[38;2;255;98;74m██[38;2;255;98;74m██[38;2;255;98;74m██[38;2;139;41;0m██[38;2;139;41;0m██[38;2;139;90;123m██[38;2;255;222;139m██[38;2;230;189;222m██[38;2;230;189;222m██[38;2;230;189;222m██[38;2;230;189;222m██[38;2;230;189;222m██[38;2;197;148;180m██[38;2;255;222;139m██[38;2;255;238;172m██[38;2;255;238;172m██[38;2;255;238;172m██[38;2;255;238;172m██[38;2;238;189;82m██[38;2;238;189;82m██[38;2;238;189;82m██[38;2;238;189;82m██[38;2;238;189;82m██[38;2;139;90;123m██[38;2;164;115;148m██[38;2;164;115;148m██[38;2;164;115;148m██[38;2;164;115;148m██[38;2;164;115;148m██[38;2;164;115;148m██[38;2;164;115;148m██[38;2;164;115;148m██[38;2;164;115;148m██[38;2;230;189;222m██[38;2;139;90;123m██[38;2;230;189;222m██[38;2;230;189;222m██[38;2;164;115;148m██[38;2;164;115;148m██[38;2;164;115;148m██[38;2;164;115;148m██[38;2;164;115;148m██[38;2;164;115;148m██[38;2;164;115;148m██[38;2;164;115;148m██[38;2;164;115;148m██[38;2;164;115;148m██[38;2;164;115;148m██[38;2;164;115;148m██[38;2;24;24;24m██    [38;2;139;90;123m██[38;2;230;189;222m██[38;2;230;189;222m██[38;2;164;115;148m██[38;2;164;115;148m██[38;2;164;115;148m██[38;2;230;189;222m██[38;2;230;189;222m██[38;2;230;189;222m██[38;2;139;90;123m██  
      [38;2;139;90;123m██[38;2;139;41;0m██[38;2;255;98;74m██[38;2;255;98;74m██[38;2;255;98;74m██[38;2;255;98;74m██[38;2;255;98;74m██[38;2;255;98;74m██[38;2;255;98;74m██[38;2;255;98;74m██[38;2;139;41;0m██[38;2;139;41;0m██[38;2;139;41;0m██[38;2;255;98;74m██[38;2;255;98;74m██[38;2;139;90;123m██[38;2;230;189;222m██[38;2;230;189;222m██[38;2;230;189;222m██[38;2;230;189;222m██[38;2;230;189;222m██[38;2;230;189;222m██[38;2;230;189;222m██[38;2;230;189;222m██[38;2;197;148;180m██[38;2;255;238;172m██[38;2;255;238;172m██[38;2;255;238;172m██[38;2;255;238;172m██[38;2;238;189;82m██[38;2;238;189;82m██[38;2;238;189;82m██[38;2;238;189;82m██[38;2;24;24;24m██[38;2;164;115;148m██[38;2;164;115;148m██[38;2;164;115;148m██[38;2;164;115;148m██[38;2;164;115;148m██[38;2;164;115;148m██[38;2;164;115;148m██[38;2;164;115;148m██[38;2;164;115;148m██[38;2;230;189;222m██[38;2;139;90;123m██[38;2;197;148;180m██[38;2;164;115;148m██[38;2;164;115;148m██[38;2;164;115;148m██[38;2;164;115;148m██[38;2;164;115;148m██[38;2;164;115;148m██[38;2;164;115;148m██[38;2;164;115;148m██[38;2;164;115;148m██[38;2;164;115;148m██[38;2;164;115;148m██[38;2;164;115;148m██[38;2;24;24;24m██    [38;2;24;24;24m██[38;2;230;189;222m██[38;2;230;189;222m██[38;2;164;115;148m██[38;2;164;115;148m██[38;2;164;115;148m██[38;2;164;115;148m██[38;2;164;115;148m██[38;2;230;189;222m██[38;2;230;189;222m██[38;2;164;115;148m██[38;2;164;115;148m██
      [38;2;139;90;123m██[38;2;255;98;74m██[38;2;255;98;74m██[38;2;255;98;74m██[38;2;255;98;74m██[38;2;255;98;74m██[38;2;255;98;74m██[38;2;255;98;74m██[38;2;139;41;0m██[38;2;139;41;0m██[38;2;255;98;74m██[38;2;255;98;74m██[38;2;255;98;74m██[38;2;255;98;74m██[38;2;255;98;74m██[38;2;24;24;24m██[38;2;230;189;222m██[38;2;230;189;222m██[38;2;230;189;222m██[38;2;230;189;222m██[38;2;230;189;222m██[38;2;230;189;222m██[38;2;230;189;222m██[38;2;230;189;222m██[38;2;230;189;222m██[38;2;197;148;180m██[38;2;255;238;172m██[38;2;255;238;172m██[38;2;255;238;172m██[38;2;238;189;82m██[38;2;238;189;82m██[38;2;238;189;82m██[38;2;238;189;82m██[38;2;238;189;82m██[38;2;24;24;24m██[38;2;164;115;148m██[38;2;164;115;148m██[38;2;164;115;148m██[38;2;164;115;148m██[38;2;164;115;148m██[38;2;164;115;148m██[38;2;164;115;148m██[38;2;164;115;148m██[38;2;164;115;148m██[38;2;164;115;148m██[38;2;164;115;148m██[38;2;164;115;148m██[38;2;164;115;148m██[38;2;164;115;148m██[38;2;164;115;148m██[38;2;164;115;148m██[38;2;164;115;148m██[38;2;164;115;148m██[38;2;164;115;148m██[38;2;164;115;148m██[38;2;164;115;148m██[38;2;164;115;148m██[38;2;24;24;24m██  [38;2;24;24;24m██[38;2;24;24;24m██[38;2;230;189;222m██[38;2;197;148;180m██[38;2;164;115;148m██[38;2;164;115;148m██[38;2;164;115;148m██[38;2;164;115;148m██[38;2;164;115;148m██[38;2;164;115;148m██[38;2;164;115;148m██[38;2;230;189;222m██[38;2;230;189;222m██[38;2;139;90;123m██
      [38;2;24;24;24m██[38;2;255;98;74m██[38;2;255;98;74m██[38;2;255;98;74m██[38;2;255;98;74m██[38;2;255;98;74m██[38;2;255;98;74m██[38;2;255;98;74m██[38;2;255;98;74m██[38;2;255;98;74m██[38;2;255;98;74m██[38;2;255;98;74m██[38;2;255;98;74m██[38;2;255;98;74m██[38;2;255;98;74m██[38;2;255;98;74m██[38;2;24;24;24m██[38;2;230;189;222m██[38;2;230;189;222m██[38;2;230;189;222m██[38;2;230;189;222m██[38;2;230;189;222m██[38;2;230;189;222m██[38;2;230;189;222m██[38;2;230;189;222m██[38;2;230;189;222m██[38;2;197;148;180m██[38;2;255;238;172m██[38;2;255;238;172m██[38;2;255;238;172m██[38;2;238;189;82m██[38;2;238;189;82m██[38;2;238;189;82m██[38;2;238;189;82m██[38;2;24;24;24m██[38;2;164;115;148m██[38;2;164;115;148m██[38;2;164;115;148m██[38;2;164;115;148m██[38;2;164;115;148m██[38;2;164;115;148m██[38;2;164;115;148m██[38;2;164;115;148m██[38;2;164;115;148m██[38;2;164;115;148m██[38;2;164;115;148m██[38;2;164;115;148m██[38;2;164;115;148m██[38;2;164;115;148m██[38;2;164;115;148m██[38;2;164;115;148m██[38;2;164;115;148m██[38;2;164;115;148m██[38;2;164;115;148m██[38;2;164;115;148m██[38;2;164;115;148m██[38;2;24;24;24m██[38;2;24;24;24m██[38;2;24;24;24m██[38;2;197;148;180m██[38;2;197;148;180m██[38;2;164;115;148m██[38;2;164;115;148m██[38;2;164;115;148m██[38;2;164;115;148m██[38;2;164;115;148m██[38;2;164;115;148m██[38;2;164;115;148m██[38;2;164;115;148m██[38;2;164;115;148m██[38;2;164;115;148m██[38;2;230;189;222m██[38;2;24;24;24m██
      [38;2;24;24;24m██[38;2;255;98;74m██[38;2;255;98;74m██[38;2;255;98;74m██[38;2;255;98;74m██[38;2;255;98;74m██[38;2;255;98;74m██[38;2;255;98;74m██[38;2;255;98;74m██[38;2;255;98;74m██[38;2;255;98;74m██[38;2;255;98;74m██[38;2;255;98;74m██[38;2;255;98;74m██[38;2;255;98;74m██[38;2;255;98;74m██[38;2;24;24;24m██[38;2;230;189;222m██[38;2;230;189;222m██[38;2;230;189;222m██[38;2;230;189;222m██[38;2;230;189;222m██[38;2;230;189;222m██[38;2;230;189;222m██[38;2;230;189;222m██[38;2;230;189;222m██[38;2;230;189;222m██[38;2;197;148;180m██[38;2;255;238;172m██[38;2;255;238;172m██[38;2;238;189;82m██[38;2;238;189;82m██[38;2;238;189;82m██[38;2;238;189;82m██[38;2;156;115;65m██[38;2;24;24;24m██[38;2;164;115;148m██[38;2;164;115;148m██[38;2;164;115;148m██[38;2;164;115;148m██[38;2;164;115;148m██[38;2;164;115;148m██[38;2;164;115;148m██[38;2;164;115;148m██[38;2;164;115;148m██[38;2;164;115;148m██[38;2;164;115;148m██[38;2;164;115;148m██[38;2;164;115;148m██[38;2;164;115;148m██[38;2;164;115;148m██[38;2;164;115;148m██[38;2;164;115;148m██[38;2;164;115;148m██[38;2;164;115;148m██[38;2;164;115;148m██[38;2;164;115;148m██[38;2;197;148;180m██[38;2;197;148;180m██[38;2;164;115;148m██[38;2;164;115;148m██[38;2;164;115;148m██[38;2;164;115;148m██[38;2;164;115;148m██[38;2;164;115;148m██[38;2;164;115;148m██[38;2;164;115;148m██[38;2;164;115;148m██[38;2;164;115;148m██[38;2;164;115;148m██[38;2;164;115;148m██[38;2;197;148;180m██[38;2;24;24;24m██
      [38;2;24;24;24m██[38;2;255;98;74m██[38;2;255;98;74m██[38;2;255;98;74m██[38;2;255;98;74m██[38;2;255;98;74m██[38;2;255;98;74m██[38;2;255;98;74m██[38;2;255;98;74m██[38;2;255;98;74m██[38;2;255;98;74m██[38;2;255;98;74m██[38;2;24;24;24m██[38;2;255;98;74m██[38;2;255;98;74m██[38;2;139;41;0m██[38;2;255;98;74m██[38;2;24;24;24m██[38;2;230;189;222m██[38;2;230;189;222m██[38;2;230;189;222m██[38;2;230;189;222m██[38;2;230;189;222m██[38;2;230;189;222m██[38;2;230;189;222m██[38;2;230;189;222m██[38;2;230;189;222m██[38;2;197;148;180m██[38;2;255;238;172m██[38;2;139;90;123m██[38;2;24;24;24m██[38;2;24;24;24m██[38;2;156;115;65m██[38;2;156;115;65m██[38;2;180;65;57m██[38;2;180;65;57m██[38;2;24;24;24m██[38;2;164;115;148m██[38;2;164;115;148m██[38;2;164;115;148m██[38;2;164;115;148m██[38;2;164;115;148m██[38;2;164;115;148m██[38;2;164;115;148m██[38;2;164;115;148m██[38;2;164;115;148m██[38;2;164;115;148m██[38;2;164;115;148m██[38;2;164;115;148m██[38;2;164;115;148m██[38;2;164;115;148m██[38;2;164;115;148m██[38;2;164;115;148m██[38;2;164;115;148m██[38;2;164;115;148m██[38;2;164;115;148m██[38;2;164;115;148m██[38;2;164;115;148m██[38;2;164;115;148m██[38;2;164;115;148m██[38;2;164;115;148m██[38;2;164;115;148m██[38;2;164;115;148m██[38;2;164;115;148m██[38;2;164;115;148m██[38;2;164;115;148m██[38;2;164;115;148m██[38;2;164;115;148m██[38;2;164;115;148m██[38;2;164;115;148m██[38;2;164;115;148m██[38;2;164;115;148m██[38;2;24;24;24m██
      [38;2;24;24;24m██[38;2;255;98;74m██[38;2;255;98;74m██[38;2;255;98;74m██[38;2;255;98;74m██[38;2;255;98;74m██[38;2;255;98;74m██[38;2;255;98;74m██[38;2;24;24;24m██[38;2;24;24;24m██[38;2;24;24;24m██[38;2;24;24;24m██[38;2;255;98;74m██[38;2;255;98;74m██[38;2;255;98;74m██[38;2;139;41;0m██[38;2;255;98;74m██[38;2;24;24;24m██[38;2;230;189;222m██[38;2;230;189;222m██[38;2;230;189;222m██[38;2;230;189;222m██[38;2;230;189;222m██[38;2;197;148;180m██[38;2;139;90;123m██[38;2;24;24;24m██[38;2;24;24;24m██[38;2;24;24;24m██[38;2;24;24;24m██[38;2;139;41;0m██[38;2;180;65;57m██[38;2;180;65;57m██[38;2;180;65;57m██[38;2;180;65;57m██[38;2;139;41;0m██[38;2;180;65;57m██[38;2;180;65;57m██[38;2;24;24;24m██[38;2;164;115;148m██[38;2;164;115;148m██[38;2;164;115;148m██[38;2;164;115;148m██[38;2;164;115;148m██[38;2;164;115;148m██[38;2;164;115;148m██[38;2;164;115;148m██[38;2;164;115;148m██[38;2;164;115;148m██[38;2;164;115;148m██[38;2;164;115;148m██[38;2;164;115;148m██[38;2;164;115;148m██[38;2;164;115;148m██[38;2;164;115;148m██[38;2;164;115;148m██[38;2;164;115;148m██[38;2;164;115;148m██[38;2;164;115;148m██[38;2;164;115;148m██[38;2;164;115;148m██[38;2;164;115;148m██[38;2;164;115;148m██[38;2;164;115;148m██[38;2;164;115;148m██[38;2;164;115;148m██[38;2;164;115;148m██[38;2;164;115;148m██[38;2;164;115;148m██[38;2;164;115;148m██[38;2;164;115;148m██[38;2;164;115;148m██[38;2;24;24;24m██  
      [38;2;24;24;24m██[38;2;255;98;74m██[38;2;255;98;74m██[38;2;255;98;74m██[38;2;255;98;74m██[38;2;24;24;24m██[38;2;24;24;24m██[38;2;24;24;24m██[38;2;49;49;98m██[38;2;98;98;148m██[38;2;98;98;148m██[38;2;24;24;24m██[38;2;255;98;74m██[38;2;255;98;74m██[38;2;139;41;0m██[38;2;255;98;74m██[38;2;255;98;74m██[38;2;255;98;74m██[38;2;24;24;24m██[38;2;197;148;180m██[38;2;197;148;180m██[38;2;139;90;123m██[38;2;24;24;24m██[38;2;24;24;24m██[38;2;180;65;57m██[38;2;180;65;57m██[38;2;139;41;0m██[38;2;180;65;57m██[38;2;180;65;57m██[38;2;180;65;57m██[38;2;180;65;57m██[38;2;180;65;57m██[38;2;180;65;57m██[38;2;180;65;57m██[38;2;139;41;0m██[38;2;180;65;57m██[38;2;180;65;57m██[38;2;180;65;57m██[38;2;24;24;24m██[38;2;164;115;148m██[38;2;164;115;148m██[38;2;164;115;148m██[38;2;164;115;148m██[38;2;164;115;148m██[38;2;164;115;148m██[38;2;164;115;148m██[38;2;164;115;148m██[38;2;164;115;148m██[38;2;164;115;148m██[38;2;164;115;148m██[38;2;164;115;148m██[38;2;164;115;148m██[38;2;164;115;148m██[38;2;164;115;148m██[38;2;164;115;148m██[38;2;164;115;148m██[38;2;164;115;148m██[38;2;164;115;148m██[38;2;164;115;148m██[38;2;164;115;148m██[38;2;164;115;148m██[38;2;164;115;148m██[38;2;164;115;148m██[38;2;164;115;148m██[38;2;164;115;148m██[38;2;164;115;148m██[38;2;164;115;148m██[38;2;164;115;148m██[38;2;164;115;148m██[38;2;164;115;148m██[38;2;24;24;24m██    
      [38;2;24;24;24m██[38;2;255;98;74m██[38;2;255;98;74m██[38;2;24;24;24m██[38;2;24;24;24m██[38;2;49;49;98m██[38;2;49;49;98m██[38;2;98;98;148m██[38;2;98;98;148m██[38;2;98;98;148m██[38;2;24;24;24m██[38;2;255;98;74m██[38;2;255;98;74m██[38;2;255;98;74m██[38;2;139;41;0m██[38;2;255;98;74m██[38;2;255;98;74m██[38;2;255;98;74m██[38;2;255;98;74m██[38;2;24;24;24m██[38;2;24;24;24m██[38;2;139;41;0m██[38;2;180;65;57m██[38;2;180;65;57m██[38;2;180;65;57m██[38;2;139;41;0m██[38;2;180;65;57m██[38;2;180;65;57m██[38;2;180;65;57m██[38;2;180;65;57m██[38;2;180;65;57m██[38;2;180;65;57m██[38;2;180;65;57m██[38;2;180;65;57m██[38;2;180;65;57m██[38;2;139;41;0m██[38;2;180;65;57m██[38;2;180;65;57m██[38;2;24;24;24m██[38;2;164;115;148m██[38;2;164;115;148m██[38;2;164;115;148m██[38;2;164;115;148m██[38;2;164;115;148m██[38;2;164;115;148m██[38;2;164;115;148m██[38;2;164;115;148m██[38;2;164;115;148m██[38;2;164;115;148m██[38;2;164;115;148m██[38;2;164;115;148m██[38;2;164;115;148m██[38;2;164;115;148m██[38;2;164;115;148m██[38;2;164;115;148m██[38;2;164;115;148m██[38;2;164;115;148m██[38;2;164;115;148m██[38;2;164;115;148m██[38;2;164;115;148m██[38;2;164;115;148m██[38;2;164;115;148m██[38;2;164;115;148m██[38;2;164;115;148m██[38;2;164;115;148m██[38;2;164;115;148m██[38;2;164;115;148m██[38;2;164;115;148m██[38;2;24;24;24m██[38;2;24;24;24m██      
        [38;2;24;24;24m██[38;2;24;24;24m██  [38;2;24;24;24m██[38;2;49;49;98m██[38;2;98;98;148m██[38;2;98;98;148m██[38;2;98;98;148m██[38;2;98;98;148m██[38;2;24;24;24m██[38;2;255;98;74m██[38;2;255;98;74m██[38;2;139;41;0m██[38;2;255;98;74m██[38;2;255;98;74m██[38;2;255;98;74m██[38;2;255;98;74m██[38;2;139;41;0m██[38;2;255;98;74m██[38;2;255;98;74m██[38;2;180;65;57m██[38;2;180;65;57m██[38;2;180;65;57m██[38;2;139;41;0m██[38;2;180;65;57m██[38;2;180;65;57m██[38;2;180;65;57m██[38;2;180;65;57m██[38;2;180;65;57m██[38;2;180;65;57m██[38;2;180;65;57m██[38;2;180;65;57m██[38;2;180;65;57m██[38;2;180;65;57m██[38;2;139;41;0m██[38;2;180;65;57m██[38;2;180;65;57m██[38;2;180;65;57m██[38;2;24;24;24m██[38;2;164;115;148m██[38;2;164;115;148m██[38;2;164;115;148m██[38;2;164;115;148m██[38;2;164;115;148m██[38;2;164;115;148m██[38;2;164;115;148m██[38;2;164;115;148m██[38;2;164;115;148m██[38;2;164;115;148m██[38;2;164;115;148m██[38;2;164;115;148m██[38;2;164;115;148m██[38;2;164;115;148m██[38;2;164;115;148m██[38;2;164;115;148m██[38;2;164;115;148m██[38;2;164;115;148m██[38;2;164;115;148m██[38;2;164;115;148m██[38;2;164;115;148m██[38;2;164;115;148m██[38;2;164;115;148m██[38;2;164;115;148m██[38;2;164;115;148m██[38;2;24;24;24m██[38;2;24;24;24m██[38;2;24;24;24m██          
              [38;2;24;24;24m██[38;2;49;49;98m██[38;2;98;98;148m██[38;2;98;98;148m██[38;2;98;98;148m██[38;2;24;24;24m██[38;2;255;98;74m██[38;2;255;98;74m██[38;2;255;98;74m██[38;2;139;41;0m██[38;2;255;98;74m██[38;2;255;98;74m██[38;2;255;98;74m██[38;2;255;98;74m██[38;2;139;41;0m██[38;2;255;98;74m██[38;2;255;98;74m██[38;2;255;98;74m██[38;2;255;98;74m██[38;2;180;65;57m██[38;2;139;41;0m██[38;2;180;65;57m██[38;2;180;65;57m██[38;2;180;65;57m██[38;2;180;65;57m██[38;2;180;65;57m██[38;2;180;65;57m██[38;2;180;65;57m██[38;2;180;65;57m██[38;2;180;65;57m██[38;2;180;65;57m██[38;2;180;65;57m██[38;2;139;41;0m██[38;2;180;65;57m██[38;2;180;65;57m██[38;2;24;24;24m██[38;2;164;115;148m██[38;2;164;115;148m██[38;2;164;115;148m██[38;2;164;115;148m██[38;2;164;115;148m██[38;2;164;115;148m██[38;2;164;115;148m██[38;2;164;115;148m██[38;2;164;115;148m██[38;2;164;115;148m██[38;2;164;115;148m██[38;2;164;115;148m██[38;2;164;115;148m██[38;2;164;115;148m██[38;2;164;115;148m██[38;2;164;115;148m██[38;2;164;115;148m██[38;2;164;115;148m██[38;2;164;115;148m██[38;2;164;115;148m██[38;2;164;115;148m██[38;2;164;115;148m██[38;2;164;115;148m██[38;2;24;24;24m██[38;2;24;24;24m██                
            [38;2;24;24;24m██[38;2;49;49;98m██[38;2;98;98;148m██[38;2;98;98;148m██[38;2;98;98;148m██[38;2;98;98;148m██[38;2;24;24;24m██[38;2;255;98;74m██[38;2;255;98;74m██[38;2;139;41;0m██[38;2;255;98;74m██[38;2;255;98;74m██[38;2;255;98;74m██[38;2;255;98;74m██[38;2;139;41;0m██[38;2;255;98;74m██[38;2;255;98;74m██[38;2;255;98;74m██[38;2;255;98;74m██[38;2;255;98;74m██[38;2;139;41;0m██[38;2;180;65;57m██[38;2;180;65;57m██[38;2;180;65;57m██[38;2;180;65;57m██[38;2;180;65;57m██[38;2;180;65;57m██[38;2;180;65;57m██[38;2;180;65;57m██[38;2;180;65;57m██[38;2;180;65;57m██[38;2;180;65;57m██[38;2;180;65;57m██[38;2;139;41;0m██[38;2;180;65;57m██[38;2;180;65;57m██[38;2;180;65;57m██[38;2;24;24;24m██[38;2;164;115;148m██[38;2;164;115;148m██[38;2;164;115;148m██[38;2;164;115;148m██[38;2;164;115;148m██[38;2;164;115;148m██[38;2;164;115;148m██[38;2;164;115;148m██[38;2;164;115;148m██[38;2;164;115;148m██[38;2;164;115;148m██[38;2;164;115;148m██[38;2;164;115;148m██[38;2;164;115;148m██[38;2;164;115;148m██[38;2;164;115;148m██[38;2;164;115;148m██[38;2;164;115;148m██[38;2;164;115;148m██[38;2;164;115;148m██[38;2;24;24;24m██[38;2;24;24;24m██                    
            [38;2;24;24;24m██[38;2;49;49;98m██[38;2;98;98;148m██[38;2;98;98;148m██[38;2;98;98;148m██[38;2;24;24;24m██[38;2;255;98;74m██[38;2;255;98;74m██[38;2;255;98;74m██[38;2;139;41;0m██[38;2;255;98;74m██[38;2;255;98;74m██[38;2;255;98;74m██[38;2;255;98;74m██[38;2;139;41;0m██[38;2;255;98;74m██[38;2;255;98;74m██[38;2;255;98;74m██[38;2;255;98;74m██[38;2;255;98;74m██[38;2;139;41;0m██[38;2;255;98;74m██[38;2;180;65;57m██[38;2;180;65;57m██[38;2;180;65;57m██[38;2;180;65;57m██[38;2;180;65;57m██[38;2;139;41;0m██[38;2;180;65;57m██[38;2;180;65;57m██[38;2;180;65;57m██[38;2;180;65;57m██[38;2;180;65;57m██[38;2;180;65;57m██[38;2;139;41;0m██[38;2;180;65;57m██[38;2;180;65;57m██[38;2;24;24;24m██[38;2;164;115;148m██[38;2;164;115;148m██[38;2;164;115;148m██[38;2;164;115;148m██[38;2;164;115;148m██[38;2;164;115;148m██[38;2;164;115;148m██[38;2;164;115;148m██[38;2;164;115;148m██[38;2;164;115;148m██[38;2;164;115;148m██[38;2;164;115;148m██[38;2;164;115;148m██[38;2;164;115;148m██[38;2;164;115;148m██[38;2;164;115;148m██[38;2;164;115;148m██[38;2;164;115;148m██[38;2;164;115;148m██[38;2;24;24;24m██                        
            [38;2;24;24;24m██[38;2;49;49;98m██[38;2;98;98;148m██[38;2;98;98;148m██[38;2;98;98;148m██[38;2;24;24;24m██[38;2;255;98;74m██[38;2;255;98;74m██[38;2;255;98;74m██[38;2;255;98;74m██[38;2;255;98;74m██[38;2;255;98;74m██[38;2;255;98;74m██[38;2;139;41;0m██[38;2;255;98;74m██[38;2;255;98;74m██[38;2;255;98;74m██[38;2;255;98;74m██[38;2;255;98;74m██[38;2;139;41;0m██[38;2;255;98;74m██[38;2;255;98;74m██[38;2;255;98;74m██[38;2;180;65;57m██[38;2;180;65;57m██[38;2;180;65;57m██[38;2;180;65;57m██[38;2;24;24;24m██[38;2;180;65;57m██[38;2;180;65;57m██[38;2;180;65;57m██[38;2;180;65;57m██[38;2;180;65;57m██[38;2;180;65;57m██[38;2;139;41;0m██[38;2;180;65;57m██[38;2;180;65;57m██[38;2;180;65;57m██[38;2;24;24;24m██[38;2;164;115;148m██[38;2;164;115;148m██[38;2;164;115;148m██[38;2;164;115;148m██[38;2;164;115;148m██[38;2;164;115;148m██[38;2;164;115;148m██[38;2;164;115;148m██[38;2;164;115;148m██[38;2;164;115;148m██[38;2;164;115;148m██[38;2;164;115;148m██[38;2;164;115;148m██[38;2;164;115;148m██[38;2;164;115;148m██[38;2;164;115;148m██[38;2;164;115;148m██[38;2;24;24;24m██[38;2;180;65;57m██[38;2;24;24;24m██                      
            [38;2;24;24;24m██[38;2;49;49;98m██[38;2;98;98;148m██[38;2;98;98;148m██[38;2;24;24;24m██[38;2;255;98;74m██[38;2;255;98;74m██[38;2;255;98;74m██[38;2;255;98;74m██[38;2;255;98;74m██[38;2;255;98;74m██[38;2;255;98;74m██[38;2;255;98;74m██[38;2;139;41;0m██[38;2;255;98;74m██[38;2;255;98;74m██[38;2;255;98;74m██[38;2;255;98;74m██[38;2;255;98;74m██[38;2;139;41;0m██[38;2;255;98;74m██[38;2;255;98;74m██[38;2;255;98;74m██[38;2;180;65;57m██[38;2;180;65;57m██[38;2;180;65;57m██[38;2;24;24;24m██[38;2;49;49;98m██[38;2;24;24;24m██[38;2;180;65;57m██[38;2;180;65;57m██[38;2;180;65;57m██[38;2;180;65;57m██[38;2;180;65;57m██[38;2;180;65;57m██[38;2;180;65;57m██[38;2;180;65;57m██[38;2;180;65;57m██[38;2;180;65;57m██[38;2;24;24;24m██[38;2;164;115;148m██[38;2;164;115;148m██[38;2;164;115;148m██[38;2;164;115;148m██[38;2;164;115;148m██[38;2;164;115;148m██[38;2;164;115;148m██[38;2;164;115;148m██[38;2;164;115;148m██[38;2;164;115;148m██[38;2;164;115;148m██[38;2;164;115;148m██[38;2;164;115;148m██[38;2;164;115;148m██[38;2;164;115;148m██[38;2;24;24;24m██[38;2;180;65;57m██[38;2;180;65;57m██[38;2;180;65;57m██[38;2;24;24;24m██                    
            [38;2;24;24;24m██[38;2;49;49;98m██[38;2;98;98;148m██[38;2;98;98;148m██[38;2;24;24;24m██[38;2;255;98;74m██[38;2;255;98;74m██[38;2;255;98;74m██[38;2;255;98;74m██[38;2;255;98;74m██[38;2;255;98;74m██[38;2;255;98;74m██[38;2;255;98;74m██[38;2;255;98;74m██[38;2;255;98;74m██[38;2;255;98;74m██[38;2;255;98;74m██[38;2;255;98;74m██[38;2;255;98;74m██[38;2;139;41;0m██[38;2;255;98;74m██[38;2;255;98;74m██[38;2;255;98;74m██[38;2;180;65;57m██[38;2;180;65;57m██[38;2;180;65;57m██[38;2;24;24;24m██[38;2;49;49;98m██[38;2;24;24;24m██[38;2;180;65;57m██[38;2;180;65;57m██[38;2;180;65;57m██[38;2;180;65;57m██[38;2;180;65;57m██[38;2;180;65;57m██[38;2;180;65;57m██[38;2;180;65;57m██[38;2;180;65;57m██[38;2;180;65;57m██[38;2;180;65;57m██[38;2;24;24;24m██[38;2;164;115;148m██[38;2;164;115;148m██[38;2;164;115;148m██[38;2;164;115;148m██[38;2;164;115;148m██[38;2;164;115;148m██[38;2;164;115;148m██[38;2;164;115;148m██[38;2;164;115;148m██[38;2;164;115;148m██[38;2;164;115;148m██[38;2;164;115;148m██[38;2;24;24;24m██[38;2;24;24;24m██[38;2;180;65;57m██[38;2;180;65;57m██[38;2;180;65;57m██[38;2;180;65;57m██[38;2;180;65;57m██[38;2;24;24;24m██                  
              [38;2;24;24;24m██[38;2;49;49;98m██[38;2;98;98;148m██[38;2;24;24;24m██[38;2;255;98;74m██[38;2;255;98;74m██[38;2;255;98;74m██[38;2;255;98;74m██[38;2;255;98;74m██[38;2;255;98;74m██[38;2;255;98;74m██[38;2;255;98;74m██[38;2;255;98;74m██[38;2;255;98;74m██[38;2;255;98;74m██[38;2;255;98;74m██[38;2;255;98;74m██[38;2;139;41;0m██[38;2;255;98;74m██[38;2;255;98;74m██[38;2;255;98;74m██[38;2;255;98;74m██[38;2;255;98;74m██[38;2;180;65;57m██[38;2;180;65;57m██[38;2;24;24;24m██[38;2;49;49;98m██[38;2;24;24;24m██[38;2;180;65;57m██[38;2;180;65;57m██[38;2;180;65;57m██[38;2;180;65;57m██[38;2;180;65;57m██[38;2;180;65;57m██[38;2;180;65;57m██[38;2;180;65;57m██[38;2;180;65;57m██[38;2;180;65;57m██[38;2;180;65;57m██[38;2;180;65;57m██[38;2;24;24;24m██[38;2;24;24;24m██[38;2;164;115;148m██[38;2;164;115;148m██[38;2;164;115;148m██[38;2;164;115;148m██[38;2;164;115;148m██[38;2;164;115;148m██[38;2;164;115;148m██[38;2;24;24;24m██[38;2;24;24;24m██[38;2;24;24;24m██[38;2;180;65;57m██[38;2;180;65;57m██[38;2;180;65;57m██[38;2;180;65;57m██[38;2;180;65;57m██[38;2;180;65;57m██[38;2;180;65;57m██[38;2;24;24;24m██                  
              [38;2;24;24;24m██[38;2;49;49;98m██[38;2;98;98;148m██[38;2;24;24;24m██[38;2;255;98;74m██[38;2;255;98;74m██[38;2;255;98;74m██[38;2;255;98;74m██[38;2;255;98;74m██[38;2;255;98;74m██[38;2;255;98;74m██[38;2;255;98;74m██[38;2;255;98;74m██[38;2;255;98;74m██[38;2;255;98;74m██[38;2;255;98;74m██[38;2;255;98;74m██[38;2;139;41;0m██[38;2;255;98;74m██[38;2;255;98;74m██[38;2;255;98;74m██[38;2;255;98;74m██[38;2;255;98;74m██[38;2;180;65;57m██[38;2;180;65;57m██[38;2;24;24;24m██[38;2;49;49;98m██[38;2;49;49;98m██[38;2;24;24;24m██[38;2;180;65;57m██[38;2;180;65;57m██[38;2;180;65;57m██[38;2;180;65;57m██[38;2;180;65;57m██[38;2;180;65;57m██[38;2;180;65;57m██[38;2;180;65;57m██[38;2;180;65;57m██[38;2;180;65;57m██[38;2;180;65;57m██[38;2;180;65;57m██[38;2;180;65;57m██[38;2;24;24;24m██[38;2;24;24;24m██[38;2;24;24;24m██[38;2;24;24;24m██[38;2;24;24;24m██[38;2;24;24;24m██[38;2;24;24;24m██[38;2;180;65;57m██[38;2;180;65;57m██[38;2;180;65;57m██[38;2;180;65;57m██[38;2;180;65;57m██[38;2;180;65;57m██[38;2;180;65;57m██[38;2;180;65;57m██[38;2;180;65;57m██[38;2;180;65;57m██[38;2;24;24;24m██                  
              [38;2;24;24;24m██[38;2;49;49;98m██[38;2;49;49;98m██[38;2;98;98;148m██[38;2;24;24;24m██[38;2;255;98;74m██[38;2;255;98;74m██[38;2;255;98;74m██[38;2;255;98;74m██[38;2;255;98;74m██[38;2;255;98;74m██[38;2;255;98;74m██[38;2;255;98;74m██[38;2;255;98;74m██[38;2;255;98;74m██[38;2;255;98;74m██[38;2;255;98;74m██[38;2;255;98;74m██[38;2;255;98;74m██[38;2;255;98;74m██[38;2;255;98;74m██[38;2;255;98;74m██[38;2;255;98;74m██[38;2;180;65;57m██[38;2;24;24;24m██[38;2;49;49;98m██[38;2;49;49;98m██[38;2;49;49;98m██[38;2;24;24;24m██[38;2;180;65;57m██[38;2;180;65;57m██[38;2;180;65;57m██[38;2;180;65;57m██[38;2;180;65;57m██[38;2;180;65;57m██[38;2;180;65;57m██[38;2;180;65;57m██[38;2;180;65;57m██[38;2;180;65;57m██[38;2;180;65;57m██[38;2;180;65;57m██[38;2;180;65;57m██[38;2;180;65;57m██[38;2;180;65;57m██[38;2;180;65;57m██[38;2;24;24;24m██[38;2;49;49;98m██[38;2;49;49;98m██[38;2;24;24;24m██[38;2;180;65;57m██[38;2;180;65;57m██[38;2;180;65;57m██[38;2;180;65;57m██[38;2;180;65;57m██[38;2;180;65;57m██[38;2;180;65;57m██[38;2;180;65;57m██[38;2;180;65;57m██[38;2;24;24;24m██                    
                [38;2;24;24;24m██[38;2;49;49;98m██[38;2;49;49;98m██[38;2;49;49;98m██[38;2;24;24;24m██[38;2;139;41;0m██[38;2;255;98;74m██[38;2;255;98;74m██[38;2;255;98;74m██[38;2;255;98;74m██[38;2;255;98;74m██[38;2;255;98;74m██[38;2;255;98;74m██[38;2;255;98;74m██[38;2;255;98;74m██[38;2;255;98;74m██[38;2;255;98;74m██[38;2;255;98;74m██[38;2;255;98;74m██[38;2;255;98;74m██[38;2;255;98;74m██[38;2;255;98;74m██[38;2;180;65;57m██[38;2;24;24;24m██[38;2;49;49;98m██[38;2;49;49;98m██[38;2;49;49;98m██[38;2;24;24;24m██[38;2;180;65;57m██[38;2;180;65;57m██[38;2;180;65;57m██[38;2;180;65;57m██[38;2;180;65;57m██[38;2;180;65;57m██[38;2;180;65;57m██[38;2;180;65;57m██[38;2;180;65;57m██[38;2;180;65;57m██[38;2;180;65;57m██[38;2;180;65;57m██[38;2;180;65;57m██[38;2;180;65;57m██[38;2;180;65;57m██[38;2;180;65;57m██[38;2;24;24;24m██[38;2;49;49;98m██[38;2;49;49;98m██[38;2;49;49;98m██[38;2;24;24;24m██[38;2;180;65;57m██[38;2;180;65;57m██[38;2;180;65;57m██[38;2;180;65;57m██[38;2;180;65;57m██[38;2;180;65;57m██[38;2;180;65;57m██[38;2;24;24;24m██                      
                [38;2;24;24;24m██[38;2;49;49;98m██[38;2;49;49;98m██[38;2;49;49;98m██[38;2;49;49;98m██[38;2;24;24;24m██[38;2;24;24;24m██[38;2;255;98;74m██[38;2;255;98;74m██[38;2;255;98;74m██[38;2;255;98;74m██[38;2;255;98;74m██[38;2;255;98;74m██[38;2;255;98;74m██[38;2;255;98;74m██[38;2;255;98;74m██[38;2;255;98;74m██[38;2;255;98;74m██[38;2;255;98;74m██[38;2;255;98;74m██[38;2;255;98;74m██[38;2;255;98;74m██[38;2;180;65;57m██[38;2;24;24;24m██[38;2;49;49;98m██[38;2;49;49;98m██[38;2;49;49;98m██[38;2;49;49;98m██[38;2;24;24;24m██[38;2;180;65;57m██[38;2;180;65;57m██[38;2;180;65;57m██[38;2;180;65;57m██[38;2;180;65;57m██[38;2;180;65;57m██[38;2;180;65;57m██[38;2;180;65;57m██[38;2;180;65;57m██[38;2;180;65;57m██[38;2;180;65;57m██[38;2;180;65;57m██[38;2;180;65;57m██[38;2;180;65;57m██[38;2;180;65;57m██[38;2;180;65;57m██[38;2;24;24;24m██[38;2;49;49;98m██[38;2;49;49;98m██[38;2;24;24;24m██[38;2;180;65;57m██[38;2;180;65;57m██[38;2;180;65;57m██[38;2;180;65;57m██[38;2;180;65;57m██[38;2;180;65;57m██[38;2;24;24;24m██                        
                  [38;2;24;24;24m██[38;2;49;49;98m██[38;2;49;49;98m██[38;2;49;49;98m██[38;2;49;49;98m██[38;2;49;49;98m██[38;2;24;24;24m██[38;2;24;24;24m██[38;2;255;98;74m██[38;2;255;98;74m██[38;2;255;98;74m██[38;2;255;98;74m██[38;2;255;98;74m██[38;2;255;98;74m██[38;2;255;98;74m██[38;2;255;98;74m██[38;2;255;98;74m██[38;2;255;98;74m██[38;2;255;98;74m██[38;2;255;98;74m██[38;2;255;98;74m██[38;2;24;24;24m██[38;2;49;49;98m██[38;2;49;49;98m██[38;2;49;49;98m██[38;2;49;49;98m██[38;2;49;49;98m██[38;2;24;24;24m██[38;2;180;65;57m██[38;2;180;65;57m██[38;2;180;65;57m██[38;2;180;65;57m██[38;2;180;65;57m██[38;2;180;65;57m██[38;2;180;65;57m██[38;2;180;65;57m██[38;2;180;65;57m██[38;2;180;65;57m██[38;2;180;65;57m██[38;2;180;65;57m██[38;2;180;65;57m██[38;2;180;65;57m██[38;2;180;65;57m██[38;2;180;65;57m██[38;2;24;24;24m██[38;2;49;49;98m██[38;2;49;49;98m██[38;2;49;49;98m██[38;2;24;24;24m██[38;2;180;65;57m██[38;2;180;65;57m██[38;2;180;65;57m██[38;2;180;65;57m██[38;2;24;24;24m██                          
                    [38;2;24;24;24m██[38;2;49;49;98m██[38;2;49;49;98m██[38;2;49;49;98m██[38;2;49;49;98m██[38;2;49;49;98m██[38;2;49;49;98m██[38;2;24;24;24m██[38;2;24;24;24m██[38;2;255;98;74m██[38;2;255;98;74m██[38;2;255;98;74m██[38;2;255;98;74m██[38;2;255;98;74m██[38;2;255;98;74m██[38;2;255;98;74m██[38;2;255;98;74m██[38;2;255;98;74m██[38;2;255;98;74m██[38;2;180;65;57m██[38;2;24;24;24m██[38;2;49;49;98m██[38;2;49;49;98m██[38;2;49;49;98m██[38;2;49;49;98m██[38;2;49;49;98m██[38;2;24;24;24m██[38;2;180;65;57m██[38;2;180;65;57m██[38;2;180;65;57m██[38;2;180;65;57m██[38;2;180;65;57m██[38;2;180;65;57m██[38;2;180;65;57m██[38;2;180;65;57m██[38;2;180;65;57m██[38;2;180;65;57m██[38;2;180;65;57m██[38;2;180;65;57m██[38;2;180;65;57m██[38;2;180;65;57m██[38;2;180;65;57m██[38;2;180;65;57m██[38;2;180;65;57m██[38;2;24;24;24m██[38;2;49;49;98m██[38;2;49;49;98m██[38;2;24;24;24m██[38;2;180;65;57m██[38;2;180;65;57m██[38;2;139;41;0m██[38;2;24;24;24m██                            
                      [38;2;24;24;24m██[38;2;49;49;98m██[38;2;49;49;98m██[38;2;49;49;98m██[38;2;49;49;98m██[38;2;49;49;98m██[38;2;49;49;98m██[38;2;49;49;98m██[38;2;24;24;24m██[38;2;24;24;24m██[38;2;255;98;74m██[38;2;255;98;74m██[38;2;255;98;74m██[38;2;255;98;74m██[38;2;255;98;74m██[38;2;255;98;74m██[38;2;255;98;74m██[38;2;255;98;74m██[38;2;24;24;24m██[38;2;24;24;24m██[38;2;49;49;98m██[38;2;49;49;98m██[38;2;49;49;98m██[38;2;49;49;98m██[38;2;49;49;98m██[38;2;49;49;98m██[38;2;24;24;24m██[38;2;180;65;57m██[38;2;180;65;57m██[38;2;180;65;57m██[38;2;180;65;57m██[38;2;180;65;57m██[38;2;180;65;57m██[38;2;180;65;57m██[38;2;180;65;57m██[38;2;180;65;57m██[38;2;180;65;57m██[38;2;180;65;57m██[38;2;180;65;57m██[38;2;180;65;57m██[38;2;180;65;57m██[38;2;180;65;57m██[38;2;180;65;57m██[38;2;24;24;24m██[38;2;49;49;98m██[38;2;49;49;98m██[38;2;49;49;98m██[38;2;24;24;24m██[38;2;24;24;24m██[38;2;24;24;24m██                              
                        [38;2;24;24;24m██[38;2;49;49;98m██[38;2;49;49;98m██[38;2;49;49;98m██[38;2;49;49;98m██[38;2;49;49;98m██[38;2;49;49;98m██[38;2;49;49;98m██[38;2;49;49;98m██[38;2;24;24;24m██[38;2;24;24;24m██[38;2;24;24;24m██[38;2;255;98;74m██[38;2;255;98;74m██[38;2;255;98;74m██[38;2;255;98;74m██[38;2;255;98;74m██[38;2;24;24;24m██  [38;2;24;24;24m██[38;2;49;49;98m██[38;2;49;49;98m██[38;2;49;49;98m██[38;2;49;49;98m██[38;2;49;49;98m██[38;2;24;24;24m██[38;2;180;65;57m██[38;2;180;65;57m██[38;2;180;65;57m██[38;2;180;65;57m██[38;2;180;65;57m██[38;2;180;65;57m██[38;2;180;65;57m██[38;2;180;65;57m██[38;2;180;65;57m██[38;2;180;65;57m██[38;2;180;65;57m██[38;2;180;65;57m██[38;2;180;65;57m██[38;2;180;65;57m██[38;2;180;65;57m██[38;2;139;41;0m██[38;2;24;24;24m██[38;2;49;49;98m██[38;2;49;49;98m██[38;2;49;49;98m██[38;2;49;49;98m██[38;2;49;49;98m██[38;2;24;24;24m██                              
                      [38;2;24;24;24m██[38;2;139;90;123m██[38;2;24;24;24m██[38;2;24;24;24m██[38;2;49;49;98m██[38;2;49;49;98m██[38;2;49;49;98m██[38;2;49;49;98m██[38;2;49;49;98m██[38;2;49;49;98m██[38;2;49;49;98m██[38;2;49;49;98m██[38;2;49;49;98m██[38;2;24;24;24m██[38;2;24;24;24m██[38;2;24;24;24m██[38;2;24;24;24m██[38;2;24;24;24m██    [38;2;24;24;24m██[38;2;49;49;98m██[38;2;49;49;98m██[38;2;49;49;98m██[38;2;49;49;98m██[38;2;49;49;98m██[38;2;24;24;24m██[38;2;180;65;57m██[38;2;180;65;57m██[38;2;180;65;57m██[38;2;180;65;57m██[38;2;180;65;57m██[38;2;180;65;57m██[38;2;180;65;57m██[38;2;180;65;57m██[38;2;180;65;57m██[38;2;180;65;57m██[38;2;180;65;57m██[38;2;139;41;0m██[38;2;24;24;24m██[38;2;24;24;24m██[38;2;24;24;24m██[38;2;49;49;98m██[38;2;49;49;98m██[38;2;49;49;98m██[38;2;49;49;98m██[38;2;49;49;98m██[38;2;49;49;98m██[38;2;49;49;98m██[38;2;24;24;24m██                              
                    [38;2;24;24;24m██[38;2;139;90;123m██[38;2;139;90;123m██[38;2;139;90;123m██[38;2;139;90;123m██[38;2;24;24;24m██[38;2;24;24;24m██[38;2;24;24;24m██[38;2;24;24;24m██[38;2;49;49;98m██[38;2;49;49;98m██[38;2;49;49;98m██[38;2;49;49;98m██[38;2;49;49;98m██[38;2;49;49;98m██[38;2;24;24;24m██[38;2;24;24;24m██          [38;2;24;24;24m██[38;2;49;49;98m██[38;2;49;49;98m██[38;2;49;49;98m██[38;2;49;49;98m██[38;2;49;49;98m██[38;2;24;24;24m██[38;2;180;65;57m██[38;2;180;65;57m██[38;2;180;65;57m██[38;2;180;65;57m██[38;2;180;65;57m██[38;2;139;41;0m██[38;2;24;24;24m██[38;2;24;24;24m██[38;2;24;24;24m██[38;2;24;24;24m██[38;2;49;49;98m██[38;2;49;49;98m██[38;2;49;49;98m██[38;2;49;49;98m██[38;2;49;49;98m██[38;2;49;49;98m██[38;2;49;49;98m██[38;2;49;49;98m██[38;2;49;49;98m██[38;2;49;49;98m██[38;2;49;49;98m██[38;2;24;24;24m██                              
                    [38;2;24;24;24m██[38;2;139;90;123m██[38;2;139;90;123m██[38;2;24;24;24m██[38;2;164;115;148m██[38;2;164;115;148m██[38;2;164;115;148m██[38;2;164;115;148m██[38;2;139;90;123m██[38;2;24;24;24m██[38;2;24;24;24m██[38;2;24;24;24m██[38;2;24;24;24m██[38;2;24;24;24m██[38;2;24;24;24m██              [38;2;24;24;24m██[38;2;49;49;98m██[38;2;49;49;98m██[38;2;49;49;98m██[38;2;49;49;98m██[38;2;49;49;98m██[38;2;49;49;98m██[38;2;24;24;24m██[38;2;24;24;24m██[38;2;24;24;24m██[38;2;24;24;24m██[38;2;24;24;24m██[38;2;49;49;98m██[38;2;49;49;98m██[38;2;49;49;98m██[38;2;49;49;98m██[38;2;49;49;98m██[38;2;49;49;98m██[38;2;49;49;98m██[38;2;49;49;98m██[38;2;49;49;98m██[38;2;49;49;98m██[38;2;49;49;98m██[38;2;49;49;98m██[38;2;49;49;98m██[38;2;49;49;98m██[38;2;49;49;98m██[38;2;24;24;24m██                                
                      [38;2;24;24;24m██[38;2;24;24;24m██[38;2;24;24;24m██[38;2;164;115;148m██[38;2;164;115;148m██[38;2;164;115;148m██[38;2;164;115;148m██[38;2;139;90;123m██[38;2;139;90;123m██[38;2;24;24;24m██[38;2;24;24;24m██                      [38;2;24;24;24m██[38;2;49;49;98m██[38;2;49;49;98m██[38;2;49;49;98m██[38;2;49;49;98m██[38;2;49;49;98m██[38;2;49;49;98m██[38;2;49;49;98m██[38;2;49;49;98m██[38;2;49;49;98m██[38;2;49;49;98m██[38;2;49;49;98m██[38;2;49;49;98m██[38;2;49;49;98m██[38;2;49;49;98m██[38;2;49;49;98m██[38;2;49;49;98m██[38;2;49;49;98m██[38;2;49;49;98m██[38;2;49;49;98m██[38;2;49;49;98m██[38;2;49;49;98m██[38;2;49;49;98m██[38;2;49;49;98m██[38;2;49;49;98m██[38;2;49;49;98m██[38;2;24;24;24m██                                
                          [38;2;24;24;24m██[38;2;164;115;148m██[38;2;164;115;148m██[38;2;164;115;148m██[38;2;139;90;123m██[38;2;139;90;123m██[38;2;24;24;24m██                            [38;2;24;24;24m██[38;2;49;49;98m██[38;2;49;49;98m██[38;2;49;49;98m██[38;2;49;49;98m██[38;2;49;49;98m██[38;2;49;49;98m██[38;2;49;49;98m██[38;2;49;49;98m██[38;2;49;49;98m██[38;2;49;49;98m██[38;2;49;49;98m██[38;2;49;49;98m██[38;2;49;49;98m██[38;2;49;49;98m██[38;2;49;49;98m██[38;2;49;49;98m██[38;2;49;49;98m██[38;2;49;49;98m██[38;2;49;49;98m██[38;2;49;49;98m██[38;2;49;49;98m██[38;2;49;49;98m██[38;2;49;49;98m██[38;2;24;24;24m██                                  
                            [38;2;24;24;24m██[38;2;24;24;24m██[38;2;24;24;24m██[38;2;24;24;24m██[38;2;24;24;24m██                                [38;2;24;24;24m██[38;2;49;49;98m██[38;2;49;49;98m██[38;2;49;49;98m██[38;2;49;49;98m██[38;2;49;49;98m██[38;2;49;49;98m██[38;2;49;49;98m██[38;2;49;49;98m██[38;2;49;49;98m██[38;2;49;49;98m██[38;2;49;49;98m██[38;2;49;49;98m██[38;2;49;49;98m██[38;2;49;49;98m██[38;2;49;49;98m██[38;2;49;49;98m██[38;2;49;49;98m██[38;2;49;49;98m██[38;2;49;49;98m██[38;2;49;49;98m██[38;2;49;49;98m██[38;2;24;24;24m██                                    
                                                                        [38;2;24;24;24m██[38;2;24;24;24m██[38;2;49;49;98m██[38;2;49;49;98m██[38;2;49;49;98m██[38;2;49;49;98m██[38;2;49;49;98m██[38;2;49;49;98m██[38;2;49;49;98m██[38;2;49;49;98m██[38;2;49;49;98m██[38;2;49;49;98m██[38;2;49;49;98m██[38;2;49;49;98m██[38;2;49;49;98m██[38;2;49;49;98m██[38;2;49;49;98m██[38;2;49;49;98m██[38;2;24;24;24m██[38;2;24;24;24m██[38;2;24;24;24m██                                      
                                                                            [38;2;24;24;24m██[38;2;24;24;24m██[38;2;24;24;24m██[38;2;49;49;98m██[38;2;49;49;98m██[38;2;49;49;98m██[38;2;49;49;98m██[38;2;49;49;98m██[38;2;49;49;98m██[38;2;49;49;98m██[38;2;49;49;98m██[38;2;49;49;98m██[38;2;24;24;24m██[38;2;24;24;24m██[38;2;24;24;24m██[38;2;24;24;24m██[38;2;139;90;123m██[38;2;164;115;148m██[38;2;164;115;148m██[38;2;24;24;24m██                                    
                                                                                  [38;2;24;24;24m██[38;2;24;24;24m██[38;2;24;24;24m██[38;2;24;24;24m██[38;2;24;24;24m██[38;2;24;24;24m██[38;2;24;24;24m██[38;2;24;24;24m██[38;2;24;24;24m██[38;2;139;90;123m██[38;2;164;115;148m██[38;2;164;115;148m██[38;2;164;115;148m██[38;2;164;115;148m██[38;2;164;115;148m██[38;2;164;115;148m██[38;2;139;90;123m██[38;2;24;24;24m██                                  
                                                                                        [38;2;24;24;24m██[38;2;164;115;148m██[38;2;164;115;148m██[38;2;164;115;148m██[38;2;164;115;148m██[38;2;164;115;148m██[38;2;164;115;148m██[38;2;164;115;148m██[38;2;164;115;148m██[38;2;164;115;148m██[38;2;164;115;148m██[38;2;164;115;148m██[38;2;197;148;180m██[38;2;197;148;180m██[38;2;24;24;24m██                                  
                                                                                        [38;2;24;24;24m██[38;2;164;115;148m██[38;2;164;115;148m██[38;2;164;115;148m██[38;2;164;115;148m██[38;2;139;90;123m██[38;2;164;115;148m██[38;2;164;115;148m██[38;2;164;115;148m██[38;2;164;115;148m██[38;2;197;148;180m██[38;2;197;148;180m██[38;2;197;148;180m██[38;2;197;148;180m██[38;2;139;90;123m██[38;2;24;24;24m██                                
                                                                                        [38;2;24;24;24m██[38;2;139;90;123m██[38;2;164;115;148m██[38;2;164;115;148m██[38;2;197;148;180m██[38;2;197;148;180m██[38;2;139;90;123m██[38;2;164;115;148m██[38;2;197;148;180m██[38;2;197;148;180m██[38;2;197;148;180m██[38;2;197;148;180m██[38;2;197;148;180m██[38;2;164;115;148m██[38;2;164;115;148m██[38;2;24;24;24m██                                
                                                                                          [38;2;24;24;24m██[38;2;164;115;148m██[38;2;197;148;180m██[38;2;197;148;180m██[38;2;197;148;180m██[38;2;197;148;180m██[38;2;24;24;24m██[38;2;164;115;148m██[38;2;164;115;148m██[38;2;164;115;148m██[38;2;164;115;148m██[38;2;164;115;148m██[38;2;164;115;148m██[38;2;164;115;148m██[38;2;24;24;24m██                                
                                                                                          [38;2;24;24;24m██[38;2;164;115;148m██[38;2;164;115;148m██[38;2;164;115;148m██[38;2;164;115;148m██[38;2;164;115;148m██[38;2;24;24;24m██[38;2;164;115;148m██[38;2;164;115;148m██[38;2;164;115;148m██[38;2;164;115;148m██[38;2;164;115;148m██[38;2;24;24;24m██[38;2;24;24;24m██                                  
                                                                                            [38;2;24;24;24m██[38;2;139;90;123m██[38;2;164;115;148m██[38;2;164;115;148m██[38;2;24;24;24m██[38;2;24;24;24m██[38;2;24;24;24m██[38;2;24;24;24m██[38;2;24;24;24m██[38;2;24;24;24m██[38;2;24;24;24m██                                      
                                                                                              [38;2;24;24;24m██[38;2;24;24;24m██[38;2;24;24;24m██                                                    
