                                            [38;2;131;106;41m██[38;2;131;106;41m██[38;2;74;57;8m██[38;2;74;57;8m██[38;2;74;57;8m██                    
                                      [38;2;131;106;41m██[38;2;131;106;41m██[38;2;131;106;41m██[38;2;246;213;90m██[38;2;246;213;90m██[38;2;246;213;90m██[38;2;246;213;90m██[38;2;246;213;90m██[38;2;131;106;41m██[38;2;74;57;8m██                
                                [38;2;131;106;41m██[38;2;131;106;41m██[38;2;197;156;82m██[38;2;246;213;90m██[38;2;246;213;90m██[38;2;246;213;90m██[38;2;246;213;90m██[38;2;246;213;90m██[38;2;246;213;90m██[38;2;246;213;90m██[38;2;197;156;82m██[38;2;255;238;156m██[38;2;255;238;156m██[38;2;131;106;41m██[38;2;74;57;8m██            
                          [38;2;131;106;41m██[38;2;131;106;41m██[38;2;197;156;82m██[38;2;246;213;90m██[38;2;246;213;90m██[38;2;246;213;90m██[38;2;246;213;90m██[38;2;246;213;90m██[38;2;246;213;90m██[38;2;246;213;90m██[38;2;246;213;90m██[38;2;246;213;90m██[38;2;246;213;90m██[38;2;131;106;41m██[38;2;255;238;156m██[38;2;255;238;156m██[38;2;255;238;156m██[38;2;255;238;156m██[38;2;74;57;8m██          
                      [38;2;131;106;41m██[38;2;131;106;41m██[38;2;246;213;90m██[38;2;246;213;90m██[38;2;246;213;90m██[38;2;246;213;90m██[38;2;246;213;90m██[38;2;246;213;90m██[38;2;246;213;90m██[38;2;246;213;90m██[38;2;246;213;90m██[38;2;246;213;90m██[38;2;246;213;90m██[38;2;246;213;90m██[38;2;131;106;41m██[38;2;131;106;41m██[38;2;131;106;41m██[38;2;131;106;41m██[38;2;197;156;82m██[38;2;131;106;41m██[38;2;131;106;41m██[38;2;24;24;24m██        
                    [38;2;131;106;41m██[38;2;246;213;90m██[38;2;246;213;90m██[38;2;246;213;90m██[38;2;246;213;90m██[38;2;246;213;90m██[38;2;246;213;90m██[38;2;246;213;90m██[38;2;246;213;90m██[38;2;246;213;90m██[38;2;246;213;90m██[38;2;246;213;90m██[38;2;246;213;90m██[38;2;246;213;90m██[38;2;131;106;41m██[38;2;197;156;82m██[38;2;197;156;82m██[38;2;197;156;82m██[38;2;197;156;82m██[38;2;197;156;82m██[38;2;197;156;82m██[38;2;197;156;82m██[38;2;197;156;82m██[38;2;24;24;24m██      
                  [38;2;74;57;8m██[38;2;197;156;82m██[38;2;246;213;90m██[38;2;246;213;90m██[38;2;246;213;90m██[38;2;246;213;90m██[38;2;246;213;90m██[38;2;246;213;90m██[38;2;246;213;90m██[38;2;246;213;90m██[38;2;246;213;90m██[38;2;246;213;90m██[38;2;246;213;90m██[38;2;246;213;90m██[38;2;131;106;41m██[38;2;197;156;82m██[38;2;197;156;82m██[38;2;197;156;82m██[38;2;197;156;82m██[38;2;197;156;82m██[38;2;197;156;82m██[38;2;197;156;82m██[38;2;197;156;82m██[38;2;197;156;82m██[38;2;197;156;82m██[38;2;24;24;24m██    
                [38;2;131;106;41m██[38;2;74;57;8m██[38;2;24;24;24m██[38;2;197;156;82m██[38;2;246;213;90m██[38;2;246;213;90m██[38;2;246;213;90m██[38;2;246;213;90m██[38;2;246;213;90m██[38;2;246;213;90m██[38;2;246;213;90m██[38;2;246;213;90m██[38;2;246;213;90m██[38;2;246;213;90m██[38;2;131;106;41m██[38;2;197;156;82m██[38;2;197;156;82m██[38;2;197;156;82m██[38;2;197;156;82m██[38;2;197;156;82m██[38;2;197;156;82m██[38;2;197;156;82m██[38;2;197;156;82m██[38;2;197;156;82m██[38;2;197;156;82m██[38;2;197;156;82m██[38;2;24;24;24m██    
              [38;2;131;106;41m██[38;2;197;156;82m██[38;2;74;57;8m██[38;2;24;24;24m██[38;2;24;24;24m██[38;2;74;57;8m██[38;2;246;213;90m██[38;2;246;213;90m██[38;2;246;213;90m██[38;2;246;213;90m██[38;2;246;213;90m██[38;2;246;213;90m██[38;2;246;213;90m██[38;2;246;213;90m██[38;2;131;106;41m██[38;2;197;156;82m██[38;2;197;156;82m██[38;2;197;156;82m██[38;2;197;156;82m██[38;2;197;156;82m██[38;2;197;156;82m██[38;2;197;156;82m██[38;2;197;156;82m██[38;2;197;156;82m██[38;2;197;156;82m██[38;2;197;156;82m██[38;2;197;156;82m██[38;2;24;24;24m██    
            [38;2;131;106;41m██[38;2;197;156;82m██[38;2;156;32;41m██[38;2;156;32;41m██[38;2;156;32;41m██[38;2;156;32;41m██[38;2;156;32;41m██[38;2;74;57;8m██[38;2;74;57;8m██[38;2;74;57;8m██[38;2;74;57;8m██[38;2;74;57;8m██[38;2;74;57;8m██[38;2;74;57;8m██[38;2;131;106;41m██[38;2;197;156;82m██[38;2;197;156;82m██[38;2;197;156;82m██[38;2;197;156;82m██[38;2;197;156;82m██[38;2;197;156;82m██[38;2;197;156;82m██[38;2;197;156;82m██[38;2;197;156;82m██[38;2;197;156;82m██[38;2;197;156;82m██[38;2;197;156;82m██[38;2;197;156;82m██[38;2;24;24;24m██    
      [38;2;156;32;41m██[38;2;156;32;41m██[38;2;156;32;41m██[38;2;156;32;41m██[38;2;222;82;82m██[38;2;255;172;156m██[38;2;255;172;156m██[38;2;255;106;106m██[38;2;255;106;106m██[38;2;222;82;82m██[38;2;24;24;24m██[38;2;24;24;24m██[38;2;24;24;24m██[38;2;24;24;24m██[38;2;24;24;24m██[38;2;24;24;24m██[38;2;24;24;24m██[38;2;74;57;8m██[38;2;197;156;82m██[38;2;197;156;82m██[38;2;197;156;82m██[38;2;197;156;82m██[38;2;197;156;82m██[38;2;197;156;82m██[38;2;197;156;82m██[38;2;197;156;82m██[38;2;197;156;82m██[38;2;197;156;82m██[38;2;197;156;82m██[38;2;197;156;82m██[38;2;197;156;82m██[38;2;24;24;24m██    
    [38;2;156;32;41m██[38;2;255;172;156m██[38;2;255;172;156m██[38;2;255;172;156m██[38;2;255;172;156m██[38;2;255;172;156m██[38;2;255;172;156m██[38;2;255;172;156m██[38;2;255;172;156m██[38;2;255;172;156m██[38;2;255;106;106m██[38;2;222;82;82m██[38;2;24;24;24m██[38;2;24;24;24m██[38;2;24;24;24m██[38;2;24;24;24m██[38;2;24;24;24m██[38;2;24;24;24m██[38;2;24;24;24m██[38;2;74;57;8m██[38;2;197;156;82m██[38;2;197;156;82m██[38;2;197;156;82m██[38;2;197;156;82m██[38;2;197;156;82m██[38;2;197;156;82m██[38;2;197;156;82m██[38;2;197;156;82m██[38;2;197;156;82m██[38;2;197;156;82m██[38;2;197;156;82m██[38;2;197;156;82m██[38;2;24;24;24m██    
  [38;2;24;24;24m██[38;2;255;172;156m██[38;2;255;172;156m██[38;2;255;172;156m██[38;2;255;172;156m██[38;2;255;172;156m██[38;2;255;172;156m██[38;2;255;106;106m██[38;2;255;106;106m██[38;2;255;106;106m██[38;2;255;106;106m██[38;2;255;106;106m██[38;2;222;82;82m██[38;2;24;24;24m██[38;2;24;24;24m██[38;2;24;24;24m██[38;2;197;156;82m██[38;2;24;24;24m██[38;2;24;24;24m██[38;2;24;24;24m██[38;2;24;24;24m██[38;2;74;57;8m██[38;2;197;156;82m██[38;2;197;156;82m██[38;2;197;156;82m██[38;2;197;156;82m██[38;2;197;156;82m██[38;2;197;156;82m██[38;2;197;156;82m██[38;2;197;156;82m██[38;2;197;156;82m██[38;2;197;156;82m██[38;2;197;156;82m██[38;2;197;156;82m██[38;2;24;24;24m██  
  [38;2;24;24;24m██[38;2;156;32;41m██[38;2;222;82;82m██[38;2;255;106;106m██[38;2;255;106;106m██[38;2;255;106;106m██[38;2;255;106;106m██[38;2;255;106;106m██[38;2;255;106;106m██[38;2;255;106;106m██[38;2;255;106;106m██[38;2;255;106;106m██[38;2;255;106;106m██[38;2;222;82;82m██[38;2;24;24;24m██[38;2;24;24;24m██[38;2;246;213;90m██[38;2;74;57;8m██[38;2;24;24;24m██[38;2;24;24;24m██[38;2;24;24;24m██[38;2;24;24;24m██[38;2;74;57;8m██[38;2;197;156;82m██[38;2;197;156;82m██[38;2;197;156;82m██[38;2;197;156;82m██[38;2;197;156;82m██[38;2;74;57;8m██[38;2;74;57;8m██[38;2;74;57;8m██[38;2;197;156;82m██[38;2;197;156;82m██[38;2;197;156;82m██[38;2;24;24;24m██  
  [38;2;24;24;24m██[38;2;156;32;41m██[38;2;156;32;41m██[38;2;156;32;41m██[38;2;255;106;106m██[38;2;255;106;106m██[38;2;255;106;106m██[38;2;255;106;106m██[38;2;255;106;106m██[38;2;222;82;82m██[38;2;156;32;41m██[38;2;156;32;41m██[38;2;156;32;41m██[38;2;156;32;41m██[38;2;24;24;24m██[38;2;24;24;24m██[38;2;24;24;24m██[38;2;246;213;90m██[38;2;74;57;8m██[38;2;24;24;24m██[38;2;24;24;24m██[38;2;24;24;24m██[38;2;24;24;24m██[38;2;74;57;8m██[38;2;197;156;82m██[38;2;197;156;82m██[38;2;197;156;82m██[38;2;74;57;8m██[38;2;131;106;41m██[38;2;74;57;8m██[38;2;197;156;82m██[38;2;74;57;8m██[38;2;197;156;82m██[38;2;197;156;82m██[38;2;24;24;24m██  
  [38;2;24;24;24m██[38;2;156;32;41m██[38;2;156;32;41m██[38;2;156;32;41m██[38;2;156;32;41m██[38;2;222;82;82m██[38;2;255;106;106m██[38;2;255;106;106m██[38;2;255;106;106m██[38;2;255;106;106m██[38;2;255;106;106m██[38;2;156;32;41m██[38;2;156;32;41m██[38;2;156;32;41m██[38;2;24;24;24m██[38;2;24;24;24m██[38;2;24;24;24m██[38;2;24;24;24m██[38;2;246;213;90m██[38;2;246;213;90m██[38;2;197;156;82m██[38;2;24;24;24m██[38;2;24;24;24m██[38;2;24;24;24m██[38;2;131;106;41m██[38;2;197;156;82m██[38;2;197;156;82m██[38;2;24;24;24m██[38;2;131;106;41m██[38;2;74;57;8m██[38;2;197;156;82m██[38;2;197;156;82m██[38;2;74;57;8m██[38;2;197;156;82m██[38;2;24;24;24m██  
    [38;2;24;24;24m██[38;2;156;32;41m██[38;2;156;32;41m██[38;2;156;32;41m██[38;2;156;32;41m██[38;2;156;32;41m██[38;2;255;106;106m██[38;2;255;106;106m██[38;2;255;106;106m██[38;2;255;106;106m██[38;2;255;106;106m██[38;2;222;82;82m██[38;2;156;32;41m██[38;2;24;24;24m██[38;2;24;24;24m██[38;2;24;24;24m██[38;2;24;24;24m██[38;2;24;24;24m██[38;2;24;24;24m██[38;2;24;24;24m██[38;2;24;24;24m██[38;2;24;24;24m██[38;2;24;24;24m██[38;2;24;24;24m██[38;2;197;156;82m██[38;2;74;57;8m██[38;2;131;106;41m██[38;2;131;106;41m██[38;2;197;156;82m██[38;2;197;156;82m██[38;2;197;156;82m██[38;2;74;57;8m██[38;2;197;156;82m██[38;2;24;24;24m██  
    [38;2;24;24;24m██[38;2;156;32;41m██[38;2;156;32;41m██[38;2;156;32;41m██[38;2;156;32;41m██[38;2;156;32;41m██[38;2;156;32;41m██[38;2;222;82;82m██[38;2;255;106;106m██[38;2;255;106;106m██[38;2;255;106;106m██[38;2;255;106;106m██[38;2;255;106;106m██[38;2;156;32;41m██[38;2;74;57;8m██[38;2;74;57;8m██[38;2;74;57;8m██[38;2;74;57;8m██[38;2;24;24;24m██[38;2;24;24;24m██[38;2;24;24;24m██[38;2;24;24;24m██[38;2;24;24;24m██[38;2;74;57;8m██[38;2;197;156;82m██[38;2;24;24;24m██[38;2;131;106;41m██[38;2;74;57;8m██[38;2;197;156;82m██[38;2;197;156;82m██[38;2;197;156;82m██[38;2;74;57;8m██[38;2;197;156;82m██[38;2;24;24;24m██  
    [38;2;24;24;24m██[38;2;156;32;41m██[38;2;156;32;41m██[38;2;24;24;24m██[38;2;156;32;41m██[38;2;156;32;41m██[38;2;156;32;41m██[38;2;156;32;41m██[38;2;156;32;41m██[38;2;255;106;106m██[38;2;255;106;106m██[38;2;255;106;106m██[38;2;255;106;106m██[38;2;255;106;106m██[38;2;24;24;24m██[38;2;197;156;82m██[38;2;197;156;82m██[38;2;197;156;82m██[38;2;131;106;41m██[38;2;197;156;82m██[38;2;197;156;82m██[38;2;197;156;82m██[38;2;197;156;82m██[38;2;197;156;82m██[38;2;74;57;8m██[38;2;131;106;41m██[38;2;131;106;41m██[38;2;74;57;8m██[38;2;197;156;82m██[38;2;197;156;82m██[38;2;197;156;82m██[38;2;74;57;8m██[38;2;197;156;82m██[38;2;24;24;24m██  
      [38;2;24;24;24m██[38;2;156;32;41m██[38;2;24;24;24m██[38;2;24;24;24m██[38;2;90;24;32m██[38;2;156;32;41m██[38;2;156;32;41m██[38;2;156;32;41m██[38;2;156;32;41m██[38;2;222;82;82m██[38;2;255;106;106m██[38;2;255;106;106m██[38;2;255;106;106m██[38;2;255;106;106m██[38;2;24;24;24m██[38;2;197;156;82m██[38;2;197;156;82m██[38;2;131;106;41m██[38;2;197;156;82m██[38;2;197;156;82m██[38;2;197;156;82m██[38;2;197;156;82m██[38;2;197;156;82m██[38;2;24;24;24m██[38;2;131;106;41m██[38;2;131;106;41m██[38;2;197;156;82m██[38;2;197;156;82m██[38;2;197;156;82m██[38;2;197;156;82m██[38;2;197;156;82m██[38;2;74;57;8m██[38;2;24;24;24m██  
      [38;2;24;24;24m██[38;2;156;32;41m██[38;2;90;24;32m██[38;2;24;24;24m██[38;2;24;24;24m██[38;2;24;24;24m██[38;2;156;32;41m██[38;2;156;32;41m██[38;2;156;32;41m██[38;2;156;32;41m██[38;2;156;32;41m██[38;2;255;106;106m██[38;2;255;106;106m██[38;2;255;106;106m██[38;2;24;24;24m██[38;2;197;156;82m██[38;2;131;106;41m██[38;2;197;156;82m██[38;2;197;156;82m██[38;2;197;156;82m██[38;2;197;156;82m██[38;2;197;156;82m██[38;2;74;57;8m██[38;2;131;106;41m██[38;2;131;106;41m██[38;2;74;57;8m██[38;2;197;156;82m██[38;2;197;156;82m██[38;2;197;156;82m██[38;2;197;156;82m██[38;2;197;156;82m██[38;2;74;57;8m██[38;2;197;156;82m██[38;2;24;24;24m██
    [38;2;24;24;24m██[38;2;131;106;41m██[38;2;24;24;24m██[38;2;24;24;24m██[38;2;24;24;24m██[38;2;74;57;8m██[38;2;131;106;41m██[38;2;24;24;24m██[38;2;156;32;41m██[38;2;156;32;41m██[38;2;156;32;41m██[38;2;156;32;41m██[38;2;156;32;41m██[38;2;255;106;106m██[38;2;156;32;41m██[38;2;197;156;82m██[38;2;197;156;82m██[38;2;131;106;41m██[38;2;197;156;82m██[38;2;197;156;82m██[38;2;197;156;82m██[38;2;197;156;82m██[38;2;197;156;82m██[38;2;24;24;24m██[38;2;131;106;41m██[38;2;131;106;41m██[38;2;74;57;8m██[38;2;197;156;82m██[38;2;197;156;82m██[38;2;197;156;82m██[38;2;197;156;82m██[38;2;197;156;82m██[38;2;74;57;8m██[38;2;197;156;82m██[38;2;24;24;24m██
    [38;2;24;24;24m██[38;2;197;156;82m██[38;2;131;106;41m██[38;2;131;106;41m██[38;2;131;106;41m██[38;2;131;106;41m██[38;2;131;106;41m██[38;2;131;106;41m██[38;2;24;24;24m██[38;2;24;24;24m██[38;2;156;32;41m██[38;2;156;32;41m██[38;2;156;32;41m██[38;2;156;32;41m██[38;2;24;24;24m██[38;2;197;156;82m██[38;2;197;156;82m██[38;2;131;106;41m██[38;2;197;156;82m██[38;2;197;156;82m██[38;2;197;156;82m██[38;2;197;156;82m██[38;2;74;57;8m██[38;2;131;106;41m██[38;2;131;106;41m██[38;2;74;57;8m██[38;2;197;156;82m██[38;2;197;156;82m██[38;2;197;156;82m██[38;2;197;156;82m██[38;2;197;156;82m██[38;2;197;156;82m██[38;2;74;57;8m██[38;2;197;156;82m██[38;2;24;24;24m██
  [38;2;24;24;24m██[38;2;197;156;82m██[38;2;197;156;82m██[38;2;197;156;82m██[38;2;131;106;41m██[38;2;131;106;41m██[38;2;131;106;41m██[38;2;131;106;41m██[38;2;131;106;41m██[38;2;131;106;41m██[38;2;131;106;41m██[38;2;24;24;24m██[38;2;24;24;24m██[38;2;24;24;24m██[38;2;24;24;24m██[38;2;197;156;82m██[38;2;197;156;82m██[38;2;197;156;82m██[38;2;197;156;82m██[38;2;197;156;82m██[38;2;197;156;82m██[38;2;197;156;82m██[38;2;197;156;82m██[38;2;24;24;24m██[38;2;131;106;41m██[38;2;131;106;41m██[38;2;74;57;8m██[38;2;197;156;82m██[38;2;197;156;82m██[38;2;197;156;82m██[38;2;197;156;82m██[38;2;197;156;82m██[38;2;197;156;82m██[38;2;24;24;24m██[38;2;197;156;82m██[38;2;24;24;24m██
  [38;2;24;24;24m██[38;2;197;156;82m██[38;2;197;156;82m██[38;2;197;156;82m██[38;2;197;156;82m██[38;2;131;106;41m██[38;2;131;106;41m██[38;2;131;106;41m██[38;2;131;106;41m██[38;2;131;106;41m██[38;2;131;106;41m██[38;2;131;106;41m██[38;2;131;106;41m██[38;2;131;106;41m██[38;2;197;156;82m██[38;2;197;156;82m██[38;2;197;156;82m██[38;2;197;156;82m██[38;2;197;156;82m██[38;2;197;156;82m██[38;2;197;156;82m██[38;2;197;156;82m██[38;2;197;156;82m██[38;2;24;24;24m██[38;2;131;106;41m██[38;2;131;106;41m██[38;2;74;57;8m██[38;2;74;57;8m██[38;2;131;106;41m██[38;2;197;156;82m██[38;2;197;156;82m██[38;2;197;156;82m██[38;2;197;156;82m██[38;2;24;24;24m██[38;2;197;156;82m██[38;2;24;24;24m██
[38;2;24;24;24m██[38;2;197;156;82m██[38;2;197;156;82m██[38;2;197;156;82m██[38;2;197;156;82m██[38;2;131;106;41m██[38;2;131;106;41m██[38;2;131;106;41m██[38;2;131;106;41m██[38;2;131;106;41m██[38;2;131;106;41m██[38;2;197;156;82m██[38;2;197;156;82m██[38;2;197;156;82m██[38;2;197;156;82m██[38;2;197;156;82m██[38;2;197;156;82m██[38;2;197;156;82m██[38;2;197;156;82m██[38;2;197;156;82m██[38;2;197;156;82m██[38;2;197;156;82m██[38;2;197;156;82m██[38;2;197;156;82m██[38;2;24;24;24m██[38;2;131;106;41m██[38;2;131;106;41m██[38;2;74;57;8m██[38;2;131;106;41m██[38;2;131;106;41m██[38;2;74;57;8m██[38;2;74;57;8m██[38;2;197;156;82m██[38;2;197;156;82m██[38;2;24;24;24m██[38;2;197;156;82m██[38;2;24;24;24m██
[38;2;24;24;24m██[38;2;197;156;82m██[38;2;197;156;82m██[38;2;197;156;82m██[38;2;197;156;82m██[38;2;197;156;82m██[38;2;197;156;82m██[38;2;197;156;82m██[38;2;197;156;82m██[38;2;197;156;82m██[38;2;197;156;82m██[38;2;197;156;82m██[38;2;197;156;82m██[38;2;197;156;82m██[38;2;197;156;82m██[38;2;197;156;82m██[38;2;197;156;82m██[38;2;197;156;82m██[38;2;197;156;82m██[38;2;197;156;82m██[38;2;197;156;82m██[38;2;197;156;82m██[38;2;197;156;82m██[38;2;197;156;82m██[38;2;24;24;24m██[38;2;131;106;41m██[38;2;131;106;41m██[38;2;74;57;8m██[38;2;131;106;41m██[38;2;131;106;41m██[38;2;131;106;41m██[38;2;131;106;41m██[38;2;131;106;41m██[38;2;24;24;24m██[38;2;197;156;82m██[38;2;197;156;82m██[38;2;24;24;24m██
[38;2;24;24;24m██[38;2;74;57;8m██[38;2;197;156;82m██[38;2;197;156;82m██[38;2;197;156;82m██[38;2;197;156;82m██[38;2;197;156;82m██[38;2;197;156;82m██[38;2;197;156;82m██[38;2;197;156;82m██[38;2;197;156;82m██[38;2;197;156;82m██[38;2;197;156;82m██[38;2;197;156;82m██[38;2;197;156;82m██[38;2;197;156;82m██[38;2;197;156;82m██[38;2;131;106;41m██[38;2;197;156;82m██[38;2;197;156;82m██[38;2;197;156;82m██[38;2;197;156;82m██[38;2;197;156;82m██[38;2;197;156;82m██[38;2;24;24;24m██[38;2;131;106;41m██[38;2;74;57;8m██[38;2;131;106;41m██[38;2;131;106;41m██[38;2;131;106;41m██[38;2;131;106;41m██[38;2;131;106;41m██[38;2;131;106;41m██[38;2;24;24;24m██[38;2;197;156;82m██[38;2;197;156;82m██[38;2;24;24;24m██
[38;2;24;24;24m██[38;2;131;106;41m██[38;2;74;57;8m██[38;2;197;156;82m██[38;2;197;156;82m██[38;2;197;156;82m██[38;2;197;156;82m██[38;2;197;156;82m██[38;2;197;156;82m██[38;2;197;156;82m██[38;2;197;156;82m██[38;2;197;156;82m██[38;2;197;156;82m██[38;2;197;156;82m██[38;2;197;156;82m██[38;2;197;156;82m██[38;2;197;156;82m██[38;2;131;106;41m██[38;2;197;156;82m██[38;2;197;156;82m██[38;2;197;156;82m██[38;2;197;156;82m██[38;2;197;156;82m██[38;2;197;156;82m██[38;2;24;24;24m██[38;2;131;106;41m██[38;2;74;57;8m██[38;2;131;106;41m██[38;2;131;106;41m██[38;2;131;106;41m██[38;2;131;106;41m██[38;2;131;106;41m██[38;2;24;24;24m██[38;2;197;156;82m██[38;2;197;156;82m██[38;2;197;156;82m██[38;2;24;24;24m██
[38;2;24;24;24m██[38;2;131;106;41m██[38;2;131;106;41m██[38;2;74;57;8m██[38;2;197;156;82m██[38;2;197;156;82m██[38;2;197;156;82m██[38;2;197;156;82m██[38;2;197;156;82m██[38;2;197;156;82m██[38;2;197;156;82m██[38;2;197;156;82m██[38;2;197;156;82m██[38;2;197;156;82m██[38;2;197;156;82m██[38;2;197;156;82m██[38;2;197;156;82m██[38;2;131;106;41m██[38;2;197;156;82m██[38;2;197;156;82m██[38;2;197;156;82m██[38;2;197;156;82m██[38;2;197;156;82m██[38;2;197;156;82m██[38;2;24;24;24m██[38;2;131;106;41m██[38;2;74;57;8m██[38;2;131;106;41m██[38;2;131;106;41m██[38;2;131;106;41m██[38;2;131;106;41m██[38;2;24;24;24m██[38;2;197;156;82m██[38;2;197;156;82m██[38;2;197;156;82m██[38;2;197;156;82m██[38;2;24;24;24m██
[38;2;24;24;24m██[38;2;131;106;41m██[38;2;131;106;41m██[38;2;131;106;41m██[38;2;131;106;41m██[38;2;131;106;41m██[38;2;131;106;41m██[38;2;197;156;82m██[38;2;197;156;82m██[38;2;197;156;82m██[38;2;197;156;82m██[38;2;197;156;82m██[38;2;197;156;82m██[38;2;197;156;82m██[38;2;197;156;82m██[38;2;197;156;82m██[38;2;131;106;41m██[38;2;197;156;82m██[38;2;197;156;82m██[38;2;197;156;82m██[38;2;197;156;82m██[38;2;197;156;82m██[38;2;197;156;82m██[38;2;197;156;82m██[38;2;24;24;24m██[38;2;131;106;41m██[38;2;74;57;8m██[38;2;131;106;41m██[38;2;131;106;41m██[38;2;131;106;41m██[38;2;131;106;41m██[38;2;24;24;24m██[38;2;197;156;82m██[38;2;197;156;82m██[38;2;197;156;82m██[38;2;197;156;82m██[38;2;24;24;24m██
  [38;2;24;24;24m██[38;2;131;106;41m██[38;2;131;106;41m██[38;2;197;156;82m██[38;2;197;156;82m██[38;2;197;156;82m██[38;2;131;106;41m██[38;2;131;106;41m██[38;2;131;106;41m██[38;2;197;156;82m██[38;2;197;156;82m██[38;2;197;156;82m██[38;2;197;156;82m██[38;2;197;156;82m██[38;2;197;156;82m██[38;2;131;106;41m██[38;2;197;156;82m██[38;2;197;156;82m██[38;2;197;156;82m██[38;2;197;156;82m██[38;2;197;156;82m██[38;2;197;156;82m██[38;2;197;156;82m██[38;2;24;24;24m██[38;2;74;57;8m██[38;2;131;106;41m██[38;2;131;106;41m██[38;2;131;106;41m██[38;2;131;106;41m██[38;2;24;24;24m██[38;2;131;106;41m██[38;2;197;156;82m██[38;2;197;156;82m██[38;2;197;156;82m██[38;2;131;106;41m██[38;2;24;24;24m██
  [38;2;24;24;24m██[38;2;131;106;41m██[38;2;131;106;41m██[38;2;197;156;82m██[38;2;197;156;82m██[38;2;197;156;82m██[38;2;197;156;82m██[38;2;197;156;82m██[38;2;197;156;82m██[38;2;131;106;41m██[38;2;131;106;41m██[38;2;131;106;41m██[38;2;131;106;41m██[38;2;197;156;82m██[38;2;197;156;82m██[38;2;131;106;41m██[38;2;197;156;82m██[38;2;197;156;82m██[38;2;197;156;82m██[38;2;197;156;82m██[38;2;197;156;82m██[38;2;197;156;82m██[38;2;197;156;82m██[38;2;24;24;24m██[38;2;74;57;8m██[38;2;131;106;41m██[38;2;131;106;41m██[38;2;131;106;41m██[38;2;24;24;24m██[38;2;131;106;41m██[38;2;131;106;41m██[38;2;74;57;8m██[38;2;74;57;8m██[38;2;74;57;8m██[38;2;24;24;24m██  
    [38;2;24;24;24m██[38;2;131;106;41m██[38;2;197;156;82m██[38;2;197;156;82m██[38;2;197;156;82m██[38;2;197;156;82m██[38;2;197;156;82m██[38;2;197;156;82m██[38;2;197;156;82m██[38;2;197;156;82m██[38;2;197;156;82m██[38;2;197;156;82m██[38;2;131;106;41m██[38;2;131;106;41m██[38;2;74;57;8m██[38;2;74;57;8m██[38;2;74;57;8m██[38;2;74;57;8m██[38;2;74;57;8m██[38;2;74;57;8m██[38;2;74;57;8m██[38;2;74;57;8m██[38;2;24;24;24m██[38;2;74;57;8m██[38;2;131;106;41m██[38;2;131;106;41m██[38;2;24;24;24m██[38;2;74;57;8m██[38;2;74;57;8m██[38;2;74;57;8m██[38;2;131;106;41m██[38;2;131;106;41m██[38;2;131;106;41m██[38;2;24;24;24m██  
    [38;2;24;24;24m██[38;2;24;24;24m██[38;2;197;156;82m██[38;2;197;156;82m██[38;2;197;156;82m██[38;2;197;156;82m██[38;2;197;156;82m██[38;2;197;156;82m██[38;2;197;156;82m██[38;2;197;156;82m██[38;2;197;156;82m██[38;2;197;156;82m██[38;2;197;156;82m██[38;2;197;156;82m██[38;2;197;156;82m██[38;2;131;106;41m██[38;2;131;106;41m██[38;2;131;106;41m██[38;2;131;106;41m██[38;2;131;106;41m██[38;2;131;106;41m██[38;2;131;106;41m██[38;2;131;106;41m██[38;2;24;24;24m██[38;2;24;24;24m██[38;2;24;24;24m██[38;2;131;106;41m██[38;2;131;106;41m██[38;2;131;106;41m██[38;2;131;106;41m██[38;2;131;106;41m██[38;2;131;106;41m██[38;2;131;106;41m██[38;2;24;24;24m██  
    [38;2;24;24;24m██[38;2;74;57;8m██[38;2;24;24;24m██[38;2;24;24;24m██[38;2;197;156;82m██[38;2;197;156;82m██[38;2;197;156;82m██[38;2;197;156;82m██[38;2;197;156;82m██[38;2;197;156;82m██[38;2;197;156;82m██[38;2;197;156;82m██[38;2;197;156;82m██[38;2;197;156;82m██[38;2;197;156;82m██[38;2;131;106;41m██[38;2;131;106;41m██[38;2;131;106;41m██[38;2;131;106;41m██[38;2;131;106;41m██[38;2;131;106;41m██[38;2;131;106;41m██[38;2;131;106;41m██[38;2;131;106;41m██[38;2;131;106;41m██[38;2;131;106;41m██[38;2;131;106;41m██[38;2;131;106;41m██[38;2;131;106;41m██[38;2;131;106;41m██[38;2;131;106;41m██[38;2;131;106;41m██[38;2;24;24;24m██    
    [38;2;24;24;24m██[38;2;74;57;8m██[38;2;131;106;41m██[38;2;131;106;41m██[38;2;24;24;24m██[38;2;24;24;24m██[38;2;197;156;82m██[38;2;197;156;82m██[38;2;197;156;82m██[38;2;197;156;82m██[38;2;197;156;82m██[38;2;197;156;82m██[38;2;197;156;82m██[38;2;197;156;82m██[38;2;197;156;82m██[38;2;131;106;41m██[38;2;131;106;41m██[38;2;131;106;41m██[38;2;131;106;41m██[38;2;131;106;41m██[38;2;131;106;41m██[38;2;131;106;41m██[38;2;131;106;41m██[38;2;131;106;41m██[38;2;131;106;41m██[38;2;131;106;41m██[38;2;131;106;41m██[38;2;131;106;41m██[38;2;131;106;41m██[38;2;131;106;41m██[38;2;131;106;41m██[38;2;24;24;24m██      
    [38;2;24;24;24m██[38;2;74;57;8m██[38;2;131;106;41m██[38;2;131;106;41m██[38;2;131;106;41m██[38;2;131;106;41m██[38;2;24;24;24m██[38;2;24;24;24m██[38;2;24;24;24m██[38;2;197;156;82m██[38;2;197;156;82m██[38;2;197;156;82m██[38;2;197;156;82m██[38;2;197;156;82m██[38;2;197;156;82m██[38;2;131;106;41m██[38;2;131;106;41m██[38;2;131;106;41m██[38;2;131;106;41m██[38;2;131;106;41m██[38;2;131;106;41m██[38;2;131;106;41m██[38;2;131;106;41m██[38;2;131;106;41m██[38;2;131;106;41m██[38;2;131;106;41m██[38;2;131;106;41m██[38;2;131;106;41m██[38;2;131;106;41m██[38;2;131;106;41m██[38;2;24;24;24m██        
    [38;2;24;24;24m██[38;2;74;57;8m██[38;2;131;106;41m██[38;2;131;106;41m██[38;2;131;106;41m██[38;2;131;106;41m██[38;2;74;57;8m██[38;2;74;57;8m██[38;2;74;57;8m██[38;2;24;24;24m██[38;2;24;24;24m██[38;2;24;24;24m██[38;2;197;156;82m██[38;2;197;156;82m██[38;2;197;156;82m██[38;2;131;106;41m██[38;2;131;106;41m██[38;2;131;106;41m██[38;2;131;106;41m██[38;2;131;106;41m██[38;2;131;106;41m██[38;2;131;106;41m██[38;2;131;106;41m██[38;2;131;106;41m██[38;2;24;24;24m██[38;2;24;24;24m██[38;2;24;24;24m██[38;2;24;24;24m██[38;2;24;24;24m██[38;2;24;24;24m██          
      [38;2;24;24;24m██[38;2;131;106;41m██[38;2;131;106;41m██[38;2;131;106;41m██[38;2;131;106;41m██[38;2;74;57;8m██[38;2;74;57;8m██[38;2;74;57;8m██[38;2;74;57;8m██[38;2;74;57;8m██[38;2;24;24;24m██[38;2;24;24;24m██[38;2;74;57;8m██[38;2;24;24;24m██[38;2;24;24;24m██[38;2;24;24;24m██[38;2;24;24;24m██[38;2;24;24;24m██[38;2;24;24;24m██[38;2;24;24;24m██[38;2;24;24;24m██[38;2;24;24;24m██[38;2;24;24;24m██[38;2;74;57;8m██[38;2;131;106;41m██[38;2;131;106;41m██[38;2;131;106;41m██[38;2;24;24;24m██            
        [38;2;24;24;24m██[38;2;131;106;41m██[38;2;131;106;41m██[38;2;131;106;41m██[38;2;74;57;8m██[38;2;74;57;8m██[38;2;74;57;8m██[38;2;74;57;8m██[38;2;74;57;8m██[38;2;24;24;24m██[38;2;131;106;41m██[38;2;131;106;41m██[38;2;131;106;41m██[38;2;197;156;82m██[38;2;74;57;8m██[38;2;131;106;41m██[38;2;131;106;41m██[38;2;131;106;41m██[38;2;131;106;41m██[38;2;131;106;41m██[38;2;131;106;41m██[38;2;131;106;41m██[38;2;74;57;8m██[38;2;131;106;41m██[38;2;131;106;41m██[38;2;131;106;41m██[38;2;24;24;24m██            
          [38;2;24;24;24m██[38;2;24;24;24m██[38;2;131;106;41m██[38;2;74;57;8m██[38;2;74;57;8m██[38;2;74;57;8m██[38;2;74;57;8m██[38;2;74;57;8m██[38;2;24;24;24m██[38;2;131;106;41m██[38;2;131;106;41m██[38;2;197;156;82m██[38;2;197;156;82m██[38;2;74;57;8m██[38;2;131;106;41m██[38;2;131;106;41m██[38;2;131;106;41m██[38;2;131;106;41m██[38;2;131;106;41m██[38;2;131;106;41m██[38;2;131;106;41m██[38;2;74;57;8m██[38;2;131;106;41m██[38;2;131;106;41m██[38;2;131;106;41m██[38;2;24;24;24m██            
              [38;2;24;24;24m██[38;2;24;24;24m██[38;2;24;24;24m██[38;2;24;24;24m██[38;2;24;24;24m██[38;2;24;24;24m██[38;2;24;24;24m██[38;2;74;57;8m██[38;2;197;156;82m██[38;2;197;156;82m██[38;2;197;156;82m██[38;2;131;106;41m██[38;2;131;106;41m██[38;2;131;106;41m██[38;2;131;106;41m██[38;2;131;106;41m██[38;2;131;106;41m██[38;2;131;106;41m██[38;2;131;106;41m██[38;2;74;57;8m██[38;2;131;106;41m██[38;2;131;106;41m██[38;2;131;106;41m██[38;2;24;24;24m██            
                            [38;2;24;24;24m██[38;2;197;156;82m██[38;2;197;156;82m██[38;2;197;156;82m██[38;2;74;57;8m██[38;2;131;106;41m██[38;2;131;106;41m██[38;2;131;106;41m██[38;2;131;106;41m██[38;2;131;106;41m██[38;2;131;106;41m██[38;2;131;106;41m██[38;2;74;57;8m██[38;2;131;106;41m██[38;2;24;24;24m██[38;2;24;24;24m██              
                              [38;2;24;24;24m██[38;2;24;24;24m██[38;2;197;156;82m██[38;2;74;57;8m██[38;2;131;106;41m██[38;2;131;106;41m██[38;2;131;106;41m██[38;2;131;106;41m██[38;2;131;106;41m██[38;2;131;106;41m██[38;2;131;106;41m██[38;2;24;24;24m██[38;2;24;24;24m██                  
                                  [38;2;24;24;24m██[38;2;24;24;24m██[38;2;24;24;24m██[38;2;24;24;24m██[38;2;24;24;24m██[38;2;24;24;24m██[38;2;24;24;24m██[38;2;24;24;24m██[38;2;24;24;24m██                      
