                                        [38;2;123;106;106m██[38;2;0;0;0m██                                          
                                      [38;2;123;106;106m██[38;2;230;222;222m██[38;2;180;172;172m██[38;2;0;0;0m██                                        
                                      [38;2;123;106;106m██[38;2;180;172;172m██[38;2;230;222;222m██[38;2;0;0;0m██                                        
                                    [38;2;123;106;106m██[38;2;230;222;222m██[38;2;180;172;172m██[38;2;230;222;222m██[38;2;180;172;172m██[38;2;0;0;0m██                                      
                                  [38;2;123;106;106m██[38;2;230;222;222m██[38;2;230;222;222m██[38;2;180;172;172m██[38;2;230;222;222m██[38;2;230;222;222m██[38;2;0;0;0m██                                      
                              [38;2;123;106;106m██[38;2;123;106;106m██[38;2;230;222;222m██[38;2;230;222;222m██[38;2;180;172;172m██[38;2;230;222;222m██[38;2;230;222;222m██[38;2;230;222;222m██[38;2;180;172;172m██[38;2;0;0;0m██[38;2;0;0;0m██                                  
                          [38;2;123;106;106m██[38;2;123;106;106m██[38;2;230;222;222m██[38;2;230;222;222m██[38;2;230;222;222m██[38;2;230;222;222m██[38;2;180;172;172m██[38;2;230;222;222m██[38;2;230;222;222m██[38;2;230;222;222m██[38;2;230;222;222m██[38;2;180;172;172m██[38;2;180;172;172m██[38;2;0;0;0m██[38;2;0;0;0m██                              
                        [38;2;123;106;106m██[38;2;230;222;222m██[38;2;230;222;222m██[38;2;230;222;222m██[38;2;230;222;222m██[38;2;230;222;222m██[38;2;180;172;172m██[38;2;230;222;222m██[38;2;230;222;222m██[38;2;230;222;222m██[38;2;230;222;222m██[38;2;230;222;222m██[38;2;180;172;172m██[38;2;180;172;172m██[38;2;180;172;172m██[38;2;180;172;172m██[38;2;0;0;0m██                            
                      [38;2;123;106;106m██[38;2;230;222;222m██[38;2;230;222;222m██[38;2;230;222;222m██[38;2;230;222;222m██[38;2;230;222;222m██[38;2;230;222;222m██[38;2;180;172;172m██[38;2;230;222;222m██[38;2;230;222;222m██[38;2;230;222;222m██[38;2;230;222;222m██[38;2;230;222;222m██[38;2;230;222;222m██[38;2;180;172;172m██[38;2;180;172;172m██[38;2;180;172;172m██[38;2;180;172;172m██[38;2;0;0;0m██                          
              [38;2;123;106;106m██[38;2;123;106;106m██[38;2;123;106;106m██[38;2;123;106;106m██[38;2;230;222;222m██[38;2;230;222;222m██[38;2;230;222;222m██[38;2;230;222;222m██[38;2;230;222;222m██[38;2;230;222;222m██[38;2;180;172;172m██[38;2;230;222;222m██[38;2;230;222;222m██[38;2;230;222;222m██[38;2;230;222;222m██[38;2;230;222;222m██[38;2;230;222;222m██[38;2;230;222;222m██[38;2;180;172;172m██[38;2;180;172;172m██[38;2;180;172;172m██[38;2;180;172;172m██[38;2;180;172;172m██[38;2;0;0;0m██[38;2;123;106;106m██[38;2;123;106;106m██[38;2;123;106;106m██                  
            [38;2;123;106;106m██[38;2;180;172;172m██[38;2;230;222;222m██[38;2;230;222;222m██[38;2;123;106;106m██[38;2;230;222;222m██[38;2;230;222;222m██[38;2;230;222;222m██[38;2;230;222;222m██[38;2;230;222;222m██[38;2;230;222;222m██[38;2;180;172;172m██[38;2;230;222;222m██[38;2;230;222;222m██[38;2;230;222;222m██[38;2;230;222;222m██[38;2;230;222;222m██[38;2;230;222;222m██[38;2;230;222;222m██[38;2;180;172;172m██[38;2;180;172;172m██[38;2;180;172;172m██[38;2;180;172;172m██[38;2;180;172;172m██[38;2;123;106;106m██[38;2;230;222;222m██[38;2;230;222;222m██[38;2;180;172;172m██[38;2;123;106;106m██                
          [38;2;123;106;106m██[38;2;230;222;222m██[38;2;230;222;222m██[38;2;123;106;106m██[38;2;123;106;106m██[38;2;230;222;222m██[38;2;230;222;222m██[38;2;230;222;222m██[38;2;230;222;222m██[38;2;230;222;222m██[38;2;230;222;222m██[38;2;230;222;222m██[38;2;180;172;172m██[38;2;230;222;222m██[38;2;230;222;222m██[38;2;230;222;222m██[38;2;230;222;222m██[38;2;230;222;222m██[38;2;230;222;222m██[38;2;230;222;222m██[38;2;180;172;172m██[38;2;180;172;172m██[38;2;180;172;172m██[38;2;180;172;172m██[38;2;123;106;106m██[38;2;230;222;222m██[38;2;230;222;222m██[38;2;230;222;222m██[38;2;230;222;222m██[38;2;230;222;222m██[38;2;123;106;106m██              
          [38;2;123;106;106m██[38;2;230;222;222m██[38;2;180;172;172m██[38;2;230;222;222m██[38;2;123;106;106m██[38;2;230;222;222m██[38;2;230;222;222m██[38;2;230;222;222m██[38;2;230;222;222m██[38;2;230;222;222m██[38;2;230;222;222m██[38;2;180;172;172m██[38;2;230;222;222m██[38;2;230;222;222m██[38;2;230;222;222m██[38;2;230;222;222m██[38;2;230;222;222m██[38;2;230;222;222m██[38;2;230;222;222m██[38;2;180;172;172m██[38;2;180;172;172m██[38;2;180;172;172m██[38;2;180;172;172m██[38;2;180;172;172m██[38;2;180;172;172m██[38;2;230;222;222m██[38;2;230;222;222m██[38;2;230;222;222m██[38;2;230;222;222m██[38;2;230;222;222m██[38;2;180;172;172m██[38;2;0;0;0m██            
          [38;2;0;0;0m██[38;2;230;222;222m██[38;2;123;106;106m██[38;2;230;222;222m██[38;2;0;0;0m██[38;2;230;222;222m██[38;2;230;222;222m██[38;2;230;222;222m██[38;2;230;222;222m██[38;2;230;222;222m██[38;2;230;222;222m██[38;2;180;172;172m██[38;2;230;222;222m██[38;2;230;222;222m██[38;2;230;222;222m██[38;2;230;222;222m██[38;2;230;222;222m██[38;2;230;222;222m██[38;2;230;222;222m██[38;2;180;172;172m██[38;2;180;172;172m██[38;2;180;172;172m██[38;2;180;172;172m██[38;2;180;172;172m██[38;2;180;172;172m██[38;2;123;106;106m██[38;2;123;106;106m██[38;2;123;106;106m██[38;2;230;222;222m██[38;2;230;222;222m██[38;2;180;172;172m██[38;2;0;0;0m██            
          [38;2;0;0;0m██[38;2;230;222;222m██[38;2;180;172;172m██[38;2;230;222;222m██[38;2;0;0;0m██[38;2;230;222;222m██[38;2;230;222;222m██[38;2;230;222;222m██[38;2;230;222;222m██[38;2;230;222;222m██[38;2;230;222;222m██[38;2;180;172;172m██[38;2;230;222;222m██[38;2;230;222;222m██[38;2;230;222;222m██[38;2;230;222;222m██[38;2;230;222;222m██[38;2;230;222;222m██[38;2;180;172;172m██[38;2;180;172;172m██[38;2;180;172;172m██[38;2;180;172;172m██[38;2;180;172;172m██[38;2;180;172;172m██[38;2;123;106;106m██[38;2;180;172;172m██[38;2;230;222;222m██[38;2;230;222;222m██[38;2;123;106;106m██[38;2;230;222;222m██[38;2;180;172;172m██[38;2;0;0;0m██            
          [38;2;0;0;0m██[38;2;180;172;172m██[38;2;180;172;172m██[38;2;180;172;172m██[38;2;0;0;0m██[38;2;180;172;172m██[38;2;230;222;222m██[38;2;230;222;222m██[38;2;230;222;222m██[38;2;230;222;222m██[38;2;230;222;222m██[38;2;180;172;172m██[38;2;230;222;222m██[38;2;230;222;222m██[38;2;230;222;222m██[38;2;230;222;222m██[38;2;180;172;172m██[38;2;180;172;172m██[38;2;180;172;172m██[38;2;180;172;172m██[38;2;180;172;172m██[38;2;180;172;172m██[38;2;180;172;172m██[38;2;180;172;172m██[38;2;123;106;106m██[38;2;180;172;172m██[38;2;180;172;172m██[38;2;230;222;222m██[38;2;123;106;106m██[38;2;180;172;172m██[38;2;180;172;172m██[38;2;0;0;0m██            
            [38;2;123;106;106m██[38;2;180;172;172m██[38;2;180;172;172m██[38;2;0;0;0m██[38;2;180;172;172m██[38;2;180;172;172m██[38;2;123;106;106m██[38;2;74;65;65m██[38;2;180;172;172m██[38;2;230;222;222m██[38;2;123;106;106m██[38;2;230;222;222m██[38;2;230;222;222m██[38;2;180;172;172m██[38;2;180;172;172m██[38;2;180;172;172m██[38;2;123;106;106m██[38;2;74;65;65m██[38;2;123;106;106m██[38;2;123;106;106m██[38;2;180;172;172m██[38;2;180;172;172m██[38;2;180;172;172m██[38;2;123;106;106m██[38;2;180;172;172m██[38;2;180;172;172m██[38;2;180;172;172m██[38;2;180;172;172m██[38;2;180;172;172m██[38;2;0;0;0m██              
              [38;2;123;106;106m██[38;2;123;106;106m██[38;2;0;0;0m██[38;2;180;172;172m██[38;2;123;106;106m██[38;2;255;255;255m██[38;2;0;0;0m██[38;2;74;65;65m██[38;2;180;172;172m██[38;2;123;106;106m██[38;2;180;172;172m██[38;2;180;172;172m██[38;2;180;172;172m██[38;2;180;172;172m██[38;2;0;0;0m██[38;2;74;65;65m██[38;2;0;0;0m██[38;2;74;65;65m██[38;2;180;172;172m██[38;2;0;0;0m██[38;2;180;172;172m██[38;2;180;172;172m██[38;2;180;172;172m██[38;2;123;106;106m██[38;2;180;172;172m██[38;2;180;172;172m██[38;2;180;172;172m██[38;2;0;0;0m██                
        [38;2;57;74;90m██        [38;2;123;106;106m██[38;2;0;0;0m██[38;2;123;106;106m██[38;2;255;255;255m██[38;2;0;0;0m██[38;2;0;0;0m██[38;2;0;0;0m██[38;2;180;172;172m██[38;2;123;106;106m██[38;2;180;172;172m██[38;2;74;65;65m██[38;2;0;0;0m██[38;2;255;255;255m██[38;2;0;0;0m██[38;2;0;0;0m██[38;2;0;0;0m██[38;2;255;255;255m██[38;2;180;172;172m██[38;2;0;0;0m██[38;2;180;172;172m██[38;2;180;172;172m██[38;2;123;106;106m██[38;2;0;0;0m██[38;2;0;0;0m██[38;2;0;0;0m██        [38;2;57;74;90m██        
  [38;2;57;74;90m██  [38;2;0;0;0m██[38;2;180;213;255m██[38;2;57;74;90m██          [38;2;0;0;0m██[38;2;255;255;255m██[38;2;74;65;65m██[38;2;0;0;0m██[38;2;123;106;106m██[38;2;0;0;0m██[38;2;0;0;0m██[38;2;0;0;0m██[38;2;74;65;65m██[38;2;180;172;172m██[38;2;255;255;255m██[38;2;0;0;0m██[38;2;0;0;0m██[38;2;0;0;0m██[38;2;255;255;255m██[38;2;180;172;172m██[38;2;0;0;0m██[38;2;123;106;106m██[38;2;0;0;0m██[38;2;0;0;0m██            [38;2;57;74;90m██[38;2;180;213;255m██[38;2;0;0;0m██  [38;2;57;74;90m██  
[38;2;57;74;90m██[38;2;180;213;255m██[38;2;57;74;90m██[38;2;57;74;90m██[38;2;106;205;230m██[38;2;57;74;90m██          [38;2;0;0;0m██[38;2;123;106;106m██[38;2;255;255;255m██[38;2;123;106;106m██[38;2;180;172;172m██[38;2;230;222;222m██[38;2;230;222;222m██[38;2;230;222;222m██[38;2;230;222;222m██[38;2;230;222;222m██[38;2;255;255;255m██[38;2;180;172;172m██[38;2;0;0;0m██[38;2;180;172;172m██[38;2;255;255;255m██[38;2;180;172;172m██[38;2;123;106;106m██[38;2;0;0;0m██              [38;2;57;74;90m██[38;2;57;74;90m██[38;2;106;205;230m██[38;2;0;0;0m██[38;2;57;74;90m██[38;2;180;213;255m██[38;2;57;74;90m██
[38;2;0;0;0m██[38;2;106;205;230m██[38;2;57;131;180m██[38;2;0;0;0m██[38;2;57;131;180m██[38;2;90;164;205m██[38;2;57;74;90m██          [38;2;0;0;0m██[38;2;213;82;82m██[38;2;213;82;82m██[38;2;255;255;255m██[38;2;230;222;222m██[38;2;131;65;74m██[38;2;131;65;74m██[38;2;131;65;74m██[38;2;230;222;222m██[38;2;180;172;172m██[38;2;255;255;255m██[38;2;255;255;255m██[38;2;255;255;255m██[38;2;180;172;172m██[38;2;180;172;172m██[38;2;0;0;0m██              [38;2;57;74;90m██[38;2;90;164;205m██[38;2;106;205;230m██[38;2;57;131;180m██[38;2;57;74;90m██[38;2;57;131;180m██[38;2;106;205;230m██[38;2;0;0;0m██
[38;2;0;0;0m██[38;2;90;164;205m██[38;2;0;0;0m██[38;2;180;213;255m██[38;2;57;131;180m██[38;2;90;164;205m██[38;2;106;205;230m██[38;2;57;74;90m██[38;2;57;74;90m██        [38;2;0;0;0m██[38;2;230;222;222m██[38;2;230;222;222m██[38;2;131;65;74m██[38;2;131;65;74m██[38;2;213;82;115m██[38;2;213;82;115m██[38;2;131;65;74m██[38;2;230;222;222m██[38;2;180;172;172m██[38;2;180;172;172m██[38;2;213;82;82m██[38;2;213;82;82m██[38;2;123;106;106m██[38;2;0;0;0m██          [38;2;57;74;90m██[38;2;57;74;90m██[38;2;57;131;180m██[38;2;106;205;230m██[38;2;106;205;230m██[38;2;57;131;180m██[38;2;180;213;255m██[38;2;0;0;0m██[38;2;90;164;205m██[38;2;0;0;0m██
  [38;2;0;0;0m██[38;2;0;0;0m██[38;2;106;205;230m██[38;2;106;205;230m██[38;2;106;205;230m██[38;2;90;164;205m██[38;2;230;222;222m██[38;2;230;222;222m██[38;2;57;74;90m██[38;2;57;74;90m██[38;2;57;74;90m██    [38;2;0;0;0m██[38;2;230;222;222m██[38;2;230;222;222m██[38;2;123;106;106m██[38;2;213;82;115m██[38;2;213;82;115m██[38;2;230;222;222m██[38;2;230;222;222m██[38;2;230;222;222m██[38;2;180;172;172m██[38;2;180;172;172m██[38;2;123;106;106m██[38;2;0;0;0m██    [38;2;57;74;90m██[38;2;57;74;90m██[38;2;57;74;90m██[38;2;57;74;90m██[38;2;106;205;230m██[38;2;230;222;222m██[38;2;230;222;222m██[38;2;90;164;205m██[38;2;106;205;230m██[38;2;106;205;230m██[38;2;90;164;205m██[38;2;0;0;0m██[38;2;0;0;0m██  
      [38;2;0;0;0m██[38;2;0;0;0m██[38;2;0;0;0m██[38;2;0;0;0m██[38;2;180;172;172m██[38;2;230;222;222m██[38;2;106;205;230m██[38;2;106;205;230m██[38;2;106;205;230m██[38;2;57;74;90m██[38;2;57;74;90m██[38;2;57;74;90m██[38;2;0;0;0m██[38;2;0;0;0m██[38;2;230;222;222m██[38;2;230;222;222m██[38;2;230;222;222m██[38;2;230;222;222m██[38;2;230;222;222m██[38;2;180;172;172m██[38;2;123;106;106m██[38;2;0;0;0m██[38;2;0;0;0m██[38;2;57;74;90m██[38;2;57;74;90m██[38;2;57;74;90m██[38;2;90;164;205m██[38;2;106;205;230m██[38;2;106;205;230m██[38;2;106;205;230m██[38;2;106;205;230m██[38;2;230;222;222m██[38;2;180;172;172m██[38;2;0;0;0m██[38;2;0;0;0m██[38;2;0;0;0m██[38;2;0;0;0m██      
              [38;2;0;0;0m██[38;2;0;0;0m██[38;2;90;164;205m██[38;2;106;205;230m██[38;2;106;205;230m██[38;2;106;205;230m██[38;2;106;205;230m██[38;2;90;164;205m██[38;2;57;131;180m██[38;2;57;131;180m██[38;2;0;0;0m██[38;2;0;0;0m██[38;2;0;0;0m██[38;2;0;0;0m██[38;2;0;0;0m██[38;2;57;74;90m██[38;2;123;106;106m██[38;2;57;131;180m██[38;2;57;131;180m██[38;2;57;131;180m██[38;2;90;164;205m██[38;2;106;205;230m██[38;2;106;205;230m██[38;2;106;205;230m██[38;2;106;205;230m██[38;2;90;164;205m██[38;2;0;0;0m██[38;2;0;0;0m██[38;2;0;0;0m██              
                  [38;2;0;0;0m██[38;2;0;0;0m██[38;2;0;0;0m██[38;2;57;74;90m██[38;2;106;205;230m██[38;2;106;205;230m██[38;2;90;164;205m██[38;2;57;131;180m██[38;2;57;131;180m██[38;2;57;131;180m██[38;2;57;131;180m██[38;2;57;131;180m██[38;2;57;131;180m██[38;2;57;131;180m██[38;2;57;131;180m██[38;2;57;131;180m██[38;2;57;131;180m██[38;2;90;164;205m██[38;2;106;205;230m██[38;2;106;205;230m██[38;2;0;0;0m██[38;2;0;0;0m██[38;2;0;0;0m██[38;2;0;0;0m██                    
                        [38;2;57;74;90m██[38;2;0;0;0m██[38;2;0;0;0m██[38;2;0;0;0m██[38;2;0;0;0m██[38;2;57;74;90m██[38;2;90;164;205m██[38;2;57;131;180m██[38;2;57;131;180m██[38;2;57;131;180m██[38;2;57;131;180m██[38;2;90;164;205m██[38;2;57;74;90m██[38;2;0;0;0m██[38;2;0;0;0m██[38;2;0;0;0m██[38;2;0;0;0m██                            
                                  [38;2;57;74;90m██[38;2;106;205;230m██[38;2;106;205;230m██[38;2;90;164;205m██[38;2;90;164;205m██[38;2;106;205;230m██[38;2;106;205;230m██[38;2;57;74;90m██                                    
                                [38;2;0;0;0m██[38;2;230;222;222m██[38;2;106;205;230m██[38;2;106;205;230m██[38;2;106;205;230m██[38;2;106;205;230m██[38;2;106;205;230m██[38;2;106;205;230m██[38;2;230;222;222m██[38;2;0;0;0m██                                  
                              [38;2;0;0;0m██[38;2;180;172;172m██[38;2;230;222;222m██[38;2;180;172;172m██[38;2;106;205;230m██[38;2;106;205;230m██[38;2;106;205;230m██[38;2;106;205;230m██[38;2;180;172;172m██[38;2;230;222;222m██[38;2;180;172;172m██[38;2;0;0;0m██                                
                        [38;2;57;74;90m██[38;2;57;74;90m██[38;2;57;74;90m██[38;2;57;74;90m██[38;2;123;106;106m██[38;2;180;172;172m██[38;2;230;222;222m██[38;2;230;222;222m██[38;2;230;222;222m██[38;2;230;222;222m██[38;2;230;222;222m██[38;2;230;222;222m██[38;2;180;172;172m██[38;2;123;106;106m██[38;2;57;74;90m██[38;2;57;74;90m██[38;2;57;74;90m██                            
                    [38;2;57;74;90m██[38;2;57;74;90m██[38;2;57;131;180m██[38;2;57;131;180m██[38;2;57;131;180m██[38;2;57;131;180m██[38;2;57;74;90m██[38;2;123;106;106m██[38;2;180;172;172m██[38;2;180;172;172m██[38;2;180;172;172m██[38;2;180;172;172m██[38;2;180;172;172m██[38;2;180;172;172m██[38;2;57;74;90m██[38;2;57;131;180m██[38;2;57;131;180m██[38;2;57;131;180m██[38;2;57;131;180m██[38;2;57;74;90m██[38;2;57;74;90m██[38;2;0;0;0m██                      
                  [38;2;57;74;90m██[38;2;57;131;180m██[38;2;90;164;205m██[38;2;57;74;90m██[38;2;57;74;90m██[38;2;57;74;90m██[38;2;57;131;180m██[38;2;0;0;0m██[38;2;0;0;0m██[38;2;180;172;172m██[38;2;0;0;0m██[38;2;0;0;0m██[38;2;180;172;172m██[38;2;180;172;172m██[38;2;57;74;90m██[38;2;57;131;180m██[38;2;57;131;180m██[38;2;57;74;90m██[38;2;57;74;90m██[38;2;57;131;180m██[38;2;57;131;180m██[38;2;57;131;180m██[38;2;57;131;180m██[38;2;0;0;0m██                    
                  [38;2;0;0;0m██[38;2;90;164;205m██[38;2;106;205;230m██[38;2;106;205;230m██[38;2;106;205;230m██[38;2;57;131;180m██[38;2;0;0;0m██[38;2;255;255;255m██[38;2;255;255;255m██[38;2;123;106;106m██[38;2;255;255;255m██[38;2;255;255;255m██[38;2;0;0;0m██[38;2;0;0;0m██[38;2;0;0;0m██[38;2;0;0;0m██[38;2;57;74;90m██[38;2;57;131;180m██[38;2;90;164;205m██[38;2;90;164;205m██[38;2;57;131;180m██[38;2;57;131;180m██[38;2;57;131;180m██[38;2;0;0;0m██                    
                  [38;2;0;0;0m██[38;2;90;164;205m██[38;2;106;205;230m██[38;2;106;205;230m██[38;2;106;205;230m██[38;2;106;205;230m██[38;2;0;0;0m██[38;2;230;222;222m██[38;2;230;222;222m██[38;2;0;0;0m██[38;2;230;222;222m██[38;2;255;255;255m██[38;2;230;222;222m██[38;2;230;222;222m██[38;2;57;131;180m██[38;2;106;205;230m██[38;2;106;205;230m██[38;2;106;205;230m██[38;2;106;205;230m██[38;2;106;205;230m██[38;2;90;164;205m██[38;2;57;131;180m██[38;2;57;131;180m██[38;2;0;0;0m██                    
                    [38;2;0;0;0m██[38;2;0;0;0m██[38;2;90;164;205m██[38;2;106;205;230m██[38;2;106;205;230m██[38;2;57;131;180m██[38;2;0;0;0m██[38;2;180;172;172m██[38;2;0;0;0m██[38;2;123;106;106m██[38;2;230;222;222m██[38;2;230;222;222m██[38;2;57;131;180m██[38;2;106;205;230m██[38;2;106;205;230m██[38;2;106;205;230m██[38;2;106;205;230m██[38;2;106;205;230m██[38;2;106;205;230m██[38;2;57;131;180m██[38;2;0;0;0m██[38;2;0;0;0m██                      
                        [38;2;0;0;0m██[38;2;0;0;0m██[38;2;57;74;90m██[38;2;0;0;0m██[38;2;180;172;172m██[38;2;123;106;106m██[38;2;230;222;222m██[38;2;230;222;222m██[38;2;230;222;222m██[38;2;230;222;222m██[38;2;57;131;180m██[38;2;106;205;230m██[38;2;106;205;230m██[38;2;106;205;230m██[38;2;57;131;180m██[38;2;0;0;0m██[38;2;0;0;0m██[38;2;0;0;0m██                          
                            [38;2;57;74;90m██[38;2;0;0;0m██[38;2;180;172;172m██[38;2;0;0;0m██[38;2;230;222;222m██[38;2;230;222;222m██[38;2;230;222;222m██[38;2;230;222;222m██[38;2;180;172;172m██[38;2;57;74;90m██[38;2;0;0;0m██[38;2;0;0;0m██[38;2;0;0;0m██                                
                              [38;2;0;0;0m██[38;2;180;172;172m██[38;2;0;0;0m██[38;2;230;222;222m██[38;2;230;222;222m██[38;2;230;222;222m██[38;2;180;172;172m██[38;2;180;172;172m██[38;2;0;0;0m██                                      
                                [38;2;0;0;0m██[38;2;180;172;172m██[38;2;0;0;0m██[38;2;180;172;172m██[38;2;180;172;172m██[38;2;180;172;172m██[38;2;0;0;0m██                                        
                                  [38;2;0;0;0m██[38;2;0;0;0m██[38;2;0;0;0m██[38;2;0;0;0m██[38;2;0;0;0m██                                          
