                                  [38;2;16;16;16m██                                      
                                [38;2;115;98;0m██[38;2;246;255;180m██[38;2;16;16;16m██                                    
                                [38;2;115;98;0m██[38;2;246;255;180m██[38;2;115;98;0m██[38;2;115;98;0m██                                  
                              [38;2;115;98;0m██[38;2;246;255;180m██[38;2;246;255;180m██[38;2;197;172;49m██[38;2;16;16;16m██                                  
                              [38;2;115;98;0m██[38;2;246;255;180m██[38;2;238;230;32m██[38;2;197;172;49m██[38;2;197;172;49m██[38;2;16;16;16m██                                
                            [38;2;115;98;0m██[38;2;238;230;32m██[38;2;238;230;32m██[38;2;238;230;32m██[38;2;197;172;49m██[38;2;197;172;49m██[38;2;16;16;16m██                                
                          [38;2;164;148;16m██[38;2;115;98;0m██[38;2;238;230;32m██[38;2;238;230;32m██[38;2;238;230;32m██[38;2;238;230;32m██[38;2;197;172;49m██[38;2;197;172;49m██[38;2;16;16;16m██[38;2;115;98;0m██                            
                      [38;2;164;148;16m██[38;2;164;148;16m██[38;2;238;230;32m██[38;2;197;172;49m██[38;2;238;230;32m██[38;2;238;230;32m██[38;2;238;230;32m██[38;2;238;230;32m██[38;2;197;172;49m██[38;2;197;172;49m██[38;2;115;98;0m██[38;2;197;172;49m██[38;2;115;98;0m██[38;2;115;98;0m██                        
                    [38;2;115;98;0m██[38;2;238;230;32m██[38;2;238;230;32m██[38;2;238;230;32m██[38;2;238;230;32m██[38;2;197;172;49m██[38;2;238;230;32m██[38;2;238;230;32m██[38;2;197;172;49m██[38;2;197;172;49m██[38;2;115;98;0m██[38;2;197;172;49m██[38;2;197;172;49m██[38;2;197;172;49m██[38;2;197;172;49m██[38;2;115;98;0m██                      
                  [38;2;115;98;0m██[38;2;238;230;32m██[38;2;238;230;32m██[38;2;246;255;180m██[38;2;246;255;180m██[38;2;238;230;32m██[38;2;238;230;32m██[38;2;238;230;32m██[38;2;238;230;32m██[38;2;238;230;32m██[38;2;238;230;32m██[38;2;197;172;49m██[38;2;197;172;49m██[38;2;197;172;49m██[38;2;197;172;49m██[38;2;197;172;49m██[38;2;197;172;49m██[38;2;115;98;0m██                    
                  [38;2;57;164;115m██[38;2;90;197;148m██[38;2;238;230;32m██[38;2;246;255;180m██[38;2;246;255;180m██[38;2;238;230;32m██[38;2;238;230;32m██[38;2;238;230;32m██[38;2;238;230;32m██[38;2;238;230;32m██[38;2;238;230;32m██[38;2;238;230;32m██[38;2;197;172;49m██[38;2;197;172;49m██[38;2;197;172;49m██[38;2;197;172;49m██[38;2;197;172;49m██[38;2;197;172;49m██[38;2;16;16;16m██                  
                [38;2;57;164;115m██[38;2;139;246;197m██[38;2;139;246;197m██[38;2;90;197;148m██[38;2;238;230;32m██[38;2;238;230;32m██[38;2;238;230;32m██[38;2;238;230;32m██[38;2;238;230;32m██[38;2;90;197;148m██[38;2;57;164;115m██[38;2;57;164;115m██[38;2;57;164;115m██[38;2;57;164;115m██[38;2;197;172;49m██[38;2;197;172;49m██[38;2;197;172;49m██[38;2;197;172;49m██[38;2;197;172;49m██[38;2;16;16;16m██                  
                [38;2;57;164;115m██[38;2;115;98;0m██[38;2;139;246;197m██[38;2;139;246;197m██[38;2;90;197;148m██[38;2;238;230;32m██[38;2;238;230;32m██[38;2;90;197;148m██[38;2;90;197;148m██[38;2;139;246;197m██[38;2;139;246;197m██[38;2;139;246;197m██[38;2;139;246;197m██[38;2;90;197;148m██[38;2;57;164;115m██[38;2;57;164;115m██[38;2;197;172;49m██[38;2;197;172;49m██[38;2;197;172;49m██[38;2;197;172;49m██[38;2;115;98;0m██                
                [38;2;115;98;0m██[38;2;238;230;32m██[38;2;115;98;0m██[38;2;139;246;197m██[38;2;139;246;197m██[38;2;238;230;32m██[38;2;90;197;148m██[38;2;139;246;197m██[38;2;139;246;197m██[38;2;139;246;197m██[38;2;115;98;0m██[38;2;115;98;0m██[38;2;115;98;0m██[38;2;139;246;197m██[38;2;90;197;148m██[38;2;57;164;115m██[38;2;115;98;0m██[38;2;197;172;49m██[38;2;197;172;49m██[38;2;197;172;49m██[38;2;16;16;16m██                
              [38;2;115;98;0m██[38;2;238;230;32m██[38;2;238;230;32m██[38;2;197;172;49m██[38;2;90;197;148m██[38;2;139;246;197m██[38;2;90;197;148m██[38;2;139;246;197m██[38;2;139;246;197m██[38;2;115;98;0m██[38;2;115;98;0m██[38;2;238;230;32m██[38;2;238;230;32m██[38;2;238;230;32m██[38;2;115;98;0m██[38;2;115;98;0m██[38;2;57;164;115m██[38;2;57;164;115m██[38;2;115;98;0m██[38;2;197;172;49m██[38;2;197;172;49m██[38;2;16;16;16m██                
              [38;2;115;98;0m██[38;2;238;230;32m██[38;2;238;230;32m██[38;2;238;230;32m██[38;2;115;98;0m██[38;2;139;246;197m██[38;2;139;246;197m██[38;2;139;246;197m██[38;2;115;98;0m██[38;2;197;172;49m██[38;2;246;255;180m██[38;2;246;255;180m██[38;2;238;230;32m██[38;2;238;230;32m██[38;2;238;230;32m██[38;2;197;172;49m██[38;2;115;98;0m██[38;2;57;164;115m██[38;2;16;16;16m██[38;2;164;148;16m██[38;2;115;98;0m██[38;2;16;16;16m██                
              [38;2;16;16;16m██[38;2;16;16;16m██[38;2;238;230;32m██[38;2;238;230;32m██[38;2;115;98;0m██[38;2;90;197;148m██[38;2;139;246;197m██[38;2;90;197;148m██[38;2;16;16;16m██[38;2;238;230;32m██[38;2;246;255;180m██[38;2;246;255;180m██[38;2;238;230;32m██[38;2;238;230;32m██[38;2;238;230;32m██[38;2;238;230;32m██[38;2;16;16;16m██[38;2;57;164;115m██[38;2;16;16;16m██[38;2;115;98;0m██[38;2;164;148;16m██[38;2;16;16;16m██                
                [38;2;115;98;0m██[38;2;16;16;16m██[38;2;16;16;16m██[38;2;16;16;16m██[38;2;90;197;148m██[38;2;90;197;148m██[38;2;90;197;148m██[38;2;115;98;0m██[38;2;16;16;16m██[38;2;164;148;16m██[38;2;238;230;32m██[38;2;238;230;32m██[38;2;238;230;32m██[38;2;164;148;16m██[38;2;16;16;16m██[38;2;16;16;16m██[38;2;57;164;115m██[38;2;16;16;16m██[38;2;164;148;16m██[38;2;16;16;16m██                  
                [38;2;115;98;0m██[38;2;197;172;49m██[38;2;197;172;49m██[38;2;115;98;0m██[38;2;57;164;115m██[38;2;90;197;148m██[38;2;57;164;115m██[38;2;115;98;0m██[38;2;197;172;49m██[38;2;115;98;0m██[38;2;16;16;16m██[38;2;16;16;16m██[38;2;16;16;16m██[38;2;115;98;0m██[38;2;164;148;16m██[38;2;16;16;16m██[38;2;115;98;0m██[38;2;164;148;16m██[38;2;164;148;16m██[38;2;16;16;16m██                  
                  [38;2;16;16;16m██[38;2;115;98;0m██[38;2;115;98;0m██[38;2;164;148;16m██[38;2;57;164;115m██[38;2;164;148;16m██[38;2;164;148;16m██[38;2;115;98;0m██[38;2;197;172;49m██[38;2;197;172;49m██[38;2;197;172;49m██[38;2;197;172;49m██[38;2;164;148;16m██[38;2;16;16;16m██[38;2;164;148;16m██[38;2;164;148;16m██[38;2;164;148;16m██[38;2;16;16;16m██                    
                    [38;2;16;16;16m██[38;2;164;148;16m██[38;2;164;148;16m██[38;2;164;148;16m██[38;2;164;148;16m██[38;2;164;148;16m██[38;2;164;148;16m██[38;2;115;98;0m██[38;2;115;98;0m██[38;2;115;98;0m██[38;2;115;98;0m██[38;2;115;98;0m██[38;2;164;148;16m██[38;2;164;148;16m██[38;2;16;16;16m██[38;2;16;16;16m██                      
                  [38;2;115;98;0m██[38;2;115;98;0m██[38;2;16;16;16m██[38;2;16;16;16m██[38;2;164;148;16m██[38;2;164;148;16m██[38;2;164;148;16m██[38;2;164;148;16m██[38;2;164;148;16m██[38;2;164;148;16m██[38;2;164;148;16m██[38;2;164;148;16m██[38;2;164;148;16m██[38;2;16;16;16m██[38;2;16;16;16m██                          
            [38;2;115;98;0m██[38;2;115;98;0m██[38;2;115;98;0m██[38;2;164;148;16m██[38;2;164;148;16m██[38;2;164;148;16m██[38;2;164;148;16m██[38;2;16;16;16m██[38;2;16;16;16m██[38;2;16;16;16m██[38;2;16;16;16m██[38;2;16;16;16m██[38;2;16;16;16m██[38;2;16;16;16m██[38;2;16;16;16m██[38;2;16;16;16m██[38;2;164;148;16m██[38;2;115;98;0m██[38;2;115;98;0m██[38;2;115;98;0m██                      
        [38;2;115;98;0m██[38;2;115;98;0m██[38;2;238;230;32m██[38;2;238;230;32m██[38;2;238;230;32m██[38;2;197;172;49m██[38;2;164;148;16m██[38;2;164;148;16m██[38;2;115;98;0m██[38;2;164;148;16m██[38;2;57;164;115m██[38;2;57;164;115m██[38;2;57;164;115m██[38;2;57;164;115m██[38;2;164;148;16m██[38;2;164;148;16m██[38;2;164;148;16m██[38;2;164;148;16m██[38;2;164;148;16m██[38;2;164;148;16m██[38;2;164;148;16m██[38;2;164;148;16m██[38;2;115;98;0m██[38;2;115;98;0m██[38;2;115;98;0m██                
    [38;2;115;98;0m██[38;2;115;98;0m██[38;2;238;230;32m██[38;2;238;230;32m██[38;2;238;230;32m██[38;2;238;230;32m██[38;2;238;230;32m██[38;2;238;230;32m██[38;2;164;148;16m██[38;2;164;148;16m██[38;2;115;98;0m██[38;2;90;197;148m██[38;2;90;197;148m██[38;2;57;164;115m██[38;2;57;164;115m██[38;2;57;164;115m██[38;2;57;164;115m██[38;2;164;148;16m██[38;2;164;148;16m██[38;2;164;148;16m██[38;2;164;148;16m██[38;2;164;148;16m██[38;2;164;148;16m██[38;2;197;172;49m██[38;2;238;230;32m██[38;2;238;230;32m██[38;2;238;230;32m██[38;2;115;98;0m██[38;2;115;98;0m██            
  [38;2;115;98;0m██[38;2;238;230;32m██[38;2;238;230;32m██[38;2;238;230;32m██[38;2;238;230;32m██[38;2;238;230;32m██[38;2;238;230;32m██[38;2;238;230;32m██[38;2;238;230;32m██[38;2;115;98;0m██[38;2;16;16;16m██[38;2;90;197;148m██[38;2;90;197;148m██[38;2;238;230;32m██[38;2;238;230;32m██[38;2;238;230;32m██[38;2;90;197;148m██[38;2;90;197;148m██[38;2;238;230;32m██[38;2;197;172;49m██[38;2;164;148;16m██[38;2;115;98;0m██[38;2;164;148;16m██[38;2;197;172;49m██[38;2;238;230;32m██[38;2;238;230;32m██[38;2;238;230;32m██[38;2;238;230;32m██[38;2;246;255;180m██[38;2;246;255;180m██[38;2;164;148;16m██[38;2;164;148;16m██        
[38;2;115;98;0m██[38;2;238;230;32m██[38;2;238;230;32m██[38;2;238;230;32m██[38;2;238;230;32m██[38;2;238;230;32m██[38;2;238;230;32m██[38;2;238;230;32m██[38;2;16;16;16m██[38;2;16;16;16m██  [38;2;16;16;16m██[38;2;90;197;148m██[38;2;238;230;32m██[38;2;246;255;180m██[38;2;246;255;180m██[38;2;238;230;32m██[38;2;238;230;32m██[38;2;90;197;148m██[38;2;90;197;148m██[38;2;238;230;32m██[38;2;238;230;32m██[38;2;238;230;32m██[38;2;115;98;0m██[38;2;115;98;0m██[38;2;238;230;32m██[38;2;238;230;32m██[38;2;238;230;32m██[38;2;238;230;32m██[38;2;238;230;32m██[38;2;246;255;180m██[38;2;246;255;180m██[38;2;246;255;180m██[38;2;164;148;16m██      
[38;2;16;16;16m██[38;2;238;230;32m██[38;2;238;230;32m██[38;2;238;230;32m██[38;2;238;230;32m██[38;2;238;230;32m██[38;2;16;16;16m██[38;2;16;16;16m██      [38;2;16;16;16m██[38;2;90;197;148m██[38;2;238;230;32m██[38;2;246;255;180m██[38;2;246;255;180m██[38;2;238;230;32m██[38;2;238;230;32m██[38;2;90;197;148m██[38;2;90;197;148m██[38;2;238;230;32m██[38;2;238;230;32m██[38;2;57;164;115m██[38;2;57;164;115m██[38;2;16;16;16m██[38;2;16;16;16m██[38;2;16;16;16m██[38;2;238;230;32m██[38;2;238;230;32m██[38;2;238;230;32m██[38;2;238;230;32m██[38;2;238;230;32m██[38;2;246;255;180m██[38;2;246;255;180m██[38;2;115;98;0m██    
[38;2;16;16;16m██[38;2;238;230;32m██[38;2;238;230;32m██[38;2;238;230;32m██[38;2;238;230;32m██[38;2;16;16;16m██          [38;2;16;16;16m██[38;2;90;197;148m██[38;2;238;230;32m██[38;2;238;230;32m██[38;2;238;230;32m██[38;2;238;230;32m██[38;2;238;230;32m██[38;2;90;197;148m██[38;2;90;197;148m██[38;2;90;197;148m██[38;2;57;164;115m██[38;2;57;164;115m██[38;2;164;148;16m██[38;2;16;16;16m██    [38;2;16;16;16m██[38;2;16;16;16m██[38;2;238;230;32m██[38;2;238;230;32m██[38;2;238;230;32m██[38;2;238;230;32m██[38;2;246;255;180m██[38;2;246;255;180m██[38;2;115;98;0m██  
  [38;2;16;16;16m██[38;2;238;230;32m██[38;2;164;148;16m██[38;2;16;16;16m██              [38;2;16;16;16m██[38;2;90;197;148m██[38;2;238;230;32m██[38;2;238;230;32m██[38;2;238;230;32m██[38;2;90;197;148m██[38;2;90;197;148m██[38;2;238;230;32m██[38;2;197;172;49m██[38;2;164;148;16m██[38;2;164;148;16m██[38;2;16;16;16m██          [38;2;16;16;16m██[38;2;238;230;32m██[38;2;238;230;32m██[38;2;238;230;32m██[38;2;238;230;32m██[38;2;246;255;180m██[38;2;246;255;180m██[38;2;115;98;0m██
    [38;2;16;16;16m██[38;2;16;16;16m██                [38;2;16;16;16m██[38;2;164;148;16m██[38;2;90;197;148m██[38;2;90;197;148m██[38;2;90;197;148m██[38;2;90;197;148m██[38;2;197;172;49m██[38;2;164;148;16m██[38;2;164;148;16m██[38;2;164;148;16m██[38;2;164;148;16m██[38;2;16;16;16m██            [38;2;16;16;16m██[38;2;238;230;32m██[38;2;238;230;32m██[38;2;238;230;32m██[38;2;238;230;32m██[38;2;197;172;49m██[38;2;16;16;16m██
                          [38;2;16;16;16m██[38;2;164;148;16m██[38;2;164;148;16m██[38;2;164;148;16m██[38;2;164;148;16m██[38;2;164;148;16m██[38;2;164;148;16m██[38;2;164;148;16m██[38;2;164;148;16m██[38;2;16;16;16m██                [38;2;16;16;16m██[38;2;238;230;32m██[38;2;238;230;32m██[38;2;238;230;32m██[38;2;164;148;16m██[38;2;16;16;16m██
                            [38;2;16;16;16m██[38;2;115;98;0m██[38;2;164;148;16m██[38;2;164;148;16m██[38;2;164;148;16m██[38;2;164;148;16m██[38;2;115;98;0m██[38;2;16;16;16m██                  [38;2;16;16;16m██[38;2;164;148;16m██[38;2;238;230;32m██[38;2;164;148;16m██[38;2;164;148;16m██[38;2;16;16;16m██
                              [38;2;16;16;16m██[38;2;16;16;16m██[38;2;115;98;0m██[38;2;115;98;0m██[38;2;16;16;16m██[38;2;16;16;16m██                      [38;2;16;16;16m██[38;2;197;172;49m██[38;2;164;148;16m██[38;2;16;16;16m██  
                              [38;2;16;16;16m██[38;2;197;172;49m██[38;2;197;172;49m██[38;2;164;148;16m██[38;2;164;148;16m██[38;2;16;16;16m██                        [38;2;16;16;16m██[38;2;16;16;16m██    
                                [38;2;16;16;16m██[38;2;197;172;49m██[38;2;164;148;16m██[38;2;16;16;16m██                                  
                                  [38;2;16;16;16m██[38;2;16;16;16m██                                    
