                [38;2;32;115;115m██[38;2;24;41;65m██                                                  
              [38;2;32;115;115m██[38;2;131;205;213m██[38;2;131;205;213m██[38;2;24;41;65m██                                                
              [38;2;32;115;115m██[38;2;131;205;213m██[38;2;131;205;213m██[38;2;24;41;65m██                                                
              [38;2;32;115;115m██[38;2;131;205;213m██[38;2;131;205;213m██[38;2;131;205;213m██[38;2;24;41;65m██                                              
              [38;2;32;115;115m██[38;2;131;205;213m██[38;2;131;205;213m██[38;2;131;205;213m██[38;2;98;172;180m██[38;2;24;41;65m██                                            
              [38;2;32;115;115m██[38;2;131;205;213m██[38;2;131;205;213m██[38;2;98;172;180m██[38;2;98;172;180m██[38;2;24;41;65m██                                            
              [38;2;16;74;98m██[38;2;131;205;213m██[38;2;98;172;180m██[38;2;98;172;180m██[38;2;98;172;180m██[38;2;98;172;180m██[38;2;24;41;65m██                                          
              [38;2;16;74;98m██[38;2;131;205;213m██[38;2;98;172;180m██[38;2;98;172;180m██[38;2;98;172;180m██[38;2;98;172;180m██[38;2;98;172;180m██[38;2;24;41;65m██[38;2;24;41;65m██[38;2;24;41;65m██[38;2;24;41;65m██[38;2;24;41;65m██                                
              [38;2;16;74;98m██[38;2;98;172;180m██[38;2;98;172;180m██[38;2;98;172;180m██[38;2;98;172;180m██[38;2;98;172;180m██[38;2;98;172;180m██[38;2;32;115;115m██[38;2;24;41;65m██[38;2;98;172;180m██[38;2;98;172;180m██[38;2;98;172;180m██[38;2;24;41;65m██[38;2;24;41;65m██                            
            [38;2;16;74;98m██[38;2;32;115;115m██[38;2;98;172;180m██[38;2;98;172;180m██[38;2;98;172;180m██[38;2;32;115;115m██[38;2;98;172;180m██[38;2;98;172;180m██[38;2;98;172;180m██[38;2;98;172;180m██[38;2;16;74;98m██[38;2;98;172;180m██[38;2;98;172;180m██[38;2;98;172;180m██[38;2;49;139;148m██[38;2;24;41;65m██[38;2;24;41;65m██                        
          [38;2;16;74;98m██[38;2;131;205;213m██[38;2;32;115;115m██[38;2;98;172;180m██[38;2;98;172;180m██[38;2;98;172;180m██[38;2;32;115;115m██[38;2;98;172;180m██[38;2;98;172;180m██[38;2;98;172;180m██[38;2;98;172;180m██[38;2;98;172;180m██[38;2;98;172;180m██[38;2;98;172;180m██[38;2;98;172;180m██[38;2;98;172;180m██[38;2;32;115;115m██[38;2;32;115;115m██[38;2;24;41;65m██                      
        [38;2;32;115;115m██[38;2;131;205;213m██[38;2;131;205;213m██[38;2;98;172;180m██[38;2;98;172;180m██[38;2;98;172;180m██[38;2;98;172;180m██[38;2;98;172;180m██[38;2;32;115;115m██[38;2;98;172;180m██[38;2;98;172;180m██[38;2;98;172;180m██[38;2;98;172;180m██[38;2;98;172;180m██[38;2;98;172;180m██[38;2;98;172;180m██[38;2;98;172;180m██[38;2;49;139;148m██[38;2;32;115;115m██[38;2;32;115;115m██[38;2;24;41;65m██                    
      [38;2;32;115;115m██[38;2;131;205;213m██[38;2;131;205;213m██[38;2;98;172;180m██[38;2;131;205;213m██[38;2;98;172;180m██[38;2;98;172;180m██[38;2;98;172;180m██[38;2;98;172;180m██[38;2;98;172;180m██[38;2;32;115;115m██[38;2;98;172;180m██[38;2;98;172;180m██[38;2;98;172;180m██[38;2;98;172;180m██[38;2;98;172;180m██[38;2;98;172;180m██[38;2;98;172;180m██[38;2;49;139;148m██[38;2;32;115;115m██[38;2;32;115;115m██[38;2;32;115;115m██[38;2;24;41;65m██                  
    [38;2;32;115;115m██[38;2;131;205;213m██[38;2;131;205;213m██[38;2;131;205;213m██[38;2;131;205;213m██[38;2;131;205;213m██[38;2;131;205;213m██[38;2;98;172;180m██[38;2;98;172;180m██[38;2;98;172;180m██[38;2;98;172;180m██[38;2;98;172;180m██[38;2;98;172;180m██[38;2;98;172;180m██[38;2;98;172;180m██[38;2;98;172;180m██[38;2;98;172;180m██[38;2;49;139;148m██[38;2;49;139;148m██[38;2;32;115;115m██[38;2;32;115;115m██[38;2;32;115;115m██[38;2;32;115;115m██[38;2;24;41;65m██                  
    [38;2;32;115;115m██[38;2;131;205;213m██[38;2;131;205;213m██[38;2;131;205;213m██[38;2;131;205;213m██[38;2;131;205;213m██[38;2;131;205;213m██[38;2;98;172;180m██[38;2;98;172;180m██[38;2;98;172;180m██[38;2;98;172;180m██[38;2;98;172;180m██[38;2;98;172;180m██[38;2;98;172;180m██[38;2;98;172;180m██[38;2;32;115;115m██[38;2;16;74;98m██[38;2;0;49;82m██[38;2;0;49;82m██[38;2;16;74;98m██[38;2;32;115;115m██[38;2;32;115;115m██[38;2;32;115;115m██[38;2;32;115;115m██[38;2;24;41;65m██                
  [38;2;32;115;115m██[38;2;98;172;180m██[38;2;131;205;213m██[38;2;131;205;213m██[38;2;131;205;213m██[38;2;131;205;213m██[38;2;131;205;213m██[38;2;131;205;213m██[38;2;98;172;180m██[38;2;98;172;180m██[38;2;98;172;180m██[38;2;98;172;180m██[38;2;98;172;180m██[38;2;98;172;180m██[38;2;98;172;180m██[38;2;32;115;115m██[38;2;16;74;98m██[38;2;24;41;65m██[38;2;24;41;65m██[38;2;24;41;65m██[38;2;0;49;82m██[38;2;16;74;98m██[38;2;32;115;115m██[38;2;32;115;115m██[38;2;32;115;115m██[38;2;24;41;65m██                
  [38;2;16;74;98m██[38;2;49;139;148m██[38;2;131;205;213m██[38;2;131;205;213m██[38;2;131;205;213m██[38;2;131;205;213m██[38;2;131;205;213m██[38;2;98;172;180m██[38;2;98;172;180m██[38;2;98;172;180m██[38;2;98;172;180m██[38;2;98;172;180m██[38;2;98;172;180m██[38;2;98;172;180m██[38;2;32;115;115m██[38;2;16;74;98m██[38;2;24;41;65m██[38;2;24;41;65m██[38;2;65;139;172m██[38;2;65;139;172m██[38;2;24;41;65m██[38;2;0;49;82m██[38;2;16;74;98m██[38;2;32;115;115m██[38;2;32;115;115m██[38;2;24;41;65m██                
[38;2;16;74;98m██[38;2;24;41;65m██[38;2;24;41;65m██[38;2;49;139;148m██[38;2;131;205;213m██[38;2;131;205;213m██[38;2;131;205;213m██[38;2;98;172;180m██[38;2;98;172;180m██[38;2;98;172;180m██[38;2;98;172;180m██[38;2;98;172;180m██[38;2;98;172;180m██[38;2;98;172;180m██[38;2;32;115;115m██[38;2;16;74;98m██[38;2;24;41;65m██[38;2;24;41;65m██[38;2;65;115;172m██[38;2;115;180;213m██[38;2;115;180;213m██[38;2;65;139;172m██[38;2;24;41;65m██[38;2;0;49;82m██[38;2;32;115;115m██[38;2;32;115;115m██[38;2;24;41;65m██    [38;2;24;41;65m██[38;2;24;41;65m██[38;2;24;41;65m██[38;2;24;41;65m██    
[38;2;0;49;82m██[38;2;24;41;65m██[38;2;24;41;65m██[38;2;24;41;65m██[38;2;98;172;180m██[38;2;98;172;180m██[38;2;98;172;180m██[38;2;98;172;180m██[38;2;98;172;180m██[38;2;98;172;180m██[38;2;98;172;180m██[38;2;98;172;180m██[38;2;98;172;180m██[38;2;98;172;180m██[38;2;16;74;98m██[38;2;24;41;65m██[38;2;24;41;65m██[38;2;16;74;98m██[38;2;0;49;82m██[38;2;65;115;172m██[38;2;131;205;213m██[38;2;115;180;213m██[38;2;24;41;65m██[38;2;0;49;82m██[38;2;32;115;115m██[38;2;32;115;115m██[38;2;24;41;65m██[38;2;24;41;65m██[38;2;24;41;65m██[38;2;32;115;115m██[38;2;32;115;115m██[38;2;49;139;148m██[38;2;49;139;148m██[38;2;24;41;65m██  
[38;2;24;41;65m██[38;2;24;41;65m██[38;2;115;180;213m██[38;2;24;41;65m██[38;2;24;41;65m██[38;2;98;172;180m██[38;2;98;172;180m██[38;2;98;172;180m██[38;2;98;172;180m██[38;2;98;172;180m██[38;2;98;172;180m██[38;2;98;172;180m██[38;2;98;172;180m██[38;2;49;139;148m██[38;2;24;41;65m██[38;2;24;41;65m██[38;2;180;148;0m██[38;2;16;74;98m██[38;2;16;74;98m██[38;2;0;49;82m██[38;2;131;205;213m██[38;2;115;180;213m██[38;2;24;41;65m██[38;2;0;49;82m██[38;2;32;115;115m██[38;2;32;115;115m██[38;2;24;41;65m██[38;2;32;115;115m██[38;2;32;115;115m██[38;2;32;115;115m██[38;2;32;115;115m██[38;2;49;139;148m██[38;2;49;139;148m██[38;2;24;41;65m██  
[38;2;24;41;65m██[38;2;24;41;65m██[38;2;115;180;213m██[38;2;16;74;98m██[38;2;24;41;65m██[38;2;24;41;65m██[38;2;98;172;180m██[38;2;98;172;180m██[38;2;98;172;180m██[38;2;98;172;180m██[38;2;98;172;180m██[38;2;98;172;180m██[38;2;98;172;180m██[38;2;16;74;98m██[38;2;24;41;65m██[38;2;180;148;0m██[38;2;222;189;57m██[38;2;222;189;57m██[38;2;16;74;98m██[38;2;0;49;82m██[38;2;115;180;213m██[38;2;115;180;213m██[38;2;24;41;65m██[38;2;0;49;82m██[38;2;32;115;115m██[38;2;0;49;82m██[38;2;0;49;82m██[38;2;32;115;115m██[38;2;32;115;115m██[38;2;32;115;115m██[38;2;32;115;115m██[38;2;49;139;148m██[38;2;49;139;148m██[38;2;24;41;65m██  
  [38;2;24;41;65m██[38;2;115;180;213m██[38;2;16;74;98m██[38;2;180;148;0m██[38;2;24;41;65m██[38;2;24;41;65m██[38;2;49;139;148m██[38;2;98;172;180m██[38;2;98;172;180m██[38;2;98;172;180m██[38;2;98;172;180m██[38;2;49;139;148m██[38;2;16;74;98m██[38;2;24;41;65m██[38;2;180;148;0m██[38;2;222;189;57m██[38;2;222;189;57m██[38;2;16;74;98m██[38;2;0;49;82m██[38;2;115;180;213m██[38;2;65;139;172m██[38;2;24;41;65m██[38;2;0;49;82m██[38;2;32;115;115m██[38;2;24;41;65m██[38;2;32;115;115m██[38;2;32;115;115m██[38;2;32;115;115m██[38;2;32;115;115m██[38;2;32;115;115m██[38;2;32;115;115m██[38;2;49;139;148m██[38;2;24;41;65m██  
  [38;2;24;41;65m██[38;2;65;139;172m██[38;2;16;74;98m██[38;2;180;148;0m██[38;2;24;41;65m██[38;2;24;41;65m██[38;2;49;139;148m██[38;2;49;139;148m██[38;2;49;139;148m██[38;2;49;139;148m██[38;2;49;139;148m██[38;2;49;139;148m██[38;2;16;74;98m██[38;2;24;41;65m██[38;2;24;41;65m██[38;2;24;41;65m██[38;2;24;41;65m██[38;2;0;49;82m██[38;2;65;139;172m██[38;2;65;139;172m██[38;2;24;41;65m██[38;2;24;41;65m██[38;2;16;74;98m██[38;2;24;41;65m██[38;2;32;115;115m██[38;2;32;115;115m██[38;2;32;115;115m██[38;2;32;115;115m██[38;2;32;115;115m██[38;2;32;115;115m██[38;2;32;115;115m██[38;2;24;41;65m██    
    [38;2;24;41;65m██[38;2;65;139;172m██[38;2;24;41;65m██[38;2;24;41;65m██[38;2;16;74;98m██[38;2;32;115;115m██[38;2;32;115;115m██[38;2;49;139;148m██[38;2;49;139;148m██[38;2;49;139;148m██[38;2;32;115;115m██[38;2;32;115;115m██[38;2;32;115;115m██[38;2;16;74;98m██[38;2;24;41;65m██[38;2;24;41;65m██[38;2;24;41;65m██[38;2;24;41;65m██[38;2;24;41;65m██[38;2;24;41;65m██[38;2;16;74;98m██[38;2;0;49;82m██[38;2;0;49;82m██[38;2;32;115;115m██[38;2;32;115;115m██[38;2;32;115;115m██[38;2;32;115;115m██[38;2;32;115;115m██[38;2;32;115;115m██[38;2;32;115;115m██[38;2;24;41;65m██    
      [38;2;24;41;65m██[38;2;0;49;82m██[38;2;32;115;115m██[38;2;32;115;115m██[38;2;32;115;115m██[38;2;32;115;115m██[38;2;32;115;115m██[38;2;32;115;115m██[38;2;32;115;115m██[38;2;32;115;115m██[38;2;32;115;115m██[38;2;32;115;115m██[38;2;32;115;115m██[38;2;32;115;115m██[38;2;32;115;115m██[38;2;32;115;115m██[38;2;32;115;115m██[38;2;32;115;115m██[38;2;0;49;82m██[38;2;24;41;65m██[38;2;24;41;65m██[38;2;16;74;98m██[38;2;16;74;98m██[38;2;32;115;115m██[38;2;32;115;115m██[38;2;32;115;115m██[38;2;32;115;115m██[38;2;32;115;115m██[38;2;32;115;115m██[38;2;24;41;65m██    
        [38;2;24;41;65m██[38;2;16;74;98m██[38;2;32;115;115m██[38;2;0;49;82m██[38;2;0;49;82m██[38;2;16;74;98m██[38;2;32;115;115m██[38;2;32;115;115m██[38;2;32;115;115m██[38;2;32;115;115m██[38;2;0;49;82m██[38;2;0;49;82m██[38;2;0;49;82m██[38;2;32;115;115m██[38;2;32;115;115m██[38;2;32;115;115m██[38;2;24;41;65m██[38;2;24;41;65m██[38;2;32;115;115m██[38;2;32;115;115m██[38;2;32;115;115m██[38;2;16;74;98m██[38;2;16;74;98m██[38;2;32;115;115m██[38;2;32;115;115m██[38;2;32;115;115m██[38;2;32;115;115m██[38;2;32;115;115m██[38;2;24;41;65m██    
          [38;2;24;41;65m██[38;2;24;41;65m██[38;2;32;115;115m██[38;2;32;115;115m██[38;2;16;74;98m██[38;2;0;49;82m██[38;2;0;49;82m██[38;2;0;49;82m██[38;2;0;49;82m██[38;2;32;115;115m██[38;2;32;115;115m██[38;2;32;115;115m██[38;2;32;115;115m██[38;2;24;41;65m██[38;2;24;41;65m██[38;2;32;115;115m██[38;2;32;115;115m██[38;2;32;115;115m██[38;2;32;115;115m██[38;2;32;115;115m██[38;2;32;115;115m██[38;2;32;115;115m██[38;2;32;115;115m██[38;2;32;115;115m██[38;2;32;115;115m██[38;2;32;115;115m██[38;2;49;139;148m██[38;2;49;139;148m██[38;2;24;41;65m██  
              [38;2;24;41;65m██[38;2;24;41;65m██[38;2;0;49;82m██[38;2;32;115;115m██[38;2;32;115;115m██[38;2;32;115;115m██[38;2;32;115;115m██[38;2;32;115;115m██[38;2;16;74;98m██[38;2;24;41;65m██[38;2;24;41;65m██[38;2;32;115;115m██[38;2;32;115;115m██[38;2;32;115;115m██[38;2;32;115;115m██[38;2;32;115;115m██[38;2;32;115;115m██[38;2;32;115;115m██[38;2;32;115;115m██[38;2;32;115;115m██[38;2;32;115;115m██[38;2;32;115;115m██[38;2;32;115;115m██[38;2;49;139;148m██[38;2;49;139;148m██[38;2;49;139;148m██[38;2;49;139;148m██[38;2;24;41;65m██
                [38;2;16;74;98m██[38;2;0;49;82m██[38;2;24;41;65m██[38;2;24;41;65m██[38;2;0;49;82m██[38;2;16;74;98m██[38;2;32;115;115m██[38;2;32;115;115m██[38;2;32;115;115m██[38;2;32;115;115m██[38;2;32;115;115m██[38;2;32;115;115m██[38;2;32;115;115m██[38;2;32;115;115m██[38;2;32;115;115m██[38;2;32;115;115m██[38;2;32;115;115m██[38;2;32;115;115m██[38;2;32;115;115m██[38;2;32;115;115m██[38;2;32;115;115m██[38;2;32;115;115m██[38;2;32;115;115m██[38;2;49;139;148m██[38;2;49;139;148m██[38;2;49;139;148m██[38;2;24;41;65m██
              [38;2;24;41;65m██[38;2;98;172;180m██[38;2;49;139;148m██[38;2;49;139;148m██[38;2;49;139;148m██[38;2;16;74;98m██[38;2;32;115;115m██[38;2;32;115;115m██[38;2;32;115;115m██[38;2;32;115;115m██[38;2;32;115;115m██[38;2;32;115;115m██[38;2;32;115;115m██[38;2;32;115;115m██[38;2;32;115;115m██[38;2;32;115;115m██[38;2;32;115;115m██[38;2;32;115;115m██[38;2;32;115;115m██[38;2;32;115;115m██[38;2;32;115;115m██[38;2;32;115;115m██[38;2;32;115;115m██[38;2;32;115;115m██[38;2;32;115;115m██[38;2;32;115;115m██[38;2;49;139;148m██[38;2;24;41;65m██
              [38;2;24;41;65m██[38;2;98;172;180m██[38;2;49;139;148m██[38;2;49;139;148m██[38;2;49;139;148m██[38;2;49;139;148m██[38;2;16;74;98m██[38;2;16;74;98m██[38;2;32;115;115m██[38;2;32;115;115m██[38;2;32;115;115m██[38;2;32;115;115m██[38;2;32;115;115m██[38;2;32;115;115m██[38;2;32;115;115m██[38;2;32;115;115m██[38;2;32;115;115m██[38;2;32;115;115m██[38;2;32;115;115m██[38;2;32;115;115m██[38;2;32;115;115m██[38;2;32;115;115m██[38;2;32;115;115m██[38;2;32;115;115m██[38;2;32;115;115m██[38;2;24;41;65m██[38;2;24;41;65m██  
                [38;2;24;41;65m██[38;2;98;172;180m██[38;2;49;139;148m██[38;2;49;139;148m██[38;2;49;139;148m██[38;2;49;139;148m██[38;2;49;139;148m██[38;2;16;74;98m██[38;2;16;74;98m██[38;2;32;115;115m██[38;2;32;115;115m██[38;2;32;115;115m██[38;2;32;115;115m██[38;2;32;115;115m██[38;2;32;115;115m██[38;2;32;115;115m██[38;2;32;115;115m██[38;2;32;115;115m██[38;2;32;115;115m██[38;2;32;115;115m██[38;2;32;115;115m██[38;2;32;115;115m██[38;2;24;41;65m██[38;2;24;41;65m██      
                  [38;2;24;41;65m██[38;2;98;172;180m██[38;2;49;139;148m██[38;2;49;139;148m██[38;2;49;139;148m██[38;2;49;139;148m██[38;2;49;139;148m██[38;2;49;139;148m██[38;2;49;139;148m██[38;2;32;115;115m██[38;2;32;115;115m██[38;2;32;115;115m██[38;2;32;115;115m██[38;2;32;115;115m██[38;2;32;115;115m██[38;2;32;115;115m██[38;2;32;115;115m██[38;2;32;115;115m██[38;2;32;115;115m██[38;2;24;41;65m██[38;2;24;41;65m██          
                  [38;2;24;41;65m██[38;2;98;172;180m██[38;2;49;139;148m██[38;2;49;139;148m██[38;2;49;139;148m██[38;2;49;139;148m██[38;2;49;139;148m██[38;2;49;139;148m██[38;2;49;139;148m██[38;2;49;139;148m██[38;2;49;139;148m██[38;2;32;115;115m██[38;2;32;115;115m██[38;2;32;115;115m██[38;2;32;115;115m██[38;2;49;139;148m██[38;2;49;139;148m██[38;2;49;139;148m██[38;2;24;41;65m██              
                [38;2;24;41;65m██[38;2;98;172;180m██[38;2;98;172;180m██[38;2;98;172;180m██[38;2;49;139;148m██[38;2;49;139;148m██[38;2;32;115;115m██[38;2;32;115;115m██[38;2;49;139;148m██[38;2;49;139;148m██[38;2;49;139;148m██[38;2;49;139;148m██[38;2;49;139;148m██[38;2;49;139;148m██[38;2;49;139;148m██[38;2;49;139;148m██[38;2;49;139;148m██[38;2;49;139;148m██[38;2;24;41;65m██                
                [38;2;24;41;65m██[38;2;98;172;180m██[38;2;98;172;180m██[38;2;98;172;180m██[38;2;49;139;148m██[38;2;32;115;115m██[38;2;32;115;115m██[38;2;32;115;115m██[38;2;32;115;115m██[38;2;98;172;180m██[38;2;98;172;180m██[38;2;98;172;180m██[38;2;49;139;148m██[38;2;49;139;148m██[38;2;49;139;148m██[38;2;49;139;148m██[38;2;49;139;148m██[38;2;24;41;65m██                  
                [38;2;24;41;65m██[38;2;98;172;180m██[38;2;98;172;180m██[38;2;98;172;180m██[38;2;24;41;65m██[38;2;24;41;65m██[38;2;24;41;65m██[38;2;24;41;65m██[38;2;32;115;115m██[38;2;32;115;115m██[38;2;98;172;180m██[38;2;98;172;180m██[38;2;98;172;180m██[38;2;98;172;180m██[38;2;98;172;180m██[38;2;98;172;180m██[38;2;98;172;180m██[38;2;24;41;65m██                  
                  [38;2;24;41;65m██[38;2;24;41;65m██[38;2;24;41;65m██        [38;2;24;41;65m██[38;2;24;41;65m██[38;2;24;41;65m██[38;2;98;172;180m██[38;2;98;172;180m██[38;2;98;172;180m██[38;2;98;172;180m██[38;2;98;172;180m██[38;2;24;41;65m██                    
                                      [38;2;24;41;65m██[38;2;24;41;65m██[38;2;24;41;65m██[38;2;24;41;65m██[38;2;24;41;65m██                      
