                          [38;2;164;57;49m██[38;2;164;57;49m██[38;2;164;57;49m██[38;2;164;57;49m██[38;2;164;57;49m██[38;2;106;8;8m██[38;2;106;8;8m██[38;2;106;8;8m██                                                                
                    [38;2;164;57;49m██[38;2;164;57;49m██[38;2;164;57;49m██[38;2;230;139;123m██[38;2;230;139;123m██[38;2;230;139;123m██[38;2;230;139;123m██[38;2;230;139;123m██[38;2;230;139;123m██[38;2;205;106;90m██[38;2;164;57;49m██[38;2;106;8;8m██[38;2;106;8;8m██                                                            
                [38;2;164;57;49m██[38;2;164;57;49m██[38;2;230;139;123m██[38;2;230;139;123m██[38;2;230;139;123m██[38;2;230;139;123m██[38;2;230;139;123m██[38;2;205;106;90m██[38;2;16;16;16m██[38;2;16;16;16m██[38;2;16;16;16m██[38;2;16;16;16m██[38;2;16;16;16m██[38;2;16;16;16m██[38;2;16;16;16m██[38;2;16;16;16m██                                                          
              [38;2;164;57;49m██[38;2;230;139;123m██[38;2;230;139;123m██[38;2;230;139;123m██[38;2;230;139;123m██[38;2;205;106;90m██[38;2;106;8;8m██[38;2;106;8;8m██[38;2;106;8;8m██                                                                          
            [38;2;164;57;49m██[38;2;230;139;123m██[38;2;230;139;123m██[38;2;230;139;123m██[38;2;230;139;123m██[38;2;106;8;8m██[38;2;106;8;8m██                                                                            [38;2;106;8;8m██[38;2;106;8;8m██
          [38;2;164;57;49m██[38;2;230;139;123m██[38;2;230;139;123m██[38;2;230;139;123m██[38;2;230;139;123m██[38;2;106;8;8m██                                                                            [38;2;106;8;8m██[38;2;106;8;8m██[38;2;230;139;123m██[38;2;16;16;16m██
        [38;2;106;8;8m██[38;2;230;139;123m██[38;2;230;139;123m██[38;2;230;139;123m██[38;2;205;106;90m██[38;2;16;16;16m██                                                                          [38;2;106;8;8m██[38;2;106;8;8m██[38;2;230;139;123m██[38;2;230;139;123m██[38;2;16;16;16m██  
        [38;2;106;8;8m██[38;2;230;139;123m██[38;2;230;139;123m██[38;2;205;106;90m██[38;2;16;16;16m██                                                                          [38;2;106;8;8m██[38;2;230;139;123m██[38;2;230;139;123m██[38;2;230;139;123m██[38;2;16;16;16m██    
      [38;2;106;8;8m██[38;2;230;139;123m██[38;2;230;139;123m██[38;2;205;106;90m██[38;2;164;57;49m██[38;2;16;16;16m██            [38;2;189;156;205m██[38;2;189;156;205m██[38;2;189;156;205m██[38;2;189;156;205m██[38;2;189;156;205m██[38;2;189;156;205m██                                                [38;2;106;8;8m██[38;2;230;139;123m██[38;2;230;139;123m██[38;2;230;139;123m██[38;2;16;16;16m██      
      [38;2;106;8;8m██[38;2;230;139;123m██[38;2;230;139;123m██[38;2;164;57;49m██[38;2;16;16;16m██          [38;2;189;156;205m██[38;2;189;156;205m██[38;2;255;255;255m██[38;2;255;255;255m██[38;2;255;255;255m██[38;2;255;255;255m██[38;2;255;255;255m██[38;2;255;255;255m██[38;2;189;156;205m██[38;2;189;156;205m██                                          [38;2;106;8;8m██[38;2;230;139;123m██[38;2;230;139;123m██[38;2;230;139;123m██[38;2;16;16;16m██        
      [38;2;106;8;8m██[38;2;230;139;123m██[38;2;205;106;90m██[38;2;164;57;49m██[38;2;16;16;16m██      [38;2;123;90;139m██[38;2;189;156;205m██[38;2;255;255;255m██[38;2;255;255;255m██[38;2;255;255;255m██[38;2;255;255;255m██[38;2;255;255;255m██[38;2;255;255;255m██[38;2;255;255;255m██[38;2;255;255;255m██[38;2;255;255;255m██[38;2;255;255;255m██[38;2;189;156;205m██[38;2;123;90;139m██                                    [38;2;106;8;8m██[38;2;230;139;123m██[38;2;230;139;123m██[38;2;230;139;123m██[38;2;230;139;123m██[38;2;16;16;16m██        
    [38;2;106;8;8m██[38;2;230;139;123m██[38;2;205;106;90m██[38;2;164;57;49m██[38;2;16;16;16m██      [38;2;123;90;139m██[38;2;255;255;255m██[38;2;255;255;255m██[38;2;255;255;255m██[38;2;255;255;255m██[38;2;255;255;255m██[38;2;255;255;255m██[38;2;255;255;255m██[38;2;255;255;255m██[38;2;255;255;255m██[38;2;255;255;255m██[38;2;255;255;255m██[38;2;255;255;255m██[38;2;255;255;255m██[38;2;255;255;255m██[38;2;123;90;139m██                                [38;2;106;8;8m██[38;2;230;139;123m██[38;2;230;139;123m██[38;2;230;139;123m██[38;2;230;139;123m██[38;2;16;16;16m██          
    [38;2;106;8;8m██[38;2;230;139;123m██[38;2;164;57;49m██[38;2;164;57;49m██[38;2;16;16;16m██    [38;2;123;90;139m██[38;2;255;255;255m██[38;2;255;255;255m██[38;2;255;255;255m██[38;2;222;189;238m██[38;2;230;139;123m██[38;2;164;57;49m██[38;2;238;222;246m██[38;2;255;255;255m██[38;2;255;255;255m██[38;2;255;255;255m██[38;2;255;255;255m██[38;2;255;255;255m██[38;2;255;255;255m██[38;2;255;255;255m██[38;2;255;255;255m██[38;2;255;255;255m██[38;2;123;90;139m██                            [38;2;106;8;8m██[38;2;230;139;123m██[38;2;230;139;123m██[38;2;230;139;123m██[38;2;205;106;90m██[38;2;205;106;90m██[38;2;16;16;16m██          
    [38;2;16;16;16m██[38;2;205;106;90m██[38;2;164;57;49m██[38;2;164;57;49m██[38;2;16;16;16m██    [38;2;16;16;16m██[38;2;255;255;255m██[38;2;255;255;255m██[38;2;222;189;238m██[38;2;230;139;123m██[38;2;230;139;123m██[38;2;164;57;49m██[38;2;222;189;238m██[38;2;255;255;255m██[38;2;255;255;255m██[38;2;255;255;255m██[38;2;255;255;255m██[38;2;255;255;255m██[38;2;255;255;255m██[38;2;255;255;255m██[38;2;255;255;255m██[38;2;255;255;255m██[38;2;222;189;238m██[38;2;189;156;205m██                          [38;2;106;8;8m██[38;2;230;139;123m██[38;2;230;139;123m██[38;2;205;106;90m██[38;2;164;57;49m██[38;2;16;16;16m██            
    [38;2;16;16;16m██[38;2;164;57;49m██[38;2;164;57;49m██[38;2;164;57;49m██[38;2;164;57;49m██[38;2;16;16;16m██[38;2;16;16;16m██[38;2;255;255;255m██[38;2;255;255;255m██[38;2;255;255;255m██[38;2;230;139;123m██[38;2;230;139;123m██[38;2;230;139;123m██[38;2;106;8;8m██[38;2;222;189;238m██[38;2;255;255;255m██[38;2;255;255;255m██[38;2;255;255;255m██[38;2;255;255;255m██[38;2;255;255;255m██[38;2;255;255;255m██[38;2;255;255;255m██[38;2;255;255;255m██[38;2;255;255;255m██[38;2;255;255;255m██[38;2;123;90;139m██                        [38;2;106;8;8m██[38;2;230;139;123m██[38;2;230;139;123m██[38;2;205;106;90m██[38;2;164;57;49m██[38;2;164;57;49m██[38;2;16;16;16m██            
    [38;2;16;16;16m██[38;2;164;57;49m██[38;2;164;57;49m██[38;2;164;57;49m██[38;2;164;57;49m██[38;2;164;57;49m██[38;2;16;16;16m██[38;2;255;255;255m██[38;2;255;255;255m██[38;2;238;222;246m██[38;2;230;139;123m██[38;2;230;139;123m██[38;2;164;57;49m██[38;2;106;8;8m██[38;2;222;189;238m██[38;2;255;255;255m██[38;2;255;255;255m██[38;2;255;255;255m██[38;2;255;255;255m██[38;2;255;255;255m██[38;2;255;255;255m██[38;2;255;255;255m██[38;2;255;255;255m██[38;2;255;255;255m██[38;2;238;222;246m██[38;2;123;90;139m██                        [38;2;106;8;8m██[38;2;230;139;123m██[38;2;205;106;90m██[38;2;164;57;49m██[38;2;164;57;49m██[38;2;164;57;49m██[38;2;106;8;8m██            
    [38;2;16;16;16m██[38;2;164;57;49m██[38;2;106;8;8m██[38;2;16;16;16m██[38;2;164;57;49m██[38;2;164;57;49m██[38;2;16;16;16m██[38;2;255;255;255m██[38;2;255;255;255m██[38;2;222;189;238m██[38;2;230;139;123m██[38;2;230;139;123m██[38;2;164;57;49m██[38;2;106;8;8m██[38;2;238;222;246m██[38;2;255;255;255m██[38;2;255;255;255m██[38;2;255;255;255m██[38;2;255;255;255m██[38;2;255;255;255m██[38;2;255;255;255m██[38;2;255;255;255m██[38;2;255;255;255m██[38;2;255;255;255m██[38;2;222;189;238m██[38;2;222;189;238m██[38;2;123;90;139m██                      [38;2;106;8;8m██[38;2;230;139;123m██[38;2;205;106;90m██[38;2;164;57;49m██[38;2;164;57;49m██[38;2;164;57;49m██[38;2;164;57;49m██[38;2;106;8;8m██          
      [38;2;16;16;16m██[38;2;106;8;8m██  [38;2;16;16;16m██[38;2;205;106;90m██[38;2;16;16;16m██[38;2;255;255;255m██[38;2;255;255;255m██[38;2;222;189;238m██[38;2;164;57;49m██[38;2;164;57;49m██[38;2;106;8;8m██[38;2;238;222;246m██[38;2;255;255;255m██[38;2;255;255;255m██[38;2;255;255;255m██[38;2;255;255;255m██[38;2;255;255;255m██[38;2;255;255;255m██[38;2;255;255;255m██[38;2;255;255;255m██[38;2;255;255;255m██[38;2;238;222;246m██[38;2;222;189;238m██[38;2;222;189;238m██[38;2;123;90;139m██                    [38;2;16;16;16m██[38;2;230;139;123m██[38;2;205;106;90m██[38;2;164;57;49m██[38;2;164;57;49m██[38;2;164;57;49m██[38;2;164;57;49m██[38;2;164;57;49m██[38;2;16;16;16m██          
              [38;2;106;8;8m██[38;2;16;16;16m██[38;2;222;189;238m██[38;2;238;222;246m██[38;2;222;189;238m██[38;2;106;8;8m██[38;2;106;8;8m██[38;2;230;139;123m██[38;2;255;255;255m██[38;2;255;255;255m██[38;2;255;255;255m██[38;2;255;255;255m██[38;2;255;255;255m██[38;2;255;255;255m██[38;2;255;255;255m██[38;2;255;255;255m██[38;2;255;255;255m██[38;2;238;222;246m██[38;2;222;189;238m██[38;2;222;189;238m██[38;2;222;189;238m██[38;2;16;16;16m██  [38;2;189;156;205m██[38;2;123;90;139m██[38;2;123;90;139m██            [38;2;16;16;16m██[38;2;205;106;90m██[38;2;164;57;49m██[38;2;164;57;49m██[38;2;164;57;49m██[38;2;16;16;16m██[38;2;16;16;16m██[38;2;16;16;16m██[38;2;16;16;16m██          
                [38;2;106;8;8m██[38;2;16;16;16m██[38;2;164;57;49m██[38;2;255;255;255m██[38;2;230;139;123m██[38;2;230;139;123m██[38;2;255;255;255m██[38;2;255;255;255m██[38;2;255;255;255m██[38;2;238;222;246m██[38;2;106;8;8m██[38;2;106;8;8m██[38;2;189;156;205m██[38;2;238;222;246m██[38;2;238;222;246m██[38;2;222;189;238m██[38;2;222;189;238m██[38;2;222;189;238m██[38;2;222;189;238m██[38;2;222;189;238m██[38;2;16;16;16m██[38;2;123;90;139m██[38;2;189;156;205m██[38;2;255;255;255m██[38;2;255;255;255m██[38;2;123;90;139m██          [38;2;16;16;16m██[38;2;164;57;49m██[38;2;164;57;49m██[38;2;16;16;16m██[38;2;16;16;16m██                  
                  [38;2;164;57;49m██[38;2;16;131;115m██[38;2;164;57;49m██[38;2;238;222;246m██[38;2;238;222;246m██[38;2;238;222;246m██[38;2;222;189;238m██[38;2;106;8;8m██[38;2;106;8;8m██[38;2;164;57;49m██[38;2;16;131;115m██[38;2;16;16;16m██[38;2;189;156;205m██[38;2;222;189;238m██[38;2;222;189;238m██[38;2;222;189;238m██[38;2;222;189;238m██[38;2;222;189;238m██[38;2;222;189;238m██[38;2;16;16;16m██[38;2;255;255;255m██[38;2;255;255;255m██[38;2;255;255;255m██[38;2;123;90;139m██            [38;2;16;16;16m██[38;2;164;57;49m██[38;2;16;16;16m██                      
                [38;2;123;90;139m██[38;2;164;57;49m██[38;2;49;164;148m██[38;2;255;255;255m██[38;2;106;8;8m██[38;2;106;8;8m██[38;2;106;8;8m██[38;2;106;8;8m██[38;2;164;57;49m██[38;2;106;8;8m██[38;2;255;255;255m██[38;2;49;164;148m██[38;2;255;255;255m██[38;2;16;16;16m██[38;2;222;189;238m██[38;2;222;189;238m██[38;2;222;189;238m██[38;2;222;189;238m██[38;2;222;189;238m██[38;2;222;189;238m██[38;2;16;16;16m██[38;2;222;189;238m██[38;2;189;156;205m██[38;2;123;90;139m██              [38;2;16;16;16m██[38;2;164;57;49m██[38;2;16;16;16m██                      
              [38;2;123;90;139m██[38;2;255;255;255m██[38;2;164;57;49m██[38;2;205;106;90m██[38;2;49;164;148m██[38;2;205;106;90m██[38;2;230;139;123m██[38;2;205;106;90m██[38;2;205;106;90m██[38;2;106;8;8m██[38;2;49;164;148m██[38;2;49;164;148m██[38;2;82;180;189m██[38;2;164;57;49m██[38;2;205;106;90m██[38;2;123;90;139m██[38;2;222;189;238m██[38;2;222;189;238m██[38;2;222;189;238m██[38;2;222;189;238m██[38;2;16;16;16m██[38;2;222;189;238m██[38;2;255;255;255m██[38;2;255;255;255m██[38;2;123;90;139m██[38;2;123;90;139m██[38;2;123;90;139m██  [38;2;123;90;139m██[38;2;123;90;139m██[38;2;123;90;139m██[38;2;123;90;139m██[38;2;106;8;8m██[38;2;16;16;16m██                        
            [38;2;123;90;139m██[38;2;255;255;255m██[38;2;189;156;205m██[38;2;205;106;90m██[38;2;230;139;123m██[38;2;230;139;123m██[38;2;230;139;123m██[38;2;230;139;123m██[38;2;205;106;90m██[38;2;205;106;90m██[38;2;205;106;90m██[38;2;164;57;49m██[38;2;164;57;49m██[38;2;164;57;49m██[38;2;205;106;90m██[38;2;205;106;90m██[38;2;16;16;16m██[38;2;222;189;238m██[38;2;222;189;238m██[38;2;222;189;238m██[38;2;222;189;238m██[38;2;16;16;16m██[38;2;222;189;238m██[38;2;222;189;238m██[38;2;255;255;255m██[38;2;255;255;255m██[38;2;238;222;246m██[38;2;16;16;16m██[38;2;123;90;139m██[38;2;255;255;255m██[38;2;255;255;255m██[38;2;255;255;255m██[38;2;255;255;255m██[38;2;123;90;139m██[38;2;123;90;139m██                        
            [38;2;16;16;16m██[38;2;16;16;16m██[38;2;255;255;255m██[38;2;255;255;255m██[38;2;164;57;49m██[38;2;230;139;123m██[38;2;230;139;123m██[38;2;205;106;90m██[38;2;205;106;90m██[38;2;205;106;90m██[38;2;205;106;90m██[38;2;230;139;123m██[38;2;230;139;123m██[38;2;230;139;123m██[38;2;205;106;90m██[38;2;164;57;49m██[38;2;16;16;16m██[38;2;222;189;238m██[38;2;222;189;238m██[38;2;222;189;238m██[38;2;222;189;238m██[38;2;16;16;16m██[38;2;222;189;238m██[38;2;222;189;238m██[38;2;189;156;205m██[38;2;123;90;139m██[38;2;16;16;16m██[38;2;222;189;238m██[38;2;255;255;255m██[38;2;255;255;255m██[38;2;255;255;255m██[38;2;255;255;255m██[38;2;255;255;255m██[38;2;255;255;255m██[38;2;255;255;255m██[38;2;123;90;139m██                      
          [38;2;123;90;139m██[38;2;255;255;255m██[38;2;255;255;255m██[38;2;255;255;255m██[38;2;255;255;255m██[38;2;164;57;49m██[38;2;205;106;90m██[38;2;230;139;123m██[38;2;205;106;90m██[38;2;205;106;90m██[38;2;205;106;90m██[38;2;205;106;90m██[38;2;205;106;90m██[38;2;230;139;123m██[38;2;230;139;123m██[38;2;164;57;49m██[38;2;16;16;16m██[38;2;16;16;16m██[38;2;222;189;238m██[38;2;222;189;238m██[38;2;222;189;238m██[38;2;16;16;16m██[38;2;222;189;238m██[38;2;222;189;238m██[38;2;222;189;238m██[38;2;222;189;238m██[38;2;222;189;238m██[38;2;123;90;139m██[38;2;222;189;238m██[38;2;238;222;246m██[38;2;255;255;255m██[38;2;255;255;255m██[38;2;255;255;255m██[38;2;255;255;255m██[38;2;255;255;255m██[38;2;255;255;255m██[38;2;238;222;246m██[38;2;123;90;139m██                    
        [38;2;123;90;139m██[38;2;255;255;255m██[38;2;255;255;255m██[38;2;189;156;205m██[38;2;123;90;139m██[38;2;255;255;255m██[38;2;255;255;255m██[38;2;164;57;49m██[38;2;205;106;90m██[38;2;16;16;16m██[38;2;106;8;8m██[38;2;205;106;90m██[38;2;205;106;90m██[38;2;205;106;90m██[38;2;205;106;90m██[38;2;164;57;49m██[38;2;16;16;16m██[38;2;222;189;238m██[38;2;16;16;16m██[38;2;222;189;238m██[38;2;222;189;238m██[38;2;222;189;238m██[38;2;16;16;16m██[38;2;222;189;238m██[38;2;222;189;238m██[38;2;123;90;139m██[38;2;222;189;238m██[38;2;222;189;238m██[38;2;222;189;238m██[38;2;123;90;139m██[38;2;222;189;238m██[38;2;255;255;255m██[38;2;255;255;255m██[38;2;255;255;255m██[38;2;255;255;255m██[38;2;255;255;255m██[38;2;255;255;255m██[38;2;255;255;255m██[38;2;123;90;139m██                    
        [38;2;16;16;16m██[38;2;16;16;16m██[38;2;16;16;16m██[38;2;189;156;205m██[38;2;255;255;255m██[38;2;255;255;255m██[38;2;123;90;139m██[38;2;255;255;255m██[38;2;164;57;49m██[38;2;164;57;49m██[38;2;205;106;90m██[38;2;205;106;90m██[38;2;205;106;90m██[38;2;164;57;49m██[38;2;16;16;16m██[38;2;16;16;16m██[38;2;222;189;238m██[38;2;222;189;238m██[38;2;123;90;139m██[38;2;222;189;238m██[38;2;222;189;238m██[38;2;16;16;16m██[38;2;222;189;238m██[38;2;222;189;238m██[38;2;222;189;238m██[38;2;123;90;139m██[38;2;16;16;16m██[38;2;16;16;16m██[38;2;16;16;16m██[38;2;123;90;139m██[38;2;222;189;238m██[38;2;238;222;246m██[38;2;255;255;255m██[38;2;255;255;255m██[38;2;255;255;255m██[38;2;255;255;255m██[38;2;255;255;255m██[38;2;255;255;255m██[38;2;238;222;246m██[38;2;123;90;139m██                  
            [38;2;16;16;16m██[38;2;255;255;255m██[38;2;189;156;205m██[38;2;16;16;16m██[38;2;16;16;16m██[38;2;255;255;255m██[38;2;255;255;255m██[38;2;222;189;238m██[38;2;16;16;16m██[38;2;16;16;16m██[38;2;16;16;16m██[38;2;16;16;16m██[38;2;222;189;238m██[38;2;222;189;238m██[38;2;222;189;238m██[38;2;123;90;139m██[38;2;222;189;238m██[38;2;222;189;238m██[38;2;16;16;16m██[38;2;222;189;238m██[38;2;222;189;238m██[38;2;222;189;238m██[38;2;222;189;238m██[38;2;123;90;139m██[38;2;222;189;238m██[38;2;222;189;238m██[38;2;222;189;238m██[38;2;222;189;238m██[38;2;222;189;238m██[38;2;222;189;238m██[38;2;238;222;246m██[38;2;255;255;255m██[38;2;255;255;255m██[38;2;255;255;255m██[38;2;255;255;255m██[38;2;255;255;255m██[38;2;222;189;238m██[38;2;16;16;16m██                  
            [38;2;16;16;16m██[38;2;16;16;16m██[38;2;16;16;16m██  [38;2;16;16;16m██[38;2;255;255;255m██[38;2;255;255;255m██[38;2;255;255;255m██[38;2;238;222;246m██[38;2;222;189;238m██[38;2;222;189;238m██[38;2;222;189;238m██[38;2;222;189;238m██[38;2;222;189;238m██[38;2;222;189;238m██[38;2;16;16;16m██[38;2;222;189;238m██[38;2;16;16;16m██[38;2;222;189;238m██[38;2;222;189;238m██[38;2;222;189;238m██[38;2;222;189;238m██[38;2;123;90;139m██[38;2;222;189;238m██[38;2;222;189;238m██[38;2;222;189;238m██[38;2;222;189;238m██[38;2;222;189;238m██[38;2;222;189;238m██[38;2;222;189;238m██[38;2;222;189;238m██[38;2;222;189;238m██[38;2;238;222;246m██[38;2;255;255;255m██[38;2;255;255;255m██[38;2;222;189;238m██[38;2;189;156;205m██[38;2;16;16;16m██                  
                    [38;2;16;16;16m██[38;2;255;255;255m██[38;2;255;255;255m██[38;2;255;255;255m██[38;2;255;255;255m██[38;2;255;255;255m██[38;2;222;189;238m██[38;2;222;189;238m██[38;2;222;189;238m██[38;2;222;189;238m██[38;2;222;189;238m██[38;2;16;16;16m██[38;2;16;16;16m██[38;2;222;189;238m██[38;2;222;189;238m██[38;2;222;189;238m██[38;2;222;189;238m██[38;2;222;189;238m██[38;2;123;90;139m██[38;2;222;189;238m██[38;2;222;189;238m██[38;2;222;189;238m██[38;2;222;189;238m██[38;2;222;189;238m██[38;2;222;189;238m██[38;2;222;189;238m██[38;2;222;189;238m██[38;2;222;189;238m██[38;2;222;189;238m██[38;2;222;189;238m██[38;2;222;189;238m██[38;2;222;189;238m██[38;2;189;156;205m██[38;2;16;16;16m██                  
                      [38;2;16;16;16m██[38;2;255;255;255m██[38;2;255;255;255m██[38;2;255;255;255m██[38;2;255;255;255m██[38;2;255;255;255m██[38;2;222;189;238m██[38;2;222;189;238m██[38;2;222;189;238m██[38;2;222;189;238m██[38;2;222;189;238m██[38;2;222;189;238m██[38;2;222;189;238m██[38;2;222;189;238m██[38;2;222;189;238m██[38;2;222;189;238m██[38;2;222;189;238m██[38;2;123;90;139m██[38;2;222;189;238m██[38;2;222;189;238m██[38;2;222;189;238m██[38;2;222;189;238m██[38;2;222;189;238m██[38;2;222;189;238m██[38;2;222;189;238m██[38;2;222;189;238m██[38;2;222;189;238m██[38;2;222;189;238m██[38;2;222;189;238m██[38;2;222;189;238m██[38;2;222;189;238m██[38;2;123;90;139m██                    
                      [38;2;16;16;16m██[38;2;255;255;255m██[38;2;255;255;255m██[38;2;255;255;255m██[38;2;255;255;255m██[38;2;255;255;255m██[38;2;222;189;238m██[38;2;222;189;238m██[38;2;222;189;238m██[38;2;222;189;238m██[38;2;222;189;238m██[38;2;222;189;238m██[38;2;222;189;238m██[38;2;222;189;238m██[38;2;222;189;238m██[38;2;222;189;238m██[38;2;123;90;139m██[38;2;222;189;238m██[38;2;222;189;238m██[38;2;222;189;238m██[38;2;222;189;238m██[38;2;222;189;238m██[38;2;222;189;238m██[38;2;222;189;238m██[38;2;222;189;238m██[38;2;222;189;238m██[38;2;222;189;238m██[38;2;222;189;238m██[38;2;222;189;238m██[38;2;222;189;238m██[38;2;189;156;205m██[38;2;123;90;139m██                    
                        [38;2;16;16;16m██[38;2;255;255;255m██[38;2;189;156;205m██[38;2;255;255;255m██[38;2;255;255;255m██[38;2;222;189;238m██[38;2;222;189;238m██[38;2;222;189;238m██[38;2;222;189;238m██[38;2;222;189;238m██[38;2;222;189;238m██[38;2;222;189;238m██[38;2;222;189;238m██[38;2;222;189;238m██[38;2;222;189;238m██[38;2;123;90;139m██[38;2;222;189;238m██[38;2;123;90;139m██[38;2;222;189;238m██[38;2;222;189;238m██[38;2;222;189;238m██[38;2;222;189;238m██[38;2;123;90;139m██[38;2;222;189;238m██[38;2;222;189;238m██[38;2;222;189;238m██[38;2;222;189;238m██[38;2;222;189;238m██[38;2;222;189;238m██[38;2;189;156;205m██[38;2;16;16;16m██                    
                        [38;2;16;16;16m██[38;2;255;255;255m██[38;2;123;90;139m██[38;2;255;255;255m██[38;2;255;255;255m██[38;2;222;189;238m██[38;2;222;189;238m██[38;2;222;189;238m██[38;2;222;189;238m██[38;2;222;189;238m██[38;2;222;189;238m██[38;2;222;189;238m██[38;2;222;189;238m██[38;2;222;189;238m██[38;2;222;189;238m██[38;2;123;90;139m██[38;2;222;189;238m██[38;2;123;90;139m██[38;2;222;189;238m██[38;2;222;189;238m██[38;2;16;16;16m██[38;2;16;16;16m██  [38;2;123;90;139m██[38;2;222;189;238m██[38;2;222;189;238m██[38;2;222;189;238m██[38;2;222;189;238m██[38;2;222;189;238m██[38;2;222;189;238m██[38;2;16;16;16m██                    
                          [38;2;16;16;16m██[38;2;123;90;139m██[38;2;255;255;255m██[38;2;255;255;255m██[38;2;222;189;238m██[38;2;222;189;238m██[38;2;222;189;238m██[38;2;222;189;238m██[38;2;222;189;238m██[38;2;222;189;238m██[38;2;222;189;238m██[38;2;222;189;238m██[38;2;222;189;238m██[38;2;123;90;139m██[38;2;222;189;238m██[38;2;222;189;238m██[38;2;123;90;139m██[38;2;16;16;16m██[38;2;123;90;139m██[38;2;16;16;16m██    [38;2;123;90;139m██[38;2;222;189;238m██[38;2;222;189;238m██[38;2;222;189;238m██[38;2;222;189;238m██[38;2;222;189;238m██[38;2;222;189;238m██[38;2;16;16;16m██        [38;2;106;8;8m██          
                        [38;2;123;90;139m██[38;2;222;189;238m██[38;2;16;16;16m██[38;2;255;255;255m██[38;2;222;189;238m██[38;2;222;189;238m██[38;2;222;189;238m██[38;2;189;156;205m██[38;2;222;189;238m██[38;2;222;189;238m██[38;2;222;189;238m██[38;2;222;189;238m██[38;2;222;189;238m██[38;2;123;90;139m██[38;2;222;189;238m██[38;2;222;189;238m██[38;2;222;189;238m██[38;2;16;16;16m██[38;2;123;90;139m██[38;2;123;90;139m██[38;2;16;16;16m██      [38;2;16;16;16m██[38;2;222;189;238m██[38;2;222;189;238m██[38;2;222;189;238m██[38;2;222;189;238m██[38;2;222;189;238m██[38;2;189;156;205m██[38;2;16;16;16m██[38;2;16;16;16m██  [38;2;106;8;8m██[38;2;164;57;49m██[38;2;16;16;16m██        
                        [38;2;123;90;139m██[38;2;222;189;238m██[38;2;222;189;238m██[38;2;16;16;16m██[38;2;222;189;238m██[38;2;222;189;238m██[38;2;222;189;238m██[38;2;189;156;205m██[38;2;222;189;238m██[38;2;222;189;238m██[38;2;222;189;238m██[38;2;222;189;238m██[38;2;222;189;238m██[38;2;123;90;139m██[38;2;222;189;238m██[38;2;222;189;238m██[38;2;222;189;238m██[38;2;16;16;16m██[38;2;123;90;139m██[38;2;123;90;139m██[38;2;123;90;139m██[38;2;16;16;16m██    [38;2;16;16;16m██[38;2;222;189;238m██[38;2;222;189;238m██[38;2;222;189;238m██[38;2;222;189;238m██[38;2;222;189;238m██[38;2;189;156;205m██[38;2;189;156;205m██[38;2;189;156;205m██[38;2;16;16;16m██[38;2;164;57;49m██[38;2;164;57;49m██[38;2;16;16;16m██        
                        [38;2;123;90;139m██[38;2;222;189;238m██[38;2;222;189;238m██[38;2;16;16;16m██[38;2;222;189;238m██[38;2;222;189;238m██[38;2;222;189;238m██[38;2;222;189;238m██[38;2;189;156;205m██[38;2;222;189;238m██[38;2;222;189;238m██[38;2;222;189;238m██[38;2;123;90;139m██[38;2;123;90;139m██[38;2;222;189;238m██[38;2;222;189;238m██[38;2;222;189;238m██[38;2;16;16;16m██[38;2;123;90;139m██[38;2;123;90;139m██[38;2;123;90;139m██[38;2;16;16;16m██      [38;2;16;16;16m██[38;2;222;189;238m██[38;2;222;189;238m██[38;2;222;189;238m██[38;2;189;156;205m██[38;2;189;156;205m██[38;2;189;156;205m██[38;2;189;156;205m██[38;2;189;156;205m██[38;2;189;156;205m██[38;2;123;90;139m██[38;2;16;16;16m██        
                      [38;2;123;90;139m██[38;2;222;189;238m██[38;2;222;189;238m██[38;2;222;189;238m██[38;2;222;189;238m██[38;2;16;16;16m██[38;2;222;189;238m██[38;2;222;189;238m██[38;2;222;189;238m██[38;2;123;90;139m██[38;2;222;189;238m██[38;2;222;189;238m██[38;2;222;189;238m██[38;2;123;90;139m██[38;2;222;189;238m██[38;2;222;189;238m██[38;2;222;189;238m██[38;2;222;189;238m██[38;2;16;16;16m██[38;2;123;90;139m██[38;2;123;90;139m██[38;2;123;90;139m██[38;2;16;16;16m██      [38;2;123;90;139m██[38;2;123;90;139m██[38;2;189;156;205m██[38;2;189;156;205m██[38;2;189;156;205m██[38;2;189;156;205m██[38;2;189;156;205m██[38;2;189;156;205m██[38;2;189;156;205m██[38;2;189;156;205m██[38;2;189;156;205m██[38;2;16;16;16m██        
                      [38;2;123;90;139m██[38;2;222;189;238m██[38;2;222;189;238m██[38;2;222;189;238m██[38;2;222;189;238m██[38;2;16;16;16m██[38;2;16;16;16m██[38;2;222;189;238m██[38;2;222;189;238m██[38;2;123;90;139m██[38;2;189;156;205m██[38;2;222;189;238m██[38;2;189;156;205m██[38;2;16;16;16m██[38;2;222;189;238m██[38;2;222;189;238m██[38;2;222;189;238m██[38;2;222;189;238m██[38;2;222;189;238m██[38;2;16;16;16m██[38;2;123;90;139m██[38;2;16;16;16m██          [38;2;16;16;16m██[38;2;16;16;16m██[38;2;16;16;16m██[38;2;189;156;205m██[38;2;189;156;205m██[38;2;189;156;205m██[38;2;189;156;205m██[38;2;189;156;205m██[38;2;189;156;205m██[38;2;189;156;205m██[38;2;16;16;16m██        
                    [38;2;123;90;139m██[38;2;238;222;246m██[38;2;222;189;238m██[38;2;222;189;238m██[38;2;222;189;238m██[38;2;16;16;16m██  [38;2;16;16;16m██[38;2;222;189;238m██[38;2;222;189;238m██[38;2;16;16;16m██[38;2;189;156;205m██[38;2;222;189;238m██[38;2;123;90;139m██[38;2;16;16;16m██[38;2;123;90;139m██[38;2;222;189;238m██[38;2;222;189;238m██[38;2;238;222;246m██[38;2;238;222;246m██[38;2;16;16;16m██[38;2;123;90;139m██[38;2;16;16;16m██                [38;2;16;16;16m██[38;2;16;16;16m██[38;2;123;90;139m██[38;2;189;156;205m██[38;2;189;156;205m██[38;2;189;156;205m██[38;2;189;156;205m██[38;2;16;16;16m██        
                    [38;2;123;90;139m██[38;2;255;255;255m██[38;2;238;222;246m██[38;2;222;189;238m██[38;2;222;189;238m██[38;2;16;16;16m██    [38;2;16;16;16m██[38;2;222;189;238m██[38;2;16;16;16m██[38;2;16;16;16m██[38;2;222;189;238m██[38;2;16;16;16m██[38;2;123;90;139m██[38;2;16;16;16m██[38;2;222;189;238m██[38;2;238;222;246m██[38;2;255;255;255m██[38;2;255;255;255m██[38;2;16;16;16m██[38;2;16;16;16m██                        [38;2;16;16;16m██[38;2;189;156;205m██[38;2;189;156;205m██[38;2;189;156;205m██[38;2;189;156;205m██[38;2;16;16;16m██      
                  [38;2;123;90;139m██[38;2;255;255;255m██[38;2;255;255;255m██[38;2;238;222;246m██[38;2;222;189;238m██[38;2;16;16;16m██      [38;2;16;16;16m██[38;2;16;16;16m██    [38;2;16;16;16m██[38;2;123;90;139m██[38;2;123;90;139m██[38;2;16;16;16m██[38;2;238;222;246m██[38;2;255;255;255m██[38;2;255;255;255m██[38;2;255;255;255m██[38;2;123;90;139m██[38;2;16;16;16m██                        [38;2;16;16;16m██[38;2;189;156;205m██[38;2;189;156;205m██[38;2;189;156;205m██[38;2;189;156;205m██[38;2;16;16;16m██      
                [38;2;123;90;139m██[38;2;255;255;255m██[38;2;255;255;255m██[38;2;255;255;255m██[38;2;255;255;255m██[38;2;222;189;238m██[38;2;106;8;8m██[38;2;106;8;8m██          [38;2;16;16;16m██[38;2;16;16;16m██[38;2;123;90;139m██[38;2;123;90;139m██[38;2;123;90;139m██[38;2;16;16;16m██[38;2;255;255;255m██[38;2;255;255;255m██[38;2;255;255;255m██[38;2;255;255;255m██[38;2;123;90;139m██                        [38;2;123;90;139m██[38;2;123;90;139m██[38;2;189;156;205m██[38;2;189;156;205m██[38;2;189;156;205m██[38;2;16;16;16m██      
              [38;2;123;90;139m██[38;2;255;255;255m██[38;2;255;255;255m██[38;2;255;255;255m██[38;2;255;255;255m██[38;2;255;255;255m██[38;2;164;57;49m██[38;2;164;57;49m██[38;2;16;16;16m██        [38;2;16;16;16m██[38;2;123;90;139m██[38;2;123;90;139m██[38;2;123;90;139m██[38;2;123;90;139m██[38;2;123;90;139m██[38;2;16;16;16m██[38;2;255;255;255m██[38;2;255;255;255m██[38;2;255;255;255m██[38;2;255;255;255m██[38;2;123;90;139m██                    [38;2;106;8;8m██[38;2;106;8;8m██[38;2;189;156;205m██[38;2;189;156;205m██[38;2;106;8;8m██[38;2;189;156;205m██[38;2;189;156;205m██[38;2;106;8;8m██[38;2;16;16;16m██    
            [38;2;123;90;139m██[38;2;255;255;255m██[38;2;255;255;255m██[38;2;255;255;255m██[38;2;255;255;255m██[38;2;255;255;255m██[38;2;255;255;255m██[38;2;16;16;16m██[38;2;16;16;16m██          [38;2;16;16;16m██[38;2;123;90;139m██[38;2;16;16;16m██[38;2;123;90;139m██[38;2;123;90;139m██[38;2;16;16;16m██[38;2;16;16;16m██[38;2;238;222;246m██[38;2;255;255;255m██[38;2;255;255;255m██[38;2;255;255;255m██[38;2;255;255;255m██[38;2;123;90;139m██                [38;2;106;8;8m██[38;2;164;57;49m██[38;2;164;57;49m██[38;2;189;156;205m██[38;2;16;16;16m██[38;2;164;57;49m██[38;2;106;8;8m██[38;2;189;156;205m██[38;2;164;57;49m██[38;2;164;57;49m██[38;2;16;16;16m██  
    [38;2;16;16;16m██[38;2;16;16;16m██[38;2;164;57;49m██[38;2;164;57;49m██[38;2;255;255;255m██[38;2;255;255;255m██[38;2;255;255;255m██[38;2;255;255;255m██[38;2;255;255;255m██[38;2;255;255;255m██[38;2;16;16;16m██              [38;2;16;16;16m██[38;2;16;16;16m██  [38;2;16;16;16m██[38;2;16;16;16m██    [38;2;16;16;16m██[38;2;255;255;255m██[38;2;255;255;255m██[38;2;255;255;255m██[38;2;255;255;255m██[38;2;123;90;139m██                [38;2;106;8;8m██[38;2;164;57;49m██[38;2;16;16;16m██[38;2;16;16;16m██[38;2;205;106;90m██[38;2;205;106;90m██[38;2;164;57;49m██[38;2;16;16;16m██[38;2;16;16;16m██[38;2;164;57;49m██[38;2;16;16;16m██  
  [38;2;16;16;16m██[38;2;230;139;123m██[38;2;164;57;49m██[38;2;164;57;49m██[38;2;238;222;246m██[38;2;255;255;255m██[38;2;255;255;255m██[38;2;255;255;255m██[38;2;255;255;255m██[38;2;255;255;255m██[38;2;16;16;16m██                              [38;2;16;16;16m██[38;2;255;255;255m██[38;2;255;255;255m██[38;2;255;255;255m██[38;2;255;255;255m██[38;2;255;255;255m██[38;2;123;90;139m██              [38;2;16;16;16m██[38;2;16;16;16m██  [38;2;16;16;16m██[38;2;205;106;90m██[38;2;16;16;16m██[38;2;16;16;16m██    [38;2;16;16;16m██[38;2;16;16;16m██  
  [38;2;164;57;49m██[38;2;164;57;49m██[38;2;222;189;238m██[38;2;222;189;238m██[38;2;222;189;238m██[38;2;222;189;238m██[38;2;238;222;246m██[38;2;255;255;255m██[38;2;255;255;255m██[38;2;255;255;255m██[38;2;16;16;16m██                              [38;2;16;16;16m██[38;2;255;255;255m██[38;2;255;255;255m██[38;2;255;255;255m██[38;2;255;255;255m██[38;2;255;255;255m██[38;2;255;255;255m██[38;2;123;90;139m██[38;2;123;90;139m██                [38;2;16;16;16m██[38;2;16;16;16m██              
[38;2;164;57;49m██[38;2;230;139;123m██[38;2;230;139;123m██[38;2;205;106;90m██[38;2;222;189;238m██[38;2;106;8;8m██[38;2;106;8;8m██[38;2;222;189;238m██[38;2;222;189;238m██[38;2;238;222;246m██[38;2;16;16;16m██                                [38;2;16;16;16m██[38;2;255;255;255m██[38;2;255;255;255m██[38;2;255;255;255m██[38;2;255;255;255m██[38;2;255;255;255m██[38;2;255;255;255m██[38;2;255;255;255m██[38;2;255;255;255m██[38;2;123;90;139m██                                
[38;2;106;8;8m██[38;2;230;139;123m██[38;2;164;57;49m██[38;2;164;57;49m██[38;2;106;8;8m██[38;2;205;106;90m██[38;2;230;139;123m██[38;2;106;8;8m██[38;2;222;189;238m██[38;2;222;189;238m██[38;2;16;16;16m██                              [38;2;106;8;8m██[38;2;238;222;246m██[38;2;255;255;255m██[38;2;255;255;255m██[38;2;255;255;255m██[38;2;255;255;255m██[38;2;255;255;255m██[38;2;255;255;255m██[38;2;255;255;255m██[38;2;255;255;255m██[38;2;222;189;238m██[38;2;106;8;8m██[38;2;16;16;16m██                            
[38;2;106;8;8m██[38;2;164;57;49m██[38;2;16;16;16m██[38;2;16;16;16m██[38;2;106;8;8m██[38;2;230;139;123m██[38;2;205;106;90m██[38;2;106;8;8m██[38;2;16;16;16m██[38;2;16;16;16m██                                [38;2;106;8;8m██[38;2;205;106;90m██[38;2;255;255;255m██[38;2;255;255;255m██[38;2;255;255;255m██[38;2;255;255;255m██[38;2;238;222;246m██[38;2;106;8;8m██[38;2;222;189;238m██[38;2;222;189;238m██[38;2;106;8;8m██[38;2;230;139;123m██[38;2;230;139;123m██[38;2;16;16;16m██                          
[38;2;16;16;16m██[38;2;16;16;16m██    [38;2;16;16;16m██[38;2;164;57;49m██[38;2;16;16;16m██[38;2;16;16;16m██                                  [38;2;106;8;8m██[38;2;230;139;123m██[38;2;230;139;123m██[38;2;205;106;90m██[38;2;222;189;238m██[38;2;222;189;238m██[38;2;222;189;238m██[38;2;106;8;8m██[38;2;205;106;90m██[38;2;205;106;90m██[38;2;222;189;238m██[38;2;106;8;8m██[38;2;164;57;49m██[38;2;230;139;123m██[38;2;16;16;16m██                          
        [38;2;16;16;16m██[38;2;16;16;16m██                                      [38;2;106;8;8m██[38;2;230;139;123m██[38;2;164;57;49m██[38;2;106;8;8m██[38;2;222;189;238m██[38;2;222;189;238m██[38;2;222;189;238m██[38;2;106;8;8m██[38;2;164;57;49m██[38;2;205;106;90m██[38;2;16;16;16m██[38;2;16;16;16m██[38;2;16;16;16m██[38;2;164;57;49m██[38;2;16;16;16m██                          
                                                  [38;2;16;16;16m██[38;2;164;57;49m██[38;2;106;8;8m██[38;2;16;16;16m██[38;2;16;16;16m██[38;2;16;16;16m██[38;2;16;16;16m██[38;2;16;16;16m██[38;2;106;8;8m██[38;2;106;8;8m██[38;2;16;16;16m██    [38;2;16;16;16m██[38;2;16;16;16m██                          
                                                  [38;2;16;16;16m██[38;2;16;16;16m██[38;2;16;16;16m██          [38;2;16;16;16m██[38;2;106;8;8m██[38;2;16;16;16m██                                  
                                                                    [38;2;16;16;16m██                                    
