                                                              [38;2;106;82;65m██[38;2;106;82;65m██                                    
                                                            [38;2;106;82;65m██[38;2;246;222;180m██[38;2;205;180;139m██[38;2;82;65;57m██                                  
                                                          [38;2;106;82;65m██[38;2;246;222;180m██[38;2;205;180;139m██[38;2;106;82;65m██[38;2;106;82;65m██[38;2;82;65;57m██                                
                                                          [38;2;106;82;65m██[38;2;246;222;180m██[38;2;106;82;65m██[38;2;205;180;139m██[38;2;205;180;139m██[38;2;16;16;16m██                                
                                                        [38;2;106;82;65m██[38;2;246;222;180m██[38;2;106;82;65m██[38;2;205;180;139m██[38;2;205;180;139m██[38;2;106;82;65m██[38;2;16;16;16m██                                
                                                        [38;2;106;82;65m██[38;2;246;222;180m██[38;2;106;82;65m██[38;2;205;180;139m██[38;2;106;82;65m██[38;2;205;180;139m██[38;2;16;16;16m██                                
                                                      [38;2;57;148;131m██[38;2;164;238;246m██[38;2;139;115;74m██[38;2;205;180;139m██[38;2;205;180;139m██[38;2;106;82;65m██[38;2;205;180;139m██[38;2;16;16;16m██        [38;2;57;148;131m██[38;2;16;16;16m██                    
                                                      [38;2;57;148;131m██[38;2;164;238;246m██[38;2;139;115;74m██[38;2;205;180;139m██[38;2;139;115;74m██[38;2;205;180;139m██[38;2;205;180;139m██[38;2;16;16;16m██      [38;2;57;148;131m██[38;2;164;238;246m██[38;2;123;205;213m██[38;2;16;16;16m██                  
                                                      [38;2;57;148;131m██[38;2;164;238;246m██[38;2;139;115;74m██[38;2;205;180;139m██[38;2;139;115;74m██[38;2;205;180;139m██[38;2;16;16;16m██        [38;2;57;148;131m██[38;2;164;238;246m██[38;2;123;205;213m██[38;2;16;16;16m██                  
                                                    [38;2;57;148;131m██[38;2;164;238;246m██[38;2;123;205;213m██[38;2;205;180;139m██[38;2;205;180;139m██[38;2;139;115;74m██[38;2;123;205;213m██[38;2;16;16;16m██        [38;2;57;148;131m██[38;2;164;238;246m██[38;2;123;205;213m██[38;2;123;205;213m██[38;2;16;16;16m██                
                                                    [38;2;57;148;131m██[38;2;164;238;246m██[38;2;123;205;213m██[38;2;205;180;139m██[38;2;205;180;139m██[38;2;123;205;213m██[38;2;123;205;213m██[38;2;16;16;16m██      [38;2;57;148;131m██[38;2;164;238;246m██[38;2;164;238;246m██[38;2;123;205;213m██[38;2;123;205;213m██[38;2;123;205;213m██[38;2;57;148;131m██[38;2;57;148;131m██[38;2;16;106;90m██          
                                                    [38;2;57;148;131m██[38;2;164;238;246m██[38;2;123;205;213m██[38;2;123;205;213m██[38;2;123;205;213m██[38;2;123;205;213m██[38;2;16;16;16m██        [38;2;57;148;131m██[38;2;164;238;246m██[38;2;123;205;213m██[38;2;123;205;213m██[38;2;123;205;213m██[38;2;123;205;213m██[38;2;123;205;213m██[38;2;123;205;213m██[38;2;123;205;213m██[38;2;16;16;16m██        
                                                    [38;2;57;148;131m██[38;2;164;238;246m██[38;2;123;205;213m██[38;2;123;205;213m██[38;2;123;205;213m██[38;2;16;16;16m██        [38;2;57;148;131m██[38;2;164;238;246m██[38;2;164;238;246m██[38;2;123;205;213m██[38;2;123;205;213m██[38;2;123;205;213m██[38;2;123;205;213m██[38;2;123;205;213m██[38;2;123;205;213m██[38;2;246;222;180m██[38;2;16;16;16m██        
                                                  [38;2;57;148;131m██[38;2;164;238;246m██[38;2;123;205;213m██[38;2;123;205;213m██[38;2;123;205;213m██[38;2;123;205;213m██[38;2;16;16;16m██      [38;2;57;148;131m██[38;2;164;238;246m██[38;2;164;238;246m██[38;2;123;205;213m██[38;2;123;205;213m██[38;2;123;205;213m██[38;2;123;205;213m██[38;2;123;205;213m██[38;2;123;205;213m██[38;2;123;205;213m██[38;2;246;222;180m██[38;2;16;16;16m██        
                                  [38;2;180;148;106m██[38;2;180;148;106m██[38;2;180;148;106m██          [38;2;57;148;131m██[38;2;164;238;246m██[38;2;123;205;213m██[38;2;123;205;213m██[38;2;123;205;213m██[38;2;16;16;16m██      [38;2;57;148;131m██[38;2;164;238;246m██[38;2;164;238;246m██[38;2;123;205;213m██[38;2;123;205;213m██[38;2;123;205;213m██[38;2;123;205;213m██[38;2;123;205;213m██[38;2;123;205;213m██[38;2;123;205;213m██[38;2;246;222;180m██[38;2;246;222;180m██[38;2;205;180;139m██[38;2;16;16;16m██      
                                [38;2;180;148;106m██[38;2;255;246;222m██[38;2;255;246;222m██[38;2;16;16;16m██          [38;2;57;148;131m██[38;2;164;238;246m██[38;2;123;205;213m██[38;2;123;205;213m██[38;2;123;205;213m██[38;2;16;106;90m██[38;2;16;106;90m██[38;2;16;106;90m██[38;2;57;148;131m██[38;2;164;238;246m██[38;2;164;238;246m██[38;2;123;205;213m██[38;2;123;205;213m██[38;2;205;180;139m██[38;2;205;180;139m██[38;2;123;205;213m██[38;2;123;205;213m██[38;2;123;205;213m██[38;2;123;205;213m██[38;2;246;222;180m██[38;2;205;180;139m██[38;2;180;148;106m██[38;2;16;16;16m██      
                              [38;2;180;148;106m██[38;2;255;246;222m██[38;2;255;246;222m██[38;2;205;180;139m██[38;2;16;16;16m██        [38;2;180;148;106m██[38;2;90;180;164m██[38;2;164;238;246m██[38;2;123;205;213m██[38;2;123;205;213m██[38;2;57;148;131m██[38;2;123;205;213m██[38;2;123;205;213m██[38;2;57;148;131m██[38;2;164;238;246m██[38;2;123;205;213m██[38;2;123;205;213m██[38;2;123;205;213m██[38;2;205;180;139m██[38;2;246;222;180m██[38;2;246;222;180m██[38;2;205;180;139m██[38;2;123;205;213m██[38;2;123;205;213m██[38;2;123;205;213m██[38;2;246;222;180m██[38;2;205;180;139m██[38;2;180;148;106m██[38;2;180;148;106m██[38;2;16;16;16m██    
                              [38;2;180;148;106m██[38;2;255;246;222m██[38;2;205;180;139m██[38;2;205;180;139m██[38;2;16;16;16m██    [38;2;180;148;106m██[38;2;180;148;106m██[38;2;246;222;180m██[38;2;90;180;164m██[38;2;164;238;246m██[38;2;123;205;213m██[38;2;123;205;213m██[38;2;90;180;164m██[38;2;123;205;213m██[38;2;123;205;213m██[38;2;123;205;213m██[38;2;123;205;213m██[38;2;205;180;139m██[38;2;205;180;139m██[38;2;123;205;213m██[38;2;205;180;139m██[38;2;246;222;180m██[38;2;246;222;180m██[38;2;205;180;139m██[38;2;123;205;213m██[38;2;123;205;213m██[38;2;123;205;213m██[38;2;90;180;164m██[38;2;57;148;131m██[38;2;180;148;106m██[38;2;180;148;106m██[38;2;16;16;16m██    
                            [38;2;180;148;106m██[38;2;255;246;222m██[38;2;205;180;139m██[38;2;205;180;139m██[38;2;205;180;139m██[38;2;16;16;16m██[38;2;180;148;106m██[38;2;180;148;106m██[38;2;246;222;180m██[38;2;246;222;180m██[38;2;246;222;180m██[38;2;123;205;213m██[38;2;123;205;213m██[38;2;123;205;213m██[38;2;123;205;213m██[38;2;123;205;213m██[38;2;123;205;213m██[38;2;123;205;213m██[38;2;123;205;213m██[38;2;123;205;213m██[38;2;205;180;139m██[38;2;246;222;180m██[38;2;246;222;180m██[38;2;246;222;180m██[38;2;246;222;180m██[38;2;246;222;180m██[38;2;246;222;180m██[38;2;205;180;139m██[38;2;123;205;213m██[38;2;123;205;213m██[38;2;90;180;164m██[38;2;57;148;131m██[38;2;57;148;131m██[38;2;180;148;106m██[38;2;180;148;106m██[38;2;16;16;16m██  
                            [38;2;180;148;106m██[38;2;246;222;180m██[38;2;205;180;139m██[38;2;205;180;139m██[38;2;205;180;139m██[38;2;106;82;65m██[38;2;106;82;65m██[38;2;246;222;180m██[38;2;246;222;180m██[38;2;246;222;180m██[38;2;246;222;180m██[38;2;246;222;180m██[38;2;246;222;180m██[38;2;205;180;139m██[38;2;123;205;213m██[38;2;123;205;213m██[38;2;123;205;213m██[38;2;123;205;213m██[38;2;123;205;213m██[38;2;123;205;213m██[38;2;123;205;213m██[38;2;205;180;139m██[38;2;246;222;180m██[38;2;246;222;180m██[38;2;246;222;180m██[38;2;246;222;180m██[38;2;246;222;180m██[38;2;246;222;180m██[38;2;123;205;213m██[38;2;90;180;164m██[38;2;57;148;131m██[38;2;57;148;131m██[38;2;57;148;131m██[38;2;57;148;131m██[38;2;57;148;131m██[38;2;57;148;131m██[38;2;16;16;16m██
                          [38;2;180;148;106m██[38;2;246;222;180m██[38;2;205;180;139m██[38;2;205;180;139m██[38;2;205;180;139m██[38;2;205;180;139m██[38;2;205;180;139m██[38;2;16;16;16m██[38;2;106;82;65m██[38;2;246;222;180m██[38;2;246;222;180m██[38;2;246;222;180m██[38;2;246;222;180m██[38;2;246;222;180m██[38;2;246;222;180m██[38;2;205;180;139m██[38;2;123;205;213m██[38;2;123;205;213m██[38;2;123;205;213m██[38;2;123;205;213m██[38;2;123;205;213m██[38;2;123;205;213m██[38;2;123;205;213m██[38;2;246;222;180m██[38;2;246;222;180m██[38;2;246;222;180m██[38;2;246;222;180m██[38;2;246;222;180m██[38;2;180;148;106m██[38;2;90;180;164m██[38;2;57;148;131m██[38;2;57;148;131m██[38;2;57;148;131m██[38;2;57;148;131m██[38;2;57;148;131m██[38;2;57;148;131m██[38;2;57;148;131m██[38;2;16;16;16m██
                        [38;2;106;82;65m██[38;2;180;148;106m██[38;2;246;222;180m██[38;2;205;180;139m██[38;2;205;180;139m██[38;2;205;180;139m██[38;2;205;180;139m██[38;2;205;180;139m██[38;2;205;180;139m██[38;2;205;180;139m██[38;2;16;16;16m██[38;2;246;222;180m██[38;2;205;180;139m██[38;2;205;180;139m██[38;2;246;222;180m██[38;2;205;180;139m██[38;2;205;180;139m██[38;2;123;205;213m██[38;2;123;205;213m██[38;2;123;205;213m██[38;2;123;205;213m██[38;2;123;205;213m██[38;2;123;205;213m██[38;2;205;180;139m██[38;2;205;180;139m██[38;2;246;222;180m██[38;2;246;222;180m██[38;2;246;222;180m██[38;2;246;222;180m██[38;2;246;222;180m██[38;2;205;180;139m██[38;2;180;148;106m██[38;2;57;148;131m██[38;2;57;148;131m██[38;2;57;148;131m██[38;2;57;148;131m██[38;2;57;148;131m██[38;2;16;16;16m██  
                    [38;2;106;82;65m██[38;2;106;82;65m██[38;2;180;148;106m██[38;2;205;180;139m██[38;2;205;180;139m██[38;2;205;180;139m██[38;2;205;180;139m██[38;2;205;180;139m██[38;2;205;180;139m██[38;2;205;180;139m██[38;2;106;82;65m██[38;2;16;16;16m██[38;2;180;148;106m██[38;2;205;180;139m██[38;2;180;148;106m██[38;2;180;148;106m██[38;2;205;180;139m██[38;2;205;180;139m██[38;2;123;205;213m██[38;2;123;205;213m██[38;2;123;205;213m██[38;2;123;205;213m██[38;2;123;205;213m██[38;2;123;205;213m██[38;2;123;205;213m██[38;2;123;205;213m██[38;2;123;205;213m██[38;2;205;180;139m██[38;2;246;222;180m██[38;2;246;222;180m██[38;2;246;222;180m██[38;2;205;180;139m██[38;2;180;148;106m██[38;2;180;148;106m██[38;2;57;148;131m██[38;2;57;148;131m██[38;2;57;148;131m██[38;2;57;148;131m██[38;2;16;16;16m██    
                [38;2;106;82;65m██[38;2;106;82;65m██[38;2;246;222;180m██[38;2;180;148;106m██[38;2;205;180;139m██[38;2;205;180;139m██[38;2;205;180;139m██[38;2;205;180;139m██[38;2;205;180;139m██[38;2;205;180;139m██[38;2;106;82;65m██[38;2;16;16;16m██[38;2;90;180;164m██[38;2;90;180;164m██[38;2;90;180;164m██[38;2;180;148;106m██[38;2;90;180;164m██[38;2;90;180;164m██[38;2;90;180;164m██[38;2;123;205;213m██[38;2;123;205;213m██[38;2;123;205;213m██[38;2;123;205;213m██[38;2;123;205;213m██[38;2;123;205;213m██[38;2;205;180;139m██[38;2;205;180;139m██[38;2;123;205;213m██[38;2;246;222;180m██[38;2;246;222;180m██[38;2;246;222;180m██[38;2;246;222;180m██[38;2;205;180;139m██[38;2;180;148;106m██[38;2;180;148;106m██[38;2;57;148;131m██[38;2;57;148;131m██[38;2;57;148;131m██[38;2;57;148;131m██[38;2;57;148;131m██[38;2;16;16;16m██    
              [38;2;106;82;65m██[38;2;255;246;222m██[38;2;180;148;106m██[38;2;255;246;222m██[38;2;246;222;180m██[38;2;205;180;139m██[38;2;205;180;139m██[38;2;205;180;139m██[38;2;205;180;139m██[38;2;205;180;139m██[38;2;16;16;16m██[38;2;90;180;164m██[38;2;90;180;164m██[38;2;90;180;164m██[38;2;90;180;164m██[38;2;90;180;164m██[38;2;90;180;164m██[38;2;90;180;164m██[38;2;90;180;164m██[38;2;123;205;213m██[38;2;123;205;213m██[38;2;123;205;213m██[38;2;123;205;213m██[38;2;123;205;213m██[38;2;123;205;213m██[38;2;123;205;213m██[38;2;205;180;139m██[38;2;246;222;180m██[38;2;246;222;180m██[38;2;246;222;180m██[38;2;246;222;180m██[38;2;246;222;180m██[38;2;205;180;139m██[38;2;180;148;106m██[38;2;180;148;106m██[38;2;180;148;106m██[38;2;57;148;131m██[38;2;57;148;131m██[38;2;57;148;131m██[38;2;57;148;131m██[38;2;16;16;16m██      
            [38;2;106;82;65m██[38;2;255;246;222m██[38;2;180;148;106m██[38;2;205;180;139m██[38;2;255;246;222m██[38;2;255;246;222m██[38;2;246;222;180m██[38;2;205;180;139m██[38;2;205;180;139m██[38;2;106;82;65m██[38;2;16;16;16m██[38;2;90;180;164m██[38;2;90;180;164m██[38;2;90;180;164m██[38;2;90;180;164m██[38;2;90;180;164m██[38;2;90;180;164m██[38;2;90;180;164m██[38;2;123;205;213m██[38;2;123;205;213m██[38;2;123;205;213m██[38;2;123;205;213m██[38;2;123;205;213m██[38;2;123;205;213m██[38;2;123;205;213m██[38;2;123;205;213m██[38;2;123;205;213m██[38;2;205;180;139m██[38;2;246;222;180m██[38;2;246;222;180m██[38;2;246;222;180m██[38;2;246;222;180m██[38;2;180;148;106m██[38;2;57;148;131m██[38;2;180;148;106m██[38;2;57;148;131m██[38;2;57;148;131m██[38;2;57;148;131m██[38;2;57;148;131m██[38;2;57;148;131m██[38;2;57;148;131m██[38;2;16;16;16m██      
          [38;2;106;82;65m██[38;2;255;246;222m██[38;2;180;148;106m██[38;2;106;82;65m██[38;2;255;246;222m██[38;2;255;246;222m██[38;2;255;246;222m██[38;2;246;222;180m██[38;2;205;180;139m██[38;2;205;180;139m██[38;2;180;148;106m██[38;2;106;82;65m██[38;2;90;180;164m██[38;2;90;180;164m██[38;2;90;180;164m██[38;2;90;180;164m██[38;2;90;180;164m██[38;2;246;90;65m██[38;2;246;90;65m██[38;2;123;205;213m██[38;2;123;205;213m██[38;2;123;205;213m██[38;2;123;205;213m██[38;2;123;205;213m██[38;2;123;205;213m██[38;2;123;205;213m██[38;2;123;205;213m██[38;2;123;205;213m██[38;2;246;222;180m██[38;2;246;222;180m██[38;2;246;222;180m██[38;2;246;222;180m██[38;2;205;180;139m██[38;2;57;148;131m██[38;2;57;148;131m██[38;2;57;148;131m██[38;2;57;148;131m██[38;2;57;148;131m██[38;2;57;148;131m██[38;2;57;148;131m██[38;2;57;148;131m██[38;2;57;148;131m██[38;2;57;148;131m██[38;2;16;16;16m██    
        [38;2;106;82;65m██[38;2;246;222;180m██[38;2;255;246;222m██[38;2;106;82;65m██[38;2;255;246;222m██[38;2;255;246;222m██[38;2;246;222;180m██[38;2;246;222;180m██[38;2;205;180;139m██[38;2;205;180;139m██[38;2;205;180;139m██[38;2;205;180;139m██[38;2;16;16;16m██[38;2;90;180;164m██[38;2;90;180;164m██[38;2;90;180;164m██[38;2;90;180;164m██[38;2;90;180;164m██[38;2;246;90;65m██[38;2;246;90;65m██[38;2;246;90;65m██[38;2;123;205;213m██[38;2;123;205;213m██[38;2;205;180;139m██[38;2;246;222;180m██[38;2;246;222;180m██[38;2;123;205;213m██[38;2;123;205;213m██[38;2;205;180;139m██[38;2;246;222;180m██[38;2;246;222;180m██[38;2;246;222;180m██[38;2;205;180;139m██[38;2;180;148;106m██[38;2;57;148;131m██[38;2;57;148;131m██[38;2;57;148;131m██[38;2;16;16;16m██[38;2;16;16;16m██[38;2;16;16;16m██[38;2;16;16;16m██[38;2;57;148;131m██[38;2;57;148;131m██[38;2;57;148;131m██[38;2;16;16;16m██    
        [38;2;106;82;65m██[38;2;246;222;180m██[38;2;106;82;65m██[38;2;16;16;16m██[38;2;246;222;180m██[38;2;246;222;180m██[38;2;205;180;139m██[38;2;205;180;139m██[38;2;205;180;139m██[38;2;205;180;139m██[38;2;205;180;139m██[38;2;205;180;139m██[38;2;205;180;139m██[38;2;16;16;16m██[38;2;90;180;164m██[38;2;90;180;164m██[38;2;90;180;164m██[38;2;90;180;164m██[38;2;123;205;213m██[38;2;246;90;65m██[38;2;246;90;65m██[38;2;123;205;213m██[38;2;123;205;213m██[38;2;246;222;180m██[38;2;246;222;180m██[38;2;246;222;180m██[38;2;246;222;180m██[38;2;246;222;180m██[38;2;246;222;180m██[38;2;246;222;180m██[38;2;246;222;180m██[38;2;205;180;139m██[38;2;180;148;106m██[38;2;57;148;131m██[38;2;57;148;131m██[38;2;16;106;90m██[38;2;16;16;16m██        [38;2;16;16;16m██[38;2;16;16;16m██[38;2;16;16;16m██[38;2;16;16;16m██    
      [38;2;16;16;16m██[38;2;246;222;180m██[38;2;106;82;65m██[38;2;246;222;180m██[38;2;180;148;106m██[38;2;16;16;16m██[38;2;205;180;139m██[38;2;205;180;139m██[38;2;205;180;139m██[38;2;205;180;139m██[38;2;205;180;139m██[38;2;205;180;139m██[38;2;205;180;139m██[38;2;205;180;139m██[38;2;16;16;16m██[38;2;90;180;164m██[38;2;90;180;164m██[38;2;90;180;164m██[38;2;123;205;213m██[38;2;123;205;213m██[38;2;123;205;213m██[38;2;123;205;213m██[38;2;123;205;213m██[38;2;123;205;213m██[38;2;246;222;180m██[38;2;246;222;180m██[38;2;246;222;180m██[38;2;246;222;180m██[38;2;246;222;180m██[38;2;246;222;180m██[38;2;205;180;139m██[38;2;180;148;106m██[38;2;180;148;106m██[38;2;180;148;106m██[38;2;57;148;131m██[38;2;57;148;131m██[38;2;16;16;16m██                      
      [38;2;16;16;16m██[38;2;106;82;65m██[38;2;246;222;180m██[38;2;246;222;180m██[38;2;205;180;139m██[38;2;106;82;65m██[38;2;180;148;106m██[38;2;205;180;139m██[38;2;205;180;139m██[38;2;205;180;139m██[38;2;205;180;139m██[38;2;205;180;139m██[38;2;205;180;139m██[38;2;205;180;139m██[38;2;16;16;16m██[38;2;90;180;164m██[38;2;90;180;164m██[38;2;123;205;213m██[38;2;123;205;213m██[38;2;123;205;213m██[38;2;123;205;213m██[38;2;123;205;213m██[38;2;123;205;213m██[38;2;164;238;246m██[38;2;123;205;213m██[38;2;246;222;180m██[38;2;246;222;180m██[38;2;246;222;180m██[38;2;246;222;180m██[38;2;205;180;139m██[38;2;180;148;106m██[38;2;180;148;106m██[38;2;180;148;106m██[38;2;57;148;131m██[38;2;57;148;131m██[38;2;16;16;16m██[38;2;57;148;131m██[38;2;16;16;16m██[38;2;16;16;16m██[38;2;16;16;16m██                
      [38;2;106;82;65m██[38;2;246;222;180m██[38;2;246;222;180m██[38;2;205;180;139m██[38;2;205;180;139m██[38;2;205;180;139m██[38;2;16;16;16m██[38;2;205;180;139m██[38;2;205;180;139m██[38;2;205;180;139m██[38;2;205;180;139m██[38;2;205;180;139m██[38;2;205;180;139m██[38;2;205;180;139m██[38;2;205;180;139m██[38;2;16;16;16m██[38;2;90;180;164m██[38;2;123;205;213m██[38;2;123;205;213m██[38;2;123;205;213m██[38;2;164;238;246m██[38;2;123;205;213m██[38;2;164;238;246m██[38;2;123;205;213m██[38;2;164;238;246m██[38;2;123;205;213m██[38;2;246;222;180m██[38;2;205;180;139m██[38;2;180;148;106m██[38;2;180;148;106m██[38;2;180;148;106m██[38;2;180;148;106m██[38;2;180;148;106m██[38;2;57;148;131m██[38;2;16;16;16m██[38;2;57;148;131m██[38;2;57;148;131m██[38;2;57;148;131m██[38;2;57;148;131m██[38;2;57;148;131m██[38;2;16;16;16m██[38;2;16;16;16m██[38;2;16;16;16m██[38;2;16;16;16m██        
    [38;2;106;82;65m██[38;2;246;222;180m██[38;2;246;222;180m██[38;2;246;222;180m██[38;2;205;180;139m██[38;2;205;180;139m██[38;2;205;180;139m██[38;2;106;82;65m██[38;2;180;148;106m██[38;2;205;180;139m██[38;2;205;180;139m██[38;2;205;180;139m██[38;2;205;180;139m██[38;2;205;180;139m██[38;2;205;180;139m██[38;2;205;180;139m██[38;2;16;16;16m██[38;2;90;180;164m██[38;2;90;180;164m██[38;2;123;205;213m██[38;2;164;238;246m██[38;2;123;205;213m██[38;2;164;238;246m██[38;2;123;205;213m██[38;2;90;180;164m██[38;2;90;180;164m██[38;2;205;180;139m██[38;2;205;180;139m██[38;2;180;148;106m██[38;2;180;148;106m██[38;2;180;148;106m██[38;2;180;148;106m██[38;2;180;148;106m██[38;2;57;148;131m██[38;2;16;16;16m██[38;2;57;148;131m██[38;2;57;148;131m██[38;2;57;148;131m██[38;2;57;148;131m██[38;2;57;148;131m██[38;2;57;148;131m██[38;2;57;148;131m██[38;2;57;148;131m██[38;2;57;148;131m██[38;2;57;148;131m██[38;2;16;16;16m██      
    [38;2;106;82;65m██[38;2;246;222;180m██[38;2;246;222;180m██[38;2;205;180;139m██[38;2;205;180;139m██[38;2;205;180;139m██[38;2;205;180;139m██[38;2;205;180;139m██[38;2;106;82;65m██[38;2;205;180;139m██[38;2;205;180;139m██[38;2;205;180;139m██[38;2;205;180;139m██[38;2;205;180;139m██[38;2;205;180;139m██[38;2;205;180;139m██[38;2;16;16;16m██[38;2;90;180;164m██[38;2;90;180;164m██[38;2;90;180;164m██[38;2;123;205;213m██[38;2;164;238;246m██[38;2;90;180;164m██[38;2;90;180;164m██[38;2;90;180;164m██[38;2;57;148;131m██[38;2;180;148;106m██[38;2;180;148;106m██[38;2;180;148;106m██[38;2;57;148;131m██[38;2;180;148;106m██[38;2;180;148;106m██[38;2;57;148;131m██[38;2;16;16;16m██  [38;2;16;16;16m██[38;2;57;148;131m██[38;2;57;148;131m██[38;2;16;106;90m██[38;2;16;106;90m██[38;2;57;148;131m██[38;2;57;148;131m██[38;2;57;148;131m██[38;2;16;106;90m██[38;2;16;106;90m██[38;2;16;106;90m██[38;2;16;16;16m██    
    [38;2;106;82;65m██[38;2;246;222;180m██[38;2;246;222;180m██[38;2;205;180;139m██[38;2;205;180;139m██[38;2;205;180;139m██[38;2;205;180;139m██[38;2;205;180;139m██[38;2;205;180;139m██[38;2;205;180;139m██[38;2;205;180;139m██[38;2;205;180;139m██[38;2;205;180;139m██[38;2;205;180;139m██[38;2;205;180;139m██[38;2;205;180;139m██[38;2;205;180;139m██[38;2;106;82;65m██[38;2;16;16;16m██[38;2;16;16;16m██[38;2;90;180;164m██[38;2;90;180;164m██[38;2;90;180;164m██[38;2;57;148;131m██[38;2;57;148;131m██[38;2;57;148;131m██[38;2;180;148;106m██[38;2;180;148;106m██[38;2;57;148;131m██[38;2;57;148;131m██[38;2;57;148;131m██[38;2;57;148;131m██[38;2;16;16;16m██      [38;2;16;16;16m██[38;2;16;16;16m██[38;2;57;148;131m██[38;2;57;148;131m██[38;2;16;106;90m██[38;2;16;106;90m██[38;2;16;106;90m██[38;2;57;148;131m██[38;2;57;148;131m██[38;2;57;148;131m██[38;2;57;148;131m██[38;2;16;16;16m██  
    [38;2;106;82;65m██[38;2;246;222;180m██[38;2;205;180;139m██[38;2;205;180;139m██[38;2;205;180;139m██[38;2;205;180;139m██[38;2;205;180;139m██[38;2;205;180;139m██[38;2;205;180;139m██[38;2;180;148;106m██[38;2;106;82;65m██[38;2;106;82;65m██[38;2;106;82;65m██[38;2;16;16;16m██[38;2;205;180;139m██[38;2;205;180;139m██[38;2;205;180;139m██[38;2;205;180;139m██[38;2;205;180;139m██[38;2;180;148;106m██[38;2;16;16;16m██[38;2;57;148;131m██[38;2;57;148;131m██[38;2;57;148;131m██[38;2;57;148;131m██[38;2;57;148;131m██[38;2;57;148;131m██[38;2;57;148;131m██[38;2;57;148;131m██[38;2;16;106;90m██[38;2;16;16;16m██[38;2;16;16;16m██[38;2;16;16;16m██          [38;2;16;16;16m██[38;2;16;16;16m██[38;2;57;148;131m██[38;2;57;148;131m██[38;2;57;148;131m██[38;2;16;106;90m██[38;2;16;106;90m██[38;2;16;106;90m██[38;2;16;106;90m██[38;2;16;16;16m██  
  [38;2;106;82;65m██[38;2;139;115;74m██[38;2;246;222;180m██[38;2;205;180;139m██[38;2;205;180;139m██[38;2;205;180;139m██[38;2;205;180;139m██[38;2;205;180;139m██[38;2;205;180;139m██[38;2;106;82;65m██[38;2;106;82;65m██[38;2;180;148;106m██[38;2;205;180;139m██[38;2;205;180;139m██[38;2;205;180;139m██[38;2;205;180;139m██[38;2;205;180;139m██[38;2;205;180;139m██[38;2;205;180;139m██[38;2;205;180;139m██[38;2;246;222;180m██[38;2;16;16;16m██[38;2;57;148;131m██[38;2;57;148;131m██[38;2;57;148;131m██[38;2;57;148;131m██[38;2;57;148;131m██[38;2;57;148;131m██[38;2;57;148;131m██[38;2;57;148;131m██[38;2;57;148;131m██[38;2;57;148;131m██[38;2;57;148;131m██[38;2;57;148;131m██[38;2;16;16;16m██[38;2;16;16;16m██[38;2;16;16;16m██        [38;2;16;16;16m██[38;2;16;16;16m██[38;2;16;16;16m██[38;2;57;148;131m██[38;2;57;148;131m██[38;2;57;148;131m██[38;2;57;148;131m██[38;2;16;16;16m██  
  [38;2;106;82;65m██[38;2;246;222;180m██[38;2;246;222;180m██[38;2;205;180;139m██[38;2;205;180;139m██[38;2;139;115;74m██[38;2;205;180;139m██[38;2;205;180;139m██[38;2;205;180;139m██[38;2;205;180;139m██[38;2;205;180;139m██[38;2;205;180;139m██[38;2;205;180;139m██[38;2;205;180;139m██[38;2;205;180;139m██[38;2;205;180;139m██[38;2;205;180;139m██[38;2;205;180;139m██[38;2;205;180;139m██[38;2;205;180;139m██[38;2;246;222;180m██[38;2;16;16;16m██[38;2;57;148;131m██[38;2;57;148;131m██[38;2;57;148;131m██[38;2;57;148;131m██[38;2;57;148;131m██[38;2;16;106;90m██[38;2;16;16;16m██[38;2;57;148;131m██[38;2;57;148;131m██[38;2;57;148;131m██[38;2;57;148;131m██[38;2;57;148;131m██[38;2;57;148;131m██[38;2;57;148;131m██[38;2;57;148;131m██[38;2;16;16;16m██[38;2;16;16;16m██          [38;2;16;16;16m██[38;2;16;16;16m██[38;2;16;16;16m██[38;2;16;16;16m██    
[38;2;106;82;65m██[38;2;16;16;16m██[38;2;246;222;180m██[38;2;205;180;139m██[38;2;205;180;139m██[38;2;180;148;106m██[38;2;106;82;65m██[38;2;205;180;139m██[38;2;205;180;139m██[38;2;205;180;139m██[38;2;205;180;139m██[38;2;205;180;139m██[38;2;205;180;139m██[38;2;205;180;139m██[38;2;205;180;139m██[38;2;205;180;139m██[38;2;205;180;139m██[38;2;205;180;139m██[38;2;205;180;139m██[38;2;205;180;139m██[38;2;246;222;180m██[38;2;205;180;139m██[38;2;16;16;16m██[38;2;57;148;131m██[38;2;57;148;131m██[38;2;57;148;131m██[38;2;16;106;90m██[38;2;16;106;90m██[38;2;16;16;16m██[38;2;16;16;16m██[38;2;16;16;16m██[38;2;57;148;131m██[38;2;57;148;131m██[38;2;57;148;131m██[38;2;57;148;131m██[38;2;16;106;90m██[38;2;16;106;90m██[38;2;57;148;131m██[38;2;57;148;131m██[38;2;57;148;131m██[38;2;16;16;16m██                    
[38;2;16;16;16m██[38;2;180;148;106m██[38;2;106;82;65m██[38;2;205;180;139m██[38;2;205;180;139m██[38;2;106;82;65m██[38;2;205;180;139m██[38;2;205;180;139m██[38;2;205;180;139m██[38;2;205;180;139m██[38;2;205;180;139m██[38;2;205;180;139m██[38;2;205;180;139m██[38;2;205;180;139m██[38;2;205;180;139m██[38;2;205;180;139m██[38;2;205;180;139m██[38;2;205;180;139m██[38;2;205;180;139m██[38;2;246;222;180m██[38;2;246;222;180m██[38;2;180;148;106m██[38;2;57;148;131m██[38;2;16;106;90m██[38;2;57;148;131m██[38;2;57;148;131m██[38;2;57;148;131m██[38;2;16;106;90m██[38;2;16;16;16m██    [38;2;16;16;16m██[38;2;57;148;131m██[38;2;16;106;90m██[38;2;16;106;90m██[38;2;57;148;131m██[38;2;57;148;131m██[38;2;16;106;90m██[38;2;16;106;90m██[38;2;57;148;131m██[38;2;16;16;16m██                    
[38;2;16;16;16m██[38;2;205;180;139m██[38;2;106;82;65m██[38;2;139;115;74m██[38;2;205;180;139m██[38;2;106;82;65m██[38;2;16;16;16m██[38;2;16;16;16m██[38;2;205;180;139m██[38;2;205;180;139m██[38;2;205;180;139m██[38;2;205;180;139m██[38;2;180;148;106m██[38;2;180;148;106m██[38;2;205;180;139m██[38;2;205;180;139m██[38;2;205;180;139m██[38;2;246;222;180m██[38;2;246;222;180m██[38;2;246;222;180m██[38;2;205;180;139m██[38;2;16;16;16m██[38;2;57;148;131m██[38;2;16;106;90m██[38;2;57;148;131m██[38;2;57;148;131m██[38;2;57;148;131m██[38;2;57;148;131m██[38;2;57;148;131m██[38;2;16;16;16m██    [38;2;16;16;16m██[38;2;57;148;131m██[38;2;57;148;131m██[38;2;16;106;90m██[38;2;16;106;90m██[38;2;57;148;131m██[38;2;57;148;131m██[38;2;16;16;16m██                      
[38;2;106;82;65m██[38;2;106;82;65m██[38;2;205;180;139m██[38;2;106;82;65m██[38;2;106;82;65m██[38;2;16;16;16m██[38;2;246;222;180m██[38;2;246;222;180m██[38;2;106;82;65m██[38;2;106;82;65m██[38;2;205;180;139m██[38;2;205;180;139m██[38;2;205;180;139m██[38;2;106;82;65m██[38;2;180;148;106m██[38;2;246;222;180m██[38;2;246;222;180m██[38;2;246;222;180m██[38;2;246;222;180m██[38;2;246;222;180m██[38;2;180;148;106m██[38;2;16;16;16m██[38;2;57;148;131m██[38;2;16;16;16m██[38;2;16;16;16m██[38;2;57;148;131m██[38;2;57;148;131m██[38;2;57;148;131m██[38;2;57;148;131m██[38;2;57;148;131m██[38;2;16;16;16m██    [38;2;16;16;16m██[38;2;16;16;16m██[38;2;57;148;131m██[38;2;57;148;131m██[38;2;16;106;90m██[38;2;16;16;16m██                        
  [38;2;16;16;16m██[38;2;205;180;139m██[38;2;205;180;139m██[38;2;205;180;139m██[38;2;180;148;106m██[38;2;205;180;139m██[38;2;205;180;139m██[38;2;205;180;139m██[38;2;205;180;139m██[38;2;106;82;65m██[38;2;106;82;65m██[38;2;180;148;106m██[38;2;180;148;106m██[38;2;106;82;65m██[38;2;246;222;180m██[38;2;246;222;180m██[38;2;246;222;180m██[38;2;246;222;180m██[38;2;246;222;180m██[38;2;180;148;106m██[38;2;16;16;16m██[38;2;16;16;16m██  [38;2;16;16;16m██[38;2;90;180;164m██[38;2;57;148;131m██[38;2;57;148;131m██[38;2;57;148;131m██[38;2;16;106;90m██[38;2;57;148;131m██[38;2;16;16;16m██      [38;2;16;16;16m██[38;2;16;16;16m██[38;2;16;16;16m██                          
    [38;2;16;16;16m██[38;2;16;16;16m██[38;2;205;180;139m██[38;2;205;180;139m██[38;2;205;180;139m██[38;2;205;180;139m██[38;2;205;180;139m██[38;2;205;180;139m██[38;2;205;180;139m██[38;2;180;148;106m██[38;2;106;82;65m██[38;2;16;16;16m██[38;2;16;16;16m██[38;2;180;148;106m██[38;2;246;222;180m██[38;2;246;222;180m██[38;2;246;222;180m██[38;2;205;180;139m██[38;2;16;16;16m██        [38;2;16;16;16m██[38;2;90;180;164m██[38;2;16;106;90m██[38;2;57;148;131m██[38;2;57;148;131m██[38;2;16;106;90m██[38;2;57;148;131m██[38;2;16;16;16m██                                    
        [38;2;16;16;16m██[38;2;16;16;16m██[38;2;205;180;139m██[38;2;205;180;139m██[38;2;205;180;139m██[38;2;205;180;139m██[38;2;180;148;106m██[38;2;180;148;106m██[38;2;180;148;106m██[38;2;180;148;106m██[38;2;106;82;65m██[38;2;106;82;65m██[38;2;246;222;180m██[38;2;246;222;180m██[38;2;246;222;180m██[38;2;180;148;106m██[38;2;16;16;16m██        [38;2;16;16;16m██[38;2;90;180;164m██[38;2;16;106;90m██[38;2;57;148;131m██[38;2;57;148;131m██[38;2;16;106;90m██[38;2;57;148;131m██[38;2;57;148;131m██[38;2;16;16;16m██                                  
            [38;2;16;16;16m██[38;2;16;16;16m██[38;2;180;148;106m██[38;2;180;148;106m██[38;2;180;148;106m██[38;2;180;148;106m██[38;2;106;82;65m██[38;2;16;16;16m██[38;2;16;16;16m██[38;2;16;16;16m██[38;2;246;222;180m██[38;2;246;222;180m██[38;2;205;180;139m██[38;2;16;16;16m██            [38;2;16;16;16m██[38;2;90;180;164m██[38;2;16;106;90m██[38;2;57;148;131m██[38;2;57;148;131m██[38;2;16;106;90m██[38;2;57;148;131m██[38;2;16;16;16m██                                  
                [38;2;16;16;16m██[38;2;16;16;16m██[38;2;16;16;16m██[38;2;16;16;16m██[38;2;106;82;65m██    [38;2;16;16;16m██[38;2;246;222;180m██[38;2;246;222;180m██[38;2;180;148;106m██[38;2;16;16;16m██            [38;2;16;16;16m██[38;2;90;180;164m██[38;2;16;106;90m██[38;2;57;148;131m██[38;2;57;148;131m██[38;2;16;16;16m██[38;2;16;16;16m██                                    
                              [38;2;16;16;16m██[38;2;180;148;106m██[38;2;180;148;106m██[38;2;16;16;16m██                [38;2;16;16;16m██[38;2;16;16;16m██[38;2;16;16;16m██[38;2;16;16;16m██                                        
                                [38;2;16;16;16m██[38;2;16;16;16m██                                                                  
