                  [38;2;131;148;148m██[38;2;131;148;148m██[38;2;131;148;148m██[38;2;65;106;82m██[38;2;65;106;82m██                                  
              [38;2;65;106;82m██[38;2;65;106;82m██[38;2;238;230;246m██[38;2;238;230;246m██[38;2;238;230;246m██[38;2;222;213;238m██[38;2;222;213;238m██[38;2;65;106;82m██[38;2;65;106;82m██                              
            [38;2;65;106;82m██[38;2;238;230;246m██[38;2;238;230;246m██[38;2;238;230;246m██[38;2;238;230;246m██[38;2;238;230;246m██[38;2;238;230;246m██[38;2;222;213;238m██[38;2;222;213;238m██[38;2;222;213;238m██[38;2;65;106;82m██                            
      [38;2;65;106;82m██[38;2;65;106;82m██[38;2;65;106;82m██[38;2;131;148;148m██[38;2;238;230;246m██[38;2;238;230;246m██[38;2;238;230;246m██[38;2;238;230;246m██[38;2;238;230;246m██[38;2;238;230;246m██[38;2;222;213;238m██[38;2;222;213;238m██[38;2;222;213;238m██[38;2;222;213;238m██[38;2;24;24;24m██                          
    [38;2;131;148;148m██[38;2;238;230;246m██[38;2;238;230;246m██[38;2;131;148;148m██[38;2;238;230;246m██[38;2;238;230;246m██[38;2;238;230;246m██[38;2;238;230;246m██[38;2;238;230;246m██[38;2;238;230;246m██[38;2;222;213;238m██[38;2;222;213;238m██[38;2;222;213;238m██[38;2;131;148;148m██[38;2;131;148;148m██[38;2;65;106;82m██[38;2;65;106;82m██                        
  [38;2;131;148;148m██[38;2;238;230;246m██[38;2;238;230;246m██[38;2;172;164;189m██[38;2;172;164;189m██[38;2;238;230;246m██[38;2;238;230;246m██[38;2;238;230;246m██[38;2;238;230;246m██[38;2;222;213;238m██[38;2;222;213;238m██[38;2;222;213;238m██[38;2;131;148;148m██[38;2;131;148;148m██[38;2;238;230;246m██[38;2;238;230;246m██[38;2;222;213;238m██[38;2;172;164;189m██[38;2;65;106;82m██                      
[38;2;131;148;148m██[38;2;238;230;246m██[38;2;238;230;246m██[38;2;238;230;246m██[38;2;131;148;148m██[38;2;238;230;246m██[38;2;238;230;246m██[38;2;238;230;246m██[38;2;238;230;246m██[38;2;222;213;238m██[38;2;222;213;238m██[38;2;222;213;238m██[38;2;65;106;82m██[38;2;238;230;246m██[38;2;238;230;246m██[38;2;238;230;246m██[38;2;238;230;246m██[38;2;222;213;238m██[38;2;222;213;238m██[38;2;172;164;189m██[38;2;24;24;24m██                    
[38;2;131;148;148m██[38;2;238;230;246m██[38;2;238;230;246m██[38;2;222;213;238m██[38;2;131;148;148m██[38;2;238;230;246m██[38;2;238;230;246m██[38;2;238;230;246m██[38;2;222;213;238m██[38;2;222;213;238m██[38;2;222;213;238m██[38;2;65;106;82m██[38;2;238;230;246m██[38;2;238;230;246m██[38;2;238;230;246m██[38;2;222;213;238m██[38;2;222;213;238m██[38;2;222;213;238m██[38;2;222;213;238m██[38;2;172;164;189m██[38;2;172;164;189m██[38;2;24;24;24m██                  
[38;2;131;148;148m██[38;2;238;230;246m██[38;2;238;230;246m██[38;2;222;213;238m██[38;2;131;148;148m██[38;2;238;230;246m██[38;2;238;230;246m██[38;2;238;230;246m██[38;2;222;213;238m██[38;2;222;213;238m██[38;2;65;106;82m██[38;2;172;164;189m██[38;2;222;213;238m██[38;2;222;213;238m██[38;2;222;213;238m██[38;2;222;213;238m██[38;2;222;213;238m██[38;2;222;213;238m██[38;2;222;213;238m██[38;2;172;164;189m██[38;2;172;164;189m██[38;2;24;24;24m██                  
[38;2;131;148;148m██[38;2;222;213;238m██[38;2;238;230;246m██[38;2;222;213;238m██[38;2;65;106;82m██[38;2;238;230;246m██[38;2;238;230;246m██[38;2;222;213;238m██[38;2;222;213;238m██[38;2;222;213;238m██[38;2;65;106;82m██[38;2;222;213;238m██[38;2;222;213;238m██[38;2;222;213;238m██[38;2;222;213;238m██[38;2;222;213;238m██[38;2;222;213;238m██[38;2;172;164;189m██[38;2;172;164;189m██[38;2;172;164;189m██[38;2;172;164;189m██[38;2;172;164;189m██[38;2;24;24;24m██                
  [38;2;131;148;148m██[38;2;222;213;238m██[38;2;222;213;238m██[38;2;65;106;82m██[38;2;222;213;238m██[38;2;222;213;238m██[38;2;222;213;238m██[38;2;222;213;238m██[38;2;65;106;82m██[38;2;172;164;189m██[38;2;222;213;238m██[38;2;222;213;238m██[38;2;222;213;238m██[38;2;172;164;189m██[38;2;172;164;189m██[38;2;172;164;189m██[38;2;172;164;189m██[38;2;172;164;189m██[38;2;172;164;189m██[38;2;172;164;189m██[38;2;172;164;189m██[38;2;24;24;24m██                
  [38;2;131;148;148m██[38;2;172;164;189m██[38;2;222;213;238m██[38;2;65;106;82m██[38;2;222;213;238m██[38;2;222;213;238m██[38;2;222;213;238m██[38;2;172;164;189m██[38;2;65;106;82m██[38;2;172;164;189m██[38;2;172;164;189m██[38;2;172;164;189m██[38;2;172;164;189m██[38;2;172;164;189m██[38;2;65;106;82m██[38;2;65;106;82m██[38;2;65;106;82m██[38;2;131;148;148m██[38;2;131;148;148m██[38;2;172;164;189m██[38;2;172;164;189m██[38;2;24;24;24m██                
    [38;2;65;106;82m██[38;2;172;164;189m██[38;2;65;106;82m██[38;2;172;164;189m██[38;2;222;213;238m██[38;2;172;164;189m██[38;2;172;164;189m██[38;2;65;106;82m██[38;2;172;164;189m██[38;2;172;164;189m██[38;2;131;148;148m██[38;2;65;106;82m██[38;2;65;106;82m██[38;2;65;106;82m██[38;2;90;164;90m██[38;2;90;164;90m██[38;2;65;106;82m██[38;2;131;148;148m██[38;2;172;164;189m██[38;2;172;164;189m██[38;2;24;24;24m██                
      [38;2;65;106;82m██[38;2;131;148;148m██[38;2;65;106;82m██[38;2;172;164;189m██[38;2;172;164;189m██[38;2;172;164;189m██[38;2;131;148;148m██[38;2;65;106;82m██[38;2;24;24;24m██[38;2;65;106;82m██[38;2;222;213;238m██[38;2;222;213;238m██[38;2;65;106;82m██[38;2;90;164;90m██[38;2;90;164;90m██[38;2;238;205;106m██[38;2;65;106;82m██[38;2;172;164;189m██[38;2;172;164;189m██[38;2;24;24;24m██                
    [38;2;90;164;90m██[38;2;90;164;90m██[38;2;65;106;82m██[38;2;65;106;82m██[38;2;172;164;189m██[38;2;172;164;189m██[38;2;90;164;90m██[38;2;65;106;82m██[38;2;255;255;255m██[38;2;24;24;24m██[38;2;222;213;238m██[38;2;222;213;238m██[38;2;255;255;255m██[38;2;65;106;82m██[38;2;90;164;90m██[38;2;238;205;106m██[38;2;189;156;74m██[38;2;189;156;74m██[38;2;65;106;82m██[38;2;172;164;189m██[38;2;24;24;24m██                
  [38;2;90;164;90m██[38;2;90;213;74m██[38;2;90;213;74m██[38;2;90;213;74m██[38;2;90;213;74m██[38;2;65;106;82m██[38;2;65;106;82m██[38;2;90;164;90m██[38;2;90;213;74m██[38;2;65;106;82m██[38;2;24;24;24m██[38;2;222;213;238m██[38;2;255;255;255m██[38;2;222;213;238m██[38;2;90;164;90m██[38;2;90;164;90m██[38;2;238;205;106m██[38;2;65;106;82m██[38;2;189;156;74m██[38;2;65;106;82m██[38;2;24;24;24m██                  
  [38;2;90;164;90m██[38;2;131;255;139m██[38;2;131;255;139m██[38;2;131;255;139m██[38;2;90;213;74m██[38;2;90;213;74m██[38;2;90;213;74m██[38;2;90;213;74m██[38;2;90;213;74m██[38;2;90;213;74m██[38;2;90;213;74m██[38;2;90;164;90m██[38;2;65;106;82m██[38;2;65;106;82m██[38;2;90;164;90m██[38;2;90;164;90m██[38;2;189;156;74m██[38;2;189;156;74m██[38;2;189;156;74m██[38;2;65;106;82m██[38;2;24;24;24m██                  
[38;2;90;164;90m██[38;2;131;255;139m██[38;2;131;255;139m██[38;2;131;255;139m██[38;2;131;255;139m██[38;2;131;255;139m██[38;2;90;213;74m██[38;2;90;213;74m██[38;2;90;213;74m██[38;2;90;213;74m██[38;2;90;213;74m██[38;2;90;213;74m██[38;2;90;213;74m██[38;2;90;213;74m██[38;2;90;213;74m██[38;2;90;213;74m██[38;2;90;213;74m██[38;2;90;164;90m██[38;2;189;156;74m██[38;2;24;24;24m██[38;2;131;148;148m██[38;2;24;24;24m██                  
[38;2;90;164;90m██[38;2;131;255;139m██[38;2;131;255;139m██[38;2;131;255;139m██[38;2;131;255;139m██[38;2;131;255;139m██[38;2;90;213;74m██[38;2;90;213;74m██[38;2;90;213;74m██[38;2;90;213;74m██[38;2;90;213;74m██[38;2;90;213;74m██[38;2;90;213;74m██[38;2;65;106;82m██[38;2;90;213;74m██[38;2;90;213;74m██[38;2;90;213;74m██[38;2;90;213;74m██[38;2;90;164;90m██[38;2;65;106;82m██[38;2;131;148;148m██[38;2;24;24;24m██                  
[38;2;90;164;90m██[38;2;90;213;74m██[38;2;131;255;139m██[38;2;131;255;139m██[38;2;131;255;139m██[38;2;90;213;74m██[38;2;90;213;74m██[38;2;90;213;74m██[38;2;90;213;74m██[38;2;90;213;74m██[38;2;90;213;74m██[38;2;90;213;74m██[38;2;65;106;82m██[38;2;255;255;255m██[38;2;65;106;82m██[38;2;90;213;74m██[38;2;90;213;74m██[38;2;90;213;74m██[38;2;90;164;90m██[38;2;65;106;82m██[38;2;131;148;148m██[38;2;131;148;148m██[38;2;24;24;24m██                
[38;2;90;164;90m██[38;2;90;213;74m██[38;2;90;213;74m██[38;2;90;213;74m██[38;2;90;213;74m██[38;2;90;213;74m██[38;2;90;213;74m██[38;2;90;213;74m██[38;2;90;213;74m██[38;2;90;213;74m██[38;2;90;213;74m██[38;2;90;213;74m██[38;2;65;106;82m██[38;2;255;255;255m██[38;2;222;213;238m██[38;2;65;106;82m██[38;2;90;213;74m██[38;2;90;213;74m██[38;2;90;213;74m██[38;2;90;213;74m██[38;2;24;24;24m██[38;2;131;148;148m██[38;2;172;164;189m██[38;2;24;24;24m██              
  [38;2;24;24;24m██[38;2;90;213;74m██[38;2;90;213;74m██[38;2;90;213;74m██[38;2;90;213;74m██[38;2;90;213;74m██[38;2;90;213;74m██[38;2;90;213;74m██[38;2;90;213;74m██[38;2;90;213;74m██[38;2;65;106;82m██[38;2;24;24;24m██[38;2;222;213;238m██[38;2;222;213;238m██[38;2;24;24;24m██[38;2;90;164;90m██[38;2;90;213;74m██[38;2;90;213;74m██[38;2;90;213;74m██[38;2;65;106;82m██[38;2;131;148;148m██[38;2;172;164;189m██[38;2;172;164;189m██[38;2;24;24;24m██            
    [38;2;24;24;24m██[38;2;90;213;74m██[38;2;90;213;74m██[38;2;90;213;74m██[38;2;90;213;74m██[38;2;90;213;74m██[38;2;90;213;74m██[38;2;24;24;24m██[38;2;24;24;24m██[38;2;238;205;106m██[38;2;238;205;106m██[38;2;148;115;65m██[38;2;148;115;65m██[38;2;65;106;82m██[38;2;90;164;90m██[38;2;90;213;74m██[38;2;90;213;74m██[38;2;90;213;74m██[38;2;90;213;74m██[38;2;65;106;82m██[38;2;172;164;189m██[38;2;172;164;189m██[38;2;172;164;189m██[38;2;24;24;24m██[38;2;24;24;24m██        
      [38;2;24;24;24m██[38;2;24;24;24m██[38;2;24;24;24m██[38;2;24;24;24m██[38;2;24;24;24m██[38;2;65;106;82m██[38;2;238;205;106m██[38;2;238;205;106m██[38;2;238;205;106m██[38;2;238;205;106m██[38;2;238;205;106m██[38;2;24;24;24m██[38;2;65;106;82m██[38;2;90;164;90m██[38;2;90;213;74m██[38;2;90;213;74m██[38;2;90;213;74m██[38;2;90;213;74m██[38;2;90;213;74m██[38;2;65;106;82m██[38;2;65;106;82m██[38;2;172;164;189m██[38;2;172;164;189m██[38;2;172;164;189m██[38;2;24;24;24m██      
          [38;2;24;24;24m██[38;2;148;115;65m██[38;2;238;205;106m██[38;2;238;205;106m██[38;2;238;205;106m██[38;2;238;205;106m██[38;2;148;115;65m██[38;2;24;24;24m██[38;2;24;24;24m██  [38;2;65;106;82m██[38;2;90;164;90m██[38;2;90;213;74m██[38;2;90;213;74m██[38;2;90;213;74m██[38;2;90;213;74m██[38;2;90;213;74m██[38;2;90;213;74m██[38;2;90;164;90m██[38;2;65;106;82m██[38;2;172;164;189m██[38;2;172;164;189m██[38;2;24;24;24m██      
              [38;2;148;115;65m██[38;2;24;24;24m██[38;2;24;24;24m██[38;2;24;24;24m██[38;2;24;24;24m██      [38;2;24;24;24m██[38;2;90;213;74m██[38;2;90;213;74m██[38;2;90;213;74m██[38;2;90;213;74m██[38;2;90;213;74m██[38;2;90;213;74m██[38;2;90;213;74m██[38;2;90;213;74m██[38;2;90;213;74m██[38;2;24;24;24m██[38;2;65;106;82m██[38;2;65;106;82m██      
                          [38;2;65;106;82m██[38;2;24;24;24m██[38;2;131;255;139m██[38;2;131;255;139m██[38;2;90;213;74m██[38;2;90;213;74m██[38;2;90;213;74m██[38;2;90;213;74m██[38;2;90;213;74m██[38;2;90;213;74m██[38;2;90;213;74m██[38;2;90;213;74m██[38;2;90;213;74m██[38;2;24;24;24m██        
                      [38;2;65;106;82m██[38;2;65;106;82m██[38;2;90;164;90m██[38;2;24;24;24m██[38;2;131;255;139m██[38;2;131;255;139m██[38;2;131;255;139m██[38;2;131;255;139m██[38;2;90;164;90m██[38;2;65;106;82m██[38;2;90;213;74m██[38;2;90;213;74m██[38;2;90;213;74m██[38;2;90;213;74m██[38;2;90;213;74m██[38;2;90;164;90m██[38;2;24;24;24m██      
                  [38;2;65;106;82m██[38;2;65;106;82m██[38;2;131;255;139m██[38;2;90;213;74m██[38;2;24;24;24m██[38;2;131;255;139m██[38;2;131;255;139m██[38;2;131;255;139m██[38;2;131;255;139m██[38;2;65;106;82m██[38;2;65;106;82m██[38;2;131;255;139m██[38;2;131;255;139m██[38;2;90;213;74m██[38;2;90;213;74m██[38;2;90;213;74m██[38;2;90;213;74m██[38;2;90;213;74m██[38;2;24;24;24m██      
                [38;2;65;106;82m██[38;2;131;255;139m██[38;2;131;255;139m██[38;2;131;255;139m██[38;2;90;164;90m██[38;2;24;24;24m██[38;2;131;255;139m██[38;2;131;255;139m██[38;2;131;255;139m██[38;2;65;106;82m██[38;2;90;213;74m██[38;2;131;255;139m██[38;2;131;255;139m██[38;2;131;255;139m██[38;2;90;164;90m██[38;2;90;213;74m██[38;2;90;213;74m██[38;2;90;213;74m██[38;2;90;213;74m██[38;2;90;213;74m██[38;2;24;24;24m██    
                [38;2;65;106;82m██[38;2;90;213;74m██[38;2;131;255;139m██[38;2;90;213;74m██[38;2;24;24;24m██[38;2;131;255;139m██[38;2;131;255;139m██[38;2;131;255;139m██[38;2;65;106;82m██[38;2;131;255;139m██[38;2;131;255;139m██[38;2;131;255;139m██[38;2;131;255;139m██[38;2;90;213;74m██[38;2;24;24;24m██[38;2;90;213;74m██[38;2;90;213;74m██[38;2;90;213;74m██[38;2;90;213;74m██[38;2;90;213;74m██[38;2;24;24;24m██    
                  [38;2;65;106;82m██[38;2;65;106;82m██[38;2;65;106;82m██[38;2;24;24;24m██[38;2;131;255;139m██[38;2;131;255;139m██[38;2;131;255;139m██[38;2;65;106;82m██[38;2;131;255;139m██[38;2;131;255;139m██[38;2;90;213;74m██[38;2;65;106;82m██[38;2;24;24;24m██[38;2;90;213;74m██[38;2;90;213;74m██[38;2;90;213;74m██[38;2;90;164;90m██[38;2;90;164;90m██[38;2;90;164;90m██[38;2;24;24;24m██    
                      [38;2;24;24;24m██[38;2;90;164;90m██[38;2;131;255;139m██[38;2;131;255;139m██[38;2;131;255;139m██[38;2;90;213;74m██[38;2;65;106;82m██[38;2;65;106;82m██[38;2;24;24;24m██[38;2;24;24;24m██[38;2;90;213;74m██[38;2;90;213;74m██[38;2;65;106;82m██[38;2;90;164;90m██[38;2;90;213;74m██[38;2;90;213;74m██[38;2;90;213;74m██[38;2;90;213;74m██[38;2;24;24;24m██  
                    [38;2;90;164;90m██[38;2;24;24;24m██[38;2;131;255;139m██[38;2;131;255;139m██[38;2;90;213;74m██[38;2;131;255;139m██[38;2;131;255;139m██[38;2;131;255;139m██[38;2;131;255;139m██[38;2;131;255;139m██[38;2;90;213;74m██[38;2;90;213;74m██[38;2;65;106;82m██[38;2;131;255;139m██[38;2;131;255;139m██[38;2;131;255;139m██[38;2;90;213;74m██[38;2;90;213;74m██[38;2;90;213;74m██[38;2;24;24;24m██  
                  [38;2;90;164;90m██[38;2;131;255;139m██[38;2;65;106;82m██[38;2;131;255;139m██[38;2;90;213;74m██[38;2;238;205;106m██[38;2;90;213;74m██[38;2;131;255;139m██[38;2;131;255;139m██[38;2;131;255;139m██[38;2;131;255;139m██[38;2;131;255;139m██[38;2;90;213;74m██[38;2;90;164;90m██[38;2;131;255;139m██[38;2;131;255;139m██[38;2;131;255;139m██[38;2;131;255;139m██[38;2;90;213;74m██[38;2;90;213;74m██[38;2;90;213;74m██[38;2;24;24;24m██
                [38;2;90;164;90m██[38;2;131;255;139m██[38;2;131;255;139m██[38;2;90;164;90m██[38;2;131;255;139m██[38;2;90;213;74m██[38;2;238;205;106m██[38;2;238;205;106m██[38;2;90;213;74m██[38;2;131;255;139m██[38;2;131;255;139m██[38;2;131;255;139m██[38;2;131;255;139m██[38;2;65;106;82m██[38;2;131;255;139m██[38;2;131;255;139m██[38;2;131;255;139m██[38;2;131;255;139m██[38;2;131;255;139m██[38;2;90;213;74m██[38;2;90;213;74m██[38;2;90;213;74m██[38;2;24;24;24m██
                [38;2;90;164;90m██[38;2;131;255;139m██[38;2;131;255;139m██[38;2;90;164;90m██[38;2;90;213;74m██[38;2;238;205;106m██[38;2;238;205;106m██[38;2;238;205;106m██[38;2;238;205;106m██[38;2;90;164;90m██[38;2;131;255;139m██[38;2;131;255;139m██[38;2;90;213;74m██[38;2;65;106;82m██[38;2;131;255;139m██[38;2;131;255;139m██[38;2;131;255;139m██[38;2;131;255;139m██[38;2;131;255;139m██[38;2;90;213;74m██[38;2;90;213;74m██[38;2;90;164;90m██[38;2;24;24;24m██
                [38;2;65;106;82m██[38;2;131;255;139m██[38;2;131;255;139m██[38;2;131;255;139m██[38;2;24;24;24m██[38;2;189;156;74m██[38;2;238;205;106m██[38;2;238;205;106m██[38;2;238;205;106m██[38;2;189;156;74m██[38;2;90;164;90m██[38;2;90;164;90m██[38;2;90;213;74m██[38;2;65;106;82m██[38;2;90;213;74m██[38;2;131;255;139m██[38;2;131;255;139m██[38;2;131;255;139m██[38;2;90;213;74m██[38;2;90;213;74m██[38;2;90;213;74m██[38;2;90;164;90m██[38;2;24;24;24m██
                [38;2;65;106;82m██[38;2;131;255;139m██[38;2;131;255;139m██[38;2;131;255;139m██[38;2;90;213;74m██[38;2;24;24;24m██[38;2;189;156;74m██[38;2;189;156;74m██[38;2;189;156;74m██[38;2;189;156;74m██[38;2;189;156;74m██[38;2;189;156;74m██[38;2;90;164;90m██[38;2;24;24;24m██[38;2;90;213;74m██[38;2;90;213;74m██[38;2;90;213;74m██[38;2;90;213;74m██[38;2;90;213;74m██[38;2;90;213;74m██[38;2;90;213;74m██[38;2;90;164;90m██[38;2;24;24;24m██
                  [38;2;65;106;82m██[38;2;90;213;74m██[38;2;90;213;74m██[38;2;90;213;74m██[38;2;90;213;74m██[38;2;24;24;24m██[38;2;65;106;82m██[38;2;189;156;74m██[38;2;189;156;74m██[38;2;189;156;74m██[38;2;189;156;74m██[38;2;189;156;74m██[38;2;24;24;24m██[38;2;90;164;90m██[38;2;90;213;74m██[38;2;90;213;74m██[38;2;90;213;74m██[38;2;90;213;74m██[38;2;90;213;74m██[38;2;90;164;90m██[38;2;90;164;90m██[38;2;24;24;24m██
                    [38;2;65;106;82m██[38;2;90;164;90m██[38;2;90;213;74m██[38;2;90;213;74m██[38;2;90;213;74m██[38;2;65;106;82m██[38;2;24;24;24m██[38;2;24;24;24m██[38;2;24;24;24m██[38;2;24;24;24m██[38;2;24;24;24m██[38;2;24;24;24m██[38;2;90;164;90m██[38;2;90;164;90m██[38;2;90;213;74m██[38;2;90;213;74m██[38;2;90;213;74m██[38;2;90;164;90m██[38;2;90;164;90m██[38;2;24;24;24m██  
                    [38;2;90;164;90m██[38;2;65;106;82m██[38;2;65;106;82m██[38;2;90;164;90m██[38;2;90;213;74m██[38;2;90;213;74m██[38;2;90;213;74m██[38;2;24;24;24m██        [38;2;24;24;24m██[38;2;90;164;90m██[38;2;90;164;90m██[38;2;90;164;90m██[38;2;90;164;90m██[38;2;90;164;90m██[38;2;90;164;90m██[38;2;24;24;24m██  
                  [38;2;90;164;90m██[38;2;131;255;139m██[38;2;131;255;139m██[38;2;131;255;139m██[38;2;90;213;74m██[38;2;90;213;74m██[38;2;90;213;74m██[38;2;90;164;90m██[38;2;24;24;24m██          [38;2;24;24;24m██[38;2;90;164;90m██[38;2;90;164;90m██[38;2;90;164;90m██[38;2;90;164;90m██[38;2;24;24;24m██    
                [38;2;65;106;82m██[38;2;131;255;139m██[38;2;90;164;90m██[38;2;90;213;74m██[38;2;131;255;139m██[38;2;131;255;139m██[38;2;90;213;74m██[38;2;24;24;24m██[38;2;24;24;24m██              [38;2;24;24;24m██[38;2;90;164;90m██[38;2;90;164;90m██[38;2;90;164;90m██[38;2;65;106;82m██[38;2;24;24;24m██  
                [38;2;24;24;24m██[38;2;24;24;24m██[38;2;24;24;24m██[38;2;131;255;139m██[38;2;90;164;90m██[38;2;24;24;24m██[38;2;24;24;24m██                [38;2;24;24;24m██[38;2;90;164;90m██[38;2;90;164;90m██[38;2;90;164;90m██[38;2;90;164;90m██[38;2;90;164;90m██[38;2;24;24;24m██  
                    [38;2;24;24;24m██[38;2;24;24;24m██[38;2;24;24;24m██                    [38;2;24;24;24m██[38;2;90;164;90m██[38;2;90;213;74m██[38;2;90;213;74m██[38;2;90;213;74m██[38;2;90;213;74m██[38;2;65;106;82m██[38;2;24;24;24m██
                                              [38;2;24;24;24m██[38;2;90;213;74m██[38;2;131;255;139m██[38;2;131;255;139m██[38;2;90;164;90m██[38;2;131;255;139m██[38;2;131;255;139m██[38;2;24;24;24m██
                                                [38;2;24;24;24m██[38;2;131;255;139m██[38;2;131;255;139m██[38;2;24;24;24m██[38;2;131;255;139m██[38;2;131;255;139m██[38;2;24;24;24m██
                                                  [38;2;24;24;24m██[38;2;24;24;24m██  [38;2;24;24;24m██[38;2;24;24;24m██  
