                        [38;2;57;139;32m██[38;2;57;139;32m██[38;2;57;139;32m██[38;2;57;139;32m██                              
                    [38;2;57;139;32m██[38;2;57;139;32m██[38;2;213;238;57m██[38;2;213;238;57m██[38;2;213;238;57m██[38;2;213;238;57m██[38;2;57;139;32m██[38;2;16;106;90m██                          
                  [38;2;57;139;32m██[38;2;213;238;57m██[38;2;213;238;57m██[38;2;213;238;57m██[38;2;213;238;57m██[38;2;213;238;57m██[38;2;213;238;57m██[38;2;213;238;57m██[38;2;213;238;57m██[38;2;16;106;90m██        [38;2;16;106;90m██[38;2;16;106;90m██[38;2;16;106;90m██          
                [38;2;57;139;32m██[38;2;213;238;57m██[38;2;213;238;57m██[38;2;213;238;57m██[38;2;213;238;57m██[38;2;213;238;57m██[38;2;213;238;57m██[38;2;213;238;57m██[38;2;213;238;57m██[38;2;213;238;57m██[38;2;213;238;57m██[38;2;16;106;90m██  [38;2;16;106;90m██[38;2;16;106;90m██[38;2;164;205;32m██[38;2;131;180;24m██[38;2;131;180;24m██[38;2;16;106;90m██[38;2;16;106;90m██      
                [38;2;164;205;32m██[38;2;213;238;57m██[38;2;213;238;57m██[38;2;213;238;57m██[38;2;213;238;57m██[38;2;213;238;57m██[38;2;213;238;57m██[38;2;213;238;57m██[38;2;213;238;57m██[38;2;213;238;57m██[38;2;213;238;57m██[38;2;164;205;32m██[38;2;16;106;90m██[38;2;131;180;24m██[38;2;164;205;32m██[38;2;131;180;24m██[38;2;164;205;32m██[38;2;131;180;24m██[38;2;131;180;24m██[38;2;131;180;24m██[38;2;16;106;90m██    
              [38;2;57;139;32m██[38;2;213;238;57m██[38;2;213;238;57m██[38;2;213;238;57m██[38;2;213;238;57m██[38;2;213;238;57m██[38;2;213;238;57m██[38;2;213;238;57m██[38;2;213;238;57m██[38;2;213;238;57m██[38;2;213;238;57m██[38;2;213;238;57m██[38;2;213;238;57m██[38;2;57;139;32m██[38;2;131;180;24m██[38;2;131;180;24m██[38;2;164;205;32m██[38;2;131;180;24m██[38;2;164;205;32m██[38;2;131;180;24m██[38;2;131;180;24m██[38;2;131;180;24m██[38;2;16;106;90m██  
              [38;2;57;139;32m██[38;2;16;106;90m██[38;2;16;106;90m██[38;2;16;16;16m██[38;2;164;205;32m██[38;2;213;238;57m██[38;2;213;238;57m██[38;2;213;238;57m██[38;2;213;238;57m██[38;2;213;238;57m██[38;2;213;238;57m██[38;2;213;238;57m██[38;2;164;205;32m██[38;2;57;139;32m██[38;2;131;180;24m██[38;2;164;205;32m██[38;2;131;180;24m██[38;2;164;205;32m██[38;2;131;180;24m██[38;2;131;180;24m██[38;2;131;180;24m██[38;2;131;180;24m██[38;2;16;106;90m██  
                      [38;2;16;16;16m██[38;2;164;205;32m██[38;2;164;205;32m██[38;2;213;238;57m██[38;2;213;238;57m██[38;2;213;238;57m██[38;2;164;205;32m██[38;2;164;205;32m██[38;2;164;205;32m██[38;2;164;205;32m██[38;2;164;205;32m██[38;2;131;180;24m██[38;2;164;205;32m██[38;2;131;180;24m██[38;2;131;180;24m██[38;2;131;180;24m██[38;2;131;180;24m██[38;2;131;180;24m██[38;2;131;180;24m██[38;2;16;106;90m██
                        [38;2;16;16;16m██[38;2;164;205;32m██[38;2;164;205;32m██[38;2;164;205;32m██[38;2;164;205;32m██[38;2;164;205;32m██[38;2;164;205;32m██[38;2;164;205;32m██[38;2;164;205;32m██[38;2;131;180;24m██[38;2;131;180;24m██[38;2;131;180;24m██[38;2;131;180;24m██[38;2;131;180;24m██[38;2;131;180;24m██[38;2;131;180;24m██[38;2;131;180;24m██[38;2;131;180;24m██[38;2;16;106;90m██
                        [38;2;16;16;16m██[38;2;164;205;32m██[38;2;164;205;32m██[38;2;164;205;32m██[38;2;164;205;32m██[38;2;164;205;32m██[38;2;164;205;32m██[38;2;164;205;32m██[38;2;131;180;24m██[38;2;131;180;24m██[38;2;16;16;16m██[38;2;16;16;16m██[38;2;16;16;16m██[38;2;16;106;90m██[38;2;16;106;90m██[38;2;131;180;24m██[38;2;131;180;24m██[38;2;131;180;24m██[38;2;16;106;90m██
                          [38;2;16;16;16m██[38;2;164;205;32m██[38;2;164;205;32m██[38;2;164;205;32m██[38;2;164;205;32m██[38;2;164;205;32m██[38;2;57;139;32m██[38;2;16;16;16m██[38;2;16;16;16m██          [38;2;16;16;16m██[38;2;16;16;16m██[38;2;131;180;24m██[38;2;16;106;90m██
                            [38;2;16;16;16m██[38;2;16;16;16m██[38;2;16;16;16m██[38;2;16;106;90m██[38;2;164;205;32m██[38;2;16;16;16m██[38;2;16;106;90m██                [38;2;16;16;16m██  
                                [38;2;16;16;16m██[38;2;57;139;32m██[38;2;16;106;90m██[38;2;16;106;90m██[38;2;16;106;90m██    [38;2;156;65;57m██[38;2;156;65;57m██[38;2;156;65;57m██          
            [38;2;156;65;57m██[38;2;156;65;57m██[38;2;156;65;57m██[38;2;156;65;57m██[38;2;156;65;57m██[38;2;16;16;16m██[38;2;16;16;16m██    [38;2;16;16;16m██[38;2;57;139;32m██[38;2;57;139;32m██[38;2;16;106;90m██[38;2;57;139;32m██[38;2;16;16;16m██[38;2;156;65;57m██[38;2;230;90;82m██[38;2;255;148;115m██[38;2;255;148;115m██[38;2;255;148;115m██[38;2;230;90;82m██[38;2;16;16;16m██      
        [38;2;156;65;57m██[38;2;156;65;57m██[38;2;230;90;82m██[38;2;255;148;115m██[38;2;255;148;115m██[38;2;255;148;115m██[38;2;230;90;82m██[38;2;131;49;82m██[38;2;156;65;57m██[38;2;16;16;16m██[38;2;16;106;90m██[38;2;57;139;32m██[38;2;57;139;32m██[38;2;16;16;16m██  [38;2;16;106;90m██[38;2;57;139;32m██[38;2;65;49;49m██[38;2;255;148;115m██[38;2;255;148;115m██[38;2;255;148;115m██[38;2;255;148;115m██[38;2;255;148;115m██[38;2;230;90;82m██[38;2;16;16;16m██    
      [38;2;156;65;57m██[38;2;230;90;82m██[38;2;255;197;213m██[38;2;255;148;115m██[38;2;255;148;115m██[38;2;255;148;115m██[38;2;230;90;82m██[38;2;131;49;82m██[38;2;131;49;82m██[38;2;131;49;82m██[38;2;255;148;115m██[38;2;230;90;82m██[38;2;16;16;16m██[38;2;16;16;16m██    [38;2;65;49;49m██[38;2;65;49;49m██[38;2;230;90;82m██[38;2;255;148;115m██[38;2;255;148;115m██[38;2;255;148;115m██[38;2;65;49;49m██[38;2;65;49;49m██[38;2;255;148;115m██[38;2;156;65;57m██    
    [38;2;156;65;57m██[38;2;255;148;115m██[38;2;255;197;213m██[38;2;255;197;213m██[38;2;255;197;213m██[38;2;255;148;115m██[38;2;131;49;82m██[38;2;131;49;82m██[38;2;131;49;82m██[38;2;255;148;115m██[38;2;255;148;115m██[38;2;255;148;115m██[38;2;255;148;115m██[38;2;255;148;115m██[38;2;16;16;16m██    [38;2;65;49;49m██[38;2;230;90;82m██[38;2;255;148;115m██[38;2;255;148;115m██[38;2;255;148;115m██[38;2;255;148;115m██[38;2;255;148;115m██[38;2;255;148;115m██[38;2;230;90;82m██[38;2;230;90;82m██[38;2;16;16;16m██  
    [38;2;230;90;82m██[38;2;255;148;115m██[38;2;255;197;213m██[38;2;255;197;213m██[38;2;255;197;213m██[38;2;230;90;82m██[38;2;131;49;82m██[38;2;131;49;82m██[38;2;255;148;115m██[38;2;255;148;115m██[38;2;255;148;115m██[38;2;255;148;115m██[38;2;255;148;115m██[38;2;255;148;115m██[38;2;230;90;82m██[38;2;16;16;16m██  [38;2;65;49;49m██[38;2;230;90;82m██[38;2;230;90;82m██[38;2;255;148;115m██[38;2;65;49;49m██[38;2;255;148;115m██[38;2;255;148;115m██[38;2;156;65;57m██[38;2;230;90;82m██[38;2;230;90;82m██[38;2;16;16;16m██  
  [38;2;156;65;57m██[38;2;255;148;115m██[38;2;255;148;115m██[38;2;255;148;115m██[38;2;255;197;213m██[38;2;255;148;115m██[38;2;131;49;82m██[38;2;131;49;82m██[38;2;230;90;82m██[38;2;255;148;115m██[38;2;255;148;115m██[38;2;255;148;115m██[38;2;255;148;115m██[38;2;255;148;115m██[38;2;255;148;115m██[38;2;255;148;115m██[38;2;65;49;49m██  [38;2;65;49;49m██[38;2;230;90;82m██[38;2;230;90;82m██[38;2;230;90;82m██[38;2;65;49;49m██[38;2;230;90;82m██[38;2;65;49;49m██[38;2;131;49;82m██[38;2;230;90;82m██[38;2;230;90;82m██[38;2;16;16;16m██  
  [38;2;230;90;82m██[38;2;255;148;115m██[38;2;255;255;255m██[38;2;131;49;82m██[38;2;255;148;115m██[38;2;230;90;82m██[38;2;131;49;82m██[38;2;131;49;82m██[38;2;255;148;115m██[38;2;255;148;115m██[38;2;255;148;115m██[38;2;255;148;115m██[38;2;255;148;115m██[38;2;255;148;115m██[38;2;255;148;115m██[38;2;255;148;115m██[38;2;230;90;82m██[38;2;65;49;49m██  [38;2;65;49;49m██[38;2;230;90;82m██[38;2;65;49;49m██[38;2;230;90;82m██[38;2;230;90;82m██[38;2;230;90;82m██[38;2;230;90;82m██[38;2;230;90;82m██[38;2;16;16;16m██    
[38;2;156;65;57m██[38;2;255;148;115m██[38;2;255;148;115m██[38;2;156;65;57m██[38;2;156;65;57m██[38;2;255;148;115m██[38;2;131;49;82m██[38;2;131;49;82m██[38;2;230;90;82m██[38;2;255;148;115m██[38;2;255;148;115m██[38;2;255;148;115m██[38;2;255;148;115m██[38;2;255;148;115m██[38;2;255;148;115m██[38;2;255;148;115m██[38;2;255;148;115m██[38;2;230;90;82m██[38;2;65;49;49m██  [38;2;65;49;49m██[38;2;230;90;82m██[38;2;230;90;82m██[38;2;230;90;82m██[38;2;230;90;82m██[38;2;230;90;82m██[38;2;230;90;82m██[38;2;230;90;82m██[38;2;16;16;16m██    
[38;2;156;65;57m██[38;2;255;148;115m██[38;2;255;148;115m██[38;2;131;49;82m██[38;2;230;90;82m██[38;2;255;148;115m██[38;2;230;90;82m██[38;2;131;49;82m██[38;2;255;148;115m██[38;2;255;148;115m██[38;2;255;148;115m██[38;2;255;148;115m██[38;2;255;255;255m██[38;2;131;49;82m██[38;2;255;148;115m██[38;2;255;148;115m██[38;2;255;148;115m██[38;2;230;90;82m██[38;2;16;16;16m██    [38;2;16;16;16m██[38;2;156;65;57m██[38;2;230;90;82m██[38;2;230;90;82m██[38;2;230;90;82m██[38;2;156;65;57m██[38;2;16;16;16m██      
[38;2;65;49;49m██[38;2;255;148;115m██[38;2;255;148;115m██[38;2;255;148;115m██[38;2;255;148;115m██[38;2;255;148;115m██[38;2;255;148;115m██[38;2;255;148;115m██[38;2;255;148;115m██[38;2;255;148;115m██[38;2;255;148;115m██[38;2;255;148;115m██[38;2;131;49;82m██[38;2;156;65;57m██[38;2;255;148;115m██[38;2;255;148;115m██[38;2;255;148;115m██[38;2;230;90;82m██[38;2;16;16;16m██        [38;2;16;16;16m██[38;2;16;16;16m██[38;2;16;16;16m██          
[38;2;65;49;49m██[38;2;255;148;115m██[38;2;255;148;115m██[38;2;255;148;115m██[38;2;255;148;115m██[38;2;230;90;82m██[38;2;255;148;115m██[38;2;255;148;115m██[38;2;230;90;82m██[38;2;255;148;115m██[38;2;255;148;115m██[38;2;255;148;115m██[38;2;131;49;82m██[38;2;230;90;82m██[38;2;255;148;115m██[38;2;255;148;115m██[38;2;230;90;82m██[38;2;230;90;82m██[38;2;16;16;16m██                        
[38;2;65;49;49m██[38;2;230;90;82m██[38;2;255;148;115m██[38;2;255;148;115m██[38;2;255;148;115m██[38;2;255;148;115m██[38;2;131;49;82m██[38;2;131;49;82m██[38;2;255;148;115m██[38;2;255;148;115m██[38;2;255;148;115m██[38;2;255;148;115m██[38;2;255;148;115m██[38;2;255;148;115m██[38;2;255;148;115m██[38;2;255;148;115m██[38;2;230;90;82m██[38;2;230;90;82m██[38;2;16;16;16m██                        
[38;2;65;49;49m██[38;2;230;90;82m██[38;2;230;90;82m██[38;2;255;148;115m██[38;2;255;148;115m██[38;2;255;148;115m██[38;2;255;148;115m██[38;2;255;148;115m██[38;2;255;148;115m██[38;2;255;148;115m██[38;2;255;148;115m██[38;2;255;148;115m██[38;2;255;148;115m██[38;2;255;148;115m██[38;2;255;148;115m██[38;2;230;90;82m██[38;2;230;90;82m██[38;2;131;49;82m██                          
  [38;2;65;49;49m██[38;2;230;90;82m██[38;2;230;90;82m██[38;2;230;90;82m██[38;2;255;148;115m██[38;2;255;148;115m██[38;2;255;148;115m██[38;2;255;148;115m██[38;2;255;148;115m██[38;2;255;148;115m██[38;2;255;148;115m██[38;2;255;148;115m██[38;2;255;148;115m██[38;2;230;90;82m██[38;2;230;90;82m██[38;2;230;90;82m██[38;2;16;16;16m██                          
  [38;2;16;16;16m██[38;2;230;90;82m██[38;2;230;90;82m██[38;2;230;90;82m██[38;2;230;90;82m██[38;2;230;90;82m██[38;2;255;148;115m██[38;2;255;148;115m██[38;2;255;148;115m██[38;2;255;148;115m██[38;2;230;90;82m██[38;2;230;90;82m██[38;2;230;90;82m██[38;2;230;90;82m██[38;2;230;90;82m██[38;2;131;49;82m██                            
    [38;2;156;65;57m██[38;2;230;90;82m██[38;2;156;65;57m██[38;2;156;65;57m██[38;2;230;90;82m██[38;2;230;90;82m██[38;2;230;90;82m██[38;2;230;90;82m██[38;2;230;90;82m██[38;2;230;90;82m██[38;2;230;90;82m██[38;2;230;90;82m██[38;2;230;90;82m██[38;2;230;90;82m██[38;2;16;16;16m██                            
    [38;2;16;16;16m██[38;2;230;90;82m██[38;2;230;90;82m██[38;2;156;65;57m██[38;2;16;16;16m██[38;2;16;16;16m██[38;2;156;65;57m██[38;2;156;65;57m██[38;2;230;90;82m██[38;2;230;90;82m██[38;2;230;90;82m██[38;2;230;90;82m██[38;2;230;90;82m██[38;2;16;16;16m██                              
      [38;2;16;16;16m██[38;2;16;16;16m██          [38;2;65;49;49m██[38;2;230;90;82m██[38;2;230;90;82m██[38;2;156;65;57m██[38;2;16;16;16m██                                
                      [38;2;16;16;16m██[38;2;16;16;16m██                                    
