                    [38;2;139;57;0m██[38;2;139;57;0m██[38;2;139;57;0m██                                      
                [38;2;139;57;0m██[38;2;139;57;0m██[38;2;222;115;8m██[38;2;246;164;32m██[38;2;246;164;32m██[38;2;139;57;0m██                                    
              [38;2;139;57;0m██[38;2;213;246;246m██[38;2;213;246;246m██[38;2;222;115;8m██[38;2;246;164;32m██[38;2;246;164;32m██[38;2;139;57;0m██                                    
            [38;2;139;57;0m██[38;2;222;115;8m██[38;2;213;246;246m██[38;2;213;246;246m██[38;2;222;115;8m██[38;2;246;164;32m██[38;2;139;57;0m██                        [38;2;139;57;0m██[38;2;139;57;0m██          
            [38;2;139;57;0m██[38;2;246;164;32m██[38;2;164;205;205m██[38;2;213;246;246m██[38;2;139;57;0m██[38;2;139;57;0m██[38;2;0;0;0m██[38;2;139;57;0m██                    [38;2;139;57;0m██[38;2;246;164;32m██[38;2;246;164;32m██[38;2;139;57;0m██[38;2;139;57;0m██[38;2;139;57;0m██    
            [38;2;0;0;0m██[38;2;246;164;32m██[38;2;222;115;8m██[38;2;139;57;0m██[38;2;246;164;32m██[38;2;246;164;32m██[38;2;222;115;8m██[38;2;0;0;0m██                    [38;2;139;57;0m██[38;2;246;164;32m██[38;2;246;164;32m██[38;2;222;115;8m██[38;2;213;246;246m██[38;2;213;246;246m██[38;2;139;57;0m██  
              [38;2;0;0;0m██[38;2;139;57;0m██[38;2;246;164;32m██[38;2;246;164;32m██[38;2;246;164;32m██[38;2;246;164;32m██[38;2;246;164;32m██[38;2;0;0;0m██                  [38;2;139;57;0m██[38;2;246;164;32m██[38;2;246;164;32m██[38;2;222;115;8m██[38;2;213;246;246m██[38;2;213;246;246m██[38;2;139;57;0m██  
                [38;2;0;0;0m██[38;2;246;164;32m██[38;2;246;164;32m██[38;2;246;164;32m██[38;2;246;164;32m██[38;2;246;164;32m██[38;2;0;0;0m██                [38;2;139;57;0m██[38;2;222;115;8m██[38;2;222;115;8m██[38;2;222;115;8m██[38;2;213;246;246m██[38;2;213;246;246m██[38;2;222;115;8m██[38;2;139;57;0m██  
                [38;2;139;57;0m██[38;2;246;164;32m██[38;2;213;246;246m██[38;2;213;246;246m██[38;2;246;164;32m██[38;2;222;115;8m██[38;2;0;0;0m██                [38;2;139;57;0m██[38;2;246;164;32m██[38;2;246;164;32m██[38;2;139;57;0m██[38;2;213;246;246m██[38;2;222;115;8m██[38;2;246;164;32m██[38;2;246;164;32m██[38;2;0;0;0m██
                [38;2;139;57;0m██[38;2;213;246;246m██[38;2;213;246;246m██[38;2;213;246;246m██[38;2;213;246;246m██[38;2;222;115;8m██[38;2;0;0;0m██              [38;2;139;57;0m██[38;2;246;164;32m██[38;2;246;164;32m██[38;2;246;164;32m██[38;2;246;164;32m██[38;2;139;57;0m██[38;2;222;115;8m██[38;2;246;164;32m██[38;2;222;115;8m██[38;2;0;0;0m██
                  [38;2;164;205;205m██[38;2;213;246;246m██[38;2;213;246;246m██[38;2;213;246;246m██[38;2;164;205;205m██[38;2;0;0;0m██              [38;2;139;57;0m██[38;2;246;164;32m██[38;2;246;164;32m██[38;2;246;164;32m██[38;2;246;164;32m██[38;2;222;115;8m██[38;2;139;57;0m██[38;2;222;115;8m██[38;2;0;0;0m██  
                  [38;2;164;205;205m██[38;2;213;246;246m██[38;2;246;164;32m██[38;2;222;115;8m██[38;2;164;205;205m██[38;2;0;0;0m██            [38;2;139;57;0m██[38;2;246;164;32m██[38;2;213;246;246m██[38;2;213;246;246m██[38;2;213;246;246m██[38;2;222;115;8m██[38;2;222;115;8m██[38;2;139;57;0m██[38;2;0;0;0m██    
                    [38;2;0;0;0m██[38;2;222;115;8m██[38;2;222;115;8m██[38;2;222;115;8m██[38;2;164;205;205m██            [38;2;164;205;205m██[38;2;213;246;246m██[38;2;213;246;246m██[38;2;213;246;246m██[38;2;164;205;205m██[38;2;164;205;205m██[38;2;139;57;0m██        
                    [38;2;0;0;0m██[38;2;222;115;8m██[38;2;222;115;8m██[38;2;222;115;8m██[38;2;0;0;0m██[38;2;98;90;57m██[38;2;0;0;0m██[38;2;0;0;0m██    [38;2;0;0;0m██[38;2;213;246;246m██[38;2;213;246;246m██[38;2;213;246;246m██[38;2;164;205;205m██[38;2;164;205;205m██[38;2;164;205;205m██[38;2;0;0;0m██        
                      [38;2;0;0;0m██[38;2;222;115;8m██[38;2;0;0;0m██[38;2;246;246;98m██[38;2;246;246;98m██[38;2;246;246;98m██[38;2;246;246;98m██[38;2;98;90;57m██[38;2;0;0;0m██[38;2;246;164;32m██[38;2;246;164;32m██[38;2;222;115;8m██[38;2;222;115;8m██[38;2;164;205;205m██[38;2;164;205;205m██[38;2;0;0;0m██          
                        [38;2;0;0;0m██[38;2;98;90;57m██[38;2;189;180;82m██[38;2;246;246;98m██[38;2;246;246;98m██[38;2;189;180;82m██[38;2;246;164;32m██[38;2;246;164;32m██[38;2;246;164;32m██[38;2;222;115;8m██[38;2;222;115;8m██[38;2;222;115;8m██[38;2;139;57;0m██[38;2;0;0;0m██            
                  [38;2;189;180;82m██[38;2;189;180;82m██[38;2;246;246;98m██[38;2;246;246;98m██[38;2;246;246;98m██[38;2;246;246;98m██[38;2;98;90;57m██[38;2;98;90;57m██[38;2;189;180;82m██[38;2;222;115;8m██[38;2;222;115;8m██[38;2;222;115;8m██[38;2;222;115;8m██[38;2;222;115;8m██[38;2;139;57;0m██[38;2;0;0;0m██              
              [38;2;189;180;82m██[38;2;189;180;82m██[38;2;255;255;139m██[38;2;255;255;139m██[38;2;246;246;98m██[38;2;246;246;98m██[38;2;246;246;98m██[38;2;246;246;98m██[38;2;246;246;98m██[38;2;246;246;98m██[38;2;131;123;74m██[38;2;0;0;0m██[38;2;222;115;8m██[38;2;222;115;8m██[38;2;0;0;0m██[38;2;0;0;0m██                  
            [38;2;131;123;74m██[38;2;246;246;98m██[38;2;255;255;139m██[38;2;255;255;255m██[38;2;255;255;255m██[38;2;255;255;139m██[38;2;246;246;98m██[38;2;246;246;98m██[38;2;246;246;98m██[38;2;246;246;98m██[38;2;246;246;98m██[38;2;246;246;98m██[38;2;246;246;98m██[38;2;0;0;0m██[38;2;0;0;0m██                      
          [38;2;131;123;74m██[38;2;246;246;98m██[38;2;246;246;98m██[38;2;255;255;139m██[38;2;255;255;255m██[38;2;255;255;255m██[38;2;255;255;139m██[38;2;246;246;98m██[38;2;246;246;98m██[38;2;246;246;98m██[38;2;246;246;98m██[38;2;246;246;98m██[38;2;246;246;98m██[38;2;246;246;98m██[38;2;246;246;98m██[38;2;98;90;57m██                      
        [38;2;189;180;82m██[38;2;246;246;98m██[38;2;246;246;98m██[38;2;246;246;98m██[38;2;246;246;98m██[38;2;255;255;139m██[38;2;255;255;139m██[38;2;246;246;98m██[38;2;246;246;98m██[38;2;246;246;98m██[38;2;246;246;98m██[38;2;246;246;98m██[38;2;246;246;98m██[38;2;246;246;98m██[38;2;246;246;98m██[38;2;246;246;98m██[38;2;189;180;82m██                      
  [38;2;98;90;57m██[38;2;98;90;57m██[38;2;98;90;57m██[38;2;189;180;82m██[38;2;246;246;98m██[38;2;246;246;98m██[38;2;246;246;98m██[38;2;246;246;98m██[38;2;246;246;98m██[38;2;246;246;98m██[38;2;246;246;98m██[38;2;246;246;98m██[38;2;246;246;98m██[38;2;246;246;98m██[38;2;246;246;98m██[38;2;246;246;98m██[38;2;246;246;98m██[38;2;246;246;98m██[38;2;246;246;98m██[38;2;246;246;98m██[38;2;0;0;0m██                    
[38;2;98;90;57m██[38;2;189;180;82m██[38;2;189;180;82m██[38;2;98;90;57m██[38;2;189;180;82m██[38;2;246;246;98m██[38;2;246;246;98m██[38;2;246;246;98m██[38;2;246;246;98m██[38;2;246;246;98m██[38;2;246;246;98m██[38;2;246;246;98m██[38;2;246;246;98m██[38;2;246;246;98m██[38;2;246;246;98m██[38;2;246;246;98m██[38;2;246;246;98m██[38;2;246;246;98m██[38;2;246;246;98m██[38;2;246;246;98m██[38;2;246;246;98m██[38;2;0;0;0m██                    
[38;2;98;90;57m██[38;2;189;180;82m██[38;2;189;180;82m██[38;2;189;180;82m██[38;2;246;246;98m██[38;2;246;246;98m██[38;2;246;246;98m██[38;2;246;246;98m██[38;2;246;246;98m██[38;2;246;246;98m██[38;2;246;246;98m██[38;2;246;246;98m██[38;2;246;246;98m██[38;2;246;246;98m██[38;2;246;246;98m██[38;2;246;246;98m██[38;2;246;246;98m██[38;2;246;246;98m██[38;2;246;246;98m██[38;2;246;246;98m██[38;2;246;246;98m██[38;2;189;180;82m██[38;2;0;0;0m██                  
  [38;2;0;0;0m██[38;2;189;180;82m██[38;2;0;0;0m██[38;2;189;180;82m██[38;2;246;246;98m██[38;2;98;90;57m██[38;2;246;246;98m██[38;2;246;246;98m██[38;2;246;246;98m██[38;2;246;246;98m██[38;2;246;246;98m██[38;2;246;246;98m██[38;2;246;246;98m██[38;2;246;246;98m██[38;2;246;246;98m██[38;2;246;246;98m██[38;2;246;246;98m██[38;2;246;246;98m██[38;2;246;246;98m██[38;2;189;180;82m██[38;2;189;180;82m██[38;2;0;0;0m██                  
    [38;2;0;0;0m██[38;2;0;0;0m██[38;2;0;0;0m██[38;2;246;246;98m██[38;2;0;0;0m██[38;2;246;246;98m██[38;2;246;246;98m██[38;2;246;246;98m██[38;2;246;246;98m██[38;2;246;246;98m██[38;2;246;246;98m██[38;2;246;246;98m██[38;2;246;246;98m██[38;2;246;246;98m██[38;2;246;246;98m██[38;2;246;246;98m██[38;2;246;246;98m██[38;2;246;246;98m██[38;2;189;180;82m██[38;2;189;180;82m██[38;2;0;0;0m██                  
      [38;2;0;0;0m██[38;2;0;0;0m██[38;2;246;246;98m██[38;2;246;246;98m██[38;2;246;246;98m██[38;2;246;246;98m██[38;2;246;246;98m██[38;2;246;246;98m██[38;2;246;246;98m██[38;2;98;90;57m██[38;2;246;246;98m██[38;2;246;246;98m██[38;2;246;246;98m██[38;2;246;246;98m██[38;2;246;246;98m██[38;2;246;246;98m██[38;2;189;180;82m██[38;2;189;180;82m██[38;2;189;180;82m██[38;2;98;90;57m██                  
      [38;2;98;90;57m██[38;2;189;180;82m██[38;2;131;123;74m██[38;2;246;246;98m██[38;2;246;246;98m██[38;2;246;246;98m██[38;2;246;246;98m██[38;2;246;246;98m██[38;2;246;246;98m██[38;2;0;0;0m██[38;2;246;246;98m██[38;2;246;246;98m██[38;2;246;246;98m██[38;2;246;246;98m██[38;2;189;180;82m██[38;2;189;180;82m██[38;2;189;180;82m██[38;2;98;90;57m██[38;2;98;90;57m██[38;2;189;180;82m██[38;2;98;90;57m██[38;2;0;0;0m██              
        [38;2;131;123;74m██[38;2;189;180;82m██[38;2;189;180;82m██[38;2;131;123;74m██[38;2;131;123;74m██[38;2;246;246;98m██[38;2;246;246;98m██[38;2;246;246;98m██[38;2;246;246;98m██[38;2;246;246;98m██[38;2;189;180;82m██[38;2;0;0;0m██[38;2;0;0;0m██[38;2;131;123;74m██[38;2;189;180;82m██[38;2;189;180;82m██[38;2;189;180;82m██[38;2;189;180;82m██[38;2;189;180;82m██[38;2;189;180;82m██[38;2;189;180;82m██[38;2;0;0;0m██            
        [38;2;98;90;57m██[38;2;189;180;82m██[38;2;189;180;82m██[38;2;189;180;82m██[38;2;189;180;82m██[38;2;189;180;82m██[38;2;131;123;74m██[38;2;131;123;74m██[38;2;98;90;57m██[38;2;98;90;57m██[38;2;0;0;0m██[38;2;0;0;0m██[38;2;0;0;0m██[38;2;0;0;0m██[38;2;189;180;82m██[38;2;98;90;57m██[38;2;189;180;82m██[38;2;189;180;82m██[38;2;189;180;82m██[38;2;189;180;82m██[38;2;189;180;82m██[38;2;0;0;0m██            
          [38;2;98;90;57m██[38;2;189;180;82m██[38;2;189;180;82m██[38;2;189;180;82m██[38;2;189;180;82m██[38;2;189;180;82m██[38;2;189;180;82m██[38;2;189;180;82m██[38;2;189;180;82m██[38;2;98;90;57m██[38;2;0;0;0m██[38;2;0;0;0m██[38;2;0;0;0m██[38;2;189;180;82m██[38;2;189;180;82m██[38;2;98;90;57m██[38;2;98;90;57m██[38;2;0;0;0m██[38;2;0;0;0m██[38;2;0;0;0m██              
          [38;2;0;0;0m██[38;2;0;0;0m██[38;2;189;180;82m██[38;2;189;180;82m██[38;2;189;180;82m██[38;2;189;180;82m██[38;2;189;180;82m██[38;2;189;180;82m██[38;2;189;180;82m██[38;2;189;180;82m██[38;2;0;0;0m██[38;2;0;0;0m██[38;2;189;180;82m██[38;2;189;180;82m██[38;2;189;180;82m██[38;2;0;0;0m██                      
          [38;2;0;0;0m██[38;2;189;180;82m██[38;2;0;0;0m██[38;2;98;90;57m██[38;2;189;180;82m██[38;2;189;180;82m██[38;2;189;180;82m██[38;2;189;180;82m██[38;2;189;180;82m██[38;2;189;180;82m██[38;2;189;180;82m██[38;2;189;180;82m██[38;2;189;180;82m██[38;2;0;0;0m██[38;2;0;0;0m██                        
          [38;2;0;0;0m██[38;2;189;180;82m██[38;2;189;180;82m██[38;2;189;180;82m██[38;2;0;0;0m██[38;2;0;0;0m██[38;2;131;123;74m██[38;2;131;123;74m██[38;2;131;123;74m██[38;2;131;123;74m██[38;2;131;123;74m██[38;2;98;90;57m██[38;2;0;0;0m██[38;2;189;180;82m██[38;2;0;0;0m██                        
            [38;2;0;0;0m██[38;2;0;0;0m██[38;2;0;0;0m██      [38;2;0;0;0m██[38;2;0;0;0m██[38;2;0;0;0m██[38;2;98;90;57m██[38;2;189;180;82m██[38;2;189;180;82m██[38;2;189;180;82m██[38;2;0;0;0m██                        
                              [38;2;0;0;0m██[38;2;189;180;82m██[38;2;189;180;82m██[38;2;0;0;0m██                          
                                [38;2;0;0;0m██[38;2;0;0;0m██                            
