                                        [38;2;74;65;49m██[38;2;74;65;49m██[38;2;74;65;49m██[38;2;74;65;49m██  [38;2;16;16;16m██[38;2;16;16;16m██[38;2;16;16;16m██[38;2;16;16;16m██[38;2;16;16;16m██                                                                
                                      [38;2;74;65;49m██[38;2;106;98;49m██[38;2;148;139;49m██[38;2;148;139;49m██[38;2;106;98;49m██[38;2;16;16;16m██[38;2;74;65;49m██[38;2;148;139;49m██[38;2;148;139;49m██[38;2;148;139;49m██[38;2;74;65;49m██[38;2;16;16;16m██                                                              
                                      [38;2;74;65;49m██[38;2;148;139;49m██[38;2;238;238;255m██[38;2;148;139;49m██[38;2;148;139;49m██[38;2;16;16;16m██[38;2;148;139;49m██[38;2;238;238;255m██[38;2;238;238;255m██[38;2;148;139;49m██[38;2;148;139;49m██[38;2;16;16;16m██                                                              
                                    [38;2;16;16;16m██[38;2;148;139;49m██[38;2;238;238;255m██[38;2;238;238;255m██[38;2;238;238;255m██[38;2;16;16;16m██[38;2;148;139;49m██[38;2;238;238;255m██[38;2;238;238;255m██[38;2;238;238;255m██[38;2;238;238;255m██[38;2;148;139;49m██[38;2;148;139;49m██[38;2;16;16;16m██                                                            
                                    [38;2;16;16;16m██[38;2;148;139;49m██[38;2;238;238;255m██[38;2;16;16;16m██[38;2;238;238;255m██[38;2;16;16;16m██[38;2;148;139;49m██[38;2;238;238;255m██[38;2;16;16;16m██[38;2;238;238;255m██[38;2;238;238;255m██[38;2;148;139;49m██[38;2;148;139;49m██[38;2;16;16;16m██                                                            
                                    [38;2;16;16;16m██[38;2;148;139;49m██[38;2;238;238;255m██[38;2;16;16;16m██[38;2;238;238;255m██[38;2;16;16;16m██[38;2;148;139;49m██[38;2;238;238;255m██[38;2;16;16;16m██[38;2;238;238;255m██[38;2;238;238;255m██[38;2;148;139;49m██[38;2;148;139;49m██[38;2;16;16;16m██                                                            
                                  [38;2;74;65;49m██[38;2;16;16;16m██[38;2;148;139;49m██[38;2;238;238;255m██[38;2;238;238;255m██[38;2;238;238;255m██[38;2;16;16;16m██[38;2;148;139;49m██[38;2;238;238;255m██[38;2;238;238;255m██[38;2;238;238;255m██[38;2;238;238;255m██[38;2;148;139;49m██[38;2;148;139;49m██[38;2;16;16;16m██[38;2;16;16;16m██[38;2;16;16;16m██                                                        
                                  [38;2;74;65;49m██[38;2;106;98;49m██[38;2;16;16;16m██[38;2;148;139;49m██[38;2;238;238;255m██[38;2;148;139;49m██[38;2;16;16;16m██[38;2;148;139;49m██[38;2;148;139;49m██[38;2;238;238;255m██[38;2;238;238;255m██[38;2;148;139;49m██[38;2;148;139;49m██[38;2;74;65;49m██[38;2;74;65;49m██[38;2;148;139;49m██[38;2;148;139;49m██[38;2;16;16;16m██                                                      
                                  [38;2;74;65;49m██[38;2;106;98;49m██[38;2;16;16;16m██[38;2;148;139;49m██[38;2;148;139;49m██[38;2;148;139;49m██[38;2;106;98;49m██[38;2;106;98;49m██[38;2;148;139;49m██[38;2;148;139;49m██[38;2;148;139;49m██[38;2;148;139;49m██[38;2;148;139;49m██[38;2;16;16;16m██[38;2;148;139;49m██[38;2;148;139;49m██[38;2;148;139;49m██[38;2;16;16;16m██            [38;2;74;65;49m██[38;2;74;65;49m██[38;2;74;65;49m██[38;2;74;65;49m██                                  
                                    [38;2;74;65;49m██[38;2;106;98;49m██[38;2;74;65;49m██[38;2;148;139;49m██[38;2;148;139;49m██[38;2;148;139;49m██[38;2;74;65;49m██[38;2;148;139;49m██[38;2;148;139;49m██[38;2;148;139;49m██[38;2;148;139;49m██[38;2;74;65;49m██[38;2;148;139;49m██[38;2;148;139;49m██[38;2;148;139;49m██[38;2;16;16;16m██            [38;2;74;65;49m██[38;2;148;139;49m██[38;2;148;139;49m██[38;2;148;139;49m██[38;2;148;139;49m██[38;2;106;98;49m██[38;2;74;65;49m██[38;2;74;65;49m██                            
                                    [38;2;74;65;49m██[38;2;16;16;16m██[38;2;148;139;49m██[38;2;148;139;49m██[38;2;148;139;49m██[38;2;148;139;49m██[38;2;148;139;49m██[38;2;148;139;49m██[38;2;148;139;49m██[38;2;148;139;49m██[38;2;148;139;49m██[38;2;148;139;49m██[38;2;148;139;49m██[38;2;74;65;49m██[38;2;16;16;16m██            [38;2;74;65;49m██[38;2;148;139;49m██[38;2;148;139;49m██[38;2;148;139;49m██[38;2;148;139;49m██[38;2;148;139;49m██[38;2;148;139;49m██[38;2;148;139;49m██[38;2;106;98;49m██[38;2;74;65;49m██                          
                                  [38;2;16;16;16m██[38;2;123;123;98m██[38;2;197;180;131m██[38;2;148;139;49m██[38;2;148;139;49m██[38;2;148;139;49m██[38;2;148;139;49m██[38;2;148;139;49m██[38;2;148;139;49m██[38;2;148;139;49m██[38;2;148;139;49m██[38;2;148;139;49m██[38;2;148;139;49m██[38;2;148;139;49m██[38;2;197;180;65m██[38;2;16;16;16m██          [38;2;74;65;49m██[38;2;74;65;49m██[38;2;74;65;49m██[38;2;74;65;49m██[38;2;74;65;49m██[38;2;74;65;49m██[38;2;74;65;49m██[38;2;74;65;49m██[38;2;106;98;49m██[38;2;148;139;49m██[38;2;74;65;49m██                          
                            [38;2;16;16;16m██[38;2;16;16;16m██[38;2;16;16;16m██[38;2;16;16;16m██[38;2;16;16;16m██[38;2;16;16;16m██[38;2;123;123;98m██[38;2;230;222;164m██[38;2;230;222;164m██[38;2;197;180;65m██[38;2;148;139;49m██[38;2;148;139;49m██[38;2;148;139;49m██[38;2;148;139;49m██[38;2;197;180;65m██[38;2;230;222;164m██[38;2;230;222;164m██[38;2;230;222;164m██[38;2;230;222;164m██[38;2;16;16;16m██  [38;2;106;98;49m██[38;2;106;98;49m██[38;2;106;98;49m██[38;2;197;180;65m██[38;2;230;222;164m██[38;2;230;222;164m██[38;2;230;222;164m██[38;2;230;222;164m██[38;2;230;222;164m██[38;2;148;139;49m██[38;2;148;139;49m██[38;2;106;98;49m██[38;2;74;65;49m██[38;2;74;65;49m██                          
                      [38;2;16;16;16m██[38;2;16;16;16m██[38;2;16;16;16m██[38;2;230;222;164m██[38;2;230;222;164m██[38;2;230;222;164m██[38;2;230;222;164m██[38;2;230;222;164m██[38;2;230;222;164m██[38;2;230;222;164m██[38;2;16;16;16m██[38;2;16;16;16m██[38;2;123;123;98m██[38;2;230;222;164m██[38;2;230;222;164m██[38;2;230;222;164m██[38;2;230;222;164m██[38;2;230;222;164m██[38;2;230;222;164m██[38;2;230;222;164m██[38;2;230;222;164m██[38;2;230;222;164m██[38;2;16;16;16m██[38;2;106;98;49m██[38;2;106;98;49m██[38;2;197;180;65m██[38;2;197;180;65m██[38;2;197;180;65m██[38;2;230;222;164m██[38;2;230;222;164m██[38;2;230;222;164m██[38;2;230;222;164m██[38;2;230;222;164m██[38;2;230;222;164m██[38;2;148;139;49m██[38;2;148;139;49m██[38;2;148;139;49m██[38;2;148;139;49m██[38;2;74;65;49m██[38;2;74;65;49m██                      
                  [38;2;123;123;98m██[38;2;123;123;98m██[38;2;230;222;164m██[38;2;230;222;164m██[38;2;230;222;164m██[38;2;230;222;164m██[38;2;230;222;164m██[38;2;230;222;164m██[38;2;230;222;164m██[38;2;230;222;164m██[38;2;230;222;164m██[38;2;230;222;164m██[38;2;230;222;164m██[38;2;230;222;164m██[38;2;230;222;164m██[38;2;123;123;98m██[38;2;123;123;98m██[38;2;230;222;164m██[38;2;230;222;164m██[38;2;230;222;164m██[38;2;230;222;164m██[38;2;230;222;164m██[38;2;230;222;164m██[38;2;230;222;164m██[38;2;230;222;164m██[38;2;16;16;16m██[38;2;197;180;65m██[38;2;197;180;65m██[38;2;197;180;65m██[38;2;197;180;65m██[38;2;197;180;65m██[38;2;230;222;164m██[38;2;197;180;65m██[38;2;197;180;65m██[38;2;197;180;65m██[38;2;230;222;164m██[38;2;148;139;49m██[38;2;148;139;49m██[38;2;148;139;49m██[38;2;148;139;49m██[38;2;197;180;65m██[38;2;148;139;49m██[38;2;74;65;49m██                    
              [38;2;123;123;98m██[38;2;123;123;98m██[38;2;230;222;164m██[38;2;230;222;164m██[38;2;230;222;164m██[38;2;230;222;164m██[38;2;230;222;164m██[38;2;230;222;164m██[38;2;230;222;164m██[38;2;230;222;164m██[38;2;230;222;164m██[38;2;230;222;164m██[38;2;230;222;164m██[38;2;230;222;164m██[38;2;230;222;164m██[38;2;230;222;164m██[38;2;230;222;164m██[38;2;230;222;164m██[38;2;230;222;164m██[38;2;230;222;164m██[38;2;230;222;164m██[38;2;230;222;164m██[38;2;230;222;164m██[38;2;230;222;164m██[38;2;230;222;164m██[38;2;230;222;164m██[38;2;230;222;164m██[38;2;16;16;16m██[38;2;197;180;65m██[38;2;197;180;65m██[38;2;197;180;65m██[38;2;197;180;65m██[38;2;197;180;65m██[38;2;197;180;65m██[38;2;197;180;65m██[38;2;197;180;65m██[38;2;197;180;65m██[38;2;197;180;65m██[38;2;197;180;65m██[38;2;148;139;49m██[38;2;148;139;49m██[38;2;148;139;49m██[38;2;148;139;49m██[38;2;197;180;65m██[38;2;197;180;65m██[38;2;74;65;49m██                  
            [38;2;123;123;98m██[38;2;230;222;164m██[38;2;230;222;164m██[38;2;230;222;164m██[38;2;230;222;164m██[38;2;230;222;164m██[38;2;230;222;164m██[38;2;230;222;164m██[38;2;230;222;164m██[38;2;230;222;164m██[38;2;230;222;164m██[38;2;230;222;164m██[38;2;230;222;164m██[38;2;230;222;164m██[38;2;230;222;164m██[38;2;230;222;164m██[38;2;230;222;164m██[38;2;230;222;164m██[38;2;230;222;164m██[38;2;230;222;164m██[38;2;230;222;164m██[38;2;230;222;164m██[38;2;230;222;164m██[38;2;230;222;164m██[38;2;230;222;164m██[38;2;230;222;164m██[38;2;230;222;164m██[38;2;230;222;164m██[38;2;230;222;164m██[38;2;106;98;49m██[38;2;197;180;65m██[38;2;197;180;65m██[38;2;197;180;65m██[38;2;197;180;65m██[38;2;197;180;65m██[38;2;197;180;65m██[38;2;197;180;65m██[38;2;197;180;65m██[38;2;197;180;65m██[38;2;148;139;49m██[38;2;148;139;49m██[38;2;148;139;49m██[38;2;148;139;49m██[38;2;148;139;49m██[38;2;148;139;49m██[38;2;197;180;65m██[38;2;197;180;65m██[38;2;74;65;49m██                
          [38;2;123;123;98m██[38;2;230;222;164m██[38;2;230;222;164m██[38;2;230;222;164m██[38;2;230;222;164m██[38;2;230;222;164m██[38;2;230;222;164m██[38;2;230;222;164m██[38;2;230;222;164m██[38;2;230;222;164m██[38;2;230;222;164m██[38;2;230;222;164m██[38;2;230;222;164m██[38;2;230;222;164m██[38;2;230;222;164m██[38;2;230;222;164m██[38;2;230;222;164m██[38;2;230;222;164m██[38;2;230;222;164m██[38;2;230;222;164m██[38;2;230;222;164m██[38;2;230;222;164m██[38;2;230;222;164m██[38;2;230;222;164m██[38;2;230;222;164m██[38;2;230;222;164m██[38;2;230;222;164m██[38;2;230;222;164m██[38;2;230;222;164m██[38;2;230;222;164m██[38;2;197;180;131m██[38;2;230;222;164m██[38;2;197;180;65m██[38;2;197;180;65m██[38;2;197;180;65m██[38;2;197;180;65m██[38;2;197;180;65m██[38;2;197;180;65m██[38;2;197;180;65m██[38;2;148;139;49m██[38;2;148;139;49m██[38;2;148;139;49m██[38;2;148;139;49m██[38;2;148;139;49m██[38;2;148;139;49m██[38;2;148;139;49m██[38;2;148;139;49m██[38;2;197;180;65m██[38;2;197;180;65m██[38;2;16;16;16m██[38;2;123;123;98m██            
        [38;2;123;123;98m██[38;2;230;222;164m██[38;2;230;222;164m██[38;2;230;222;164m██[38;2;230;222;164m██[38;2;230;222;164m██[38;2;230;222;164m██[38;2;230;222;164m██[38;2;230;222;164m██[38;2;230;222;164m██[38;2;230;222;164m██[38;2;230;222;164m██[38;2;230;222;164m██[38;2;230;222;164m██[38;2;230;222;164m██[38;2;230;222;164m██[38;2;230;222;164m██[38;2;230;222;164m██[38;2;230;222;164m██[38;2;230;222;164m██[38;2;230;222;164m██[38;2;230;222;164m██[38;2;230;222;164m██[38;2;230;222;164m██[38;2;230;222;164m██[38;2;230;222;164m██[38;2;230;222;164m██[38;2;230;222;164m██[38;2;230;222;164m██[38;2;230;222;164m██[38;2;230;222;164m██[38;2;230;222;164m██[38;2;230;222;164m██[38;2;230;222;164m██[38;2;230;222;164m██[38;2;197;180;65m██[38;2;197;180;65m██[38;2;197;180;65m██[38;2;197;180;65m██[38;2;197;180;65m██[38;2;148;139;49m██[38;2;148;139;49m██[38;2;148;139;49m██[38;2;148;139;49m██[38;2;148;139;49m██[38;2;148;139;49m██[38;2;148;139;49m██[38;2;148;139;49m██[38;2;197;180;65m██[38;2;197;180;65m██[38;2;74;65;49m██[38;2;197;180;131m██[38;2;123;123;98m██[38;2;123;123;98m██[38;2;123;123;98m██      
    [38;2;16;16;16m██[38;2;16;16;16m██[38;2;16;16;16m██[38;2;16;16;16m██[38;2;230;222;164m██[38;2;230;222;164m██[38;2;230;222;164m██[38;2;230;222;164m██[38;2;230;222;164m██[38;2;230;222;164m██[38;2;230;222;164m██[38;2;230;222;164m██[38;2;230;222;164m██[38;2;230;222;164m██[38;2;230;222;164m██[38;2;230;222;164m██[38;2;230;222;164m██[38;2;230;222;164m██[38;2;230;222;164m██[38;2;230;222;164m██[38;2;230;222;164m██[38;2;230;222;164m██[38;2;230;222;164m██[38;2;230;222;164m██[38;2;230;222;164m██[38;2;230;222;164m██[38;2;230;222;164m██[38;2;230;222;164m██[38;2;230;222;164m██[38;2;230;222;164m██[38;2;230;222;164m██[38;2;230;222;164m██[38;2;230;222;164m██[38;2;230;222;164m██[38;2;230;222;164m██[38;2;230;222;164m██[38;2;230;222;164m██[38;2;230;222;164m██[38;2;197;180;65m██[38;2;197;180;65m██[38;2;197;180;65m██[38;2;197;180;65m██[38;2;197;180;65m██[38;2;148;139;49m██[38;2;148;139;49m██[38;2;230;222;164m██[38;2;230;222;164m██[38;2;148;139;49m██[38;2;148;139;49m██[38;2;230;222;164m██[38;2;230;222;164m██[38;2;197;180;65m██[38;2;197;180;65m██[38;2;16;16;16m██[38;2;197;180;131m██[38;2;197;180;131m██[38;2;197;180;131m██[38;2;123;123;98m██[38;2;123;123;98m██[38;2;123;123;98m██
  [38;2;16;16;16m██[38;2;16;16;16m██[38;2;106;98;49m██[38;2;148;139;49m██[38;2;148;139;49m██[38;2;74;65;49m██[38;2;230;222;164m██[38;2;230;222;164m██[38;2;230;222;164m██[38;2;230;222;164m██[38;2;230;222;164m██[38;2;230;222;164m██[38;2;230;222;164m██[38;2;230;222;164m██[38;2;230;222;164m██[38;2;230;222;164m██[38;2;230;222;164m██[38;2;230;222;164m██[38;2;74;65;49m██[38;2;74;65;49m██[38;2;74;65;49m██[38;2;74;65;49m██[38;2;74;65;49m██[38;2;230;222;164m██[38;2;230;222;164m██[38;2;230;222;164m██[38;2;230;222;164m██[38;2;230;222;164m██[38;2;230;222;164m██[38;2;230;222;164m██[38;2;230;222;164m██[38;2;230;222;164m██[38;2;230;222;164m██[38;2;230;222;164m██[38;2;230;222;164m██[38;2;230;222;164m██[38;2;230;222;164m██[38;2;230;222;164m██[38;2;230;222;164m██[38;2;230;222;164m██[38;2;230;222;164m██[38;2;197;180;65m██[38;2;197;180;65m██[38;2;197;180;65m██[38;2;197;180;65m██[38;2;197;180;65m██[38;2;230;222;164m██[38;2;230;222;164m██[38;2;230;222;164m██[38;2;230;222;164m██[38;2;230;222;164m██[38;2;230;222;164m██[38;2;230;222;164m██[38;2;230;222;164m██[38;2;74;65;49m██[38;2;197;180;131m██[38;2;197;180;131m██[38;2;197;180;131m██[38;2;197;180;131m██[38;2;197;180;131m██[38;2;16;16;16m██
  [38;2;16;16;16m██[38;2;16;16;16m██[38;2;148;139;49m██[38;2;148;139;49m██[38;2;148;139;49m██[38;2;74;65;49m██[38;2;230;222;164m██[38;2;230;222;164m██[38;2;230;222;164m██[38;2;230;222;164m██[38;2;230;222;164m██[38;2;230;222;164m██[38;2;230;222;164m██[38;2;230;222;164m██[38;2;230;222;164m██[38;2;230;222;164m██[38;2;106;98;49m██[38;2;106;98;49m██[38;2;148;139;49m██[38;2;148;139;49m██[38;2;148;139;49m██[38;2;148;139;49m██[38;2;148;139;49m██[38;2;74;65;49m██[38;2;74;65;49m██[38;2;230;222;164m██[38;2;230;222;164m██[38;2;230;222;164m██[38;2;230;222;164m██[38;2;230;222;164m██[38;2;230;222;164m██[38;2;230;222;164m██[38;2;230;222;164m██[38;2;230;222;164m██[38;2;230;222;164m██[38;2;230;222;164m██[38;2;230;222;164m██[38;2;230;222;164m██[38;2;230;222;164m██[38;2;230;222;164m██[38;2;230;222;164m██[38;2;197;180;65m██[38;2;197;180;65m██[38;2;197;180;65m██[38;2;197;180;65m██[38;2;197;180;65m██[38;2;230;222;164m██[38;2;230;222;164m██[38;2;230;222;164m██[38;2;230;222;164m██[38;2;230;222;164m██[38;2;230;222;164m██[38;2;230;222;164m██[38;2;230;222;164m██[38;2;230;222;164m██[38;2;16;16;16m██[38;2;197;180;131m██[38;2;197;180;131m██[38;2;123;123;98m██[38;2;16;16;16m██  
[38;2;16;16;16m██[38;2;16;16;16m██[38;2;16;16;16m██[38;2;148;139;49m██[38;2;148;139;49m██[38;2;148;139;49m██[38;2;74;65;49m██[38;2;230;222;164m██[38;2;230;222;164m██[38;2;230;222;164m██[38;2;230;222;164m██[38;2;230;222;164m██[38;2;230;222;164m██[38;2;230;222;164m██[38;2;230;222;164m██[38;2;230;222;164m██[38;2;106;98;49m██[38;2;148;139;49m██[38;2;148;139;49m██[38;2;16;16;16m██[38;2;16;16;16m██[38;2;16;16;16m██[38;2;148;139;49m██[38;2;148;139;49m██[38;2;148;139;49m██[38;2;106;98;49m██[38;2;74;65;49m██[38;2;230;222;164m██[38;2;230;222;164m██[38;2;230;222;164m██[38;2;230;222;164m██[38;2;230;222;164m██[38;2;230;222;164m██[38;2;230;222;164m██[38;2;230;222;164m██[38;2;230;222;164m██[38;2;230;222;164m██[38;2;148;139;49m██[38;2;148;139;49m██[38;2;148;139;49m██[38;2;148;139;49m██[38;2;148;139;49m██[38;2;197;180;65m██[38;2;197;180;65m██[38;2;197;180;65m██[38;2;197;180;65m██[38;2;197;180;65m██[38;2;197;180;65m██[38;2;230;222;164m██[38;2;230;222;164m██[38;2;230;222;164m██[38;2;230;222;164m██[38;2;230;222;164m██[38;2;230;222;164m██[38;2;230;222;164m██[38;2;230;222;164m██[38;2;16;16;16m██[38;2;16;16;16m██[38;2;16;16;16m██[38;2;123;123;98m██    
[38;2;16;16;16m██[38;2;16;16;16m██[38;2;16;16;16m██[38;2;148;139;49m██[38;2;148;139;49m██[38;2;148;139;49m██[38;2;197;180;131m██[38;2;230;222;164m██[38;2;230;222;164m██[38;2;230;222;164m██[38;2;230;222;164m██[38;2;230;222;164m██[38;2;230;222;164m██[38;2;230;222;164m██[38;2;230;222;164m██[38;2;230;222;164m██[38;2;106;98;49m██[38;2;148;139;49m██[38;2;16;16;16m██[38;2;16;16;16m██[38;2;16;16;16m██[38;2;16;16;16m██[38;2;16;16;16m██[38;2;148;139;49m██[38;2;148;139;49m██[38;2;148;139;49m██[38;2;74;65;49m██[38;2;230;222;164m██[38;2;230;222;164m██[38;2;230;222;164m██[38;2;230;222;164m██[38;2;230;222;164m██[38;2;230;222;164m██[38;2;230;222;164m██[38;2;230;222;164m██[38;2;230;222;164m██[38;2;148;139;49m██[38;2;148;139;49m██[38;2;148;139;49m██[38;2;148;139;49m██[38;2;148;139;49m██[38;2;148;139;49m██[38;2;148;139;49m██[38;2;197;180;65m██[38;2;197;180;65m██[38;2;197;180;65m██[38;2;197;180;65m██[38;2;197;180;65m██[38;2;230;222;164m██[38;2;230;222;164m██[38;2;230;222;164m██[38;2;230;222;164m██[38;2;230;222;164m██[38;2;230;222;164m██[38;2;230;222;164m██[38;2;230;222;164m██[38;2;74;65;49m██          
[38;2;16;16;16m██[38;2;16;16;16m██[38;2;106;98;49m██[38;2;148;139;49m██[38;2;148;139;49m██[38;2;74;65;49m██[38;2;230;222;164m██[38;2;230;222;164m██[38;2;230;222;164m██[38;2;230;222;164m██[38;2;230;222;164m██[38;2;230;222;164m██[38;2;230;222;164m██[38;2;230;222;164m██[38;2;230;222;164m██[38;2;74;65;49m██[38;2;148;139;49m██[38;2;16;16;16m██[38;2;16;16;16m██[38;2;16;16;16m██[38;2;16;16;16m██[38;2;16;16;16m██[38;2;16;16;16m██[38;2;16;16;16m██[38;2;148;139;49m██[38;2;148;139;49m██[38;2;148;139;49m██[38;2;74;65;49m██[38;2;230;222;164m██[38;2;230;222;164m██[38;2;230;222;164m██[38;2;230;222;164m██[38;2;230;222;164m██[38;2;230;222;164m██[38;2;230;222;164m██[38;2;230;222;164m██[38;2;106;98;49m██[38;2;148;139;49m██[38;2;148;139;49m██[38;2;148;139;49m██[38;2;148;139;49m██[38;2;148;139;49m██[38;2;148;139;49m██[38;2;197;180;65m██[38;2;197;180;65m██[38;2;197;180;65m██[38;2;197;180;65m██[38;2;197;180;65m██[38;2;197;180;65m██[38;2;230;222;164m██[38;2;230;222;164m██[38;2;230;222;164m██[38;2;230;222;164m██[38;2;230;222;164m██[38;2;230;222;164m██[38;2;197;180;65m██[38;2;197;180;65m██[38;2;16;16;16m██        
[38;2;16;16;16m██[38;2;16;16;16m██[38;2;148;139;49m██[38;2;148;139;49m██[38;2;106;98;49m██[38;2;74;65;49m██[38;2;230;222;164m██[38;2;230;222;164m██[38;2;230;222;164m██[38;2;230;222;164m██[38;2;230;222;164m██[38;2;230;222;164m██[38;2;230;222;164m██[38;2;230;222;164m██[38;2;230;222;164m██[38;2;74;65;49m██[38;2;148;139;49m██[38;2;16;16;16m██[38;2;16;16;16m██[38;2;16;16;16m██[38;2;16;16;16m██[38;2;16;16;16m██[38;2;16;16;16m██[38;2;16;16;16m██[38;2;148;139;49m██[38;2;148;139;49m██[38;2;148;139;49m██[38;2;74;65;49m██[38;2;230;222;164m██[38;2;230;222;164m██[38;2;230;222;164m██[38;2;230;222;164m██[38;2;230;222;164m██[38;2;230;222;164m██[38;2;230;222;164m██[38;2;230;222;164m██[38;2;106;98;49m██[38;2;148;139;49m██[38;2;148;139;49m██[38;2;148;139;49m██[38;2;148;139;49m██[38;2;148;139;49m██[38;2;197;180;65m██[38;2;197;180;65m██[38;2;197;180;65m██[38;2;197;180;65m██[38;2;197;180;65m██[38;2;197;180;65m██[38;2;197;180;65m██[38;2;230;222;164m██[38;2;230;222;164m██[38;2;230;222;164m██[38;2;230;222;164m██[38;2;230;222;164m██[38;2;197;180;65m██[38;2;197;180;65m██[38;2;197;180;65m██[38;2;16;16;16m██        
[38;2;16;16;16m██[38;2;106;98;49m██[38;2;106;98;49m██[38;2;106;98;49m██[38;2;106;98;49m██[38;2;197;180;131m██[38;2;230;222;164m██[38;2;230;222;164m██[38;2;230;222;164m██[38;2;230;222;164m██[38;2;230;222;164m██[38;2;230;222;164m██[38;2;230;222;164m██[38;2;230;222;164m██[38;2;230;222;164m██[38;2;74;65;49m██[38;2;106;98;49m██[38;2;16;16;16m██[38;2;16;16;16m██[38;2;16;16;16m██[38;2;16;16;16m██[38;2;16;16;16m██[38;2;16;16;16m██[38;2;16;16;16m██[38;2;148;139;49m██[38;2;148;139;49m██[38;2;106;98;49m██[38;2;74;65;49m██[38;2;230;222;164m██[38;2;230;222;164m██[38;2;230;222;164m██[38;2;230;222;164m██[38;2;230;222;164m██[38;2;230;222;164m██[38;2;230;222;164m██[38;2;230;222;164m██[38;2;106;98;49m██[38;2;148;139;49m██[38;2;148;139;49m██[38;2;148;139;49m██[38;2;148;139;49m██[38;2;230;222;164m██[38;2;230;222;164m██[38;2;197;180;65m██[38;2;197;180;65m██[38;2;197;180;65m██[38;2;197;180;65m██[38;2;197;180;65m██[38;2;197;180;65m██[38;2;230;222;164m██[38;2;230;222;164m██[38;2;230;222;164m██[38;2;230;222;164m██[38;2;197;180;65m██[38;2;197;180;65m██[38;2;197;180;65m██[38;2;197;180;65m██[38;2;16;16;16m██        
  [38;2;16;16;16m██[38;2;106;98;49m██[38;2;106;98;49m██[38;2;74;65;49m██[38;2;230;222;164m██[38;2;230;222;164m██[38;2;230;222;164m██[38;2;230;222;164m██[38;2;230;222;164m██[38;2;230;222;164m██[38;2;230;222;164m██[38;2;230;222;164m██[38;2;230;222;164m██[38;2;230;222;164m██[38;2;74;65;49m██[38;2;106;98;49m██[38;2;106;98;49m██[38;2;16;16;16m██[38;2;16;16;16m██[38;2;16;16;16m██[38;2;16;16;16m██[38;2;16;16;16m██[38;2;148;139;49m██[38;2;148;139;49m██[38;2;106;98;49m██[38;2;74;65;49m██[38;2;230;222;164m██[38;2;230;222;164m██[38;2;230;222;164m██[38;2;230;222;164m██[38;2;230;222;164m██[38;2;230;222;164m██[38;2;230;222;164m██[38;2;230;222;164m██[38;2;106;98;49m██[38;2;197;180;65m██[38;2;197;180;65m██[38;2;148;139;49m██[38;2;148;139;49m██[38;2;230;222;164m██[38;2;230;222;164m██[38;2;230;222;164m██[38;2;230;222;164m██[38;2;230;222;164m██[38;2;197;180;65m██[38;2;197;180;65m██[38;2;197;180;65m██[38;2;148;139;49m██[38;2;148;139;49m██[38;2;148;139;49m██[38;2;230;222;164m██[38;2;230;222;164m██[38;2;197;180;65m██[38;2;197;180;65m██[38;2;197;180;65m██[38;2;197;180;65m██[38;2;16;16;16m██        
    [38;2;16;16;16m██[38;2;74;65;49m██[38;2;230;222;164m██[38;2;230;222;164m██[38;2;230;222;164m██[38;2;230;222;164m██[38;2;230;222;164m██[38;2;230;222;164m██[38;2;230;222;164m██[38;2;230;222;164m██[38;2;230;222;164m██[38;2;230;222;164m██[38;2;230;222;164m██[38;2;230;222;164m██[38;2;74;65;49m██[38;2;106;98;49m██[38;2;106;98;49m██[38;2;16;16;16m██[38;2;16;16;16m██[38;2;16;16;16m██[38;2;106;98;49m██[38;2;106;98;49m██[38;2;106;98;49m██[38;2;106;98;49m██[38;2;74;65;49m██[38;2;230;222;164m██[38;2;230;222;164m██[38;2;230;222;164m██[38;2;230;222;164m██[38;2;230;222;164m██[38;2;230;222;164m██[38;2;230;222;164m██[38;2;230;222;164m██[38;2;106;98;49m██[38;2;197;180;65m██[38;2;197;180;65m██[38;2;197;180;65m██[38;2;197;180;65m██[38;2;197;180;65m██[38;2;230;222;164m██[38;2;230;222;164m██[38;2;230;222;164m██[38;2;230;222;164m██[38;2;230;222;164m██[38;2;230;222;164m██[38;2;148;139;49m██[38;2;148;139;49m██[38;2;148;139;49m██[38;2;148;139;49m██[38;2;148;139;49m██[38;2;148;139;49m██[38;2;197;180;65m██[38;2;197;180;65m██[38;2;197;180;65m██[38;2;197;180;65m██[38;2;16;16;16m██        
      [38;2;16;16;16m██[38;2;197;180;131m██[38;2;230;222;164m██[38;2;230;222;164m██[38;2;230;222;164m██[38;2;230;222;164m██[38;2;230;222;164m██[38;2;230;222;164m██[38;2;230;222;164m██[38;2;230;222;164m██[38;2;230;222;164m██[38;2;230;222;164m██[38;2;230;222;164m██[38;2;74;65;49m██[38;2;106;98;49m██[38;2;106;98;49m██[38;2;106;98;49m██[38;2;106;98;49m██[38;2;106;98;49m██[38;2;106;98;49m██[38;2;106;98;49m██[38;2;106;98;49m██[38;2;74;65;49m██[38;2;230;222;164m██[38;2;230;222;164m██[38;2;230;222;164m██[38;2;230;222;164m██[38;2;230;222;164m██[38;2;230;222;164m██[38;2;230;222;164m██[38;2;230;222;164m██[38;2;197;180;131m██[38;2;106;98;49m██[38;2;148;139;49m██[38;2;197;180;65m██[38;2;197;180;65m██[38;2;197;180;65m██[38;2;197;180;65m██[38;2;230;222;164m██[38;2;230;222;164m██[38;2;230;222;164m██[38;2;230;222;164m██[38;2;230;222;164m██[38;2;230;222;164m██[38;2;148;139;49m██[38;2;148;139;49m██[38;2;148;139;49m██[38;2;148;139;49m██[38;2;148;139;49m██[38;2;148;139;49m██[38;2;197;180;65m██[38;2;197;180;65m██[38;2;197;180;65m██[38;2;197;180;65m██[38;2;16;16;16m██        
      [38;2;123;123;98m██[38;2;123;123;98m██[38;2;197;180;131m██[38;2;230;222;164m██[38;2;230;222;164m██[38;2;230;222;164m██[38;2;230;222;164m██[38;2;230;222;164m██[38;2;230;222;164m██[38;2;230;222;164m██[38;2;230;222;164m██[38;2;230;222;164m██[38;2;230;222;164m██[38;2;230;222;164m██[38;2;74;65;49m██[38;2;74;65;49m██[38;2;106;98;49m██[38;2;106;98;49m██[38;2;106;98;49m██[38;2;106;98;49m██[38;2;74;65;49m██[38;2;74;65;49m██[38;2;230;222;164m██[38;2;230;222;164m██[38;2;230;222;164m██[38;2;230;222;164m██[38;2;230;222;164m██[38;2;230;222;164m██[38;2;230;222;164m██[38;2;230;222;164m██[38;2;197;180;131m██[38;2;16;16;16m██[38;2;148;139;49m██[38;2;148;139;49m██[38;2;106;98;49m██[38;2;148;139;49m██[38;2;197;180;65m██[38;2;106;98;49m██[38;2;16;16;16m██[38;2;123;123;98m██[38;2;230;222;164m██[38;2;230;222;164m██[38;2;230;222;164m██[38;2;148;139;49m██[38;2;148;139;49m██[38;2;148;139;49m██[38;2;148;139;49m██[38;2;148;139;49m██[38;2;148;139;49m██[38;2;106;98;49m██[38;2;230;222;164m██[38;2;197;180;65m██[38;2;197;180;65m██[38;2;148;139;49m██[38;2;16;16;16m██        
        [38;2;16;16;16m██[38;2;197;180;131m██[38;2;197;180;131m██[38;2;197;180;131m██[38;2;230;222;164m██[38;2;230;222;164m██[38;2;230;222;164m██[38;2;230;222;164m██[38;2;230;222;164m██[38;2;230;222;164m██[38;2;230;222;164m██[38;2;230;222;164m██[38;2;230;222;164m██[38;2;230;222;164m██[38;2;230;222;164m██[38;2;74;65;49m██[38;2;74;65;49m██[38;2;74;65;49m██[38;2;74;65;49m██[38;2;230;222;164m██[38;2;230;222;164m██[38;2;230;222;164m██[38;2;230;222;164m██[38;2;230;222;164m██[38;2;230;222;164m██[38;2;230;222;164m██[38;2;197;180;131m██[38;2;197;180;131m██[38;2;197;180;131m██[38;2;197;180;131m██[38;2;16;16;16m██[38;2;197;180;131m██[38;2;106;98;49m██[38;2;148;139;49m██[38;2;148;139;49m██[38;2;16;16;16m██[38;2;106;98;49m██[38;2;230;222;164m██[38;2;230;222;164m██[38;2;230;222;164m██[38;2;230;222;164m██[38;2;230;222;164m██[38;2;148;139;49m██[38;2;148;139;49m██[38;2;148;139;49m██[38;2;148;139;49m██[38;2;106;98;49m██[38;2;106;98;49m██[38;2;230;222;164m██[38;2;230;222;164m██[38;2;148;139;49m██[38;2;148;139;49m██[38;2;148;139;49m██[38;2;16;16;16m██        
          [38;2;16;16;16m██[38;2;197;180;131m██[38;2;197;180;131m██[38;2;197;180;131m██[38;2;197;180;131m██[38;2;197;180;131m██[38;2;230;222;164m██[38;2;230;222;164m██[38;2;230;222;164m██[38;2;230;222;164m██[38;2;230;222;164m██[38;2;230;222;164m██[38;2;230;222;164m██[38;2;230;222;164m██[38;2;230;222;164m██[38;2;230;222;164m██[38;2;230;222;164m██[38;2;230;222;164m██[38;2;230;222;164m██[38;2;230;222;164m██[38;2;230;222;164m██[38;2;230;222;164m██[38;2;197;180;131m██[38;2;197;180;131m██[38;2;197;180;131m██[38;2;197;180;131m██[38;2;197;180;131m██[38;2;197;180;131m██[38;2;16;16;16m██[38;2;197;180;131m██[38;2;106;98;49m██[38;2;197;180;131m██[38;2;197;180;131m██[38;2;16;16;16m██[38;2;197;180;131m██[38;2;230;222;164m██[38;2;230;222;164m██[38;2;230;222;164m██[38;2;230;222;164m██[38;2;230;222;164m██[38;2;230;222;164m██[38;2;16;16;16m██[38;2;148;139;49m██[38;2;148;139;49m██[38;2;74;65;49m██[38;2;74;65;49m██[38;2;230;222;164m██[38;2;197;180;131m██[38;2;197;180;131m██[38;2;197;180;131m██[38;2;148;139;49m██[38;2;16;16;16m██          
            [38;2;16;16;16m██[38;2;197;180;131m██[38;2;197;180;131m██[38;2;197;180;131m██[38;2;197;180;131m██[38;2;197;180;131m██[38;2;197;180;131m██[38;2;197;180;131m██[38;2;197;180;131m██[38;2;197;180;131m██[38;2;197;180;131m██[38;2;197;180;131m██[38;2;197;180;131m██[38;2;197;180;131m██[38;2;197;180;131m██[38;2;197;180;131m██[38;2;197;180;131m██[38;2;197;180;131m██[38;2;197;180;131m██[38;2;197;180;131m██[38;2;197;180;131m██[38;2;197;180;131m██[38;2;197;180;131m██[38;2;197;180;131m██[38;2;197;180;131m██[38;2;197;180;131m██[38;2;16;16;16m██[38;2;16;16;16m██[38;2;16;16;16m██[38;2;16;16;16m██[38;2;197;180;131m██[38;2;16;16;16m██[38;2;197;180;131m██[38;2;197;180;131m██[38;2;197;180;131m██[38;2;230;222;164m██[38;2;230;222;164m██[38;2;230;222;164m██[38;2;230;222;164m██[38;2;197;180;131m██[38;2;16;16;16m██[38;2;74;65;49m██[38;2;74;65;49m██[38;2;156;156;115m██[38;2;197;180;131m██[38;2;197;180;131m██[38;2;197;180;131m██[38;2;197;180;131m██[38;2;197;180;131m██[38;2;197;180;131m██[38;2;16;16;16m██          
              [38;2;16;16;16m██[38;2;123;123;98m██[38;2;197;180;131m██[38;2;197;180;131m██[38;2;197;180;131m██[38;2;197;180;131m██[38;2;197;180;131m██[38;2;197;180;131m██[38;2;197;180;131m██[38;2;197;180;131m██[38;2;197;180;131m██[38;2;197;180;131m██[38;2;197;180;131m██[38;2;197;180;131m██[38;2;197;180;131m██[38;2;197;180;131m██[38;2;197;180;131m██[38;2;197;180;131m██[38;2;197;180;131m██[38;2;197;180;131m██[38;2;197;180;131m██[38;2;197;180;131m██[38;2;197;180;131m██[38;2;197;180;131m██[38;2;16;16;16m██[38;2;156;156;115m██[38;2;123;123;98m██    [38;2;16;16;16m██[38;2;16;16;16m██[38;2;197;180;131m██[38;2;197;180;131m██[38;2;197;180;131m██[38;2;197;180;131m██[38;2;197;180;131m██[38;2;197;180;131m██[38;2;197;180;131m██[38;2;197;180;131m██[38;2;16;16;16m██  [38;2;123;123;98m██[38;2;197;180;131m██[38;2;197;180;131m██[38;2;197;180;131m██[38;2;197;180;131m██[38;2;197;180;131m██[38;2;197;180;131m██[38;2;197;180;131m██[38;2;16;16;16m██          
                [38;2;16;16;16m██[38;2;16;16;16m██[38;2;123;123;98m██[38;2;197;180;131m██[38;2;197;180;131m██[38;2;197;180;131m██[38;2;197;180;131m██[38;2;197;180;131m██[38;2;197;180;131m██[38;2;197;180;131m██[38;2;197;180;131m██[38;2;197;180;131m██[38;2;197;180;131m██[38;2;197;180;131m██[38;2;197;180;131m██[38;2;197;180;131m██[38;2;197;180;131m██[38;2;197;180;131m██[38;2;197;180;131m██[38;2;197;180;131m██[38;2;197;180;131m██[38;2;16;16;16m██[38;2;16;16;16m██[38;2;156;156;115m██[38;2;123;123;98m██          [38;2;16;16;16m██[38;2;197;180;131m██[38;2;197;180;131m██[38;2;197;180;131m██[38;2;197;180;131m██[38;2;197;180;131m██[38;2;197;180;131m██[38;2;123;123;98m██[38;2;16;16;16m██    [38;2;123;123;98m██[38;2;197;180;131m██[38;2;197;180;131m██[38;2;123;123;139m██[38;2;123;123;139m██[38;2;197;180;131m██[38;2;16;16;16m██            
                    [38;2;16;16;16m██[38;2;16;16;16m██[38;2;16;16;16m██[38;2;16;16;16m██[38;2;123;123;98m██[38;2;197;180;131m██[38;2;197;180;131m██[38;2;197;180;131m██[38;2;197;180;131m██[38;2;197;180;131m██[38;2;197;180;131m██[38;2;197;180;131m██[38;2;197;180;131m██[38;2;197;180;131m██[38;2;197;180;131m██[38;2;197;180;131m██[38;2;16;16;16m██[38;2;16;16;16m██[38;2;16;16;16m██[38;2;156;156;115m██[38;2;156;156;115m██[38;2;156;156;115m██[38;2;123;123;98m██          [38;2;16;16;16m██[38;2;197;180;131m██[38;2;197;180;131m██[38;2;197;180;131m██[38;2;197;180;131m██[38;2;197;180;131m██[38;2;197;180;131m██[38;2;16;16;16m██      [38;2;123;123;98m██[38;2;197;180;131m██[38;2;123;123;139m██[38;2;189;189;205m██[38;2;189;189;205m██[38;2;123;123;139m██[38;2;16;16;16m██            
                            [38;2;16;16;16m██[38;2;16;16;16m██[38;2;16;16;16m██[38;2;16;16;16m██[38;2;16;16;16m██[38;2;16;16;16m██[38;2;16;16;16m██[38;2;16;16;16m██[38;2;16;16;16m██[38;2;16;16;16m██[38;2;16;16;16m██[38;2;16;16;16m██[38;2;156;156;115m██[38;2;156;156;115m██[38;2;156;156;115m██[38;2;156;156;115m██[38;2;156;156;115m██[38;2;123;123;98m██          [38;2;16;16;16m██[38;2;189;189;205m██[38;2;123;123;139m██[38;2;197;180;131m██[38;2;197;180;131m██[38;2;123;123;139m██[38;2;123;123;139m██[38;2;123;123;139m██[38;2;16;16;16m██        [38;2;16;16;16m██[38;2;16;16;16m██[38;2;16;16;16m██[38;2;16;16;16m██[38;2;16;16;16m██              
                                                    [38;2;123;123;98m██[38;2;16;16;16m██[38;2;16;16;16m██[38;2;16;16;16m██[38;2;16;16;16m██            [38;2;16;16;16m██[38;2;123;123;139m██[38;2;189;189;205m██[38;2;197;180;131m██[38;2;123;123;139m██[38;2;189;189;205m██[38;2;189;189;205m██[38;2;16;16;16m██                                  
                                                                            [38;2;16;16;16m██[38;2;16;16;16m██[38;2;16;16;16m██[38;2;16;16;16m██[38;2;16;16;16m██[38;2;16;16;16m██                                    
