                        [38;2;41;41;41m██[38;2;41;41;41m██[38;2;41;41;41m██[38;2;41;41;41m██[38;2;41;41;41m██[38;2;41;41;41m██                          
                    [38;2;65;65;65m██[38;2;41;41;41m██[38;2;65;65;65m██[38;2;65;65;65m██[38;2;65;65;65m██[38;2;65;65;65m██[38;2;65;65;65m██[38;2;65;65;65m██[38;2;41;41;41m██[38;2;41;41;41m██                      
                [38;2;65;65;65m██[38;2;65;65;65m██[38;2;255;255;255m██[38;2;255;255;255m██[38;2;255;222;189m██[38;2;255;222;189m██[38;2;255;222;189m██[38;2;255;222;189m██[38;2;197;156;131m██[38;2;65;65;65m██[38;2;65;65;65m██[38;2;65;65;65m██[38;2;0;0;0m██[38;2;41;41;41m██                  
          [38;2;65;65;65m██[38;2;65;65;65m██[38;2;65;65;65m██[38;2;255;222;189m██[38;2;255;222;189m██[38;2;255;255;255m██[38;2;65;65;65m██[38;2;0;0;0m██[38;2;255;222;189m██[38;2;255;222;189m██[38;2;255;222;189m██[38;2;255;222;189m██[38;2;255;222;189m██[38;2;197;156;131m██[38;2;65;65;65m██[38;2;65;65;65m██[38;2;65;65;65m██[38;2;0;0;0m██                
      [38;2;82;49;0m██[38;2;65;65;65m██[38;2;98;98;98m██[38;2;65;65;65m██[38;2;255;222;189m██[38;2;255;222;189m██[38;2;255;222;189m██[38;2;197;156;131m██[38;2;0;0;0m██[38;2;65;65;65m██[38;2;255;222;189m██[38;2;65;65;65m██[38;2;65;65;65m██[38;2;255;222;189m██[38;2;255;222;189m██[38;2;255;222;189m██[38;2;197;156;131m██[38;2;65;65;65m██[38;2;65;65;65m██[38;2;65;65;65m██[38;2;0;0;0m██              
    [38;2;82;49;0m██[38;2;65;65;65m██[38;2;98;98;98m██[38;2;65;65;65m██[38;2;255;222;189m██[38;2;255;222;189m██[38;2;98;98;98m██[38;2;98;98;98m██[38;2;65;65;65m██[38;2;255;222;189m██[38;2;255;222;189m██[38;2;255;222;189m██[38;2;148;90;74m██[38;2;0;0;0m██[38;2;197;156;131m██[38;2;255;222;189m██[38;2;255;222;189m██[38;2;255;222;189m██[38;2;197;156;131m██[38;2;65;65;65m██[38;2;65;65;65m██[38;2;65;65;65m██[38;2;41;41;41m██            
  [38;2;82;49;0m██[38;2;255;172;8m██[38;2;98;98;98m██[38;2;98;98;98m██[38;2;65;65;65m██[38;2;255;222;189m██[38;2;255;222;189m██[38;2;0;0;0m██[38;2;255;222;189m██[38;2;255;222;189m██[38;2;255;222;189m██[38;2;255;222;189m██[38;2;255;222;189m██[38;2;255;222;189m██[38;2;255;222;189m██[38;2;65;65;65m██[38;2;65;65;65m██[38;2;98;98;98m██[38;2;255;222;189m██[38;2;255;222;189m██[38;2;65;65;65m██[38;2;65;65;65m██[38;2;65;65;65m██[38;2;41;41;41m██[38;2;41;41;41m██[38;2;65;65;65m██        
[38;2;82;49;0m██[38;2;255;213;123m██[38;2;65;65;65m██[38;2;98;98;98m██[38;2;65;65;65m██[38;2;255;222;189m██[38;2;255;222;189m██[38;2;0;0;0m██[38;2;255;255;255m██[38;2;0;0;0m██[38;2;255;222;189m██[38;2;255;222;189m██[38;2;255;222;189m██[38;2;255;222;189m██[38;2;255;222;189m██[38;2;255;222;189m██[38;2;255;222;189m██[38;2;0;0;0m██[38;2;255;222;189m██[38;2;255;222;189m██[38;2;255;222;189m██[38;2;197;156;131m██[38;2;65;65;65m██[38;2;41;41;41m██[38;2;98;98;98m██[38;2;98;98;98m██[38;2;98;98;98m██[38;2;65;65;65m██[38;2;0;0;0m██    
[38;2;0;0;0m██[38;2;255;213;123m██[38;2;65;65;65m██[38;2;98;98;98m██[38;2;65;65;65m██[38;2;255;222;189m██[38;2;255;222;189m██[38;2;0;0;0m██[38;2;0;0;0m██[38;2;0;0;0m██[38;2;255;222;189m██[38;2;255;222;189m██[38;2;255;222;189m██[38;2;255;222;189m██[38;2;255;222;189m██[38;2;255;222;189m██[38;2;0;0;0m██[38;2;255;255;255m██[38;2;0;0;0m██[38;2;255;222;189m██[38;2;255;222;189m██[38;2;197;156;131m██[38;2;41;41;41m██[38;2;98;98;98m██[38;2;98;98;98m██[38;2;98;98;98m██[38;2;98;98;98m██[38;2;98;98;98m██[38;2;98;98;98m██[38;2;0;0;0m██  
[38;2;0;0;0m██[38;2;255;172;8m██[38;2;65;65;65m██[38;2;65;65;65m██[38;2;24;24;24m██[38;2;255;222;189m██[38;2;255;222;189m██[38;2;65;65;65m██[38;2;0;0;0m██[38;2;65;65;65m██[38;2;255;222;189m██[38;2;255;222;189m██[38;2;255;222;189m██[38;2;255;222;189m██[38;2;255;222;189m██[38;2;255;222;189m██[38;2;0;0;0m██[38;2;0;0;0m██[38;2;0;0;0m██[38;2;255;222;189m██[38;2;255;222;189m██[38;2;148;90;74m██[38;2;65;65;65m██[38;2;98;98;98m██[38;2;98;98;98m██[38;2;98;98;98m██[38;2;65;65;65m██[38;2;255;213;123m██[38;2;255;172;8m██[38;2;0;0;0m██  
[38;2;0;0;0m██[38;2;255;172;8m██[38;2;65;65;65m██[38;2;65;65;65m██[38;2;0;0;0m██[38;2;255;222;189m██[38;2;255;222;189m██[38;2;255;222;189m██[38;2;98;98;98m██[38;2;255;222;189m██[38;2;255;222;189m██[38;2;255;222;189m██[38;2;255;222;189m██[38;2;255;222;189m██[38;2;255;222;189m██[38;2;255;222;189m██[38;2;65;65;65m██[38;2;0;0;0m██[38;2;65;65;65m██[38;2;255;222;189m██[38;2;255;222;189m██[38;2;41;41;41m██[38;2;98;98;98m██[38;2;98;98;98m██[38;2;98;98;98m██[38;2;65;65;65m██[38;2;255;213;123m██[38;2;255;213;123m██[38;2;255;213;123m██[38;2;255;172;8m██[38;2;0;0;0m██
  [38;2;0;0;0m██[38;2;65;65;65m██[38;2;65;65;65m██[38;2;0;0;0m██[38;2;255;222;189m██[38;2;255;222;189m██[38;2;255;222;189m██[38;2;255;222;189m██[38;2;255;222;189m██[38;2;98;98;98m██[38;2;255;222;189m██[38;2;255;222;189m██[38;2;255;222;189m██[38;2;255;222;189m██[38;2;255;222;189m██[38;2;255;222;189m██[38;2;98;98;98m██[38;2;255;222;189m██[38;2;255;222;189m██[38;2;255;222;189m██[38;2;41;41;41m██[38;2;98;98;98m██[38;2;98;98;98m██[38;2;65;65;65m██[38;2;255;172;8m██[38;2;255;213;123m██[38;2;255;213;123m██[38;2;255;213;123m██[38;2;255;172;8m██[38;2;0;0;0m██
  [38;2;0;0;0m██[38;2;65;65;65m██[38;2;65;65;65m██[38;2;0;0;0m██[38;2;255;222;189m██[38;2;255;222;189m██[38;2;255;222;189m██[38;2;255;222;189m██[38;2;98;98;98m██[38;2;65;65;65m██[38;2;197;156;131m██[38;2;255;222;189m██[38;2;255;222;189m██[38;2;0;0;0m██[38;2;255;222;189m██[38;2;255;222;189m██[38;2;255;222;189m██[38;2;255;222;189m██[38;2;255;222;189m██[38;2;148;90;74m██[38;2;41;41;41m██[38;2;65;65;65m██[38;2;98;98;98m██[38;2;65;65;65m██[38;2;255;213;123m██[38;2;255;213;123m██[38;2;255;213;123m██[38;2;255;172;8m██[38;2;255;172;8m██[38;2;0;0;0m██
    [38;2;0;0;0m██[38;2;65;65;65m██[38;2;41;41;41m██[38;2;197;156;131m██[38;2;255;222;189m██[38;2;255;222;189m██[38;2;255;222;189m██[38;2;255;222;189m██[38;2;255;222;189m██[38;2;65;65;65m██[38;2;0;0;0m██[38;2;0;0;0m██[38;2;197;156;131m██[38;2;98;98;98m██[38;2;255;222;189m██[38;2;255;222;189m██[38;2;255;222;189m██[38;2;197;156;131m██[38;2;41;41;41m██[38;2;41;41;41m██[38;2;65;65;65m██[38;2;65;65;65m██[38;2;41;41;41m██[38;2;255;172;8m██[38;2;255;172;8m██[38;2;255;172;8m██[38;2;255;172;8m██[38;2;255;172;8m██[38;2;0;0;0m██
      [38;2;41;41;41m██[38;2;41;41;41m██[38;2;65;65;65m██[38;2;197;156;131m██[38;2;255;222;189m██[38;2;255;222;189m██[38;2;255;222;189m██[38;2;255;222;189m██[38;2;255;222;189m██[38;2;255;222;189m██[38;2;255;222;189m██[38;2;255;222;189m██[38;2;255;222;189m██[38;2;255;222;189m██[38;2;255;222;189m██[38;2;197;156;131m██[38;2;197;156;131m██[38;2;41;41;41m██[38;2;0;0;0m██[38;2;65;65;65m██[38;2;65;65;65m██[38;2;41;41;41m██[38;2;255;172;8m██[38;2;255;172;8m██[38;2;255;172;8m██[38;2;255;172;8m██[38;2;82;49;0m██  
          [38;2;0;0;0m██[38;2;197;156;131m██[38;2;197;156;131m██[38;2;197;156;131m██[38;2;255;222;189m██[38;2;255;222;189m██[38;2;255;222;189m██[38;2;255;222;189m██[38;2;255;222;189m██[38;2;255;222;189m██[38;2;197;156;131m██[38;2;197;156;131m██[38;2;197;156;131m██[38;2;197;156;131m██[38;2;98;98;98m██[38;2;41;41;41m██[38;2;0;0;0m██[38;2;65;65;65m██[38;2;65;65;65m██[38;2;65;65;65m██[38;2;41;41;41m██[38;2;255;172;8m██[38;2;255;172;8m██[38;2;255;172;8m██[38;2;0;0;0m██  
            [38;2;0;0;0m██[38;2;65;65;65m██[38;2;197;156;131m██[38;2;197;156;131m██[38;2;197;156;131m██[38;2;197;156;131m██[38;2;197;156;131m██[38;2;197;156;131m██[38;2;197;156;131m██[38;2;197;156;131m██[38;2;197;156;131m██[38;2;197;156;131m██[38;2;98;98;98m██[38;2;41;41;41m██[38;2;41;41;41m██[38;2;41;41;41m██[38;2;24;24;24m██[38;2;65;65;65m██[38;2;65;65;65m██[38;2;65;65;65m██[38;2;65;65;65m██[38;2;0;0;0m██[38;2;0;0;0m██    
              [38;2;0;0;0m██[38;2;41;41;41m██[38;2;65;65;65m██[38;2;197;156;131m██[38;2;197;156;131m██[38;2;197;156;131m██[38;2;197;156;131m██[38;2;197;156;131m██[38;2;197;156;131m██[38;2;98;98;98m██[38;2;41;41;41m██[38;2;41;41;41m██[38;2;41;41;41m██[38;2;41;41;41m██[38;2;41;41;41m██[38;2;24;24;24m██[38;2;0;0;0m██[38;2;0;0;0m██[38;2;0;0;0m██[38;2;0;0;0m██        
                [38;2;0;0;0m██[38;2;0;0;0m██[38;2;41;41;41m██[38;2;41;41;41m██[38;2;41;41;41m██[38;2;41;41;41m██[38;2;41;41;41m██[38;2;41;41;41m██[38;2;41;41;41m██[38;2;41;41;41m██[38;2;41;41;41m██[38;2;41;41;41m██[38;2;0;0;0m██[38;2;0;0;0m██                  
                    [38;2;0;0;0m██[38;2;0;0;0m██[38;2;0;0;0m██[38;2;41;41;41m██[38;2;41;41;41m██[38;2;41;41;41m██[38;2;41;41;41m██[38;2;0;0;0m██[38;2;0;0;0m██[38;2;0;0;0m██[38;2;82;49;0m██                    
                          [38;2;0;0;0m██[38;2;0;0;0m██[38;2;0;0;0m██[38;2;0;0;0m██[38;2;41;41;41m██[38;2;0;0;0m██[38;2;255;172;8m██[38;2;255;172;8m██[38;2;0;0;0m██                  
                            [38;2;82;49;0m██[38;2;255;172;8m██[38;2;255;172;8m██[38;2;0;0;0m██[38;2;41;41;41m██[38;2;0;0;0m██[38;2;255;172;8m██[38;2;255;172;8m██[38;2;0;0;0m██                
                            [38;2;82;49;0m██[38;2;255;172;8m██[38;2;255;172;8m██[38;2;0;0;0m██[38;2;41;41;41m██[38;2;41;41;41m██[38;2;0;0;0m██[38;2;255;172;8m██[38;2;255;172;8m██[38;2;0;0;0m██              
                            [38;2;82;49;0m██[38;2;255;172;8m██[38;2;255;172;8m██[38;2;0;0;0m██[38;2;41;41;41m██[38;2;41;41;41m██[38;2;0;0;0m██[38;2;255;172;8m██[38;2;255;172;8m██[38;2;255;172;8m██[38;2;0;0;0m██            
                            [38;2;82;49;0m██[38;2;255;172;8m██[38;2;255;172;8m██[38;2;255;172;8m██[38;2;0;0;0m██[38;2;24;24;24m██[38;2;255;172;8m██[38;2;255;172;8m██[38;2;255;172;8m██[38;2;255;172;8m██[38;2;0;0;0m██            
                              [38;2;82;49;0m██[38;2;255;172;8m██[38;2;255;172;8m██[38;2;255;172;8m██[38;2;82;49;0m██[38;2;255;172;8m██[38;2;255;172;8m██[38;2;255;172;8m██[38;2;255;172;8m██[38;2;255;172;8m██[38;2;0;0;0m██          
                              [38;2;82;49;0m██[38;2;255;213;123m██[38;2;255;213;123m██[38;2;255;172;8m██[38;2;255;172;8m██[38;2;82;49;0m██[38;2;255;172;8m██[38;2;255;172;8m██[38;2;255;172;8m██[38;2;255;172;8m██[38;2;0;0;0m██          
                              [38;2;82;49;0m██[38;2;255;213;123m██[38;2;255;213;123m██[38;2;255;213;123m██[38;2;255;213;123m██[38;2;82;49;0m██[38;2;255;213;123m██[38;2;255;213;123m██[38;2;255;213;123m██[38;2;255;213;123m██[38;2;255;172;8m██[38;2;82;49;0m██        
                                [38;2;82;49;0m██[38;2;255;213;123m██[38;2;255;213;123m██[38;2;255;213;123m██[38;2;255;213;123m██[38;2;82;49;0m██[38;2;255;213;123m██[38;2;255;213;123m██[38;2;255;213;123m██[38;2;255;213;123m██[38;2;0;0;0m██        
                                [38;2;82;49;0m██[38;2;255;172;8m██[38;2;255;213;123m██[38;2;255;213;123m██[38;2;255;213;123m██[38;2;255;172;8m██[38;2;255;213;123m██[38;2;255;213;123m██[38;2;255;213;123m██[38;2;255;213;123m██[38;2;0;0;0m██        
                                  [38;2;82;49;0m██[38;2;255;213;123m██[38;2;255;213;123m██[38;2;255;213;123m██[38;2;255;213;123m██[38;2;255;172;8m██[38;2;255;213;123m██[38;2;255;213;123m██[38;2;255;213;123m██[38;2;0;0;0m██        
                                    [38;2;82;49;0m██[38;2;255;213;123m██[38;2;255;213;123m██[38;2;255;213;123m██[38;2;255;213;123m██[38;2;255;213;123m██[38;2;255;213;123m██[38;2;255;213;123m██[38;2;82;49;0m██        
                                      [38;2;82;49;0m██[38;2;82;49;0m██[38;2;255;213;123m██[38;2;255;213;123m██[38;2;255;213;123m██[38;2;255;213;123m██[38;2;82;49;0m██          
                                          [38;2;82;49;0m██[38;2;82;49;0m██[38;2;82;49;0m██[38;2;82;49;0m██            
