                                          [38;2;189;0;98m██                                                                        
                                          [38;2;189;0;98m██                                                                        
                                        [38;2;189;0;98m██[38;2;238;16;106m██[38;2;189;0;98m██                                                                      
                                        [38;2;189;0;98m██[38;2;238;16;106m██[38;2;189;0;98m██                                                    [38;2;189;0;98m██[38;2;189;0;98m██              
                                        [38;2;189;0;98m██[38;2;238;16;106m██[38;2;189;0;98m██                                                [38;2;189;0;98m██[38;2;189;0;98m██[38;2;238;16;106m██[38;2;189;0;98m██              
                                        [38;2;189;0;98m██[38;2;238;16;106m██[38;2;238;16;106m██[38;2;189;0;98m██                                          [38;2;189;0;98m██[38;2;189;0;98m██[38;2;238;16;106m██[38;2;238;16;106m██[38;2;189;0;98m██                
                                        [38;2;189;0;98m██[38;2;238;16;106m██[38;2;238;16;106m██[38;2;189;0;98m██                                  [38;2;189;0;98m██  [38;2;189;0;98m██[38;2;189;0;98m██[38;2;238;16;106m██[38;2;238;16;106m██[38;2;238;16;106m██[38;2;189;0;98m██                  
                                      [38;2;189;0;98m██[38;2;238;16;106m██[38;2;238;16;106m██[38;2;238;16;106m██[38;2;189;0;98m██                                [38;2;189;0;98m██[38;2;238;16;106m██[38;2;189;0;98m██[38;2;238;16;106m██[38;2;238;16;106m██[38;2;238;16;106m██[38;2;238;16;106m██[38;2;189;0;98m██                    
                                      [38;2;189;0;98m██[38;2;238;16;106m██[38;2;238;16;106m██[38;2;238;16;106m██[38;2;238;16;106m██[38;2;189;0;98m██                            [38;2;189;0;98m██[38;2;238;16;106m██[38;2;189;0;98m██[38;2;238;16;106m██[38;2;238;16;106m██[38;2;238;16;106m██[38;2;238;16;106m██[38;2;189;0;98m██                      
                                      [38;2;189;0;98m██[38;2;238;16;106m██[38;2;238;16;106m██[38;2;238;16;106m██[38;2;238;16;106m██[38;2;189;0;98m██                          [38;2;189;0;98m██[38;2;238;16;106m██[38;2;238;16;106m██[38;2;238;16;106m██[38;2;238;16;106m██[38;2;238;16;106m██[38;2;238;16;106m██[38;2;238;16;106m██[38;2;189;0;98m██                      
                                      [38;2;189;0;98m██[38;2;238;16;106m██[38;2;238;16;106m██[38;2;238;16;106m██[38;2;189;148;41m██[38;2;189;0;98m██                        [38;2;189;0;98m██[38;2;238;16;106m██[38;2;238;16;106m██[38;2;189;148;41m██[38;2;238;16;106m██[38;2;238;16;106m██[38;2;238;16;106m██[38;2;238;16;106m██[38;2;189;0;98m██                        
                                      [38;2;189;0;98m██[38;2;238;16;106m██[38;2;238;16;106m██[38;2;238;16;106m██[38;2;189;148;41m██[38;2;189;0;98m██                        [38;2;189;0;98m██[38;2;189;148;41m██[38;2;255;222;98m██[38;2;238;16;106m██[38;2;238;16;106m██[38;2;238;16;106m██[38;2;238;16;106m██[38;2;189;0;98m██                          
                                      [38;2;189;0;98m██[38;2;238;16;106m██[38;2;189;148;41m██[38;2;238;16;106m██[38;2;255;222;98m██[38;2;106;90;16m██                      [38;2;189;0;98m██[38;2;189;148;41m██[38;2;255;222;98m██[38;2;189;148;41m██[38;2;238;16;106m██[38;2;238;16;106m██[38;2;238;16;106m██[38;2;189;0;98m██                            
                                      [38;2;106;90;16m██[38;2;238;16;106m██[38;2;189;148;41m██[38;2;238;16;106m██[38;2;255;222;98m██[38;2;189;148;41m██[38;2;106;90;16m██                    [38;2;106;90;16m██[38;2;255;222;98m██[38;2;255;222;98m██[38;2;238;16;106m██[38;2;238;16;106m██[38;2;238;16;106m██[38;2;189;0;98m██[38;2;189;148;41m██[38;2;106;90;16m██                          
                                        [38;2;106;90;16m██[38;2;255;222;98m██[38;2;238;16;106m██[38;2;255;222;98m██[38;2;255;222;98m██[38;2;106;90;16m██                  [38;2;106;90;16m██[38;2;255;222;98m██[38;2;255;222;98m██[38;2;238;16;106m██[38;2;238;16;106m██[38;2;189;148;41m██[38;2;255;222;98m██[38;2;255;222;98m██[38;2;106;90;16m██                            
                                        [38;2;106;90;16m██[38;2;255;222;98m██[38;2;255;222;98m██[38;2;255;222;98m██[38;2;255;222;98m██[38;2;106;90;16m██          [38;2;74;24;32m██[38;2;74;24;32m██[38;2;74;24;32m██[38;2;106;90;16m██[38;2;255;222;98m██[38;2;255;222;98m██[38;2;255;222;98m██[38;2;238;16;106m██[38;2;255;222;98m██[38;2;255;222;98m██[38;2;255;222;98m██[38;2;106;90;16m██                              
                                        [38;2;106;90;16m██[38;2;189;148;41m██[38;2;255;222;98m██[38;2;255;222;98m██[38;2;255;222;98m██[38;2;106;90;16m██    [38;2;74;24;32m██[38;2;74;24;32m██[38;2;74;24;32m██[38;2;123;49;74m██[38;2;123;49;74m██[38;2;123;49;74m██[38;2;106;90;16m██[38;2;255;222;98m██[38;2;255;222;98m██[38;2;238;16;106m██[38;2;255;222;98m██[38;2;255;222;98m██[38;2;189;148;41m██[38;2;106;90;16m██                                
                                          [38;2;106;90;16m██[38;2;255;222;98m██[38;2;255;222;98m██[38;2;255;222;98m██[38;2;106;90;16m██[38;2;74;24;32m██[38;2;74;24;32m██[38;2;123;49;74m██[38;2;123;49;74m██[38;2;123;49;74m██[38;2;123;49;74m██[38;2;123;49;74m██[38;2;106;90;16m██[38;2;255;222;98m██[38;2;255;222;98m██[38;2;255;222;98m██[38;2;255;222;98m██[38;2;255;222;98m██[38;2;189;148;41m██[38;2;106;90;16m██[38;2;123;49;74m██[38;2;32;16;16m██[38;2;32;16;16m██                            
                                          [38;2;106;90;16m██[38;2;255;222;98m██[38;2;255;222;98m██[38;2;255;222;98m██[38;2;106;90;16m██[38;2;123;49;74m██[38;2;123;49;74m██[38;2;123;49;74m██[38;2;123;49;74m██[38;2;123;49;74m██[38;2;123;49;74m██[38;2;123;49;74m██[38;2;106;90;16m██[38;2;255;222;98m██[38;2;255;222;98m██[38;2;255;222;98m██[38;2;255;222;98m██[38;2;189;148;41m██[38;2;123;49;74m██[38;2;123;49;74m██[38;2;123;49;74m██[38;2;123;49;74m██[38;2;123;49;74m██[38;2;32;16;16m██[38;2;32;16;16m██                        
                                            [38;2;106;90;16m██[38;2;255;222;98m██[38;2;106;90;16m██[38;2;255;222;98m██[38;2;106;90;16m██[38;2;123;49;74m██[38;2;123;49;74m██[38;2;123;49;74m██[38;2;106;90;16m██[38;2;106;90;16m██[38;2;123;49;74m██[38;2;255;222;98m██[38;2;255;222;98m██[38;2;255;222;98m██[38;2;255;222;98m██[38;2;189;148;41m██[38;2;123;49;74m██[38;2;123;49;74m██[38;2;123;49;74m██[38;2;123;49;74m██[38;2;123;49;74m██[38;2;123;49;74m██[38;2;123;49;74m██[38;2;123;49;74m██[38;2;32;16;16m██                      
                                            [38;2;106;90;16m██[38;2;255;222;98m██[38;2;189;148;41m██[38;2;255;222;98m██[38;2;106;90;16m██[38;2;123;49;74m██[38;2;123;49;74m██[38;2;106;90;16m██[38;2;255;222;98m██[38;2;189;148;41m██[38;2;106;90;16m██[38;2;255;222;98m██[38;2;255;222;98m██[38;2;255;222;98m██[38;2;189;148;41m██[38;2;123;49;74m██[38;2;123;49;74m██[38;2;123;49;74m██[38;2;123;49;74m██[38;2;123;49;74m██[38;2;123;49;74m██[38;2;123;49;74m██[38;2;123;49;74m██[38;2;123;49;74m██[38;2;123;49;74m██[38;2;32;16;16m██                    
                                            [38;2;0;0;0m██[38;2;106;90;16m██[38;2;255;222;98m██[38;2;255;222;98m██[38;2;106;90;16m██[38;2;123;49;74m██[38;2;106;90;16m██[38;2;255;222;98m██[38;2;255;222;98m██[38;2;255;222;98m██[38;2;106;90;16m██[38;2;255;222;98m██[38;2;255;222;98m██[38;2;255;222;98m██[38;2;106;90;16m██[38;2;123;49;74m██[38;2;123;49;74m██[38;2;123;49;74m██[38;2;123;49;74m██[38;2;123;49;74m██[38;2;123;49;74m██[38;2;123;49;74m██[38;2;123;49;74m██[38;2;123;49;74m██[38;2;123;49;74m██[38;2;123;49;74m██[38;2;0;0;0m██                  
                                          [38;2;0;0;0m██[38;2;156;106;74m██[38;2;139;139;156m██[38;2;106;90;16m██[38;2;106;90;16m██[38;2;123;49;74m██[38;2;123;49;74m██[38;2;32;16;16m██[38;2;255;222;98m██[38;2;255;222;98m██[38;2;189;148;41m██[38;2;255;222;98m██[38;2;255;222;98m██[38;2;255;222;98m██[38;2;106;90;16m██[38;2;213;156;123m██[38;2;74;24;32m██[38;2;123;49;74m██[38;2;123;49;74m██[38;2;123;49;74m██[38;2;123;49;74m██[38;2;123;49;74m██[38;2;123;49;74m██[38;2;123;49;74m██[38;2;123;49;74m██[38;2;123;49;74m██[38;2;123;49;74m██[38;2;123;49;74m██[38;2;32;16;16m██                
                                        [38;2;0;0;0m██[38;2;74;74;82m██[38;2;0;0;0m██[38;2;246;246;246m██[38;2;0;0;0m██[38;2;213;156;123m██[38;2;32;16;16m██[38;2;156;106;74m██[38;2;213;156;123m██[38;2;106;90;16m██[38;2;255;222;98m██[38;2;255;222;98m██[38;2;255;222;98m██[38;2;106;90;16m██[38;2;106;90;16m██[38;2;0;0;0m██[38;2;213;156;123m██[38;2;74;24;32m██[38;2;123;49;74m██[38;2;123;49;74m██[38;2;123;49;74m██[38;2;123;49;74m██[38;2;123;49;74m██[38;2;123;49;74m██[38;2;123;49;74m██[38;2;123;49;74m██[38;2;123;49;74m██[38;2;123;49;74m██[38;2;123;49;74m██[38;2;0;0;0m██                
                                        [38;2;0;0;0m██[38;2;246;246;246m██[38;2;0;0;0m██[38;2;139;139;156m██[38;2;156;106;74m██[38;2;213;156;123m██[38;2;213;156;123m██[38;2;213;156;123m██[38;2;213;156;123m██[38;2;156;106;74m██[38;2;106;90;16m██[38;2;106;90;16m██[38;2;106;90;16m██[38;2;0;0;0m██[38;2;139;139;156m██[38;2;246;246;246m██[38;2;0;0;0m██[38;2;213;156;123m██[38;2;74;24;32m██[38;2;123;49;74m██[38;2;123;49;74m██[38;2;123;49;74m██[38;2;123;49;74m██[38;2;123;49;74m██[38;2;123;49;74m██[38;2;123;49;74m██[38;2;123;49;74m██[38;2;123;49;74m██[38;2;123;49;74m██[38;2;123;49;74m██[38;2;0;0;0m██              
                                    [38;2;32;16;16m██[38;2;32;16;16m██[38;2;0;0;0m██[38;2;246;246;246m██[38;2;246;246;246m██[38;2;0;0;0m██[38;2;213;156;123m██[38;2;213;156;123m██[38;2;213;156;123m██[38;2;213;156;123m██[38;2;213;156;123m██[38;2;213;156;123m██[38;2;0;0;0m██[38;2;246;246;246m██[38;2;0;0;0m██[38;2;0;0;0m██[38;2;0;0;0m██[38;2;246;246;246m██[38;2;0;0;0m██[38;2;213;156;123m██[38;2;74;24;32m██[38;2;32;16;16m██[38;2;123;49;74m██[38;2;123;49;74m██[38;2;123;49;74m██[38;2;123;49;74m██[38;2;123;49;74m██[38;2;123;49;74m██[38;2;123;49;74m██[38;2;123;49;74m██[38;2;123;49;74m██[38;2;123;49;74m██[38;2;123;49;74m██[38;2;32;16;16m██            
                                  [38;2;32;16;16m██[38;2;123;49;74m██[38;2;74;24;32m██[38;2;213;156;123m██[38;2;0;0;0m██[38;2;139;139;156m██[38;2;156;106;74m██[38;2;74;49;32m██[38;2;213;156;123m██[38;2;74;49;32m██[38;2;213;156;123m██[38;2;213;156;123m██[38;2;213;156;123m██[38;2;156;106;74m██[38;2;246;246;246m██[38;2;139;139;156m██[38;2;0;0;0m██[38;2;139;139;156m██[38;2;246;246;246m██[38;2;0;0;0m██[38;2;213;156;123m██[38;2;32;16;16m██[38;2;123;49;74m██[38;2;123;49;74m██[38;2;123;49;74m██[38;2;123;49;74m██[38;2;123;49;74m██[38;2;123;49;74m██[38;2;123;49;74m██[38;2;123;49;74m██[38;2;123;49;74m██[38;2;123;49;74m██[38;2;123;49;74m██[38;2;123;49;74m██[38;2;0;0;0m██            
                                  [38;2;32;16;16m██[38;2;123;49;74m██[38;2;0;0;0m██[38;2;213;156;123m██[38;2;32;16;16m██[38;2;32;16;16m██[38;2;213;156;123m██[38;2;74;49;32m██[38;2;213;156;123m██[38;2;74;49;32m██[38;2;213;156;123m██[38;2;213;156;123m██[38;2;213;156;123m██[38;2;213;156;123m██[38;2;0;0;0m██[38;2;246;246;246m██[38;2;246;246;246m██[38;2;246;246;246m██[38;2;0;0;0m██[38;2;213;156;123m██[38;2;32;16;16m██[38;2;123;49;74m██[38;2;123;49;74m██[38;2;123;49;74m██[38;2;123;49;74m██[38;2;123;49;74m██[38;2;123;49;74m██[38;2;123;49;74m██[38;2;123;49;74m██[38;2;123;49;74m██[38;2;123;49;74m██[38;2;123;49;74m██[38;2;123;49;74m██[38;2;123;49;74m██[38;2;123;49;74m██[38;2;32;16;16m██          
                                  [38;2;0;0;0m██[38;2;123;49;74m██[38;2;123;49;74m██[38;2;32;16;16m██[38;2;74;24;32m██[38;2;123;49;74m██[38;2;32;16;16m██[38;2;213;156;123m██[38;2;213;156;123m██[38;2;213;156;123m██[38;2;213;156;123m██[38;2;32;16;16m██[38;2;32;16;16m██[38;2;213;156;123m██[38;2;213;156;123m██[38;2;0;0;0m██[38;2;0;0;0m██[38;2;0;0;0m██[38;2;213;156;123m██[38;2;32;16;16m██[38;2;123;49;74m██[38;2;123;49;74m██[38;2;123;49;74m██[38;2;123;49;74m██[38;2;123;49;74m██[38;2;123;49;74m██[38;2;123;49;74m██[38;2;123;49;74m██[38;2;123;49;74m██[38;2;123;49;74m██[38;2;123;49;74m██[38;2;123;49;74m██[38;2;123;49;74m██[38;2;123;49;74m██[38;2;123;49;74m██[38;2;0;0;0m██          
                                    [38;2;32;16;16m██[38;2;123;49;74m██[38;2;123;49;74m██[38;2;123;49;74m██[38;2;123;49;74m██[38;2;32;16;16m██[38;2;213;156;123m██[38;2;213;156;123m██[38;2;32;16;16m██[38;2;32;16;16m██[38;2;123;49;74m██[38;2;123;49;74m██[38;2;32;16;16m██[38;2;32;16;16m██[38;2;213;156;123m██[38;2;213;156;123m██[38;2;32;16;16m██[38;2;32;16;16m██[38;2;123;49;74m██[38;2;123;49;74m██[38;2;123;49;74m██[38;2;0;0;0m██[38;2;123;49;74m██[38;2;123;49;74m██[38;2;123;49;74m██[38;2;123;49;74m██[38;2;123;49;74m██[38;2;123;49;74m██[38;2;123;49;74m██[38;2;123;49;74m██[38;2;123;49;74m██[38;2;123;49;74m██[38;2;123;49;74m██[38;2;123;49;74m██[38;2;123;49;74m██[38;2;0;0;0m██        
                                  [38;2;32;16;16m██[38;2;0;0;0m██[38;2;32;16;16m██[38;2;123;49;74m██[38;2;0;0;0m██[38;2;123;49;74m██[38;2;123;49;74m██[38;2;32;16;16m██[38;2;32;16;16m██[38;2;123;49;74m██[38;2;123;49;74m██[38;2;123;49;74m██[38;2;123;49;74m██[38;2;123;49;74m██[38;2;123;49;74m██[38;2;32;16;16m██[38;2;32;16;16m██[38;2;123;49;74m██[38;2;123;49;74m██[38;2;123;49;74m██[38;2;32;16;16m██[38;2;0;0;0m██[38;2;123;49;74m██[38;2;123;49;74m██[38;2;123;49;74m██[38;2;123;49;74m██[38;2;123;49;74m██[38;2;123;49;74m██[38;2;123;49;74m██[38;2;123;49;74m██[38;2;123;49;74m██[38;2;123;49;74m██[38;2;123;49;74m██[38;2;123;49;74m██[38;2;123;49;74m██[38;2;123;49;74m██[38;2;123;49;74m██[38;2;0;0;0m██[38;2;32;16;16m██[38;2;32;16;16m██  
                                [38;2;32;16;16m██[38;2;123;49;74m██[38;2;0;0;0m██[38;2;32;16;16m██[38;2;0;0;0m██[38;2;139;139;156m██[38;2;32;16;16m██[38;2;123;49;74m██[38;2;123;49;74m██[38;2;123;49;74m██[38;2;123;49;74m██[38;2;123;49;74m██[38;2;32;16;16m██[38;2;32;16;16m██[38;2;123;49;74m██[38;2;123;49;74m██[38;2;123;49;74m██[38;2;123;49;74m██[38;2;123;49;74m██[38;2;123;49;74m██[38;2;0;0;0m██[38;2;139;139;156m██[38;2;32;16;16m██[38;2;123;49;74m██[38;2;123;49;74m██[38;2;123;49;74m██[38;2;123;49;74m██[38;2;123;49;74m██[38;2;123;49;74m██[38;2;123;49;74m██[38;2;123;49;74m██[38;2;123;49;74m██[38;2;123;49;74m██[38;2;123;49;74m██[38;2;123;49;74m██[38;2;123;49;74m██[38;2;123;49;74m██[38;2;123;49;74m██[38;2;123;49;74m██[38;2;123;49;74m██[38;2;123;49;74m██[38;2;32;16;16m██
                              [38;2;32;16;16m██[38;2;123;49;74m██[38;2;123;49;74m██[38;2;32;16;16m██[38;2;123;49;74m██[38;2;139;139;156m██[38;2;246;246;246m██[38;2;246;246;246m██[38;2;32;16;16m██[38;2;123;49;74m██[38;2;123;49;74m██[38;2;0;0;0m██[38;2;0;0;0m██[38;2;246;246;246m██[38;2;246;246;246m██[38;2;32;16;16m██[38;2;123;49;74m██[38;2;123;49;74m██[38;2;123;49;74m██[38;2;0;0;0m██[38;2;0;0;0m██[38;2;246;246;246m██[38;2;246;246;246m██[38;2;32;16;16m██[38;2;123;49;74m██[38;2;123;49;74m██[38;2;123;49;74m██[38;2;123;49;74m██[38;2;123;49;74m██[38;2;123;49;74m██[38;2;123;49;74m██[38;2;123;49;74m██[38;2;123;49;74m██[38;2;123;49;74m██[38;2;123;49;74m██[38;2;123;49;74m██[38;2;123;49;74m██[38;2;123;49;74m██[38;2;123;49;74m██[38;2;123;49;74m██[38;2;123;49;74m██[38;2;123;49;74m██[38;2;0;0;0m██
                            [38;2;74;24;32m██[38;2;123;49;74m██[38;2;123;49;74m██[38;2;123;49;74m██[38;2;32;16;16m██[38;2;123;49;74m██[38;2;139;139;156m██[38;2;246;246;246m██[38;2;246;246;246m██[38;2;246;246;246m██[38;2;32;16;16m██[38;2;0;0;0m██[38;2;246;246;246m██[38;2;246;246;246m██[38;2;246;246;246m██[38;2;246;246;246m██[38;2;246;246;246m██[38;2;32;16;16m██[38;2;123;49;74m██[38;2;0;0;0m██[38;2;246;246;246m██[38;2;246;246;246m██[38;2;246;246;246m██[38;2;246;246;246m██[38;2;32;16;16m██[38;2;123;49;74m██[38;2;123;49;74m██[38;2;123;49;74m██[38;2;123;49;74m██[38;2;123;49;74m██[38;2;123;49;74m██[38;2;123;49;74m██[38;2;123;49;74m██[38;2;123;49;74m██[38;2;123;49;74m██[38;2;123;49;74m██[38;2;123;49;74m██[38;2;123;49;74m██[38;2;123;49;74m██[38;2;123;49;74m██[38;2;123;49;74m██[38;2;123;49;74m██[38;2;74;24;32m██[38;2;0;0;0m██
                          [38;2;74;24;32m██[38;2;123;49;74m██[38;2;123;49;74m██[38;2;123;49;74m██[38;2;123;49;74m██[38;2;0;0;0m██[38;2;123;49;74m██[38;2;32;16;16m██[38;2;246;246;246m██[38;2;139;139;156m██[38;2;246;246;246m██[38;2;246;246;246m██[38;2;246;246;246m██[38;2;246;246;246m██[38;2;246;246;246m██[38;2;246;246;246m██[38;2;246;246;246m██[38;2;246;246;246m██[38;2;246;246;246m██[38;2;246;246;246m██[38;2;246;246;246m██[38;2;246;246;246m██[38;2;246;246;246m██[38;2;246;246;246m██[38;2;32;16;16m██[38;2;123;49;74m██[38;2;74;24;32m██[38;2;123;49;74m██[38;2;123;49;74m██[38;2;123;49;74m██[38;2;123;49;74m██[38;2;123;49;74m██[38;2;123;49;74m██[38;2;123;49;74m██[38;2;123;49;74m██[38;2;123;49;74m██[38;2;123;49;74m██[38;2;123;49;74m██[38;2;123;49;74m██[38;2;123;49;74m██[38;2;123;49;74m██[38;2;123;49;74m██[38;2;74;24;32m██[38;2;74;24;32m██[38;2;0;0;0m██
                        [38;2;74;24;32m██[38;2;123;49;74m██[38;2;123;49;74m██[38;2;123;49;74m██[38;2;123;49;74m██[38;2;123;49;74m██[38;2;0;0;0m██[38;2;123;49;74m██[38;2;32;16;16m██[38;2;139;139;156m██[38;2;74;74;82m██[38;2;246;246;246m██[38;2;139;139;156m██[38;2;74;74;82m██[38;2;246;246;246m██[38;2;246;246;246m██[38;2;246;246;246m██[38;2;74;74;82m██[38;2;246;246;246m██[38;2;246;246;246m██[38;2;246;246;246m██[38;2;74;74;82m██[38;2;246;246;246m██[38;2;246;246;246m██[38;2;246;246;246m██[38;2;32;16;16m██[38;2;123;49;74m██[38;2;32;16;16m██[38;2;123;49;74m██[38;2;123;49;74m██[38;2;123;49;74m██[38;2;123;49;74m██[38;2;123;49;74m██[38;2;123;49;74m██[38;2;123;49;74m██[38;2;123;49;74m██[38;2;123;49;74m██[38;2;123;49;74m██[38;2;123;49;74m██[38;2;123;49;74m██[38;2;123;49;74m██[38;2;123;49;74m██[38;2;123;49;74m██[38;2;74;24;32m██[38;2;0;0;0m██  
                      [38;2;74;24;32m██[38;2;123;49;74m██[38;2;123;49;74m██[38;2;123;49;74m██[38;2;123;49;74m██[38;2;123;49;74m██[38;2;123;49;74m██[38;2;123;49;74m██[38;2;32;16;16m██[38;2;123;49;74m██[38;2;32;16;16m██[38;2;246;246;246m██[38;2;74;74;82m██[38;2;139;139;156m██[38;2;246;246;246m██[38;2;74;74;82m██[38;2;246;246;246m██[38;2;74;74;82m██[38;2;246;246;246m██[38;2;74;74;82m██[38;2;246;246;246m██[38;2;74;74;82m██[38;2;246;246;246m██[38;2;74;74;82m██[38;2;246;246;246m██[38;2;32;16;16m██[38;2;123;49;74m██[38;2;32;16;16m██[38;2;123;49;74m██[38;2;123;49;74m██[38;2;123;49;74m██[38;2;123;49;74m██[38;2;123;49;74m██[38;2;123;49;74m██[38;2;32;16;16m██[38;2;123;49;74m██[38;2;123;49;74m██[38;2;123;49;74m██[38;2;123;49;74m██[38;2;123;49;74m██[38;2;123;49;74m██[38;2;123;49;74m██[38;2;123;49;74m██[38;2;74;24;32m██[38;2;74;24;32m██[38;2;0;0;0m██  
                      [38;2;32;16;16m██[38;2;123;49;74m██[38;2;123;49;74m██[38;2;123;49;74m██[38;2;123;49;74m██[38;2;123;49;74m██[38;2;123;49;74m██[38;2;74;24;32m██[38;2;0;0;0m██[38;2;123;49;74m██[38;2;32;16;16m██[38;2;139;139;156m██[38;2;246;246;246m██[38;2;246;246;246m██[38;2;246;246;246m██[38;2;246;246;246m██[38;2;74;74;82m██[38;2;246;246;246m██[38;2;246;246;246m██[38;2;246;246;246m██[38;2;74;74;82m██[38;2;246;246;246m██[38;2;246;246;246m██[38;2;246;246;246m██[38;2;32;16;16m██[38;2;123;49;74m██[38;2;123;49;74m██[38;2;32;16;16m██[38;2;123;49;74m██[38;2;123;49;74m██[38;2;123;49;74m██[38;2;123;49;74m██[38;2;123;49;74m██[38;2;123;49;74m██[38;2;0;0;0m██[38;2;123;49;74m██[38;2;32;16;16m██[38;2;123;49;74m██[38;2;123;49;74m██[38;2;123;49;74m██[38;2;123;49;74m██[38;2;123;49;74m██[38;2;74;24;32m██[38;2;74;24;32m██[38;2;74;24;32m██[38;2;0;0;0m██  
                    [38;2;32;16;16m██[38;2;123;49;74m██[38;2;123;49;74m██[38;2;123;49;74m██[38;2;123;49;74m██[38;2;123;49;74m██[38;2;123;49;74m██[38;2;123;49;74m██[38;2;32;16;16m██[38;2;0;0;0m██[38;2;123;49;74m██[38;2;123;49;74m██[38;2;32;16;16m██[38;2;139;139;156m██[38;2;246;246;246m██[38;2;246;246;246m██[38;2;246;246;246m██[38;2;246;246;246m██[38;2;246;246;246m██[38;2;246;246;246m██[38;2;246;246;246m██[38;2;246;246;246m██[38;2;246;246;246m██[38;2;32;16;16m██[38;2;32;16;16m██[38;2;123;49;74m██[38;2;123;49;74m██[38;2;32;16;16m██[38;2;123;49;74m██[38;2;123;49;74m██[38;2;123;49;74m██[38;2;123;49;74m██[38;2;123;49;74m██[38;2;123;49;74m██[38;2;123;49;74m██[38;2;0;0;0m██[38;2;123;49;74m██[38;2;74;24;32m██[38;2;123;49;74m██[38;2;123;49;74m██[38;2;123;49;74m██[38;2;74;24;32m██[38;2;74;24;32m██[38;2;74;24;32m██[38;2;74;24;32m██[38;2;0;0;0m██    
                  [38;2;32;16;16m██[38;2;123;49;74m██[38;2;123;49;74m██[38;2;123;49;74m██[38;2;123;49;74m██[38;2;123;49;74m██[38;2;123;49;74m██[38;2;123;49;74m██[38;2;32;16;16m██  [38;2;0;0;0m██[38;2;74;24;32m██[38;2;123;49;74m██[38;2;123;49;74m██[38;2;32;16;16m██[38;2;32;16;16m██[38;2;139;139;156m██[38;2;246;246;246m██[38;2;246;246;246m██[38;2;246;246;246m██[38;2;246;246;246m██[38;2;246;246;246m██[38;2;32;16;16m██[38;2;32;16;16m██[38;2;123;49;74m██[38;2;123;49;74m██[38;2;123;49;74m██[38;2;123;49;74m██[38;2;32;16;16m██[38;2;123;49;74m██[38;2;123;49;74m██[38;2;123;49;74m██[38;2;123;49;74m██[38;2;123;49;74m██[38;2;123;49;74m██[38;2;123;49;74m██[38;2;0;0;0m██[38;2;32;16;16m██[38;2;123;49;74m██[38;2;123;49;74m██[38;2;74;24;32m██[38;2;74;24;32m██[38;2;74;24;32m██[38;2;74;24;32m██[38;2;74;24;32m██[38;2;32;16;16m██[38;2;0;0;0m██    
                [38;2;32;16;16m██[38;2;123;49;74m██[38;2;123;49;74m██[38;2;123;49;74m██[38;2;123;49;74m██[38;2;123;49;74m██[38;2;123;49;74m██[38;2;123;49;74m██[38;2;74;24;32m██[38;2;32;16;16m██    [38;2;0;0;0m██[38;2;123;49;74m██[38;2;123;49;74m██[38;2;123;49;74m██[38;2;123;49;74m██[38;2;32;16;16m██[38;2;32;16;16m██[38;2;32;16;16m██[38;2;32;16;16m██[38;2;32;16;16m██[38;2;32;16;16m██[38;2;123;49;74m██[38;2;123;49;74m██[38;2;123;49;74m██[38;2;123;49;74m██[38;2;123;49;74m██[38;2;32;16;16m██[38;2;123;49;74m██[38;2;123;49;74m██[38;2;123;49;74m██[38;2;123;49;74m██[38;2;123;49;74m██[38;2;123;49;74m██[38;2;123;49;74m██[38;2;0;0;0m██[38;2;32;16;16m██[38;2;74;24;32m██[38;2;74;24;32m██[38;2;74;24;32m██[38;2;74;24;32m██[38;2;74;24;32m██[38;2;74;24;32m██[38;2;74;24;32m██[38;2;74;24;32m██[38;2;32;16;16m██[38;2;0;0;0m██    
              [38;2;32;16;16m██[38;2;123;49;74m██[38;2;123;49;74m██[38;2;123;49;74m██[38;2;123;49;74m██[38;2;123;49;74m██[38;2;123;49;74m██[38;2;123;49;74m██[38;2;123;49;74m██[38;2;0;0;0m██      [38;2;0;0;0m██[38;2;74;24;32m██[38;2;123;49;74m██[38;2;213;156;123m██[38;2;123;49;74m██[38;2;123;49;74m██[38;2;123;49;74m██[38;2;123;49;74m██[38;2;123;49;74m██[38;2;123;49;74m██[38;2;123;49;74m██[38;2;123;49;74m██[38;2;123;49;74m██[38;2;123;49;74m██[38;2;123;49;74m██[38;2;123;49;74m██[38;2;32;16;16m██[38;2;123;49;74m██[38;2;123;49;74m██[38;2;123;49;74m██[38;2;123;49;74m██[38;2;123;49;74m██[38;2;123;49;74m██[38;2;123;49;74m██[38;2;0;0;0m██[38;2;74;24;32m██[38;2;74;24;32m██[38;2;74;24;32m██[38;2;74;24;32m██[38;2;32;16;16m██[38;2;74;24;32m██[38;2;74;24;32m██[38;2;74;24;32m██[38;2;74;24;32m██[38;2;32;16;16m██      
            [38;2;32;16;16m██[38;2;123;49;74m██[38;2;123;49;74m██[38;2;123;49;74m██[38;2;123;49;74m██[38;2;123;49;74m██[38;2;123;49;74m██[38;2;123;49;74m██[38;2;123;49;74m██[38;2;123;49;74m██[38;2;0;0;0m██        [38;2;0;0;0m██[38;2;74;24;32m██[38;2;213;156;123m██[38;2;156;106;74m██[38;2;123;49;74m██[38;2;213;156;123m██[38;2;156;106;74m██[38;2;123;49;74m██[38;2;123;49;74m██[38;2;123;49;74m██[38;2;123;49;74m██[38;2;123;49;74m██[38;2;123;49;74m██[38;2;123;49;74m██[38;2;32;16;16m██[38;2;123;49;74m██[38;2;123;49;74m██[38;2;123;49;74m██[38;2;123;49;74m██[38;2;123;49;74m██[38;2;123;49;74m██[38;2;123;49;74m██[38;2;123;49;74m██[38;2;0;0;0m██[38;2;74;24;32m██[38;2;74;24;32m██[38;2;74;24;32m██[38;2;74;24;32m██[38;2;0;0;0m██[38;2;74;24;32m██[38;2;74;24;32m██[38;2;74;24;32m██[38;2;74;24;32m██[38;2;0;0;0m██      
          [38;2;32;16;16m██[38;2;123;49;74m██[38;2;123;49;74m██[38;2;123;49;74m██[38;2;123;49;74m██[38;2;123;49;74m██[38;2;123;49;74m██[38;2;123;49;74m██[38;2;123;49;74m██[38;2;123;49;74m██[38;2;0;0;0m██            [38;2;0;0;0m██[38;2;156;106;74m██[38;2;156;106;74m██[38;2;74;24;32m██[38;2;213;156;123m██[38;2;213;156;123m██[38;2;156;106;74m██[38;2;123;49;74m██[38;2;123;49;74m██[38;2;213;156;123m██[38;2;156;106;74m██[38;2;123;49;74m██[38;2;74;24;32m██[38;2;32;16;16m██[38;2;123;49;74m██[38;2;123;49;74m██[38;2;123;49;74m██[38;2;123;49;74m██[38;2;123;49;74m██[38;2;123;49;74m██[38;2;123;49;74m██[38;2;123;49;74m██[38;2;0;0;0m██[38;2;74;24;32m██[38;2;74;24;32m██[38;2;74;24;32m██[38;2;0;0;0m██[38;2;74;24;32m██[38;2;74;24;32m██[38;2;74;24;32m██[38;2;74;24;32m██[38;2;74;24;32m██[38;2;0;0;0m██      
        [38;2;32;16;16m██[38;2;123;49;74m██[38;2;123;49;74m██[38;2;123;49;74m██[38;2;123;49;74m██[38;2;123;49;74m██[38;2;123;49;74m██[38;2;123;49;74m██[38;2;123;49;74m██[38;2;123;49;74m██[38;2;74;24;32m██[38;2;0;0;0m██              [38;2;0;0;0m██[38;2;156;106;74m██[38;2;74;24;32m██[38;2;156;106;74m██[38;2;156;106;74m██[38;2;156;106;74m██[38;2;74;24;32m██[38;2;74;24;32m██[38;2;156;106;74m██[38;2;156;106;74m██[38;2;156;106;74m██[38;2;0;0;0m██[38;2;123;49;74m██[38;2;123;49;74m██[38;2;123;49;74m██[38;2;123;49;74m██[38;2;123;49;74m██[38;2;123;49;74m██[38;2;123;49;74m██[38;2;123;49;74m██[38;2;123;49;74m██[38;2;0;0;0m██[38;2;74;24;32m██[38;2;74;24;32m██[38;2;74;24;32m██[38;2;0;0;0m██[38;2;74;24;32m██[38;2;74;24;32m██[38;2;74;24;32m██[38;2;74;24;32m██[38;2;74;24;32m██[38;2;0;0;0m██      
    [38;2;32;16;16m██[38;2;32;16;16m██[38;2;123;49;74m██[38;2;123;49;74m██[38;2;123;49;74m██[38;2;123;49;74m██[38;2;123;49;74m██[38;2;123;49;74m██[38;2;123;49;74m██[38;2;123;49;74m██[38;2;123;49;74m██[38;2;123;49;74m██[38;2;0;0;0m██                  [38;2;0;0;0m██[38;2;74;24;32m██[38;2;74;24;32m██[38;2;156;106;74m██[38;2;156;106;74m██[38;2;156;106;74m██[38;2;74;24;32m██[38;2;74;24;32m██[38;2;156;106;74m██[38;2;156;106;74m██[38;2;0;0;0m██[38;2;123;49;74m██[38;2;123;49;74m██[38;2;123;49;74m██[38;2;123;49;74m██[38;2;123;49;74m██[38;2;123;49;74m██[38;2;123;49;74m██[38;2;123;49;74m██[38;2;123;49;74m██[38;2;0;0;0m██[38;2;74;24;32m██[38;2;74;24;32m██[38;2;74;24;32m██[38;2;0;0;0m██[38;2;74;24;32m██[38;2;74;24;32m██[38;2;74;24;32m██[38;2;74;24;32m██[38;2;74;24;32m██[38;2;0;0;0m██      
  [38;2;32;16;16m██[38;2;123;49;74m██[38;2;123;49;74m██[38;2;123;49;74m██[38;2;123;49;74m██[38;2;123;49;74m██[38;2;123;49;74m██[38;2;123;49;74m██[38;2;123;49;74m██[38;2;123;49;74m██[38;2;123;49;74m██[38;2;123;49;74m██[38;2;123;49;74m██[38;2;0;0;0m██                    [38;2;0;0;0m██[38;2;0;0;0m██[38;2;74;24;32m██[38;2;156;106;74m██[38;2;156;106;74m██[38;2;74;24;32m██[38;2;74;24;32m██[38;2;74;24;32m██[38;2;74;24;32m██[38;2;0;0;0m██[38;2;123;49;74m██[38;2;123;49;74m██[38;2;123;49;74m██[38;2;123;49;74m██[38;2;123;49;74m██[38;2;123;49;74m██[38;2;123;49;74m██[38;2;123;49;74m██[38;2;0;0;0m██[38;2;74;24;32m██[38;2;74;24;32m██[38;2;74;24;32m██[38;2;32;16;16m██[38;2;0;0;0m██[38;2;32;16;16m██[38;2;74;24;32m██[38;2;74;24;32m██[38;2;74;24;32m██[38;2;74;24;32m██[38;2;0;0;0m██      
[38;2;0;0;0m██[38;2;123;49;74m██[38;2;123;49;74m██[38;2;32;16;16m██[38;2;123;49;74m██[38;2;123;49;74m██[38;2;123;49;74m██[38;2;123;49;74m██[38;2;123;49;74m██[38;2;123;49;74m██[38;2;123;49;74m██[38;2;123;49;74m██[38;2;123;49;74m██[38;2;123;49;74m██[38;2;0;0;0m██                      [38;2;74;49;32m██[38;2;0;0;0m██[38;2;0;0;0m██[38;2;74;24;32m██[38;2;74;24;32m██[38;2;74;24;32m██[38;2;74;24;32m██[38;2;0;0;0m██[38;2;123;49;74m██[38;2;123;49;74m██[38;2;123;49;74m██[38;2;123;49;74m██[38;2;123;49;74m██[38;2;123;49;74m██[38;2;123;49;74m██[38;2;123;49;74m██[38;2;123;49;74m██[38;2;0;0;0m██[38;2;74;24;32m██[38;2;32;16;16m██[38;2;32;16;16m██    [38;2;0;0;0m██[38;2;74;24;32m██[38;2;74;24;32m██[38;2;74;24;32m██[38;2;74;24;32m██[38;2;74;24;32m██[38;2;0;0;0m██    
  [38;2;0;0;0m██[38;2;0;0;0m██[38;2;123;49;74m██[38;2;123;49;74m██[38;2;74;24;32m██[38;2;123;49;74m██[38;2;123;49;74m██[38;2;123;49;74m██[38;2;123;49;74m██[38;2;123;49;74m██[38;2;123;49;74m██[38;2;0;0;0m██[38;2;74;24;32m██[38;2;123;49;74m██[38;2;0;0;0m██                  [38;2;74;49;32m██[38;2;156;106;74m██[38;2;74;49;32m██[38;2;156;106;74m██[38;2;32;16;16m██[38;2;32;16;16m██[38;2;32;16;16m██[38;2;32;16;16m██[38;2;0;0;0m██[38;2;123;49;74m██[38;2;123;49;74m██[38;2;123;49;74m██[38;2;123;49;74m██[38;2;123;49;74m██[38;2;123;49;74m██[38;2;123;49;74m██[38;2;123;49;74m██[38;2;123;49;74m██[38;2;0;0;0m██[38;2;32;16;16m██          [38;2;0;0;0m██[38;2;74;24;32m██[38;2;74;24;32m██[38;2;74;24;32m██[38;2;74;24;32m██[38;2;0;0;0m██    
  [38;2;74;49;32m██[38;2;32;16;16m██[38;2;123;49;74m██[38;2;0;0;0m██[38;2;32;16;16m██[38;2;123;49;74m██[38;2;123;49;74m██[38;2;32;16;16m██[38;2;74;24;32m██[38;2;123;49;74m██[38;2;32;16;16m██[38;2;213;156;123m██[38;2;0;0;0m██[38;2;74;49;32m██[38;2;0;0;0m██                  [38;2;74;49;32m██[38;2;156;106;74m██[38;2;74;49;32m██[38;2;156;106;74m██[38;2;74;49;32m██[38;2;156;106;74m██[38;2;74;49;32m██[38;2;0;0;0m██[38;2;123;49;74m██[38;2;123;49;74m██[38;2;123;49;74m██[38;2;123;49;74m██[38;2;123;49;74m██[38;2;123;49;74m██[38;2;123;49;74m██[38;2;123;49;74m██[38;2;123;49;74m██[38;2;123;49;74m██[38;2;0;0;0m██          [38;2;0;0;0m██[38;2;32;16;16m██[38;2;74;24;32m██[38;2;32;16;16m██[38;2;74;24;32m██[38;2;32;16;16m██[38;2;74;49;32m██    
[38;2;0;0;0m██[38;2;74;49;32m██[38;2;213;156;123m██[38;2;0;0;0m██[38;2;213;156;123m██[38;2;32;16;16m██[38;2;123;49;74m██[38;2;0;0;0m██[38;2;213;156;123m██[38;2;32;16;16m██[38;2;123;49;74m██[38;2;0;0;0m██[38;2;213;156;123m██[38;2;213;156;123m██[38;2;213;156;123m██[38;2;74;49;32m██                    [38;2;0;0;0m██[38;2;0;0;0m██[38;2;156;106;74m██[38;2;74;49;32m██[38;2;156;106;74m██[38;2;74;49;32m██[38;2;0;0;0m██[38;2;123;49;74m██[38;2;123;49;74m██[38;2;123;49;74m██[38;2;123;49;74m██[38;2;123;49;74m██[38;2;123;49;74m██[38;2;123;49;74m██[38;2;123;49;74m██[38;2;123;49;74m██[38;2;74;24;32m██[38;2;0;0;0m██        [38;2;0;0;0m██[38;2;156;106;74m██[38;2;156;106;74m██[38;2;32;16;16m██[38;2;156;106;74m██[38;2;0;0;0m██[38;2;0;0;0m██[38;2;156;106;74m██[38;2;74;49;32m██  
[38;2;0;0;0m██[38;2;156;106;74m██[38;2;213;156;123m██[38;2;213;156;123m██[38;2;213;156;123m██[38;2;32;16;16m██[38;2;0;0;0m██[38;2;213;156;123m██[38;2;213;156;123m██[38;2;213;156;123m██[38;2;0;0;0m██[38;2;213;156;123m██[38;2;213;156;123m██[38;2;213;156;123m██[38;2;213;156;123m██[38;2;213;156;123m██[38;2;74;49;32m██                      [38;2;0;0;0m██[38;2;0;0;0m██[38;2;0;0;0m██[38;2;74;49;32m██[38;2;0;0;0m██[38;2;123;49;74m██[38;2;123;49;74m██[38;2;123;49;74m██[38;2;123;49;74m██[38;2;123;49;74m██[38;2;123;49;74m██[38;2;123;49;74m██[38;2;123;49;74m██[38;2;123;49;74m██[38;2;74;24;32m██[38;2;0;0;0m██      [38;2;0;0;0m██[38;2;156;106;74m██[38;2;74;49;32m██[38;2;156;106;74m██[38;2;156;106;74m██[38;2;156;106;74m██[38;2;156;106;74m██[38;2;156;106;74m██[38;2;156;106;74m██[38;2;156;106;74m██[38;2;74;49;32m██
[38;2;0;0;0m██[38;2;156;106;74m██[38;2;74;49;32m██[38;2;213;156;123m██[38;2;213;156;123m██[38;2;213;156;123m██[38;2;213;156;123m██[38;2;156;106;74m██[38;2;213;156;123m██[38;2;213;156;123m██[38;2;213;156;123m██[38;2;213;156;123m██[38;2;213;156;123m██[38;2;213;156;123m██[38;2;213;156;123m██[38;2;156;106;74m██[38;2;74;49;32m██                            [38;2;0;0;0m██[38;2;123;49;74m██[38;2;123;49;74m██[38;2;123;49;74m██[38;2;123;49;74m██[38;2;123;49;74m██[38;2;123;49;74m██[38;2;123;49;74m██[38;2;123;49;74m██[38;2;123;49;74m██[38;2;123;49;74m██[38;2;123;49;74m██[38;2;0;0;0m██      [38;2;0;0;0m██[38;2;74;49;32m██[38;2;156;106;74m██[38;2;156;106;74m██[38;2;74;49;32m██[38;2;156;106;74m██[38;2;156;106;74m██[38;2;156;106;74m██[38;2;74;49;32m██[38;2;156;106;74m██[38;2;74;49;32m██
  [38;2;0;0;0m██[38;2;74;49;32m██[38;2;156;106;74m██[38;2;156;106;74m██[38;2;213;156;123m██[38;2;213;156;123m██[38;2;213;156;123m██[38;2;213;156;123m██[38;2;213;156;123m██[38;2;213;156;123m██[38;2;74;49;32m██[38;2;74;49;32m██[38;2;156;106;74m██[38;2;156;106;74m██[38;2;156;106;74m██[38;2;74;49;32m██                          [38;2;0;0;0m██[38;2;123;49;74m██[38;2;123;49;74m██[38;2;123;49;74m██[38;2;123;49;74m██[38;2;123;49;74m██[38;2;123;49;74m██[38;2;123;49;74m██[38;2;123;49;74m██[38;2;123;49;74m██[38;2;123;49;74m██[38;2;123;49;74m██[38;2;123;49;74m██[38;2;0;0;0m██        [38;2;0;0;0m██[38;2;156;106;74m██[38;2;74;49;32m██[38;2;156;106;74m██[38;2;156;106;74m██[38;2;74;49;32m██[38;2;156;106;74m██[38;2;74;49;32m██[38;2;156;106;74m██[38;2;0;0;0m██
    [38;2;0;0;0m██[38;2;156;106;74m██[38;2;74;49;32m██[38;2;156;106;74m██[38;2;156;106;74m██[38;2;74;49;32m██[38;2;213;156;123m██[38;2;213;156;123m██[38;2;156;106;74m██[38;2;74;49;32m██[38;2;156;106;74m██[38;2;156;106;74m██[38;2;156;106;74m██[38;2;156;106;74m██[38;2;74;49;32m██                          [38;2;0;0;0m██[38;2;0;0;0m██[38;2;32;16;16m██[38;2;123;49;74m██[38;2;123;49;74m██[38;2;32;16;16m██[38;2;123;49;74m██[38;2;123;49;74m██[38;2;123;49;74m██[38;2;123;49;74m██[38;2;123;49;74m██[38;2;123;49;74m██[38;2;123;49;74m██[38;2;74;24;32m██[38;2;32;16;16m██        [38;2;0;0;0m██[38;2;0;0;0m██[38;2;156;106;74m██[38;2;156;106;74m██[38;2;74;49;32m██[38;2;156;106;74m██[38;2;0;0;0m██[38;2;0;0;0m██  
      [38;2;0;0;0m██[38;2;0;0;0m██[38;2;156;106;74m██[38;2;156;106;74m██[38;2;74;49;32m██[38;2;156;106;74m██[38;2;156;106;74m██[38;2;156;106;74m██[38;2;156;106;74m██[38;2;74;49;32m██[38;2;156;106;74m██[38;2;156;106;74m██[38;2;74;49;32m██                          [38;2;74;49;32m██[38;2;213;156;123m██[38;2;213;156;123m██[38;2;32;16;16m██[38;2;123;49;74m██[38;2;0;0;0m██[38;2;32;16;16m██[38;2;123;49;74m██[38;2;123;49;74m██[38;2;32;16;16m██[38;2;123;49;74m██[38;2;123;49;74m██[38;2;32;16;16m██[38;2;123;49;74m██[38;2;123;49;74m██[38;2;32;16;16m██            [38;2;0;0;0m██[38;2;0;0;0m██[38;2;0;0;0m██[38;2;0;0;0m██      
          [38;2;0;0;0m██[38;2;0;0;0m██[38;2;0;0;0m██[38;2;74;49;32m██[38;2;156;106;74m██[38;2;156;106;74m██[38;2;156;106;74m██[38;2;0;0;0m██[38;2;74;49;32m██[38;2;74;49;32m██                          [38;2;74;49;32m██[38;2;213;156;123m██[38;2;213;156;123m██[38;2;213;156;123m██[38;2;213;156;123m██[38;2;0;0;0m██[38;2;156;106;74m██[38;2;32;16;16m██[38;2;123;49;74m██[38;2;0;0;0m██[38;2;213;156;123m██[38;2;32;16;16m██[38;2;123;49;74m██[38;2;32;16;16m██[38;2;0;0;0m██[38;2;123;49;74m██[38;2;0;0;0m██                          
                [38;2;0;0;0m██[38;2;0;0;0m██[38;2;0;0;0m██[38;2;0;0;0m██                                [38;2;74;49;32m██[38;2;213;156;123m██[38;2;213;156;123m██[38;2;213;156;123m██[38;2;213;156;123m██[38;2;213;156;123m██[38;2;213;156;123m██[38;2;213;156;123m██[38;2;0;0;0m██[38;2;213;156;123m██[38;2;213;156;123m██[38;2;213;156;123m██[38;2;0;0;0m██[38;2;213;156;123m██[38;2;213;156;123m██[38;2;0;0;0m██[38;2;0;0;0m██                          
                                                      [38;2;74;49;32m██[38;2;156;106;74m██[38;2;213;156;123m██[38;2;74;49;32m██[38;2;213;156;123m██[38;2;213;156;123m██[38;2;213;156;123m██[38;2;213;156;123m██[38;2;213;156;123m██[38;2;213;156;123m██[38;2;213;156;123m██[38;2;213;156;123m██[38;2;213;156;123m██[38;2;213;156;123m██[38;2;213;156;123m██[38;2;213;156;123m██[38;2;74;49;32m██                            
                                                      [38;2;74;49;32m██[38;2;156;106;74m██[38;2;156;106;74m██[38;2;74;49;32m██[38;2;156;106;74m██[38;2;213;156;123m██[38;2;213;156;123m██[38;2;213;156;123m██[38;2;213;156;123m██[38;2;213;156;123m██[38;2;213;156;123m██[38;2;213;156;123m██[38;2;213;156;123m██[38;2;213;156;123m██[38;2;213;156;123m██[38;2;156;106;74m██[38;2;156;106;74m██[38;2;0;0;0m██                          
                                                        [38;2;74;49;32m██[38;2;156;106;74m██[38;2;74;49;32m██[38;2;156;106;74m██[38;2;156;106;74m██[38;2;156;106;74m██[38;2;213;156;123m██[38;2;213;156;123m██[38;2;213;156;123m██[38;2;213;156;123m██[38;2;213;156;123m██[38;2;213;156;123m██[38;2;156;106;74m██[38;2;156;106;74m██[38;2;156;106;74m██[38;2;156;106;74m██[38;2;0;0;0m██                          
                                                          [38;2;0;0;0m██[38;2;0;0;0m██[38;2;0;0;0m██[38;2;156;106;74m██[38;2;156;106;74m██[38;2;156;106;74m██[38;2;156;106;74m██[38;2;156;106;74m██[38;2;156;106;74m██[38;2;156;106;74m██[38;2;156;106;74m██[38;2;156;106;74m██[38;2;74;49;32m██[38;2;156;106;74m██[38;2;156;106;74m██[38;2;0;0;0m██                          
                                                              [38;2;0;0;0m██[38;2;156;106;74m██[38;2;156;106;74m██[38;2;74;49;32m██[38;2;156;106;74m██[38;2;156;106;74m██[38;2;156;106;74m██[38;2;74;49;32m██[38;2;156;106;74m██[38;2;156;106;74m██[38;2;74;49;32m██[38;2;0;0;0m██[38;2;0;0;0m██                            
                                                                [38;2;0;0;0m██[38;2;0;0;0m██[38;2;74;49;32m██[38;2;156;106;74m██[38;2;156;106;74m██[38;2;156;106;74m██[38;2;74;49;32m██[38;2;0;0;0m██[38;2;0;0;0m██[38;2;0;0;0m██                                
                                                                    [38;2;0;0;0m██[38;2;0;0;0m██[38;2;0;0;0m██[38;2;0;0;0m██[38;2;0;0;0m██                                      
