                              [38;2;148;41;106m██[38;2;148;41;106m██[38;2;98;32;74m██                            
                            [38;2;148;41;106m██[38;2;197;57;139m██[38;2;197;57;139m██[38;2;98;32;74m██                            
              [38;2;115;82;8m██[38;2;115;82;8m██[38;2;115;82;8m██[38;2;115;82;8m██[38;2;32;32;32m██[38;2;32;32;32m██[38;2;148;41;106m██[38;2;197;57;139m██[38;2;197;57;139m██[38;2;98;32;74m██                              
          [38;2;115;82;8m██[38;2;197;131;0m██[38;2;255;164;0m██[38;2;255;164;0m██[38;2;255;164;0m██[38;2;255;164;0m██[38;2;255;164;0m██[38;2;255;164;0m██[38;2;32;32;32m██[38;2;32;32;32m██[38;2;98;32;74m██                                
      [38;2;115;82;8m██[38;2;197;131;0m██[38;2;255;164;0m██[38;2;255;164;0m██[38;2;255;164;0m██[38;2;255;164;0m██[38;2;255;164;0m██[38;2;255;164;0m██[38;2;255;164;0m██[38;2;255;164;0m██[38;2;255;164;0m██[38;2;255;164;0m██[38;2;32;32;32m██[38;2;32;32;32m██                              
    [38;2;115;82;8m██[38;2;255;164;0m██[38;2;255;164;0m██[38;2;255;164;0m██[38;2;255;164;0m██[38;2;255;164;0m██[38;2;255;164;0m██[38;2;255;164;0m██[38;2;255;164;0m██[38;2;255;164;0m██[38;2;255;164;0m██[38;2;255;164;0m██[38;2;255;164;0m██[38;2;255;164;0m██[38;2;255;164;0m██[38;2;32;32;32m██                            
  [38;2;65;65;65m██[38;2;255;164;0m██[38;2;255;164;0m██[38;2;115;82;8m██[38;2;255;164;0m██[38;2;255;164;0m██[38;2;255;164;0m██[38;2;255;164;0m██[38;2;115;82;8m██[38;2;255;164;0m██[38;2;255;164;0m██[38;2;255;164;0m██[38;2;255;164;0m██[38;2;255;164;0m██[38;2;255;164;0m██[38;2;197;131;0m██[38;2;197;131;0m██[38;2;32;32;32m██                          
  [38;2;65;65;65m██[38;2;255;164;0m██[38;2;255;164;0m██[38;2;255;164;0m██[38;2;255;164;0m██[38;2;255;164;0m██[38;2;255;164;0m██[38;2;255;164;0m██[38;2;255;164;0m██[38;2;255;164;0m██[38;2;255;164;0m██[38;2;255;164;0m██[38;2;255;164;0m██[38;2;255;164;0m██[38;2;197;131;0m██[38;2;255;255;255m██[38;2;255;255;255m██[38;2;115;82;8m██                          
[38;2;65;65;65m██[38;2;255;255;255m██[38;2;197;131;0m██[38;2;255;164;0m██[38;2;255;164;0m██[38;2;82;82;82m██[38;2;82;82;82m██[38;2;82;82;82m██[38;2;255;164;0m██[38;2;255;164;0m██[38;2;255;164;0m██[38;2;255;164;0m██[38;2;255;164;0m██[38;2;255;164;0m██[38;2;197;131;0m██[38;2;255;255;255m██[38;2;255;255;255m██[38;2;255;255;255m██[38;2;255;255;255m██[38;2;115;82;8m██                        
[38;2;32;32;32m██[38;2;255;255;255m██[38;2;197;131;0m██[38;2;255;164;0m██[38;2;82;82;82m██[38;2;180;180;180m██[38;2;255;255;255m██[38;2;255;255;255m██[38;2;82;82;82m██[38;2;82;82;82m██[38;2;255;164;0m██[38;2;255;164;0m██[38;2;255;164;0m██[38;2;255;164;0m██[38;2;82;82;82m██[38;2;255;255;255m██[38;2;32;32;32m██[38;2;255;255;255m██[38;2;255;255;255m██[38;2;115;82;8m██                        
[38;2;32;32;32m██[38;2;255;255;255m██[38;2;197;131;0m██[38;2;82;82;82m██[38;2;255;255;255m██[38;2;180;180;180m██[38;2;255;255;255m██[38;2;255;255;255m██[38;2;82;82;82m██[38;2;255;255;255m██[38;2;82;82;82m██[38;2;255;164;0m██[38;2;255;164;0m██[38;2;255;164;0m██[38;2;82;82;82m██[38;2;255;255;255m██[38;2;32;32;32m██[38;2;255;255;255m██[38;2;255;255;255m██[38;2;115;82;8m██                        
[38;2;32;32;32m██[38;2;255;255;255m██[38;2;197;131;0m██[38;2;82;82;82m██[38;2;255;255;255m██[38;2;82;82;82m██[38;2;255;255;255m██[38;2;255;255;255m██[38;2;82;82;82m██[38;2;255;255;255m██[38;2;255;255;255m██[38;2;82;82;82m██[38;2;255;164;0m██[38;2;255;164;0m██[38;2;32;32;32m██[38;2;255;255;255m██[38;2;65;65;65m██[38;2;255;255;255m██[38;2;255;255;255m██[38;2;115;82;8m██                        
[38;2;32;32;32m██[38;2;180;180;180m██[38;2;115;82;8m██[38;2;82;82;82m██[38;2;255;255;255m██[38;2;82;82;82m██[38;2;255;255;255m██[38;2;255;255;255m██[38;2;82;82;82m██[38;2;255;255;255m██[38;2;255;255;255m██[38;2;180;180;180m██[38;2;115;82;8m██[38;2;197;131;0m██[38;2;32;32;32m██[38;2;255;255;255m██[38;2;255;255;255m██[38;2;255;255;255m██[38;2;255;255;255m██[38;2;32;32;32m██                        
[38;2;32;32;32m██[38;2;180;180;180m██[38;2;115;82;8m██[38;2;82;82;82m██[38;2;115;106;90m██[38;2;115;106;90m██[38;2;115;106;90m██[38;2;115;106;90m██[38;2;115;106;90m██[38;2;115;106;90m██[38;2;115;106;90m██[38;2;180;180;180m██[38;2;82;82;82m██[38;2;197;131;0m██[38;2;197;131;0m██[38;2;32;32;32m██[38;2;255;255;255m██[38;2;255;255;255m██[38;2;82;82;82m██[38;2;32;32;32m██                        
  [38;2;32;32;32m██[38;2;115;106;90m██[38;2;172;164;106m██[38;2;222;213;123m██[38;2;222;213;123m██[38;2;222;213;123m██[38;2;222;213;123m██[38;2;222;213;123m██[38;2;222;213;123m██[38;2;172;164;106m██[38;2;115;106;90m██[38;2;115;106;90m██[38;2;115;106;90m██[38;2;115;106;90m██[38;2;197;131;0m██[38;2;32;32;32m██[38;2;32;32;32m██[38;2;32;32;32m██                          
    [38;2;32;32;32m██[38;2;222;213;123m██[38;2;222;213;123m██[38;2;222;213;123m██[38;2;222;213;123m██[38;2;222;213;123m██[38;2;222;213;123m██[38;2;222;213;123m██[38;2;222;213;123m██[38;2;222;213;123m██[38;2;222;213;123m██[38;2;172;164;106m██[38;2;172;164;106m██[38;2;115;106;90m██[38;2;197;131;0m██[38;2;197;131;0m██[38;2;32;32;32m██                          
      [38;2;32;32;32m██[38;2;172;164;106m██[38;2;222;213;123m██[38;2;222;213;123m██[38;2;222;213;123m██[38;2;222;213;123m██[38;2;222;213;123m██[38;2;222;213;123m██[38;2;172;164;106m██[38;2;172;164;106m██[38;2;172;164;106m██[38;2;172;164;106m██[38;2;172;164;106m██[38;2;115;106;90m██[38;2;32;32;32m██                            
        [38;2;32;32;32m██[38;2;32;32;32m██[38;2;172;164;106m██[38;2;172;164;106m██[38;2;172;164;106m██[38;2;172;164;106m██[38;2;172;164;106m██[38;2;172;164;106m██[38;2;172;164;106m██[38;2;172;164;106m██[38;2;172;164;106m██[38;2;32;32;32m██[38;2;32;32;32m██                              
            [38;2;32;32;32m██[38;2;32;32;32m██[38;2;115;106;90m██[38;2;172;164;106m██[38;2;172;164;106m██[38;2;172;164;106m██[38;2;115;106;90m██[38;2;32;32;32m██[38;2;32;32;32m██                                  
                [38;2;32;32;32m██[38;2;172;164;106m██[38;2;172;164;106m██[38;2;172;164;106m██[38;2;32;32;32m██                                      
                [38;2;32;32;32m██[38;2;98;32;74m██[38;2;172;164;106m██[38;2;172;164;106m██[38;2;32;32;32m██                                      
              [38;2;115;106;90m██[38;2;98;32;74m██[38;2;148;41;106m██[38;2;98;32;74m██[38;2;172;164;106m██[38;2;115;106;90m██[38;2;32;32;32m██                                    
          [38;2;115;106;90m██[38;2;115;106;90m██[38;2;172;164;106m██[38;2;98;32;74m██[38;2;98;32;74m██[38;2;98;32;74m██[38;2;172;164;106m██[38;2;172;164;106m██[38;2;115;106;90m██[38;2;115;106;90m██                                  
        [38;2;32;32;32m██[38;2;172;164;106m██[38;2;172;164;106m██[38;2;98;32;74m██[38;2;148;41;106m██[38;2;148;41;106m██[38;2;98;32;74m██[38;2;172;164;106m██[38;2;172;164;106m██[38;2;172;164;106m██[38;2;222;213;123m██[38;2;115;106;90m██                                
      [38;2;32;32;32m██[38;2;172;164;106m██[38;2;115;106;90m██[38;2;98;32;74m██[38;2;197;57;139m██[38;2;197;57;139m██[38;2;197;57;139m██[38;2;98;32;74m██[38;2;172;164;106m██[38;2;115;106;90m██[38;2;32;32;32m██[38;2;222;213;123m██[38;2;222;213;123m██[38;2;115;106;90m██                              
      [38;2;32;32;32m██[38;2;222;213;123m██[38;2;115;106;90m██[38;2;98;32;74m██[38;2;98;32;74m██[38;2;98;32;74m██[38;2;148;41;106m██[38;2;172;164;106m██[38;2;222;213;123m██[38;2;115;106;90m██  [38;2;32;32;32m██[38;2;222;213;123m██[38;2;222;213;123m██[38;2;115;106;90m██                            
    [38;2;32;32;32m██[38;2;222;213;123m██[38;2;222;213;123m██[38;2;98;32;74m██[38;2;197;57;139m██[38;2;197;57;139m██[38;2;197;57;139m██[38;2;98;32;74m██[38;2;222;213;123m██[38;2;222;213;123m██[38;2;115;106;90m██  [38;2;32;32;32m██[38;2;172;164;106m██[38;2;222;213;123m██[38;2;32;32;32m██                            
    [38;2;32;32;32m██[38;2;222;213;123m██[38;2;115;106;90m██[38;2;98;32;74m██[38;2;197;57;139m██[38;2;197;57;139m██[38;2;197;57;139m██[38;2;98;32;74m██[38;2;222;213;123m██[38;2;222;213;123m██[38;2;32;32;32m██[38;2;32;32;32m██[38;2;32;32;32m██[38;2;172;164;106m██[38;2;222;213;123m██[38;2;32;32;32m██  [38;2;32;32;32m██[38;2;32;32;32m██[38;2;32;32;32m██                    
  [38;2;32;32;32m██[38;2;222;213;123m██[38;2;172;164;106m██[38;2;222;213;123m██[38;2;32;32;32m██[38;2;197;57;139m██[38;2;197;57;139m██[38;2;197;57;139m██[38;2;98;32;74m██[38;2;222;213;123m██[38;2;222;213;123m██[38;2;32;32;32m██[38;2;222;213;123m██[38;2;115;106;90m██[38;2;222;213;123m██[38;2;172;164;106m██[38;2;32;32;32m██[38;2;32;32;32m██[38;2;197;131;0m██[38;2;255;164;0m██[38;2;255;164;0m██[38;2;32;32;32m██                  
  [38;2;32;32;32m██[38;2;222;213;123m██[38;2;115;106;90m██[38;2;32;32;32m██[38;2;32;32;32m██[38;2;115;82;8m██[38;2;115;82;8m██[38;2;115;82;8m██[38;2;115;82;8m██[38;2;115;82;8m██[38;2;32;32;32m██[38;2;222;213;123m██[38;2;222;213;123m██[38;2;222;213;123m██[38;2;222;213;123m██[38;2;32;32;32m██[38;2;255;164;0m██[38;2;255;164;0m██[38;2;255;164;0m██[38;2;255;164;0m██[38;2;255;164;0m██[38;2;32;32;32m██                  
  [38;2;115;82;8m██[38;2;32;32;32m██[38;2;32;32;32m██[38;2;255;164;0m██[38;2;255;164;0m██[38;2;255;164;0m██[38;2;255;164;0m██[38;2;255;164;0m██[38;2;255;164;0m██[38;2;255;164;0m██[38;2;32;32;32m██[38;2;32;32;32m██[38;2;115;106;90m██[38;2;222;213;123m██[38;2;32;32;32m██[38;2;197;131;0m██[38;2;197;131;0m██[38;2;255;164;0m██[38;2;255;164;0m██[38;2;255;164;0m██[38;2;255;164;0m██[38;2;255;164;0m██[38;2;32;32;32m██                
[38;2;32;32;32m██[38;2;255;164;0m██[38;2;255;164;0m██[38;2;255;164;0m██[38;2;255;164;0m██[38;2;255;164;0m██[38;2;255;164;0m██[38;2;255;164;0m██[38;2;255;164;0m██[38;2;255;164;0m██[38;2;255;164;0m██[38;2;255;164;0m██[38;2;255;164;0m██[38;2;32;32;32m██[38;2;32;32;32m██[38;2;197;131;0m██[38;2;32;32;32m██[38;2;197;131;0m██[38;2;197;131;0m██[38;2;197;131;0m██[38;2;255;164;0m██[38;2;255;164;0m██[38;2;197;131;0m██[38;2;32;32;32m██[38;2;115;82;8m██[38;2;32;32;32m██[38;2;32;32;32m██          
[38;2;32;32;32m██[38;2;32;32;32m██[38;2;255;164;0m██[38;2;255;164;0m██[38;2;255;164;0m██[38;2;255;164;0m██[38;2;255;164;0m██[38;2;255;164;0m██[38;2;255;164;0m██[38;2;255;164;0m██[38;2;255;164;0m██[38;2;255;164;0m██[38;2;255;164;0m██[38;2;255;164;0m██[38;2;255;164;0m██[38;2;197;131;0m██[38;2;32;32;32m██[38;2;197;131;0m██[38;2;197;131;0m██[38;2;197;131;0m██[38;2;197;131;0m██[38;2;197;131;0m██[38;2;197;131;0m██[38;2;197;131;0m██[38;2;32;32;32m██[38;2;197;131;0m██[38;2;197;131;0m██[38;2;32;32;32m██  [38;2;32;32;32m██[38;2;32;32;32m██[38;2;32;32;32m██
  [38;2;32;32;32m██[38;2;115;82;8m██[38;2;255;164;0m██[38;2;255;164;0m██[38;2;255;164;0m██[38;2;255;164;0m██[38;2;255;164;0m██[38;2;255;164;0m██[38;2;255;164;0m██[38;2;255;164;0m██[38;2;255;164;0m██[38;2;255;164;0m██[38;2;255;164;0m██[38;2;115;82;8m██[38;2;32;32;32m██[38;2;197;131;0m██[38;2;197;131;0m██[38;2;197;131;0m██[38;2;197;131;0m██[38;2;197;131;0m██[38;2;197;131;0m██[38;2;197;131;0m██[38;2;197;131;0m██[38;2;197;131;0m██[38;2;197;131;0m██[38;2;197;131;0m██[38;2;32;32;32m██[38;2;32;32;32m██[38;2;197;131;0m██[38;2;197;131;0m██[38;2;32;32;32m██
[38;2;32;32;32m██[38;2;197;131;0m██[38;2;197;131;0m██[38;2;197;131;0m██[38;2;197;131;0m██[38;2;255;164;0m██[38;2;255;164;0m██[38;2;255;164;0m██[38;2;255;164;0m██[38;2;255;164;0m██[38;2;255;164;0m██[38;2;255;164;0m██[38;2;197;131;0m██[38;2;197;131;0m██[38;2;197;131;0m██[38;2;197;131;0m██[38;2;32;32;32m██[38;2;197;131;0m██[38;2;197;131;0m██[38;2;197;131;0m██[38;2;197;131;0m██[38;2;197;131;0m██[38;2;197;131;0m██[38;2;115;82;8m██[38;2;32;32;32m██[38;2;32;32;32m██[38;2;197;131;0m██[38;2;115;82;8m██[38;2;197;131;0m██[38;2;197;131;0m██[38;2;32;32;32m██  
[38;2;32;32;32m██[38;2;115;82;8m██[38;2;197;131;0m██[38;2;197;131;0m██[38;2;197;131;0m██[38;2;197;131;0m██[38;2;197;131;0m██[38;2;197;131;0m██[38;2;197;131;0m██[38;2;197;131;0m██[38;2;197;131;0m██[38;2;197;131;0m██[38;2;197;131;0m██[38;2;197;131;0m██[38;2;197;131;0m██[38;2;197;131;0m██[38;2;32;32;32m██[38;2;197;131;0m██[38;2;197;131;0m██[38;2;197;131;0m██[38;2;197;131;0m██[38;2;115;82;8m██[38;2;32;32;32m██[38;2;32;32;32m██[38;2;115;82;8m██[38;2;115;82;8m██[38;2;115;82;8m██[38;2;197;131;0m██[38;2;197;131;0m██[38;2;32;32;32m██    
  [38;2;32;32;32m██[38;2;115;82;8m██[38;2;197;131;0m██[38;2;115;82;8m██[38;2;115;82;8m██[38;2;32;32;32m██[38;2;32;32;32m██[38;2;32;32;32m██[38;2;197;131;0m██[38;2;197;131;0m██[38;2;197;131;0m██[38;2;197;131;0m██[38;2;197;131;0m██[38;2;115;82;8m██[38;2;32;32;32m██[38;2;197;131;0m██[38;2;197;131;0m██[38;2;197;131;0m██[38;2;197;131;0m██[38;2;115;82;8m██[38;2;32;32;32m██    [38;2;32;32;32m██[38;2;115;82;8m██[38;2;115;82;8m██[38;2;115;82;8m██[38;2;115;82;8m██[38;2;32;32;32m██    
[38;2;32;32;32m██[38;2;115;82;8m██[38;2;197;131;0m██[38;2;197;131;0m██[38;2;197;131;0m██[38;2;32;32;32m██      [38;2;32;32;32m██[38;2;32;32;32m██[38;2;115;82;8m██[38;2;115;82;8m██[38;2;32;32;32m██[38;2;32;32;32m██[38;2;197;131;0m██[38;2;197;131;0m██[38;2;197;131;0m██[38;2;197;131;0m██[38;2;32;32;32m██[38;2;32;32;32m██        [38;2;32;32;32m██[38;2;115;82;8m██[38;2;115;82;8m██[38;2;32;32;32m██      
[38;2;32;32;32m██[38;2;197;131;0m██[38;2;197;131;0m██[38;2;197;131;0m██[38;2;115;82;8m██[38;2;32;32;32m██        [38;2;32;32;32m██[38;2;197;131;0m██[38;2;197;131;0m██[38;2;197;131;0m██[38;2;115;82;8m██[38;2;32;32;32m██[38;2;115;82;8m██[38;2;32;32;32m██[38;2;32;32;32m██              [38;2;32;32;32m██[38;2;32;32;32m██        
  [38;2;32;32;32m██[38;2;32;32;32m██[38;2;32;32;32m██[38;2;32;32;32m██          [38;2;32;32;32m██[38;2;115;82;8m██[38;2;197;131;0m██[38;2;197;131;0m██[38;2;197;131;0m██[38;2;32;32;32m██                                
                      [38;2;32;32;32m██[38;2;32;32;32m██[38;2;32;32;32m██[38;2;32;32;32m██                                  
