                                                            [38;2;16;41;82m██[38;2;16;41;82m██                                                                  
                                                            [38;2;24;41;65m██[38;2;16;65;98m██[38;2;16;41;82m██                                                                
                                                            [38;2;24;41;65m██[38;2;16;65;98m██[38;2;24;41;65m██                                                                
                                                            [38;2;24;41;65m██[38;2;16;65;98m██[38;2;16;65;98m██[38;2;24;41;65m██                                            [38;2;24;41;65m██[38;2;24;41;65m██              
                                                            [38;2;24;41;65m██[38;2;16;65;98m██[38;2;16;65;98m██[38;2;16;41;82m██[38;2;24;41;65m██                                        [38;2;24;41;65m██[38;2;16;65;98m██[38;2;24;41;65m██              
                                                            [38;2;24;41;65m██[38;2;16;65;98m██[38;2;16;65;98m██[38;2;16;65;98m██[38;2;24;41;65m██    [38;2;24;41;65m██[38;2;24;41;65m██                                [38;2;24;41;65m██[38;2;16;65;98m██[38;2;24;41;65m██              
                                                      [38;2;24;41;65m██[38;2;24;41;65m██  [38;2;24;41;65m██[38;2;16;65;98m██[38;2;16;65;98m██[38;2;16;65;98m██[38;2;16;65;98m██[38;2;24;41;65m██[38;2;16;16;16m██[38;2;16;65;98m██[38;2;16;16;16m██                              [38;2;24;41;65m██[38;2;16;65;98m██[38;2;16;65;98m██[38;2;24;41;65m██              
                                                      [38;2;24;41;65m██[38;2;16;65;98m██[38;2;24;41;65m██[38;2;24;41;65m██[38;2;16;65;98m██[38;2;16;65;98m██[38;2;16;65;98m██[38;2;16;65;98m██[38;2;16;65;98m██[38;2;24;41;65m██[38;2;16;65;98m██[38;2;16;16;16m██                      [38;2;16;16;16m██    [38;2;24;41;65m██[38;2;16;41;82m██[38;2;16;65;98m██[38;2;16;65;98m██[38;2;24;41;65m██              
                                                      [38;2;24;41;65m██[38;2;16;65;98m██[38;2;16;65;98m██[38;2;24;41;65m██[38;2;16;65;98m██[38;2;16;65;98m██[38;2;16;65;98m██[38;2;16;65;98m██[38;2;16;65;98m██[38;2;16;65;98m██[38;2;16;65;98m██[38;2;24;41;65m██                    [38;2;16;16;16m██[38;2;16;65;98m██[38;2;16;16;16m██  [38;2;24;41;65m██[38;2;16;65;98m██[38;2;16;65;98m██[38;2;16;65;98m██[38;2;24;41;65m██              
                                                        [38;2;24;41;65m██[38;2;16;65;98m██[38;2;16;65;98m██[38;2;16;65;98m██[38;2;16;65;98m██[38;2;16;65;98m██[38;2;16;65;98m██[38;2;16;41;82m██[38;2;57;57;65m██[38;2;57;57;65m██[38;2;57;57;65m██[38;2;57;57;65m██[38;2;57;57;65m██[38;2;57;57;65m██              [38;2;16;16;16m██[38;2;16;65;98m██[38;2;16;65;98m██[38;2;24;41;65m██[38;2;16;65;98m██[38;2;16;65;98m██[38;2;16;65;98m██[38;2;16;65;98m██[38;2;24;41;65m██              
                                                        [38;2;24;41;65m██[38;2;16;65;98m██[38;2;16;65;98m██[38;2;16;65;98m██[38;2;16;65;98m██[38;2;57;57;65m██[38;2;57;57;65m██[38;2;238;164;0m██[38;2;255;213;82m██[38;2;255;213;82m██[38;2;255;213;82m██[38;2;255;213;82m██[38;2;255;213;82m██[38;2;238;164;0m██[38;2;57;57;65m██[38;2;57;57;65m██[38;2;57;57;65m██        [38;2;16;16;16m██[38;2;16;65;98m██[38;2;16;65;98m██[38;2;16;65;98m██[38;2;16;65;98m██[38;2;16;65;98m██[38;2;16;65;98m██[38;2;16;65;98m██[38;2;24;41;65m██[38;2;24;41;65m██[38;2;16;16;16m██[38;2;16;16;16m██        
                                                          [38;2;24;41;65m██[38;2;16;65;98m██[38;2;57;57;65m██[38;2;57;57;65m██[38;2;238;164;0m██[38;2;255;213;82m██[38;2;255;213;82m██[38;2;255;213;82m██[38;2;255;213;82m██[38;2;255;213;82m██[38;2;255;213;82m██[38;2;255;213;82m██[38;2;255;213;82m██[38;2;255;213;82m██[38;2;238;164;0m██[38;2;98;106;98m██[38;2;57;57;65m██[38;2;57;57;65m██  [38;2;16;16;16m██[38;2;16;41;82m██[38;2;16;41;82m██[38;2;16;65;98m██[38;2;16;65;98m██[38;2;16;65;98m██[38;2;16;65;98m██[38;2;16;65;98m██[38;2;16;16;16m██[38;2;16;16;16m██[38;2;16;65;98m██[38;2;16;65;98m██[38;2;16;16;16m██        
                                                          [38;2;57;57;65m██[38;2;57;57;65m██[38;2;98;106;98m██[38;2;238;164;0m██[38;2;255;213;82m██[38;2;255;213;82m██[38;2;255;213;82m██[38;2;255;213;82m██[38;2;255;213;82m██[38;2;255;213;82m██[38;2;255;213;82m██[38;2;255;213;82m██[38;2;98;106;98m██[38;2;98;106;98m██[38;2;98;106;98m██[38;2;98;106;98m██[38;2;255;213;82m██[38;2;255;213;82m██[38;2;16;16;16m██[38;2;24;41;65m██[38;2;16;41;82m██[38;2;16;41;82m██[38;2;16;41;82m██[38;2;16;65;98m██[38;2;16;65;98m██[38;2;16;65;98m██[38;2;16;65;98m██[38;2;16;65;98m██[38;2;16;65;98m██[38;2;16;65;98m██[38;2;16;16;16m██          
                                                        [38;2;57;57;65m██[38;2;98;106;98m██[38;2;98;106;98m██[38;2;98;106;98m██[38;2;255;213;82m██[38;2;255;213;82m██[38;2;255;213;82m██[38;2;255;213;82m██[38;2;255;213;82m██[38;2;255;213;82m██[38;2;255;213;82m██[38;2;238;164;0m██[38;2;98;106;98m██[38;2;98;106;98m██[38;2;98;106;98m██[38;2;255;213;82m██[38;2;255;213;82m██[38;2;255;213;82m██[38;2;255;213;82m██[38;2;255;213;82m██[38;2;16;16;16m██[38;2;16;41;82m██[38;2;16;41;82m██[38;2;16;41;82m██[38;2;16;41;82m██[38;2;16;41;82m██[38;2;16;65;98m██[38;2;16;65;98m██[38;2;16;65;98m██[38;2;16;65;98m██[38;2;16;65;98m██[38;2;16;16;16m██          
                                                      [38;2;57;57;65m██[38;2;255;213;82m██[38;2;98;106;98m██[38;2;98;106;98m██[38;2;255;213;82m██[38;2;255;213;82m██[38;2;255;213;82m██[38;2;255;213;82m██[38;2;255;213;82m██[38;2;255;213;82m██[38;2;255;213;82m██[38;2;98;106;98m██[38;2;98;106;98m██[38;2;98;106;98m██[38;2;255;213;82m██[38;2;255;213;82m██[38;2;255;213;82m██[38;2;255;213;82m██[38;2;255;213;82m██[38;2;255;213;82m██[38;2;255;213;82m██[38;2;255;213;82m██[38;2;16;16;16m██[38;2;16;41;82m██[38;2;16;41;82m██[38;2;16;16;16m██[38;2;16;41;82m██[38;2;16;41;82m██[38;2;16;65;98m██[38;2;16;65;98m██[38;2;16;65;98m██[38;2;16;16;16m██            
                                                    [38;2;57;57;65m██[38;2;255;213;82m██[38;2;238;164;0m██[38;2;98;106;98m██[38;2;238;164;0m██[38;2;255;213;82m██[38;2;255;213;82m██[38;2;255;213;82m██[38;2;255;213;82m██[38;2;255;213;82m██[38;2;255;213;82m██[38;2;98;106;98m██[38;2;98;106;98m██[38;2;98;106;98m██[38;2;255;213;82m██[38;2;255;213;82m██[38;2;255;213;82m██[38;2;255;213;82m██[38;2;255;213;82m██[38;2;255;213;82m██[38;2;255;213;82m██[38;2;255;213;82m██[38;2;255;213;82m██[38;2;238;164;0m██[38;2;16;16;16m██[38;2;24;41;65m██[38;2;16;41;82m██[38;2;16;16;16m██[38;2;16;41;82m██[38;2;16;41;82m██[38;2;16;65;98m██[38;2;16;65;98m██[38;2;16;16;16m██            
                                        [38;2;106;57;57m██[38;2;106;57;57m██        [38;2;57;57;65m██[38;2;255;213;82m██[38;2;98;106;98m██[38;2;98;106;98m██[38;2;255;213;82m██[38;2;238;164;0m██[38;2;255;213;82m██[38;2;255;213;82m██[38;2;238;164;0m██[38;2;255;213;82m██[38;2;238;164;0m██[38;2;98;106;98m██[38;2;98;106;98m██[38;2;255;213;82m██[38;2;255;213;82m██[38;2;255;213;82m██[38;2;255;213;82m██[38;2;255;213;82m██[38;2;255;213;82m██[38;2;255;213;82m██[38;2;238;164;0m██[38;2;98;106;98m██[38;2;98;106;98m██[38;2;98;106;98m██[38;2;16;16;16m██[38;2;24;41;65m██[38;2;16;41;82m██[38;2;24;41;65m██[38;2;16;41;82m██[38;2;16;41;82m██[38;2;16;41;82m██[38;2;16;16;16m██              
                                        [38;2;106;57;57m██[38;2;156;115;24m██[38;2;106;57;57m██    [38;2;57;57;65m██[38;2;238;164;0m██[38;2;98;106;98m██[38;2;98;106;98m██[38;2;98;106;98m██[38;2;98;106;98m██[38;2;98;106;98m██[38;2;255;213;82m██[38;2;255;213;82m██[38;2;98;106;98m██[38;2;255;213;82m██[38;2;98;106;98m██[38;2;98;106;98m██[38;2;98;106;98m██[38;2;98;106;98m██[38;2;255;213;82m██[38;2;255;213;82m██[38;2;255;213;82m██[38;2;238;164;0m██[38;2;98;106;98m██[38;2;98;106;98m██[38;2;98;106;98m██[38;2;98;106;98m██[38;2;98;106;98m██[38;2;65;74;74m██[38;2;65;74;74m██[38;2;16;41;82m██[38;2;16;41;82m██[38;2;16;41;82m██[38;2;16;41;82m██[38;2;16;41;82m██[38;2;16;16;16m██                
                              [38;2;106;57;57m██[38;2;106;57;57m██    [38;2;106;57;57m██[38;2;156;115;24m██[38;2;156;115;24m██[38;2;106;57;57m██[38;2;106;57;57m██  [38;2;57;57;65m██[38;2;98;106;98m██[38;2;106;57;57m██[38;2;106;57;57m██[38;2;98;106;98m██[38;2;98;106;98m██[38;2;98;106;98m██[38;2;238;164;0m██[38;2;98;106;98m██[38;2;98;106;98m██[38;2;98;106;98m██[38;2;98;106;98m██[38;2;98;106;98m██[38;2;98;106;98m██[38;2;255;213;82m██[38;2;255;213;82m██[38;2;238;164;0m██[38;2;98;106;98m██[38;2;98;106;98m██[38;2;98;106;98m██[38;2;98;106;98m██[38;2;98;106;98m██[38;2;98;106;98m██[38;2;65;74;74m██[38;2;65;74;74m██[38;2;24;41;65m██[38;2;16;41;82m██[38;2;16;41;82m██[38;2;16;41;82m██[38;2;16;41;82m██[38;2;16;16;16m██                  
                            [38;2;16;16;16m██[38;2;255;213;82m██[38;2;106;57;57m██  [38;2;106;57;57m██[38;2;106;57;57m██[38;2;156;115;24m██[38;2;156;115;24m██[38;2;156;115;24m██[38;2;106;57;57m██  [38;2;16;16;16m██[38;2;106;57;57m██[38;2;255;213;82m██[38;2;106;57;57m██[38;2;98;106;98m██[38;2;98;106;98m██[38;2;98;106;98m██[38;2;98;106;98m██[38;2;98;106;98m██[38;2;106;57;57m██[38;2;106;57;57m██[38;2;98;106;98m██[38;2;98;106;98m██[38;2;98;106;98m██[38;2;98;106;98m██[38;2;98;106;98m██[38;2;98;106;98m██[38;2;98;106;98m██[38;2;98;106;98m██[38;2;98;106;98m██[38;2;24;41;65m██[38;2;24;41;65m██[38;2;65;74;74m██[38;2;65;74;74m██[38;2;24;41;65m██[38;2;16;16;16m██[38;2;16;41;82m██[38;2;16;41;82m██[38;2;16;41;82m██[38;2;16;41;82m██[38;2;16;41;82m██[38;2;16;16;16m██[38;2;24;41;65m██              
                          [38;2;106;57;57m██[38;2;255;213;82m██[38;2;255;213;82m██[38;2;106;57;57m██[38;2;16;16;16m██[38;2;16;16;16m██[38;2;16;16;16m██[38;2;156;115;24m██[38;2;156;115;24m██[38;2;16;41;82m██[38;2;24;41;65m██[38;2;16;16;16m██[38;2;255;213;82m██[38;2;255;213;82m██[38;2;255;213;82m██[38;2;106;57;57m██[38;2;98;106;98m██[38;2;98;106;98m██[38;2;98;106;98m██[38;2;106;57;57m██[38;2;106;57;57m██[38;2;238;164;0m██[38;2;255;213;82m██[38;2;106;57;57m██[38;2;98;106;98m██[38;2;98;106;98m██[38;2;98;106;98m██[38;2;98;106;98m██[38;2;98;106;98m██[38;2;98;106;98m██[38;2;65;74;74m██[38;2;65;74;74m██[38;2;24;41;65m██[38;2;255;213;82m██[38;2;24;41;65m██[38;2;65;74;74m██[38;2;24;41;65m██[38;2;16;41;82m██[38;2;16;16;16m██[38;2;16;41;82m██[38;2;16;41;82m██[38;2;16;41;82m██[38;2;16;41;82m██[38;2;16;41;82m██[38;2;16;41;82m██[38;2;16;16;16m██            
                        [38;2;106;57;57m██[38;2;255;213;82m██[38;2;255;213;82m██[38;2;255;213;82m██[38;2;238;164;0m██[38;2;255;213;82m██[38;2;255;213;82m██[38;2;16;16;16m██[38;2;156;115;24m██[38;2;16;41;82m██[38;2;16;41;82m██[38;2;16;16;16m██[38;2;255;213;82m██[38;2;255;213;82m██[38;2;156;115;24m██[38;2;156;115;24m██[38;2;16;16;16m██[38;2;16;16;16m██[38;2;98;106;98m██[38;2;106;57;57m██[38;2;238;164;0m██[38;2;255;213;82m██[38;2;255;213;82m██[38;2;255;213;82m██[38;2;16;16;16m██[38;2;65;74;74m██[38;2;65;74;74m██[38;2;65;74;74m██[38;2;16;16;16m██[38;2;65;74;74m██[38;2;65;74;74m██[38;2;65;74;74m██[38;2;65;74;74m██[38;2;24;41;65m██[38;2;255;213;82m██[38;2;255;213;82m██[38;2;16;16;16m██[38;2;24;41;65m██[38;2;16;41;82m██[38;2;16;41;82m██[38;2;16;41;82m██[38;2;16;41;82m██[38;2;16;41;82m██[38;2;16;41;82m██[38;2;16;16;16m██[38;2;16;16;16m██              
                        [38;2;106;57;57m██[38;2;255;213;82m██[38;2;255;213;82m██[38;2;255;213;82m██[38;2;255;213;82m██[38;2;255;213;82m██[38;2;16;16;16m██[38;2;156;115;24m██[38;2;156;115;24m██[38;2;16;16;16m██[38;2;16;16;16m██[38;2;238;164;0m██[38;2;255;213;82m██[38;2;255;213;82m██[38;2;255;213;82m██[38;2;255;213;82m██[38;2;255;213;82m██[38;2;255;213;82m██[38;2;16;16;16m██[38;2;16;16;16m██[38;2;255;213;82m██[38;2;255;213;82m██[38;2;255;213;82m██[38;2;238;164;0m██[38;2;16;16;16m██[38;2;106;57;57m██[38;2;106;57;57m██[38;2;16;16;16m██[38;2;255;213;82m██[38;2;16;16;16m██[38;2;65;74;74m██[38;2;65;74;74m██[38;2;24;41;65m██[38;2;24;41;65m██[38;2;156;115;24m██[38;2;255;213;82m██[38;2;255;213;82m██[38;2;16;16;16m██[38;2;16;41;82m██[38;2;16;41;82m██[38;2;16;41;82m██[38;2;16;41;82m██[38;2;16;41;82m██[38;2;16;16;16m██                  
                      [38;2;106;57;57m██[38;2;255;213;82m██[38;2;255;213;82m██[38;2;255;213;82m██[38;2;255;213;82m██[38;2;238;164;0m██[38;2;255;213;82m██[38;2;16;16;16m██[38;2;156;115;24m██[38;2;16;16;16m██[38;2;255;213;82m██[38;2;255;213;82m██[38;2;255;213;82m██[38;2;255;213;82m██[38;2;255;213;82m██[38;2;255;213;82m██[38;2;255;213;82m██[38;2;255;213;82m██[38;2;255;213;82m██[38;2;255;213;82m██[38;2;255;213;82m██[38;2;255;213;82m██[38;2;255;213;82m██[38;2;106;57;57m██[38;2;238;164;0m██[38;2;238;164;0m██[38;2;238;164;0m██[38;2;238;164;0m██[38;2;16;16;16m██[38;2;255;213;82m██[38;2;255;213;82m██[38;2;16;16;16m██[38;2;24;41;65m██[38;2;24;41;65m██[38;2;255;213;82m██[38;2;238;164;0m██[38;2;255;213;82m██[38;2;255;213;82m██[38;2;238;164;0m██[38;2;16;16;16m██[38;2;16;41;82m██[38;2;16;41;82m██[38;2;16;41;82m██[38;2;24;41;65m██                    
                      [38;2;106;57;57m██[38;2;255;213;82m██[38;2;255;213;82m██[38;2;255;213;82m██[38;2;238;164;0m██[38;2;16;65;98m██[38;2;24;41;65m██[38;2;156;115;24m██[38;2;16;16;16m██[38;2;255;213;82m██[38;2;255;213;82m██[38;2;255;213;82m██[38;2;255;213;82m██[38;2;255;213;82m██[38;2;255;213;82m██[38;2;255;213;82m██[38;2;255;213;82m██[38;2;255;213;82m██[38;2;255;213;82m██[38;2;255;213;82m██[38;2;255;213;82m██[38;2;255;213;82m██[38;2;255;213;82m██[38;2;255;213;82m██[38;2;238;164;0m██[38;2;238;164;0m██[38;2;106;57;57m██[38;2;106;57;57m██[38;2;255;213;82m██[38;2;255;213;82m██[38;2;255;213;82m██[38;2;238;164;0m██[38;2;16;16;16m██[38;2;16;41;82m██[38;2;24;41;65m██[38;2;255;213;82m██[38;2;255;213;82m██[38;2;255;213;82m██[38;2;255;213;82m██[38;2;16;16;16m██[38;2;16;41;82m██[38;2;16;41;82m██[38;2;16;41;82m██[38;2;16;41;82m██[38;2;16;16;16m██                  
                    [38;2;106;57;57m██[38;2;255;213;82m██[38;2;255;213;82m██[38;2;255;213;82m██[38;2;255;213;82m██[38;2;16;16;16m██[38;2;16;65;98m██[38;2;24;41;65m██[38;2;156;115;24m██[38;2;16;16;16m██[38;2;255;213;82m██[38;2;255;213;82m██[38;2;255;213;82m██[38;2;255;213;82m██[38;2;255;213;82m██[38;2;255;213;82m██[38;2;255;213;82m██[38;2;255;213;82m██[38;2;255;213;82m██[38;2;255;213;82m██[38;2;255;213;82m██[38;2;255;213;82m██[38;2;255;213;82m██[38;2;255;213;82m██[38;2;255;213;82m██[38;2;238;164;0m██[38;2;238;164;0m██[38;2;16;16;16m██[38;2;255;213;82m██[38;2;255;213;82m██[38;2;255;213;82m██[38;2;255;213;82m██[38;2;255;213;82m██[38;2;106;57;57m██[38;2;16;41;82m██[38;2;24;41;65m██[38;2;238;164;0m██[38;2;255;213;82m██[38;2;255;213;82m██[38;2;255;213;82m██[38;2;255;213;82m██[38;2;16;16;16m██[38;2;16;41;82m██[38;2;16;41;82m██[38;2;16;16;16m██                    
                  [38;2;16;16;16m██[38;2;238;164;0m██[38;2;255;213;82m██[38;2;255;213;82m██[38;2;255;213;82m██[38;2;255;213;82m██[38;2;16;16;16m██[38;2;16;65;98m██[38;2;16;65;98m██[38;2;16;16;16m██[38;2;255;213;82m██[38;2;255;213;82m██[38;2;255;213;82m██[38;2;180;180;238m██[38;2;16;65;98m██[38;2;255;213;82m██[38;2;180;180;238m██[38;2;16;65;98m██[38;2;255;213;82m██[38;2;255;213;82m██[38;2;255;213;82m██[38;2;255;213;82m██[38;2;255;213;82m██[38;2;255;213;82m██[38;2;255;213;82m██[38;2;238;164;0m██[38;2;238;164;0m██[38;2;238;164;0m██[38;2;238;164;0m██[38;2;16;16;16m██[38;2;255;213;82m██[38;2;255;213;82m██[38;2;255;213;82m██[38;2;255;213;82m██[38;2;255;213;82m██[38;2;16;16;16m██[38;2;16;41;82m██[38;2;24;41;65m██[38;2;255;213;82m██[38;2;255;213;82m██[38;2;255;213;82m██[38;2;255;213;82m██[38;2;255;213;82m██[38;2;16;16;16m██[38;2;24;41;65m██                      
                [38;2;106;57;57m██[38;2;238;164;0m██[38;2;255;213;82m██[38;2;255;213;82m██[38;2;255;213;82m██[38;2;255;213;82m██[38;2;238;164;0m██[38;2;106;57;57m██[38;2;16;16;16m██[38;2;16;65;98m██[38;2;24;41;65m██[38;2;238;164;0m██[38;2;255;213;82m██[38;2;255;213;82m██[38;2;16;65;98m██[38;2;16;41;82m██[38;2;255;213;82m██[38;2;16;65;98m██[38;2;16;41;82m██[38;2;255;213;82m██[38;2;255;213;82m██[38;2;255;213;82m██[38;2;255;213;82m██[38;2;255;213;82m██[38;2;238;164;0m██[38;2;238;164;0m██[38;2;238;164;0m██[38;2;238;164;0m██[38;2;238;164;0m██[38;2;24;41;65m██[38;2;16;65;98m██[38;2;106;57;57m██[38;2;255;213;82m██[38;2;255;213;82m██[38;2;255;213;82m██[38;2;255;213;82m██[38;2;255;213;82m██[38;2;16;16;16m██[38;2;16;41;82m██[38;2;24;41;65m██[38;2;255;213;82m██[38;2;255;213;82m██[38;2;255;213;82m██[38;2;255;213;82m██[38;2;255;213;82m██[38;2;16;16;16m██                      
                [38;2;16;16;16m██[38;2;238;164;0m██[38;2;238;164;0m██[38;2;255;213;82m██[38;2;255;213;82m██[38;2;255;213;82m██[38;2;106;57;57m██  [38;2;24;41;65m██[38;2;24;41;65m██[38;2;180;180;238m██[38;2;16;65;98m██[38;2;255;213;82m██[38;2;255;213;82m██[38;2;255;213;82m██[38;2;255;213;82m██[38;2;255;213;82m██[38;2;255;213;82m██[38;2;255;213;82m██[38;2;255;213;82m██[38;2;255;213;82m██[38;2;238;164;0m██[38;2;16;41;82m██[38;2;16;41;82m██[38;2;16;41;82m██[38;2;238;164;0m██[38;2;238;164;0m██[38;2;238;164;0m██[38;2;238;164;0m██[38;2;24;41;65m██[38;2;16;65;98m██[38;2;16;16;16m██[38;2;255;213;82m██[38;2;255;213;82m██[38;2;255;213;82m██[38;2;255;213;82m██[38;2;255;213;82m██[38;2;16;16;16m██[38;2;24;41;65m██[38;2;106;57;57m██[38;2;238;164;0m██[38;2;255;213;82m██[38;2;255;213;82m██[38;2;255;213;82m██[38;2;255;213;82m██[38;2;238;164;0m██[38;2;16;16;16m██                    
              [38;2;16;16;16m██[38;2;238;164;0m██[38;2;238;164;0m██[38;2;238;164;0m██[38;2;238;164;0m██[38;2;238;164;0m██[38;2;106;57;57m██  [38;2;106;57;57m██[38;2;156;115;24m██[38;2;24;41;65m██[38;2;16;16;16m██[38;2;16;65;98m██[38;2;238;164;0m██[38;2;180;180;238m██[38;2;16;65;98m██[38;2;255;213;82m██[38;2;180;180;238m██[38;2;16;65;98m██[38;2;255;213;82m██[38;2;255;213;82m██[38;2;238;164;0m██[38;2;16;41;82m██[38;2;180;180;238m██[38;2;180;180;238m██[38;2;16;65;98m██[38;2;24;41;65m██[38;2;238;164;0m██[38;2;106;57;57m██[38;2;24;41;65m██[38;2;16;65;98m██[38;2;16;65;98m██[38;2;24;41;65m██[38;2;238;164;0m██[38;2;255;213;82m██[38;2;255;213;82m██[38;2;255;213;82m██[38;2;255;213;82m██[38;2;238;164;0m██[38;2;16;16;16m██  [38;2;106;57;57m██[38;2;255;213;82m██[38;2;255;213;82m██[38;2;255;213;82m██[38;2;238;164;0m██[38;2;238;164;0m██[38;2;238;164;0m██[38;2;106;57;57m██                  
          [38;2;16;16;16m██[38;2;106;57;57m██[38;2;238;164;0m██[38;2;238;164;0m██[38;2;238;164;0m██[38;2;238;164;0m██[38;2;238;164;0m██[38;2;238;164;0m██[38;2;16;16;16m██  [38;2;106;57;57m██[38;2;156;115;24m██[38;2;16;41;82m██[38;2;16;16;16m██[38;2;16;16;16m██[38;2;238;164;0m██[38;2;16;65;98m██[38;2;16;41;82m██[38;2;255;213;82m██[38;2;16;65;98m██[38;2;16;41;82m██[38;2;238;164;0m██[38;2;238;164;0m██[38;2;24;41;65m██[38;2;16;65;98m██[38;2;24;41;65m██[38;2;16;16;16m██[38;2;16;65;98m██[38;2;24;41;65m██[38;2;106;57;57m██[38;2;65;74;74m██[38;2;24;41;65m██[38;2;16;65;98m██[38;2;24;41;65m██[38;2;24;41;65m██[38;2;16;16;16m██[38;2;255;213;82m██[38;2;255;213;82m██[38;2;255;213;82m██[38;2;255;213;82m██[38;2;255;213;82m██[38;2;16;16;16m██    [38;2;106;57;57m██[38;2;238;164;0m██[38;2;238;164;0m██[38;2;238;164;0m██[38;2;238;164;0m██[38;2;238;164;0m██[38;2;238;164;0m██[38;2;106;57;57m██                
      [38;2;16;16;16m██[38;2;106;57;57m██[38;2;238;164;0m██[38;2;238;164;0m██[38;2;238;164;0m██[38;2;238;164;0m██[38;2;238;164;0m██[38;2;238;164;0m██[38;2;238;164;0m██[38;2;106;57;57m██  [38;2;106;57;57m██[38;2;156;115;24m██[38;2;156;115;24m██[38;2;156;115;24m██[38;2;24;41;65m██[38;2;156;115;24m██[38;2;238;164;0m██[38;2;238;164;0m██[38;2;238;164;0m██[38;2;238;164;0m██[38;2;238;164;0m██[38;2;238;164;0m██[38;2;238;164;0m██[38;2;106;57;57m██[38;2;24;41;65m██[38;2;16;65;98m██[38;2;16;16;16m██[38;2;24;41;65m██[38;2;16;41;82m██[38;2;24;41;65m██[38;2;65;74;74m██[38;2;24;41;65m██[38;2;16;41;82m██[38;2;16;41;82m██[38;2;16;16;16m██[38;2;16;41;82m██[38;2;16;16;16m██[38;2;238;164;0m██[38;2;255;213;82m██[38;2;255;213;82m██[38;2;255;213;82m██[38;2;255;213;82m██[38;2;255;213;82m██[38;2;16;16;16m██  [38;2;106;57;57m██[38;2;238;164;0m██[38;2;238;164;0m██[38;2;238;164;0m██[38;2;238;164;0m██[38;2;238;164;0m██[38;2;238;164;0m██[38;2;156;115;24m██[38;2;106;57;57m██[38;2;106;57;57m██            
    [38;2;16;16;16m██[38;2;238;164;0m██[38;2;238;164;0m██[38;2;238;164;0m██[38;2;238;164;0m██[38;2;238;164;0m██[38;2;238;164;0m██[38;2;238;164;0m██[38;2;238;164;0m██[38;2;238;164;0m██[38;2;16;16;16m██  [38;2;106;57;57m██[38;2;156;115;24m██[38;2;156;115;24m██[38;2;156;115;24m██[38;2;156;115;24m██[38;2;16;16;16m██[38;2;65;74;74m██[38;2;156;115;24m██[38;2;238;164;0m██[38;2;238;164;0m██[38;2;238;164;0m██[38;2;106;57;57m██[38;2;106;57;57m██[38;2;65;74;74m██[38;2;24;41;65m██[38;2;16;41;82m██[38;2;16;41;82m██[38;2;16;41;82m██[38;2;24;41;65m██[38;2;65;74;74m██[38;2;24;41;65m██[38;2;16;41;82m██[38;2;16;41;82m██[38;2;16;16;16m██[38;2;65;74;74m██[38;2;57;57;65m██  [38;2;16;16;16m██[38;2;255;213;82m██[38;2;255;213;82m██[38;2;255;213;82m██[38;2;255;213;82m██[38;2;255;213;82m██[38;2;255;213;82m██[38;2;16;16;16m██  [38;2;106;57;57m██[38;2;238;164;0m██[38;2;238;164;0m██[38;2;238;164;0m██[38;2;238;164;0m██[38;2;238;164;0m██[38;2;238;164;0m██[38;2;156;115;24m██[38;2;238;164;0m██[38;2;156;115;24m██[38;2;156;115;24m██        
    [38;2;16;16;16m██[38;2;238;164;0m██[38;2;238;164;0m██[38;2;238;164;0m██[38;2;238;164;0m██[38;2;238;164;0m██[38;2;238;164;0m██[38;2;238;164;0m██[38;2;238;164;0m██[38;2;238;164;0m██[38;2;16;16;16m██  [38;2;106;57;57m██[38;2;156;115;24m██[38;2;156;115;24m██[38;2;156;115;24m██[38;2;156;115;24m██[38;2;156;115;24m██[38;2;16;16;16m██[38;2;65;74;74m██[38;2;106;57;57m██[38;2;106;57;57m██[38;2;106;57;57m██[38;2;65;74;74m██[38;2;65;74;74m██[38;2;65;74;74m██[38;2;65;74;74m██[38;2;24;41;65m██[38;2;24;41;65m██[38;2;24;41;65m██[38;2;65;74;74m██[38;2;65;74;74m██[38;2;57;57;65m██[38;2;24;41;65m██[38;2;16;16;16m██[38;2;65;74;74m██[38;2;57;57;65m██    [38;2;16;16;16m██[38;2;238;164;0m██[38;2;255;213;82m██[38;2;255;213;82m██[38;2;255;213;82m██[38;2;255;213;82m██[38;2;255;213;82m██[38;2;238;164;0m██[38;2;16;16;16m██[38;2;16;16;16m██[38;2;238;164;0m██[38;2;238;164;0m██[38;2;238;164;0m██[38;2;238;164;0m██[38;2;238;164;0m██[38;2;238;164;0m██[38;2;238;164;0m██[38;2;238;164;0m██[38;2;238;164;0m██[38;2;238;164;0m██[38;2;156;115;24m██      
  [38;2;106;57;57m██[38;2;238;164;0m██[38;2;238;164;0m██[38;2;238;164;0m██[38;2;238;164;0m██[38;2;238;164;0m██[38;2;238;164;0m██[38;2;238;164;0m██[38;2;238;164;0m██[38;2;238;164;0m██[38;2;238;164;0m██[38;2;238;164;0m██[38;2;106;57;57m██  [38;2;106;57;57m██[38;2;156;115;24m██[38;2;156;115;24m██[38;2;156;115;24m██[38;2;156;115;24m██[38;2;156;115;24m██[38;2;16;16;16m██[38;2;16;16;16m██[38;2;65;74;74m██[38;2;65;74;74m██[38;2;65;74;74m██[38;2;65;74;74m██[38;2;65;74;74m██[38;2;65;74;74m██[38;2;65;74;74m██[38;2;65;74;74m██[38;2;65;74;74m██[38;2;65;74;74m██[38;2;65;74;74m██[38;2;65;74;74m██[38;2;65;74;74m██[38;2;57;57;65m██[38;2;57;57;65m██        [38;2;16;16;16m██[38;2;255;213;82m██[38;2;255;213;82m██[38;2;255;213;82m██[38;2;255;213;82m██[38;2;255;213;82m██[38;2;255;213;82m██[38;2;255;213;82m██[38;2;255;213;82m██[38;2;16;16;16m██[38;2;106;57;57m██[38;2;238;164;0m██[38;2;238;164;0m██[38;2;238;164;0m██[38;2;238;164;0m██[38;2;238;164;0m██[38;2;238;164;0m██[38;2;238;164;0m██[38;2;238;164;0m██[38;2;106;57;57m██      
  [38;2;106;57;57m██[38;2;238;164;0m██[38;2;238;164;0m██[38;2;238;164;0m██[38;2;238;164;0m██[38;2;238;164;0m██[38;2;238;164;0m██[38;2;238;164;0m██[38;2;238;164;0m██[38;2;238;164;0m██[38;2;238;164;0m██[38;2;238;164;0m██[38;2;106;57;57m██  [38;2;16;16;16m██[38;2;16;16;16m██[38;2;16;16;16m██[38;2;16;16;16m██[38;2;24;41;65m██[38;2;24;41;65m██[38;2;156;115;24m██[38;2;156;115;24m██[38;2;16;16;16m██[38;2;16;16;16m██[38;2;65;74;74m██[38;2;65;74;74m██[38;2;65;74;74m██[38;2;65;74;74m██[38;2;16;16;16m██[38;2;16;16;16m██[38;2;65;74;74m██[38;2;65;74;74m██[38;2;65;74;74m██[38;2;57;57;65m██[38;2;57;57;65m██            [38;2;16;16;16m██[38;2;106;57;57m██[38;2;255;213;82m██[38;2;255;213;82m██[38;2;255;213;82m██[38;2;255;213;82m██[38;2;255;213;82m██[38;2;255;213;82m██[38;2;255;213;82m██[38;2;255;213;82m██[38;2;238;164;0m██[38;2;106;57;57m██[38;2;238;164;0m██[38;2;238;164;0m██[38;2;238;164;0m██[38;2;238;164;0m██[38;2;238;164;0m██[38;2;238;164;0m██[38;2;238;164;0m██[38;2;238;164;0m██[38;2;106;57;57m██    
  [38;2;106;57;57m██[38;2;106;57;57m██[38;2;238;164;0m██[38;2;238;164;0m██[38;2;238;164;0m██[38;2;238;164;0m██[38;2;238;164;0m██[38;2;238;164;0m██[38;2;238;164;0m██[38;2;238;164;0m██[38;2;238;164;0m██[38;2;238;164;0m██[38;2;16;16;16m██[38;2;16;16;16m██[38;2;255;213;82m██[38;2;255;213;82m██[38;2;255;213;82m██[38;2;255;213;82m██[38;2;16;16;16m██[38;2;16;65;98m██[38;2;24;41;65m██[38;2;24;41;65m██[38;2;24;41;65m██[38;2;16;41;82m██[38;2;16;16;16m██[38;2;16;16;16m██[38;2;57;57;65m██[38;2;16;16;16m██[38;2;255;213;82m██[38;2;255;213;82m██[38;2;57;57;65m██[38;2;57;57;65m██[38;2;57;57;65m██                [38;2;106;57;57m██[38;2;255;213;82m██[38;2;255;213;82m██[38;2;255;213;82m██[38;2;255;213;82m██[38;2;255;213;82m██[38;2;255;213;82m██[38;2;255;213;82m██[38;2;255;213;82m██[38;2;255;213;82m██[38;2;255;213;82m██[38;2;16;16;16m██[38;2;238;164;0m██[38;2;238;164;0m██[38;2;238;164;0m██[38;2;238;164;0m██[38;2;238;164;0m██[38;2;238;164;0m██[38;2;238;164;0m██[38;2;16;16;16m██[38;2;106;57;57m██    
  [38;2;16;16;16m██[38;2;238;164;0m██[38;2;238;164;0m██[38;2;238;164;0m██[38;2;238;164;0m██[38;2;238;164;0m██[38;2;238;164;0m██[38;2;238;164;0m██[38;2;238;164;0m██[38;2;238;164;0m██[38;2;16;16;16m██[38;2;16;16;16m██[38;2;255;213;82m██[38;2;255;213;82m██[38;2;255;213;82m██[38;2;255;213;82m██[38;2;255;213;82m██[38;2;255;213;82m██[38;2;255;213;82m██[38;2;16;16;16m██[38;2;16;65;98m██[38;2;16;41;82m██[38;2;16;41;82m██[38;2;16;16;16m██[38;2;16;16;16m██    [38;2;16;16;16m██[38;2;255;213;82m██[38;2;255;213;82m██[38;2;106;57;57m██[38;2;24;41;65m██[38;2;24;41;65m██              [38;2;106;57;57m██[38;2;238;164;0m██[38;2;255;213;82m██[38;2;255;213;82m██[38;2;255;213;82m██[38;2;255;213;82m██[38;2;255;213;82m██[38;2;238;164;0m██[38;2;255;213;82m██[38;2;238;164;0m██[38;2;255;213;82m██[38;2;255;213;82m██[38;2;238;164;0m██[38;2;16;16;16m██[38;2;238;164;0m██[38;2;238;164;0m██[38;2;238;164;0m██[38;2;238;164;0m██[38;2;238;164;0m██[38;2;238;164;0m██[38;2;238;164;0m██[38;2;16;16;16m██[38;2;16;16;16m██  
[38;2;16;16;16m██[38;2;238;164;0m██[38;2;238;164;0m██[38;2;238;164;0m██[38;2;238;164;0m██[38;2;238;164;0m██[38;2;238;164;0m██[38;2;238;164;0m██[38;2;238;164;0m██[38;2;238;164;0m██[38;2;16;16;16m██[38;2;255;213;82m██[38;2;255;213;82m██[38;2;255;213;82m██[38;2;255;213;82m██[38;2;255;213;82m██[38;2;255;213;82m██[38;2;255;213;82m██[38;2;255;213;82m██[38;2;238;164;0m██[38;2;16;16;16m██[38;2;16;16;16m██[38;2;16;16;16m██[38;2;16;16;16m██      [38;2;16;16;16m██[38;2;255;213;82m██[38;2;255;213;82m██[38;2;255;213;82m██[38;2;255;213;82m██[38;2;24;41;65m██                [38;2;16;16;16m██[38;2;238;164;0m██[38;2;238;164;0m██[38;2;255;213;82m██[38;2;255;213;82m██[38;2;255;213;82m██[38;2;238;164;0m██[38;2;255;213;82m██[38;2;238;164;0m██[38;2;255;213;82m██[38;2;238;164;0m██[38;2;238;164;0m██[38;2;238;164;0m██[38;2;16;16;16m██[38;2;238;164;0m██[38;2;238;164;0m██[38;2;238;164;0m██[38;2;238;164;0m██[38;2;238;164;0m██[38;2;238;164;0m██[38;2;238;164;0m██[38;2;238;164;0m██[38;2;238;164;0m██[38;2;106;57;57m██
[38;2;16;16;16m██[38;2;16;16;16m██[38;2;106;57;57m██[38;2;238;164;0m██[38;2;238;164;0m██[38;2;16;16;16m██[38;2;238;164;0m██[38;2;238;164;0m██[38;2;238;164;0m██[38;2;16;16;16m██[38;2;255;213;82m██[38;2;255;213;82m██[38;2;255;213;82m██[38;2;255;213;82m██[38;2;255;213;82m██[38;2;255;213;82m██[38;2;255;213;82m██[38;2;255;213;82m██[38;2;238;164;0m██[38;2;16;16;16m██              [38;2;16;16;16m██[38;2;255;213;82m██[38;2;255;213;82m██[38;2;255;213;82m██[38;2;255;213;82m██[38;2;106;57;57m██                [38;2;16;16;16m██[38;2;238;164;0m██[38;2;238;164;0m██[38;2;238;164;0m██[38;2;238;164;0m██[38;2;255;213;82m██[38;2;255;213;82m██[38;2;238;164;0m██[38;2;255;213;82m██[38;2;238;164;0m██[38;2;238;164;0m██[38;2;238;164;0m██[38;2;156;115;24m██[38;2;106;57;57m██[38;2;238;164;0m██[38;2;238;164;0m██[38;2;238;164;0m██[38;2;16;16;16m██[38;2;238;164;0m██[38;2;238;164;0m██[38;2;16;16;16m██[38;2;106;57;57m██[38;2;16;16;16m██[38;2;16;16;16m██
    [38;2;16;16;16m██[38;2;238;164;0m██[38;2;16;16;16m██[38;2;16;41;82m██[38;2;106;57;57m██[38;2;238;164;0m██[38;2;16;16;16m██[38;2;16;16;16m██[38;2;238;164;0m██[38;2;255;213;82m██[38;2;255;213;82m██[38;2;255;213;82m██[38;2;255;213;82m██[38;2;238;164;0m██[38;2;238;164;0m██[38;2;106;57;57m██[38;2;238;164;0m██[38;2;16;16;16m██              [38;2;16;16;16m██[38;2;255;213;82m██[38;2;255;213;82m██[38;2;255;213;82m██[38;2;255;213;82m██[38;2;106;57;57m██                  [38;2;16;16;16m██[38;2;238;164;0m██[38;2;238;164;0m██[38;2;238;164;0m██[38;2;238;164;0m██[38;2;238;164;0m██[38;2;238;164;0m██[38;2;238;164;0m██[38;2;238;164;0m██[38;2;238;164;0m██[38;2;238;164;0m██[38;2;106;57;57m██[38;2;238;164;0m██[38;2;16;16;16m██[38;2;238;164;0m██[38;2;16;16;16m██[38;2;16;41;82m██[38;2;16;16;16m██[38;2;238;164;0m██[38;2;24;41;65m██      
    [38;2;16;16;16m██[38;2;16;16;16m██[38;2;16;41;82m██[38;2;16;41;82m██[38;2;106;57;57m██[38;2;16;16;16m██[38;2;238;164;0m██[38;2;238;164;0m██[38;2;238;164;0m██[38;2;238;164;0m██[38;2;238;164;0m██[38;2;238;164;0m██[38;2;238;164;0m██[38;2;16;16;16m██[38;2;238;164;0m██[38;2;106;57;57m██[38;2;16;16;16m██              [38;2;106;57;57m██[38;2;255;213;82m██[38;2;255;213;82m██[38;2;255;213;82m██[38;2;255;213;82m██[38;2;255;213;82m██[38;2;255;213;82m██[38;2;106;57;57m██                [38;2;16;16;16m██[38;2;238;164;0m██[38;2;238;164;0m██[38;2;238;164;0m██[38;2;238;164;0m██[38;2;238;164;0m██[38;2;238;164;0m██[38;2;238;164;0m██[38;2;238;164;0m██[38;2;238;164;0m██[38;2;238;164;0m██[38;2;238;164;0m██[38;2;238;164;0m██[38;2;16;16;16m██[38;2;106;57;57m██[38;2;16;16;16m██[38;2;16;41;82m██[38;2;16;41;82m██[38;2;106;57;57m██[38;2;24;41;65m██      
        [38;2;16;41;82m██[38;2;16;41;82m██[38;2;16;41;82m██[38;2;16;16;16m██[38;2;16;16;16m██[38;2;238;164;0m██[38;2;238;164;0m██[38;2;238;164;0m██[38;2;238;164;0m██[38;2;238;164;0m██[38;2;16;16;16m██  [38;2;16;16;16m██                  [38;2;106;57;57m██[38;2;255;213;82m██[38;2;255;213;82m██[38;2;255;213;82m██[38;2;255;213;82m██[38;2;255;213;82m██[38;2;255;213;82m██[38;2;106;57;57m██              [38;2;106;57;57m██[38;2;238;164;0m██[38;2;238;164;0m██[38;2;238;164;0m██[38;2;238;164;0m██[38;2;238;164;0m██[38;2;238;164;0m██[38;2;238;164;0m██[38;2;106;57;57m██[38;2;238;164;0m██[38;2;238;164;0m██[38;2;238;164;0m██[38;2;106;57;57m██[38;2;16;16;16m██[38;2;16;16;16m██  [38;2;24;41;65m██[38;2;16;65;98m██[38;2;16;65;98m██[38;2;24;41;65m██        
        [38;2;16;16;16m██[38;2;16;41;82m██[38;2;16;41;82m██  [38;2;106;57;57m██[38;2;238;164;0m██[38;2;238;164;0m██[38;2;106;57;57m██[38;2;238;164;0m██[38;2;106;57;57m██                        [38;2;106;57;57m██[38;2;255;213;82m██[38;2;255;213;82m██[38;2;255;213;82m██[38;2;255;213;82m██[38;2;255;213;82m██[38;2;238;164;0m██[38;2;16;16;16m██              [38;2;16;16;16m██[38;2;16;16;16m██[38;2;106;57;57m██[38;2;238;164;0m██[38;2;238;164;0m██[38;2;238;164;0m██[38;2;16;16;16m██[38;2;238;164;0m██[38;2;16;16;16m██[38;2;16;16;16m██[38;2;238;164;0m██[38;2;238;164;0m██[38;2;16;16;16m██        [38;2;24;41;65m██[38;2;16;65;98m██[38;2;24;41;65m██        
          [38;2;16;16;16m██[38;2;16;16;16m██  [38;2;16;16;16m██[38;2;238;164;0m██[38;2;238;164;0m██[38;2;16;16;16m██[38;2;238;164;0m██[38;2;16;16;16m██                        [38;2;16;16;16m██[38;2;238;164;0m██[38;2;255;213;82m██[38;2;255;213;82m██[38;2;255;213;82m██[38;2;238;164;0m██[38;2;238;164;0m██[38;2;16;16;16m██                  [38;2;16;16;16m██[38;2;238;164;0m██[38;2;238;164;0m██[38;2;106;57;57m██[38;2;24;41;65m██[38;2;16;16;16m██[38;2;16;41;82m██[38;2;16;41;82m██[38;2;24;41;65m██[38;2;238;164;0m██[38;2;16;16;16m██        [38;2;16;16;16m██[38;2;16;16;16m██          
                [38;2;16;16;16m██[38;2;238;164;0m██[38;2;16;16;16m██  [38;2;16;16;16m██                          [38;2;16;16;16m██[38;2;238;164;0m██[38;2;238;164;0m██[38;2;238;164;0m██[38;2;238;164;0m██[38;2;238;164;0m██[38;2;238;164;0m██[38;2;16;16;16m██                    [38;2;16;16;16m██[38;2;238;164;0m██[38;2;16;16;16m██[38;2;24;41;65m██[38;2;16;41;82m██[38;2;16;41;82m██[38;2;16;41;82m██[38;2;16;41;82m██[38;2;16;16;16m██[38;2;16;16;16m██                      
                [38;2;106;57;57m██[38;2;16;16;16m██                                  [38;2;16;16;16m██[38;2;238;164;0m██[38;2;238;164;0m██[38;2;238;164;0m██[38;2;238;164;0m██[38;2;238;164;0m██[38;2;16;16;16m██                    [38;2;16;16;16m██[38;2;16;16;16m██    [38;2;24;41;65m██[38;2;16;65;98m██[38;2;16;65;98m██[38;2;16;65;98m██[38;2;16;16;16m██                        
                                                      [38;2;16;16;16m██[38;2;238;164;0m██[38;2;238;164;0m██[38;2;238;164;0m██[38;2;238;164;0m██[38;2;238;164;0m██[38;2;16;16;16m██                            [38;2;24;41;65m██[38;2;16;65;98m██[38;2;16;65;98m██[38;2;16;16;16m██                          
                                                    [38;2;106;57;57m██[38;2;238;164;0m██[38;2;238;164;0m██[38;2;238;164;0m██[38;2;238;164;0m██[38;2;106;57;57m██[38;2;238;164;0m██[38;2;16;16;16m██                              [38;2;24;41;65m██[38;2;16;65;98m██[38;2;24;41;65m██                          
                                                    [38;2;106;57;57m██[38;2;238;164;0m██[38;2;16;16;16m██[38;2;238;164;0m██[38;2;238;164;0m██[38;2;16;16;16m██[38;2;16;16;16m██                                [38;2;16;16;16m██[38;2;16;16;16m██                            
                                                    [38;2;106;57;57m██[38;2;16;16;16m██[38;2;16;16;16m██[38;2;106;57;57m██[38;2;238;164;0m██[38;2;16;16;16m██                                                                  
                                                          [38;2;16;16;16m██[38;2;16;16;16m██[38;2;16;16;16m██                                                                  
