                                        [38;2;172;139;90m██[38;2;0;0;0m██[38;2;0;0;0m██              
                      [38;2;131;115;98m██[38;2;131;115;98m██          [38;2;172;139;90m██[38;2;172;139;90m██[38;2;255;255;255m██[38;2;255;255;255m██[38;2;0;0;0m██              
                [38;2;131;115;98m██  [38;2;131;115;98m██[38;2;246;238;213m██[38;2;131;115;98m██[38;2;131;115;98m██    [38;2;172;139;90m██[38;2;172;139;90m██[38;2;255;255;255m██[38;2;255;255;255m██[38;2;255;255;255m██[38;2;172;139;90m██                
              [38;2;131;115;98m██[38;2;246;238;213m██[38;2;82;74;57m██[38;2;246;238;213m██[38;2;246;238;213m██[38;2;189;180;156m██[38;2;246;238;213m██[38;2;131;115;98m██[38;2;172;139;90m██[38;2;255;255;255m██[38;2;255;255;255m██[38;2;255;255;255m██[38;2;255;255;255m██[38;2;255;255;255m██[38;2;0;0;0m██                
              [38;2;131;115;98m██[38;2;246;238;213m██[38;2;131;115;98m██[38;2;246;238;213m██[38;2;246;238;213m██[38;2;246;238;213m██[38;2;246;238;213m██[38;2;131;115;98m██[38;2;255;255;255m██[38;2;255;255;255m██[38;2;255;255;255m██[38;2;255;255;255m██[38;2;255;255;255m██[38;2;0;0;0m██[38;2;131;115;98m██[38;2;131;115;98m██[38;2;131;115;98m██            
          [38;2;82;74;57m██[38;2;131;115;98m██[38;2;189;180;156m██[38;2;246;238;213m██[38;2;246;238;213m██[38;2;246;238;213m██[38;2;246;238;213m██[38;2;246;238;213m██[38;2;172;139;90m██[38;2;255;255;255m██[38;2;255;255;255m██[38;2;255;255;255m██[38;2;255;255;255m██[38;2;255;255;255m██[38;2;255;255;255m██[38;2;0;0;0m██[38;2;246;238;213m██[38;2;246;238;213m██[38;2;0;0;0m██            
        [38;2;131;115;98m██[38;2;246;238;213m██[38;2;189;180;156m██[38;2;189;180;156m██[38;2;246;238;213m██[38;2;246;238;213m██[38;2;246;238;213m██[38;2;246;238;213m██[38;2;246;238;213m██[38;2;172;139;90m██[38;2;255;255;255m██[38;2;230;106;41m██[38;2;255;255;255m██[38;2;255;255;255m██[38;2;255;255;255m██[38;2;0;0;0m██[38;2;246;238;213m██[38;2;246;238;213m██[38;2;189;180;156m██[38;2;0;0;0m██[38;2;0;0;0m██[38;2;0;0;0m██        
        [38;2;131;115;98m██[38;2;246;238;213m██[38;2;246;238;213m██[38;2;246;238;213m██[38;2;246;238;213m██[38;2;246;238;213m██[38;2;246;238;213m██[38;2;246;238;213m██[38;2;172;139;90m██[38;2;255;255;255m██[38;2;246;123;49m██[38;2;246;123;49m██[38;2;255;255;255m██[38;2;255;255;255m██[38;2;0;0;0m██[38;2;246;238;213m██[38;2;246;238;213m██[38;2;189;180;156m██[38;2;131;115;98m██[38;2;246;238;213m██[38;2;246;238;213m██[38;2;246;238;213m██[38;2;0;0;0m██      
    [38;2;131;115;98m██[38;2;131;115;98m██[38;2;189;180;156m██[38;2;189;180;156m██[38;2;246;238;213m██[38;2;246;238;213m██[38;2;246;238;213m██[38;2;246;238;213m██[38;2;246;238;213m██[38;2;246;238;213m██[38;2;230;106;41m██[38;2;255;255;255m██[38;2;246;123;49m██[38;2;246;123;49m██[38;2;255;255;255m██[38;2;246;123;49m██[38;2;0;0;0m██[38;2;246;238;213m██[38;2;246;238;213m██[38;2;246;238;213m██[38;2;246;238;213m██[38;2;246;238;213m██[38;2;246;238;213m██[38;2;0;0;0m██        
    [38;2;131;115;98m██[38;2;246;238;213m██[38;2;189;180;156m██[38;2;246;238;213m██[38;2;246;238;213m██[38;2;246;238;213m██[38;2;246;238;213m██[38;2;246;238;213m██[38;2;246;238;213m██[38;2;246;238;213m██[38;2;230;106;41m██[38;2;246;123;49m██[38;2;246;123;49m██[38;2;246;123;49m██[38;2;246;123;49m██[38;2;0;0;0m██[38;2;246;238;213m██[38;2;246;238;213m██[38;2;246;238;213m██[38;2;246;238;213m██[38;2;246;238;213m██[38;2;246;238;213m██[38;2;189;180;156m██[38;2;131;115;98m██[38;2;0;0;0m██[38;2;0;0;0m██    
    [38;2;131;115;98m██[38;2;246;238;213m██[38;2;246;238;213m██[38;2;246;238;213m██[38;2;246;238;213m██[38;2;246;238;213m██[38;2;246;238;213m██[38;2;246;238;213m██[38;2;246;238;213m██[38;2;246;238;213m██[38;2;230;106;41m██[38;2;246;123;49m██[38;2;246;123;49m██[38;2;246;123;49m██[38;2;0;0;0m██[38;2;246;238;213m██[38;2;246;238;213m██[38;2;246;238;213m██[38;2;246;238;213m██[38;2;246;238;213m██[38;2;246;238;213m██[38;2;246;238;213m██[38;2;246;238;213m██[38;2;246;238;213m██[38;2;246;238;213m██[38;2;246;238;213m██[38;2;0;0;0m██  
    [38;2;131;115;98m██[38;2;189;180;156m██[38;2;246;238;213m██[38;2;246;238;213m██[38;2;246;238;213m██[38;2;246;238;213m██[38;2;246;238;213m██[38;2;246;238;213m██[38;2;246;238;213m██[38;2;246;238;213m██[38;2;246;123;49m██[38;2;246;123;49m██[38;2;246;123;49m██[38;2;230;106;41m██[38;2;0;0;0m██[38;2;246;238;213m██[38;2;246;238;213m██[38;2;246;238;213m██[38;2;246;238;213m██[38;2;246;238;213m██[38;2;246;238;213m██[38;2;246;238;213m██[38;2;246;238;213m██[38;2;189;180;156m██[38;2;246;238;213m██[38;2;82;74;57m██    
  [38;2;131;115;98m██[38;2;246;238;213m██[38;2;246;238;213m██[38;2;246;238;213m██[38;2;246;238;213m██[38;2;246;238;213m██[38;2;246;238;213m██[38;2;246;238;213m██[38;2;246;238;213m██[38;2;246;238;213m██[38;2;246;238;213m██[38;2;246;123;49m██[38;2;246;123;49m██[38;2;246;123;49m██[38;2;0;0;0m██[38;2;246;238;213m██[38;2;246;238;213m██[38;2;246;238;213m██[38;2;246;238;213m██[38;2;246;238;213m██[38;2;246;238;213m██[38;2;246;238;213m██[38;2;246;238;213m██[38;2;246;238;213m██[38;2;246;238;213m██[38;2;131;115;98m██[38;2;0;0;0m██    
[38;2;131;115;98m██[38;2;131;115;98m██[38;2;189;180;156m██[38;2;246;238;213m██[38;2;246;238;213m██[38;2;246;238;213m██[38;2;156;90;41m██[38;2;189;180;156m██[38;2;246;238;213m██[38;2;246;238;213m██[38;2;246;238;213m██[38;2;172;139;90m██[38;2;246;123;49m██[38;2;246;123;49m██[38;2;0;0;0m██[38;2;172;139;90m██[38;2;246;238;213m██[38;2;246;238;213m██[38;2;246;238;213m██[38;2;246;238;213m██[38;2;246;238;213m██[38;2;246;238;213m██[38;2;246;238;213m██[38;2;246;238;213m██[38;2;246;238;213m██[38;2;246;238;213m██[38;2;246;238;213m██[38;2;246;238;213m██[38;2;0;0;0m██  
[38;2;131;115;98m██[38;2;246;238;213m██[38;2;246;238;213m██[38;2;246;238;213m██[38;2;246;238;213m██[38;2;246;238;213m██[38;2;172;139;90m██[38;2;172;139;90m██[38;2;172;139;90m██[38;2;246;238;213m██[38;2;189;180;156m██[38;2;156;90;41m██[38;2;246;123;49m██[38;2;230;106;41m██[38;2;156;90;41m██[38;2;172;139;90m██[38;2;246;238;213m██[38;2;246;238;213m██[38;2;246;238;213m██[38;2;246;238;213m██[38;2;246;238;213m██[38;2;246;238;213m██[38;2;246;238;213m██[38;2;246;238;213m██[38;2;246;238;213m██[38;2;246;238;213m██[38;2;246;238;213m██[38;2;246;238;213m██[38;2;246;238;213m██[38;2;0;0;0m██
  [38;2;131;115;98m██[38;2;246;238;213m██[38;2;246;238;213m██[38;2;246;238;213m██[38;2;246;238;213m██[38;2;172;139;90m██[38;2;172;139;90m██[38;2;172;139;90m██[38;2;156;90;41m██[38;2;172;139;90m██[38;2;156;90;41m██[38;2;230;106;41m██[38;2;0;0;0m██[38;2;172;139;90m██[38;2;172;139;90m██[38;2;246;238;213m██[38;2;246;238;213m██[38;2;246;238;213m██[38;2;246;238;213m██[38;2;246;238;213m██[38;2;246;238;213m██[38;2;246;238;213m██[38;2;246;238;213m██[38;2;246;238;213m██[38;2;246;238;213m██[38;2;246;238;213m██[38;2;189;180;156m██[38;2;131;115;98m██[38;2;0;0;0m██
  [38;2;82;74;57m██[38;2;131;115;98m██[38;2;246;238;213m██[38;2;156;90;41m██[38;2;246;238;213m██[38;2;156;90;41m██[38;2;189;180;156m██[38;2;255;255;255m██[38;2;189;180;156m██[38;2;172;139;90m██[38;2;172;139;90m██[38;2;0;0;0m██[38;2;172;139;90m██[38;2;172;139;90m██[38;2;172;139;90m██[38;2;156;90;41m██[38;2;172;139;90m██[38;2;172;139;90m██[38;2;172;139;90m██[38;2;156;90;41m██[38;2;246;238;213m██[38;2;246;238;213m██[38;2;246;238;213m██[38;2;246;238;213m██[38;2;246;238;213m██[38;2;246;238;213m██[38;2;246;238;213m██[38;2;82;74;57m██  
  [38;2;131;115;98m██[38;2;246;238;213m██[38;2;246;238;213m██[38;2;172;139;90m██[38;2;172;139;90m██[38;2;189;180;156m██[38;2;255;255;255m██[38;2;131;57;32m██[38;2;255;255;255m██[38;2;172;139;90m██[38;2;172;139;90m██[38;2;172;139;90m██[38;2;172;139;90m██[38;2;172;139;90m██[38;2;172;139;90m██[38;2;172;139;90m██[38;2;172;139;90m██[38;2;172;139;90m██[38;2;172;139;90m██[38;2;246;238;213m██[38;2;246;238;213m██[38;2;246;238;213m██[38;2;246;238;213m██[38;2;246;238;213m██[38;2;246;238;213m██[38;2;246;238;213m██[38;2;246;238;213m██[38;2;246;238;213m██[38;2;0;0;0m██
[38;2;131;115;98m██[38;2;246;238;213m██[38;2;246;238;213m██[38;2;246;238;213m██[38;2;172;139;90m██[38;2;172;139;90m██[38;2;255;255;255m██[38;2;0;0;0m██[38;2;172;139;90m██[38;2;0;0;0m██[38;2;172;139;90m██[38;2;156;90;41m██[38;2;172;139;90m██[38;2;172;139;90m██[38;2;172;139;90m██[38;2;255;255;255m██[38;2;255;255;255m██[38;2;189;180;156m██[38;2;172;139;90m██[38;2;246;238;213m██[38;2;246;238;213m██[38;2;246;238;213m██[38;2;246;238;213m██[38;2;246;238;213m██[38;2;246;238;213m██[38;2;246;238;213m██[38;2;246;238;213m██[38;2;131;115;98m██[38;2;0;0;0m██  
  [38;2;131;115;98m██[38;2;189;180;156m██[38;2;246;238;213m██[38;2;189;180;156m██[38;2;172;139;90m██[38;2;246;238;213m██[38;2;0;0;0m██[38;2;255;255;255m██[38;2;0;0;0m██[38;2;156;90;41m██[38;2;238;230;90m██[38;2;156;90;41m██[38;2;172;139;90m██[38;2;255;255;255m██[38;2;0;0;0m██[38;2;0;0;0m██[38;2;255;255;255m██[38;2;156;90;41m██[38;2;246;238;213m██[38;2;246;238;213m██[38;2;246;238;213m██[38;2;246;238;213m██[38;2;246;238;213m██[38;2;246;238;213m██[38;2;189;180;156m██[38;2;246;238;213m██[38;2;246;238;213m██[38;2;246;238;213m██[38;2;0;0;0m██
    [38;2;82;74;57m██[38;2;189;180;156m██[38;2;246;238;213m██[38;2;172;139;90m██[38;2;189;180;156m██[38;2;0;0;0m██[38;2;131;57;32m██[38;2;0;0;0m██[38;2;238;230;90m██[38;2;238;230;90m██[38;2;156;90;41m██[38;2;255;255;255m██[38;2;0;0;0m██[38;2;255;255;255m██[38;2;0;0;0m██[38;2;255;255;255m██[38;2;172;139;90m██[38;2;172;139;90m██[38;2;246;238;213m██[38;2;246;238;213m██[38;2;246;238;213m██[38;2;246;238;213m██[38;2;246;238;213m██[38;2;246;238;213m██[38;2;189;180;156m██[38;2;131;115;98m██[38;2;0;0;0m██  
  [38;2;131;115;98m██[38;2;246;238;213m██[38;2;246;238;213m██[38;2;246;238;213m██[38;2;156;90;41m██[38;2;172;139;90m██[38;2;82;74;57m██[38;2;131;115;98m██[38;2;238;230;90m██[38;2;238;230;90m██[38;2;238;230;90m██[38;2;172;139;90m██[38;2;255;255;255m██[38;2;0;0;0m██[38;2;172;139;90m██[38;2;131;57;32m██[38;2;255;255;255m██[38;2;172;139;90m██[38;2;172;139;90m██[38;2;156;90;41m██[38;2;246;238;213m██[38;2;246;238;213m██[38;2;246;238;213m██[38;2;246;238;213m██[38;2;246;238;213m██[38;2;246;238;213m██[38;2;0;0;0m██    
    [38;2;82;74;57m██[38;2;246;238;213m██[38;2;246;238;213m██[38;2;189;180;156m██[38;2;82;74;57m██[38;2;238;230;90m██[38;2;238;230;90m██[38;2;238;230;90m██[38;2;238;230;90m██[38;2;131;115;98m██[38;2;238;230;90m██[38;2;82;74;57m██[38;2;0;0;0m██[38;2;0;0;0m██[38;2;255;255;255m██[38;2;172;139;90m██[38;2;172;139;90m██[38;2;172;139;90m██[38;2;246;238;213m██[38;2;246;238;213m██[38;2;246;238;213m██[38;2;246;238;213m██[38;2;131;115;98m██[38;2;246;238;213m██[38;2;246;238;213m██[38;2;0;0;0m██    
      [38;2;82;74;57m██[38;2;131;115;98m██[38;2;246;238;213m██[38;2;82;74;57m██[38;2;238;230;90m██[38;2;238;230;90m██[38;2;238;230;90m██[38;2;238;230;90m██[38;2;238;230;90m██[38;2;238;230;90m██[38;2;238;230;90m██[38;2;82;74;57m██[38;2;156;90;41m██[38;2;172;139;90m██[38;2;172;139;90m██[38;2;156;90;41m██[38;2;246;238;213m██[38;2;246;238;213m██[38;2;246;238;213m██[38;2;246;238;213m██[38;2;246;238;213m██[38;2;246;238;213m██[38;2;131;115;98m██[38;2;131;115;98m██      
      [38;2;82;74;57m██[38;2;246;238;213m██[38;2;246;238;213m██[38;2;246;238;213m██[38;2;82;74;57m██[38;2;238;230;90m██[38;2;238;230;90m██[38;2;238;230;90m██[38;2;131;115;98m██[38;2;82;74;57m██[38;2;189;197;57m██[38;2;0;0;0m██[38;2;189;180;156m██[38;2;156;90;41m██[38;2;189;180;156m██[38;2;246;238;213m██[38;2;246;238;213m██[38;2;246;238;213m██[38;2;246;238;213m██[38;2;189;180;156m██[38;2;131;115;98m██[38;2;246;238;213m██[38;2;246;238;213m██[38;2;0;0;0m██      
        [38;2;82;74;57m██[38;2;131;115;98m██[38;2;189;180;156m██[38;2;246;238;213m██[38;2;131;115;98m██[38;2;238;230;90m██[38;2;82;74;57m██[38;2;189;197;57m██[38;2;189;197;57m██[38;2;82;74;57m██[38;2;189;180;156m██[38;2;189;180;156m██[38;2;189;180;156m██[38;2;246;238;213m██[38;2;246;238;213m██[38;2;246;238;213m██[38;2;246;238;213m██[38;2;246;238;213m██[38;2;246;238;213m██[38;2;246;238;213m██[38;2;131;115;98m██[38;2;0;0;0m██[38;2;0;0;0m██      
      [38;2;131;115;98m██[38;2;189;180;156m██[38;2;246;238;213m██[38;2;246;238;213m██[38;2;246;238;213m██[38;2;246;238;213m██[38;2;0;0;0m██[38;2;131;115;98m██[38;2;82;74;57m██[38;2;82;74;57m██[38;2;189;180;156m██[38;2;189;180;156m██[38;2;189;180;156m██[38;2;189;180;156m██[38;2;246;238;213m██[38;2;246;238;213m██[38;2;189;180;156m██[38;2;131;115;98m██[38;2;246;238;213m██[38;2;131;115;98m██[38;2;0;0;0m██[38;2;0;0;0m██          
    [38;2;131;115;98m██[38;2;246;238;213m██[38;2;246;238;213m██[38;2;246;238;213m██[38;2;246;238;213m██[38;2;246;238;213m██[38;2;246;238;213m██[38;2;246;238;213m██[38;2;246;238;213m██[38;2;189;180;156m██[38;2;189;180;156m██[38;2;189;180;156m██[38;2;189;180;156m██[38;2;189;180;156m██[38;2;246;238;213m██[38;2;246;238;213m██[38;2;246;238;213m██[38;2;246;238;213m██[38;2;189;180;156m██[38;2;82;74;57m██[38;2;0;0;0m██              
    [38;2;131;115;98m██[38;2;131;115;98m██[38;2;131;115;98m██[38;2;246;238;213m██[38;2;246;238;213m██[38;2;189;180;156m██[38;2;246;238;213m██[38;2;246;238;213m██[38;2;246;238;213m██[38;2;246;238;213m██[38;2;246;238;213m██[38;2;246;238;213m██[38;2;246;238;213m██[38;2;246;238;213m██[38;2;246;238;213m██[38;2;246;238;213m██[38;2;246;238;213m██[38;2;246;238;213m██[38;2;246;238;213m██[38;2;246;238;213m██[38;2;0;0;0m██[38;2;82;74;57m██[38;2;82;74;57m██[38;2;82;74;57m██        
      [38;2;82;74;57m██[38;2;246;238;213m██[38;2;246;238;213m██[38;2;131;115;98m██[38;2;246;238;213m██[38;2;246;238;213m██[38;2;246;238;213m██[38;2;246;238;213m██[38;2;246;238;213m██[38;2;246;238;213m██[38;2;246;238;213m██[38;2;246;238;213m██[38;2;246;238;213m██[38;2;246;238;213m██[38;2;246;238;213m██[38;2;246;238;213m██[38;2;189;180;156m██[38;2;131;115;98m██[38;2;246;238;213m██[38;2;246;238;213m██[38;2;0;0;0m██[38;2;189;180;156m██[38;2;189;180;156m██[38;2;131;115;98m██[38;2;82;74;57m██    
      [38;2;131;57;32m██[38;2;0;0;0m██[38;2;82;74;57m██[38;2;131;115;98m██[38;2;246;238;213m██[38;2;189;180;156m██[38;2;246;238;213m██[38;2;246;238;213m██[38;2;189;180;156m██[38;2;246;238;213m██[38;2;246;238;213m██[38;2;189;180;156m██[38;2;246;238;213m██[38;2;246;238;213m██[38;2;189;180;156m██[38;2;246;238;213m██[38;2;246;238;213m██[38;2;0;0;0m██[38;2;131;115;98m██[38;2;0;0;0m██[38;2;0;0;0m██[38;2;131;115;98m██[38;2;131;115;98m██[38;2;189;180;156m██[38;2;189;180;156m██[38;2;0;0;0m██  
    [38;2;131;57;32m██[38;2;172;139;90m██[38;2;156;90;41m██[38;2;172;139;90m██[38;2;82;74;57m██[38;2;246;238;213m██[38;2;82;74;57m██[38;2;246;238;213m██[38;2;246;238;213m██[38;2;131;115;98m██[38;2;246;238;213m██[38;2;246;238;213m██[38;2;131;115;98m██[38;2;246;238;213m██[38;2;246;238;213m██[38;2;131;115;98m██[38;2;82;74;57m██[38;2;0;0;0m██[38;2;0;0;0m██[38;2;172;139;90m██[38;2;156;90;41m██[38;2;0;0;0m██[38;2;189;180;156m██[38;2;189;180;156m██[38;2;189;180;156m██[38;2;189;180;156m██[38;2;189;180;156m██[38;2;0;0;0m██
    [38;2;131;57;32m██[38;2;172;139;90m██[38;2;131;57;32m██[38;2;172;139;90m██[38;2;172;139;90m██[38;2;82;74;57m██[38;2;172;139;90m██[38;2;82;74;57m██[38;2;246;238;213m██[38;2;0;0;0m██[38;2;0;0;0m██[38;2;246;238;213m██[38;2;131;115;98m██[38;2;131;115;98m██[38;2;0;0;0m██[38;2;0;0;0m██[38;2;172;139;90m██[38;2;172;139;90m██[38;2;172;139;90m██[38;2;172;139;90m██[38;2;156;90;41m██[38;2;131;57;32m██[38;2;189;180;156m██[38;2;189;180;156m██[38;2;189;180;156m██[38;2;189;180;156m██[38;2;189;180;156m██[38;2;0;0;0m██
    [38;2;131;57;32m██[38;2;156;90;41m██[38;2;131;57;32m██[38;2;172;139;90m██[38;2;172;139;90m██[38;2;172;139;90m██[38;2;172;139;90m██[38;2;172;139;90m██[38;2;82;74;57m██[38;2;172;139;90m██[38;2;172;139;90m██[38;2;0;0;0m██[38;2;0;0;0m██[38;2;156;90;41m██[38;2;172;139;90m██[38;2;172;139;90m██[38;2;172;139;90m██[38;2;172;139;90m██[38;2;172;139;90m██[38;2;156;90;41m██[38;2;156;90;41m██[38;2;156;90;41m██[38;2;0;0;0m██[38;2;189;180;156m██[38;2;189;180;156m██[38;2;82;74;57m██[38;2;0;0;0m██  
      [38;2;131;57;32m██[38;2;156;90;41m██[38;2;131;57;32m██[38;2;172;139;90m██[38;2;172;139;90m██[38;2;172;139;90m██[38;2;172;139;90m██[38;2;172;139;90m██[38;2;172;139;90m██[38;2;172;139;90m██[38;2;172;139;90m██[38;2;172;139;90m██[38;2;131;57;32m██[38;2;172;139;90m██[38;2;172;139;90m██[38;2;172;139;90m██[38;2;172;139;90m██[38;2;156;90;41m██[38;2;156;90;41m██[38;2;131;57;32m██[38;2;156;90;41m██[38;2;0;0;0m██[38;2;0;0;0m██[38;2;0;0;0m██      
        [38;2;0;0;0m██[38;2;0;0;0m██[38;2;156;90;41m██[38;2;172;139;90m██[38;2;172;139;90m██[38;2;172;139;90m██[38;2;172;139;90m██[38;2;172;139;90m██[38;2;172;139;90m██[38;2;172;139;90m██[38;2;172;139;90m██[38;2;131;57;32m██[38;2;156;90;41m██[38;2;156;90;41m██[38;2;156;90;41m██[38;2;156;90;41m██[38;2;156;90;41m██[38;2;156;90;41m██[38;2;156;90;41m██[38;2;131;57;32m██[38;2;0;0;0m██          
            [38;2;131;57;32m██[38;2;0;0;0m██[38;2;156;90;41m██[38;2;156;90;41m██[38;2;156;90;41m██[38;2;156;90;41m██[38;2;156;90;41m██[38;2;156;90;41m██[38;2;156;90;41m██[38;2;156;90;41m██[38;2;0;0;0m██[38;2;156;90;41m██[38;2;156;90;41m██[38;2;156;90;41m██[38;2;131;57;32m██[38;2;131;57;32m██[38;2;156;90;41m██[38;2;156;90;41m██[38;2;131;57;32m██          
                [38;2;131;57;32m██[38;2;0;0;0m██[38;2;0;0;0m██[38;2;156;90;41m██[38;2;156;90;41m██[38;2;156;90;41m██[38;2;156;90;41m██[38;2;156;90;41m██[38;2;156;90;41m██[38;2;0;0;0m██[38;2;0;0;0m██[38;2;156;90;41m██[38;2;156;90;41m██[38;2;156;90;41m██[38;2;131;57;32m██[38;2;0;0;0m██[38;2;0;0;0m██          
                  [38;2;131;57;32m██[38;2;156;90;41m██[38;2;0;0;0m██[38;2;0;0;0m██[38;2;0;0;0m██[38;2;0;0;0m██[38;2;0;0;0m██[38;2;0;0;0m██[38;2;131;57;32m██[38;2;131;57;32m██[38;2;0;0;0m██[38;2;0;0;0m██[38;2;0;0;0m██[38;2;0;0;0m██              
                    [38;2;131;57;32m██[38;2;156;90;41m██[38;2;156;90;41m██[38;2;156;90;41m██[38;2;0;0;0m██[38;2;156;90;41m██[38;2;156;90;41m██[38;2;156;90;41m██[38;2;131;57;32m██[38;2;131;57;32m██[38;2;0;0;0m██                  
                    [38;2;82;74;57m██[38;2;189;197;57m██[38;2;189;197;57m██[38;2;0;0;0m██  [38;2;131;57;32m██[38;2;0;0;0m██[38;2;189;197;57m██[38;2;189;197;57m██[38;2;0;0;0m██                    
          [38;2;82;74;57m██[38;2;131;115;98m██[38;2;82;74;57m██[38;2;82;74;57m██[38;2;82;74;57m██[38;2;131;115;98m██[38;2;189;197;57m██[38;2;131;115;98m██[38;2;0;0;0m██    [38;2;0;0;0m██[38;2;131;115;98m██[38;2;131;115;98m██[38;2;82;74;57m██[38;2;0;0;0m██                  
        [38;2;131;57;32m██[38;2;238;230;90m██[38;2;189;197;57m██[38;2;131;115;98m██[38;2;238;230;90m██[38;2;189;197;57m██[38;2;82;74;57m██[38;2;131;115;98m██[38;2;189;197;57m██[38;2;189;197;57m██[38;2;82;74;57m██[38;2;0;0;0m██[38;2;131;115;98m██[38;2;189;197;57m██[38;2;189;197;57m██[38;2;131;115;98m██[38;2;189;197;57m██[38;2;0;0;0m██[38;2;0;0;0m██              
      [38;2;131;57;32m██[38;2;0;0;0m██[38;2;156;90;41m██[38;2;131;57;32m██[38;2;238;230;90m██[38;2;0;0;0m██[38;2;82;74;57m██[38;2;238;230;90m██[38;2;238;230;90m██[38;2;189;197;57m██[38;2;131;115;98m██[38;2;0;0;0m██[38;2;238;230;90m██[38;2;189;197;57m██[38;2;82;74;57m██[38;2;238;230;90m██[38;2;238;230;90m██[38;2;131;115;98m██[38;2;189;197;57m██[38;2;238;230;90m██[38;2;82;74;57m██            
      [38;2;0;0;0m██  [38;2;131;57;32m██[38;2;0;0;0m██[38;2;0;0;0m██[38;2;131;57;32m██[38;2;131;57;32m██[38;2;189;197;57m██[38;2;82;74;57m██[38;2;82;74;57m██[38;2;0;0;0m██[38;2;156;90;41m██[38;2;0;0;0m██[38;2;189;197;57m██[38;2;0;0;0m██[38;2;189;197;57m██[38;2;131;57;32m██[38;2;82;74;57m██[38;2;189;197;57m██[38;2;131;57;32m██[38;2;156;90;41m██[38;2;0;0;0m██          
          [38;2;0;0;0m██  [38;2;0;0;0m██[38;2;156;90;41m██[38;2;0;0;0m██[38;2;0;0;0m██    [38;2;0;0;0m██[38;2;131;57;32m██[38;2;0;0;0m██[38;2;82;74;57m██  [38;2;0;0;0m██[38;2;156;90;41m██[38;2;0;0;0m██[38;2;82;74;57m██[38;2;0;0;0m██[38;2;131;57;32m██[38;2;0;0;0m██          
                [38;2;0;0;0m██          [38;2;0;0;0m██      [38;2;0;0;0m██[38;2;131;57;32m██[38;2;0;0;0m██    [38;2;0;0;0m██            
                                      [38;2;0;0;0m██                    
