                                            [38;2;156;123;115m██[38;2;156;123;115m██[38;2;156;123;115m██[38;2;156;123;115m██[38;2;156;123;115m██                                                
                                          [38;2;156;123;115m██[38;2;189;156;148m██[38;2;222;189;172m██[38;2;222;189;172m██[38;2;222;189;172m██[38;2;222;189;172m██[38;2;156;123;115m██[38;2;156;123;115m██                                            
                                        [38;2;156;123;115m██[38;2;222;189;172m██[38;2;222;189;172m██[38;2;222;189;172m██[38;2;222;189;172m██[38;2;222;189;172m██[38;2;222;189;172m██[38;2;222;189;172m██[38;2;222;189;172m██[38;2;82;65;65m██                                          
                                      [38;2;156;123;115m██[38;2;222;189;172m██[38;2;222;189;172m██[38;2;222;189;172m██[38;2;222;189;172m██[38;2;222;189;172m██[38;2;222;189;172m██[38;2;222;189;172m██[38;2;222;189;172m██[38;2;222;189;172m██[38;2;222;189;172m██[38;2;82;65;65m██                                        
                                      [38;2;82;65;65m██[38;2;222;189;172m██[38;2;222;189;172m██[38;2;222;189;172m██[38;2;32;24;24m██[38;2;156;123;115m██[38;2;222;189;172m██[38;2;222;189;172m██[38;2;222;189;172m██[38;2;189;156;148m██[38;2;156;123;115m██[38;2;82;65;65m██                                        
                    [38;2;32;24;24m██[38;2;32;24;24m██            [38;2;57;49;49m██[38;2;189;156;148m██[38;2;82;65;65m██[38;2;82;65;65m██[38;2;32;24;24m██[38;2;156;123;115m██[38;2;32;24;24m██[38;2;222;189;172m██[38;2;222;189;172m██[38;2;222;189;172m██[38;2;156;123;115m██[38;2;222;189;172m██[38;2;156;123;115m██[38;2;32;24;24m██    [38;2;156;123;115m██[38;2;156;123;115m██[38;2;156;123;115m██[38;2;156;123;115m██[38;2;156;123;115m██[38;2;156;123;115m██                      
                  [38;2;32;24;24m██[38;2;156;123;115m██[38;2;156;123;115m██[38;2;32;24;24m██          [38;2;82;65;65m██[38;2;156;123;115m██[38;2;156;123;115m██[38;2;156;123;115m██[38;2;32;24;24m██[38;2;156;123;115m██[38;2;32;24;24m██[38;2;82;65;65m██[38;2;222;189;172m██[38;2;222;189;172m██[38;2;189;156;148m██[38;2;156;123;115m██[38;2;189;156;148m██[38;2;57;49;49m██  [38;2;156;123;115m██[38;2;189;156;148m██[38;2;222;189;172m██[38;2;222;189;172m██[38;2;222;189;172m██[38;2;222;189;172m██[38;2;222;189;172m██[38;2;156;123;115m██[38;2;156;123;115m██                  
                [38;2;32;24;24m██[38;2;156;123;115m██[38;2;32;24;24m██[38;2;82;65;65m██[38;2;32;24;24m██        [38;2;57;49;49m██[38;2;156;123;115m██[38;2;156;123;115m██[38;2;156;123;115m██[38;2;32;24;24m██[38;2;156;123;115m██[38;2;32;24;24m██[38;2;156;123;115m██[38;2;156;123;115m██[38;2;82;65;65m██[38;2;222;189;172m██[38;2;222;189;172m██[38;2;222;189;172m██[38;2;222;189;172m██[38;2;156;123;115m██[38;2;32;24;24m██[38;2;222;189;172m██[38;2;222;189;172m██[38;2;222;189;172m██[38;2;222;189;172m██[38;2;222;189;172m██[38;2;222;189;172m██[38;2;222;189;172m██[38;2;222;189;172m██[38;2;222;189;172m██[38;2;82;65;65m██                
              [38;2;32;24;24m██[38;2;156;123;115m██[38;2;32;24;24m██  [38;2;82;65;65m██[38;2;82;65;65m██[38;2;32;24;24m██      [38;2;32;24;24m██[38;2;32;24;24m██[38;2;32;24;24m██[38;2;32;24;24m██[38;2;32;24;24m██[38;2;156;123;115m██[38;2;32;24;24m██[38;2;156;123;115m██[38;2;156;123;115m██[38;2;82;65;65m██[38;2;222;189;172m██[38;2;222;189;172m██[38;2;156;123;115m██[38;2;222;189;172m██[38;2;156;123;115m██[38;2;32;24;24m██[38;2;82;65;65m██[38;2;82;65;65m██[38;2;222;189;172m██[38;2;222;189;172m██[38;2;222;189;172m██[38;2;222;189;172m██[38;2;222;189;172m██[38;2;222;189;172m██[38;2;222;189;172m██[38;2;222;189;172m██[38;2;82;65;65m██              
        [38;2;123;98;98m██[38;2;123;98;98m██[38;2;32;24;24m██[38;2;156;123;115m██[38;2;32;24;24m██      [38;2;82;65;65m██[38;2;32;24;24m██  [38;2;32;24;24m██[38;2;32;24;24m██[38;2;156;123;115m██[38;2;222;189;172m██[38;2;222;189;172m██[38;2;82;65;65m██[38;2;82;65;65m██[38;2;32;24;24m██[38;2;32;24;24m██[38;2;156;123;115m██[38;2;156;123;115m██[38;2;156;123;115m██[38;2;82;65;65m██[38;2;222;189;172m██[38;2;156;123;115m██[38;2;189;156;148m██[38;2;222;189;172m██[38;2;32;24;24m██[38;2;156;123;115m██[38;2;156;123;115m██[38;2;82;65;65m██[38;2;82;65;65m██[38;2;222;189;172m██[38;2;222;189;172m██[38;2;156;123;115m██[38;2;189;156;148m██[38;2;222;189;172m██[38;2;222;189;172m██[38;2;222;189;172m██[38;2;82;65;65m██            
      [38;2;123;98;98m██[38;2;189;156;148m██[38;2;189;156;148m██[38;2;82;65;65m██[38;2;32;24;24m██          [38;2;82;65;65m██[38;2;32;24;24m██[38;2;82;65;65m██[38;2;156;123;115m██[38;2;222;189;172m██[38;2;123;98;98m██[38;2;32;24;24m██[38;2;189;156;148m██[38;2;189;156;148m██[38;2;156;123;115m██[38;2;32;24;24m██[38;2;32;24;24m██[38;2;156;123;115m██[38;2;156;123;115m██[38;2;82;65;65m██[38;2;156;123;115m██[38;2;222;189;172m██[38;2;156;123;115m██[38;2;189;156;148m██[38;2;32;24;24m██[38;2;156;123;115m██[38;2;156;123;115m██[38;2;156;123;115m██[38;2;123;98;98m██[38;2;32;24;24m██[38;2;156;123;115m██[38;2;222;189;172m██[38;2;156;123;115m██[38;2;222;189;172m██[38;2;222;189;172m██[38;2;189;156;148m██[38;2;156;123;115m██[38;2;32;24;24m██          
      [38;2;82;65;65m██[38;2;189;156;148m██[38;2;189;156;148m██[38;2;156;123;115m██[38;2;32;24;24m██          [38;2;156;123;115m██[38;2;32;24;24m██[38;2;222;189;172m██[38;2;189;156;148m██[38;2;123;98;98m██[38;2;156;123;115m██[38;2;32;24;24m██[38;2;156;123;115m██[38;2;156;123;115m██[38;2;156;123;115m██[38;2;82;65;65m██[38;2;32;24;24m██[38;2;156;123;115m██[38;2;156;123;115m██[38;2;82;65;65m██[38;2;222;189;172m██[38;2;222;189;172m██[38;2;189;156;148m██[38;2;156;123;115m██[38;2;32;24;24m██[38;2;156;123;115m██[38;2;156;123;115m██[38;2;156;123;115m██[38;2;156;123;115m██[38;2;82;65;65m██[38;2;32;24;24m██[38;2;156;123;115m██[38;2;189;156;148m██[38;2;222;189;172m██[38;2;222;189;172m██[38;2;156;123;115m██[38;2;222;189;172m██[38;2;57;49;49m██          
        [38;2;82;65;65m██[38;2;156;123;115m██[38;2;156;123;115m██[38;2;32;24;24m██    [38;2;32;24;24m██[38;2;32;24;24m██[38;2;32;24;24m██[38;2;82;65;65m██[38;2;156;123;115m██[38;2;222;189;172m██[38;2;222;189;172m██[38;2;222;189;172m██[38;2;222;189;172m██[38;2;222;189;172m██[38;2;32;24;24m██[38;2;32;24;24m██[38;2;32;24;24m██[38;2;156;123;115m██[38;2;32;24;24m██[38;2;32;24;24m██[38;2;156;123;115m██[38;2;82;65;65m██[38;2;189;156;148m██[38;2;189;156;148m██[38;2;189;156;148m██[38;2;189;156;148m██[38;2;32;24;24m██[38;2;156;123;115m██[38;2;156;123;115m██[38;2;156;123;115m██[38;2;156;123;115m██[38;2;32;24;24m██[38;2;32;24;24m██[38;2;222;189;172m██[38;2;222;189;172m██[38;2;222;189;172m██[38;2;222;189;172m██[38;2;189;156;148m██[38;2;156;123;115m██[38;2;189;156;148m██[38;2;32;24;24m██        
          [38;2;32;24;24m██[38;2;32;24;24m██    [38;2;32;24;24m██[38;2;156;123;115m██[38;2;57;49;49m██[38;2;156;123;115m██[38;2;222;189;172m██[38;2;32;24;24m██[38;2;222;189;172m██[38;2;222;189;172m██[38;2;222;189;172m██[38;2;222;189;172m██[38;2;222;189;172m██[38;2;189;156;148m██[38;2;189;156;148m██[38;2;82;65;65m██[38;2;222;189;172m██[38;2;222;189;172m██[38;2;222;189;172m██[38;2;32;24;24m██[38;2;82;65;65m██[38;2;189;156;148m██[38;2;189;156;148m██[38;2;189;156;148m██[38;2;156;123;115m██[38;2;32;24;24m██[38;2;156;123;115m██[38;2;156;123;115m██[38;2;32;24;24m██[38;2;32;24;24m██[38;2;82;65;65m██[38;2;32;24;24m██[38;2;222;189;172m██[38;2;222;189;172m██[38;2;222;189;172m██[38;2;222;189;172m██[38;2;222;189;172m██[38;2;222;189;172m██[38;2;222;189;172m██[38;2;82;65;65m██[38;2;32;24;24m██      
                  [38;2;32;24;24m██[38;2;82;65;65m██[38;2;32;24;24m██[38;2;189;156;148m██[38;2;156;123;115m██[38;2;222;189;172m██[38;2;222;189;172m██[38;2;82;65;65m██[38;2;156;123;115m██[38;2;222;189;172m██[38;2;222;189;172m██[38;2;189;156;148m██[38;2;82;65;65m██[38;2;222;189;172m██[38;2;222;189;172m██[38;2;0;98;41m██[38;2;16;172;57m██[38;2;32;24;24m██[38;2;189;156;148m██[38;2;189;156;148m██[38;2;189;156;148m██[38;2;156;123;115m██[38;2;32;24;24m██[38;2;156;123;115m██[38;2;156;123;115m██[38;2;32;24;24m██[38;2;82;65;65m██[38;2;123;98;98m██[38;2;156;123;115m██[38;2;82;65;65m██[38;2;222;189;172m██[38;2;32;24;24m██[38;2;32;24;24m██[38;2;156;123;115m██[38;2;222;189;172m██[38;2;156;123;115m██[38;2;222;189;172m██[38;2;82;65;65m██[38;2;82;65;65m██      
                [38;2;32;24;24m██[38;2;82;65;65m██[38;2;57;49;49m██[38;2;32;24;24m██[38;2;0;98;41m██[38;2;156;123;115m██[38;2;222;189;172m██[38;2;82;65;65m██[38;2;189;156;148m██[38;2;57;49;49m██[38;2;222;189;172m██[38;2;222;189;172m██[38;2;82;65;65m██[38;2;222;189;172m██[38;2;189;156;148m██[38;2;16;172;57m██[38;2;32;24;24m██[38;2;16;172;57m██[38;2;32;24;24m██[38;2;32;24;24m██[38;2;189;156;148m██[38;2;32;24;24m██[38;2;32;24;24m██[38;2;32;24;24m██[38;2;156;123;115m██[38;2;32;24;24m██[38;2;32;24;24m██[38;2;82;65;65m██[38;2;123;98;98m██[38;2;156;123;115m██[38;2;32;24;24m██[38;2;32;24;24m██[38;2;57;49;49m██[38;2;156;123;115m██[38;2;32;24;24m██[38;2;156;123;115m██[38;2;156;123;115m██[38;2;156;123;115m██[38;2;82;65;65m██[38;2;156;123;115m██[38;2;32;24;24m██    
                [38;2;32;24;24m██[38;2;82;65;65m██[38;2;32;24;24m██[38;2;32;24;24m██[38;2;16;172;57m██[38;2;32;24;24m██[38;2;222;189;172m██[38;2;189;156;148m██[38;2;57;49;49m██[38;2;156;123;115m██[38;2;189;156;148m██[38;2;189;156;148m██[38;2;82;65;65m██[38;2;16;172;57m██[38;2;32;24;24m██[38;2;16;172;57m██[38;2;32;24;24m██[38;2;222;189;172m██[38;2;32;24;24m██[38;2;57;49;49m██[38;2;32;24;24m██[38;2;57;49;49m██[38;2;32;24;24m██[38;2;57;49;49m██[38;2;32;24;24m██[38;2;32;24;24m██[38;2;82;65;65m██[38;2;32;24;24m██[38;2;82;65;65m██[38;2;82;65;65m██[38;2;32;24;24m██[38;2;57;49;49m██[38;2;57;49;49m██[38;2;123;98;98m██[38;2;32;24;24m██[38;2;189;156;148m██[38;2;156;123;115m██[38;2;189;156;148m██[38;2;82;65;65m██[38;2;156;123;115m██[38;2;32;24;24m██    
              [38;2;32;24;24m██[38;2;82;65;65m██[38;2;57;49;49m██[38;2;32;24;24m██  [38;2;156;123;115m██[38;2;32;24;24m██[38;2;189;156;148m██[38;2;189;156;148m██[38;2;189;156;148m██[38;2;189;156;148m██[38;2;189;156;148m██[38;2;189;156;148m██[38;2;82;65;65m██[38;2;222;189;172m██[38;2;222;189;172m██[38;2;222;189;172m██[38;2;222;189;172m██[38;2;156;123;115m██[38;2;32;24;24m██[38;2;57;49;49m██[38;2;32;24;24m██[38;2;57;49;49m██[38;2;32;24;24m██[38;2;57;49;49m██[38;2;32;24;24m██[38;2;82;65;65m██[38;2;32;24;24m██[38;2;32;24;24m██[38;2;82;65;65m██[38;2;82;65;65m██[38;2;32;24;24m██[38;2;57;49;49m██[38;2;32;24;24m██[38;2;82;65;65m██[38;2;123;98;98m██[38;2;32;24;24m██[38;2;189;156;148m██[38;2;189;156;148m██[38;2;82;65;65m██[38;2;32;24;24m██      
              [38;2;32;24;24m██[38;2;82;65;65m██[38;2;57;49;49m██[38;2;32;24;24m██  [38;2;32;24;24m██[38;2;156;123;115m██[38;2;82;65;65m██[38;2;82;65;65m██[38;2;189;156;148m██[38;2;189;156;148m██[38;2;82;65;65m██[38;2;82;65;65m██[38;2;189;156;148m██[38;2;82;65;65m██[38;2;82;65;65m██[38;2;156;123;115m██[38;2;156;123;115m██[38;2;123;98;98m██[38;2;32;24;24m██[38;2;57;49;49m██[38;2;57;49;49m██[38;2;32;24;24m██[38;2;32;24;24m██[38;2;32;24;24m██[38;2;82;65;65m██[38;2;82;65;65m██[38;2;32;24;24m██[38;2;32;24;24m██[38;2;82;65;65m██[38;2;82;65;65m██[38;2;32;24;24m██[38;2;189;156;148m██[38;2;189;156;148m██[38;2;32;24;24m██[38;2;82;65;65m██[38;2;32;24;24m██[38;2;189;156;148m██[38;2;156;123;115m██[38;2;32;24;24m██        
            [38;2;32;24;24m██[38;2;82;65;65m██[38;2;32;24;24m██[38;2;32;24;24m██[38;2;32;24;24m██[38;2;32;24;24m██[38;2;156;123;115m██[38;2;189;156;148m██[38;2;82;65;65m██[38;2;156;123;115m██[38;2;82;65;65m██[38;2;82;65;65m██[38;2;156;123;115m██[38;2;156;123;115m██[38;2;82;65;65m██[38;2;222;189;172m██[38;2;222;189;172m██[38;2;32;24;24m██[38;2;156;123;115m██[38;2;32;24;24m██[38;2;57;49;49m██[38;2;57;49;49m██[38;2;57;49;49m██[38;2;123;98;98m██[38;2;156;123;115m██[38;2;32;24;24m██[38;2;82;65;65m██[38;2;32;24;24m██[38;2;156;123;115m██[38;2;32;24;24m██[38;2;82;65;65m██[38;2;82;65;65m██[38;2;32;24;24m██[38;2;189;156;148m██[38;2;189;156;148m██[38;2;32;24;24m██[38;2;82;65;65m██[38;2;82;65;65m██[38;2;32;24;24m██[38;2;57;49;49m██          
            [38;2;32;24;24m██[38;2;32;24;24m██[38;2;156;123;115m██[38;2;57;49;49m██[38;2;32;24;24m██[38;2;189;156;148m██[38;2;189;156;148m██[38;2;82;65;65m██  [38;2;82;65;65m██[38;2;156;123;115m██[38;2;82;65;65m██[38;2;156;123;115m██[38;2;82;65;65m██[38;2;32;24;24m██[38;2;82;65;65m██[38;2;222;189;172m██[38;2;222;189;172m██[38;2;32;24;24m██    [38;2;32;24;24m██[38;2;32;24;24m██[38;2;123;98;98m██[38;2;156;123;115m██[38;2;32;24;24m██[38;2;32;24;24m██[38;2;156;123;115m██[38;2;156;123;115m██[38;2;32;24;24m██[38;2;82;65;65m██[38;2;82;65;65m██[38;2;32;24;24m██[38;2;189;156;148m██[38;2;189;156;148m██[38;2;32;24;24m██[38;2;82;65;65m██[38;2;82;65;65m██[38;2;57;49;49m██[38;2;32;24;24m██          
          [38;2;32;24;24m██[38;2;57;49;49m██[38;2;32;24;24m██[38;2;156;123;115m██[38;2;32;24;24m██[38;2;222;189;172m██[38;2;222;189;172m██[38;2;222;189;172m██[38;2;82;65;65m██    [38;2;82;65;65m██[38;2;32;24;24m██[38;2;32;24;24m██  [38;2;82;65;65m██[38;2;189;156;148m██[38;2;222;189;172m██[38;2;222;189;172m██[38;2;222;189;172m██[38;2;32;24;24m██    [38;2;32;24;24m██[38;2;82;65;65m██[38;2;82;65;65m██[38;2;32;24;24m██[38;2;82;65;65m██[38;2;156;123;115m██[38;2;156;123;115m██[38;2;32;24;24m██[38;2;82;65;65m██[38;2;82;65;65m██[38;2;32;24;24m██[38;2;189;156;148m██[38;2;189;156;148m██[38;2;123;98;98m██[38;2;32;24;24m██[38;2;82;65;65m██[38;2;57;49;49m██[38;2;32;24;24m██          
          [38;2;32;24;24m██[38;2;57;49;49m██[38;2;32;24;24m██[38;2;82;65;65m██[38;2;189;156;148m██[38;2;222;189;172m██[38;2;222;189;172m██[38;2;222;189;172m██[38;2;222;189;172m██[38;2;156;123;115m██[38;2;82;65;65m██      [38;2;82;65;65m██[38;2;189;156;148m██[38;2;222;189;172m██[38;2;222;189;172m██[38;2;222;189;172m██[38;2;189;156;148m██[38;2;32;24;24m██    [38;2;32;24;24m██[38;2;82;65;65m██[38;2;32;24;24m██  [38;2;32;24;24m██[38;2;57;49;49m██[38;2;156;123;115m██[38;2;32;24;24m██[38;2;82;65;65m██[38;2;82;65;65m██[38;2;32;24;24m██[38;2;189;156;148m██[38;2;123;98;98m██[38;2;57;49;49m██[38;2;32;24;24m██[38;2;82;65;65m██[38;2;82;65;65m██[38;2;82;65;65m██[38;2;57;49;49m██        
        [38;2;32;24;24m██[38;2;82;65;65m██[38;2;82;65;65m██[38;2;32;24;24m██[38;2;57;49;49m██[38;2;189;156;148m██[38;2;222;189;172m██[38;2;222;189;172m██[38;2;222;189;172m██[38;2;222;189;172m██[38;2;222;189;172m██[38;2;222;189;172m██[38;2;156;123;115m██[38;2;82;65;65m██[38;2;156;123;115m██[38;2;222;189;172m██[38;2;222;189;172m██[38;2;222;189;172m██[38;2;222;189;172m██[38;2;222;189;172m██[38;2;189;156;148m██[38;2;32;24;24m██  [38;2;32;24;24m██[38;2;82;65;65m██[38;2;82;65;65m██[38;2;32;24;24m██      [38;2;32;24;24m██[38;2;32;24;24m██[38;2;82;65;65m██[38;2;82;65;65m██[38;2;32;24;24m██[38;2;32;24;24m██[38;2;32;24;24m██    [38;2;32;24;24m██[38;2;82;65;65m██[38;2;82;65;65m██[38;2;57;49;49m██        
    [38;2;32;24;24m██[38;2;32;24;24m██[38;2;82;65;65m██[38;2;82;65;65m██[38;2;32;24;24m██  [38;2;57;49;49m██[38;2;82;65;65m██[38;2;189;156;148m██[38;2;222;189;172m██[38;2;222;189;172m██[38;2;222;189;172m██[38;2;222;189;172m██[38;2;123;98;98m██[38;2;82;65;65m██[38;2;222;189;172m██[38;2;222;189;172m██[38;2;222;189;172m██[38;2;222;189;172m██[38;2;222;189;172m██[38;2;222;189;172m██[38;2;189;156;148m██[38;2;32;24;24m██    [38;2;32;24;24m██[38;2;82;65;65m██[38;2;32;24;24m██            [38;2;32;24;24m██[38;2;82;65;65m██[38;2;32;24;24m██          [38;2;32;24;24m██[38;2;82;65;65m██[38;2;82;65;65m██[38;2;57;49;49m██      
[38;2;32;24;24m██[38;2;32;24;24m██[38;2;57;49;49m██[38;2;82;65;65m██[38;2;57;49;49m██[38;2;32;24;24m██    [38;2;57;49;49m██[38;2;57;49;49m██[38;2;82;65;65m██[38;2;189;156;148m██[38;2;222;189;172m██[38;2;222;189;172m██[38;2;222;189;172m██[38;2;222;189;172m██[38;2;222;189;172m██[38;2;82;65;65m██[38;2;222;189;172m██[38;2;222;189;172m██[38;2;222;189;172m██[38;2;189;156;148m██[38;2;189;156;148m██[38;2;32;24;24m██      [38;2;32;24;24m██[38;2;82;65;65m██[38;2;32;24;24m██            [38;2;32;24;24m██[38;2;82;65;65m██[38;2;32;24;24m██            [38;2;32;24;24m██[38;2;82;65;65m██[38;2;82;65;65m██[38;2;82;65;65m██[38;2;32;24;24m██  
[38;2;32;24;24m██[38;2;32;24;24m██[38;2;32;24;24m██[38;2;32;24;24m██[38;2;32;24;24m██    [38;2;57;49;49m██[38;2;57;49;49m██[38;2;57;49;49m██[38;2;32;24;24m██[38;2;32;24;24m██[38;2;189;156;148m██[38;2;189;156;148m██[38;2;189;156;148m██[38;2;123;98;98m██[38;2;82;65;65m██[38;2;222;189;172m██[38;2;222;189;172m██[38;2;189;156;148m██[38;2;189;156;148m██[38;2;32;24;24m██[38;2;32;24;24m██      [38;2;82;65;65m██[38;2;82;65;65m██[38;2;32;24;24m██                [38;2;32;24;24m██[38;2;82;65;65m██[38;2;57;49;49m██            [38;2;32;24;24m██[38;2;32;24;24m██[38;2;32;24;24m██[38;2;32;24;24m██[38;2;32;24;24m██
[38;2;32;24;24m██          [38;2;32;24;24m██[38;2;57;49;49m██[38;2;57;49;49m██[38;2;32;24;24m██    [38;2;32;24;24m██[38;2;32;24;24m██[38;2;32;24;24m██[38;2;189;156;148m██[38;2;189;156;148m██[38;2;189;156;148m██[38;2;189;156;148m██[38;2;32;24;24m██[38;2;32;24;24m██      [38;2;32;24;24m██[38;2;32;24;24m██[38;2;32;24;24m██[38;2;82;65;65m██[38;2;32;24;24m██                [38;2;32;24;24m██[38;2;82;65;65m██[38;2;82;65;65m██[38;2;82;65;65m██[38;2;82;65;65m██[38;2;32;24;24m██            [38;2;32;24;24m██[38;2;32;24;24m██
          [38;2;32;24;24m██[38;2;82;65;65m██[38;2;32;24;24m██[38;2;82;65;65m██[38;2;32;24;24m██          [38;2;32;24;24m██[38;2;32;24;24m██[38;2;32;24;24m██[38;2;32;24;24m██        [38;2;32;24;24m██[38;2;32;24;24m██  [38;2;32;24;24m██[38;2;32;24;24m██                    [38;2;32;24;24m██[38;2;32;24;24m██[38;2;32;24;24m██[38;2;32;24;24m██[38;2;82;65;65m██[38;2;32;24;24m██          [38;2;32;24;24m██  
            [38;2;32;24;24m██  [38;2;32;24;24m██                                  [38;2;32;24;24m██                              [38;2;32;24;24m██[38;2;32;24;24m██              
                                                                                    [38;2;32;24;24m██                
