                                [38;2;89;35;32m██[38;2;16;16;16m██                                
                              [38;2;89;35;32m██[38;2;184;65;59m██[38;2;16;16;16m██                                
                            [38;2;89;35;32m██[38;2;184;65;59m██[38;2;184;65;59m██[38;2;16;16;16m██                                
                            [38;2;89;35;32m██[38;2;184;65;59m██[38;2;184;65;59m██[38;2;16;16;16m██                                
                [38;2;89;35;32m██[38;2;89;35;32m██[38;2;89;35;32m██    [38;2;89;35;32m██[38;2;184;65;59m██[38;2;184;65;59m██[38;2;184;65;59m██[38;2;16;16;16m██      [38;2;89;35;32m██[38;2;89;35;32m██[38;2;16;16;16m██                    
[38;2;89;35;32m██[38;2;89;35;32m██            [38;2;89;35;32m██[38;2;184;65;59m██[38;2;184;65;59m██[38;2;89;35;32m██[38;2;89;35;32m██[38;2;89;35;32m██[38;2;184;65;59m██[38;2;184;65;59m██[38;2;184;65;59m██[38;2;16;16;16m██  [38;2;89;35;32m██[38;2;89;35;32m██[38;2;184;65;59m██[38;2;184;65;59m██[38;2;16;16;16m██                    
[38;2;89;35;32m██[38;2;184;65;59m██[38;2;89;35;32m██          [38;2;89;35;32m██[38;2;184;65;59m██[38;2;184;65;59m██[38;2;184;65;59m██[38;2;134;52;48m██[38;2;89;35;32m██[38;2;184;65;59m██[38;2;184;65;59m██[38;2;184;65;59m██[38;2;16;16;16m██[38;2;89;35;32m██[38;2;184;65;59m██[38;2;184;65;59m██[38;2;184;65;59m██[38;2;134;52;48m██[38;2;16;16;16m██                    
[38;2;89;35;32m██[38;2;184;65;59m██[38;2;184;65;59m██[38;2;89;35;32m██          [38;2;89;35;32m██[38;2;184;65;59m██[38;2;184;65;59m██[38;2;184;65;59m██[38;2;89;35;32m██[38;2;184;65;59m██[38;2;184;65;59m██[38;2;184;65;59m██[38;2;89;35;32m██[38;2;184;65;59m██[38;2;184;65;59m██[38;2;184;65;59m██[38;2;184;65;59m██[38;2;16;16;16m██                [38;2;89;35;32m██[38;2;89;35;32m██[38;2;16;16;16m██
[38;2;89;35;32m██[38;2;184;65;59m██[38;2;184;65;59m██[38;2;184;65;59m██[38;2;89;35;32m██        [38;2;89;35;32m██[38;2;184;65;59m██[38;2;184;65;59m██[38;2;184;65;59m██[38;2;134;52;48m██[38;2;184;65;59m██[38;2;184;65;59m██[38;2;134;52;48m██[38;2;184;65;59m██[38;2;184;65;59m██[38;2;184;65;59m██[38;2;184;65;59m██[38;2;16;16;16m██              [38;2;89;35;32m██[38;2;89;35;32m██[38;2;184;65;59m██[38;2;184;65;59m██[38;2;16;16;16m██
[38;2;89;35;32m██[38;2;184;65;59m██[38;2;184;65;59m██[38;2;184;65;59m██[38;2;184;65;59m██[38;2;89;35;32m██        [38;2;89;35;32m██[38;2;184;65;59m██[38;2;184;65;59m██[38;2;184;65;59m██[38;2;184;65;59m██[38;2;184;65;59m██[38;2;134;52;48m██[38;2;184;65;59m██[38;2;184;65;59m██[38;2;184;65;59m██[38;2;16;16;16m██            [38;2;89;35;32m██[38;2;89;35;32m██[38;2;184;65;59m██[38;2;184;65;59m██[38;2;184;65;59m██[38;2;184;65;59m██[38;2;16;16;16m██
  [38;2;89;35;32m██[38;2;184;65;59m██[38;2;184;65;59m██[38;2;184;65;59m██[38;2;89;35;32m██          [38;2;89;35;32m██[38;2;184;65;59m██[38;2;184;65;59m██[38;2;184;65;59m██[38;2;184;65;59m██[38;2;184;65;59m██[38;2;184;65;59m██[38;2;184;65;59m██[38;2;16;16;16m██            [38;2;89;35;32m██[38;2;184;65;59m██[38;2;184;65;59m██[38;2;184;65;59m██[38;2;184;65;59m██[38;2;184;65;59m██[38;2;16;16;16m██  
  [38;2;89;35;32m██[38;2;184;65;59m██[38;2;184;65;59m██[38;2;184;65;59m██[38;2;134;52;48m██[38;2;16;16;16m██      [38;2;16;16;16m██[38;2;16;16;16m██[38;2;89;35;32m██[38;2;134;52;48m██[38;2;184;65;59m██[38;2;184;65;59m██[38;2;184;65;59m██[38;2;134;52;48m██[38;2;89;35;32m██[38;2;89;35;32m██[38;2;16;16;16m██        [38;2;89;35;32m██[38;2;184;65;59m██[38;2;184;65;59m██[38;2;184;65;59m██[38;2;184;65;59m██[38;2;184;65;59m██[38;2;184;65;59m██[38;2;16;16;16m██  
    [38;2;89;35;32m██[38;2;184;65;59m██[38;2;134;52;48m██[38;2;134;52;48m██[38;2;16;16;16m██  [38;2;16;16;16m██[38;2;16;16;16m██[38;2;184;65;59m██[38;2;184;65;59m██[38;2;184;65;59m██[38;2;184;65;59m██[38;2;184;65;59m██[38;2;184;65;59m██[38;2;184;65;59m██[38;2;184;65;59m██[38;2;184;65;59m██[38;2;184;65;59m██[38;2;134;52;48m██[38;2;16;16;16m██    [38;2;89;35;32m██[38;2;184;65;59m██[38;2;184;65;59m██[38;2;184;65;59m██[38;2;184;65;59m██[38;2;184;65;59m██[38;2;184;65;59m██[38;2;16;16;16m██    
    [38;2;16;16;16m██[38;2;134;52;48m██[38;2;134;52;48m██[38;2;134;52;48m██[38;2;16;16;16m██[38;2;16;16;16m██[38;2;184;65;59m██[38;2;208;115;110m██[38;2;208;115;110m██[38;2;208;115;110m██[38;2;184;65;59m██[38;2;184;65;59m██[38;2;184;65;59m██[38;2;184;65;59m██[38;2;184;65;59m██[38;2;184;65;59m██[38;2;184;65;59m██[38;2;184;65;59m██[38;2;184;65;59m██[38;2;134;52;48m██[38;2;89;35;32m██[38;2;89;35;32m██[38;2;184;65;59m██[38;2;184;65;59m██[38;2;184;65;59m██[38;2;184;65;59m██[38;2;184;65;59m██[38;2;184;65;59m██[38;2;16;16;16m██      
      [38;2;16;16;16m██[38;2;134;52;48m██[38;2;134;52;48m██[38;2;89;35;32m██[38;2;184;65;59m██[38;2;208;115;110m██[38;2;208;115;110m██[38;2;208;115;110m██[38;2;208;115;110m██[38;2;184;65;59m██[38;2;184;65;59m██[38;2;184;65;59m██[38;2;184;65;59m██[38;2;184;65;59m██[38;2;184;65;59m██[38;2;184;65;59m██[38;2;184;65;59m██[38;2;184;65;59m██[38;2;184;65;59m██[38;2;134;52;48m██[38;2;89;35;32m██[38;2;184;65;59m██[38;2;184;65;59m██[38;2;184;65;59m██[38;2;184;65;59m██[38;2;184;65;59m██[38;2;16;16;16m██        
        [38;2;16;16;16m██[38;2;134;52;48m██[38;2;184;65;59m██[38;2;184;65;59m██[38;2;208;115;110m██[38;2;208;115;110m██[38;2;208;115;110m██[38;2;184;65;59m██[38;2;184;65;59m██[38;2;184;65;59m██[38;2;184;65;59m██[38;2;184;65;59m██[38;2;184;65;59m██[38;2;184;65;59m██[38;2;184;65;59m██[38;2;184;65;59m██[38;2;184;65;59m██[38;2;184;65;59m██[38;2;134;52;48m██[38;2;184;65;59m██[38;2;184;65;59m██[38;2;184;65;59m██[38;2;184;65;59m██[38;2;134;52;48m██[38;2;16;16;16m██          
        [38;2;16;16;16m██[38;2;89;35;32m██[38;2;184;65;59m██[38;2;184;65;59m██[38;2;184;65;59m██[38;2;89;35;32m██[38;2;89;35;32m██[38;2;89;35;32m██[38;2;89;35;32m██[38;2;89;35;32m██[38;2;89;35;32m██[38;2;89;35;32m██[38;2;89;35;32m██[38;2;134;52;48m██[38;2;184;65;59m██[38;2;184;65;59m██[38;2;184;65;59m██[38;2;184;65;59m██[38;2;184;65;59m██[38;2;184;65;59m██[38;2;184;65;59m██[38;2;184;65;59m██[38;2;16;16;16m██[38;2;16;16;16m██            
        [38;2;16;16;16m██[38;2;134;52;48m██[38;2;184;65;59m██[38;2;134;52;48m██[38;2;89;35;32m██[38;2;115;70;56m██[38;2;115;70;56m██[38;2;115;70;56m██[38;2;115;70;56m██[38;2;115;70;56m██[38;2;115;70;56m██[38;2;115;70;56m██[38;2;115;70;56m██[38;2;115;70;56m██[38;2;89;35;32m██[38;2;134;52;48m██[38;2;184;65;59m██[38;2;184;65;59m██[38;2;184;65;59m██[38;2;184;65;59m██[38;2;134;52;48m██[38;2;16;16;16m██                
        [38;2;16;16;16m██[38;2;134;52;48m██[38;2;89;35;32m██[38;2;184;138;109m██[38;2;247;181;141m██[38;2;184;138;109m██[38;2;115;70;56m██[38;2;115;70;56m██[38;2;115;70;56m██[38;2;115;70;56m██[38;2;115;70;56m██[38;2;115;70;56m██[38;2;184;138;109m██[38;2;247;181;141m██[38;2;247;181;141m██[38;2;184;138;109m██[38;2;89;35;32m██[38;2;184;65;59m██[38;2;184;65;59m██[38;2;184;65;59m██[38;2;184;65;59m██[38;2;134;52;48m██[38;2;16;16;16m██              
      [38;2;16;16;16m██[38;2;134;52;48m██[38;2;89;35;32m██[38;2;184;138;109m██[38;2;247;181;141m██[38;2;247;181;141m██[38;2;247;181;141m██[38;2;115;70;56m██[38;2;115;70;56m██[38;2;115;70;56m██[38;2;115;70;56m██[38;2;184;138;109m██[38;2;247;181;141m██[38;2;247;181;141m██[38;2;247;181;141m██[38;2;247;181;141m██[38;2;247;181;141m██[38;2;184;138;109m██[38;2;89;35;32m██[38;2;184;65;59m██[38;2;184;65;59m██[38;2;134;52;48m██[38;2;134;52;48m██[38;2;16;16;16m██              
      [38;2;16;16;16m██[38;2;134;52;48m██[38;2;89;35;32m██[38;2;247;181;141m██[38;2;115;70;56m██[38;2;16;16;16m██[38;2;247;181;141m██[38;2;247;181;141m██[38;2;115;70;56m██[38;2;115;70;56m██[38;2;247;181;141m██[38;2;247;181;141m██[38;2;247;181;141m██[38;2;16;16;16m██[38;2;115;70;56m██[38;2;247;181;141m██[38;2;247;181;141m██[38;2;247;181;141m██[38;2;89;35;32m██[38;2;134;52;48m██[38;2;134;52;48m██[38;2;134;52;48m██[38;2;134;52;48m██[38;2;16;16;16m██              
      [38;2;16;16;16m██[38;2;134;52;48m██[38;2;247;181;141m██[38;2;247;181;141m██[38;2;16;16;16m██[38;2;248;248;248m██[38;2;184;138;109m██[38;2;247;181;141m██[38;2;247;181;141m██[38;2;247;181;141m██[38;2;247;181;141m██[38;2;247;181;141m██[38;2;184;138;109m██[38;2;248;248;248m██[38;2;16;16;16m██[38;2;247;181;141m██[38;2;247;181;141m██[38;2;247;181;141m██[38;2;184;138;109m██[38;2;89;35;32m██[38;2;134;52;48m██[38;2;134;52;48m██[38;2;134;52;48m██[38;2;16;16;16m██              
      [38;2;16;16;16m██[38;2;134;52;48m██[38;2;247;181;141m██[38;2;247;181;141m██[38;2;16;16;16m██[38;2;248;248;248m██[38;2;184;138;109m██[38;2;247;181;141m██[38;2;247;181;141m██[38;2;247;181;141m██[38;2;247;181;141m██[38;2;247;181;141m██[38;2;184;138;109m██[38;2;248;248;248m██[38;2;16;16;16m██[38;2;247;181;141m██[38;2;247;181;141m██[38;2;247;181;141m██[38;2;184;138;109m██[38;2;16;16;16m██[38;2;134;52;48m██[38;2;134;52;48m██[38;2;134;52;48m██[38;2;16;16;16m██              
      [38;2;16;16;16m██[38;2;134;52;48m██[38;2;247;181;141m██[38;2;247;181;141m██[38;2;16;16;16m██[38;2;16;16;16m██[38;2;184;138;109m██[38;2;236;236;77m██[38;2;236;236;77m██[38;2;236;236;77m██[38;2;236;236;77m██[38;2;247;181;141m██[38;2;184;138;109m██[38;2;16;16;16m██[38;2;16;16;16m██[38;2;247;181;141m██[38;2;247;181;141m██[38;2;247;181;141m██[38;2;115;70;56m██[38;2;16;16;16m██[38;2;134;52;48m██[38;2;134;52;48m██[38;2;134;52;48m██[38;2;16;16;16m██              
        [38;2;16;16;16m██[38;2;184;138;109m██[38;2;247;181;141m██[38;2;115;70;56m██[38;2;16;16;16m██[38;2;247;181;141m██[38;2;184;138;109m██[38;2;236;236;77m██[38;2;236;236;77m██[38;2;184;138;109m██[38;2;247;181;141m██[38;2;247;181;141m██[38;2;16;16;16m██[38;2;115;70;56m██[38;2;247;181;141m██[38;2;247;181;141m██[38;2;115;70;56m██[38;2;115;70;56m██[38;2;16;16;16m██[38;2;134;52;48m██[38;2;134;52;48m██[38;2;16;16;16m██                
        [38;2;16;16;16m██[38;2;89;35;32m██[38;2;184;138;109m██[38;2;247;181;141m██[38;2;247;181;141m██[38;2;247;181;141m██[38;2;247;181;141m██[38;2;184;138;109m██[38;2;184;138;109m██[38;2;247;181;141m██[38;2;247;181;141m██[38;2;247;181;141m██[38;2;247;181;141m██[38;2;247;181;141m██[38;2;247;181;141m██[38;2;115;70;56m██[38;2;115;70;56m██[38;2;115;70;56m██[38;2;89;35;32m██[38;2;134;52;48m██[38;2;134;52;48m██[38;2;16;16;16m██                
        [38;2;16;16;16m██[38;2;89;35;32m██[38;2;115;70;56m██[38;2;184;138;109m██[38;2;247;181;141m██[38;2;115;70;56m██[38;2;247;181;141m██[38;2;247;181;141m██[38;2;247;181;141m██[38;2;247;181;141m██[38;2;247;181;141m██[38;2;115;70;56m██[38;2;247;181;141m██[38;2;247;181;141m██[38;2;184;138;109m██[38;2;115;70;56m██[38;2;115;70;56m██[38;2;89;35;32m██[38;2;134;52;48m██[38;2;134;52;48m██[38;2;16;16;16m██                  
      [38;2;16;16;16m██[38;2;184;65;59m██[38;2;134;52;48m██[38;2;16;16;16m██[38;2;115;70;56m██[38;2;184;138;109m██[38;2;184;138;109m██[38;2;115;70;56m██[38;2;115;70;56m██[38;2;115;70;56m██[38;2;115;70;56m██[38;2;115;70;56m██[38;2;184;138;109m██[38;2;184;138;109m██[38;2;184;138;109m██[38;2;184;138;109m██[38;2;184;138;109m██[38;2;115;70;56m██[38;2;89;35;32m██[38;2;89;35;32m██[38;2;89;35;32m██                    
    [38;2;16;16;16m██[38;2;184;65;59m██[38;2;184;65;59m██[38;2;184;65;59m██[38;2;16;16;16m██[38;2;16;16;16m██[38;2;184;138;109m██[38;2;184;138;109m██[38;2;184;138;109m██[38;2;184;138;109m██[38;2;184;138;109m██[38;2;184;138;109m██[38;2;184;138;109m██[38;2;184;138;109m██[38;2;184;138;109m██[38;2;184;138;109m██[38;2;184;138;109m██[38;2;115;70;56m██[38;2;16;16;16m██[38;2;134;52;48m██[38;2;184;65;59m██[38;2;184;65;59m██[38;2;16;16;16m██                  
    [38;2;16;16;16m██[38;2;184;65;59m██[38;2;184;65;59m██[38;2;16;16;16m██    [38;2;16;16;16m██[38;2;16;16;16m██[38;2;184;138;109m██[38;2;184;138;109m██[38;2;184;138;109m██[38;2;184;138;109m██[38;2;184;138;109m██[38;2;184;138;109m██[38;2;184;138;109m██[38;2;115;70;56m██[38;2;115;70;56m██[38;2;16;16;16m██[38;2;16;16;16m██[38;2;16;16;16m██[38;2;184;65;59m██[38;2;184;65;59m██[38;2;184;65;59m██[38;2;16;16;16m██                
    [38;2;16;16;16m██[38;2;16;16;16m██[38;2;16;16;16m██          [38;2;16;16;16m██[38;2;16;16;16m██[38;2;115;70;56m██[38;2;184;138;109m██[38;2;184;138;109m██[38;2;115;70;56m██[38;2;115;70;56m██[38;2;16;16;16m██[38;2;16;16;16m██      [38;2;16;16;16m██[38;2;184;65;59m██[38;2;184;65;59m██[38;2;16;16;16m██                
                [38;2;16;16;16m██[38;2;16;16;16m██[38;2;77;47;38m██[38;2;16;16;16m██[38;2;184;138;109m██[38;2;184;138;109m██[38;2;184;138;109m██[38;2;184;138;109m██[38;2;184;138;109m██[38;2;77;47;38m██[38;2;77;47;38m██[38;2;16;16;16m██[38;2;16;16;16m██    [38;2;16;16;16m██[38;2;16;16;16m██[38;2;16;16;16m██                
              [38;2;16;16;16m██[38;2;77;47;38m██[38;2;77;47;38m██[38;2;77;47;38m██[38;2;184;138;109m██[38;2;184;138;109m██[38;2;184;138;109m██[38;2;184;138;109m██[38;2;184;138;109m██[38;2;247;181;141m██[38;2;77;47;38m██[38;2;77;47;38m██[38;2;77;47;38m██[38;2;77;47;38m██[38;2;16;16;16m██                        
            [38;2;16;16;16m██[38;2;115;70;56m██[38;2;77;47;38m██[38;2;77;47;38m██[38;2;16;16;16m██[38;2;247;181;141m██[38;2;247;181;141m██[38;2;247;181;141m██[38;2;247;181;141m██[38;2;247;181;141m██[38;2;247;181;141m██[38;2;247;181;141m██[38;2;77;47;38m██[38;2;77;47;38m██[38;2;115;70;56m██[38;2;115;70;56m██[38;2;16;16;16m██                      
          [38;2;16;16;16m██[38;2;115;70;56m██[38;2;115;70;56m██[38;2;115;70;56m██[38;2;77;47;38m██[38;2;16;16;16m██[38;2;247;181;141m██[38;2;247;181;141m██[38;2;247;181;141m██[38;2;247;181;141m██[38;2;247;181;141m██[38;2;247;181;141m██[38;2;247;181;141m██[38;2;16;16;16m██[38;2;115;70;56m██[38;2;115;70;56m██[38;2;115;70;56m██[38;2;115;70;56m██[38;2;16;16;16m██                    
          [38;2;16;16;16m██[38;2;115;70;56m██[38;2;115;70;56m██[38;2;115;70;56m██[38;2;16;16;16m██[38;2;247;181;141m██[38;2;247;181;141m██[38;2;247;181;141m██[38;2;247;181;141m██[38;2;247;181;141m██[38;2;247;181;141m██[38;2;247;181;141m██[38;2;247;181;141m██[38;2;16;16;16m██[38;2;115;70;56m██[38;2;115;70;56m██[38;2;115;70;56m██[38;2;115;70;56m██[38;2;16;16;16m██                    
        [38;2;16;16;16m██[38;2;115;70;56m██[38;2;77;47;38m██[38;2;115;70;56m██[38;2;115;70;56m██[38;2;16;16;16m██[38;2;247;181;141m██[38;2;247;181;141m██[38;2;247;181;141m██[38;2;247;181;141m██[38;2;247;181;141m██[38;2;247;181;141m██[38;2;247;181;141m██[38;2;247;181;141m██[38;2;184;138;109m██[38;2;16;16;16m██[38;2;115;70;56m██[38;2;115;70;56m██[38;2;115;70;56m██[38;2;115;70;56m██[38;2;16;16;16m██                  
        [38;2;16;16;16m██[38;2;115;70;56m██[38;2;77;47;38m██[38;2;115;70;56m██[38;2;16;16;16m██[38;2;16;16;16m██[38;2;247;181;141m██[38;2;247;181;141m██[38;2;247;181;141m██[38;2;247;181;141m██[38;2;247;181;141m██[38;2;247;181;141m██[38;2;247;181;141m██[38;2;247;181;141m██[38;2;184;138;109m██[38;2;16;16;16m██[38;2;115;70;56m██[38;2;115;70;56m██[38;2;77;47;38m██[38;2;115;70;56m██[38;2;16;16;16m██[38;2;16;16;16m██[38;2;16;16;16m██[38;2;16;16;16m██            
          [38;2;16;16;16m██[38;2;16;16;16m██[38;2;16;16;16m██  [38;2;16;16;16m██[38;2;184;138;109m██[38;2;247;181;141m██[38;2;247;181;141m██[38;2;247;181;141m██[38;2;247;181;141m██[38;2;247;181;141m██[38;2;247;181;141m██[38;2;184;138;109m██[38;2;184;138;109m██[38;2;134;52;48m██[38;2;16;16;16m██[38;2;115;70;56m██[38;2;77;47;38m██[38;2;115;70;56m██[38;2;16;16;16m██[38;2;236;236;77m██[38;2;236;236;77m██[38;2;16;16;16m██            
                  [38;2;16;16;16m██[38;2;184;138;109m██[38;2;184;138;109m██[38;2;184;138;109m██[38;2;184;138;109m██[38;2;184;138;109m██[38;2;184;138;109m██[38;2;184;138;109m██[38;2;184;138;109m██[38;2;184;138;109m██[38;2;134;52;48m██[38;2;89;35;32m██[38;2;16;16;16m██[38;2;16;16;16m██[38;2;16;16;16m██[38;2;236;236;77m██[38;2;236;236;77m██[38;2;16;16;16m██              
                    [38;2;16;16;16m██[38;2;184;138;109m██[38;2;184;138;109m██[38;2;16;16;16m██[38;2;16;16;16m██[38;2;16;16;16m██[38;2;184;138;109m██[38;2;184;138;109m██[38;2;184;138;109m██[38;2;16;16;16m██[38;2;134;52;48m██[38;2;134;52;48m██[38;2;236;236;77m██[38;2;236;236;77m██[38;2;16;16;16m██[38;2;16;16;16m██                
                [38;2;16;16;16m██[38;2;16;16;16m██[38;2;16;16;16m██[38;2;184;138;109m██[38;2;184;138;109m██[38;2;16;16;16m██    [38;2;16;16;16m██[38;2;184;138;109m██[38;2;184;138;109m██[38;2;184;138;109m██[38;2;16;16;16m██[38;2;16;16;16m██[38;2;16;16;16m██[38;2;16;16;16m██                    
              [38;2;16;16;16m██[38;2;248;248;248m██[38;2;115;70;56m██[38;2;184;138;109m██[38;2;184;138;109m██[38;2;184;138;109m██[38;2;16;16;16m██    [38;2;16;16;16m██[38;2;184;138;109m██[38;2;115;70;56m██[38;2;115;70;56m██[38;2;115;70;56m██[38;2;16;16;16m██                        
            [38;2;16;16;16m██[38;2;248;248;248m██[38;2;115;70;56m██[38;2;248;248;248m██[38;2;248;248;248m██[38;2;115;70;56m██[38;2;16;16;16m██      [38;2;16;16;16m██[38;2;115;70;56m██[38;2;248;248;248m██[38;2;115;70;56m██[38;2;248;248;248m██[38;2;248;248;248m██[38;2;16;16;16m██                      
            [38;2;16;16;16m██[38;2;115;70;56m██[38;2;248;248;248m██[38;2;248;248;248m██[38;2;16;16;16m██[38;2;16;16;16m██          [38;2;16;16;16m██[38;2;248;248;248m██[38;2;248;248;248m██[38;2;115;70;56m██[38;2;248;248;248m██[38;2;16;16;16m██                      
              [38;2;16;16;16m██[38;2;16;16;16m██[38;2;16;16;16m██                [38;2;16;16;16m██[38;2;248;248;248m██[38;2;115;70;56m██[38;2;248;248;248m██[38;2;16;16;16m██                      
                                      [38;2;16;16;16m██[38;2;16;16;16m██[38;2;16;16;16m██                        
