                                                    [38;2;64;40;16m██                                                        
                    [38;2;153;61;31m██[38;2;153;61;31m██                          [38;2;102;64;26m██[38;2;64;40;16m██                                      [38;2;153;61;31m██[38;2;153;61;31m██[38;2;153;61;31m██            
                    [38;2;153;61;31m██[38;2;242;97;48m██[38;2;153;61;31m██                        [38;2;102;64;26m██[38;2;64;40;16m██                                  [38;2;153;61;31m██[38;2;153;61;31m██[38;2;242;97;48m██[38;2;242;97;48m██[38;2;16;16;16m██            
                    [38;2;153;61;31m██[38;2;242;97;48m██[38;2;242;97;48m██[38;2;153;61;31m██                    [38;2;102;64;26m██[38;2;153;96;38m██[38;2;64;40;16m██                              [38;2;153;61;31m██[38;2;153;61;31m██[38;2;242;97;48m██[38;2;242;97;48m██[38;2;242;97;48m██[38;2;16;16;16m██              
                      [38;2;153;61;31m██[38;2;242;97;48m██[38;2;242;97;48m██[38;2;153;61;31m██                  [38;2;102;64;26m██[38;2;153;96;38m██[38;2;64;40;16m██                          [38;2;68;89;27m██[38;2;153;61;31m██[38;2;242;97;48m██[38;2;242;97;48m██[38;2;242;97;48m██[38;2;242;97;48m██[38;2;16;16;16m██                
                      [38;2;153;61;31m██[38;2;242;97;48m██[38;2;242;97;48m██[38;2;242;97;48m██[38;2;153;61;31m██    [38;2;102;64;26m██[38;2;64;40;16m██      [38;2;102;64;26m██[38;2;153;96;38m██[38;2;153;96;38m██[38;2;102;64;26m██                        [38;2;68;89;27m██[38;2;166;217;65m██[38;2;242;97;48m██[38;2;242;97;48m██[38;2;242;97;48m██[38;2;242;97;48m██[38;2;242;97;48m██[38;2;16;16;16m██                
                        [38;2;153;61;31m██[38;2;242;97;48m██[38;2;242;97;48m██[38;2;166;217;65m██[38;2;68;89;27m██  [38;2;102;64;26m██[38;2;153;96;38m██[38;2;64;40;16m██    [38;2;102;64;26m██[38;2;153;96;38m██[38;2;153;96;38m██[38;2;102;64;26m██[38;2;64;40;16m██[38;2;68;89;27m██[38;2;68;89;27m██[38;2;68;89;27m██[38;2;64;40;16m██[38;2;64;40;16m██        [38;2;68;89;27m██[38;2;68;89;27m██[38;2;166;217;65m██[38;2;166;217;65m██[38;2;166;217;65m██[38;2;242;97;48m██[38;2;242;97;48m██[38;2;242;97;48m██[38;2;16;16;16m██                  
                        [38;2;153;61;31m██[38;2;242;97;48m██[38;2;166;217;65m██[38;2;166;217;65m██[38;2;166;217;65m██[38;2;68;89;27m██[38;2;102;64;26m██[38;2;153;96;38m██[38;2;153;96;38m██[38;2;64;40;16m██[38;2;102;64;26m██[38;2;153;96;38m██[38;2;153;96;38m██[38;2;153;96;38m██[38;2;102;64;26m██[38;2;64;40;16m██[38;2;117;153;46m██[38;2;64;40;16m██[38;2;102;64;26m██[38;2;153;96;38m██[38;2;64;40;16m██[38;2;68;89;27m██[38;2;68;89;27m██[38;2;68;89;27m██[38;2;68;89;27m██[38;2;117;153;46m██[38;2;166;217;65m██[38;2;166;217;65m██[38;2;166;217;65m██[38;2;166;217;65m██[38;2;166;217;65m██[38;2;242;97;48m██[38;2;16;16;16m██                    
                          [38;2;68;89;27m██[38;2;166;217;65m██[38;2;166;217;65m██[38;2;166;217;65m██[38;2;166;217;65m██[38;2;102;64;26m██[38;2;153;96;38m██[38;2;153;96;38m██[38;2;102;64;26m██[38;2;102;64;26m██[38;2;153;96;38m██[38;2;153;96;38m██[38;2;153;96;38m██[38;2;102;64;26m██[38;2;64;40;16m██[38;2;102;64;26m██[38;2;153;96;38m██[38;2;153;96;38m██[38;2;64;40;16m██[38;2;117;153;46m██[38;2;117;153;46m██[38;2;166;217;65m██[38;2;68;89;27m██[38;2;166;217;65m██[38;2;166;217;65m██[38;2;166;217;65m██[38;2;166;217;65m██[38;2;166;217;65m██[38;2;166;217;65m██[38;2;166;217;65m██[38;2;166;217;65m██[38;2;16;16;16m██                    
                          [38;2;68;89;27m██[38;2;166;217;65m██[38;2;166;217;65m██[38;2;166;217;65m██[38;2;166;217;65m██[38;2;166;217;65m██[38;2;102;64;26m██[38;2;153;96;38m██[38;2;153;96;38m██[38;2;102;64;26m██[38;2;153;96;38m██[38;2;153;96;38m██[38;2;153;96;38m██[38;2;102;64;26m██[38;2;102;64;26m██[38;2;153;96;38m██[38;2;153;96;38m██[38;2;102;64;26m██[38;2;64;40;16m██[38;2;117;153;46m██[38;2;166;217;65m██[38;2;166;217;65m██[38;2;166;217;65m██[38;2;166;217;65m██[38;2;166;217;65m██[38;2;166;217;65m██[38;2;166;217;65m██[38;2;166;217;65m██[38;2;166;217;65m██[38;2;166;217;65m██[38;2;16;16;16m██                      
                            [38;2;68;89;27m██[38;2;166;217;65m██[38;2;166;217;65m██[38;2;166;217;65m██[38;2;166;217;65m██[38;2;102;64;26m██[38;2;153;96;38m██[38;2;153;96;38m██[38;2;153;96;38m██[38;2;153;96;38m██[38;2;153;96;38m██[38;2;153;96;38m██[38;2;102;64;26m██[38;2;153;96;38m██[38;2;153;96;38m██[38;2;153;96;38m██[38;2;64;40;16m██[38;2;117;153;46m██[38;2;166;217;65m██[38;2;166;217;65m██[38;2;166;217;65m██[38;2;166;217;65m██[38;2;166;217;65m██[38;2;166;217;65m██[38;2;166;217;65m██[38;2;166;217;65m██[38;2;166;217;65m██[38;2;166;217;65m██[38;2;16;16;16m██                        
                            [38;2;68;89;27m██[38;2;117;153;46m██[38;2;166;217;65m██[38;2;117;153;46m██[38;2;166;217;65m██[38;2;166;217;65m██[38;2;102;64;26m██[38;2;153;96;38m██[38;2;153;96;38m██[38;2;153;96;38m██[38;2;153;96;38m██[38;2;153;96;38m██[38;2;153;96;38m██[38;2;153;96;38m██[38;2;153;96;38m██[38;2;64;40;16m██[38;2;117;153;46m██[38;2;117;153;46m██[38;2;166;217;65m██[38;2;166;217;65m██[38;2;166;217;65m██[38;2;166;217;65m██[38;2;166;217;65m██[38;2;166;217;65m██[38;2;166;217;65m██[38;2;166;217;65m██[38;2;166;217;65m██[38;2;68;89;27m██[38;2;16;16;16m██                        
                              [38;2;68;89;27m██[38;2;68;89;27m██[38;2;166;217;65m██[38;2;166;217;65m██[38;2;117;153;46m██[38;2;64;40;16m██[38;2;102;64;26m██[38;2;153;96;38m██[38;2;153;96;38m██[38;2;153;96;38m██[38;2;153;96;38m██[38;2;153;96;38m██[38;2;153;96;38m██[38;2;64;40;16m██[38;2;255;178;102m██[38;2;255;178;102m██[38;2;255;178;102m██[38;2;117;153;46m██[38;2;166;217;65m██[38;2;166;217;65m██[38;2;166;217;65m██[38;2;166;217;65m██[38;2;166;217;65m██[38;2;166;217;65m██[38;2;166;217;65m██[38;2;68;89;27m██[38;2;117;153;46m██[38;2;117;153;46m██[38;2;16;16;16m██                      
                              [38;2;68;89;27m██[38;2;166;217;65m██[38;2;166;217;65m██[38;2;117;153;46m██[38;2;255;178;102m██[38;2;255;178;102m██[38;2;64;40;16m██[38;2;153;96;38m██[38;2;153;96;38m██[38;2;153;96;38m██[38;2;153;96;38m██[38;2;153;96;38m██[38;2;64;40;16m██[38;2;255;178;102m██[38;2;255;178;102m██[38;2;255;178;102m██[38;2;255;178;102m██[38;2;255;178;102m██[38;2;117;153;46m██[38;2;166;217;65m██[38;2;166;217;65m██[38;2;166;217;65m██[38;2;166;217;65m██[38;2;166;217;65m██[38;2;166;217;65m██[38;2;166;217;65m██[38;2;166;217;65m██[38;2;117;153;46m██[38;2;68;89;27m██                      
                              [38;2;68;89;27m██[38;2;166;217;65m██[38;2;117;153;46m██[38;2;255;178;102m██[38;2;191;134;76m██[38;2;191;134;76m██[38;2;191;134;76m██[38;2;102;64;26m██[38;2;153;96;38m██[38;2;153;96;38m██[38;2;153;96;38m██[38;2;64;40;16m██[38;2;255;178;102m██[38;2;255;178;102m██[38;2;191;134;76m██[38;2;191;134;76m██[38;2;255;178;102m██[38;2;255;178;102m██[38;2;255;178;102m██[38;2;117;153;46m██[38;2;166;217;65m██[38;2;166;217;65m██[38;2;166;217;65m██[38;2;166;217;65m██[38;2;166;217;65m██[38;2;166;217;65m██[38;2;166;217;65m██[38;2;166;217;65m██[38;2;117;153;46m██[38;2;16;16;16m██                    
                            [38;2;68;89;27m██[38;2;166;217;65m██[38;2;117;153;46m██[38;2;255;178;102m██[38;2;255;178;102m██[38;2;248;248;248m██[38;2;248;248;248m██[38;2;191;134;76m██[38;2;64;40;16m██[38;2;153;96;38m██[38;2;153;96;38m██[38;2;102;64;26m██[38;2;191;134;76m██[38;2;255;178;102m██[38;2;191;134;76m██[38;2;248;248;248m██[38;2;248;248;248m██[38;2;191;134;76m██[38;2;255;178;102m██[38;2;255;178;102m██[38;2;255;178;102m██[38;2;117;153;46m██[38;2;166;217;65m██[38;2;166;217;65m██[38;2;166;217;65m██[38;2;166;217;65m██[38;2;166;217;65m██[38;2;166;217;65m██[38;2;166;217;65m██[38;2;166;217;65m██[38;2;68;89;27m██                    
                            [38;2;68;89;27m██[38;2;166;217;65m██[38;2;117;153;46m██[38;2;255;178;102m██[38;2;191;134;76m██[38;2;191;191;191m██[38;2;89;89;89m██[38;2;255;178;102m██[38;2;255;178;102m██[38;2;64;40;16m██[38;2;153;96;38m██[38;2;64;40;16m██[38;2;255;178;102m██[38;2;255;178;102m██[38;2;191;191;191m██[38;2;89;89;89m██[38;2;191;191;191m██[38;2;191;191;191m██[38;2;255;178;102m██[38;2;255;178;102m██[38;2;255;178;102m██[38;2;117;153;46m██[38;2;166;217;65m██[38;2;166;217;65m██[38;2;166;217;65m██[38;2;166;217;65m██[38;2;166;217;65m██[38;2;166;217;65m██[38;2;166;217;65m██[38;2;166;217;65m██[38;2;166;217;65m██[38;2;68;89;27m██                  
                            [38;2;68;89;27m██[38;2;117;153;46m██[38;2;255;178;102m██[38;2;255;178;102m██[38;2;248;248;248m██[38;2;89;89;89m██[38;2;248;248;248m██[38;2;191;134;76m██[38;2;255;178;102m██[38;2;255;178;102m██[38;2;64;40;16m██[38;2;255;178;102m██[38;2;255;178;102m██[38;2;255;178;102m██[38;2;89;89;89m██[38;2;248;248;248m██[38;2;89;89;89m██[38;2;248;248;248m██[38;2;191;134;76m██[38;2;255;178;102m██[38;2;255;178;102m██[38;2;255;178;102m██[38;2;117;153;46m██[38;2;166;217;65m██[38;2;166;217;65m██[38;2;166;217;65m██[38;2;166;217;65m██[38;2;166;217;65m██[38;2;166;217;65m██[38;2;166;217;65m██[38;2;166;217;65m██[38;2;68;89;27m██                  
                          [38;2;68;89;27m██[38;2;166;217;65m██[38;2;117;153;46m██[38;2;255;178;102m██[38;2;255;178;102m██[38;2;248;248;248m██[38;2;89;89;89m██[38;2;16;16;16m██[38;2;191;134;76m██[38;2;255;178;102m██[38;2;191;134;76m██[38;2;191;134;76m██[38;2;255;178;102m██[38;2;255;178;102m██[38;2;191;134;76m██[38;2;89;89;89m██[38;2;16;16;16m██[38;2;89;89;89m██[38;2;248;248;248m██[38;2;191;134;76m██[38;2;255;178;102m██[38;2;255;178;102m██[38;2;255;178;102m██[38;2;117;153;46m██[38;2;166;217;65m██[38;2;166;217;65m██[38;2;166;217;65m██[38;2;166;217;65m██[38;2;166;217;65m██[38;2;166;217;65m██[38;2;166;217;65m██[38;2;166;217;65m██[38;2;68;89;27m██                  
                          [38;2;68;89;27m██[38;2;166;217;65m██[38;2;117;153;46m██[38;2;255;178;102m██[38;2;255;178;102m██[38;2;248;248;248m██[38;2;89;89;89m██[38;2;16;16;16m██[38;2;153;61;31m██[38;2;153;61;31m██[38;2;153;61;31m██[38;2;255;178;102m██[38;2;255;178;102m██[38;2;255;178;102m██[38;2;191;134;76m██[38;2;89;89;89m██[38;2;16;16;16m██[38;2;89;89;89m██[38;2;248;248;248m██[38;2;191;134;76m██[38;2;255;178;102m██[38;2;255;178;102m██[38;2;255;178;102m██[38;2;117;153;46m██[38;2;166;217;65m██[38;2;166;217;65m██[38;2;166;217;65m██[38;2;166;217;65m██[38;2;166;217;65m██[38;2;166;217;65m██[38;2;166;217;65m██[38;2;166;217;65m██[38;2;166;217;65m██[38;2;68;89;27m██                
                          [38;2;68;89;27m██[38;2;166;217;65m██[38;2;117;153;46m██[38;2;191;134;76m██[38;2;255;178;102m██[38;2;248;248;248m██[38;2;191;191;191m██[38;2;89;89;89m██[38;2;153;61;31m██[38;2;242;97;48m██[38;2;242;97;48m██[38;2;153;61;31m██[38;2;255;178;102m██[38;2;255;178;102m██[38;2;191;134;76m██[38;2;191;191;191m██[38;2;89;89;89m██[38;2;191;191;191m██[38;2;248;248;248m██[38;2;255;178;102m██[38;2;255;178;102m██[38;2;191;134;76m██[38;2;153;96;38m██[38;2;117;153;46m██[38;2;166;217;65m██[38;2;166;217;65m██[38;2;166;217;65m██[38;2;166;217;65m██[38;2;166;217;65m██[38;2;166;217;65m██[38;2;166;217;65m██[38;2;166;217;65m██[38;2;166;217;65m██[38;2;68;89;27m██                
                    [38;2;68;89;27m██[38;2;68;89;27m██[38;2;68;89;27m██[38;2;166;217;65m██[38;2;166;217;65m██[38;2;117;153;46m██[38;2;153;96;38m██[38;2;153;96;38m██[38;2;255;178;102m██[38;2;248;248;248m██[38;2;248;248;248m██[38;2;191;134;76m██[38;2;153;61;31m██[38;2;242;97;48m██[38;2;153;61;31m██[38;2;255;178;102m██[38;2;255;178;102m██[38;2;255;178;102m██[38;2;191;134;76m██[38;2;248;248;248m██[38;2;248;248;248m██[38;2;255;178;102m██[38;2;191;134;76m██[38;2;153;96;38m██[38;2;153;96;38m██[38;2;153;96;38m██[38;2;117;153;46m██[38;2;166;217;65m██[38;2;166;217;65m██[38;2;166;217;65m██[38;2;166;217;65m██[38;2;166;217;65m██[38;2;117;153;46m██[38;2;68;89;27m██[38;2;68;89;27m██[38;2;166;217;65m██[38;2;68;89;27m██                
                [38;2;68;89;27m██[38;2;68;89;27m██[38;2;117;153;46m██[38;2;166;217;65m██[38;2;68;89;27m██[38;2;166;217;65m██[38;2;166;217;65m██[38;2;117;153;46m██[38;2;153;96;38m██[38;2;153;96;38m██[38;2;153;96;38m██[38;2;255;178;102m██[38;2;255;178;102m██[38;2;255;178;102m██[38;2;191;134;76m██[38;2;191;134;76m██[38;2;191;134;76m██[38;2;191;134;76m██[38;2;255;178;102m██[38;2;255;178;102m██[38;2;255;178;102m██[38;2;255;178;102m██[38;2;255;178;102m██[38;2;153;96;38m██[38;2;153;96;38m██[38;2;153;96;38m██[38;2;153;96;38m██[38;2;153;96;38m██[38;2;117;153;46m██[38;2;166;217;65m██[38;2;166;217;65m██[38;2;166;217;65m██[38;2;117;153;46m██[38;2;166;217;65m██[38;2;166;217;65m██[38;2;166;217;65m██[38;2;166;217;65m██[38;2;68;89;27m██[38;2;68;89;27m██                
            [38;2;68;89;27m██[38;2;68;89;27m██[38;2;166;217;65m██[38;2;166;217;65m██[38;2;166;217;65m██[38;2;166;217;65m██[38;2;68;89;27m██[38;2;166;217;65m██[38;2;166;217;65m██[38;2;166;217;65m██[38;2;117;153;46m██[38;2;153;96;38m██[38;2;191;134;76m██[38;2;255;178;102m██[38;2;255;178;102m██[38;2;191;134;76m██[38;2;255;178;102m██[38;2;191;134;76m██[38;2;191;134;76m██[38;2;255;178;102m██[38;2;255;178;102m██[38;2;255;178;102m██[38;2;255;178;102m██[38;2;191;134;76m██[38;2;255;178;102m██[38;2;255;178;102m██[38;2;153;96;38m██[38;2;153;96;38m██[38;2;153;96;38m██[38;2;117;153;46m██[38;2;166;217;65m██[38;2;166;217;65m██[38;2;166;217;65m██[38;2;117;153;46m██[38;2;166;217;65m██[38;2;166;217;65m██[38;2;166;217;65m██[38;2;166;217;65m██[38;2;166;217;65m██[38;2;166;217;65m██[38;2;166;217;65m██[38;2;68;89;27m██              
          [38;2;68;89;27m██[38;2;117;153;46m██[38;2;166;217;65m██[38;2;166;217;65m██[38;2;166;217;65m██[38;2;166;217;65m██[38;2;166;217;65m██[38;2;68;89;27m██[38;2;166;217;65m██[38;2;166;217;65m██[38;2;166;217;65m██[38;2;117;153;46m██[38;2;153;96;38m██[38;2;255;178;102m██[38;2;255;178;102m██[38;2;255;178;102m██[38;2;255;178;102m██[38;2;153;96;38m██[38;2;255;178;102m██[38;2;255;178;102m██[38;2;255;178;102m██[38;2;255;178;102m██[38;2;191;134;76m██[38;2;153;96;38m██[38;2;255;178;102m██[38;2;255;178;102m██[38;2;255;178;102m██[38;2;191;134;76m██[38;2;153;96;38m██[38;2;153;96;38m██[38;2;117;153;46m██[38;2;166;217;65m██[38;2;166;217;65m██[38;2;166;217;65m██[38;2;117;153;46m██[38;2;166;217;65m██[38;2;166;217;65m██[38;2;166;217;65m██[38;2;166;217;65m██[38;2;166;217;65m██[38;2;166;217;65m██[38;2;166;217;65m██[38;2;166;217;65m██[38;2;68;89;27m██            
        [38;2;68;89;27m██[38;2;166;217;65m██[38;2;166;217;65m██[38;2;117;153;46m██[38;2;166;217;65m██[38;2;166;217;65m██[38;2;166;217;65m██[38;2;166;217;65m██[38;2;68;89;27m██[38;2;166;217;65m██[38;2;166;217;65m██[38;2;166;217;65m██[38;2;166;217;65m██[38;2;117;153;46m██[38;2;255;178;102m██[38;2;255;178;102m██[38;2;255;178;102m██[38;2;255;178;102m██[38;2;255;178;102m██[38;2;191;134;76m██[38;2;153;96;38m██[38;2;153;96;38m██[38;2;153;96;38m██[38;2;191;134;76m██[38;2;255;178;102m██[38;2;255;178;102m██[38;2;255;178;102m██[38;2;255;178;102m██[38;2;255;178;102m██[38;2;153;96;38m██[38;2;117;153;46m██[38;2;166;217;65m██[38;2;166;217;65m██[38;2;166;217;65m██[38;2;166;217;65m██[38;2;117;153;46m██[38;2;166;217;65m██[38;2;166;217;65m██[38;2;166;217;65m██[38;2;166;217;65m██[38;2;166;217;65m██[38;2;166;217;65m██[38;2;166;217;65m██[38;2;166;217;65m██[38;2;166;217;65m██[38;2;68;89;27m██          
      [38;2;68;89;27m██[38;2;166;217;65m██[38;2;166;217;65m██[38;2;166;217;65m██[38;2;166;217;65m██[38;2;117;153;46m██[38;2;166;217;65m██[38;2;166;217;65m██[38;2;166;217;65m██[38;2;68;89;27m██[38;2;166;217;65m██[38;2;166;217;65m██[38;2;166;217;65m██[38;2;166;217;65m██[38;2;166;217;65m██[38;2;117;153;46m██[38;2;255;178;102m██[38;2;255;178;102m██[38;2;255;178;102m██[38;2;255;178;102m██[38;2;255;178;102m██[38;2;255;178;102m██[38;2;255;178;102m██[38;2;255;178;102m██[38;2;255;178;102m██[38;2;255;178;102m██[38;2;255;178;102m██[38;2;255;178;102m██[38;2;255;178;102m██[38;2;191;134;76m██[38;2;117;153;46m██[38;2;166;217;65m██[38;2;166;217;65m██[38;2;166;217;65m██[38;2;166;217;65m██[38;2;166;217;65m██[38;2;166;217;65m██[38;2;166;217;65m██[38;2;166;217;65m██[38;2;166;217;65m██[38;2;166;217;65m██[38;2;166;217;65m██[38;2;166;217;65m██[38;2;166;217;65m██[38;2;117;153;46m██[38;2;117;153;46m██[38;2;117;153;46m██[38;2;68;89;27m██        
    [38;2;68;89;27m██[38;2;166;217;65m██[38;2;166;217;65m██[38;2;166;217;65m██[38;2;166;217;65m██[38;2;166;217;65m██[38;2;166;217;65m██[38;2;117;153;46m██[38;2;166;217;65m██[38;2;68;89;27m██[38;2;64;40;16m██[38;2;166;217;65m██[38;2;166;217;65m██[38;2;166;217;65m██[38;2;166;217;65m██[38;2;166;217;65m██[38;2;166;217;65m██[38;2;117;153;46m██[38;2;117;153;46m██[38;2;255;178;102m██[38;2;255;178;102m██[38;2;255;178;102m██[38;2;255;178;102m██[38;2;255;178;102m██[38;2;255;178;102m██[38;2;255;178;102m██[38;2;255;178;102m██[38;2;255;178;102m██[38;2;191;134;76m██[38;2;117;153;46m██[38;2;117;153;46m██[38;2;166;217;65m██[38;2;166;217;65m██[38;2;166;217;65m██[38;2;166;217;65m██[38;2;166;217;65m██[38;2;166;217;65m██[38;2;166;217;65m██[38;2;166;217;65m██[38;2;166;217;65m██[38;2;166;217;65m██[38;2;166;217;65m██[38;2;166;217;65m██[38;2;166;217;65m██[38;2;117;153;46m██[38;2;166;217;65m██[38;2;166;217;65m██[38;2;166;217;65m██[38;2;117;153;46m██[38;2;68;89;27m██      
    [38;2;68;89;27m██[38;2;166;217;65m██[38;2;166;217;65m██[38;2;166;217;65m██[38;2;166;217;65m██[38;2;166;217;65m██[38;2;166;217;65m██[38;2;68;89;27m██[38;2;68;89;27m██[38;2;102;64;26m██[38;2;16;16;16m██[38;2;166;217;65m██[38;2;166;217;65m██[38;2;166;217;65m██[38;2;166;217;65m██[38;2;166;217;65m██[38;2;166;217;65m██[38;2;166;217;65m██[38;2;166;217;65m██[38;2;117;153;46m██[38;2;117;153;46m██[38;2;117;153;46m██[38;2;117;153;46m██[38;2;117;153;46m██[38;2;117;153;46m██[38;2;117;153;46m██[38;2;117;153;46m██[38;2;117;153;46m██[38;2;117;153;46m██[38;2;166;217;65m██[38;2;166;217;65m██[38;2;166;217;65m██[38;2;166;217;65m██[38;2;166;217;65m██[38;2;166;217;65m██[38;2;166;217;65m██[38;2;166;217;65m██[38;2;166;217;65m██[38;2;68;89;27m██[38;2;68;89;27m██[38;2;68;89;27m██[38;2;166;217;65m██[38;2;166;217;65m██[38;2;117;153;46m██[38;2;166;217;65m██[38;2;166;217;65m██[38;2;166;217;65m██[38;2;166;217;65m██[38;2;166;217;65m██[38;2;68;89;27m██      
  [38;2;64;40;16m██[38;2;153;96;38m██[38;2;68;89;27m██[38;2;166;217;65m██[38;2;166;217;65m██[38;2;166;217;65m██[38;2;68;89;27m██[38;2;68;89;27m██[38;2;153;96;38m██[38;2;102;64;26m██[38;2;102;64;26m██[38;2;16;16;16m██[38;2;166;217;65m██[38;2;166;217;65m██[38;2;166;217;65m██[38;2;166;217;65m██[38;2;166;217;65m██[38;2;166;217;65m██[38;2;166;217;65m██[38;2;166;217;65m██[38;2;166;217;65m██[38;2;166;217;65m██[38;2;166;217;65m██[38;2;166;217;65m██[38;2;166;217;65m██[38;2;166;217;65m██[38;2;166;217;65m██[38;2;166;217;65m██[38;2;166;217;65m██[38;2;166;217;65m██[38;2;166;217;65m██[38;2;166;217;65m██[38;2;166;217;65m██[38;2;166;217;65m██[38;2;166;217;65m██[38;2;166;217;65m██[38;2;166;217;65m██[38;2;166;217;65m██[38;2;166;217;65m██[38;2;16;16;16m██[38;2;102;64;26m██[38;2;102;64;26m██[38;2;68;89;27m██[38;2;68;89;27m██[38;2;117;153;46m██[38;2;166;217;65m██[38;2;166;217;65m██[38;2;166;217;65m██[38;2;166;217;65m██[38;2;166;217;65m██[38;2;166;217;65m██[38;2;68;89;27m██    
  [38;2;64;40;16m██[38;2;153;96;38m██[38;2;153;96;38m██[38;2;68;89;27m██[38;2;68;89;27m██[38;2;68;89;27m██[38;2;153;96;38m██[38;2;153;96;38m██[38;2;153;96;38m██[38;2;102;64;26m██[38;2;16;16;16m██[38;2;16;16;16m██[38;2;68;89;27m██[38;2;166;217;65m██[38;2;166;217;65m██[38;2;166;217;65m██[38;2;166;217;65m██[38;2;166;217;65m██[38;2;166;217;65m██[38;2;166;217;65m██[38;2;166;217;65m██[38;2;166;217;65m██[38;2;153;96;38m██[38;2;166;217;65m██[38;2;166;217;65m██[38;2;166;217;65m██[38;2;166;217;65m██[38;2;166;217;65m██[38;2;166;217;65m██[38;2;166;217;65m██[38;2;166;217;65m██[38;2;166;217;65m██[38;2;166;217;65m██[38;2;166;217;65m██[38;2;166;217;65m██[38;2;166;217;65m██[38;2;166;217;65m██[38;2;166;217;65m██[38;2;117;153;46m██[38;2;117;153;46m██[38;2;16;16;16m██[38;2;102;64;26m██[38;2;153;96;38m██[38;2;153;96;38m██[38;2;68;89;27m██[38;2;68;89;27m██[38;2;166;217;65m██[38;2;166;217;65m██[38;2;166;217;65m██[38;2;166;217;65m██[38;2;166;217;65m██[38;2;68;89;27m██    
[38;2;89;89;89m██[38;2;64;40;16m██[38;2;102;64;26m██[38;2;102;64;26m██[38;2;153;96;38m██[38;2;153;96;38m██[38;2;153;96;38m██[38;2;153;96;38m██[38;2;153;96;38m██[38;2;16;16;16m██[38;2;16;16;16m██    [38;2;16;16;16m██[38;2;166;217;65m██[38;2;166;217;65m██[38;2;166;217;65m██[38;2;166;217;65m██[38;2;166;217;65m██[38;2;166;217;65m██[38;2;166;217;65m██[38;2;166;217;65m██[38;2;117;153;46m██[38;2;153;96;38m██[38;2;153;96;38m██[38;2;166;217;65m██[38;2;166;217;65m██[38;2;166;217;65m██[38;2;166;217;65m██[38;2;166;217;65m██[38;2;166;217;65m██[38;2;166;217;65m██[38;2;166;217;65m██[38;2;166;217;65m██[38;2;166;217;65m██[38;2;166;217;65m██[38;2;166;217;65m██[38;2;166;217;65m██[38;2;117;153;46m██[38;2;117;153;46m██[38;2;117;153;46m██[38;2;117;153;46m██[38;2;16;16;16m██[38;2;16;16;16m██[38;2;153;96;38m██[38;2;153;96;38m██[38;2;153;96;38m██[38;2;68;89;27m██[38;2;68;89;27m██[38;2;68;89;27m██[38;2;68;89;27m██[38;2;68;89;27m██[38;2;153;96;38m██[38;2;64;40;16m██  
[38;2;89;89;89m██[38;2;89;89;89m██[38;2;248;248;248m██[38;2;248;248;248m██[38;2;102;64;26m██[38;2;153;96;38m██[38;2;102;64;26m██[38;2;102;64;26m██[38;2;16;16;16m██        [38;2;16;16;16m██[38;2;117;153;46m██[38;2;166;217;65m██[38;2;166;217;65m██[38;2;166;217;65m██[38;2;166;217;65m██[38;2;166;217;65m██[38;2;166;217;65m██[38;2;166;217;65m██[38;2;153;96;38m██[38;2;153;96;38m██[38;2;153;96;38m██[38;2;117;153;46m██[38;2;166;217;65m██[38;2;166;217;65m██[38;2;166;217;65m██[38;2;166;217;65m██[38;2;166;217;65m██[38;2;166;217;65m██[38;2;166;217;65m██[38;2;166;217;65m██[38;2;166;217;65m██[38;2;166;217;65m██[38;2;166;217;65m██[38;2;117;153;46m██[38;2;117;153;46m██[38;2;117;153;46m██[38;2;117;153;46m██[38;2;117;153;46m██[38;2;117;153;46m██[38;2;117;153;46m██[38;2;16;16;16m██[38;2;102;64;26m██[38;2;153;96;38m██[38;2;153;96;38m██[38;2;153;96;38m██[38;2;153;96;38m██[38;2;153;96;38m██[38;2;153;96;38m██[38;2;153;96;38m██[38;2;102;64;26m██  
[38;2;89;89;89m██[38;2;89;89;89m██[38;2;248;248;248m██[38;2;248;248;248m██[38;2;16;16;16m██[38;2;89;89;89m██[38;2;248;248;248m██[38;2;16;16;16m██            [38;2;68;89;27m██[38;2;117;153;46m██[38;2;166;217;65m██[38;2;166;217;65m██[38;2;166;217;65m██[38;2;166;217;65m██[38;2;166;217;65m██[38;2;166;217;65m██[38;2;153;96;38m██[38;2;153;96;38m██[38;2;153;96;38m██[38;2;153;96;38m██[38;2;166;217;65m██[38;2;166;217;65m██[38;2;166;217;65m██[38;2;166;217;65m██[38;2;166;217;65m██[38;2;166;217;65m██[38;2;166;217;65m██[38;2;166;217;65m██[38;2;166;217;65m██[38;2;117;153;46m██[38;2;117;153;46m██[38;2;117;153;46m██[38;2;117;153;46m██[38;2;117;153;46m██[38;2;117;153;46m██[38;2;117;153;46m██[38;2;117;153;46m██[38;2;117;153;46m██[38;2;117;153;46m██[38;2;16;16;16m██[38;2;102;64;26m██[38;2;153;96;38m██[38;2;153;96;38m██[38;2;153;96;38m██[38;2;102;64;26m██[38;2;102;64;26m██[38;2;89;89;89m██[38;2;248;248;248m██[38;2;16;16;16m██
  [38;2;89;89;89m██[38;2;248;248;248m██[38;2;16;16;16m██  [38;2;16;16;16m██[38;2;16;16;16m██              [38;2;16;16;16m██[38;2;117;153;46m██[38;2;117;153;46m██[38;2;166;217;65m██[38;2;166;217;65m██[38;2;153;96;38m██[38;2;117;153;46m██[38;2;166;217;65m██[38;2;153;96;38m██[38;2;153;96;38m██[38;2;153;96;38m██[38;2;153;96;38m██[38;2;117;153;46m██[38;2;166;217;65m██[38;2;166;217;65m██[38;2;166;217;65m██[38;2;117;153;46m██[38;2;102;64;26m██[38;2;102;64;26m██[38;2;117;153;46m██[38;2;117;153;46m██[38;2;117;153;46m██[38;2;117;153;46m██[38;2;117;153;46m██[38;2;117;153;46m██[38;2;117;153;46m██[38;2;117;153;46m██[38;2;117;153;46m██[38;2;117;153;46m██[38;2;117;153;46m██[38;2;68;89;27m██  [38;2;16;16;16m██[38;2;64;40;16m██[38;2;102;64;26m██[38;2;102;64;26m██[38;2;248;248;248m██[38;2;248;248;248m██[38;2;89;89;89m██[38;2;16;16;16m██[38;2;16;16;16m██
  [38;2;89;89;89m██[38;2;16;16;16m██                        [38;2;16;16;16m██[38;2;117;153;46m██[38;2;117;153;46m██[38;2;117;153;46m██[38;2;102;64;26m██[38;2;102;64;26m██[38;2;102;64;26m██[38;2;153;96;38m██[38;2;153;96;38m██[38;2;153;96;38m██[38;2;153;96;38m██[38;2;153;96;38m██[38;2;117;153;46m██[38;2;117;153;46m██[38;2;102;64;26m██[38;2;102;64;26m██[38;2;102;64;26m██[38;2;102;64;26m██[38;2;117;153;46m██[38;2;117;153;46m██[38;2;117;153;46m██[38;2;117;153;46m██[38;2;117;153;46m██[38;2;117;153;46m██[38;2;117;153;46m██[38;2;117;153;46m██[38;2;117;153;46m██[38;2;68;89;27m██[38;2;16;16;16m██      [38;2;16;16;16m██[38;2;248;248;248m██[38;2;16;16;16m██[38;2;191;191;191m██[38;2;248;248;248m██[38;2;89;89;89m██    
                                [38;2;16;16;16m██[38;2;117;153;46m██[38;2;117;153;46m██[38;2;68;89;27m██[38;2;102;64;26m██[38;2;102;64;26m██[38;2;102;64;26m██[38;2;102;64;26m██[38;2;102;64;26m██[38;2;102;64;26m██[38;2;102;64;26m██[38;2;102;64;26m██[38;2;102;64;26m██[38;2;102;64;26m██[38;2;102;64;26m██[38;2;102;64;26m██[38;2;68;89;27m██[38;2;117;153;46m██[38;2;117;153;46m██[38;2;117;153;46m██[38;2;117;153;46m██[38;2;117;153;46m██[38;2;117;153;46m██[38;2;117;153;46m██[38;2;68;89;27m██[38;2;16;16;16m██[38;2;64;40;16m██[38;2;16;16;16m██        [38;2;16;16;16m██  [38;2;16;16;16m██[38;2;248;248;248m██[38;2;89;89;89m██    
                                [38;2;64;40;16m██[38;2;102;64;26m██[38;2;68;89;27m██[38;2;117;153;46m██[38;2;68;89;27m██[38;2;102;64;26m██[38;2;102;64;26m██[38;2;102;64;26m██[38;2;102;64;26m██[38;2;102;64;26m██[38;2;102;64;26m██[38;2;102;64;26m██[38;2;102;64;26m██[38;2;102;64;26m██[38;2;102;64;26m██[38;2;68;89;27m██[38;2;117;153;46m██[38;2;117;153;46m██[38;2;117;153;46m██[38;2;117;153;46m██[38;2;117;153;46m██[38;2;117;153;46m██[38;2;68;89;27m██[38;2;68;89;27m██[38;2;102;64;26m██[38;2;102;64;26m██[38;2;64;40;16m██[38;2;117;153;46m██[38;2;16;16;16m██[38;2;16;16;16m██          [38;2;16;16;16m██      
                                [38;2;64;40;16m██[38;2;64;40;16m██[38;2;102;64;26m██[38;2;102;64;26m██[38;2;68;89;27m██[38;2;68;89;27m██[38;2;102;64;26m██[38;2;102;64;26m██[38;2;102;64;26m██[38;2;102;64;26m██[38;2;102;64;26m██[38;2;102;64;26m██[38;2;102;64;26m██[38;2;102;64;26m██[38;2;102;64;26m██[38;2;117;153;46m██[38;2;117;153;46m██[38;2;117;153;46m██[38;2;117;153;46m██[38;2;68;89;27m██[38;2;68;89;27m██[38;2;102;64;26m██[38;2;102;64;26m██[38;2;102;64;26m██[38;2;102;64;26m██[38;2;102;64;26m██[38;2;64;40;16m██[38;2;117;153;46m██[38;2;117;153;46m██[38;2;117;153;46m██[38;2;68;89;27m██[38;2;16;16;16m██[38;2;16;16;16m██[38;2;16;16;16m██[38;2;16;16;16m██        
                              [38;2;64;40;16m██[38;2;153;96;38m██[38;2;153;96;38m██[38;2;102;64;26m██[38;2;102;64;26m██[38;2;102;64;26m██[38;2;102;64;26m██[38;2;102;64;26m██[38;2;102;64;26m██[38;2;102;64;26m██[38;2;102;64;26m██[38;2;102;64;26m██[38;2;102;64;26m██[38;2;102;64;26m██[38;2;102;64;26m██[38;2;102;64;26m██[38;2;102;64;26m██[38;2;102;64;26m██[38;2;102;64;26m██[38;2;102;64;26m██[38;2;102;64;26m██[38;2;102;64;26m██[38;2;153;96;38m██[38;2;153;96;38m██[38;2;153;96;38m██[38;2;102;64;26m██[38;2;102;64;26m██[38;2;102;64;26m██[38;2;64;40;16m██[38;2;117;153;46m██[38;2;117;153;46m██[38;2;117;153;46m██[38;2;153;61;31m██[38;2;153;61;31m██[38;2;153;61;31m██[38;2;16;16;16m██        
                              [38;2;64;40;16m██[38;2;153;96;38m██[38;2;153;96;38m██[38;2;153;96;38m██[38;2;102;64;26m██[38;2;64;40;16m██[38;2;102;64;26m██[38;2;102;64;26m██[38;2;102;64;26m██[38;2;102;64;26m██[38;2;102;64;26m██[38;2;102;64;26m██[38;2;102;64;26m██[38;2;102;64;26m██[38;2;102;64;26m██[38;2;102;64;26m██[38;2;102;64;26m██[38;2;102;64;26m██[38;2;102;64;26m██[38;2;102;64;26m██[38;2;102;64;26m██[38;2;153;96;38m██[38;2;153;96;38m██[38;2;153;96;38m██[38;2;153;96;38m██[38;2;153;96;38m██[38;2;102;64;26m██[38;2;102;64;26m██[38;2;64;40;16m██[38;2;117;153;46m██[38;2;117;153;46m██[38;2;117;153;46m██[38;2;153;61;31m██[38;2;153;61;31m██[38;2;16;16;16m██          
                            [38;2;64;40;16m██[38;2;153;96;38m██[38;2;153;96;38m██[38;2;153;96;38m██[38;2;102;64;26m██[38;2;102;64;26m██[38;2;102;64;26m██[38;2;64;40;16m██[38;2;64;40;16m██[38;2;102;64;26m██[38;2;102;64;26m██[38;2;102;64;26m██[38;2;102;64;26m██[38;2;102;64;26m██[38;2;102;64;26m██[38;2;102;64;26m██[38;2;102;64;26m██[38;2;102;64;26m██[38;2;102;64;26m██[38;2;102;64;26m██[38;2;102;64;26m██[38;2;102;64;26m██[38;2;153;96;38m██[38;2;153;96;38m██[38;2;153;96;38m██[38;2;153;96;38m██[38;2;153;96;38m██[38;2;102;64;26m██[38;2;102;64;26m██[38;2;102;64;26m██[38;2;64;40;16m██[38;2;117;153;46m██[38;2;153;61;31m██[38;2;16;16;16m██[38;2;16;16;16m██            
                            [38;2;64;40;16m██[38;2;153;96;38m██[38;2;153;96;38m██[38;2;102;64;26m██[38;2;102;64;26m██[38;2;102;64;26m██[38;2;102;64;26m██[38;2;102;64;26m██[38;2;102;64;26m██[38;2;16;16;16m██[38;2;16;16;16m██[38;2;16;16;16m██[38;2;102;64;26m██[38;2;102;64;26m██[38;2;102;64;26m██[38;2;102;64;26m██[38;2;102;64;26m██[38;2;102;64;26m██[38;2;102;64;26m██[38;2;64;40;16m██[38;2;102;64;26m██[38;2;102;64;26m██[38;2;102;64;26m██[38;2;153;96;38m██[38;2;153;96;38m██[38;2;153;96;38m██[38;2;153;96;38m██[38;2;102;64;26m██[38;2;102;64;26m██[38;2;102;64;26m██[38;2;64;40;16m██[38;2;16;16;16m██[38;2;16;16;16m██                
                            [38;2;16;16;16m██[38;2;102;64;26m██[38;2;102;64;26m██[38;2;102;64;26m██[38;2;102;64;26m██[38;2;102;64;26m██[38;2;102;64;26m██[38;2;102;64;26m██[38;2;102;64;26m██[38;2;16;16;16m██    [38;2;16;16;16m██[38;2;16;16;16m██[38;2;16;16;16m██[38;2;16;16;16m██[38;2;16;16;16m██[38;2;16;16;16m██[38;2;16;16;16m██[38;2;16;16;16m██[38;2;64;40;16m██[38;2;102;64;26m██[38;2;102;64;26m██[38;2;102;64;26m██[38;2;153;96;38m██[38;2;153;96;38m██[38;2;102;64;26m██[38;2;102;64;26m██[38;2;102;64;26m██[38;2;102;64;26m██[38;2;64;40;16m██                    
                            [38;2;16;16;16m██[38;2;102;64;26m██[38;2;102;64;26m██[38;2;102;64;26m██[38;2;102;64;26m██[38;2;102;64;26m██[38;2;102;64;26m██[38;2;102;64;26m██[38;2;16;16;16m██                        [38;2;16;16;16m██[38;2;102;64;26m██[38;2;102;64;26m██[38;2;102;64;26m██[38;2;102;64;26m██[38;2;102;64;26m██[38;2;102;64;26m██[38;2;102;64;26m██[38;2;102;64;26m██[38;2;16;16;16m██                    
                              [38;2;16;16;16m██[38;2;102;64;26m██[38;2;102;64;26m██[38;2;102;64;26m██[38;2;102;64;26m██[38;2;102;64;26m██[38;2;16;16;16m██                            [38;2;16;16;16m██[38;2;102;64;26m██[38;2;102;64;26m██[38;2;102;64;26m██[38;2;102;64;26m██[38;2;102;64;26m██[38;2;102;64;26m██[38;2;102;64;26m██[38;2;16;16;16m██                    
                              [38;2;89;89;89m██[38;2;191;191;191m██[38;2;248;248;248m██[38;2;64;40;16m██[38;2;102;64;26m██[38;2;102;64;26m██[38;2;16;16;16m██                              [38;2;16;16;16m██[38;2;102;64;26m██[38;2;102;64;26m██[38;2;102;64;26m██[38;2;102;64;26m██[38;2;102;64;26m██[38;2;64;40;16m██                      
                            [38;2;89;89;89m██[38;2;248;248;248m██[38;2;89;89;89m██[38;2;248;248;248m██[38;2;248;248;248m██[38;2;64;40;16m██[38;2;16;16;16m██                                [38;2;16;16;16m██[38;2;102;64;26m██[38;2;64;40;16m██[38;2;248;248;248m██[38;2;191;191;191m██[38;2;89;89;89m██[38;2;16;16;16m██                      
                            [38;2;16;16;16m██[38;2;16;16;16m██[38;2;16;16;16m██[38;2;16;16;16m██[38;2;16;16;16m██                                      [38;2;16;16;16m██[38;2;248;248;248m██[38;2;248;248;248m██[38;2;89;89;89m██[38;2;248;248;248m██[38;2;16;16;16m██                      
                                                                              [38;2;16;16;16m██[38;2;16;16;16m██[38;2;16;16;16m██[38;2;16;16;16m██                        
