                                                    [38;2;43;17;10m██                                                        
                    [38;2;153;133;31m██[38;2;153;133;31m██                          [38;2;79;38;29m██[38;2;43;17;10m██                                      [38;2;153;133;31m██[38;2;153;133;31m██[38;2;153;133;31m██            
                    [38;2;153;133;31m██[38;2;242;210;48m██[38;2;153;133;31m██                        [38;2;79;38;29m██[38;2;43;17;10m██                                  [38;2;153;133;31m██[38;2;153;133;31m██[38;2;242;210;48m██[38;2;242;210;48m██[38;2;16;16;16m██            
                    [38;2;153;133;31m██[38;2;242;210;48m██[38;2;242;210;48m██[38;2;153;133;31m██                    [38;2;79;38;29m██[38;2;127;64;50m██[38;2;43;17;10m██                              [38;2;153;133;31m██[38;2;153;133;31m██[38;2;242;210;48m██[38;2;242;210;48m██[38;2;242;210;48m██[38;2;16;16;16m██              
                      [38;2;153;133;31m██[38;2;242;210;48m██[38;2;242;210;48m██[38;2;153;133;31m██                  [38;2;79;38;29m██[38;2;127;64;50m██[38;2;43;17;10m██                          [38;2;89;35;32m██[38;2;153;133;31m██[38;2;242;210;48m██[38;2;242;210;48m██[38;2;242;210;48m██[38;2;242;210;48m██[38;2;16;16;16m██                
                      [38;2;153;133;31m██[38;2;242;210;48m██[38;2;242;210;48m██[38;2;242;210;48m██[38;2;153;133;31m██    [38;2;79;38;29m██[38;2;43;17;10m██      [38;2;79;38;29m██[38;2;127;64;50m██[38;2;127;64;50m██[38;2;79;38;29m██                        [38;2;89;35;32m██[38;2;184;65;59m██[38;2;242;210;48m██[38;2;242;210;48m██[38;2;242;210;48m██[38;2;242;210;48m██[38;2;242;210;48m██[38;2;16;16;16m██                
                        [38;2;153;133;31m██[38;2;242;210;48m██[38;2;242;210;48m██[38;2;184;65;59m██[38;2;89;35;32m██  [38;2;79;38;29m██[38;2;127;64;50m██[38;2;43;17;10m██    [38;2;79;38;29m██[38;2;127;64;50m██[38;2;127;64;50m██[38;2;79;38;29m██[38;2;43;17;10m██[38;2;89;35;32m██[38;2;89;35;32m██[38;2;89;35;32m██[38;2;43;17;10m██[38;2;43;17;10m██        [38;2;89;35;32m██[38;2;89;35;32m██[38;2;184;65;59m██[38;2;184;65;59m██[38;2;184;65;59m██[38;2;242;210;48m██[38;2;242;210;48m██[38;2;242;210;48m██[38;2;16;16;16m██                  
                        [38;2;153;133;31m██[38;2;242;210;48m██[38;2;184;65;59m██[38;2;184;65;59m██[38;2;184;65;59m██[38;2;89;35;32m██[38;2;79;38;29m██[38;2;127;64;50m██[38;2;127;64;50m██[38;2;43;17;10m██[38;2;79;38;29m██[38;2;127;64;50m██[38;2;127;64;50m██[38;2;127;64;50m██[38;2;79;38;29m██[38;2;43;17;10m██[38;2;134;52;48m██[38;2;43;17;10m██[38;2;79;38;29m██[38;2;127;64;50m██[38;2;43;17;10m██[38;2;89;35;32m██[38;2;89;35;32m██[38;2;89;35;32m██[38;2;89;35;32m██[38;2;134;52;48m██[38;2;184;65;59m██[38;2;184;65;59m██[38;2;184;65;59m██[38;2;184;65;59m██[38;2;184;65;59m██[38;2;242;210;48m██[38;2;16;16;16m██                    
                          [38;2;89;35;32m██[38;2;184;65;59m██[38;2;184;65;59m██[38;2;184;65;59m██[38;2;184;65;59m██[38;2;79;38;29m██[38;2;127;64;50m██[38;2;127;64;50m██[38;2;79;38;29m██[38;2;79;38;29m██[38;2;127;64;50m██[38;2;127;64;50m██[38;2;127;64;50m██[38;2;79;38;29m██[38;2;43;17;10m██[38;2;79;38;29m██[38;2;127;64;50m██[38;2;127;64;50m██[38;2;43;17;10m██[38;2;134;52;48m██[38;2;134;52;48m██[38;2;184;65;59m██[38;2;89;35;32m██[38;2;184;65;59m██[38;2;184;65;59m██[38;2;184;65;59m██[38;2;184;65;59m██[38;2;184;65;59m██[38;2;184;65;59m██[38;2;184;65;59m██[38;2;184;65;59m██[38;2;16;16;16m██                    
                          [38;2;89;35;32m██[38;2;184;65;59m██[38;2;184;65;59m██[38;2;184;65;59m██[38;2;184;65;59m██[38;2;184;65;59m██[38;2;79;38;29m██[38;2;127;64;50m██[38;2;127;64;50m██[38;2;79;38;29m██[38;2;127;64;50m██[38;2;127;64;50m██[38;2;127;64;50m██[38;2;79;38;29m██[38;2;79;38;29m██[38;2;127;64;50m██[38;2;127;64;50m██[38;2;79;38;29m██[38;2;43;17;10m██[38;2;134;52;48m██[38;2;184;65;59m██[38;2;184;65;59m██[38;2;184;65;59m██[38;2;184;65;59m██[38;2;184;65;59m██[38;2;184;65;59m██[38;2;184;65;59m██[38;2;184;65;59m██[38;2;184;65;59m██[38;2;184;65;59m██[38;2;16;16;16m██                      
                            [38;2;89;35;32m██[38;2;184;65;59m██[38;2;184;65;59m██[38;2;184;65;59m██[38;2;184;65;59m██[38;2;79;38;29m██[38;2;127;64;50m██[38;2;127;64;50m██[38;2;127;64;50m██[38;2;127;64;50m██[38;2;127;64;50m██[38;2;127;64;50m██[38;2;79;38;29m██[38;2;127;64;50m██[38;2;127;64;50m██[38;2;127;64;50m██[38;2;43;17;10m██[38;2;134;52;48m██[38;2;184;65;59m██[38;2;184;65;59m██[38;2;184;65;59m██[38;2;184;65;59m██[38;2;184;65;59m██[38;2;184;65;59m██[38;2;184;65;59m██[38;2;184;65;59m██[38;2;184;65;59m██[38;2;184;65;59m██[38;2;16;16;16m██                        
                            [38;2;89;35;32m██[38;2;134;52;48m██[38;2;184;65;59m██[38;2;134;52;48m██[38;2;184;65;59m██[38;2;184;65;59m██[38;2;79;38;29m██[38;2;127;64;50m██[38;2;127;64;50m██[38;2;127;64;50m██[38;2;127;64;50m██[38;2;127;64;50m██[38;2;127;64;50m██[38;2;127;64;50m██[38;2;127;64;50m██[38;2;43;17;10m██[38;2;134;52;48m██[38;2;134;52;48m██[38;2;184;65;59m██[38;2;184;65;59m██[38;2;184;65;59m██[38;2;184;65;59m██[38;2;184;65;59m██[38;2;184;65;59m██[38;2;184;65;59m██[38;2;184;65;59m██[38;2;184;65;59m██[38;2;89;35;32m██[38;2;16;16;16m██                        
                              [38;2;89;35;32m██[38;2;89;35;32m██[38;2;184;65;59m██[38;2;184;65;59m██[38;2;134;52;48m██[38;2;43;17;10m██[38;2;79;38;29m██[38;2;127;64;50m██[38;2;127;64;50m██[38;2;127;64;50m██[38;2;127;64;50m██[38;2;127;64;50m██[38;2;127;64;50m██[38;2;43;17;10m██[38;2;226;191;137m██[38;2;226;191;137m██[38;2;226;191;137m██[38;2;134;52;48m██[38;2;184;65;59m██[38;2;184;65;59m██[38;2;184;65;59m██[38;2;184;65;59m██[38;2;184;65;59m██[38;2;184;65;59m██[38;2;184;65;59m██[38;2;89;35;32m██[38;2;134;52;48m██[38;2;134;52;48m██[38;2;16;16;16m██                      
                              [38;2;89;35;32m██[38;2;184;65;59m██[38;2;184;65;59m██[38;2;134;52;48m██[38;2;226;191;137m██[38;2;226;191;137m██[38;2;43;17;10m██[38;2;127;64;50m██[38;2;127;64;50m██[38;2;127;64;50m██[38;2;127;64;50m██[38;2;127;64;50m██[38;2;43;17;10m██[38;2;226;191;137m██[38;2;226;191;137m██[38;2;226;191;137m██[38;2;226;191;137m██[38;2;226;191;137m██[38;2;134;52;48m██[38;2;184;65;59m██[38;2;184;65;59m██[38;2;184;65;59m██[38;2;184;65;59m██[38;2;184;65;59m██[38;2;184;65;59m██[38;2;184;65;59m██[38;2;184;65;59m██[38;2;134;52;48m██[38;2;89;35;32m██                      
                              [38;2;89;35;32m██[38;2;184;65;59m██[38;2;134;52;48m██[38;2;226;191;137m██[38;2;179;139;98m██[38;2;179;139;98m██[38;2;179;139;98m██[38;2;79;38;29m██[38;2;127;64;50m██[38;2;127;64;50m██[38;2;127;64;50m██[38;2;43;17;10m██[38;2;226;191;137m██[38;2;226;191;137m██[38;2;179;139;98m██[38;2;179;139;98m██[38;2;226;191;137m██[38;2;226;191;137m██[38;2;226;191;137m██[38;2;134;52;48m██[38;2;184;65;59m██[38;2;184;65;59m██[38;2;184;65;59m██[38;2;184;65;59m██[38;2;184;65;59m██[38;2;184;65;59m██[38;2;184;65;59m██[38;2;184;65;59m██[38;2;134;52;48m██[38;2;16;16;16m██                    
                            [38;2;89;35;32m██[38;2;184;65;59m██[38;2;134;52;48m██[38;2;226;191;137m██[38;2;226;191;137m██[38;2;248;248;248m██[38;2;248;248;248m██[38;2;179;139;98m██[38;2;43;17;10m██[38;2;127;64;50m██[38;2;127;64;50m██[38;2;79;38;29m██[38;2;179;139;98m██[38;2;226;191;137m██[38;2;179;139;98m██[38;2;248;248;248m██[38;2;248;248;248m██[38;2;179;139;98m██[38;2;226;191;137m██[38;2;226;191;137m██[38;2;226;191;137m██[38;2;134;52;48m██[38;2;184;65;59m██[38;2;184;65;59m██[38;2;184;65;59m██[38;2;184;65;59m██[38;2;184;65;59m██[38;2;184;65;59m██[38;2;184;65;59m██[38;2;184;65;59m██[38;2;89;35;32m██                    
                            [38;2;89;35;32m██[38;2;184;65;59m██[38;2;134;52;48m██[38;2;226;191;137m██[38;2;179;139;98m██[38;2;191;191;191m██[38;2;89;89;89m██[38;2;226;191;137m██[38;2;226;191;137m██[38;2;43;17;10m██[38;2;127;64;50m██[38;2;43;17;10m██[38;2;226;191;137m██[38;2;226;191;137m██[38;2;191;191;191m██[38;2;89;89;89m██[38;2;191;191;191m██[38;2;191;191;191m██[38;2;226;191;137m██[38;2;226;191;137m██[38;2;226;191;137m██[38;2;134;52;48m██[38;2;184;65;59m██[38;2;184;65;59m██[38;2;184;65;59m██[38;2;184;65;59m██[38;2;184;65;59m██[38;2;184;65;59m██[38;2;184;65;59m██[38;2;184;65;59m██[38;2;184;65;59m██[38;2;89;35;32m██                  
                            [38;2;89;35;32m██[38;2;134;52;48m██[38;2;226;191;137m██[38;2;226;191;137m██[38;2;248;248;248m██[38;2;89;89;89m██[38;2;248;248;248m██[38;2;179;139;98m██[38;2;226;191;137m██[38;2;226;191;137m██[38;2;43;17;10m██[38;2;226;191;137m██[38;2;226;191;137m██[38;2;226;191;137m██[38;2;89;89;89m██[38;2;248;248;248m██[38;2;89;89;89m██[38;2;248;248;248m██[38;2;179;139;98m██[38;2;226;191;137m██[38;2;226;191;137m██[38;2;226;191;137m██[38;2;134;52;48m██[38;2;184;65;59m██[38;2;184;65;59m██[38;2;184;65;59m██[38;2;184;65;59m██[38;2;184;65;59m██[38;2;184;65;59m██[38;2;184;65;59m██[38;2;184;65;59m██[38;2;89;35;32m██                  
                          [38;2;89;35;32m██[38;2;184;65;59m██[38;2;134;52;48m██[38;2;226;191;137m██[38;2;226;191;137m██[38;2;248;248;248m██[38;2;89;89;89m██[38;2;16;16;16m██[38;2;179;139;98m██[38;2;226;191;137m██[38;2;179;139;98m██[38;2;179;139;98m██[38;2;226;191;137m██[38;2;226;191;137m██[38;2;179;139;98m██[38;2;89;89;89m██[38;2;16;16;16m██[38;2;89;89;89m██[38;2;248;248;248m██[38;2;179;139;98m██[38;2;226;191;137m██[38;2;226;191;137m██[38;2;226;191;137m██[38;2;134;52;48m██[38;2;184;65;59m██[38;2;184;65;59m██[38;2;184;65;59m██[38;2;184;65;59m██[38;2;184;65;59m██[38;2;184;65;59m██[38;2;184;65;59m██[38;2;184;65;59m██[38;2;89;35;32m██                  
                          [38;2;89;35;32m██[38;2;184;65;59m██[38;2;134;52;48m██[38;2;226;191;137m██[38;2;226;191;137m██[38;2;248;248;248m██[38;2;89;89;89m██[38;2;16;16;16m██[38;2;153;133;31m██[38;2;153;133;31m██[38;2;153;133;31m██[38;2;226;191;137m██[38;2;226;191;137m██[38;2;226;191;137m██[38;2;179;139;98m██[38;2;89;89;89m██[38;2;16;16;16m██[38;2;89;89;89m██[38;2;248;248;248m██[38;2;179;139;98m██[38;2;226;191;137m██[38;2;226;191;137m██[38;2;226;191;137m██[38;2;134;52;48m██[38;2;184;65;59m██[38;2;184;65;59m██[38;2;184;65;59m██[38;2;184;65;59m██[38;2;184;65;59m██[38;2;184;65;59m██[38;2;184;65;59m██[38;2;184;65;59m██[38;2;184;65;59m██[38;2;89;35;32m██                
                          [38;2;89;35;32m██[38;2;184;65;59m██[38;2;134;52;48m██[38;2;179;139;98m██[38;2;226;191;137m██[38;2;248;248;248m██[38;2;191;191;191m██[38;2;89;89;89m██[38;2;153;133;31m██[38;2;242;210;48m██[38;2;242;210;48m██[38;2;153;133;31m██[38;2;226;191;137m██[38;2;226;191;137m██[38;2;179;139;98m██[38;2;191;191;191m██[38;2;89;89;89m██[38;2;191;191;191m██[38;2;248;248;248m██[38;2;226;191;137m██[38;2;226;191;137m██[38;2;179;139;98m██[38;2;127;64;50m██[38;2;134;52;48m██[38;2;184;65;59m██[38;2;184;65;59m██[38;2;184;65;59m██[38;2;184;65;59m██[38;2;184;65;59m██[38;2;184;65;59m██[38;2;184;65;59m██[38;2;184;65;59m██[38;2;184;65;59m██[38;2;89;35;32m██                
                    [38;2;89;35;32m██[38;2;89;35;32m██[38;2;89;35;32m██[38;2;184;65;59m██[38;2;184;65;59m██[38;2;134;52;48m██[38;2;127;64;50m██[38;2;127;64;50m██[38;2;226;191;137m██[38;2;248;248;248m██[38;2;248;248;248m██[38;2;179;139;98m██[38;2;153;133;31m██[38;2;242;210;48m██[38;2;153;133;31m██[38;2;226;191;137m██[38;2;226;191;137m██[38;2;226;191;137m██[38;2;179;139;98m██[38;2;248;248;248m██[38;2;248;248;248m██[38;2;226;191;137m██[38;2;179;139;98m██[38;2;127;64;50m██[38;2;127;64;50m██[38;2;127;64;50m██[38;2;134;52;48m██[38;2;184;65;59m██[38;2;184;65;59m██[38;2;184;65;59m██[38;2;184;65;59m██[38;2;184;65;59m██[38;2;134;52;48m██[38;2;89;35;32m██[38;2;89;35;32m██[38;2;184;65;59m██[38;2;89;35;32m██                
                [38;2;89;35;32m██[38;2;89;35;32m██[38;2;134;52;48m██[38;2;184;65;59m██[38;2;89;35;32m██[38;2;184;65;59m██[38;2;184;65;59m██[38;2;134;52;48m██[38;2;127;64;50m██[38;2;127;64;50m██[38;2;127;64;50m██[38;2;226;191;137m██[38;2;226;191;137m██[38;2;226;191;137m██[38;2;179;139;98m██[38;2;179;139;98m██[38;2;179;139;98m██[38;2;179;139;98m██[38;2;226;191;137m██[38;2;226;191;137m██[38;2;226;191;137m██[38;2;226;191;137m██[38;2;226;191;137m██[38;2;127;64;50m██[38;2;127;64;50m██[38;2;127;64;50m██[38;2;127;64;50m██[38;2;127;64;50m██[38;2;134;52;48m██[38;2;184;65;59m██[38;2;184;65;59m██[38;2;184;65;59m██[38;2;134;52;48m██[38;2;184;65;59m██[38;2;184;65;59m██[38;2;184;65;59m██[38;2;184;65;59m██[38;2;89;35;32m██[38;2;89;35;32m██                
            [38;2;89;35;32m██[38;2;89;35;32m██[38;2;184;65;59m██[38;2;184;65;59m██[38;2;184;65;59m██[38;2;184;65;59m██[38;2;89;35;32m██[38;2;184;65;59m██[38;2;184;65;59m██[38;2;184;65;59m██[38;2;134;52;48m██[38;2;127;64;50m██[38;2;179;139;98m██[38;2;226;191;137m██[38;2;226;191;137m██[38;2;179;139;98m██[38;2;226;191;137m██[38;2;179;139;98m██[38;2;179;139;98m██[38;2;226;191;137m██[38;2;226;191;137m██[38;2;226;191;137m██[38;2;226;191;137m██[38;2;179;139;98m██[38;2;226;191;137m██[38;2;226;191;137m██[38;2;127;64;50m██[38;2;127;64;50m██[38;2;127;64;50m██[38;2;134;52;48m██[38;2;184;65;59m██[38;2;184;65;59m██[38;2;184;65;59m██[38;2;134;52;48m██[38;2;184;65;59m██[38;2;184;65;59m██[38;2;184;65;59m██[38;2;184;65;59m██[38;2;184;65;59m██[38;2;184;65;59m██[38;2;184;65;59m██[38;2;89;35;32m██              
          [38;2;89;35;32m██[38;2;134;52;48m██[38;2;184;65;59m██[38;2;184;65;59m██[38;2;184;65;59m██[38;2;184;65;59m██[38;2;184;65;59m██[38;2;89;35;32m██[38;2;184;65;59m██[38;2;184;65;59m██[38;2;184;65;59m██[38;2;134;52;48m██[38;2;127;64;50m██[38;2;226;191;137m██[38;2;226;191;137m██[38;2;226;191;137m██[38;2;226;191;137m██[38;2;127;64;50m██[38;2;226;191;137m██[38;2;226;191;137m██[38;2;226;191;137m██[38;2;226;191;137m██[38;2;179;139;98m██[38;2;127;64;50m██[38;2;226;191;137m██[38;2;226;191;137m██[38;2;226;191;137m██[38;2;179;139;98m██[38;2;127;64;50m██[38;2;127;64;50m██[38;2;134;52;48m██[38;2;184;65;59m██[38;2;184;65;59m██[38;2;184;65;59m██[38;2;134;52;48m██[38;2;184;65;59m██[38;2;184;65;59m██[38;2;184;65;59m██[38;2;184;65;59m██[38;2;184;65;59m██[38;2;184;65;59m██[38;2;184;65;59m██[38;2;184;65;59m██[38;2;89;35;32m██            
        [38;2;89;35;32m██[38;2;184;65;59m██[38;2;184;65;59m██[38;2;134;52;48m██[38;2;184;65;59m██[38;2;184;65;59m██[38;2;184;65;59m██[38;2;184;65;59m██[38;2;89;35;32m██[38;2;184;65;59m██[38;2;184;65;59m██[38;2;184;65;59m██[38;2;184;65;59m██[38;2;134;52;48m██[38;2;226;191;137m██[38;2;226;191;137m██[38;2;226;191;137m██[38;2;226;191;137m██[38;2;226;191;137m██[38;2;179;139;98m██[38;2;127;64;50m██[38;2;127;64;50m██[38;2;127;64;50m██[38;2;179;139;98m██[38;2;226;191;137m██[38;2;226;191;137m██[38;2;226;191;137m██[38;2;226;191;137m██[38;2;226;191;137m██[38;2;127;64;50m██[38;2;134;52;48m██[38;2;184;65;59m██[38;2;184;65;59m██[38;2;184;65;59m██[38;2;184;65;59m██[38;2;134;52;48m██[38;2;184;65;59m██[38;2;184;65;59m██[38;2;184;65;59m██[38;2;184;65;59m██[38;2;184;65;59m██[38;2;184;65;59m██[38;2;184;65;59m██[38;2;184;65;59m██[38;2;184;65;59m██[38;2;89;35;32m██          
      [38;2;89;35;32m██[38;2;184;65;59m██[38;2;184;65;59m██[38;2;184;65;59m██[38;2;184;65;59m██[38;2;134;52;48m██[38;2;184;65;59m██[38;2;184;65;59m██[38;2;184;65;59m██[38;2;89;35;32m██[38;2;184;65;59m██[38;2;184;65;59m██[38;2;184;65;59m██[38;2;184;65;59m██[38;2;184;65;59m██[38;2;134;52;48m██[38;2;226;191;137m██[38;2;226;191;137m██[38;2;226;191;137m██[38;2;226;191;137m██[38;2;226;191;137m██[38;2;226;191;137m██[38;2;226;191;137m██[38;2;226;191;137m██[38;2;226;191;137m██[38;2;226;191;137m██[38;2;226;191;137m██[38;2;226;191;137m██[38;2;226;191;137m██[38;2;179;139;98m██[38;2;134;52;48m██[38;2;184;65;59m██[38;2;184;65;59m██[38;2;184;65;59m██[38;2;184;65;59m██[38;2;184;65;59m██[38;2;184;65;59m██[38;2;184;65;59m██[38;2;184;65;59m██[38;2;184;65;59m██[38;2;184;65;59m██[38;2;184;65;59m██[38;2;184;65;59m██[38;2;184;65;59m██[38;2;134;52;48m██[38;2;134;52;48m██[38;2;134;52;48m██[38;2;89;35;32m██        
    [38;2;89;35;32m██[38;2;184;65;59m██[38;2;184;65;59m██[38;2;184;65;59m██[38;2;184;65;59m██[38;2;184;65;59m██[38;2;184;65;59m██[38;2;134;52;48m██[38;2;184;65;59m██[38;2;89;35;32m██[38;2;43;17;10m██[38;2;184;65;59m██[38;2;184;65;59m██[38;2;184;65;59m██[38;2;184;65;59m██[38;2;184;65;59m██[38;2;184;65;59m██[38;2;134;52;48m██[38;2;134;52;48m██[38;2;226;191;137m██[38;2;226;191;137m██[38;2;226;191;137m██[38;2;226;191;137m██[38;2;226;191;137m██[38;2;226;191;137m██[38;2;226;191;137m██[38;2;226;191;137m██[38;2;226;191;137m██[38;2;179;139;98m██[38;2;134;52;48m██[38;2;134;52;48m██[38;2;184;65;59m██[38;2;184;65;59m██[38;2;184;65;59m██[38;2;184;65;59m██[38;2;184;65;59m██[38;2;184;65;59m██[38;2;184;65;59m██[38;2;184;65;59m██[38;2;184;65;59m██[38;2;184;65;59m██[38;2;184;65;59m██[38;2;184;65;59m██[38;2;184;65;59m██[38;2;134;52;48m██[38;2;184;65;59m██[38;2;184;65;59m██[38;2;184;65;59m██[38;2;134;52;48m██[38;2;89;35;32m██      
    [38;2;89;35;32m██[38;2;184;65;59m██[38;2;184;65;59m██[38;2;184;65;59m██[38;2;184;65;59m██[38;2;184;65;59m██[38;2;184;65;59m██[38;2;89;35;32m██[38;2;89;35;32m██[38;2;79;38;29m██[38;2;16;16;16m██[38;2;184;65;59m██[38;2;184;65;59m██[38;2;184;65;59m██[38;2;184;65;59m██[38;2;184;65;59m██[38;2;184;65;59m██[38;2;184;65;59m██[38;2;184;65;59m██[38;2;134;52;48m██[38;2;134;52;48m██[38;2;134;52;48m██[38;2;134;52;48m██[38;2;134;52;48m██[38;2;134;52;48m██[38;2;134;52;48m██[38;2;134;52;48m██[38;2;134;52;48m██[38;2;134;52;48m██[38;2;184;65;59m██[38;2;184;65;59m██[38;2;184;65;59m██[38;2;184;65;59m██[38;2;184;65;59m██[38;2;184;65;59m██[38;2;184;65;59m██[38;2;184;65;59m██[38;2;184;65;59m██[38;2;89;35;32m██[38;2;89;35;32m██[38;2;89;35;32m██[38;2;184;65;59m██[38;2;184;65;59m██[38;2;134;52;48m██[38;2;184;65;59m██[38;2;184;65;59m██[38;2;184;65;59m██[38;2;184;65;59m██[38;2;184;65;59m██[38;2;89;35;32m██      
  [38;2;43;17;10m██[38;2;127;64;50m██[38;2;89;35;32m██[38;2;184;65;59m██[38;2;184;65;59m██[38;2;184;65;59m██[38;2;89;35;32m██[38;2;89;35;32m██[38;2;127;64;50m██[38;2;79;38;29m██[38;2;79;38;29m██[38;2;16;16;16m██[38;2;184;65;59m██[38;2;184;65;59m██[38;2;184;65;59m██[38;2;184;65;59m██[38;2;184;65;59m██[38;2;184;65;59m██[38;2;184;65;59m██[38;2;184;65;59m██[38;2;184;65;59m██[38;2;184;65;59m██[38;2;184;65;59m██[38;2;184;65;59m██[38;2;184;65;59m██[38;2;184;65;59m██[38;2;184;65;59m██[38;2;184;65;59m██[38;2;184;65;59m██[38;2;184;65;59m██[38;2;184;65;59m██[38;2;184;65;59m██[38;2;184;65;59m██[38;2;184;65;59m██[38;2;184;65;59m██[38;2;184;65;59m██[38;2;184;65;59m██[38;2;184;65;59m██[38;2;184;65;59m██[38;2;16;16;16m██[38;2;79;38;29m██[38;2;79;38;29m██[38;2;89;35;32m██[38;2;89;35;32m██[38;2;134;52;48m██[38;2;184;65;59m██[38;2;184;65;59m██[38;2;184;65;59m██[38;2;184;65;59m██[38;2;184;65;59m██[38;2;184;65;59m██[38;2;89;35;32m██    
  [38;2;43;17;10m██[38;2;127;64;50m██[38;2;127;64;50m██[38;2;89;35;32m██[38;2;89;35;32m██[38;2;89;35;32m██[38;2;127;64;50m██[38;2;127;64;50m██[38;2;127;64;50m██[38;2;79;38;29m██[38;2;16;16;16m██[38;2;16;16;16m██[38;2;89;35;32m██[38;2;184;65;59m██[38;2;184;65;59m██[38;2;184;65;59m██[38;2;184;65;59m██[38;2;184;65;59m██[38;2;184;65;59m██[38;2;184;65;59m██[38;2;184;65;59m██[38;2;184;65;59m██[38;2;127;64;50m██[38;2;184;65;59m██[38;2;184;65;59m██[38;2;184;65;59m██[38;2;184;65;59m██[38;2;184;65;59m██[38;2;184;65;59m██[38;2;184;65;59m██[38;2;184;65;59m██[38;2;184;65;59m██[38;2;184;65;59m██[38;2;184;65;59m██[38;2;184;65;59m██[38;2;184;65;59m██[38;2;184;65;59m██[38;2;184;65;59m██[38;2;134;52;48m██[38;2;134;52;48m██[38;2;16;16;16m██[38;2;79;38;29m██[38;2;127;64;50m██[38;2;127;64;50m██[38;2;89;35;32m██[38;2;89;35;32m██[38;2;184;65;59m██[38;2;184;65;59m██[38;2;184;65;59m██[38;2;184;65;59m██[38;2;184;65;59m██[38;2;89;35;32m██    
[38;2;89;89;89m██[38;2;43;17;10m██[38;2;79;38;29m██[38;2;79;38;29m██[38;2;127;64;50m██[38;2;127;64;50m██[38;2;127;64;50m██[38;2;127;64;50m██[38;2;127;64;50m██[38;2;16;16;16m██[38;2;16;16;16m██    [38;2;16;16;16m██[38;2;184;65;59m██[38;2;184;65;59m██[38;2;184;65;59m██[38;2;184;65;59m██[38;2;184;65;59m██[38;2;184;65;59m██[38;2;184;65;59m██[38;2;184;65;59m██[38;2;134;52;48m██[38;2;127;64;50m██[38;2;127;64;50m██[38;2;184;65;59m██[38;2;184;65;59m██[38;2;184;65;59m██[38;2;184;65;59m██[38;2;184;65;59m██[38;2;184;65;59m██[38;2;184;65;59m██[38;2;184;65;59m██[38;2;184;65;59m██[38;2;184;65;59m██[38;2;184;65;59m██[38;2;184;65;59m██[38;2;184;65;59m██[38;2;134;52;48m██[38;2;134;52;48m██[38;2;134;52;48m██[38;2;134;52;48m██[38;2;16;16;16m██[38;2;16;16;16m██[38;2;127;64;50m██[38;2;127;64;50m██[38;2;127;64;50m██[38;2;89;35;32m██[38;2;89;35;32m██[38;2;89;35;32m██[38;2;89;35;32m██[38;2;89;35;32m██[38;2;127;64;50m██[38;2;43;17;10m██  
[38;2;89;89;89m██[38;2;89;89;89m██[38;2;248;248;248m██[38;2;248;248;248m██[38;2;79;38;29m██[38;2;127;64;50m██[38;2;79;38;29m██[38;2;79;38;29m██[38;2;16;16;16m██        [38;2;16;16;16m██[38;2;134;52;48m██[38;2;184;65;59m██[38;2;184;65;59m██[38;2;184;65;59m██[38;2;184;65;59m██[38;2;184;65;59m██[38;2;184;65;59m██[38;2;184;65;59m██[38;2;127;64;50m██[38;2;127;64;50m██[38;2;127;64;50m██[38;2;134;52;48m██[38;2;184;65;59m██[38;2;184;65;59m██[38;2;184;65;59m██[38;2;184;65;59m██[38;2;184;65;59m██[38;2;184;65;59m██[38;2;184;65;59m██[38;2;184;65;59m██[38;2;184;65;59m██[38;2;184;65;59m██[38;2;184;65;59m██[38;2;134;52;48m██[38;2;134;52;48m██[38;2;134;52;48m██[38;2;134;52;48m██[38;2;134;52;48m██[38;2;134;52;48m██[38;2;134;52;48m██[38;2;16;16;16m██[38;2;79;38;29m██[38;2;127;64;50m██[38;2;127;64;50m██[38;2;127;64;50m██[38;2;127;64;50m██[38;2;127;64;50m██[38;2;127;64;50m██[38;2;127;64;50m██[38;2;79;38;29m██  
[38;2;89;89;89m██[38;2;89;89;89m██[38;2;248;248;248m██[38;2;248;248;248m██[38;2;16;16;16m██[38;2;89;89;89m██[38;2;248;248;248m██[38;2;16;16;16m██            [38;2;89;35;32m██[38;2;134;52;48m██[38;2;184;65;59m██[38;2;184;65;59m██[38;2;184;65;59m██[38;2;184;65;59m██[38;2;184;65;59m██[38;2;184;65;59m██[38;2;127;64;50m██[38;2;127;64;50m██[38;2;127;64;50m██[38;2;127;64;50m██[38;2;184;65;59m██[38;2;184;65;59m██[38;2;184;65;59m██[38;2;184;65;59m██[38;2;184;65;59m██[38;2;184;65;59m██[38;2;184;65;59m██[38;2;184;65;59m██[38;2;184;65;59m██[38;2;134;52;48m██[38;2;134;52;48m██[38;2;134;52;48m██[38;2;134;52;48m██[38;2;134;52;48m██[38;2;134;52;48m██[38;2;134;52;48m██[38;2;134;52;48m██[38;2;134;52;48m██[38;2;134;52;48m██[38;2;16;16;16m██[38;2;79;38;29m██[38;2;127;64;50m██[38;2;127;64;50m██[38;2;127;64;50m██[38;2;79;38;29m██[38;2;79;38;29m██[38;2;89;89;89m██[38;2;248;248;248m██[38;2;16;16;16m██
  [38;2;89;89;89m██[38;2;248;248;248m██[38;2;16;16;16m██  [38;2;16;16;16m██[38;2;16;16;16m██              [38;2;16;16;16m██[38;2;134;52;48m██[38;2;134;52;48m██[38;2;184;65;59m██[38;2;184;65;59m██[38;2;127;64;50m██[38;2;134;52;48m██[38;2;184;65;59m██[38;2;127;64;50m██[38;2;127;64;50m██[38;2;127;64;50m██[38;2;127;64;50m██[38;2;134;52;48m██[38;2;184;65;59m██[38;2;184;65;59m██[38;2;184;65;59m██[38;2;134;52;48m██[38;2;79;38;29m██[38;2;79;38;29m██[38;2;134;52;48m██[38;2;134;52;48m██[38;2;134;52;48m██[38;2;134;52;48m██[38;2;134;52;48m██[38;2;134;52;48m██[38;2;134;52;48m██[38;2;134;52;48m██[38;2;134;52;48m██[38;2;134;52;48m██[38;2;134;52;48m██[38;2;89;35;32m██  [38;2;16;16;16m██[38;2;43;17;10m██[38;2;79;38;29m██[38;2;79;38;29m██[38;2;248;248;248m██[38;2;248;248;248m██[38;2;89;89;89m██[38;2;16;16;16m██[38;2;16;16;16m██
  [38;2;89;89;89m██[38;2;16;16;16m██                        [38;2;16;16;16m██[38;2;134;52;48m██[38;2;134;52;48m██[38;2;134;52;48m██[38;2;79;38;29m██[38;2;79;38;29m██[38;2;79;38;29m██[38;2;127;64;50m██[38;2;127;64;50m██[38;2;127;64;50m██[38;2;127;64;50m██[38;2;127;64;50m██[38;2;134;52;48m██[38;2;134;52;48m██[38;2;79;38;29m██[38;2;79;38;29m██[38;2;79;38;29m██[38;2;79;38;29m██[38;2;134;52;48m██[38;2;134;52;48m██[38;2;134;52;48m██[38;2;134;52;48m██[38;2;134;52;48m██[38;2;134;52;48m██[38;2;134;52;48m██[38;2;134;52;48m██[38;2;134;52;48m██[38;2;89;35;32m██[38;2;16;16;16m██      [38;2;16;16;16m██[38;2;248;248;248m██[38;2;16;16;16m██[38;2;191;191;191m██[38;2;248;248;248m██[38;2;89;89;89m██    
                                [38;2;16;16;16m██[38;2;134;52;48m██[38;2;134;52;48m██[38;2;89;35;32m██[38;2;79;38;29m██[38;2;79;38;29m██[38;2;79;38;29m██[38;2;79;38;29m██[38;2;79;38;29m██[38;2;79;38;29m██[38;2;79;38;29m██[38;2;79;38;29m██[38;2;79;38;29m██[38;2;79;38;29m██[38;2;79;38;29m██[38;2;79;38;29m██[38;2;89;35;32m██[38;2;134;52;48m██[38;2;134;52;48m██[38;2;134;52;48m██[38;2;134;52;48m██[38;2;134;52;48m██[38;2;134;52;48m██[38;2;134;52;48m██[38;2;89;35;32m██[38;2;16;16;16m██[38;2;43;17;10m██[38;2;16;16;16m██        [38;2;16;16;16m██  [38;2;16;16;16m██[38;2;248;248;248m██[38;2;89;89;89m██    
                                [38;2;43;17;10m██[38;2;79;38;29m██[38;2;89;35;32m██[38;2;134;52;48m██[38;2;89;35;32m██[38;2;79;38;29m██[38;2;79;38;29m██[38;2;79;38;29m██[38;2;79;38;29m██[38;2;79;38;29m██[38;2;79;38;29m██[38;2;79;38;29m██[38;2;79;38;29m██[38;2;79;38;29m██[38;2;79;38;29m██[38;2;89;35;32m██[38;2;134;52;48m██[38;2;134;52;48m██[38;2;134;52;48m██[38;2;134;52;48m██[38;2;134;52;48m██[38;2;134;52;48m██[38;2;89;35;32m██[38;2;89;35;32m██[38;2;79;38;29m██[38;2;79;38;29m██[38;2;43;17;10m██[38;2;134;52;48m██[38;2;16;16;16m██[38;2;16;16;16m██          [38;2;16;16;16m██      
                                [38;2;43;17;10m██[38;2;43;17;10m██[38;2;79;38;29m██[38;2;79;38;29m██[38;2;89;35;32m██[38;2;89;35;32m██[38;2;79;38;29m██[38;2;79;38;29m██[38;2;79;38;29m██[38;2;79;38;29m██[38;2;79;38;29m██[38;2;79;38;29m██[38;2;79;38;29m██[38;2;79;38;29m██[38;2;79;38;29m██[38;2;134;52;48m██[38;2;134;52;48m██[38;2;134;52;48m██[38;2;134;52;48m██[38;2;89;35;32m██[38;2;89;35;32m██[38;2;79;38;29m██[38;2;79;38;29m██[38;2;79;38;29m██[38;2;79;38;29m██[38;2;79;38;29m██[38;2;43;17;10m██[38;2;134;52;48m██[38;2;134;52;48m██[38;2;134;52;48m██[38;2;89;35;32m██[38;2;16;16;16m██[38;2;16;16;16m██[38;2;16;16;16m██[38;2;16;16;16m██        
                              [38;2;43;17;10m██[38;2;127;64;50m██[38;2;127;64;50m██[38;2;79;38;29m██[38;2;79;38;29m██[38;2;79;38;29m██[38;2;79;38;29m██[38;2;79;38;29m██[38;2;79;38;29m██[38;2;79;38;29m██[38;2;79;38;29m██[38;2;79;38;29m██[38;2;79;38;29m██[38;2;79;38;29m██[38;2;79;38;29m██[38;2;79;38;29m██[38;2;79;38;29m██[38;2;79;38;29m██[38;2;79;38;29m██[38;2;79;38;29m██[38;2;79;38;29m██[38;2;79;38;29m██[38;2;127;64;50m██[38;2;127;64;50m██[38;2;127;64;50m██[38;2;79;38;29m██[38;2;79;38;29m██[38;2;79;38;29m██[38;2;43;17;10m██[38;2;134;52;48m██[38;2;134;52;48m██[38;2;134;52;48m██[38;2;153;133;31m██[38;2;153;133;31m██[38;2;153;133;31m██[38;2;16;16;16m██        
                              [38;2;43;17;10m██[38;2;127;64;50m██[38;2;127;64;50m██[38;2;127;64;50m██[38;2;79;38;29m██[38;2;43;17;10m██[38;2;79;38;29m██[38;2;79;38;29m██[38;2;79;38;29m██[38;2;79;38;29m██[38;2;79;38;29m██[38;2;79;38;29m██[38;2;79;38;29m██[38;2;79;38;29m██[38;2;79;38;29m██[38;2;79;38;29m██[38;2;79;38;29m██[38;2;79;38;29m██[38;2;79;38;29m██[38;2;79;38;29m██[38;2;79;38;29m██[38;2;127;64;50m██[38;2;127;64;50m██[38;2;127;64;50m██[38;2;127;64;50m██[38;2;127;64;50m██[38;2;79;38;29m██[38;2;79;38;29m██[38;2;43;17;10m██[38;2;134;52;48m██[38;2;134;52;48m██[38;2;134;52;48m██[38;2;153;133;31m██[38;2;153;133;31m██[38;2;16;16;16m██          
                            [38;2;43;17;10m██[38;2;127;64;50m██[38;2;127;64;50m██[38;2;127;64;50m██[38;2;79;38;29m██[38;2;79;38;29m██[38;2;79;38;29m██[38;2;43;17;10m██[38;2;43;17;10m██[38;2;79;38;29m██[38;2;79;38;29m██[38;2;79;38;29m██[38;2;79;38;29m██[38;2;79;38;29m██[38;2;79;38;29m██[38;2;79;38;29m██[38;2;79;38;29m██[38;2;79;38;29m██[38;2;79;38;29m██[38;2;79;38;29m██[38;2;79;38;29m██[38;2;79;38;29m██[38;2;127;64;50m██[38;2;127;64;50m██[38;2;127;64;50m██[38;2;127;64;50m██[38;2;127;64;50m██[38;2;79;38;29m██[38;2;79;38;29m██[38;2;79;38;29m██[38;2;43;17;10m██[38;2;134;52;48m██[38;2;153;133;31m██[38;2;16;16;16m██[38;2;16;16;16m██            
                            [38;2;43;17;10m██[38;2;127;64;50m██[38;2;127;64;50m██[38;2;79;38;29m██[38;2;79;38;29m██[38;2;79;38;29m██[38;2;79;38;29m██[38;2;79;38;29m██[38;2;79;38;29m██[38;2;16;16;16m██[38;2;16;16;16m██[38;2;16;16;16m██[38;2;79;38;29m██[38;2;79;38;29m██[38;2;79;38;29m██[38;2;79;38;29m██[38;2;79;38;29m██[38;2;79;38;29m██[38;2;79;38;29m██[38;2;43;17;10m██[38;2;79;38;29m██[38;2;79;38;29m██[38;2;79;38;29m██[38;2;127;64;50m██[38;2;127;64;50m██[38;2;127;64;50m██[38;2;127;64;50m██[38;2;79;38;29m██[38;2;79;38;29m██[38;2;79;38;29m██[38;2;43;17;10m██[38;2;16;16;16m██[38;2;16;16;16m██                
                            [38;2;16;16;16m██[38;2;79;38;29m██[38;2;79;38;29m██[38;2;79;38;29m██[38;2;79;38;29m██[38;2;79;38;29m██[38;2;79;38;29m██[38;2;79;38;29m██[38;2;79;38;29m██[38;2;16;16;16m██    [38;2;16;16;16m██[38;2;16;16;16m██[38;2;16;16;16m██[38;2;16;16;16m██[38;2;16;16;16m██[38;2;16;16;16m██[38;2;16;16;16m██[38;2;16;16;16m██[38;2;43;17;10m██[38;2;79;38;29m██[38;2;79;38;29m██[38;2;79;38;29m██[38;2;127;64;50m██[38;2;127;64;50m██[38;2;79;38;29m██[38;2;79;38;29m██[38;2;79;38;29m██[38;2;79;38;29m██[38;2;43;17;10m██                    
                            [38;2;16;16;16m██[38;2;79;38;29m██[38;2;79;38;29m██[38;2;79;38;29m██[38;2;79;38;29m██[38;2;79;38;29m██[38;2;79;38;29m██[38;2;79;38;29m██[38;2;16;16;16m██                        [38;2;16;16;16m██[38;2;79;38;29m██[38;2;79;38;29m██[38;2;79;38;29m██[38;2;79;38;29m██[38;2;79;38;29m██[38;2;79;38;29m██[38;2;79;38;29m██[38;2;79;38;29m██[38;2;16;16;16m██                    
                              [38;2;16;16;16m██[38;2;79;38;29m██[38;2;79;38;29m██[38;2;79;38;29m██[38;2;79;38;29m██[38;2;79;38;29m██[38;2;16;16;16m██                            [38;2;16;16;16m██[38;2;79;38;29m██[38;2;79;38;29m██[38;2;79;38;29m██[38;2;79;38;29m██[38;2;79;38;29m██[38;2;79;38;29m██[38;2;79;38;29m██[38;2;16;16;16m██                    
                              [38;2;89;89;89m██[38;2;191;191;191m██[38;2;248;248;248m██[38;2;43;17;10m██[38;2;79;38;29m██[38;2;79;38;29m██[38;2;16;16;16m██                              [38;2;16;16;16m██[38;2;79;38;29m██[38;2;79;38;29m██[38;2;79;38;29m██[38;2;79;38;29m██[38;2;79;38;29m██[38;2;43;17;10m██                      
                            [38;2;89;89;89m██[38;2;248;248;248m██[38;2;89;89;89m██[38;2;248;248;248m██[38;2;248;248;248m██[38;2;43;17;10m██[38;2;16;16;16m██                                [38;2;16;16;16m██[38;2;79;38;29m██[38;2;43;17;10m██[38;2;248;248;248m██[38;2;191;191;191m██[38;2;89;89;89m██[38;2;16;16;16m██                      
                            [38;2;16;16;16m██[38;2;16;16;16m██[38;2;16;16;16m██[38;2;16;16;16m██[38;2;16;16;16m██                                      [38;2;16;16;16m██[38;2;248;248;248m██[38;2;248;248;248m██[38;2;89;89;89m██[38;2;248;248;248m██[38;2;16;16;16m██                      
                                                                              [38;2;16;16;16m██[38;2;16;16;16m██[38;2;16;16;16m██[38;2;16;16;16m██                        
