                              [38;2;27;42;89m██                                                                                                                      
                            [38;2;27;42;89m██[38;2;27;42;89m██                                                            [38;2;115;106;63m██[38;2;115;106;63m██[38;2;115;106;63m██                                                    
                            [38;2;27;42;89m██[38;2;27;42;89m██                                                        [38;2;115;106;63m██[38;2;115;106;63m██[38;2;255;240;166m██[38;2;255;240;166m██[38;2;115;106;63m██                                                    
                          [38;2;27;42;89m██[38;2;61;97;204m██[38;2;27;42;89m██                                                    [38;2;115;106;63m██[38;2;115;106;63m██[38;2;255;240;166m██[38;2;255;240;166m██[38;2;255;240;166m██[38;2;115;106;63m██                                                      
                          [38;2;27;42;89m██[38;2;61;97;204m██[38;2;27;42;89m██                                                [38;2;115;106;63m██[38;2;115;106;63m██[38;2;255;240;166m██[38;2;255;240;166m██[38;2;255;240;166m██[38;2;255;240;166m██[38;2;115;106;63m██                                                        
                        [38;2;27;42;89m██[38;2;61;97;204m██[38;2;46;73;153m██[38;2;27;42;89m██                                            [38;2;115;106;63m██[38;2;115;106;63m██[38;2;255;240;166m██[38;2;255;240;166m██[38;2;255;240;166m██[38;2;255;240;166m██[38;2;255;240;166m██[38;2;115;106;63m██                                                          
                        [38;2;27;42;89m██[38;2;61;97;204m██[38;2;46;73;153m██[38;2;16;16;16m██                      [38;2;27;42;89m██[38;2;27;42;89m██              [38;2;115;106;63m██[38;2;115;106;63m██[38;2;255;240;166m██[38;2;255;240;166m██[38;2;255;240;166m██[38;2;255;240;166m██[38;2;255;240;166m██[38;2;255;240;166m██[38;2;115;106;63m██                                                            
                        [38;2;27;42;89m██[38;2;61;97;204m██[38;2;46;73;153m██[38;2;16;16;16m██                  [38;2;27;42;89m██[38;2;27;42;89m██[38;2;46;73;153m██[38;2;27;42;89m██          [38;2;115;106;63m██[38;2;115;106;63m██[38;2;255;240;166m██[38;2;255;240;166m██[38;2;255;240;166m██[38;2;255;240;166m██[38;2;255;240;166m██[38;2;255;240;166m██[38;2;255;240;166m██[38;2;16;16;16m██                                                              
                      [38;2;27;42;89m██[38;2;61;97;204m██[38;2;61;97;204m██[38;2;46;73;153m██[38;2;16;16;16m██                [38;2;27;42;89m██[38;2;46;73;153m██[38;2;46;73;153m██[38;2;27;42;89m██        [38;2;115;106;63m██[38;2;115;106;63m██[38;2;255;240;166m██[38;2;255;240;166m██[38;2;255;240;166m██[38;2;255;240;166m██[38;2;255;240;166m██[38;2;255;240;166m██[38;2;255;240;166m██[38;2;255;240;166m██[38;2;16;16;16m██                                                                
                      [38;2;27;42;89m██[38;2;61;97;204m██[38;2;46;73;153m██[38;2;46;73;153m██[38;2;16;16;16m██[38;2;16;16;16m██[38;2;16;16;16m██        [38;2;27;42;89m██[38;2;27;42;89m██[38;2;46;73;153m██[38;2;46;73;153m██[38;2;46;73;153m██[38;2;27;42;89m██    [38;2;115;106;63m██[38;2;115;106;63m██[38;2;255;240;166m██[38;2;255;240;166m██[38;2;255;240;166m██[38;2;255;240;166m██[38;2;255;240;166m██[38;2;255;240;166m██[38;2;255;240;166m██[38;2;255;240;166m██[38;2;255;240;166m██[38;2;16;16;16m██                                                                  
                      [38;2;27;42;89m██[38;2;61;97;204m██[38;2;46;73;153m██[38;2;46;73;153m██[38;2;16;16;16m██[38;2;102;217;255m██[38;2;102;217;255m██[38;2;16;16;16m██[38;2;16;16;16m██[38;2;16;16;16m██[38;2;27;42;89m██[38;2;61;97;204m██[38;2;46;73;153m██[38;2;46;73;153m██[38;2;46;73;153m██[38;2;27;42;89m██    [38;2;115;106;63m██[38;2;255;240;166m██[38;2;255;240;166m██[38;2;255;240;166m██[38;2;255;240;166m██[38;2;255;240;166m██[38;2;255;240;166m██[38;2;255;240;166m██[38;2;255;240;166m██[38;2;255;240;166m██[38;2;255;240;166m██[38;2;16;16;16m██                                                                    
                      [38;2;27;42;89m██[38;2;61;97;204m██[38;2;46;73;153m██[38;2;46;73;153m██[38;2;16;16;16m██[38;2;102;217;255m██[38;2;102;217;255m██[38;2;102;217;255m██[38;2;27;42;89m██[38;2;61;97;204m██[38;2;46;73;153m██[38;2;46;73;153m██[38;2;46;73;153m██[38;2;27;42;89m██[38;2;16;16;16m██[38;2;16;16;16m██[38;2;16;16;16m██[38;2;115;106;63m██[38;2;255;240;166m██[38;2;255;240;166m██[38;2;255;240;166m██[38;2;255;240;166m██[38;2;255;240;166m██[38;2;255;240;166m██[38;2;255;240;166m██[38;2;255;240;166m██[38;2;255;240;166m██[38;2;255;240;166m██[38;2;16;16;16m██                                                                      
                        [38;2;27;42;89m██[38;2;46;73;153m██[38;2;46;73;153m██[38;2;16;16;16m██[38;2;102;217;255m██[38;2;102;217;255m██[38;2;27;42;89m██[38;2;61;97;204m██[38;2;46;73;153m██[38;2;46;73;153m██[38;2;46;73;153m██[38;2;27;42;89m██[38;2;102;217;255m██[38;2;102;217;255m██[38;2;102;217;255m██[38;2;102;217;255m██[38;2;115;106;63m██[38;2;255;240;166m██[38;2;255;240;166m██[38;2;255;240;166m██[38;2;255;240;166m██[38;2;255;240;166m██[38;2;255;240;166m██[38;2;255;240;166m██[38;2;255;240;166m██[38;2;255;240;166m██[38;2;16;16;16m██                                                                        
                        [38;2;16;16;16m██[38;2;46;73;153m██[38;2;46;73;153m██[38;2;16;16;16m██[38;2;102;217;255m██[38;2;27;42;89m██[38;2;61;97;204m██[38;2;46;73;153m██[38;2;46;73;153m██[38;2;46;73;153m██[38;2;27;42;89m██[38;2;102;217;255m██[38;2;102;217;255m██[38;2;102;217;255m██[38;2;102;217;255m██[38;2;102;217;255m██[38;2;115;106;63m██[38;2;255;240;166m██[38;2;255;240;166m██[38;2;255;240;166m██[38;2;255;240;166m██[38;2;255;240;166m██[38;2;255;240;166m██[38;2;255;240;166m██[38;2;255;240;166m██[38;2;16;16;16m██                                                                          
                        [38;2;16;16;16m██[38;2;46;73;153m██[38;2;46;73;153m██[38;2;46;73;153m██[38;2;27;42;89m██[38;2;61;97;204m██[38;2;46;73;153m██[38;2;46;73;153m██[38;2;46;73;153m██[38;2;27;42;89m██[38;2;102;217;255m██[38;2;102;217;255m██[38;2;102;217;255m██[38;2;102;217;255m██[38;2;102;217;255m██[38;2;102;217;255m██[38;2;115;106;63m██[38;2;255;240;166m██[38;2;255;240;166m██[38;2;255;240;166m██[38;2;255;240;166m██[38;2;255;240;166m██[38;2;255;240;166m██[38;2;255;240;166m██[38;2;16;16;16m██                                                                            
                          [38;2;16;16;16m██[38;2;46;73;153m██[38;2;27;42;89m██[38;2;61;97;204m██[38;2;46;73;153m██[38;2;46;73;153m██[38;2;46;73;153m██[38;2;46;73;153m██[38;2;27;42;89m██[38;2;27;42;89m██[38;2;27;42;89m██[38;2;27;42;89m██[38;2;102;217;255m██[38;2;102;217;255m██[38;2;102;217;255m██[38;2;115;106;63m██[38;2;255;240;166m██[38;2;255;240;166m██[38;2;255;240;166m██[38;2;255;240;166m██[38;2;255;240;166m██[38;2;255;240;166m██[38;2;16;16;16m██                                                                              
                          [38;2;16;16;16m██[38;2;27;42;89m██[38;2;61;97;204m██[38;2;61;97;204m██[38;2;46;73;153m██[38;2;46;73;153m██[38;2;46;73;153m██[38;2;27;42;89m██[38;2;46;73;153m██[38;2;61;97;204m██[38;2;61;97;204m██[38;2;46;73;153m██[38;2;27;42;89m██[38;2;27;42;89m██[38;2;115;106;63m██[38;2;255;240;166m██[38;2;255;240;166m██[38;2;255;240;166m██[38;2;255;240;166m██[38;2;255;240;166m██[38;2;255;240;166m██[38;2;16;16;16m██                                                                                
                          [38;2;16;16;16m██[38;2;27;42;89m██[38;2;61;97;204m██[38;2;46;73;153m██[38;2;46;73;153m██[38;2;46;73;153m██[38;2;27;42;89m██[38;2;46;73;153m██[38;2;61;97;204m██[38;2;61;97;204m██[38;2;61;97;204m██[38;2;61;97;204m██[38;2;61;97;204m██[38;2;46;73;153m██[38;2;115;106;63m██[38;2;255;240;166m██[38;2;255;240;166m██[38;2;255;240;166m██[38;2;255;240;166m██[38;2;255;240;166m██[38;2;16;16;16m██                            [38;2;115;115;115m██[38;2;115;115;115m██[38;2;115;115;115m██[38;2;16;16;16m██[38;2;16;16;16m██                                            
                            [38;2;27;42;89m██[38;2;61;97;204m██[38;2;46;73;153m██[38;2;46;73;153m██[38;2;46;73;153m██[38;2;27;42;89m██[38;2;61;97;204m██[38;2;61;97;204m██[38;2;61;97;204m██[38;2;61;97;204m██[38;2;61;97;204m██[38;2;61;97;204m██[38;2;61;97;204m██[38;2;115;106;63m██[38;2;255;240;166m██[38;2;255;240;166m██[38;2;255;240;166m██[38;2;255;240;166m██[38;2;16;16;16m██[38;2;16;16;16m██[38;2;16;16;16m██[38;2;16;16;16m██                    [38;2;27;42;89m██[38;2;115;115;115m██[38;2;248;248;248m██[38;2;248;248;248m██[38;2;191;191;191m██[38;2;191;191;191m██[38;2;191;191;191m██[38;2;16;16;16m██[38;2;16;16;16m██                                        
                      [38;2;115;115;115m██[38;2;115;115;115m██[38;2;115;115;115m██[38;2;27;42;89m██[38;2;46;73;153m██[38;2;46;73;153m██[38;2;46;73;153m██[38;2;27;42;89m██[38;2;46;73;153m██[38;2;61;97;204m██[38;2;61;97;204m██[38;2;61;97;204m██[38;2;61;97;204m██[38;2;61;97;204m██[38;2;61;97;204m██[38;2;61;97;204m██[38;2;115;106;63m██[38;2;255;240;166m██[38;2;255;240;166m██[38;2;255;240;166m██[38;2;16;16;16m██[38;2;191;76;96m██[38;2;128;51;64m██[38;2;191;76;96m██[38;2;191;76;96m██[38;2;16;16;16m██[38;2;16;16;16m██[38;2;16;16;16m██        [38;2;27;42;89m██[38;2;27;42;89m██[38;2;27;42;89m██[38;2;46;73;153m██[38;2;115;115;115m██[38;2;248;248;248m██[38;2;248;248;248m██[38;2;248;248;248m██[38;2;191;191;191m██[38;2;191;191;191m██[38;2;191;191;191m██[38;2;191;191;191m██[38;2;16;16;16m██                                      
                    [38;2;16;16;16m██[38;2;248;248;248m██[38;2;191;191;191m██[38;2;27;42;89m██[38;2;61;97;204m██[38;2;46;73;153m██[38;2;46;73;153m██[38;2;46;73;153m██[38;2;27;42;89m██[38;2;46;73;153m██[38;2;115;115;115m██[38;2;115;115;115m██[38;2;115;115;115m██[38;2;115;115;115m██[38;2;115;115;115m██[38;2;61;97;204m██[38;2;46;73;153m██[38;2;115;106;63m██[38;2;255;240;166m██[38;2;255;240;166m██[38;2;115;106;63m██[38;2;16;16;16m██[38;2;191;76;96m██[38;2;191;76;96m██[38;2;128;51;64m██[38;2;191;76;96m██[38;2;191;76;96m██[38;2;191;76;96m██[38;2;27;42;89m██[38;2;27;42;89m██[38;2;27;42;89m██[38;2;27;42;89m██[38;2;27;42;89m██[38;2;46;73;153m██[38;2;46;73;153m██[38;2;46;73;153m██[38;2;61;97;204m██[38;2;61;97;204m██[38;2;115;115;115m██[38;2;115;115;115m██[38;2;191;191;191m██[38;2;191;191;191m██[38;2;191;191;191m██[38;2;248;248;248m██[38;2;248;248;248m██[38;2;16;16;16m██[38;2;16;16;16m██                                    
                    [38;2;16;16;16m██[38;2;248;248;248m██[38;2;248;248;248m██[38;2;27;42;89m██[38;2;61;97;204m██[38;2;46;73;153m██[38;2;46;73;153m██[38;2;27;42;89m██[38;2;46;73;153m██[38;2;115;115;115m██[38;2;191;191;191m██[38;2;248;248;248m██[38;2;248;248;248m██[38;2;191;191;191m██[38;2;191;191;191m██[38;2;115;115;115m██[38;2;46;73;153m██[38;2;115;106;63m██[38;2;255;240;166m██[38;2;255;240;166m██[38;2;115;106;63m██[38;2;191;177;105m██[38;2;16;16;16m██[38;2;191;76;96m██[38;2;191;76;96m██[38;2;16;16;16m██[38;2;16;16;16m██[38;2;27;42;89m██[38;2;61;97;204m██[38;2;61;97;204m██[38;2;61;97;204m██[38;2;61;97;204m██[38;2;61;97;204m██[38;2;61;97;204m██[38;2;46;73;153m██[38;2;46;73;153m██[38;2;46;73;153m██[38;2;61;97;204m██[38;2;61;97;204m██[38;2;61;97;204m██[38;2;115;115;115m██[38;2;115;115;115m██[38;2;16;16;16m██[38;2;16;16;16m██[38;2;16;16;16m██[38;2;46;73;153m██[38;2;46;73;153m██[38;2;16;16;16m██[38;2;16;16;16m██                                
                    [38;2;16;16;16m██[38;2;191;191;191m██[38;2;248;248;248m██[38;2;27;42;89m██[38;2;61;97;204m██[38;2;46;73;153m██[38;2;46;73;153m██[38;2;27;42;89m██[38;2;46;73;153m██[38;2;115;115;115m██[38;2;248;248;248m██[38;2;248;248;248m██[38;2;191;191;191m██[38;2;46;73;153m██[38;2;46;73;153m██[38;2;46;73;153m██[38;2;115;115;115m██[38;2;115;106;63m██[38;2;255;240;166m██[38;2;255;240;166m██[38;2;255;240;166m██[38;2;191;177;105m██[38;2;16;16;16m██[38;2;191;76;96m██[38;2;191;76;96m██[38;2;191;76;96m██[38;2;16;16;16m██[38;2;61;97;204m██[38;2;61;97;204m██[38;2;61;97;204m██[38;2;61;97;204m██[38;2;61;97;204m██[38;2;61;97;204m██[38;2;46;73;153m██[38;2;46;73;153m██[38;2;16;16;16m██[38;2;16;16;16m██[38;2;16;16;16m██[38;2;61;97;204m██[38;2;61;97;204m██[38;2;61;97;204m██[38;2;61;97;204m██[38;2;61;97;204m██[38;2;61;97;204m██[38;2;61;97;204m██[38;2;61;97;204m██[38;2;46;73;153m██[38;2;46;73;153m██[38;2;46;73;153m██[38;2;16;16;16m██[38;2;16;16;16m██                            
                    [38;2;16;16;16m██[38;2;191;191;191m██[38;2;191;191;191m██[38;2;27;42;89m██[38;2;46;73;153m██[38;2;46;73;153m██[38;2;46;73;153m██[38;2;27;42;89m██[38;2;46;73;153m██[38;2;46;73;153m██[38;2;191;191;191m██[38;2;191;191;191m██[38;2;46;73;153m██[38;2;61;97;204m██[38;2;46;73;153m██[38;2;46;73;153m██[38;2;27;42;89m██[38;2;115;106;63m██[38;2;255;240;166m██[38;2;255;240;166m██[38;2;255;240;166m██[38;2;191;177;105m██[38;2;128;51;64m██[38;2;191;76;96m██[38;2;191;76;96m██[38;2;191;76;96m██[38;2;16;16;16m██[38;2;61;97;204m██[38;2;61;97;204m██[38;2;61;97;204m██[38;2;61;97;204m██[38;2;61;97;204m██[38;2;16;16;16m██[38;2;16;16;16m██[38;2;16;16;16m██      [38;2;16;16;16m██[38;2;16;16;16m██[38;2;27;42;89m██[38;2;61;97;204m██[38;2;61;97;204m██[38;2;61;97;204m██[38;2;61;97;204m██[38;2;61;97;204m██[38;2;61;97;204m██[38;2;61;97;204m██[38;2;46;73;153m██[38;2;46;73;153m██[38;2;46;73;153m██[38;2;16;16;16m██[38;2;16;16;16m██[38;2;16;16;16m██[38;2;16;16;16m██[38;2;16;16;16m██                  
                      [38;2;16;16;16m██[38;2;191;191;191m██[38;2;27;42;89m██[38;2;46;73;153m██[38;2;46;73;153m██[38;2;27;42;89m██[38;2;46;73;153m██[38;2;46;73;153m██[38;2;46;73;153m██[38;2;115;115;115m██[38;2;191;191;191m██[38;2;61;97;204m██[38;2;61;97;204m██[38;2;46;73;153m██[38;2;27;42;89m██[38;2;191;191;191m██[38;2;115;106;63m██[38;2;255;240;166m██[38;2;255;240;166m██[38;2;255;240;166m██[38;2;128;51;64m██[38;2;191;76;96m██[38;2;191;76;96m██[38;2;191;76;96m██[38;2;191;76;96m██[38;2;191;76;96m██[38;2;16;16;16m██[38;2;61;97;204m██[38;2;61;97;204m██[38;2;27;42;89m██[38;2;27;42;89m██[38;2;191;76;96m██[38;2;191;76;96m██[38;2;16;16;16m██            [38;2;27;42;89m██[38;2;27;42;89m██[38;2;27;42;89m██[38;2;27;42;89m██[38;2;27;42;89m██[38;2;46;73;153m██[38;2;46;73;153m██[38;2;46;73;153m██[38;2;46;73;153m██[38;2;46;73;153m██[38;2;46;73;153m██[38;2;46;73;153m██[38;2;46;73;153m██[38;2;46;73;153m██[38;2;46;73;153m██[38;2;16;16;16m██[38;2;16;16;16m██[38;2;16;16;16m██            
                      [38;2;16;16;16m██[38;2;191;191;191m██[38;2;27;42;89m██[38;2;46;73;153m██[38;2;46;73;153m██[38;2;27;42;89m██[38;2;46;73;153m██[38;2;46;73;153m██[38;2;46;73;153m██[38;2;46;73;153m██[38;2;191;191;191m██[38;2;61;97;204m██[38;2;27;42;89m██[38;2;27;42;89m██[38;2;248;248;248m██[38;2;191;191;191m██[38;2;191;177;105m██[38;2;255;240;166m██[38;2;255;240;166m██[38;2;128;51;64m██[38;2;191;76;96m██[38;2;191;76;96m██[38;2;191;76;96m██[38;2;191;76;96m██[38;2;191;76;96m██[38;2;191;76;96m██[38;2;16;16;16m██[38;2;27;42;89m██[38;2;27;42;89m██[38;2;16;16;16m██[38;2;191;76;96m██[38;2;191;76;96m██[38;2;191;76;96m██[38;2;191;76;96m██[38;2;16;16;16m██                    [38;2;16;16;16m██[38;2;16;16;16m██[38;2;16;16;16m██[38;2;27;42;89m██[38;2;46;73;153m██[38;2;46;73;153m██[38;2;46;73;153m██[38;2;16;16;16m██[38;2;16;16;16m██[38;2;16;16;16m██[38;2;46;73;153m██[38;2;46;73;153m██[38;2;46;73;153m██[38;2;16;16;16m██[38;2;16;16;16m██[38;2;16;16;16m██[38;2;16;16;16m██[38;2;16;16;16m██  
                        [38;2;16;16;16m██[38;2;27;42;89m██[38;2;46;73;153m██[38;2;46;73;153m██[38;2;27;42;89m██[38;2;46;73;153m██[38;2;46;73;153m██[38;2;46;73;153m██[38;2;46;73;153m██[38;2;115;115;115m██[38;2;27;42;89m██[38;2;242;121;141m██[38;2;248;248;248m██[38;2;248;248;248m██[38;2;191;191;191m██[38;2;255;240;166m██[38;2;255;240;166m██[38;2;128;51;64m██[38;2;242;121;141m██[38;2;191;76;96m██[38;2;191;76;96m██[38;2;191;76;96m██[38;2;191;76;96m██[38;2;191;76;96m██[38;2;191;76;96m██[38;2;16;16;16m██      [38;2;16;16;16m██[38;2;191;76;96m██[38;2;191;76;96m██[38;2;191;76;96m██[38;2;191;76;96m██[38;2;16;16;16m██                        [38;2;16;16;16m██[38;2;27;42;89m██[38;2;27;42;89m██[38;2;46;73;153m██[38;2;46;73;153m██[38;2;16;16;16m██[38;2;191;177;105m██[38;2;191;177;105m██[38;2;16;16;16m██[38;2;16;16;16m██[38;2;46;73;153m██[38;2;61;97;204m██[38;2;61;97;204m██[38;2;46;73;153m██[38;2;46;73;153m██[38;2;16;16;16m██
                      [38;2;128;51;64m██[38;2;16;16;16m██[38;2;27;42;89m██[38;2;46;73;153m██[38;2;27;42;89m██[38;2;46;73;153m██[38;2;46;73;153m██[38;2;46;73;153m██[38;2;46;73;153m██[38;2;27;42;89m██[38;2;27;42;89m██[38;2;248;248;248m██[38;2;191;76;96m██[38;2;248;248;248m██[38;2;191;191;191m██[38;2;191;177;105m██[38;2;255;240;166m██[38;2;128;51;64m██[38;2;242;121;141m██[38;2;242;121;141m██[38;2;191;76;96m██[38;2;242;121;141m██[38;2;191;76;96m██[38;2;191;76;96m██[38;2;191;76;96m██[38;2;16;16;16m██[38;2;16;16;16m██[38;2;16;16;16m██      [38;2;16;16;16m██[38;2;191;76;96m██[38;2;191;76;96m██[38;2;242;121;141m██[38;2;242;121;141m██[38;2;16;16;16m██[38;2;16;16;16m██                      [38;2;16;16;16m██[38;2;46;73;153m██[38;2;27;42;89m██[38;2;61;97;204m██[38;2;46;73;153m██[38;2;27;42;89m██[38;2;255;240;166m██[38;2;255;240;166m██[38;2;255;240;166m██[38;2;16;16;16m██[38;2;16;16;16m██[38;2;61;97;204m██[38;2;61;97;204m██[38;2;46;73;153m██[38;2;16;16;16m██
                    [38;2;128;51;64m██[38;2;242;121;141m██[38;2;128;51;64m██[38;2;27;42;89m██[38;2;46;73;153m██[38;2;27;42;89m██[38;2;46;73;153m██[38;2;46;73;153m██[38;2;46;73;153m██[38;2;27;42;89m██[38;2;191;177;105m██[38;2;255;240;166m██[38;2;191;177;105m██[38;2;191;177;105m██[38;2;191;177;105m██[38;2;255;240;166m██[38;2;128;51;64m██[38;2;128;51;64m██[38;2;242;121;141m██[38;2;242;121;141m██[38;2;191;76;96m██[38;2;242;121;141m██[38;2;242;121;141m██[38;2;242;121;141m██[38;2;191;76;96m██[38;2;191;76;96m██[38;2;16;16;16m██[38;2;46;73;153m██[38;2;16;16;16m██      [38;2;16;16;16m██[38;2;191;76;96m██[38;2;191;76;96m██[38;2;242;121;141m██[38;2;242;121;141m██[38;2;242;121;141m██[38;2;242;121;141m██[38;2;16;16;16m██                      [38;2;16;16;16m██[38;2;46;73;153m██[38;2;27;42;89m██[38;2;61;97;204m██[38;2;61;97;204m██[38;2;27;42;89m██[38;2;255;240;166m██[38;2;255;240;166m██[38;2;255;240;166m██[38;2;16;16;16m██[38;2;27;42;89m██[38;2;27;42;89m██[38;2;27;42;89m██  
                    [38;2;128;51;64m██[38;2;242;121;141m██[38;2;191;76;96m██[38;2;27;42;89m██[38;2;61;97;204m██[38;2;27;42;89m██[38;2;46;73;153m██[38;2;27;42;89m██[38;2;27;42;89m██[38;2;255;240;166m██[38;2;255;240;166m██[38;2;255;240;166m██[38;2;255;240;166m██[38;2;128;51;64m██[38;2;128;51;64m██[38;2;128;51;64m██[38;2;242;121;141m██[38;2;242;121;141m██[38;2;242;121;141m██[38;2;191;76;96m██[38;2;242;121;141m██[38;2;242;121;141m██[38;2;242;121;141m██[38;2;242;121;141m██[38;2;191;76;96m██[38;2;16;16;16m██[38;2;27;42;89m██[38;2;46;73;153m██[38;2;46;73;153m██[38;2;16;16;16m██      [38;2;16;16;16m██[38;2;191;76;96m██[38;2;191;76;96m██[38;2;242;121;141m██[38;2;242;121;141m██[38;2;242;121;141m██[38;2;242;121;141m██[38;2;128;51;64m██[38;2;128;51;64m██                  [38;2;16;16;16m██[38;2;46;73;153m██[38;2;46;73;153m██[38;2;27;42;89m██[38;2;61;97;204m██[38;2;61;97;204m██[38;2;27;42;89m██[38;2;27;42;89m██[38;2;115;106;63m██          
                    [38;2;128;51;64m██[38;2;242;121;141m██[38;2;255;178;191m██[38;2;27;42;89m██[38;2;61;97;204m██[38;2;27;42;89m██[38;2;27;42;89m██[38;2;255;240;166m██[38;2;255;240;166m██[38;2;255;240;166m██[38;2;128;51;64m██[38;2;128;51;64m██[38;2;128;51;64m██[38;2;242;121;141m██[38;2;242;121;141m██[38;2;242;121;141m██[38;2;242;121;141m██[38;2;242;121;141m██[38;2;191;76;96m██[38;2;242;121;141m██[38;2;242;121;141m██[38;2;242;121;141m██[38;2;242;121;141m██[38;2;242;121;141m██[38;2;16;16;16m██[38;2;255;240;166m██[38;2;27;42;89m██[38;2;46;73;153m██[38;2;46;73;153m██[38;2;16;16;16m██        [38;2;16;16;16m██[38;2;191;76;96m██[38;2;242;121;141m██[38;2;242;121;141m██[38;2;242;121;141m██[38;2;242;121;141m██[38;2;242;121;141m██[38;2;242;121;141m██[38;2;128;51;64m██[38;2;128;51;64m██                [38;2;16;16;16m██[38;2;16;16;16m██[38;2;16;16;16m██[38;2;61;97;204m██[38;2;61;97;204m██[38;2;61;97;204m██[38;2;61;97;204m██[38;2;27;42;89m██          
                    [38;2;128;51;64m██[38;2;242;121;141m██[38;2;255;178;191m██[38;2;27;42;89m██[38;2;27;42;89m██[38;2;255;240;166m██[38;2;255;240;166m██[38;2;128;51;64m██[38;2;128;51;64m██[38;2;128;51;64m██[38;2;242;121;141m██[38;2;242;121;141m██[38;2;242;121;141m██[38;2;242;121;141m██[38;2;242;121;141m██[38;2;242;121;141m██[38;2;191;76;96m██[38;2;191;76;96m██[38;2;242;121;141m██[38;2;242;121;141m██[38;2;242;121;141m██[38;2;242;121;141m██[38;2;242;121;141m██[38;2;16;16;16m██[38;2;255;240;166m██[38;2;255;240;166m██[38;2;27;42;89m██[38;2;46;73;153m██[38;2;46;73;153m██[38;2;16;16;16m██          [38;2;16;16;16m██[38;2;191;76;96m██[38;2;242;121;141m██[38;2;242;121;141m██[38;2;242;121;141m██[38;2;242;121;141m██[38;2;242;121;141m██[38;2;242;121;141m██[38;2;242;121;141m██[38;2;128;51;64m██[38;2;128;51;64m██[38;2;128;51;64m██                [38;2;27;42;89m██[38;2;61;97;204m██[38;2;61;97;204m██[38;2;61;97;204m██[38;2;61;97;204m██[38;2;27;42;89m██        
                    [38;2;128;51;64m██[38;2;242;121;141m██[38;2;255;178;191m██[38;2;255;178;191m██[38;2;128;51;64m██[38;2;128;51;64m██[38;2;128;51;64m██[38;2;242;121;141m██[38;2;242;121;141m██[38;2;242;121;141m██[38;2;242;121;141m██[38;2;242;121;141m██[38;2;242;121;141m██[38;2;242;121;141m██[38;2;242;121;141m██[38;2;191;76;96m██[38;2;242;121;141m██[38;2;242;121;141m██[38;2;242;121;141m██[38;2;242;121;141m██[38;2;242;121;141m██[38;2;242;121;141m██[38;2;128;51;64m██[38;2;255;240;166m██[38;2;255;240;166m██[38;2;255;240;166m██[38;2;27;42;89m██[38;2;46;73;153m██[38;2;46;73;153m██[38;2;46;73;153m██[38;2;16;16;16m██          [38;2;16;16;16m██[38;2;16;16;16m██[38;2;242;121;141m██[38;2;242;121;141m██[38;2;242;121;141m██[38;2;242;121;141m██[38;2;242;121;141m██[38;2;242;121;141m██[38;2;242;121;141m██[38;2;242;121;141m██[38;2;242;121;141m██[38;2;128;51;64m██[38;2;128;51;64m██[38;2;128;51;64m██          [38;2;27;42;89m██[38;2;61;97;204m██[38;2;61;97;204m██[38;2;61;97;204m██[38;2;61;97;204m██[38;2;27;42;89m██        
                      [38;2;128;51;64m██[38;2;255;178;191m██[38;2;255;178;191m██[38;2;255;178;191m██[38;2;255;178;191m██[38;2;255;178;191m██[38;2;255;178;191m██[38;2;242;121;141m██[38;2;242;121;141m██[38;2;242;121;141m██[38;2;242;121;141m██[38;2;242;121;141m██[38;2;191;76;96m██[38;2;191;76;96m██[38;2;242;121;141m██[38;2;242;121;141m██[38;2;242;121;141m██[38;2;242;121;141m██[38;2;242;121;141m██[38;2;242;121;141m██[38;2;128;51;64m██[38;2;255;240;166m██[38;2;255;240;166m██[38;2;191;177;105m██[38;2;191;177;105m██[38;2;191;177;105m██[38;2;27;42;89m██[38;2;46;73;153m██[38;2;46;73;153m██[38;2;16;16;16m██              [38;2;16;16;16m██[38;2;242;121;141m██[38;2;242;121;141m██[38;2;242;121;141m██[38;2;242;121;141m██[38;2;242;121;141m██[38;2;242;121;141m██[38;2;242;121;141m██[38;2;242;121;141m██[38;2;242;121;141m██[38;2;242;121;141m██[38;2;242;121;141m██[38;2;128;51;64m██[38;2;128;51;64m██[38;2;128;51;64m██      [38;2;27;42;89m██[38;2;27;42;89m██[38;2;27;42;89m██[38;2;27;42;89m██          
                      [38;2;128;51;64m██[38;2;255;178;191m██[38;2;255;178;191m██[38;2;255;178;191m██[38;2;255;178;191m██[38;2;255;178;191m██[38;2;242;121;141m██[38;2;242;121;141m██[38;2;242;121;141m██[38;2;242;121;141m██[38;2;191;76;96m██[38;2;191;76;96m██[38;2;242;121;141m██[38;2;242;121;141m██[38;2;242;121;141m██[38;2;242;121;141m██[38;2;242;121;141m██[38;2;242;121;141m██[38;2;128;51;64m██[38;2;128;51;64m██[38;2;191;177;105m██[38;2;191;177;105m██[38;2;191;177;105m██[38;2;255;240;166m██[38;2;255;240;166m██[38;2;255;240;166m██[38;2;27;42;89m██[38;2;46;73;153m██[38;2;46;73;153m██[38;2;27;42;89m██[38;2;16;16;16m██[38;2;16;16;16m██            [38;2;128;51;64m██[38;2;242;121;141m██[38;2;242;121;141m██[38;2;242;121;141m██[38;2;242;121;141m██[38;2;242;121;141m██[38;2;242;121;141m██[38;2;242;121;141m██[38;2;242;121;141m██[38;2;242;121;141m██[38;2;242;121;141m██[38;2;242;121;141m██[38;2;242;121;141m██[38;2;242;121;141m██[38;2;128;51;64m██[38;2;128;51;64m██                    
                        [38;2;128;51;64m██[38;2;255;178;191m██[38;2;255;178;191m██[38;2;255;178;191m██[38;2;242;121;141m██[38;2;242;121;141m██[38;2;191;76;96m██[38;2;191;76;96m██[38;2;191;76;96m██[38;2;242;121;141m██[38;2;242;121;141m██[38;2;242;121;141m██[38;2;242;121;141m██[38;2;242;121;141m██[38;2;128;51;64m██[38;2;128;51;64m██[38;2;128;51;64m██[38;2;191;177;105m██[38;2;191;177;105m██[38;2;191;177;105m██[38;2;255;240;166m██[38;2;255;240;166m██[38;2;255;240;166m██[38;2;255;240;166m██[38;2;255;240;166m██[38;2;27;42;89m██[38;2;46;73;153m██[38;2;27;42;89m██[38;2;46;73;153m██[38;2;46;73;153m██[38;2;46;73;153m██[38;2;16;16;16m██[38;2;16;16;16m██[38;2;16;16;16m██        [38;2;128;51;64m██[38;2;128;51;64m██[38;2;242;121;141m██[38;2;242;121;141m██[38;2;242;121;141m██[38;2;242;121;141m██[38;2;242;121;141m██[38;2;242;121;141m██[38;2;242;121;141m██[38;2;242;121;141m██[38;2;242;121;141m██[38;2;242;121;141m██[38;2;242;121;141m██[38;2;242;121;141m██[38;2;242;121;141m██[38;2;128;51;64m██                  
                          [38;2;128;51;64m██[38;2;128;51;64m██[38;2;191;76;96m██[38;2;191;76;96m██[38;2;191;76;96m██[38;2;191;76;96m██[38;2;242;121;141m██[38;2;242;121;141m██[38;2;242;121;141m██[38;2;128;51;64m██[38;2;128;51;64m██[38;2;128;51;64m██[38;2;128;51;64m██    [38;2;16;16;16m██[38;2;16;16;16m██[38;2;191;177;105m██[38;2;255;240;166m██[38;2;255;240;166m██[38;2;255;240;166m██[38;2;27;42;89m██[38;2;27;42;89m██[38;2;255;240;166m██[38;2;27;42;89m██[38;2;46;73;153m██[38;2;46;73;153m██[38;2;46;73;153m██[38;2;46;73;153m██[38;2;46;73;153m██[38;2;102;217;255m██[38;2;102;217;255m██[38;2;102;217;255m██[38;2;16;16;16m██[38;2;16;16;16m██        [38;2;128;51;64m██[38;2;242;121;141m██[38;2;242;121;141m██[38;2;242;121;141m██[38;2;242;121;141m██[38;2;242;121;141m██[38;2;242;121;141m██[38;2;242;121;141m██[38;2;242;121;141m██[38;2;242;121;141m██[38;2;242;121;141m██[38;2;242;121;141m██[38;2;242;121;141m██[38;2;242;121;141m██[38;2;128;51;64m██                
                              [38;2;128;51;64m██[38;2;128;51;64m██[38;2;128;51;64m██[38;2;128;51;64m██[38;2;128;51;64m██[38;2;128;51;64m██[38;2;128;51;64m██                [38;2;16;16;16m██[38;2;16;16;16m██[38;2;255;240;166m██[38;2;255;240;166m██[38;2;27;42;89m██[38;2;61;97;204m██[38;2;27;42;89m██[38;2;27;42;89m██[38;2;46;73;153m██[38;2;46;73;153m██[38;2;61;97;204m██[38;2;102;217;255m██[38;2;102;217;255m██[38;2;102;217;255m██[38;2;102;217;255m██[38;2;102;217;255m██[38;2;102;217;255m██[38;2;102;217;255m██[38;2;16;16;16m██[38;2;16;16;16m██      [38;2;128;51;64m██[38;2;128;51;64m██[38;2;242;121;141m██[38;2;242;121;141m██[38;2;255;178;191m██[38;2;242;121;141m██[38;2;255;178;191m██[38;2;255;178;191m██[38;2;255;178;191m██[38;2;242;121;141m██[38;2;242;121;141m██[38;2;242;121;141m██[38;2;242;121;141m██[38;2;128;51;64m██                
                            [38;2;27;42;89m██[38;2;46;73;153m██[38;2;46;73;153m██[38;2;46;73;153m██[38;2;16;16;16m██                          [38;2;16;16;16m██[38;2;16;16;16m██[38;2;16;16;16m██[38;2;61;97;204m██[38;2;61;97;204m██[38;2;46;73;153m██[38;2;46;73;153m██[38;2;61;97;204m██[38;2;61;97;204m██[38;2;61;97;204m██[38;2;61;97;204m██[38;2;61;97;204m██[38;2;102;217;255m██[38;2;102;217;255m██[38;2;61;97;204m██[38;2;46;73;153m██[38;2;46;73;153m██[38;2;46;73;153m██[38;2;16;16;16m██        [38;2;128;51;64m██[38;2;128;51;64m██[38;2;242;121;141m██[38;2;242;121;141m██[38;2;242;121;141m██[38;2;255;178;191m██[38;2;255;178;191m██[38;2;255;178;191m██[38;2;255;178;191m██[38;2;242;121;141m██[38;2;242;121;141m██[38;2;128;51;64m██                
                            [38;2;27;42;89m██[38;2;46;73;153m██[38;2;46;73;153m██[38;2;46;73;153m██[38;2;16;16;16m██                    [38;2;27;42;89m██[38;2;27;42;89m██[38;2;27;42;89m██[38;2;102;217;255m██[38;2;102;217;255m██[38;2;46;73;153m██[38;2;16;16;16m██[38;2;61;97;204m██[38;2;61;97;204m██[38;2;27;42;89m██[38;2;61;97;204m██[38;2;61;97;204m██[38;2;61;97;204m██[38;2;61;97;204m██[38;2;61;97;204m██[38;2;102;217;255m██[38;2;61;97;204m██[38;2;61;97;204m██[38;2;61;97;204m██[38;2;46;73;153m██[38;2;46;73;153m██[38;2;46;73;153m██[38;2;16;16;16m██          [38;2;128;51;64m██[38;2;128;51;64m██[38;2;128;51;64m██[38;2;242;121;141m██[38;2;242;121;141m██[38;2;242;121;141m██[38;2;242;121;141m██[38;2;242;121;141m██[38;2;128;51;64m██                  
                            [38;2;27;42;89m██[38;2;61;97;204m██[38;2;46;73;153m██[38;2;16;16;16m██                  [38;2;27;42;89m██[38;2;27;42;89m██[38;2;102;217;255m██[38;2;102;217;255m██[38;2;102;217;255m██[38;2;102;217;255m██[38;2;102;217;255m██[38;2;102;217;255m██[38;2;46;73;153m██[38;2;16;16;16m██[38;2;16;16;16m██[38;2;27;42;89m██[38;2;61;97;204m██[38;2;61;97;204m██[38;2;61;97;204m██[38;2;61;97;204m██[38;2;61;97;204m██[38;2;61;97;204m██[38;2;61;97;204m██[38;2;61;97;204m██[38;2;61;97;204m██[38;2;61;97;204m██[38;2;46;73;153m██[38;2;46;73;153m██[38;2;46;73;153m██[38;2;16;16;16m██              [38;2;128;51;64m██[38;2;128;51;64m██[38;2;128;51;64m██[38;2;128;51;64m██[38;2;128;51;64m██                    
                          [38;2;27;42;89m██[38;2;61;97;204m██[38;2;61;97;204m██[38;2;46;73;153m██[38;2;16;16;16m██              [38;2;27;42;89m██[38;2;27;42;89m██[38;2;61;97;204m██[38;2;61;97;204m██[38;2;61;97;204m██[38;2;102;217;255m██[38;2;102;217;255m██[38;2;61;97;204m██[38;2;46;73;153m██[38;2;46;73;153m██[38;2;46;73;153m██[38;2;46;73;153m██[38;2;46;73;153m██[38;2;27;42;89m██[38;2;61;97;204m██[38;2;61;97;204m██[38;2;61;97;204m██[38;2;61;97;204m██[38;2;61;97;204m██[38;2;61;97;204m██[38;2;61;97;204m██[38;2;61;97;204m██[38;2;61;97;204m██[38;2;61;97;204m██[38;2;46;73;153m██[38;2;46;73;153m██[38;2;46;73;153m██[38;2;16;16;16m██                                            
                        [38;2;115;115;115m██[38;2;115;115;115m██[38;2;61;97;204m██[38;2;61;97;204m██[38;2;16;16;16m██              [38;2;27;42;89m██[38;2;61;97;204m██[38;2;61;97;204m██[38;2;61;97;204m██[38;2;61;97;204m██[38;2;61;97;204m██[38;2;102;217;255m██[38;2;61;97;204m██[38;2;61;97;204m██[38;2;46;73;153m██[38;2;46;73;153m██[38;2;46;73;153m██[38;2;46;73;153m██[38;2;27;42;89m██  [38;2;27;42;89m██[38;2;61;97;204m██[38;2;61;97;204m██[38;2;61;97;204m██[38;2;61;97;204m██[38;2;61;97;204m██[38;2;61;97;204m██[38;2;115;115;115m██[38;2;115;115;115m██[38;2;115;115;115m██[38;2;46;73;153m██[38;2;46;73;153m██[38;2;46;73;153m██[38;2;46;73;153m██[38;2;16;16;16m██                                          
                      [38;2;115;115;115m██[38;2;248;248;248m██[38;2;115;115;115m██[38;2;61;97;204m██[38;2;61;97;204m██[38;2;16;16;16m██            [38;2;27;42;89m██[38;2;61;97;204m██[38;2;61;97;204m██[38;2;61;97;204m██[38;2;61;97;204m██[38;2;61;97;204m██[38;2;61;97;204m██[38;2;102;217;255m██[38;2;61;97;204m██[38;2;46;73;153m██[38;2;46;73;153m██[38;2;46;73;153m██[38;2;46;73;153m██[38;2;46;73;153m██[38;2;16;16;16m██  [38;2;27;42;89m██[38;2;61;97;204m██[38;2;61;97;204m██[38;2;61;97;204m██[38;2;61;97;204m██[38;2;61;97;204m██[38;2;115;115;115m██[38;2;248;248;248m██[38;2;248;248;248m██[38;2;248;248;248m██[38;2;115;115;115m██[38;2;115;115;115m██[38;2;46;73;153m██[38;2;46;73;153m██[38;2;16;16;16m██                                          
                    [38;2;115;115;115m██[38;2;248;248;248m██[38;2;248;248;248m██[38;2;16;16;16m██[38;2;61;97;204m██[38;2;61;97;204m██[38;2;27;42;89m██          [38;2;27;42;89m██[38;2;61;97;204m██[38;2;61;97;204m██[38;2;61;97;204m██[38;2;61;97;204m██[38;2;61;97;204m██[38;2;61;97;204m██[38;2;61;97;204m██[38;2;61;97;204m██[38;2;46;73;153m██[38;2;46;73;153m██[38;2;46;73;153m██[38;2;46;73;153m██[38;2;46;73;153m██[38;2;46;73;153m██[38;2;16;16;16m██  [38;2;27;42;89m██[38;2;61;97;204m██[38;2;61;97;204m██[38;2;61;97;204m██[38;2;61;97;204m██[38;2;115;115;115m██[38;2;191;191;191m██[38;2;248;248;248m██[38;2;248;248;248m██[38;2;248;248;248m██[38;2;248;248;248m██[38;2;191;191;191m██[38;2;115;115;115m██[38;2;46;73;153m██[38;2;16;16;16m██                                          
                    [38;2;115;115;115m██[38;2;248;248;248m██[38;2;248;248;248m██[38;2;16;16;16m██[38;2;61;97;204m██[38;2;61;97;204m██[38;2;27;42;89m██        [38;2;27;42;89m██[38;2;46;73;153m██[38;2;61;97;204m██[38;2;61;97;204m██[38;2;61;97;204m██[38;2;61;97;204m██[38;2;61;97;204m██[38;2;61;97;204m██[38;2;61;97;204m██[38;2;46;73;153m██[38;2;46;73;153m██[38;2;46;73;153m██[38;2;46;73;153m██[38;2;46;73;153m██[38;2;46;73;153m██[38;2;16;16;16m██      [38;2;27;42;89m██[38;2;61;97;204m██[38;2;61;97;204m██[38;2;61;97;204m██[38;2;115;115;115m██[38;2;248;248;248m██[38;2;248;248;248m██[38;2;248;248;248m██[38;2;191;191;191m██[38;2;191;191;191m██[38;2;191;191;191m██[38;2;191;191;191m██[38;2;16;16;16m██[38;2;16;16;16m██                                          
                  [38;2;115;115;115m██[38;2;191;191;191m██[38;2;248;248;248m██[38;2;191;191;191m██[38;2;16;16;16m██[38;2;61;97;204m██[38;2;61;97;204m██[38;2;27;42;89m██        [38;2;27;42;89m██[38;2;46;73;153m██[38;2;46;73;153m██[38;2;61;97;204m██[38;2;61;97;204m██[38;2;61;97;204m██[38;2;61;97;204m██[38;2;46;73;153m██[38;2;46;73;153m██[38;2;46;73;153m██[38;2;46;73;153m██[38;2;46;73;153m██[38;2;46;73;153m██[38;2;46;73;153m██[38;2;46;73;153m██[38;2;16;16;16m██      [38;2;27;42;89m██[38;2;46;73;153m██[38;2;61;97;204m██[38;2;61;97;204m██[38;2;16;16;16m██[38;2;248;248;248m██[38;2;248;248;248m██[38;2;191;191;191m██[38;2;191;191;191m██[38;2;191;191;191m██[38;2;191;191;191m██[38;2;191;191;191m██[38;2;16;16;16m██[38;2;46;73;153m██[38;2;16;16;16m██                                        
                  [38;2;115;115;115m██[38;2;191;191;191m██[38;2;191;191;191m██[38;2;191;191;191m██[38;2;16;16;16m██[38;2;61;97;204m██[38;2;61;97;204m██[38;2;27;42;89m██      [38;2;27;42;89m██[38;2;46;73;153m██[38;2;46;73;153m██[38;2;46;73;153m██[38;2;46;73;153m██[38;2;46;73;153m██[38;2;46;73;153m██[38;2;46;73;153m██[38;2;46;73;153m██[38;2;46;73;153m██[38;2;46;73;153m██[38;2;46;73;153m██[38;2;46;73;153m██[38;2;46;73;153m██[38;2;46;73;153m██[38;2;16;16;16m██          [38;2;27;42;89m██[38;2;46;73;153m██[38;2;46;73;153m██[38;2;16;16;16m██[38;2;191;191;191m██[38;2;248;248;248m██[38;2;191;191;191m██[38;2;191;191;191m██[38;2;191;191;191m██[38;2;191;191;191m██[38;2;191;191;191m██[38;2;16;16;16m██[38;2;46;73;153m██[38;2;16;16;16m██                                        
                  [38;2;115;115;115m██[38;2;191;191;191m██[38;2;248;248;248m██[38;2;16;16;16m██[38;2;61;97;204m██[38;2;61;97;204m██[38;2;61;97;204m██[38;2;27;42;89m██      [38;2;27;42;89m██[38;2;115;115;115m██[38;2;115;115;115m██[38;2;115;115;115m██[38;2;46;73;153m██[38;2;46;73;153m██[38;2;46;73;153m██[38;2;46;73;153m██[38;2;46;73;153m██[38;2;46;73;153m██[38;2;46;73;153m██[38;2;46;73;153m██[38;2;46;73;153m██[38;2;46;73;153m██[38;2;46;73;153m██[38;2;16;16;16m██            [38;2;27;42;89m██[38;2;46;73;153m██[38;2;16;16;16m██[38;2;191;191;191m██[38;2;191;191;191m██[38;2;191;191;191m██[38;2;191;191;191m██[38;2;191;191;191m██[38;2;191;191;191m██[38;2;191;191;191m██[38;2;115;115;115m██[38;2;46;73;153m██[38;2;46;73;153m██[38;2;16;16;16m██                                      
                  [38;2;115;115;115m██[38;2;248;248;248m██[38;2;191;191;191m██[38;2;16;16;16m██[38;2;61;97;204m██[38;2;61;97;204m██[38;2;27;42;89m██        [38;2;115;115;115m██[38;2;248;248;248m██[38;2;248;248;248m██[38;2;191;191;191m██[38;2;115;115;115m██[38;2;115;115;115m██[38;2;46;73;153m██[38;2;46;73;153m██[38;2;46;73;153m██[38;2;46;73;153m██[38;2;46;73;153m██[38;2;46;73;153m██[38;2;46;73;153m██[38;2;46;73;153m██[38;2;16;16;16m██[38;2;16;16;16m██[38;2;16;16;16m██[38;2;16;16;16m██          [38;2;16;16;16m██[38;2;46;73;153m██[38;2;16;16;16m██[38;2;191;191;191m██[38;2;191;191;191m██[38;2;191;191;191m██[38;2;191;191;191m██[38;2;248;248;248m██[38;2;191;191;191m██[38;2;115;115;115m██[38;2;46;73;153m██[38;2;46;73;153m██[38;2;16;16;16m██                                      
                    [38;2;16;16;16m██[38;2;16;16;16m██[38;2;61;97;204m██[38;2;61;97;204m██[38;2;61;97;204m██[38;2;27;42;89m██        [38;2;115;115;115m██[38;2;248;248;248m██[38;2;248;248;248m██[38;2;248;248;248m██[38;2;191;191;191m██[38;2;191;191;191m██[38;2;115;115;115m██[38;2;46;73;153m██[38;2;46;73;153m██[38;2;46;73;153m██[38;2;46;73;153m██[38;2;46;73;153m██[38;2;46;73;153m██[38;2;16;16;16m██[38;2;16;16;16m██[38;2;27;42;89m██[38;2;46;73;153m██[38;2;16;16;16m██            [38;2;16;16;16m██[38;2;16;16;16m██[38;2;16;16;16m██[38;2;191;191;191m██[38;2;248;248;248m██[38;2;248;248;248m██[38;2;191;191;191m██[38;2;115;115;115m██[38;2;46;73;153m██[38;2;46;73;153m██[38;2;46;73;153m██[38;2;46;73;153m██[38;2;16;16;16m██                                    
                    [38;2;27;42;89m██[38;2;61;97;204m██[38;2;61;97;204m██[38;2;61;97;204m██[38;2;27;42;89m██            [38;2;115;115;115m██[38;2;191;191;191m██[38;2;191;191;191m██[38;2;191;191;191m██[38;2;191;191;191m██[38;2;191;191;191m██[38;2;16;16;16m██[38;2;46;73;153m██[38;2;46;73;153m██[38;2;46;73;153m██[38;2;46;73;153m██[38;2;46;73;153m██[38;2;46;73;153m██[38;2;27;42;89m██[38;2;46;73;153m██[38;2;16;16;16m██                    [38;2;16;16;16m██[38;2;16;16;16m██[38;2;16;16;16m██[38;2;16;16;16m██[38;2;16;16;16m██[38;2;46;73;153m██[38;2;46;73;153m██[38;2;46;73;153m██[38;2;46;73;153m██[38;2;16;16;16m██                                    
                    [38;2;27;42;89m██[38;2;61;97;204m██[38;2;61;97;204m██[38;2;27;42;89m██                [38;2;115;115;115m██[38;2;191;191;191m██[38;2;191;191;191m██[38;2;191;191;191m██[38;2;191;191;191m██[38;2;16;16;16m██[38;2;46;73;153m██[38;2;16;16;16m██[38;2;16;16;16m██[38;2;27;42;89m██[38;2;46;73;153m██[38;2;46;73;153m██[38;2;46;73;153m██[38;2;46;73;153m██[38;2;16;16;16m██                              [38;2;16;16;16m██[38;2;16;16;16m██[38;2;46;73;153m██[38;2;46;73;153m██[38;2;46;73;153m██[38;2;16;16;16m██                                  
                    [38;2;27;42;89m██[38;2;61;97;204m██[38;2;61;97;204m██[38;2;27;42;89m██                [38;2;16;16;16m██[38;2;16;16;16m██[38;2;16;16;16m██[38;2;16;16;16m██[38;2;16;16;16m██[38;2;16;16;16m██[38;2;16;16;16m██[38;2;46;73;153m██[38;2;46;73;153m██[38;2;46;73;153m██[38;2;46;73;153m██[38;2;46;73;153m██[38;2;46;73;153m██[38;2;16;16;16m██                                    [38;2;27;42;89m██[38;2;61;97;204m██[38;2;46;73;153m██[38;2;46;73;153m██[38;2;16;16;16m██                                
                  [38;2;27;42;89m██[38;2;61;97;204m██[38;2;61;97;204m██[38;2;61;97;204m██[38;2;27;42;89m██              [38;2;16;16;16m██[38;2;46;73;153m██[38;2;46;73;153m██[38;2;46;73;153m██[38;2;46;73;153m██[38;2;46;73;153m██[38;2;46;73;153m██[38;2;46;73;153m██[38;2;115;106;63m██[38;2;191;177;105m██[38;2;27;42;89m██[38;2;27;42;89m██[38;2;46;73;153m██[38;2;46;73;153m██[38;2;16;16;16m██                                  [38;2;27;42;89m██[38;2;46;73;153m██[38;2;61;97;204m██[38;2;27;42;89m██[38;2;46;73;153m██[38;2;16;16;16m██                                
                  [38;2;27;42;89m██[38;2;61;97;204m██[38;2;61;97;204m██[38;2;27;42;89m██                [38;2;16;16;16m██[38;2;46;73;153m██[38;2;46;73;153m██[38;2;46;73;153m██[38;2;27;42;89m██[38;2;115;106;63m██[38;2;255;240;166m██[38;2;255;240;166m██[38;2;27;42;89m██[38;2;27;42;89m██[38;2;46;73;153m██[38;2;46;73;153m██[38;2;46;73;153m██[38;2;16;16;16m██                                    [38;2;27;42;89m██[38;2;46;73;153m██[38;2;61;97;204m██[38;2;115;106;63m██[38;2;27;42;89m██[38;2;46;73;153m██[38;2;16;16;16m██                              
                [38;2;27;42;89m██[38;2;61;97;204m██[38;2;46;73;153m██[38;2;61;97;204m██[38;2;16;16;16m██                  [38;2;16;16;16m██[38;2;16;16;16m██[38;2;16;16;16m██[38;2;16;16;16m██[38;2;16;16;16m██[38;2;115;106;63m██[38;2;27;42;89m██[38;2;61;97;204m██[38;2;61;97;204m██[38;2;61;97;204m██[38;2;46;73;153m██[38;2;16;16;16m██                                      [38;2;27;42;89m██[38;2;61;97;204m██[38;2;16;16;16m██[38;2;191;177;105m██[38;2;191;177;105m██[38;2;27;42;89m██[38;2;46;73;153m██[38;2;16;16;16m██[38;2;16;16;16m██                          
              [38;2;27;42;89m██[38;2;27;42;89m██[38;2;61;97;204m██[38;2;27;42;89m██[38;2;61;97;204m██[38;2;16;16;16m██                              [38;2;27;42;89m██[38;2;61;97;204m██[38;2;61;97;204m██[38;2;61;97;204m██[38;2;46;73;153m██[38;2;16;16;16m██                                [38;2;27;42;89m██[38;2;27;42;89m██[38;2;27;42;89m██[38;2;61;97;204m██[38;2;61;97;204m██[38;2;16;16;16m██[38;2;255;240;166m██[38;2;191;177;105m██[38;2;191;177;105m██[38;2;27;42;89m██[38;2;46;73;153m██[38;2;46;73;153m██[38;2;16;16;16m██[38;2;16;16;16m██                      
        [38;2;16;16;16m██[38;2;16;16;16m██[38;2;27;42;89m██[38;2;46;73;153m██[38;2;61;97;204m██[38;2;115;106;63m██[38;2;27;42;89m██[38;2;61;97;204m██[38;2;16;16;16m██                                [38;2;27;42;89m██[38;2;27;42;89m██[38;2;27;42;89m██[38;2;27;42;89m██                                [38;2;27;42;89m██[38;2;61;97;204m██[38;2;61;97;204m██[38;2;61;97;204m██[38;2;61;97;204m██[38;2;16;16;16m██[38;2;255;240;166m██[38;2;255;240;166m██[38;2;255;240;166m██[38;2;191;177;105m██[38;2;27;42;89m██[38;2;46;73;153m██[38;2;46;73;153m██[38;2;46;73;153m██[38;2;46;73;153m██[38;2;16;16;16m██                    
      [38;2;16;16;16m██[38;2;46;73;153m██[38;2;46;73;153m██[38;2;27;42;89m██[38;2;61;97;204m██[38;2;115;106;63m██[38;2;191;177;105m██[38;2;27;42;89m██[38;2;61;97;204m██[38;2;16;16;16m██                                                                        [38;2;27;42;89m██[38;2;61;97;204m██[38;2;61;97;204m██[38;2;61;97;204m██[38;2;61;97;204m██[38;2;16;16;16m██[38;2;16;16;16m██[38;2;16;16;16m██[38;2;16;16;16m██[38;2;16;16;16m██[38;2;27;42;89m██[38;2;46;73;153m██[38;2;46;73;153m██[38;2;46;73;153m██[38;2;46;73;153m██[38;2;16;16;16m██                    
    [38;2;27;42;89m██[38;2;27;42;89m██[38;2;27;42;89m██[38;2;27;42;89m██[38;2;61;97;204m██[38;2;115;106;63m██[38;2;255;240;166m██[38;2;191;177;105m██[38;2;27;42;89m██[38;2;61;97;204m██[38;2;46;73;153m██[38;2;16;16;16m██                                                                        [38;2;16;16;16m██[38;2;16;16;16m██[38;2;16;16;16m██[38;2;16;16;16m██            [38;2;16;16;16m██[38;2;16;16;16m██[38;2;16;16;16m██[38;2;16;16;16m██                      
  [38;2;27;42;89m██[38;2;61;97;204m██[38;2;61;97;204m██[38;2;61;97;204m██[38;2;61;97;204m██[38;2;115;106;63m██[38;2;255;240;166m██[38;2;191;177;105m██[38;2;27;42;89m██[38;2;61;97;204m██[38;2;61;97;204m██[38;2;61;97;204m██[38;2;16;16;16m██                                                                                                                          
[38;2;27;42;89m██[38;2;61;97;204m██[38;2;61;97;204m██[38;2;61;97;204m██[38;2;115;106;63m██[38;2;255;240;166m██[38;2;255;240;166m██[38;2;255;240;166m██[38;2;27;42;89m██[38;2;61;97;204m██[38;2;61;97;204m██[38;2;61;97;204m██[38;2;61;97;204m██[38;2;61;97;204m██[38;2;16;16;16m██                                                                                                                        
  [38;2;27;42;89m██[38;2;27;42;89m██[38;2;27;42;89m██[38;2;27;42;89m██[38;2;27;42;89m██[38;2;16;16;16m██[38;2;16;16;16m██[38;2;27;42;89m██[38;2;61;97;204m██[38;2;61;97;204m██[38;2;61;97;204m██[38;2;61;97;204m██[38;2;61;97;204m██[38;2;16;16;16m██                                                                                                                        
                  [38;2;27;42;89m██[38;2;27;42;89m██[38;2;27;42;89m██[38;2;27;42;89m██[38;2;27;42;89m██                                                                                                                          
