                                                                                                                                                                              [38;2;16;16;16m██[38;2;16;16;16m██  
                                                                                                                                                                            [38;2;16;16;16m██[38;2;179;179;179m██[38;2;179;179;179m██[38;2;16;16;16m██
                                                                                                                                                                          [38;2;16;16;16m██[38;2;179;179;179m██[38;2;179;179;179m██[38;2;179;179;179m██[38;2;16;16;16m██
                                                                                                                                                                        [38;2;16;16;16m██[38;2;179;179;179m██[38;2;179;179;179m██[38;2;179;179;179m██[38;2;16;16;16m██  
[38;2;16;16;16m██[38;2;16;16;16m██[38;2;16;16;16m██                                                                                                                                                                [38;2;16;16;16m██[38;2;179;179;179m██[38;2;179;179;179m██[38;2;179;179;179m██[38;2;179;179;179m██[38;2;16;16;16m██  
[38;2;16;16;16m██[38;2;88;88;88m██[38;2;88;88;88m██[38;2;16;16;16m██[38;2;16;16;16m██                                                                                                                                                          [38;2;16;16;16m██[38;2;179;179;179m██[38;2;179;179;179m██[38;2;179;179;179m██[38;2;179;179;179m██[38;2;16;16;16m██    
[38;2;16;16;16m██[38;2;88;88;88m██[38;2;88;88;88m██[38;2;88;88;88m██[38;2;88;88;88m██[38;2;16;16;16m██                                                                                                                                                      [38;2;16;16;16m██[38;2;179;179;179m██[38;2;179;179;179m██[38;2;179;179;179m██[38;2;179;179;179m██[38;2;16;16;16m██      
  [38;2;16;16;16m██[38;2;88;88;88m██[38;2;88;88;88m██[38;2;88;88;88m██[38;2;88;88;88m██[38;2;16;16;16m██  [38;2;16;16;16m██[38;2;16;16;16m██                                                                                                                                            [38;2;16;16;16m██[38;2;179;179;179m██[38;2;179;179;179m██[38;2;179;179;179m██[38;2;179;179;179m██[38;2;16;16;16m██[38;2;16;16;16m██      
    [38;2;16;16;16m██[38;2;88;88;88m██[38;2;88;88;88m██[38;2;88;88;88m██[38;2;88;88;88m██[38;2;16;16;16m██[38;2;16;16;16m██[38;2;88;88;88m██[38;2;16;16;16m██[38;2;16;16;16m██                                                                                                                                      [38;2;16;16;16m██[38;2;179;179;179m██[38;2;179;179;179m██[38;2;179;179;179m██[38;2;179;179;179m██[38;2;64;64;64m██[38;2;179;179;179m██[38;2;179;179;179m██[38;2;16;16;16m██    
      [38;2;16;16;16m██[38;2;88;88;88m██[38;2;88;88;88m██[38;2;88;88;88m██[38;2;88;88;88m██[38;2;88;88;88m██[38;2;16;16;16m██[38;2;88;88;88m██[38;2;88;88;88m██[38;2;16;16;16m██[38;2;16;16;16m██                                                                                                                                [38;2;16;16;16m██[38;2;179;179;179m██[38;2;179;179;179m██[38;2;179;179;179m██[38;2;179;179;179m██[38;2;64;64;64m██[38;2;179;179;179m██[38;2;179;179;179m██[38;2;179;179;179m██[38;2;16;16;16m██    
      [38;2;16;16;16m██[38;2;88;88;88m██[38;2;88;88;88m██[38;2;88;88;88m██[38;2;88;88;88m██[38;2;88;88;88m██[38;2;88;88;88m██[38;2;16;16;16m██[38;2;88;88;88m██[38;2;88;88;88m██[38;2;88;88;88m██[38;2;16;16;16m██                                                                                                                            [38;2;16;16;16m██[38;2;179;179;179m██[38;2;179;179;179m██[38;2;179;179;179m██[38;2;179;179;179m██[38;2;64;64;64m██[38;2;179;179;179m██[38;2;179;179;179m██[38;2;179;179;179m██[38;2;16;16;16m██      
        [38;2;16;16;16m██[38;2;88;88;88m██[38;2;88;88;88m██[38;2;88;88;88m██[38;2;88;88;88m██[38;2;88;88;88m██[38;2;88;88;88m██[38;2;64;64;64m██[38;2;88;88;88m██[38;2;88;88;88m██[38;2;88;88;88m██[38;2;16;16;16m██                                                                                                                        [38;2;16;16;16m██[38;2;179;179;179m██[38;2;179;179;179m██[38;2;179;179;179m██[38;2;179;179;179m██[38;2;64;64;64m██[38;2;179;179;179m██[38;2;179;179;179m██[38;2;179;179;179m██[38;2;179;179;179m██[38;2;16;16;16m██      
          [38;2;16;16;16m██[38;2;88;88;88m██[38;2;88;88;88m██[38;2;88;88;88m██[38;2;88;88;88m██[38;2;88;88;88m██[38;2;88;88;88m██[38;2;64;64;64m██[38;2;88;88;88m██[38;2;88;88;88m██[38;2;88;88;88m██[38;2;16;16;16m██                                                                                                                    [38;2;16;16;16m██[38;2;16;16;16m██[38;2;179;179;179m██[38;2;179;179;179m██[38;2;179;179;179m██[38;2;64;64;64m██[38;2;179;179;179m██[38;2;179;179;179m██[38;2;179;179;179m██[38;2;179;179;179m██[38;2;16;16;16m██        
            [38;2;16;16;16m██[38;2;88;88;88m██[38;2;88;88;88m██[38;2;88;88;88m██[38;2;88;88;88m██[38;2;88;88;88m██[38;2;88;88;88m██[38;2;64;64;64m██[38;2;88;88;88m██[38;2;88;88;88m██[38;2;88;88;88m██[38;2;16;16;16m██[38;2;16;16;16m██                                                                                                              [38;2;16;16;16m██[38;2;16;16;16m██[38;2;179;179;179m██[38;2;179;179;179m██[38;2;179;179;179m██[38;2;128;128;128m██[38;2;179;179;179m██[38;2;179;179;179m██[38;2;179;179;179m██[38;2;179;179;179m██[38;2;16;16;16m██          
              [38;2;16;16;16m██[38;2;88;88;88m██[38;2;88;88;88m██[38;2;88;88;88m██[38;2;88;88;88m██[38;2;88;88;88m██[38;2;88;88;88m██[38;2;64;64;64m██[38;2;88;88;88m██[38;2;88;88;88m██[38;2;16;16;16m██[38;2;88;88;88m██[38;2;16;16;16m██                                                                                                          [38;2;16;16;16m██[38;2;16;16;16m██[38;2;179;179;179m██[38;2;179;179;179m██[38;2;179;179;179m██[38;2;128;128;128m██[38;2;179;179;179m██[38;2;179;179;179m██[38;2;179;179;179m██[38;2;179;179;179m██[38;2;16;16;16m██            
                [38;2;16;16;16m██[38;2;88;88;88m██[38;2;88;88;88m██[38;2;88;88;88m██[38;2;88;88;88m██[38;2;88;88;88m██[38;2;88;88;88m██[38;2;64;64;64m██[38;2;88;88;88m██[38;2;88;88;88m██[38;2;64;64;64m██[38;2;88;88;88m██[38;2;16;16;16m██                                                                                                      [38;2;16;16;16m██[38;2;16;16;16m██[38;2;179;179;179m██[38;2;179;179;179m██[38;2;179;179;179m██[38;2;179;179;179m██[38;2;179;179;179m██[38;2;179;179;179m██[38;2;179;179;179m██[38;2;179;179;179m██[38;2;16;16;16m██              
                  [38;2;16;16;16m██[38;2;88;88;88m██[38;2;88;88;88m██[38;2;88;88;88m██[38;2;88;88;88m██[38;2;88;88;88m██[38;2;64;64;64m██[38;2;88;88;88m██[38;2;88;88;88m██[38;2;64;64;64m██[38;2;88;88;88m██[38;2;16;16;16m██                                                                                                    [38;2;16;16;16m██[38;2;88;88;88m██[38;2;16;16;16m██[38;2;179;179;179m██[38;2;179;179;179m██[38;2;179;179;179m██[38;2;179;179;179m██[38;2;179;179;179m██[38;2;179;179;179m██[38;2;179;179;179m██[38;2;128;128;128m██[38;2;16;16;16m██              
                    [38;2;16;16;16m██[38;2;88;88;88m██[38;2;88;88;88m██[38;2;88;88;88m██[38;2;88;88;88m██[38;2;88;88;88m██[38;2;64;64;64m██[38;2;88;88;88m██[38;2;88;88;88m██[38;2;64;64;64m██[38;2;88;88;88m██[38;2;16;16;16m██                                                                                                [38;2;16;16;16m██[38;2;88;88;88m██[38;2;16;16;16m██[38;2;179;179;179m██[38;2;179;179;179m██[38;2;179;179;179m██[38;2;179;179;179m██[38;2;179;179;179m██[38;2;179;179;179m██[38;2;179;179;179m██[38;2;179;179;179m██[38;2;16;16;16m██[38;2;179;179;179m██[38;2;16;16;16m██            
                      [38;2;16;16;16m██[38;2;88;88;88m██[38;2;88;88;88m██[38;2;88;88;88m██[38;2;88;88;88m██[38;2;88;88;88m██[38;2;88;88;88m██[38;2;88;88;88m██[38;2;64;64;64m██[38;2;88;88;88m██[38;2;16;16;16m██                                                                                              [38;2;16;16;16m██[38;2;88;88;88m██[38;2;16;16;16m██[38;2;179;179;179m██[38;2;179;179;179m██[38;2;179;179;179m██[38;2;179;179;179m██[38;2;179;179;179m██[38;2;179;179;179m██[38;2;179;179;179m██[38;2;179;179;179m██[38;2;64;64;64m██[38;2;179;179;179m██[38;2;179;179;179m██[38;2;16;16;16m██            
                        [38;2;16;16;16m██[38;2;88;88;88m██[38;2;88;88;88m██[38;2;88;88;88m██[38;2;88;88;88m██[38;2;88;88;88m██[38;2;88;88;88m██[38;2;88;88;88m██[38;2;64;64;64m██[38;2;88;88;88m██[38;2;16;16;16m██[38;2;16;16;16m██                                                                                        [38;2;16;16;16m██[38;2;88;88;88m██[38;2;16;16;16m██[38;2;179;179;179m██[38;2;179;179;179m██[38;2;179;179;179m██[38;2;179;179;179m██[38;2;179;179;179m██[38;2;179;179;179m██[38;2;179;179;179m██[38;2;179;179;179m██[38;2;64;64;64m██[38;2;179;179;179m██[38;2;179;179;179m██[38;2;179;179;179m██[38;2;16;16;16m██            
                          [38;2;16;16;16m██[38;2;88;88;88m██[38;2;88;88;88m██[38;2;88;88;88m██[38;2;88;88;88m██[38;2;88;88;88m██[38;2;88;88;88m██[38;2;88;88;88m██[38;2;88;88;88m██[38;2;64;64;64m██[38;2;88;88;88m██[38;2;16;16;16m██                                                                                  [38;2;16;16;16m██[38;2;16;16;16m██[38;2;88;88;88m██[38;2;16;16;16m██[38;2;179;179;179m██[38;2;179;179;179m██[38;2;179;179;179m██[38;2;179;179;179m██[38;2;179;179;179m██[38;2;179;179;179m██[38;2;179;179;179m██[38;2;179;179;179m██[38;2;64;64;64m██[38;2;179;179;179m██[38;2;179;179;179m██[38;2;179;179;179m██[38;2;16;16;16m██              
                            [38;2;16;16;16m██[38;2;88;88;88m██[38;2;88;88;88m██[38;2;88;88;88m██[38;2;88;88;88m██[38;2;88;88;88m██[38;2;88;88;88m██[38;2;88;88;88m██[38;2;64;64;64m██[38;2;88;88;88m██[38;2;16;16;16m██                                                                              [38;2;16;16;16m██[38;2;16;16;16m██[38;2;88;88;88m██[38;2;88;88;88m██[38;2;16;16;16m██[38;2;179;179;179m██[38;2;179;179;179m██[38;2;179;179;179m██[38;2;179;179;179m██[38;2;179;179;179m██[38;2;179;179;179m██[38;2;179;179;179m██[38;2;179;179;179m██[38;2;64;64;64m██[38;2;179;179;179m██[38;2;179;179;179m██[38;2;179;179;179m██[38;2;179;179;179m██[38;2;16;16;16m██              
                            [38;2;16;16;16m██[38;2;88;88;88m██[38;2;88;88;88m██[38;2;88;88;88m██[38;2;88;88;88m██[38;2;88;88;88m██[38;2;88;88;88m██[38;2;88;88;88m██[38;2;88;88;88m██[38;2;64;64;64m██[38;2;88;88;88m██[38;2;16;16;16m██                                                                          [38;2;16;16;16m██[38;2;88;88;88m██[38;2;88;88;88m██[38;2;88;88;88m██[38;2;16;16;16m██[38;2;179;179;179m██[38;2;179;179;179m██[38;2;179;179;179m██[38;2;179;179;179m██[38;2;179;179;179m██[38;2;179;179;179m██[38;2;179;179;179m██[38;2;179;179;179m██[38;2;64;64;64m██[38;2;179;179;179m██[38;2;179;179;179m██[38;2;179;179;179m██[38;2;179;179;179m██[38;2;16;16;16m██                
                              [38;2;16;16;16m██[38;2;88;88;88m██[38;2;88;88;88m██[38;2;88;88;88m██[38;2;88;88;88m██[38;2;88;88;88m██[38;2;88;88;88m██[38;2;88;88;88m██[38;2;64;64;64m██[38;2;88;88;88m██[38;2;16;16;16m██                                                                      [38;2;16;16;16m██[38;2;16;16;16m██[38;2;88;88;88m██[38;2;88;88;88m██[38;2;16;16;16m██[38;2;16;16;16m██[38;2;179;179;179m██[38;2;179;179;179m██[38;2;179;179;179m██[38;2;179;179;179m██[38;2;179;179;179m██[38;2;179;179;179m██[38;2;179;179;179m██[38;2;179;179;179m██[38;2;128;128;128m██[38;2;179;179;179m██[38;2;179;179;179m██[38;2;179;179;179m██[38;2;179;179;179m██[38;2;16;16;16m██                  
                                [38;2;16;16;16m██[38;2;88;88;88m██[38;2;88;88;88m██[38;2;88;88;88m██[38;2;88;88;88m██[38;2;88;88;88m██[38;2;88;88;88m██[38;2;88;88;88m██[38;2;88;88;88m██[38;2;88;88;88m██[38;2;16;16;16m██                                                                  [38;2;16;16;16m██[38;2;88;88;88m██[38;2;88;88;88m██[38;2;88;88;88m██[38;2;16;16;16m██[38;2;179;179;179m██[38;2;179;179;179m██[38;2;179;179;179m██[38;2;179;179;179m██[38;2;179;179;179m██[38;2;179;179;179m██[38;2;179;179;179m██[38;2;179;179;179m██[38;2;179;179;179m██[38;2;179;179;179m██[38;2;179;179;179m██[38;2;179;179;179m██[38;2;179;179;179m██[38;2;179;179;179m██[38;2;16;16;16m██                    
                                  [38;2;16;16;16m██[38;2;88;88;88m██[38;2;88;88;88m██[38;2;88;88;88m██[38;2;88;88;88m██[38;2;88;88;88m██[38;2;88;88;88m██[38;2;88;88;88m██[38;2;88;88;88m██[38;2;16;16;16m██                                                              [38;2;16;16;16m██[38;2;16;16;16m██[38;2;88;88;88m██[38;2;88;88;88m██[38;2;16;16;16m██[38;2;16;16;16m██[38;2;179;179;179m██[38;2;179;179;179m██[38;2;179;179;179m██[38;2;179;179;179m██[38;2;179;179;179m██[38;2;179;179;179m██[38;2;179;179;179m██[38;2;179;179;179m██[38;2;179;179;179m██[38;2;179;179;179m██[38;2;179;179;179m██[38;2;179;179;179m██[38;2;179;179;179m██[38;2;179;179;179m██[38;2;16;16;16m██                      
                                    [38;2;16;16;16m██[38;2;88;88;88m██[38;2;88;88;88m██[38;2;88;88;88m██[38;2;88;88;88m██[38;2;88;88;88m██[38;2;88;88;88m██[38;2;88;88;88m██[38;2;88;88;88m██[38;2;16;16;16m██                                                          [38;2;16;16;16m██[38;2;88;88;88m██[38;2;88;88;88m██[38;2;88;88;88m██[38;2;16;16;16m██[38;2;179;179;179m██[38;2;179;179;179m██[38;2;179;179;179m██[38;2;179;179;179m██[38;2;179;179;179m██[38;2;179;179;179m██[38;2;179;179;179m██[38;2;179;179;179m██[38;2;179;179;179m██[38;2;179;179;179m██[38;2;179;179;179m██[38;2;179;179;179m██[38;2;179;179;179m██[38;2;179;179;179m██[38;2;179;179;179m██[38;2;16;16;16m██[38;2;16;16;16m██                      
                                      [38;2;16;16;16m██[38;2;88;88;88m██[38;2;88;88;88m██[38;2;88;88;88m██[38;2;88;88;88m██[38;2;88;88;88m██[38;2;88;88;88m██[38;2;88;88;88m██[38;2;88;88;88m██[38;2;16;16;16m██                                                      [38;2;16;16;16m██[38;2;88;88;88m██[38;2;88;88;88m██[38;2;88;88;88m██[38;2;16;16;16m██[38;2;179;179;179m██[38;2;179;179;179m██[38;2;179;179;179m██[38;2;179;179;179m██[38;2;179;179;179m██[38;2;179;179;179m██[38;2;179;179;179m██[38;2;179;179;179m██[38;2;179;179;179m██[38;2;179;179;179m██[38;2;179;179;179m██[38;2;179;179;179m██[38;2;179;179;179m██[38;2;179;179;179m██[38;2;64;64;64m██[38;2;64;64;64m██[38;2;179;179;179m██[38;2;179;179;179m██[38;2;16;16;16m██                    
                                        [38;2;16;16;16m██[38;2;88;88;88m██[38;2;88;88;88m██[38;2;88;88;88m██[38;2;88;88;88m██[38;2;88;88;88m██[38;2;88;88;88m██[38;2;88;88;88m██[38;2;16;16;16m██                                                    [38;2;16;16;16m██[38;2;88;88;88m██[38;2;88;88;88m██[38;2;88;88;88m██[38;2;16;16;16m██[38;2;179;179;179m██[38;2;179;179;179m██[38;2;179;179;179m██[38;2;179;179;179m██[38;2;179;179;179m██[38;2;179;179;179m██[38;2;179;179;179m██[38;2;179;74;54m██[38;2;179;74;54m██[38;2;179;179;179m██[38;2;179;179;179m██[38;2;179;179;179m██[38;2;179;179;179m██[38;2;179;179;179m██[38;2;64;64;64m██[38;2;179;179;179m██[38;2;179;179;179m██[38;2;179;179;179m██[38;2;179;179;179m██[38;2;16;16;16m██                    
                                          [38;2;16;16;16m██[38;2;88;88;88m██[38;2;88;88;88m██[38;2;88;88;88m██[38;2;255;106;76m██[38;2;88;88;88m██[38;2;88;88;88m██[38;2;16;16;16m██                                                    [38;2;16;16;16m██[38;2;88;88;88m██[38;2;88;88;88m██[38;2;16;16;16m██[38;2;179;179;179m██[38;2;179;179;179m██[38;2;179;179;179m██[38;2;179;179;179m██[38;2;179;179;179m██[38;2;179;179;179m██[38;2;179;179;179m██[38;2;179;74;54m██[38;2;255;106;76m██[38;2;179;74;54m██[38;2;179;179;179m██[38;2;179;179;179m██[38;2;179;179;179m██[38;2;64;64;64m██[38;2;64;64;64m██[38;2;179;179;179m██[38;2;179;179;179m██[38;2;179;179;179m██[38;2;179;179;179m██[38;2;16;16;16m██                      
                                          [38;2;16;16;16m██[38;2;88;88;88m██[38;2;88;88;88m██[38;2;88;88;88m██[38;2;88;88;88m██[38;2;255;106;76m██[38;2;88;88;88m██[38;2;88;88;88m██[38;2;16;16;16m██                                                  [38;2;16;16;16m██[38;2;88;88;88m██[38;2;88;88;88m██[38;2;16;16;16m██[38;2;179;179;179m██[38;2;179;179;179m██[38;2;179;179;179m██[38;2;179;179;179m██[38;2;179;179;179m██[38;2;179;179;179m██[38;2;179;74;54m██[38;2;255;106;76m██[38;2;179;74;54m██[38;2;179;179;179m██[38;2;179;179;179m██[38;2;179;179;179m██[38;2;128;128;128m██[38;2;179;179;179m██[38;2;179;179;179m██[38;2;179;179;179m██[38;2;179;179;179m██[38;2;179;179;179m██[38;2;16;16;16m██                        
                                            [38;2;16;16;16m██[38;2;88;88;88m██[38;2;88;88;88m██[38;2;88;88;88m██[38;2;255;106;76m██[38;2;255;106;76m██[38;2;88;88;88m██[38;2;16;16;16m██                                                [38;2;16;16;16m██[38;2;88;88;88m██[38;2;88;88;88m██[38;2;16;16;16m██[38;2;179;179;179m██[38;2;179;179;179m██[38;2;179;74;54m██[38;2;179;74;54m██[38;2;179;179;179m██[38;2;179;179;179m██[38;2;179;74;54m██[38;2;255;106;76m██[38;2;255;106;76m██[38;2;179;74;54m██[38;2;179;179;179m██[38;2;179;179;179m██[38;2;179;179;179m██[38;2;179;179;179m██[38;2;179;179;179m██[38;2;179;179;179m██[38;2;179;179;179m██[38;2;16;16;16m██[38;2;16;16;16m██                          
                                            [38;2;16;16;16m██[38;2;255;106;76m██[38;2;88;88;88m██[38;2;88;88;88m██[38;2;255;106;76m██[38;2;255;106;76m██[38;2;88;88;88m██[38;2;16;16;16m██                                                [38;2;16;16;16m██[38;2;88;88;88m██[38;2;88;88;88m██[38;2;16;16;16m██[38;2;179;179;179m██[38;2;179;74;54m██[38;2;255;106;76m██[38;2;179;74;54m██[38;2;179;179;179m██[38;2;179;179;179m██[38;2;179;74;54m██[38;2;255;106;76m██[38;2;179;74;54m██[38;2;179;179;179m██[38;2;179;179;179m██[38;2;179;179;179m██[38;2;179;179;179m██[38;2;179;179;179m██[38;2;179;179;179m██[38;2;179;179;179m██[38;2;16;16;16m██                              
                                              [38;2;16;16;16m██[38;2;255;106;76m██[38;2;88;88;88m██[38;2;255;106;76m██[38;2;255;106;76m██[38;2;255;106;76m██[38;2;88;88;88m██[38;2;16;16;16m██                                            [38;2;16;16;16m██[38;2;255;106;76m██[38;2;88;88;88m██[38;2;16;16;16m██[38;2;179;179;179m██[38;2;179;179;179m██[38;2;179;74;54m██[38;2;179;74;54m██[38;2;179;179;179m██[38;2;179;179;179m██[38;2;179;179;179m██[38;2;179;74;54m██[38;2;179;74;54m██[38;2;179;179;179m██[38;2;179;179;179m██[38;2;179;179;179m██[38;2;179;179;179m██[38;2;179;179;179m██[38;2;179;179;179m██[38;2;179;179;179m██[38;2;16;16;16m██                                
                                              [38;2;16;16;16m██[38;2;255;106;76m██[38;2;255;106;76m██[38;2;88;88;88m██[38;2;255;106;76m██[38;2;255;106;76m██[38;2;255;106;76m██[38;2;16;16;16m██                                            [38;2;16;16;16m██[38;2;255;106;76m██[38;2;88;88;88m██[38;2;16;16;16m██[38;2;179;179;179m██[38;2;179;74;54m██[38;2;255;106;76m██[38;2;179;74;54m██[38;2;179;179;179m██[38;2;179;179;179m██[38;2;179;179;179m██[38;2;179;179;179m██[38;2;179;179;179m██[38;2;179;179;179m██[38;2;179;179;179m██[38;2;179;179;179m██[38;2;179;179;179m██[38;2;179;179;179m██[38;2;64;64;64m██[38;2;16;16;16m██                                  
                                                [38;2;16;16;16m██[38;2;255;106;76m██[38;2;255;106;76m██[38;2;255;106;76m██[38;2;255;106;76m██[38;2;255;106;76m██[38;2;16;16;16m██          [38;2;128;53;38m██[38;2;128;53;38m██[38;2;128;53;38m██                            [38;2;16;16;16m██[38;2;255;106;76m██[38;2;88;88;88m██[38;2;16;16;16m██[38;2;179;179;179m██[38;2;179;74;54m██[38;2;255;106;76m██[38;2;179;74;54m██[38;2;179;179;179m██[38;2;179;179;179m██[38;2;179;179;179m██[38;2;179;179;179m██[38;2;179;179;179m██[38;2;179;179;179m██[38;2;179;179;179m██[38;2;179;179;179m██[38;2;64;64;64m██[38;2;64;64;64m██[38;2;179;179;179m██[38;2;179;179;179m██[38;2;16;16;16m██                                
                                                [38;2;16;16;16m██[38;2;255;106;76m██[38;2;255;106;76m██[38;2;255;106;76m██[38;2;255;106;76m██[38;2;255;106;76m██[38;2;16;16;16m██    [38;2;128;53;38m██[38;2;128;53;38m██[38;2;128;53;38m██[38;2;255;106;76m██[38;2;16;16;16m██                              [38;2;16;16;16m██[38;2;255;106;76m██[38;2;255;106;76m██[38;2;16;16;16m██[38;2;179;179;179m██[38;2;179;74;54m██[38;2;179;74;54m██[38;2;179;179;179m██[38;2;179;179;179m██[38;2;179;179;179m██[38;2;179;179;179m██[38;2;179;179;179m██[38;2;179;179;179m██[38;2;179;179;179m██[38;2;128;128;128m██[38;2;64;64;64m██[38;2;179;179;179m██[38;2;179;179;179m██[38;2;179;179;179m██[38;2;179;179;179m██[38;2;16;16;16m██                                
                                                  [38;2;16;16;16m██[38;2;255;106;76m██[38;2;255;106;76m██[38;2;255;106;76m██[38;2;255;106;76m██[38;2;16;16;16m██[38;2;128;53;38m██[38;2;128;53;38m██[38;2;255;106;76m██[38;2;255;106;76m██[38;2;255;106;76m██[38;2;16;16;16m██                              [38;2;16;16;16m██[38;2;255;106;76m██[38;2;255;106;76m██[38;2;255;106;76m██[38;2;16;16;16m██[38;2;179;179;179m██[38;2;179;74;54m██[38;2;179;179;179m██[38;2;179;179;179m██[38;2;179;179;179m██[38;2;179;179;179m██[38;2;179;179;179m██[38;2;179;179;179m██[38;2;179;179;179m██[38;2;179;179;179m██[38;2;179;179;179m██[38;2;179;179;179m██[38;2;179;179;179m██[38;2;179;179;179m██[38;2;179;179;179m██[38;2;16;16;16m██                                  
                                                  [38;2;16;16;16m██[38;2;255;106;76m██[38;2;255;106;76m██[38;2;255;106;76m██[38;2;128;53;38m██[38;2;128;53;38m██[38;2;255;106;76m██[38;2;255;106;76m██[38;2;255;106;76m██[38;2;255;106;76m██[38;2;16;16;16m██                                [38;2;16;16;16m██[38;2;255;106;76m██[38;2;255;106;76m██[38;2;128;53;38m██[38;2;179;179;179m██[38;2;179;179;179m██[38;2;179;179;179m██[38;2;179;179;179m██[38;2;179;179;179m██[38;2;179;74;54m██[38;2;179;74;54m██[38;2;179;179;179m██[38;2;179;179;179m██[38;2;179;179;179m██[38;2;179;179;179m██[38;2;179;179;179m██[38;2;179;179;179m██[38;2;179;179;179m██[38;2;179;179;179m██[38;2;16;16;16m██                                    
                                                  [38;2;16;16;16m██[38;2;255;106;76m██[38;2;128;53;38m██[38;2;128;53;38m██[38;2;255;106;76m██[38;2;255;106;76m██[38;2;255;106;76m██[38;2;255;106;76m██[38;2;255;106;76m██[38;2;16;16;16m██                                  [38;2;16;16;16m██[38;2;255;106;76m██[38;2;255;106;76m██[38;2;128;53;38m██[38;2;179;179;179m██[38;2;179;179;179m██[38;2;179;179;179m██[38;2;179;179;179m██[38;2;179;74;54m██[38;2;255;106;76m██[38;2;179;74;54m██[38;2;179;179;179m██[38;2;179;179;179m██[38;2;179;179;179m██[38;2;179;179;179m██[38;2;179;179;179m██[38;2;179;179;179m██[38;2;16;16;16m██[38;2;16;16;16m██                                      
                                                    [38;2;128;53;38m██[38;2;255;106;76m██[38;2;255;106;76m██[38;2;255;106;76m██[38;2;255;106;76m██[38;2;255;106;76m██[38;2;255;106;76m██[38;2;255;106;76m██[38;2;16;16;16m██[38;2;16;16;16m██                                [38;2;16;16;16m██[38;2;255;106;76m██[38;2;255;106;76m██[38;2;128;53;38m██[38;2;179;179;179m██[38;2;179;179;179m██[38;2;179;179;179m██[38;2;179;74;54m██[38;2;255;106;76m██[38;2;255;106;76m██[38;2;179;74;54m██[38;2;179;179;179m██[38;2;179;179;179m██[38;2;179;179;179m██[38;2;179;179;179m██[38;2;128;128;128m██[38;2;16;16;16m██                                          
                                                  [38;2;128;53;38m██[38;2;255;106;76m██[38;2;255;106;76m██[38;2;255;106;76m██[38;2;255;106;76m██[38;2;255;106;76m██[38;2;255;106;76m██[38;2;255;106;76m██[38;2;255;106;76m██[38;2;255;106;76m██[38;2;255;106;76m██[38;2;16;16;16m██[38;2;16;16;16m██                          [38;2;16;16;16m██[38;2;255;106;76m██[38;2;255;106;76m██[38;2;255;106;76m██[38;2;128;53;38m██[38;2;179;74;54m██[38;2;179;179;179m██[38;2;179;179;179m██[38;2;179;74;54m██[38;2;255;106;76m██[38;2;179;74;54m██[38;2;179;179;179m██[38;2;179;179;179m██[38;2;179;179;179m██[38;2;64;64;64m██[38;2;16;16;16m██[38;2;16;16;16m██                                            
                                                [38;2;128;53;38m██[38;2;255;106;76m██[38;2;255;106;76m██[38;2;255;106;76m██[38;2;255;106;76m██[38;2;255;106;76m██[38;2;255;106;76m██[38;2;255;106;76m██[38;2;255;106;76m██[38;2;255;106;76m██[38;2;255;106;76m██[38;2;255;106;76m██[38;2;255;106;76m██[38;2;255;106;76m██[38;2;16;16;16m██                        [38;2;16;16;16m██[38;2;255;106;76m██[38;2;255;106;76m██[38;2;128;53;38m██[38;2;255;106;76m██[38;2;179;74;54m██[38;2;179;179;179m██[38;2;179;179;179m██[38;2;179;74;54m██[38;2;255;106;76m██[38;2;179;74;54m██[38;2;179;179;179m██[38;2;128;128;128m██[38;2;64;64;64m██[38;2;179;179;179m██[38;2;179;179;179m██[38;2;179;179;179m██[38;2;16;16;16m██                                          
                                                [38;2;128;53;38m██[38;2;255;106;76m██[38;2;255;106;76m██[38;2;255;106;76m██[38;2;255;106;76m██[38;2;255;106;76m██[38;2;255;106;76m██[38;2;255;106;76m██[38;2;255;106;76m██[38;2;255;106;76m██[38;2;255;106;76m██[38;2;255;106;76m██[38;2;255;106;76m██[38;2;255;106;76m██[38;2;255;106;76m██[38;2;16;16;16m██                    [38;2;16;16;16m██[38;2;255;106;76m██[38;2;255;106;76m██[38;2;255;106;76m██[38;2;128;53;38m██[38;2;255;106;76m██[38;2;179;74;54m██[38;2;179;179;179m██[38;2;179;179;179m██[38;2;179;74;54m██[38;2;179;74;54m██[38;2;179;179;179m██[38;2;179;179;179m██[38;2;179;179;179m██[38;2;179;179;179m██[38;2;179;179;179m██[38;2;179;179;179m██[38;2;179;179;179m██[38;2;16;16;16m██                                          
                                              [38;2;128;53;38m██[38;2;255;106;76m██[38;2;255;106;76m██[38;2;255;106;76m██[38;2;255;106;76m██[38;2;255;106;76m██[38;2;255;106;76m██[38;2;255;106;76m██[38;2;255;106;76m██[38;2;255;106;76m██[38;2;255;106;76m██[38;2;255;106;76m██[38;2;255;106;76m██[38;2;255;106;76m██[38;2;255;106;76m██[38;2;255;106;76m██[38;2;255;106;76m██[38;2;16;16;16m██                  [38;2;16;16;16m██[38;2;255;106;76m██[38;2;255;106;76m██[38;2;128;53;38m██[38;2;255;106;76m██[38;2;179;74;54m██[38;2;179;179;179m██[38;2;179;179;179m██[38;2;179;179;179m██[38;2;179;179;179m██[38;2;179;179;179m██[38;2;179;179;179m██[38;2;179;179;179m██[38;2;179;179;179m██[38;2;179;179;179m██[38;2;179;179;179m██[38;2;179;179;179m██[38;2;16;16;16m██                                            
                                              [38;2;128;53;38m██[38;2;255;106;76m██[38;2;255;106;76m██[38;2;255;106;76m██[38;2;255;106;76m██[38;2;255;106;76m██[38;2;255;106;76m██[38;2;255;106;76m██[38;2;255;106;76m██[38;2;255;106;76m██[38;2;255;106;76m██[38;2;16;16;16m██[38;2;255;106;76m██[38;2;255;106;76m██[38;2;255;106;76m██[38;2;255;106;76m██[38;2;255;106;76m██[38;2;255;106;76m██[38;2;16;16;16m██              [38;2;16;16;16m██[38;2;255;106;76m██[38;2;255;106;76m██[38;2;255;106;76m██[38;2;128;53;38m██[38;2;179;74;54m██[38;2;179;179;179m██[38;2;179;179;179m██[38;2;179;179;179m██[38;2;179;179;179m██[38;2;179;179;179m██[38;2;179;179;179m██[38;2;179;179;179m██[38;2;179;179;179m██[38;2;179;179;179m██[38;2;64;64;64m██[38;2;64;64;64m██[38;2;16;16;16m██                                              
                                            [38;2;128;53;38m██[38;2;255;106;76m██[38;2;255;106;76m██[38;2;255;106;76m██[38;2;255;106;76m██[38;2;255;106;76m██[38;2;179;74;54m██[38;2;255;106;76m██[38;2;255;106;76m██[38;2;255;106;76m██[38;2;255;106;76m██[38;2;16;16;16m██[38;2;64;64;64m██[38;2;255;106;76m██[38;2;255;106;76m██[38;2;255;106;76m██[38;2;255;106;76m██[38;2;255;106;76m██[38;2;255;106;76m██[38;2;255;106;76m██[38;2;16;16;16m██          [38;2;16;16;16m██[38;2;255;106;76m██[38;2;255;106;76m██[38;2;255;106;76m██[38;2;128;53;38m██[38;2;179;179;179m██[38;2;179;179;179m██[38;2;179;179;179m██[38;2;179;179;179m██[38;2;179;179;179m██[38;2;179;179;179m██[38;2;179;179;179m██[38;2;128;128;128m██[38;2;128;128;128m██[38;2;64;64;64m██[38;2;64;64;64m██[38;2;128;128;128m██[38;2;16;16;16m██                                                
                                            [38;2;128;53;38m██[38;2;255;106;76m██[38;2;115;95;34m██[38;2;115;95;34m██[38;2;255;106;76m██[38;2;179;74;54m██[38;2;255;106;76m██[38;2;255;106;76m██[38;2;255;106;76m██[38;2;16;16;16m██[38;2;16;16;16m██[38;2;64;64;64m██[38;2;64;64;64m██[38;2;255;106;76m██[38;2;255;106;76m██[38;2;255;106;76m██[38;2;255;106;76m██[38;2;255;106;76m██[38;2;255;106;76m██[38;2;255;106;76m██[38;2;16;16;16m██        [38;2;16;16;16m██[38;2;255;106;76m██[38;2;255;106;76m██[38;2;255;106;76m██[38;2;255;106;76m██[38;2;128;53;38m██[38;2;179;179;179m██[38;2;179;179;179m██[38;2;179;74;54m██[38;2;179;74;54m██[38;2;179;179;179m██[38;2;179;179;179m██[38;2;179;179;179m██[38;2;179;179;179m██[38;2;179;179;179m██[38;2;179;179;179m██[38;2;179;179;179m██[38;2;179;179;179m██[38;2;16;16;16m██                                                
                                            [38;2;16;16;16m██[38;2;115;95;34m██[38;2;255;210;76m██[38;2;255;210;76m██[38;2;115;95;34m██[38;2;115;95;34m██[38;2;16;16;16m██[38;2;16;16;16m██[38;2;16;16;16m██[38;2;255;210;76m██[38;2;16;16;16m██[38;2;64;64;64m██[38;2;255;106;76m██[38;2;255;106;76m██[38;2;255;106;76m██[38;2;255;106;76m██[38;2;255;106;76m██[38;2;255;106;76m██[38;2;255;106;76m██[38;2;255;106;76m██[38;2;255;106;76m██[38;2;16;16;16m██    [38;2;128;53;38m██[38;2;255;106;76m██[38;2;255;106;76m██[38;2;255;106;76m██[38;2;255;106;76m██[38;2;128;53;38m██[38;2;179;179;179m██[38;2;179;179;179m██[38;2;179;74;54m██[38;2;255;106;76m██[38;2;179;74;54m██[38;2;179;179;179m██[38;2;179;179;179m██[38;2;179;179;179m██[38;2;179;179;179m██[38;2;179;179;179m██[38;2;179;179;179m██[38;2;179;179;179m██[38;2;16;16;16m██                                                  
                                            [38;2;16;16;16m██[38;2;64;64;64m██[38;2;88;88;88m██[38;2;88;88;88m██[38;2;255;210;76m██[38;2;115;95;34m██[38;2;16;16;16m██[38;2;16;16;16m██[38;2;179;179;179m██[38;2;179;147;54m██[38;2;16;16;16m██[38;2;255;106;76m██[38;2;255;106;76m██[38;2;255;106;76m██[38;2;255;106;76m██[38;2;255;106;76m██[38;2;255;106;76m██[38;2;255;106;76m██[38;2;255;106;76m██[38;2;255;106;76m██[38;2;255;106;76m██[38;2;255;106;76m██[38;2;179;74;54m██[38;2;128;53;38m██[38;2;255;106;76m██[38;2;255;106;76m██[38;2;255;106;76m██[38;2;255;106;76m██[38;2;255;106;76m██[38;2;128;53;38m██[38;2;179;179;179m██[38;2;179;74;54m██[38;2;255;106;76m██[38;2;179;74;54m██[38;2;179;179;179m██[38;2;179;179;179m██[38;2;179;179;179m██[38;2;179;179;179m██[38;2;179;179;179m██[38;2;64;64;64m██[38;2;16;16;16m██[38;2;16;16;16m██                                                    
                                            [38;2;16;16;16m██[38;2;88;88;88m██[38;2;88;88;88m██[38;2;88;88;88m██[38;2;16;16;16m██[38;2;179;147;54m██[38;2;16;16;16m██[38;2;16;16;16m██[38;2;16;16;16m██[38;2;16;16;16m██[38;2;255;106;76m██[38;2;255;106;76m██[38;2;255;106;76m██[38;2;255;106;76m██[38;2;255;106;76m██[38;2;255;106;76m██[38;2;255;106;76m██[38;2;255;106;76m██[38;2;255;106;76m██[38;2;255;106;76m██[38;2;255;106;76m██[38;2;179;74;54m██[38;2;179;74;54m██[38;2;255;106;76m██[38;2;255;106;76m██[38;2;255;106;76m██[38;2;255;106;76m██[38;2;255;106;76m██[38;2;128;53;38m██[38;2;179;179;179m██[38;2;179;179;179m██[38;2;179;74;54m██[38;2;255;106;76m██[38;2;179;74;54m██[38;2;179;179;179m██[38;2;179;179;179m██[38;2;128;128;128m██[38;2;64;64;64m██[38;2;64;64;64m██[38;2;16;16;16m██                                                        
                                            [38;2;16;16;16m██[38;2;88;88;88m██[38;2;88;88;88m██[38;2;16;16;16m██[38;2;64;64;64m██[38;2;16;16;16m██[38;2;255;106;76m██[38;2;255;106;76m██[38;2;255;106;76m██[38;2;255;106;76m██[38;2;255;106;76m██[38;2;255;106;76m██[38;2;255;106;76m██[38;2;255;106;76m██[38;2;255;106;76m██[38;2;255;106;76m██[38;2;255;106;76m██[38;2;255;106;76m██[38;2;255;106;76m██[38;2;255;106;76m██[38;2;255;106;76m██[38;2;255;106;76m██[38;2;255;106;76m██[38;2;255;106;76m██[38;2;255;106;76m██[38;2;255;106;76m██[38;2;255;106;76m██[38;2;255;106;76m██[38;2;128;53;38m██[38;2;179;74;54m██[38;2;179;179;179m██[38;2;179;74;54m██[38;2;179;74;54m██[38;2;179;179;179m██[38;2;179;179;179m██[38;2;179;179;179m██[38;2;179;179;179m██[38;2;179;179;179m██[38;2;179;179;179m██[38;2;16;16;16m██                                                        
                                              [38;2;16;16;16m██[38;2;88;88;88m██[38;2;16;16;16m██[38;2;16;16;16m██[38;2;255;106;76m██[38;2;255;106;76m██[38;2;255;106;76m██[38;2;255;106;76m██[38;2;255;106;76m██[38;2;255;106;76m██[38;2;255;106;76m██[38;2;255;106;76m██[38;2;255;106;76m██[38;2;255;106;76m██[38;2;255;106;76m██[38;2;255;106;76m██[38;2;255;106;76m██[38;2;255;106;76m██[38;2;255;106;76m██[38;2;255;106;76m██[38;2;255;106;76m██[38;2;255;106;76m██[38;2;255;106;76m██[38;2;255;106;76m██[38;2;255;106;76m██[38;2;255;106;76m██[38;2;128;53;38m██[38;2;255;106;76m██[38;2;179;74;54m██[38;2;179;179;179m██[38;2;179;179;179m██[38;2;179;179;179m██[38;2;179;179;179m██[38;2;179;179;179m██[38;2;179;179;179m██[38;2;179;179;179m██[38;2;179;179;179m██[38;2;16;16;16m██                                                          
                                                [38;2;16;16;16m██[38;2;16;16;16m██[38;2;128;53;38m██[38;2;255;106;76m██[38;2;255;106;76m██[38;2;255;106;76m██[38;2;255;106;76m██[38;2;255;106;76m██[38;2;255;106;76m██[38;2;255;106;76m██[38;2;255;106;76m██[38;2;255;106;76m██[38;2;255;106;76m██[38;2;255;106;76m██[38;2;255;106;76m██[38;2;255;106;76m██[38;2;255;106;76m██[38;2;255;106;76m██[38;2;255;106;76m██[38;2;255;106;76m██[38;2;255;106;76m██[38;2;255;106;76m██[38;2;255;106;76m██[38;2;255;106;76m██[38;2;128;53;38m██[38;2;255;106;76m██[38;2;179;74;54m██[38;2;179;179;179m██[38;2;179;179;179m██[38;2;179;179;179m██[38;2;179;179;179m██[38;2;179;179;179m██[38;2;179;179;179m██[38;2;179;179;179m██[38;2;16;16;16m██[38;2;16;16;16m██                                                            
                                                      [38;2;128;53;38m██[38;2;255;106;76m██[38;2;255;106;76m██[38;2;179;74;54m██[38;2;255;106;76m██[38;2;255;106;76m██[38;2;179;74;54m██[38;2;179;74;54m██[38;2;255;106;76m██[38;2;255;106;76m██[38;2;255;106;76m██[38;2;255;106;76m██[38;2;255;106;76m██[38;2;179;74;54m██[38;2;255;106;76m██[38;2;255;106;76m██[38;2;255;106;76m██[38;2;255;106;76m██[38;2;255;106;76m██[38;2;255;106;76m██[38;2;128;53;38m██[38;2;179;74;54m██[38;2;179;74;54m██[38;2;179;179;179m██[38;2;179;179;179m██[38;2;179;179;179m██[38;2;179;179;179m██[38;2;128;128;128m██[38;2;64;64;64m██[38;2;64;64;64m██[38;2;16;16;16m██                                                                
                                                      [38;2;128;53;38m██[38;2;255;106;76m██[38;2;179;74;54m██[38;2;179;74;54m██[38;2;255;106;76m██[38;2;255;106;76m██[38;2;179;74;54m██[38;2;179;179;179m██[38;2;179;74;54m██[38;2;179;74;54m██[38;2;255;106;76m██[38;2;255;106;76m██[38;2;179;74;54m██[38;2;179;179;179m██[38;2;179;74;54m██[38;2;179;74;54m██[38;2;255;106;76m██[38;2;255;106;76m██[38;2;255;106;76m██[38;2;179;74;54m██[38;2;179;74;54m██[38;2;179;179;179m██[38;2;179;179;179m██[38;2;179;179;179m██[38;2;179;179;179m██[38;2;179;179;179m██[38;2;179;179;179m██[38;2;179;179;179m██[38;2;179;179;179m██[38;2;179;179;179m██[38;2;16;16;16m██                                                                
                                                      [38;2;128;53;38m██[38;2;179;74;54m██[38;2;179;179;179m██[38;2;179;179;179m██[38;2;179;74;54m██[38;2;255;106;76m██[38;2;255;106;76m██[38;2;179;74;54m██[38;2;179;179;179m██[38;2;179;74;54m██[38;2;255;106;76m██[38;2;179;74;54m██[38;2;179;179;179m██[38;2;179;179;179m██[38;2;179;179;179m██[38;2;179;179;179m██[38;2;179;74;54m██[38;2;179;74;54m██[38;2;179;74;54m██[38;2;179;179;179m██[38;2;179;179;179m██[38;2;179;179;179m██[38;2;179;179;179m██[38;2;179;179;179m██[38;2;179;179;179m██[38;2;179;179;179m██[38;2;179;179;179m██[38;2;179;179;179m██[38;2;179;179;179m██[38;2;16;16;16m██                                                                  
                                                      [38;2;16;16;16m██[38;2;179;179;179m██[38;2;179;179;179m██[38;2;179;179;179m██[38;2;179;74;54m██[38;2;255;106;76m██[38;2;179;74;54m██[38;2;179;179;179m██[38;2;179;179;179m██[38;2;179;179;179m██[38;2;179;74;54m██[38;2;179;74;54m██[38;2;179;179;179m██[38;2;179;179;179m██[38;2;179;179;179m██[38;2;179;179;179m██[38;2;179;179;179m██[38;2;179;179;179m██[38;2;179;179;179m██[38;2;179;179;179m██[38;2;179;179;179m██[38;2;179;179;179m██[38;2;179;179;179m██[38;2;179;179;179m██[38;2;179;179;179m██[38;2;128;128;128m██[38;2;16;16;16m██[38;2;16;16;16m██[38;2;16;16;16m██                                                                    
                                                      [38;2;16;16;16m██[38;2;179;179;179m██[38;2;179;179;179m██[38;2;179;179;179m██[38;2;179;179;179m██[38;2;179;74;54m██[38;2;179;74;54m██[38;2;179;179;179m██[38;2;179;179;179m██[38;2;179;74;54m██[38;2;179;74;54m██[38;2;179;179;179m██[38;2;179;179;179m██[38;2;179;179;179m██[38;2;179;179;179m██[38;2;179;179;179m██[38;2;179;179;179m██[38;2;179;179;179m██[38;2;179;179;179m██[38;2;179;179;179m██[38;2;179;179;179m██[38;2;128;128;128m██[38;2;16;16;16m██[38;2;16;16;16m██[38;2;16;16;16m██[38;2;16;16;16m██                                                                          
                                                        [38;2;16;16;16m██[38;2;179;179;179m██[38;2;179;179;179m██[38;2;179;179;179m██[38;2;179;179;179m██[38;2;179;74;54m██[38;2;179;74;54m██[38;2;179;179;179m██[38;2;179;179;179m██[38;2;179;179;179m██[38;2;179;179;179m██[38;2;179;179;179m██[38;2;179;179;179m██[38;2;179;74;54m██[38;2;179;74;54m██[38;2;179;179;179m██[38;2;179;179;179m██[38;2;179;179;179m██[38;2;179;179;179m██[38;2;179;179;179m██[38;2;179;179;179m██[38;2;16;16;16m██                                                                                
                                                        [38;2;16;16;16m██[38;2;179;74;54m██[38;2;179;179;179m██[38;2;179;179;179m██[38;2;179;179;179m██[38;2;179;179;179m██[38;2;179;179;179m██[38;2;179;179;179m██[38;2;179;179;179m██[38;2;179;179;179m██[38;2;179;179;179m██[38;2;179;179;179m██[38;2;179;74;54m██[38;2;255;106;76m██[38;2;179;74;54m██[38;2;179;179;179m██[38;2;179;179;179m██[38;2;179;179;179m██[38;2;179;179;179m██[38;2;179;179;179m██[38;2;179;179;179m██[38;2;16;16;16m██                                                                                
                                                          [38;2;16;16;16m██[38;2;179;74;54m██[38;2;179;179;179m██[38;2;179;74;54m██[38;2;179;74;54m██[38;2;179;74;54m██[38;2;179;74;54m██[38;2;179;74;54m██[38;2;179;179;179m██[38;2;179;179;179m██[38;2;179;74;54m██[38;2;255;106;76m██[38;2;179;74;54m██[38;2;179;179;179m██[38;2;179;179;179m██[38;2;179;179;179m██[38;2;179;179;179m██[38;2;179;179;179m██[38;2;179;179;179m██[38;2;128;128;128m██[38;2;128;128;128m██[38;2;16;16;16m██                                                                              
                                                            [38;2;16;16;16m██[38;2;179;179;179m██[38;2;179;74;54m██[38;2;255;106;76m██[38;2;255;106;76m██[38;2;255;106;76m██[38;2;179;74;54m██[38;2;179;179;179m██[38;2;179;179;179m██[38;2;179;74;54m██[38;2;179;74;54m██[38;2;179;179;179m██[38;2;179;179;179m██[38;2;179;74;54m██[38;2;179;74;54m██[38;2;179;74;54m██[38;2;179;179;179m██[38;2;128;128;128m██[38;2;128;128;128m██[38;2;128;128;128m██[38;2;16;16;16m██                                                                              
                                                          [38;2;16;16;16m██[38;2;16;16;16m██[38;2;128;128;128m██[38;2;179;179;179m██[38;2;179;74;54m██[38;2;179;74;54m██[38;2;179;74;54m██[38;2;179;179;179m██[38;2;179;179;179m██[38;2;179;179;179m██[38;2;179;179;179m██[38;2;179;179;179m██[38;2;179;179;179m██[38;2;179;74;54m██[38;2;255;106;76m██[38;2;179;74;54m██[38;2;128;53;38m██[38;2;128;128;128m██[38;2;128;128;128m██[38;2;128;128;128m██[38;2;128;128;128m██[38;2;16;16;16m██                                                                              
                                [38;2;64;64;64m██[38;2;115;95;34m██[38;2;115;95;34m██            [38;2;128;53;38m██[38;2;128;53;38m██[38;2;64;64;64m██[38;2;64;64;64m██[38;2;179;74;54m██[38;2;255;106;76m██[38;2;179;74;54m██[38;2;128;128;128m██[38;2;179;179;179m██[38;2;179;179;179m██[38;2;179;179;179m██[38;2;179;179;179m██[38;2;179;179;179m██[38;2;179;179;179m██[38;2;179;179;179m██[38;2;179;179;179m██[38;2;179;179;179m██[38;2;128;53;38m██[38;2;128;53;38m██[38;2;128;53;38m██[38;2;128;128;128m██[38;2;128;128;128m██[38;2;128;128;128m██[38;2;128;128;128m██[38;2;128;53;38m██[38;2;16;16;16m██                                                                              
                              [38;2;64;64;64m██[38;2;88;88;88m██[38;2;255;210;76m██[38;2;255;210;76m██[38;2;115;95;34m██[38;2;115;95;34m██    [38;2;64;64;64m██[38;2;64;64;64m██[38;2;179;179;179m██[38;2;179;74;54m██[38;2;179;179;179m██[38;2;179;179;179m██[38;2;179;179;179m██[38;2;179;74;54m██[38;2;179;74;54m██[38;2;128;128;128m██[38;2;128;128;128m██[38;2;128;128;128m██[38;2;128;128;128m██[38;2;128;53;38m██[38;2;128;53;38m██[38;2;128;53;38m██[38;2;128;53;38m██[38;2;128;128;128m██[38;2;128;128;128m██[38;2;128;128;128m██[38;2;128;128;128m██[38;2;16;16;16m██[38;2;16;16;16m██[38;2;128;128;128m██[38;2;128;128;128m██[38;2;128;128;128m██[38;2;128;53;38m██[38;2;16;16;16m██                                                                              
                              [38;2;64;64;64m██[38;2;88;88;88m██[38;2;16;16;16m██[38;2;64;64;64m██[38;2;255;210;76m██[38;2;255;210;76m██[38;2;115;95;34m██  [38;2;64;64;64m██[38;2;179;179;179m██[38;2;179;179;179m██[38;2;179;179;179m██[38;2;179;179;179m██[38;2;179;179;179m██[38;2;179;74;54m██[38;2;179;179;179m██[38;2;179;179;179m██[38;2;128;128;128m██[38;2;128;128;128m██[38;2;128;128;128m██[38;2;128;128;128m██[38;2;128;53;38m██[38;2;179;74;54m██[38;2;179;74;54m██[38;2;128;53;38m██[38;2;128;128;128m██[38;2;16;16;16m██[38;2;16;16;16m██[38;2;16;16;16m██[38;2;255;210;76m██[38;2;255;210;76m██[38;2;16;16;16m██[38;2;128;128;128m██[38;2;128;128;128m██[38;2;128;128;128m██[38;2;16;16;16m██                                                                              
                            [38;2;64;64;64m██[38;2;88;88;88m██[38;2;16;16;16m██[38;2;64;64;64m██[38;2;88;88;88m██[38;2;88;88;88m██[38;2;255;210;76m██[38;2;255;210;76m██[38;2;115;95;34m██[38;2;64;64;64m██[38;2;179;179;179m██[38;2;179;179;179m██[38;2;64;64;64m██[38;2;179;179;179m██[38;2;179;74;54m██[38;2;255;106;76m██[38;2;179;74;54m██[38;2;179;179;179m██[38;2;179;179;179m██[38;2;179;74;54m██[38;2;128;128;128m██[38;2;128;128;128m██[38;2;128;128;128m██[38;2;128;53;38m██[38;2;128;53;38m██[38;2;128;128;128m██[38;2;16;16;16m██[38;2;255;210;76m██[38;2;255;210;76m██[38;2;64;64;64m██[38;2;88;88;88m██[38;2;179;147;54m██[38;2;16;16;16m██[38;2;16;16;16m██[38;2;16;16;16m██[38;2;128;128;128m██[38;2;128;128;128m██[38;2;16;16;16m██                                                                            
                            [38;2;64;64;64m██[38;2;88;88;88m██[38;2;16;16;16m██[38;2;64;64;64m██[38;2;88;88;88m██[38;2;16;16;16m██[38;2;115;95;34m██[38;2;179;147;54m██[38;2;255;210;76m██[38;2;115;95;34m██[38;2;115;95;34m██[38;2;115;95;34m██[38;2;115;95;34m██[38;2;64;64;64m██[38;2;179;179;179m██[38;2;179;74;54m██[38;2;179;74;54m██[38;2;179;179;179m██[38;2;179;179;179m██[38;2;179;74;54m██[38;2;179;74;54m██[38;2;16;16;16m██[38;2;128;128;128m██[38;2;128;128;128m██[38;2;128;128;128m██[38;2;128;128;128m██[38;2;16;16;16m██[38;2;88;88;88m██[38;2;179;147;54m██[38;2;64;64;64m██[38;2;88;88;88m██[38;2;16;16;16m██[38;2;16;16;16m██[38;2;255;210;76m██[38;2;255;210;76m██[38;2;16;16;16m██[38;2;128;128;128m██[38;2;16;16;16m██                                                                            
                              [38;2;64;64;64m██    [38;2;16;16;16m██  [38;2;16;16;16m██[38;2;115;95;34m██[38;2;179;147;54m██[38;2;255;210;76m██[38;2;255;210;76m██[38;2;255;210;76m██[38;2;179;147;54m██[38;2;64;64;64m██[38;2;179;179;179m██[38;2;179;179;179m██[38;2;179;179;179m██[38;2;179;179;179m██[38;2;179;179;179m██[38;2;128;128;128m██[38;2;179;74;54m██[38;2;128;53;38m██[38;2;16;16;16m██[38;2;16;16;16m██[38;2;16;16;16m██[38;2;128;128;128m██[38;2;16;16;16m██[38;2;88;88;88m██[38;2;16;16;16m██[38;2;179;147;54m██[38;2;16;16;16m██[38;2;179;147;54m██[38;2;64;64;64m██[38;2;88;88;88m██[38;2;179;147;54m██[38;2;16;16;16m██[38;2;128;128;128m██[38;2;16;16;16m██[38;2;16;16;16m██                                                                          
                                        [38;2;16;16;16m██[38;2;179;147;54m██[38;2;179;147;54m██[38;2;16;16;16m██[38;2;115;95;34m██[38;2;16;16;16m██[38;2;16;16;16m██[38;2;16;16;16m██[38;2;64;64;64m██[38;2;179;179;179m██[38;2;179;74;54m██[38;2;179;179;179m██[38;2;128;128;128m██[38;2;128;128;128m██[38;2;16;16;16m██[38;2;16;16;16m██[38;2;64;64;64m██[38;2;64;64;64m██[38;2;64;64;64m██[38;2;16;16;16m██[38;2;16;16;16m██[38;2;16;16;16m██[38;2;179;179;179m██[38;2;16;16;16m██[38;2;179;147;54m██[38;2;179;147;54m██[38;2;64;64;64m██[38;2;88;88;88m██[38;2;16;16;16m██[38;2;16;16;16m██[38;2;128;53;38m██[38;2;16;16;16m██[38;2;64;64;64m██[38;2;16;16;16m██[38;2;16;16;16m██[38;2;16;16;16m██                                                                    
                                    [38;2;64;64;64m██  [38;2;16;16;16m██[38;2;179;147;54m██[38;2;16;16;16m██[38;2;16;16;16m██  [38;2;16;16;16m██[38;2;128;128;128m██[38;2;128;128;128m██[38;2;64;64;64m██[38;2;179;179;179m██[38;2;179;74;54m██[38;2;128;53;38m██[38;2;128;128;128m██[38;2;16;16;16m██[38;2;64;64;64m██[38;2;64;64;64m██[38;2;64;64;64m██[38;2;64;64;64m██[38;2;64;64;64m██[38;2;64;64;64m██[38;2;64;64;64m██[38;2;16;16;16m██[38;2;179;179;179m██[38;2;179;179;179m██[38;2;16;16;16m██[38;2;179;147;54m██[38;2;179;147;54m██[38;2;16;16;16m██[38;2;16;16;16m██[38;2;128;128;128m██[38;2;128;53;38m██[38;2;16;16;16m██[38;2;64;64;64m██[38;2;64;64;64m██[38;2;64;64;64m██[38;2;64;64;64m██[38;2;16;16;16m██[38;2;16;16;16m██                                                                
                                  [38;2;64;64;64m██[38;2;88;88;88m██[38;2;16;16;16m██[38;2;179;147;54m██[38;2;179;147;54m██[38;2;16;16;16m██    [38;2;16;16;16m██[38;2;16;16;16m██[38;2;128;128;128m██[38;2;128;128;128m██[38;2;128;128;128m██[38;2;128;53;38m██[38;2;128;53;38m██[38;2;16;16;16m██[38;2;64;64;64m██[38;2;64;64;64m██[38;2;64;64;64m██[38;2;64;64;64m██[38;2;64;64;64m██[38;2;64;64;64m██[38;2;16;16;16m██[38;2;64;64;64m██[38;2;16;16;16m██[38;2;179;179;179m██[38;2;128;128;128m██[38;2;16;16;16m██[38;2;179;147;54m██[38;2;179;147;54m██[38;2;179;147;54m██[38;2;16;16;16m██[38;2;128;128;128m██[38;2;128;128;128m██[38;2;16;16;16m██[38;2;64;64;64m██[38;2;64;64;64m██[38;2;64;64;64m██[38;2;64;64;64m██[38;2;64;64;64m██[38;2;64;64;64m██[38;2;16;16;16m██[38;2;16;16;16m██                                                            
                                  [38;2;64;64;64m██[38;2;88;88;88m██[38;2;179;147;54m██[38;2;179;147;54m██[38;2;16;16;16m██          [38;2;16;16;16m██[38;2;128;128;128m██[38;2;16;16;16m██[38;2;16;16;16m██[38;2;16;16;16m██[38;2;64;64;64m██[38;2;64;64;64m██[38;2;64;64;64m██[38;2;64;64;64m██[38;2;64;64;64m██[38;2;64;64;64m██[38;2;16;16;16m██[38;2;64;64;64m██[38;2;64;64;64m██[38;2;16;16;16m██[38;2;179;179;179m██[38;2;16;16;16m██[38;2;88;88;88m██[38;2;16;16;16m██[38;2;179;147;54m██[38;2;16;16;16m██[38;2;128;128;128m██[38;2;128;128;128m██[38;2;16;16;16m██[38;2;64;64;64m██[38;2;64;64;64m██[38;2;64;64;64m██[38;2;64;64;64m██[38;2;64;64;64m██[38;2;64;64;64m██[38;2;64;64;64m██[38;2;64;64;64m██[38;2;64;64;64m██[38;2;16;16;16m██                                                          
                                    [38;2;16;16;16m██[38;2;16;16;16m██[38;2;16;16;16m██            [38;2;16;16;16m██[38;2;16;16;16m██    [38;2;16;16;16m██[38;2;64;64;64m██[38;2;64;64;64m██[38;2;64;64;64m██[38;2;64;64;64m██[38;2;64;64;64m██[38;2;16;16;16m██[38;2;16;16;16m██[38;2;64;64;64m██[38;2;179;147;54m██[38;2;179;147;54m██[38;2;16;16;16m██[38;2;16;16;16m██[38;2;88;88;88m██[38;2;16;16;16m██[38;2;179;147;54m██[38;2;16;16;16m██[38;2;16;16;16m██[38;2;128;128;128m██[38;2;16;16;16m██[38;2;64;64;64m██[38;2;64;64;64m██[38;2;64;64;64m██[38;2;64;64;64m██[38;2;64;64;64m██[38;2;64;64;64m██[38;2;64;64;64m██[38;2;64;64;64m██[38;2;64;64;64m██[38;2;64;64;64m██[38;2;16;16;16m██                                                        
                                                              [38;2;16;16;16m██[38;2;16;16;16m██[38;2;16;16;16m██[38;2;16;16;16m██[38;2;16;16;16m██[38;2;16;16;16m██  [38;2;16;16;16m██[38;2;179;147;54m██[38;2;179;147;54m██[38;2;64;64;64m██[38;2;64;64;64m██[38;2;16;16;16m██[38;2;88;88;88m██[38;2;179;147;54m██[38;2;16;16;16m██[38;2;64;64;64m██[38;2;179;147;54m██[38;2;16;16;16m██[38;2;179;147;54m██[38;2;64;64;64m██[38;2;16;16;16m██[38;2;64;64;64m██[38;2;64;64;64m██[38;2;64;64;64m██[38;2;64;64;64m██[38;2;64;64;64m██[38;2;64;64;64m██[38;2;64;64;64m██[38;2;64;64;64m██[38;2;64;64;64m██[38;2;16;16;16m██                                                      
                                                                            [38;2;16;16;16m██[38;2;179;147;54m██[38;2;64;64;64m██[38;2;64;64;64m██[38;2;64;64;64m██[38;2;179;147;54m██[38;2;16;16;16m██[38;2;16;16;16m██[38;2;64;64;64m██[38;2;64;64;64m██[38;2;64;64;64m██[38;2;64;64;64m██[38;2;179;147;54m██[38;2;179;147;54m██[38;2;64;64;64m██[38;2;16;16;16m██[38;2;16;16;16m██[38;2;64;64;64m██[38;2;64;64;64m██[38;2;64;64;64m██[38;2;64;64;64m██[38;2;64;64;64m██[38;2;64;64;64m██[38;2;64;64;64m██[38;2;64;64;64m██[38;2;16;16;16m██                                                    
                                                                              [38;2;16;16;16m██[38;2;64;64;64m██[38;2;64;64;64m██[38;2;179;147;54m██[38;2;179;147;54m██[38;2;64;64;64m██[38;2;16;16;16m██[38;2;179;147;54m██[38;2;64;64;64m██[38;2;64;64;64m██[38;2;64;64;64m██[38;2;64;64;64m██[38;2;64;64;64m██[38;2;179;147;54m██[38;2;179;147;54m██[38;2;64;64;64m██[38;2;16;16;16m██[38;2;16;16;16m██[38;2;16;16;16m██[38;2;64;64;64m██[38;2;64;64;64m██[38;2;64;64;64m██[38;2;64;64;64m██[38;2;64;64;64m██[38;2;16;16;16m██                                                    
                                                                              [38;2;16;16;16m██[38;2;64;64;64m██[38;2;179;147;54m██[38;2;179;147;54m██[38;2;64;64;64m██[38;2;64;64;64m██[38;2;16;16;16m██[38;2;179;147;54m██[38;2;179;147;54m██[38;2;179;147;54m██[38;2;179;147;54m██[38;2;64;64;64m██[38;2;64;64;64m██[38;2;64;64;64m██[38;2;64;64;64m██[38;2;179;147;54m██[38;2;16;16;16m██    [38;2;16;16;16m██[38;2;16;16;16m██[38;2;16;16;16m██[38;2;16;16;16m██[38;2;16;16;16m██[38;2;16;16;16m██                                                    
                                                                              [38;2;16;16;16m██[38;2;179;147;54m██[38;2;179;147;54m██[38;2;64;64;64m██[38;2;64;64;64m██[38;2;64;64;64m██[38;2;179;147;54m██[38;2;16;16;16m██[38;2;64;64;64m██[38;2;64;64;64m██[38;2;179;147;54m██[38;2;179;147;54m██[38;2;179;147;54m██[38;2;64;64;64m██[38;2;64;64;64m██[38;2;64;64;64m██[38;2;64;64;64m██[38;2;16;16;16m██                                                                  
                                                                                [38;2;16;16;16m██[38;2;64;64;64m██[38;2;64;64;64m██[38;2;64;64;64m██[38;2;179;147;54m██[38;2;179;147;54m██[38;2;16;16;16m██[38;2;64;64;64m██[38;2;64;64;64m██[38;2;64;64;64m██[38;2;64;64;64m██[38;2;64;64;64m██[38;2;179;147;54m██[38;2;179;147;54m██[38;2;64;64;64m██[38;2;64;64;64m██[38;2;16;16;16m██                                                                  
                                                                                [38;2;16;16;16m██[38;2;64;64;64m██[38;2;64;64;64m██[38;2;179;147;54m██[38;2;179;147;54m██[38;2;64;64;64m██[38;2;64;64;64m██[38;2;16;16;16m██[38;2;179;147;54m██[38;2;179;147;54m██[38;2;64;64;64m██[38;2;64;64;64m██[38;2;64;64;64m██[38;2;64;64;64m██[38;2;179;147;54m██[38;2;179;147;54m██[38;2;16;16;16m██                                                                  
                                                                                  [38;2;16;16;16m██[38;2;179;147;54m██[38;2;179;147;54m██[38;2;64;64;64m██[38;2;64;64;64m██[38;2;64;64;64m██[38;2;16;16;16m██[38;2;16;16;16m██[38;2;179;147;54m██[38;2;179;147;54m██[38;2;179;147;54m██[38;2;64;64;64m██[38;2;64;64;64m██[38;2;64;64;64m██[38;2;64;64;64m██[38;2;179;147;54m██[38;2;16;16;16m██                                                                
                                                                                    [38;2;16;16;16m██[38;2;64;64;64m██[38;2;64;64;64m██[38;2;64;64;64m██[38;2;64;64;64m██[38;2;16;16;16m██  [38;2;16;16;16m██[38;2;64;64;64m██[38;2;64;64;64m██[38;2;179;147;54m██[38;2;179;147;54m██[38;2;64;64;64m██[38;2;64;64;64m██[38;2;64;64;64m██[38;2;16;16;16m██                                                                
                                                                                      [38;2;16;16;16m██[38;2;16;16;16m██[38;2;64;64;64m██[38;2;64;64;64m██[38;2;16;16;16m██    [38;2;16;16;16m██[38;2;64;64;64m██[38;2;64;64;64m██[38;2;64;64;64m██[38;2;179;147;54m██[38;2;179;147;54m██[38;2;64;64;64m██[38;2;16;16;16m██                                                                
                                                                                          [38;2;16;16;16m██[38;2;16;16;16m██[38;2;16;16;16m██      [38;2;16;16;16m██[38;2;16;16;16m██[38;2;64;64;64m██[38;2;64;64;64m██[38;2;64;64;64m██[38;2;179;147;54m██[38;2;16;16;16m██                                                                
                                                                                                          [38;2;16;16;16m██[38;2;64;64;64m██[38;2;64;64;64m██[38;2;64;64;64m██[38;2;16;16;16m██                                                                
                                                                                                            [38;2;16;16;16m██[38;2;16;16;16m██[38;2;64;64;64m██[38;2;16;16;16m██                                                                
                                                                                                                [38;2;16;16;16m██[38;2;16;16;16m██                                                                
