                  [38;2;16;16;16m██[38;2;16;16;16m██[38;2;16;16;16m██[38;2;16;16;16m██                [38;2;16;16;16m██[38;2;16;16;16m██[38;2;16;16;16m██[38;2;16;16;16m██                                                        
              [38;2;16;16;16m██[38;2;16;16;16m██[38;2;153;135;46m██[38;2;255;225;76m██[38;2;153;135;46m██[38;2;255;225;76m██[38;2;16;16;16m██[38;2;16;16;16m██        [38;2;16;16;16m██[38;2;16;16;16m██[38;2;255;225;76m██[38;2;255;225;76m██[38;2;255;225;76m██[38;2;255;225;76m██[38;2;16;16;16m██[38;2;16;16;16m██                                                    
            [38;2;16;16;16m██[38;2;255;225;76m██[38;2;255;225;76m██[38;2;255;225;76m██[38;2;153;135;46m██[38;2;255;225;76m██[38;2;153;135;46m██[38;2;255;225;76m██[38;2;255;225;76m██[38;2;16;16;16m██    [38;2;16;16;16m██[38;2;153;135;46m██[38;2;255;225;76m██[38;2;153;135;46m██[38;2;255;225;76m██[38;2;255;225;76m██[38;2;255;225;76m██[38;2;153;135;46m██[38;2;255;225;76m██[38;2;16;16;16m██                                                  
          [38;2;16;16;16m██[38;2;255;225;76m██[38;2;255;225;76m██[38;2;255;225;76m██[38;2;255;225;76m██[38;2;153;135;46m██[38;2;255;225;76m██[38;2;153;135;46m██[38;2;255;225;76m██[38;2;255;225;76m██[38;2;255;225;76m██[38;2;16;16;16m██[38;2;16;16;16m██[38;2;255;225;76m██[38;2;255;225;76m██[38;2;153;135;46m██[38;2;255;225;76m██[38;2;153;135;46m██[38;2;255;225;76m██[38;2;255;225;76m██[38;2;153;135;46m██[38;2;255;225;76m██[38;2;153;135;46m██[38;2;16;16;16m██                                                
        [38;2;16;16;16m██[38;2;153;135;46m██[38;2;153;135;46m██[38;2;255;225;76m██[38;2;255;225;76m██[38;2;255;225;76m██[38;2;16;16;16m██[38;2;16;16;16m██[38;2;16;16;16m██[38;2;255;225;76m██[38;2;255;225;76m██[38;2;16;16;16m██[38;2;255;225;76m██[38;2;255;225;76m██[38;2;255;225;76m██[38;2;255;225;76m██[38;2;153;135;46m██[38;2;255;225;76m██[38;2;16;16;16m██[38;2;16;16;16m██[38;2;16;16;16m██[38;2;153;135;46m██[38;2;255;225;76m██[38;2;153;135;46m██[38;2;255;225;76m██[38;2;16;16;16m██                                              
        [38;2;16;16;16m██[38;2;255;225;76m██[38;2;255;225;76m██[38;2;153;135;46m██[38;2;255;225;76m██[38;2;16;16;16m██      [38;2;16;16;16m██[38;2;16;16;16m██[38;2;255;225;76m██[38;2;255;225;76m██[38;2;255;225;76m██[38;2;255;225;76m██[38;2;255;225;76m██[38;2;16;16;16m██[38;2;16;16;16m██      [38;2;16;16;16m██[38;2;16;16;16m██[38;2;255;225;76m██[38;2;255;225;76m██[38;2;16;16;16m██                                              
      [38;2;16;16;16m██[38;2;153;135;46m██[38;2;153;135;46m██[38;2;153;135;46m██[38;2;255;225;76m██[38;2;16;16;16m██      [38;2;16;16;16m██[38;2;153;135;46m██[38;2;255;225;76m██[38;2;153;135;46m██[38;2;255;225;76m██[38;2;255;225;76m██[38;2;255;225;76m██[38;2;16;16;16m██              [38;2;16;16;16m██[38;2;255;225;76m██[38;2;153;135;46m██[38;2;16;16;16m██                                            
      [38;2;16;16;16m██[38;2;255;225;76m██[38;2;255;225;76m██[38;2;255;225;76m██[38;2;153;135;46m██[38;2;16;16;16m██  [38;2;16;16;16m██[38;2;16;16;16m██[38;2;255;225;76m██[38;2;255;225;76m██[38;2;153;135;46m██[38;2;255;225;76m██[38;2;153;135;46m██[38;2;255;225;76m██[38;2;16;16;16m██[38;2;153;135;46m██[38;2;16;16;16m██              [38;2;16;16;16m██[38;2;255;225;76m██[38;2;16;16;16m██                                            
      [38;2;16;16;16m██[38;2;255;225;76m██[38;2;255;225;76m██[38;2;255;225;76m██[38;2;16;16;16m██[38;2;16;16;16m██[38;2;16;16;16m██[38;2;153;135;46m██[38;2;255;225;76m██[38;2;255;225;76m██[38;2;255;225;76m██[38;2;255;225;76m██[38;2;153;135;46m██[38;2;16;16;16m██[38;2;16;16;16m██[38;2;153;135;46m██[38;2;153;135;46m██[38;2;153;135;46m██[38;2;16;16;16m██[38;2;51;39;33m██[38;2;51;39;33m██        [38;2;16;16;16m██[38;2;153;135;46m██[38;2;255;225;76m██[38;2;16;16;16m██                                          
      [38;2;16;16;16m██[38;2;255;225;76m██[38;2;255;225;76m██[38;2;16;16;16m██[38;2;255;225;76m██[38;2;255;225;76m██[38;2;153;135;46m██[38;2;255;225;76m██[38;2;255;225;76m██[38;2;255;225;76m██[38;2;255;225;76m██[38;2;255;225;76m██[38;2;16;16;16m██[38;2;89;77;71m██[38;2;51;39;33m██[38;2;51;39;33m██[38;2;16;16;16m██[38;2;51;39;33m██[38;2;51;39;33m██[38;2;89;77;71m██[38;2;89;77;71m██[38;2;16;16;16m██        [38;2;16;16;16m██[38;2;255;225;76m██[38;2;153;135;46m██[38;2;16;16;16m██                                        
      [38;2;16;16;16m██[38;2;255;225;76m██[38;2;16;16;16m██[38;2;153;135;46m██[38;2;153;135;46m██[38;2;255;225;76m██[38;2;255;225;76m██[38;2;153;135;46m██[38;2;255;225;76m██[38;2;255;225;76m██[38;2;16;16;16m██[38;2;16;16;16m██[38;2;89;77;71m██[38;2;89;77;71m██[38;2;89;77;71m██[38;2;51;39;33m██[38;2;51;39;33m██[38;2;89;77;71m██[38;2;89;77;71m██[38;2;89;77;71m██[38;2;89;77;71m██[38;2;16;16;16m██          [38;2;16;16;16m██[38;2;255;225;76m██[38;2;255;225;76m██[38;2;16;16;16m██                                      
      [38;2;16;16;16m██[38;2;255;225;76m██[38;2;153;135;46m██[38;2;255;225;76m██[38;2;255;225;76m██[38;2;153;135;46m██[38;2;153;135;46m██[38;2;153;135;46m██[38;2;16;16;16m██[38;2;16;16;16m██[38;2;89;77;71m██[38;2;89;77;71m██[38;2;89;77;71m██[38;2;51;39;33m██[38;2;51;39;33m██[38;2;89;77;71m██[38;2;89;77;71m██[38;2;89;77;71m██[38;2;89;77;71m██[38;2;89;77;71m██[38;2;89;77;71m██[38;2;16;16;16m██            [38;2;16;16;16m██[38;2;16;16;16m██[38;2;16;16;16m██                                      
        [38;2;16;16;16m██[38;2;255;225;76m██[38;2;255;225;76m██[38;2;255;225;76m██[38;2;153;135;46m██[38;2;16;16;16m██[38;2;16;16;16m██[38;2;248;248;248m██[38;2;248;248;248m██[38;2;248;248;248m██[38;2;248;248;248m██[38;2;248;248;248m██[38;2;191;191;191m██[38;2;89;77;71m██[38;2;89;77;71m██[38;2;89;77;71m██[38;2;89;77;71m██[38;2;89;77;71m██[38;2;89;77;71m██[38;2;89;77;71m██[38;2;16;16;16m██                                                        
        [38;2;16;16;16m██[38;2;255;225;76m██[38;2;255;225;76m██[38;2;153;135;46m██[38;2;16;16;16m██[38;2;248;248;248m██[38;2;248;248;248m██[38;2;248;248;248m██[38;2;191;191;191m██[38;2;153;135;46m██[38;2;153;135;46m██[38;2;191;191;191m██[38;2;248;248;248m██[38;2;191;191;191m██[38;2;89;77;71m██[38;2;89;77;71m██[38;2;89;77;71m██[38;2;89;77;71m██[38;2;89;77;71m██[38;2;16;16;16m██                                                          
        [38;2;51;39;33m██[38;2;16;16;16m██[38;2;16;16;16m██[38;2;16;16;16m██[38;2;248;248;248m██[38;2;248;248;248m██[38;2;191;191;191m██[38;2;153;135;46m██[38;2;191;191;191m██[38;2;255;225;76m██[38;2;255;225;76m██[38;2;255;225;76m██[38;2;248;248;248m██[38;2;248;248;248m██[38;2;51;39;33m██[38;2;51;39;33m██[38;2;89;77;71m██[38;2;89;77;71m██[38;2;89;77;71m██[38;2;16;16;16m██[38;2;80;102;36m██[38;2;80;102;36m██[38;2;80;102;36m██                                                    
      [38;2;51;39;33m██[38;2;89;77;71m██[38;2;89;77;71m██[38;2;89;77;71m██[38;2;191;191;191m██[38;2;248;248;248m██[38;2;153;135;46m██[38;2;248;248;248m██[38;2;153;46;46m██[38;2;248;248;248m██[38;2;255;225;76m██[38;2;255;225;76m██[38;2;255;225;76m██[38;2;248;248;248m██[38;2;89;77;71m██[38;2;89;77;71m██[38;2;89;77;71m██[38;2;16;16;16m██[38;2;16;16;16m██[38;2;16;16;16m██[38;2;130;166;58m██[38;2;130;166;58m██[38;2;130;166;58m██[38;2;80;102;36m██                                                    
    [38;2;51;39;33m██[38;2;89;77;71m██[38;2;89;77;71m██[38;2;89;77;71m██[38;2;191;191;191m██[38;2;248;248;248m██[38;2;153;135;46m██[38;2;248;248;248m██[38;2;255;76;76m██[38;2;153;46;46m██[38;2;191;191;191m██[38;2;255;225;76m██[38;2;255;225;76m██[38;2;248;248;248m██[38;2;248;248;248m██[38;2;89;77;71m██[38;2;89;77;71m██[38;2;89;77;71m██[38;2;16;16;16m██[38;2;130;166;58m██[38;2;130;166;58m██[38;2;130;166;58m██[38;2;130;166;58m██[38;2;80;102;36m██                                            [38;2;80;102;36m██[38;2;80;102;36m██      
  [38;2;153;135;46m██[38;2;153;135;46m██[38;2;89;77;71m██[38;2;191;191;191m██[38;2;248;248;248m██[38;2;248;248;248m██[38;2;255;225;76m██[38;2;255;225;76m██[38;2;255;225;76m██[38;2;153;46;46m██[38;2;255;76;76m██[38;2;255;225;76m██[38;2;255;225;76m██[38;2;191;191;191m██[38;2;248;248;248m██[38;2;89;77;71m██[38;2;89;77;71m██[38;2;16;16;16m██[38;2;16;16;16m██[38;2;16;16;16m██[38;2;130;166;58m██[38;2;130;166;58m██[38;2;130;166;58m██[38;2;130;166;58m██[38;2;80;102;36m██[38;2;80;102;36m██[38;2;80;102;36m██[38;2;80;102;36m██                                    [38;2;80;102;36m██[38;2;130;166;58m██[38;2;180;229;80m██[38;2;16;16;16m██    
[38;2;153;135;46m██[38;2;255;225;76m██[38;2;255;225;76m██[38;2;51;39;33m██[38;2;248;248;248m██[38;2;248;248;248m██[38;2;255;225;76m██[38;2;191;191;191m██[38;2;248;248;248m██[38;2;191;191;191m██[38;2;255;225;76m██[38;2;255;225;76m██[38;2;255;225;76m██[38;2;191;191;191m██[38;2;248;248;248m██[38;2;89;77;71m██[38;2;51;39;33m██[38;2;16;16;16m██[38;2;130;166;58m██[38;2;180;229;80m██[38;2;180;229;80m██[38;2;180;229;80m██[38;2;130;166;58m██[38;2;130;166;58m██[38;2;130;166;58m██[38;2;130;166;58m██[38;2;130;166;58m██[38;2;130;166;58m██[38;2;80;102;36m██                                [38;2;80;102;36m██[38;2;80;102;36m██[38;2;130;166;58m██[38;2;180;229;80m██[38;2;180;229;80m██[38;2;16;16;16m██    
[38;2;153;135;46m██[38;2;255;225;76m██[38;2;255;225;76m██[38;2;153;135;46m██[38;2;248;248;248m██[38;2;248;248;248m██[38;2;248;248;248m██[38;2;248;248;248m██[38;2;248;248;248m██[38;2;248;248;248m██[38;2;248;248;248m██[38;2;248;248;248m██[38;2;248;248;248m██[38;2;248;248;248m██[38;2;89;77;71m██[38;2;51;39;33m██[38;2;51;39;33m██[38;2;51;39;33m██[38;2;16;16;16m██[38;2;130;166;58m██[38;2;180;229;80m██[38;2;180;229;80m██[38;2;180;229;80m██[38;2;180;229;80m██[38;2;130;166;58m██[38;2;130;166;58m██[38;2;130;166;58m██[38;2;80;102;36m██                                [38;2;80;102;36m██[38;2;180;229;80m██[38;2;130;166;58m██[38;2;180;229;80m██[38;2;180;229;80m██[38;2;180;229;80m██[38;2;16;16;16m██    
[38;2;16;16;16m██[38;2;153;135;46m██[38;2;153;135;46m██[38;2;16;16;16m██[38;2;248;248;248m██[38;2;248;248;248m██[38;2;248;248;248m██[38;2;248;248;248m██[38;2;248;248;248m██[38;2;248;248;248m██[38;2;248;248;248m██[38;2;248;248;248m██[38;2;248;248;248m██[38;2;191;191;191m██[38;2;191;191;191m██[38;2;191;191;191m██[38;2;16;16;16m██[38;2;130;166;58m██[38;2;130;166;58m██[38;2;130;166;58m██[38;2;130;166;58m██[38;2;180;229;80m██[38;2;180;229;80m██[38;2;180;229;80m██[38;2;180;229;80m██[38;2;180;229;80m██[38;2;130;166;58m██[38;2;130;166;58m██[38;2;80;102;36m██[38;2;80;102;36m██[38;2;16;16;16m██                        [38;2;80;102;36m██[38;2;80;102;36m██[38;2;180;229;80m██[38;2;130;166;58m██[38;2;180;229;80m██[38;2;180;229;80m██[38;2;130;166;58m██[38;2;16;16;16m██[38;2;16;16;16m██  
  [38;2;16;16;16m██[38;2;16;16;16m██[38;2;191;191;191m██[38;2;191;191;191m██[38;2;248;248;248m██[38;2;248;248;248m██[38;2;248;248;248m██[38;2;248;248;248m██[38;2;248;248;248m██[38;2;191;191;191m██[38;2;191;191;191m██[38;2;191;191;191m██[38;2;191;191;191m██[38;2;191;191;191m██[38;2;191;191;191m██[38;2;191;191;191m██[38;2;16;16;16m██[38;2;130;166;58m██[38;2;180;229;80m██[38;2;80;102;36m██[38;2;180;229;80m██[38;2;180;229;80m██[38;2;180;229;80m██[38;2;180;229;80m██[38;2;180;229;80m██[38;2;180;229;80m██[38;2;180;229;80m██[38;2;130;166;58m██[38;2;130;166;58m██[38;2;16;16;16m██                      [38;2;80;102;36m██[38;2;180;229;80m██[38;2;130;166;58m██[38;2;180;229;80m██[38;2;180;229;80m██[38;2;180;229;80m██[38;2;180;229;80m██[38;2;180;229;80m██[38;2;180;229;80m██[38;2;180;229;80m██[38;2;16;16;16m██
    [38;2;16;16;16m██[38;2;191;191;191m██[38;2;89;77;71m██[38;2;191;191;191m██[38;2;191;191;191m██[38;2;191;191;191m██[38;2;191;191;191m██[38;2;191;191;191m██[38;2;191;191;191m██[38;2;191;191;191m██[38;2;191;191;191m██[38;2;191;191;191m██[38;2;191;191;191m██[38;2;16;16;16m██[38;2;16;16;16m██[38;2;130;166;58m██[38;2;180;229;80m██[38;2;130;166;58m██[38;2;180;229;80m██[38;2;80;102;36m██[38;2;180;229;80m██[38;2;180;229;80m██[38;2;180;229;80m██[38;2;180;229;80m██[38;2;180;229;80m██[38;2;130;166;58m██[38;2;130;166;58m██[38;2;16;16;16m██                        [38;2;80;102;36m██[38;2;180;229;80m██[38;2;130;166;58m██[38;2;180;229;80m██[38;2;180;229;80m██[38;2;180;229;80m██[38;2;180;229;80m██[38;2;180;229;80m██[38;2;180;229;80m██[38;2;130;166;58m██[38;2;16;16;16m██
      [38;2;16;16;16m██[38;2;16;16;16m██[38;2;191;191;191m██[38;2;191;191;191m██[38;2;191;191;191m██[38;2;191;191;191m██[38;2;191;191;191m██[38;2;191;191;191m██[38;2;191;191;191m██[38;2;191;191;191m██[38;2;191;191;191m██[38;2;16;16;16m██[38;2;130;166;58m██[38;2;130;166;58m██[38;2;130;166;58m██[38;2;180;229;80m██[38;2;180;229;80m██[38;2;80;102;36m██[38;2;80;102;36m██[38;2;180;229;80m██[38;2;180;229;80m██[38;2;180;229;80m██[38;2;180;229;80m██[38;2;130;166;58m██[38;2;80;102;36m██[38;2;16;16;16m██                        [38;2;80;102;36m██[38;2;130;166;58m██[38;2;180;229;80m██[38;2;180;229;80m██[38;2;180;229;80m██[38;2;180;229;80m██[38;2;180;229;80m██[38;2;130;166;58m██[38;2;130;166;58m██[38;2;16;16;16m██[38;2;16;16;16m██  
        [38;2;80;102;36m██[38;2;16;16;16m██[38;2;191;191;191m██[38;2;16;16;16m██[38;2;191;191;191m██[38;2;80;102;36m██[38;2;191;191;191m██[38;2;191;191;191m██[38;2;16;16;16m██[38;2;191;191;191m██[38;2;16;16;16m██[38;2;130;166;58m██[38;2;130;166;58m██[38;2;130;166;58m██[38;2;80;102;36m██[38;2;180;229;80m██[38;2;80;102;36m██[38;2;180;229;80m██[38;2;180;229;80m██[38;2;180;229;80m██[38;2;180;229;80m██[38;2;180;229;80m██[38;2;130;166;58m██[38;2;16;16;16m██[38;2;130;166;58m██[38;2;16;16;16m██[38;2;16;16;16m██  [38;2;16;16;16m██[38;2;16;16;16m██[38;2;16;16;16m██  [38;2;16;16;16m██[38;2;16;16;16m██[38;2;16;16;16m██  [38;2;80;102;36m██[38;2;180;229;80m██[38;2;130;166;58m██[38;2;180;229;80m██[38;2;180;229;80m██[38;2;180;229;80m██[38;2;180;229;80m██[38;2;180;229;80m██[38;2;180;229;80m██[38;2;180;229;80m██[38;2;180;229;80m██[38;2;16;16;16m██  
        [38;2;80;102;36m██[38;2;180;229;80m██[38;2;16;16;16m██[38;2;130;166;58m██[38;2;16;16;16m██[38;2;130;166;58m██[38;2;16;16;16m██[38;2;191;191;191m██[38;2;16;16;16m██[38;2;130;166;58m██[38;2;130;166;58m██[38;2;130;166;58m██[38;2;130;166;58m██[38;2;180;229;80m██[38;2;180;229;80m██[38;2;80;102;36m██[38;2;80;102;36m██[38;2;180;229;80m██[38;2;180;229;80m██[38;2;180;229;80m██[38;2;180;229;80m██[38;2;180;229;80m██[38;2;180;229;80m██[38;2;80;102;36m██[38;2;16;16;16m██[38;2;180;229;80m██[38;2;130;166;58m██[38;2;16;16;16m██[38;2;180;229;80m██[38;2;180;229;80m██[38;2;130;166;58m██[38;2;16;16;16m██[38;2;180;229;80m██[38;2;180;229;80m██[38;2;130;166;58m██[38;2;80;102;36m██[38;2;80;102;36m██[38;2;180;229;80m██[38;2;180;229;80m██[38;2;180;229;80m██[38;2;180;229;80m██[38;2;180;229;80m██[38;2;180;229;80m██[38;2;180;229;80m██[38;2;180;229;80m██[38;2;180;229;80m██[38;2;130;166;58m██[38;2;16;16;16m██  
      [38;2;80;102;36m██[38;2;180;229;80m██[38;2;180;229;80m██[38;2;130;166;58m██[38;2;180;229;80m██[38;2;130;166;58m██[38;2;130;166;58m██[38;2;130;166;58m██[38;2;16;16;16m██[38;2;130;166;58m██[38;2;130;166;58m██[38;2;130;166;58m██[38;2;130;166;58m██[38;2;180;229;80m██[38;2;180;229;80m██[38;2;180;229;80m██[38;2;180;229;80m██[38;2;180;229;80m██[38;2;180;229;80m██[38;2;180;229;80m██[38;2;180;229;80m██[38;2;180;229;80m██[38;2;130;166;58m██[38;2;130;166;58m██[38;2;130;166;58m██[38;2;16;16;16m██[38;2;180;229;80m██[38;2;180;229;80m██[38;2;130;166;58m██[38;2;180;229;80m██[38;2;180;229;80m██[38;2;180;229;80m██[38;2;180;229;80m██[38;2;180;229;80m██[38;2;130;166;58m██[38;2;180;229;80m██[38;2;180;229;80m██[38;2;180;229;80m██[38;2;80;102;36m██[38;2;180;229;80m██[38;2;180;229;80m██[38;2;180;229;80m██[38;2;180;229;80m██[38;2;180;229;80m██[38;2;130;166;58m██[38;2;130;166;58m██[38;2;16;16;16m██[38;2;16;16;16m██    
      [38;2;130;166;58m██[38;2;180;229;80m██[38;2;180;229;80m██[38;2;180;229;80m██[38;2;180;229;80m██[38;2;180;229;80m██[38;2;130;166;58m██[38;2;180;229;80m██[38;2;180;229;80m██[38;2;180;229;80m██[38;2;130;166;58m██[38;2;180;229;80m██[38;2;180;229;80m██[38;2;180;229;80m██[38;2;180;229;80m██[38;2;180;229;80m██[38;2;180;229;80m██[38;2;180;229;80m██[38;2;180;229;80m██[38;2;180;229;80m██[38;2;180;229;80m██[38;2;180;229;80m██[38;2;180;229;80m██[38;2;130;166;58m██[38;2;130;166;58m██[38;2;130;166;58m██[38;2;16;16;16m██[38;2;180;229;80m██[38;2;180;229;80m██[38;2;180;229;80m██[38;2;180;229;80m██[38;2;180;229;80m██[38;2;180;229;80m██[38;2;180;229;80m██[38;2;180;229;80m██[38;2;180;229;80m██[38;2;180;229;80m██[38;2;130;166;58m██[38;2;130;166;58m██[38;2;80;102;36m██[38;2;80;102;36m██[38;2;180;229;80m██[38;2;180;229;80m██[38;2;180;229;80m██[38;2;180;229;80m██[38;2;180;229;80m██[38;2;180;229;80m██[38;2;16;16;16m██    
    [38;2;80;102;36m██[38;2;180;229;80m██[38;2;80;102;36m██[38;2;180;229;80m██[38;2;180;229;80m██[38;2;180;229;80m██[38;2;180;229;80m██[38;2;180;229;80m██[38;2;180;229;80m██[38;2;180;229;80m██[38;2;180;229;80m██[38;2;180;229;80m██[38;2;180;229;80m██[38;2;180;229;80m██[38;2;180;229;80m██[38;2;180;229;80m██[38;2;180;229;80m██[38;2;180;229;80m██[38;2;180;229;80m██[38;2;180;229;80m██[38;2;180;229;80m██[38;2;130;166;58m██[38;2;130;166;58m██[38;2;130;166;58m██[38;2;130;166;58m██[38;2;80;102;36m██[38;2;16;16;16m██[38;2;16;16;16m██[38;2;130;166;58m██[38;2;180;229;80m██[38;2;130;166;58m██[38;2;180;229;80m██[38;2;180;229;80m██[38;2;130;166;58m██[38;2;180;229;80m██[38;2;180;229;80m██[38;2;130;166;58m██[38;2;180;229;80m██[38;2;180;229;80m██[38;2;180;229;80m██[38;2;180;229;80m██[38;2;180;229;80m██[38;2;80;102;36m██[38;2;180;229;80m██[38;2;180;229;80m██[38;2;180;229;80m██[38;2;180;229;80m██[38;2;130;166;58m██[38;2;16;16;16m██    
    [38;2;80;102;36m██[38;2;80;102;36m██[38;2;180;229;80m██[38;2;180;229;80m██[38;2;180;229;80m██[38;2;180;229;80m██[38;2;180;229;80m██[38;2;180;229;80m██[38;2;180;229;80m██[38;2;180;229;80m██[38;2;180;229;80m██[38;2;180;229;80m██[38;2;180;229;80m██[38;2;180;229;80m██[38;2;180;229;80m██[38;2;180;229;80m██[38;2;180;229;80m██[38;2;180;229;80m██[38;2;180;229;80m██[38;2;180;229;80m██[38;2;180;229;80m██[38;2;180;229;80m██[38;2;130;166;58m██[38;2;130;166;58m██[38;2;130;166;58m██[38;2;16;16;16m██[38;2;89;77;71m██[38;2;89;77;71m██[38;2;16;16;16m██[38;2;16;16;16m██[38;2;16;16;16m██[38;2;130;166;58m██[38;2;180;229;80m██[38;2;16;16;16m██[38;2;180;229;80m██[38;2;180;229;80m██[38;2;16;16;16m██[38;2;130;166;58m██[38;2;180;229;80m██[38;2;16;16;16m██[38;2;16;16;16m██[38;2;180;229;80m██[38;2;80;102;36m██[38;2;180;229;80m██[38;2;130;166;58m██[38;2;16;16;16m██[38;2;16;16;16m██[38;2;16;16;16m██      
      [38;2;16;16;16m██[38;2;180;229;80m██[38;2;180;229;80m██[38;2;180;229;80m██[38;2;180;229;80m██[38;2;180;229;80m██[38;2;180;229;80m██[38;2;180;229;80m██[38;2;180;229;80m██[38;2;180;229;80m██[38;2;180;229;80m██[38;2;180;229;80m██[38;2;180;229;80m██[38;2;180;229;80m██[38;2;180;229;80m██[38;2;180;229;80m██[38;2;180;229;80m██[38;2;180;229;80m██[38;2;130;166;58m██[38;2;130;166;58m██[38;2;130;166;58m██[38;2;130;166;58m██[38;2;130;166;58m██[38;2;80;102;36m██[38;2;16;16;16m██[38;2;89;77;71m██[38;2;89;77;71m██[38;2;89;77;71m██[38;2;89;77;71m██[38;2;89;77;71m██[38;2;16;16;16m██[38;2;16;16;16m██[38;2;89;77;71m██[38;2;16;16;16m██[38;2;16;16;16m██[38;2;89;77;71m██[38;2;16;16;16m██[38;2;16;16;16m██[38;2;89;77;71m██[38;2;89;77;71m██[38;2;16;16;16m██[38;2;16;16;16m██[38;2;16;16;16m██[38;2;16;16;16m██            
        [38;2;16;16;16m██[38;2;180;229;80m██[38;2;180;229;80m██[38;2;180;229;80m██[38;2;180;229;80m██[38;2;180;229;80m██[38;2;180;229;80m██[38;2;180;229;80m██[38;2;180;229;80m██[38;2;180;229;80m██[38;2;180;229;80m██[38;2;180;229;80m██[38;2;180;229;80m██[38;2;180;229;80m██[38;2;180;229;80m██[38;2;180;229;80m██[38;2;130;166;58m██[38;2;130;166;58m██[38;2;130;166;58m██[38;2;130;166;58m██[38;2;130;166;58m██[38;2;130;166;58m██[38;2;16;16;16m██[38;2;89;77;71m██[38;2;89;77;71m██[38;2;89;77;71m██[38;2;89;77;71m██[38;2;89;77;71m██[38;2;89;77;71m██[38;2;89;77;71m██[38;2;89;77;71m██[38;2;89;77;71m██[38;2;89;77;71m██[38;2;89;77;71m██[38;2;89;77;71m██[38;2;89;77;71m██[38;2;89;77;71m██[38;2;89;77;71m██[38;2;89;77;71m██[38;2;89;77;71m██[38;2;16;16;16m██                
        [38;2;16;16;16m██[38;2;180;229;80m██[38;2;180;229;80m██[38;2;180;229;80m██[38;2;180;229;80m██[38;2;180;229;80m██[38;2;180;229;80m██[38;2;180;229;80m██[38;2;180;229;80m██[38;2;130;166;58m██[38;2;180;229;80m██[38;2;180;229;80m██[38;2;180;229;80m██[38;2;180;229;80m██[38;2;130;166;58m██[38;2;130;166;58m██[38;2;130;166;58m██[38;2;130;166;58m██[38;2;130;166;58m██[38;2;130;166;58m██[38;2;80;102;36m██[38;2;16;16;16m██[38;2;16;16;16m██[38;2;89;77;71m██[38;2;89;77;71m██[38;2;89;77;71m██[38;2;89;77;71m██[38;2;89;77;71m██[38;2;89;77;71m██[38;2;89;77;71m██[38;2;89;77;71m██[38;2;89;77;71m██[38;2;89;77;71m██[38;2;89;77;71m██[38;2;89;77;71m██[38;2;89;77;71m██[38;2;89;77;71m██[38;2;89;77;71m██[38;2;89;77;71m██[38;2;89;77;71m██[38;2;89;77;71m██[38;2;16;16;16m██              
        [38;2;16;16;16m██[38;2;130;166;58m██[38;2;180;229;80m██[38;2;180;229;80m██[38;2;180;229;80m██[38;2;130;166;58m██[38;2;180;229;80m██[38;2;130;166;58m██[38;2;180;229;80m██[38;2;80;102;36m██[38;2;180;229;80m██[38;2;180;229;80m██[38;2;180;229;80m██[38;2;180;229;80m██[38;2;130;166;58m██[38;2;130;166;58m██[38;2;130;166;58m██[38;2;130;166;58m██[38;2;130;166;58m██[38;2;130;166;58m██[38;2;16;16;16m██[38;2;89;77;71m██[38;2;89;77;71m██[38;2;89;77;71m██[38;2;89;77;71m██[38;2;89;77;71m██[38;2;89;77;71m██[38;2;89;77;71m██[38;2;89;77;71m██[38;2;89;77;71m██[38;2;89;77;71m██[38;2;89;77;71m██[38;2;89;77;71m██[38;2;179;170;161m██[38;2;89;77;71m██[38;2;89;77;71m██[38;2;179;170;161m██[38;2;89;77;71m██[38;2;89;77;71m██[38;2;89;77;71m██[38;2;89;77;71m██[38;2;16;16;16m██              
          [38;2;16;16;16m██[38;2;130;166;58m██[38;2;180;229;80m██[38;2;180;229;80m██[38;2;80;102;36m██[38;2;180;229;80m██[38;2;80;102;36m██[38;2;180;229;80m██[38;2;80;102;36m██[38;2;180;229;80m██[38;2;130;166;58m██[38;2;180;229;80m██[38;2;130;166;58m██[38;2;130;166;58m██[38;2;130;166;58m██[38;2;130;166;58m██[38;2;130;166;58m██[38;2;130;166;58m██[38;2;130;166;58m██[38;2;16;16;16m██[38;2;89;77;71m██[38;2;89;77;71m██[38;2;89;77;71m██[38;2;179;170;161m██[38;2;89;77;71m██[38;2;89;77;71m██[38;2;89;77;71m██[38;2;89;77;71m██[38;2;179;170;161m██[38;2;89;77;71m██[38;2;89;77;71m██[38;2;89;77;71m██[38;2;229;218;207m██[38;2;179;170;161m██[38;2;89;77;71m██[38;2;229;218;207m██[38;2;179;170;161m██[38;2;89;77;71m██[38;2;89;77;71m██[38;2;89;77;71m██[38;2;179;170;161m██[38;2;16;16;16m██            
          [38;2;16;16;16m██[38;2;130;166;58m██[38;2;80;102;36m██[38;2;180;229;80m██[38;2;130;166;58m██[38;2;80;102;36m██[38;2;130;166;58m██[38;2;80;102;36m██[38;2;80;102;36m██[38;2;130;166;58m██[38;2;130;166;58m██[38;2;130;166;58m██[38;2;130;166;58m██[38;2;130;166;58m██[38;2;130;166;58m██[38;2;130;166;58m██[38;2;130;166;58m██[38;2;16;16;16m██[38;2;16;16;16m██[38;2;89;77;71m██[38;2;89;77;71m██[38;2;89;77;71m██[38;2;89;77;71m██[38;2;229;218;207m██[38;2;179;170;161m██[38;2;89;77;71m██[38;2;89;77;71m██[38;2;179;170;161m██[38;2;229;218;207m██[38;2;179;170;161m██[38;2;89;77;71m██[38;2;179;170;161m██[38;2;229;218;207m██[38;2;229;218;207m██[38;2;229;218;207m██[38;2;229;218;207m██[38;2;229;218;207m██[38;2;89;77;71m██[38;2;89;77;71m██[38;2;179;170;161m██[38;2;229;218;207m██[38;2;16;16;16m██            
          [38;2;16;16;16m██[38;2;130;166;58m██[38;2;80;102;36m██[38;2;130;166;58m██[38;2;130;166;58m██[38;2;80;102;36m██[38;2;80;102;36m██[38;2;130;166;58m██[38;2;130;166;58m██[38;2;130;166;58m██[38;2;130;166;58m██[38;2;130;166;58m██[38;2;130;166;58m██[38;2;130;166;58m██[38;2;80;102;36m██[38;2;130;166;58m██[38;2;130;166;58m██[38;2;16;16;16m██[38;2;229;218;207m██[38;2;229;218;207m██[38;2;89;77;71m██[38;2;89;77;71m██[38;2;179;170;161m██[38;2;229;218;207m██[38;2;229;218;207m██[38;2;179;170;161m██[38;2;89;77;71m██[38;2;229;218;207m██[38;2;229;218;207m██[38;2;229;218;207m██[38;2;229;218;207m██[38;2;229;218;207m██[38;2;229;218;207m██[38;2;229;218;207m██[38;2;229;218;207m██[38;2;229;218;207m██[38;2;229;218;207m██[38;2;179;170;161m██[38;2;89;77;71m██[38;2;229;218;207m██[38;2;229;218;207m██[38;2;16;16;16m██            
            [38;2;16;16;16m██[38;2;80;102;36m██[38;2;130;166;58m██[38;2;130;166;58m██[38;2;130;166;58m██[38;2;130;166;58m██[38;2;130;166;58m██[38;2;130;166;58m██[38;2;130;166;58m██[38;2;130;166;58m██[38;2;80;102;36m██[38;2;130;166;58m██[38;2;130;166;58m██[38;2;16;16;16m██[38;2;16;16;16m██[38;2;16;16;16m██[38;2;229;218;207m██[38;2;229;218;207m██[38;2;229;218;207m██[38;2;229;218;207m██[38;2;89;77;71m██[38;2;229;218;207m██[38;2;229;218;207m██[38;2;229;218;207m██[38;2;229;218;207m██[38;2;229;218;207m██[38;2;229;218;207m██[38;2;229;218;207m██[38;2;229;218;207m██[38;2;229;218;207m██[38;2;229;218;207m██[38;2;229;218;207m██[38;2;229;218;207m██[38;2;229;218;207m██[38;2;229;218;207m██[38;2;229;218;207m██[38;2;229;218;207m██[38;2;229;218;207m██[38;2;229;218;207m██[38;2;229;218;207m██[38;2;16;16;16m██            
              [38;2;16;16;16m██[38;2;130;166;58m██[38;2;130;166;58m██[38;2;130;166;58m██[38;2;130;166;58m██[38;2;16;16;16m██[38;2;16;16;16m██[38;2;130;166;58m██[38;2;130;166;58m██[38;2;80;102;36m██[38;2;16;16;16m██[38;2;130;166;58m██[38;2;16;16;16m██[38;2;229;218;207m██[38;2;229;218;207m██[38;2;229;218;207m██[38;2;229;218;207m██[38;2;229;218;207m██[38;2;229;218;207m██[38;2;229;218;207m██[38;2;229;218;207m██[38;2;229;218;207m██[38;2;229;218;207m██[38;2;229;218;207m██[38;2;229;218;207m██[38;2;229;218;207m██[38;2;229;218;207m██[38;2;229;218;207m██[38;2;229;218;207m██[38;2;229;218;207m██[38;2;229;218;207m██[38;2;229;218;207m██[38;2;229;218;207m██[38;2;229;218;207m██[38;2;229;218;207m██[38;2;229;218;207m██[38;2;229;218;207m██[38;2;229;218;207m██[38;2;229;218;207m██[38;2;16;16;16m██            
              [38;2;16;16;16m██[38;2;130;166;58m██[38;2;16;16;16m██[38;2;130;166;58m██[38;2;130;166;58m██[38;2;16;16;16m██[38;2;179;170;161m██[38;2;16;16;16m██[38;2;130;166;58m██[38;2;16;16;16m██[38;2;229;218;207m██[38;2;16;16;16m██[38;2;16;16;16m██[38;2;229;218;207m██[38;2;229;218;207m██[38;2;229;218;207m██[38;2;229;218;207m██[38;2;229;218;207m██[38;2;229;218;207m██[38;2;229;218;207m██[38;2;229;218;207m██[38;2;229;218;207m██[38;2;229;218;207m██[38;2;229;218;207m██[38;2;229;218;207m██[38;2;229;218;207m██[38;2;229;218;207m██[38;2;229;218;207m██[38;2;89;77;71m██[38;2;229;218;207m██[38;2;229;218;207m██[38;2;229;218;207m██[38;2;229;218;207m██[38;2;229;218;207m██[38;2;229;218;207m██[38;2;229;218;207m██[38;2;229;218;207m██[38;2;229;218;207m██[38;2;229;218;207m██[38;2;16;16;16m██            
              [38;2;16;16;16m██[38;2;16;16;16m██[38;2;229;218;207m██[38;2;16;16;16m██[38;2;130;166;58m██[38;2;16;16;16m██[38;2;179;170;161m██[38;2;179;170;161m██[38;2;16;16;16m██[38;2;16;16;16m██[38;2;229;218;207m██[38;2;229;218;207m██[38;2;229;218;207m██[38;2;229;218;207m██[38;2;229;218;207m██[38;2;229;218;207m██[38;2;229;218;207m██[38;2;229;218;207m██[38;2;229;218;207m██[38;2;179;170;161m██[38;2;229;218;207m██[38;2;229;218;207m██[38;2;229;218;207m██[38;2;229;218;207m██[38;2;229;218;207m██[38;2;229;218;207m██[38;2;229;218;207m██[38;2;229;218;207m██[38;2;16;16;16m██[38;2;229;218;207m██[38;2;229;218;207m██[38;2;229;218;207m██[38;2;229;218;207m██[38;2;229;218;207m██[38;2;229;218;207m██[38;2;229;218;207m██[38;2;229;218;207m██[38;2;229;218;207m██[38;2;229;218;207m██[38;2;16;16;16m██            
                [38;2;89;77;71m██[38;2;229;218;207m██[38;2;229;218;207m██[38;2;16;16;16m██[38;2;179;170;161m██[38;2;179;170;161m██[38;2;179;170;161m██[38;2;179;170;161m██[38;2;229;218;207m██[38;2;229;218;207m██[38;2;229;218;207m██[38;2;229;218;207m██[38;2;229;218;207m██[38;2;229;218;207m██[38;2;229;218;207m██[38;2;229;218;207m██[38;2;229;218;207m██[38;2;229;218;207m██[38;2;179;170;161m██[38;2;229;218;207m██[38;2;229;218;207m██[38;2;229;218;207m██[38;2;229;218;207m██[38;2;229;218;207m██[38;2;229;218;207m██[38;2;179;170;161m██[38;2;179;170;161m██[38;2;16;16;16m██[38;2;179;170;161m██[38;2;229;218;207m██[38;2;229;218;207m██[38;2;229;218;207m██[38;2;229;218;207m██[38;2;229;218;207m██[38;2;229;218;207m██[38;2;229;218;207m██[38;2;229;218;207m██[38;2;229;218;207m██[38;2;16;16;16m██            
                [38;2;89;77;71m██[38;2;229;218;207m██[38;2;229;218;207m██[38;2;229;218;207m██[38;2;179;170;161m██[38;2;179;170;161m██[38;2;179;170;161m██[38;2;179;170;161m██[38;2;229;218;207m██[38;2;229;218;207m██[38;2;229;218;207m██[38;2;229;218;207m██[38;2;229;218;207m██[38;2;229;218;207m██[38;2;229;218;207m██[38;2;229;218;207m██[38;2;229;218;207m██[38;2;229;218;207m██[38;2;89;77;71m██[38;2;229;218;207m██[38;2;229;218;207m██[38;2;229;218;207m██[38;2;179;170;161m██[38;2;179;170;161m██[38;2;179;170;161m██[38;2;179;170;161m██[38;2;179;170;161m██[38;2;179;170;161m██[38;2;16;16;16m██[38;2;229;218;207m██[38;2;229;218;207m██[38;2;229;218;207m██[38;2;229;218;207m██[38;2;229;218;207m██[38;2;229;218;207m██[38;2;229;218;207m██[38;2;229;218;207m██[38;2;229;218;207m██[38;2;89;77;71m██[38;2;16;16;16m██          
                [38;2;89;77;71m██[38;2;229;218;207m██[38;2;229;218;207m██[38;2;229;218;207m██[38;2;179;170;161m██[38;2;179;170;161m██[38;2;179;170;161m██[38;2;179;170;161m██[38;2;89;77;71m██[38;2;229;218;207m██[38;2;229;218;207m██[38;2;229;218;207m██[38;2;229;218;207m██[38;2;229;218;207m██[38;2;229;218;207m██[38;2;229;218;207m██[38;2;229;218;207m██[38;2;229;218;207m██[38;2;89;77;71m██[38;2;179;170;161m██[38;2;179;170;161m██[38;2;179;170;161m██[38;2;179;170;161m██[38;2;179;170;161m██[38;2;179;170;161m██[38;2;89;77;71m██[38;2;179;170;161m██[38;2;179;170;161m██[38;2;16;16;16m██[38;2;179;170;161m██[38;2;229;218;207m██[38;2;229;218;207m██[38;2;229;218;207m██[38;2;229;218;207m██[38;2;229;218;207m██[38;2;229;218;207m██[38;2;229;218;207m██[38;2;229;218;207m██[38;2;179;170;161m██[38;2;16;16;16m██          
                  [38;2;89;77;71m██[38;2;229;218;207m██[38;2;229;218;207m██[38;2;229;218;207m██[38;2;179;170;161m██[38;2;179;170;161m██[38;2;179;170;161m██[38;2;16;16;16m██[38;2;229;218;207m██[38;2;229;218;207m██[38;2;229;218;207m██[38;2;229;218;207m██[38;2;229;218;207m██[38;2;229;218;207m██[38;2;229;218;207m██[38;2;229;218;207m██[38;2;229;218;207m██[38;2;16;16;16m██[38;2;179;170;161m██[38;2;179;170;161m██[38;2;179;170;161m██[38;2;179;170;161m██[38;2;179;170;161m██[38;2;179;170;161m██[38;2;16;16;16m██[38;2;179;170;161m██[38;2;16;16;16m██[38;2;179;170;161m██[38;2;16;16;16m██[38;2;179;170;161m██[38;2;229;218;207m██[38;2;229;218;207m██[38;2;229;218;207m██[38;2;229;218;207m██[38;2;229;218;207m██[38;2;229;218;207m██[38;2;179;170;161m██[38;2;179;170;161m██[38;2;16;16;16m██          
                  [38;2;89;77;71m██[38;2;229;218;207m██[38;2;229;218;207m██[38;2;229;218;207m██[38;2;89;77;71m██[38;2;89;77;71m██[38;2;179;170;161m██[38;2;16;16;16m██[38;2;179;170;161m██[38;2;229;218;207m██[38;2;229;218;207m██[38;2;229;218;207m██[38;2;229;218;207m██[38;2;229;218;207m██[38;2;229;218;207m██[38;2;229;218;207m██[38;2;179;170;161m██[38;2;16;16;16m██[38;2;89;77;71m██[38;2;179;170;161m██[38;2;16;16;16m██[38;2;179;170;161m██[38;2;16;16;16m██[38;2;179;170;161m██[38;2;16;16;16m██[38;2;16;16;16m██[38;2;179;170;161m██[38;2;179;170;161m██[38;2;179;170;161m██[38;2;16;16;16m██[38;2;179;170;161m██[38;2;229;218;207m██[38;2;229;218;207m██[38;2;229;218;207m██[38;2;229;218;207m██[38;2;179;170;161m██[38;2;179;170;161m██[38;2;179;170;161m██[38;2;179;170;161m██[38;2;16;16;16m██[38;2;16;16;16m██      
                [38;2;89;77;71m██[38;2;229;218;207m██[38;2;89;77;71m██[38;2;229;218;207m██[38;2;229;218;207m██[38;2;229;218;207m██[38;2;179;170;161m██[38;2;89;77;71m██[38;2;89;77;71m██[38;2;16;16;16m██[38;2;179;170;161m██[38;2;229;218;207m██[38;2;229;218;207m██[38;2;229;218;207m██[38;2;229;218;207m██[38;2;179;170;161m██[38;2;179;170;161m██[38;2;179;170;161m██[38;2;179;170;161m██[38;2;16;16;16m██[38;2;16;16;16m██  [38;2;16;16;16m██[38;2;179;170;161m██[38;2;16;16;16m██[38;2;179;170;161m██[38;2;179;170;161m██[38;2;179;170;161m██[38;2;179;170;161m██[38;2;179;170;161m██[38;2;16;16;16m██[38;2;16;16;16m██[38;2;89;77;71m██[38;2;179;170;161m██[38;2;179;170;161m██[38;2;179;170;161m██[38;2;179;170;161m██[38;2;179;170;161m██[38;2;179;170;161m██[38;2;179;170;161m██[38;2;179;170;161m██[38;2;16;16;16m██      
                [38;2;16;16;16m██[38;2;16;16;16m██[38;2;16;16;16m██[38;2;229;218;207m██[38;2;229;218;207m██[38;2;89;77;71m██[38;2;179;170;161m██[38;2;179;170;161m██[38;2;179;170;161m██[38;2;16;16;16m██[38;2;179;170;161m██[38;2;179;170;161m██[38;2;179;170;161m██[38;2;179;170;161m██[38;2;179;170;161m██[38;2;179;170;161m██[38;2;179;170;161m██[38;2;179;170;161m██[38;2;179;170;161m██[38;2;16;16;16m██    [38;2;16;16;16m██[38;2;179;170;161m██[38;2;179;170;161m██[38;2;179;170;161m██[38;2;179;170;161m██[38;2;179;170;161m██[38;2;179;170;161m██[38;2;16;16;16m██    [38;2;16;16;16m██[38;2;16;16;16m██[38;2;179;170;161m██[38;2;179;170;161m██[38;2;179;170;161m██[38;2;179;170;161m██[38;2;179;170;161m██[38;2;179;170;161m██[38;2;16;16;16m██        
                    [38;2;16;16;16m██[38;2;229;218;207m██[38;2;16;16;16m██[38;2;16;16;16m██[38;2;179;170;161m██[38;2;16;16;16m██[38;2;16;16;16m██[38;2;229;218;207m██[38;2;229;218;207m██[38;2;179;170;161m██[38;2;179;170;161m██[38;2;179;170;161m██[38;2;179;170;161m██[38;2;179;170;161m██[38;2;179;170;161m██[38;2;89;77;71m██[38;2;179;170;161m██[38;2;179;170;161m██[38;2;16;16;16m██  [38;2;16;16;16m██[38;2;179;170;161m██[38;2;179;170;161m██[38;2;179;170;161m██[38;2;179;170;161m██[38;2;179;170;161m██[38;2;179;170;161m██[38;2;16;16;16m██      [38;2;16;16;16m██[38;2;179;170;161m██[38;2;179;170;161m██[38;2;179;170;161m██[38;2;179;170;161m██[38;2;179;170;161m██[38;2;179;170;161m██[38;2;179;170;161m██[38;2;16;16;16m██      
                    [38;2;16;16;16m██[38;2;16;16;16m██[38;2;89;77;71m██[38;2;89;77;71m██[38;2;16;16;16m██[38;2;89;77;71m██[38;2;16;16;16m██[38;2;229;218;207m██[38;2;89;77;71m██[38;2;179;170;161m██[38;2;179;170;161m██[38;2;229;218;207m██[38;2;179;170;161m██[38;2;89;77;71m██[38;2;229;218;207m██[38;2;89;77;71m██[38;2;16;16;16m██[38;2;16;16;16m██    [38;2;16;16;16m██[38;2;89;77;71m██[38;2;179;170;161m██[38;2;179;170;161m██[38;2;179;170;161m██[38;2;89;77;71m██[38;2;179;170;161m██[38;2;179;170;161m██[38;2;16;16;16m██  [38;2;16;16;16m██[38;2;179;170;161m██[38;2;89;77;71m██[38;2;179;170;161m██[38;2;89;77;71m██[38;2;179;170;161m██[38;2;179;170;161m██[38;2;89;77;71m██[38;2;16;16;16m██[38;2;16;16;16m██      
                      [38;2;16;16;16m██[38;2;89;77;71m██[38;2;89;77;71m██[38;2;89;77;71m██[38;2;89;77;71m██[38;2;16;16;16m██[38;2;16;16;16m██[38;2;16;16;16m██[38;2;179;170;161m██[38;2;16;16;16m██[38;2;229;218;207m██[38;2;16;16;16m██[38;2;16;16;16m██[38;2;229;218;207m██[38;2;16;16;16m██          [38;2;16;16;16m██[38;2;179;170;161m██[38;2;16;16;16m██[38;2;179;170;161m██[38;2;16;16;16m██[38;2;16;16;16m██[38;2;16;16;16m██[38;2;16;16;16m██  [38;2;16;16;16m██[38;2;16;16;16m██[38;2;16;16;16m██[38;2;179;170;161m██[38;2;16;16;16m██[38;2;16;16;16m██[38;2;179;170;161m██[38;2;16;16;16m██[38;2;16;16;16m██        
                        [38;2;16;16;16m██[38;2;89;77;71m██[38;2;89;77;71m██[38;2;89;77;71m██[38;2;191;191;191m██[38;2;191;191;191m██[38;2;16;16;16m██[38;2;16;16;16m██[38;2;89;77;71m██[38;2;16;16;16m██[38;2;89;77;71m██[38;2;16;16;16m██[38;2;16;16;16m██            [38;2;16;16;16m██[38;2;16;16;16m██[38;2;89;77;71m██[38;2;16;16;16m██[38;2;89;77;71m██[38;2;89;77;71m██[38;2;16;16;16m██        [38;2;16;16;16m██[38;2;16;16;16m██[38;2;89;77;71m██[38;2;89;77;71m██[38;2;16;16;16m██[38;2;89;77;71m██[38;2;16;16;16m██        
                          [38;2;16;16;16m██[38;2;89;77;71m██[38;2;191;191;191m██[38;2;191;191;191m██[38;2;191;191;191m██[38;2;16;16;16m██[38;2;89;77;71m██[38;2;89;77;71m██[38;2;89;77;71m██[38;2;89;77;71m██[38;2;16;16;16m██                [38;2;16;16;16m██[38;2;89;77;71m██[38;2;89;77;71m██[38;2;89;77;71m██[38;2;16;16;16m██              [38;2;16;16;16m██[38;2;89;77;71m██[38;2;89;77;71m██[38;2;89;77;71m██[38;2;191;191;191m██[38;2;16;16;16m██      
                          [38;2;16;16;16m██[38;2;191;191;191m██[38;2;191;191;191m██[38;2;191;191;191m██[38;2;191;191;191m██[38;2;16;16;16m██[38;2;89;77;71m██[38;2;89;77;71m██[38;2;89;77;71m██[38;2;248;248;248m██[38;2;16;16;16m██                [38;2;16;16;16m██[38;2;191;191;191m██[38;2;191;191;191m██[38;2;89;77;71m██[38;2;16;16;16m██              [38;2;16;16;16m██[38;2;89;77;71m██[38;2;89;77;71m██[38;2;248;248;248m██[38;2;248;248;248m██[38;2;16;16;16m██      
                            [38;2;16;16;16m██[38;2;191;191;191m██[38;2;191;191;191m██[38;2;16;16;16m██[38;2;248;248;248m██[38;2;248;248;248m██[38;2;248;248;248m██[38;2;248;248;248m██[38;2;16;16;16m██                [38;2;16;16;16m██[38;2;191;191;191m██[38;2;191;191;191m██[38;2;191;191;191m██[38;2;191;191;191m██[38;2;16;16;16m██              [38;2;16;16;16m██[38;2;248;248;248m██[38;2;248;248;248m██[38;2;248;248;248m██[38;2;248;248;248m██[38;2;16;16;16m██      
                              [38;2;16;16;16m██[38;2;191;191;191m██[38;2;16;16;16m██[38;2;248;248;248m██[38;2;248;248;248m██[38;2;248;248;248m██[38;2;248;248;248m██[38;2;16;16;16m██                [38;2;16;16;16m██[38;2;191;191;191m██[38;2;191;191;191m██[38;2;191;191;191m██[38;2;191;191;191m██[38;2;191;191;191m██[38;2;16;16;16m██            [38;2;16;16;16m██[38;2;248;248;248m██[38;2;248;248;248m██[38;2;248;248;248m██[38;2;191;191;191m██[38;2;16;16;16m██      
                                [38;2;16;16;16m██[38;2;248;248;248m██[38;2;248;248;248m██[38;2;248;248;248m██[38;2;248;248;248m██[38;2;248;248;248m██[38;2;16;16;16m██              [38;2;16;16;16m██[38;2;191;191;191m██[38;2;191;191;191m██[38;2;191;191;191m██[38;2;191;191;191m██[38;2;16;16;16m██[38;2;191;191;191m██[38;2;16;16;16m██          [38;2;16;16;16m██[38;2;248;248;248m██[38;2;248;248;248m██[38;2;248;248;248m██[38;2;248;248;248m██[38;2;16;16;16m██        
                                [38;2;16;16;16m██[38;2;248;248;248m██[38;2;248;248;248m██[38;2;248;248;248m██[38;2;248;248;248m██[38;2;248;248;248m██[38;2;248;248;248m██[38;2;16;16;16m██          [38;2;16;16;16m██[38;2;153;46;46m██[38;2;153;46;46m██[38;2;153;46;46m██[38;2;191;191;191m██[38;2;191;191;191m██[38;2;16;16;16m██[38;2;191;191;191m██[38;2;16;16;16m██          [38;2;16;16;16m██[38;2;191;191;191m██[38;2;248;248;248m██[38;2;248;248;248m██[38;2;248;248;248m██[38;2;16;16;16m██        
                              [38;2;16;16;16m██[38;2;191;191;191m██[38;2;191;191;191m██[38;2;248;248;248m██[38;2;248;248;248m██[38;2;248;248;248m██[38;2;16;16;16m██[38;2;248;248;248m██[38;2;16;16;16m██        [38;2;16;16;16m██[38;2;153;46;46m██[38;2;153;46;46m██[38;2;153;46;46m██[38;2;153;46;46m██[38;2;153;46;46m██[38;2;16;16;16m██  [38;2;16;16;16m██          [38;2;153;46;46m██[38;2;255;76;76m██[38;2;255;76;76m██[38;2;255;76;76m██[38;2;255;76;76m██[38;2;191;191;191m██[38;2;16;16;16m██        
                            [38;2;153;46;46m██[38;2;255;76;76m██[38;2;255;76;76m██[38;2;255;76;76m██[38;2;255;76;76m██[38;2;191;191;191m██[38;2;191;191;191m██[38;2;16;16;16m██[38;2;248;248;248m██[38;2;16;16;16m██      [38;2;16;16;16m██[38;2;153;46;46m██[38;2;16;16;16m██[38;2;153;46;46m██[38;2;153;46;46m██[38;2;153;46;46m██[38;2;153;46;46m██[38;2;16;16;16m██              [38;2;153;46;46m██[38;2;255;76;76m██[38;2;153;46;46m██[38;2;255;76;76m██[38;2;255;76;76m██[38;2;255;76;76m██[38;2;16;16;16m██        
                          [38;2;153;46;46m██[38;2;255;76;76m██[38;2;153;46;46m██[38;2;255;76;76m██[38;2;255;76;76m██[38;2;255;76;76m██[38;2;255;76;76m██[38;2;16;16;16m██[38;2;153;46;46m██[38;2;16;16;16m██        [38;2;16;16;16m██[38;2;153;46;46m██[38;2;16;16;16m██[38;2;153;46;46m██[38;2;153;46;46m██[38;2;153;46;46m██[38;2;16;16;16m██              [38;2;153;46;46m██[38;2;255;76;76m██[38;2;255;76;76m██[38;2;153;46;46m██[38;2;255;76;76m██[38;2;255;76;76m██[38;2;153;46;46m██[38;2;16;16;16m██        
                          [38;2;153;46;46m██[38;2;255;76;76m██[38;2;153;46;46m██[38;2;255;76;76m██[38;2;255;76;76m██[38;2;255;76;76m██[38;2;255;76;76m██[38;2;16;16;16m██[38;2;153;46;46m██[38;2;16;16;16m██        [38;2;16;16;16m██[38;2;16;16;16m██[38;2;16;16;16m██[38;2;16;16;16m██[38;2;16;16;16m██[38;2;16;16;16m██                [38;2;153;46;46m██[38;2;255;76;76m██[38;2;153;46;46m██[38;2;16;16;16m██[38;2;255;76;76m██[38;2;153;46;46m██[38;2;16;16;16m██          
                          [38;2;16;16;16m██[38;2;153;46;46m██[38;2;16;16;16m██[38;2;255;76;76m██[38;2;255;76;76m██[38;2;255;76;76m██[38;2;153;46;46m██[38;2;16;16;16m██[38;2;16;16;16m██                                        [38;2;16;16;16m██[38;2;16;16;16m██[38;2;16;16;16m██[38;2;16;16;16m██[38;2;16;16;16m██            
                          [38;2;16;16;16m██[38;2;16;16;16m██[38;2;16;16;16m██[38;2;16;16;16m██[38;2;16;16;16m██[38;2;16;16;16m██[38;2;16;16;16m██                                                                  
