                                                                                                                                        [38;2;113;113;113m██[38;2;113;113;113m██[38;2;113;113;113m██[38;2;113;113;113m██[38;2;16;16;16m██
                                                                                                                                    [38;2;113;113;113m██[38;2;113;113;113m██[38;2;236;236;236m██[38;2;236;236;236m██[38;2;236;236;236m██[38;2;168;168;168m██[38;2;16;16;16m██
                                                                                                                                  [38;2;113;113;113m██[38;2;236;236;236m██[38;2;236;236;236m██[38;2;236;236;236m██[38;2;236;236;236m██[38;2;168;168;168m██[38;2;168;168;168m██[38;2;16;16;16m██
                                                                                                                                [38;2;113;113;113m██[38;2;236;236;236m██[38;2;236;236;236m██[38;2;168;168;168m██[38;2;168;168;168m██[38;2;168;168;168m██[38;2;168;168;168m██[38;2;168;168;168m██[38;2;16;16;16m██
  [38;2;113;113;113m██[38;2;113;113;113m██[38;2;113;113;113m██[38;2;113;113;113m██                                                                                                                    [38;2;113;113;113m██[38;2;236;236;236m██[38;2;236;236;236m██[38;2;168;168;168m██[38;2;236;236;236m██[38;2;236;236;236m██[38;2;168;168;168m██[38;2;168;168;168m██[38;2;168;168;168m██[38;2;16;16;16m██
  [38;2;16;16;16m██[38;2;168;168;168m██[38;2;236;236;236m██[38;2;236;236;236m██[38;2;113;113;113m██[38;2;113;113;113m██                                                                                                              [38;2;113;113;113m██[38;2;236;236;236m██[38;2;236;236;236m██[38;2;168;168;168m██[38;2;236;236;236m██[38;2;236;236;236m██[38;2;236;236;236m██[38;2;168;168;168m██[38;2;168;168;168m██[38;2;16;16;16m██  
  [38;2;16;16;16m██[38;2;168;168;168m██[38;2;236;236;236m██[38;2;236;236;236m██[38;2;236;236;236m██[38;2;236;236;236m██[38;2;113;113;113m██                                                                                                          [38;2;113;113;113m██[38;2;236;236;236m██[38;2;236;236;236m██[38;2;168;168;168m██[38;2;236;236;236m██[38;2;236;236;236m██[38;2;236;236;236m██[38;2;168;168;168m██[38;2;168;168;168m██[38;2;168;168;168m██[38;2;16;16;16m██  
  [38;2;16;16;16m██[38;2;168;168;168m██[38;2;168;168;168m██[38;2;168;168;168m██[38;2;236;236;236m██[38;2;236;236;236m██[38;2;236;236;236m██[38;2;113;113;113m██                                                                                                      [38;2;113;113;113m██[38;2;236;236;236m██[38;2;236;236;236m██[38;2;168;168;168m██[38;2;236;236;236m██[38;2;236;236;236m██[38;2;236;236;236m██[38;2;168;168;168m██[38;2;168;168;168m██[38;2;168;168;168m██[38;2;16;16;16m██    
    [38;2;16;16;16m██[38;2;168;168;168m██[38;2;236;236;236m██[38;2;168;168;168m██[38;2;168;168;168m██[38;2;236;236;236m██[38;2;236;236;236m██[38;2;113;113;113m██                                                                                                  [38;2;113;113;113m██[38;2;236;236;236m██[38;2;236;236;236m██[38;2;168;168;168m██[38;2;236;236;236m██[38;2;236;236;236m██[38;2;236;236;236m██[38;2;168;168;168m██[38;2;168;168;168m██[38;2;168;168;168m██[38;2;16;16;16m██      
    [38;2;16;16;16m██[38;2;168;168;168m██[38;2;236;236;236m██[38;2;236;236;236m██[38;2;236;236;236m██[38;2;168;168;168m██[38;2;236;236;236m██[38;2;236;236;236m██[38;2;113;113;113m██                                                                        [38;2;141;100;67m██[38;2;16;16;16m██                  [38;2;113;113;113m██[38;2;236;236;236m██[38;2;236;236;236m██[38;2;168;168;168m██[38;2;236;236;236m██[38;2;236;236;236m██[38;2;236;236;236m██[38;2;168;168;168m██[38;2;168;168;168m██[38;2;168;168;168m██[38;2;16;16;16m██        
      [38;2;16;16;16m██[38;2;168;168;168m██[38;2;236;236;236m██[38;2;236;236;236m██[38;2;236;236;236m██[38;2;168;168;168m██[38;2;236;236;236m██[38;2;236;236;236m██[38;2;113;113;113m██                                                                    [38;2;141;100;67m██[38;2;242;224;133m██[38;2;16;16;16m██                [38;2;113;113;113m██[38;2;236;236;236m██[38;2;236;236;236m██[38;2;168;168;168m██[38;2;236;236;236m██[38;2;236;236;236m██[38;2;236;236;236m██[38;2;168;168;168m██[38;2;168;168;168m██[38;2;168;168;168m██[38;2;16;16;16m██          
        [38;2;16;16;16m██[38;2;168;168;168m██[38;2;236;236;236m██[38;2;236;236;236m██[38;2;236;236;236m██[38;2;168;168;168m██[38;2;236;236;236m██[38;2;236;236;236m██[38;2;113;113;113m██                  [38;2;141;100;67m██[38;2;0;0;0m██                                            [38;2;141;100;67m██[38;2;242;224;133m██[38;2;16;16;16m██              [38;2;113;113;113m██[38;2;236;236;236m██[38;2;236;236;236m██[38;2;168;168;168m██[38;2;236;236;236m██[38;2;236;236;236m██[38;2;236;236;236m██[38;2;168;168;168m██[38;2;168;168;168m██[38;2;168;168;168m██[38;2;16;16;16m██            
          [38;2;16;16;16m██[38;2;168;168;168m██[38;2;236;236;236m██[38;2;236;236;236m██[38;2;236;236;236m██[38;2;168;168;168m██[38;2;236;236;236m██[38;2;236;236;236m██[38;2;113;113;113m██                [38;2;141;100;67m██[38;2;242;224;133m██[38;2;0;0;0m██                                        [38;2;141;100;67m██[38;2;242;224;133m██[38;2;191;177;105m██[38;2;16;16;16m██            [38;2;113;113;113m██[38;2;236;236;236m██[38;2;236;236;236m██[38;2;168;168;168m██[38;2;236;236;236m██[38;2;236;236;236m██[38;2;236;236;236m██[38;2;168;168;168m██[38;2;168;168;168m██[38;2;168;168;168m██[38;2;16;16;16m██              
            [38;2;16;16;16m██[38;2;168;168;168m██[38;2;236;236;236m██[38;2;236;236;236m██[38;2;236;236;236m██[38;2;168;168;168m██[38;2;236;236;236m██[38;2;236;236;236m██[38;2;113;113;113m██              [38;2;141;100;67m██[38;2;242;224;133m██[38;2;141;100;67m██[38;2;0;0;0m██                                      [38;2;141;100;67m██[38;2;242;224;133m██[38;2;141;100;67m██[38;2;16;16;16m██          [38;2;113;113;113m██[38;2;236;236;236m██[38;2;236;236;236m██[38;2;168;168;168m██[38;2;236;236;236m██[38;2;236;236;236m██[38;2;236;236;236m██[38;2;168;168;168m██[38;2;168;168;168m██[38;2;168;168;168m██[38;2;16;16;16m██                
              [38;2;16;16;16m██[38;2;168;168;168m██[38;2;236;236;236m██[38;2;236;236;236m██[38;2;236;236;236m██[38;2;168;168;168m██[38;2;236;236;236m██[38;2;236;236;236m██[38;2;113;113;113m██            [38;2;141;100;67m██[38;2;242;224;133m██[38;2;141;100;67m██[38;2;0;0;0m██                                    [38;2;141;100;67m██[38;2;242;224;133m██[38;2;242;224;133m██[38;2;141;100;67m██[38;2;16;16;16m██        [38;2;113;113;113m██[38;2;236;236;236m██[38;2;236;236;236m██[38;2;168;168;168m██[38;2;236;236;236m██[38;2;236;236;236m██[38;2;236;236;236m██[38;2;168;168;168m██[38;2;168;168;168m██[38;2;168;168;168m██[38;2;16;16;16m██                  
                [38;2;16;16;16m██[38;2;168;168;168m██[38;2;236;236;236m██[38;2;236;236;236m██[38;2;236;236;236m██[38;2;168;168;168m██[38;2;236;236;236m██[38;2;236;236;236m██[38;2;113;113;113m██          [38;2;141;100;67m██[38;2;242;224;133m██[38;2;191;177;105m██[38;2;141;100;67m██[38;2;0;0;0m██                                  [38;2;141;100;67m██[38;2;242;224;133m██[38;2;242;224;133m██[38;2;141;100;67m██[38;2;141;100;67m██[38;2;113;113;113m██[38;2;113;113;113m██[38;2;113;113;113m██[38;2;113;113;113m██[38;2;236;236;236m██[38;2;236;236;236m██[38;2;168;168;168m██[38;2;236;236;236m██[38;2;236;236;236m██[38;2;236;236;236m██[38;2;168;168;168m██[38;2;168;168;168m██[38;2;168;168;168m██[38;2;16;16;16m██                    
                  [38;2;16;16;16m██[38;2;168;168;168m██[38;2;236;236;236m██[38;2;236;236;236m██[38;2;236;236;236m██[38;2;168;168;168m██[38;2;236;236;236m██[38;2;236;236;236m██[38;2;113;113;113m██        [38;2;141;100;67m██[38;2;242;224;133m██[38;2;242;224;133m██[38;2;141;100;67m██[38;2;0;0;0m██                                  [38;2;141;100;67m██[38;2;242;224;133m██[38;2;242;224;133m██[38;2;141;100;67m██[38;2;141;100;67m██[38;2;16;16;16m██[38;2;236;236;236m██[38;2;236;236;236m██[38;2;236;236;236m██[38;2;236;236;236m██[38;2;168;168;168m██[38;2;236;236;236m██[38;2;236;236;236m██[38;2;236;236;236m██[38;2;168;168;168m██[38;2;168;168;168m██[38;2;168;168;168m██[38;2;16;16;16m██                      
                    [38;2;16;16;16m██[38;2;168;168;168m██[38;2;236;236;236m██[38;2;236;236;236m██[38;2;236;236;236m██[38;2;168;168;168m██[38;2;236;236;236m██[38;2;236;236;236m██[38;2;113;113;113m██[38;2;113;113;113m██[38;2;113;113;113m██[38;2;113;113;113m██[38;2;141;100;67m██[38;2;242;224;133m██[38;2;242;224;133m██[38;2;141;100;67m██[38;2;0;0;0m██                                  [38;2;141;100;67m██[38;2;242;224;133m██[38;2;242;224;133m██[38;2;191;177;105m██[38;2;141;100;67m██[38;2;16;16;16m██[38;2;113;113;113m██[38;2;113;113;113m██[38;2;168;168;168m██[38;2;168;168;168m██[38;2;236;236;236m██[38;2;236;236;236m██[38;2;236;236;236m██[38;2;168;168;168m██[38;2;168;168;168m██[38;2;168;168;168m██[38;2;16;16;16m██                        
                      [38;2;16;16;16m██[38;2;168;168;168m██[38;2;236;236;236m██[38;2;236;236;236m██[38;2;236;236;236m██[38;2;168;168;168m██[38;2;236;236;236m██[38;2;236;236;236m██[38;2;236;236;236m██[38;2;236;236;236m██[38;2;141;100;67m██[38;2;242;224;133m██[38;2;242;224;133m██[38;2;242;224;133m██[38;2;141;100;67m██[38;2;0;0;0m██    [38;2;77;69;46m██[38;2;77;69;46m██[38;2;77;69;46m██                        [38;2;141;100;67m██[38;2;242;224;133m██[38;2;242;224;133m██[38;2;242;224;133m██[38;2;141;100;67m██[38;2;141;100;67m██[38;2;16;16;16m██[38;2;236;236;236m██[38;2;236;236;236m██[38;2;236;236;236m██[38;2;236;236;236m██[38;2;236;236;236m██[38;2;168;168;168m██[38;2;168;168;168m██[38;2;168;168;168m██[38;2;16;16;16m██                          
                        [38;2;16;16;16m██[38;2;168;168;168m██[38;2;236;236;236m██[38;2;236;236;236m██[38;2;236;236;236m██[38;2;168;168;168m██[38;2;168;168;168m██[38;2;113;113;113m██[38;2;113;113;113m██[38;2;141;100;67m██[38;2;242;224;133m██[38;2;242;224;133m██[38;2;242;224;133m██[38;2;141;100;67m██[38;2;0;0;0m██  [38;2;77;69;46m██[38;2;217;195;130m██[38;2;217;195;130m██[38;2;166;149;99m██[38;2;77;69;46m██                    [38;2;77;69;46m██[38;2;141;100;67m██[38;2;242;224;133m██[38;2;242;224;133m██[38;2;242;224;133m██[38;2;191;177;105m██[38;2;206;99;158m██[38;2;206;99;158m██[38;2;168;168;168m██[38;2;236;236;236m██[38;2;236;236;236m██[38;2;236;236;236m██[38;2;168;168;168m██[38;2;168;168;168m██[38;2;168;168;168m██[38;2;16;16;16m██                            
                          [38;2;16;16;16m██[38;2;168;168;168m██[38;2;236;236;236m██[38;2;236;236;236m██[38;2;236;236;236m██[38;2;236;236;236m██[38;2;236;236;236m██[38;2;141;100;67m██[38;2;242;224;133m██[38;2;242;224;133m██[38;2;242;224;133m██[38;2;242;224;133m██[38;2;141;100;67m██[38;2;0;0;0m██[38;2;77;69;46m██[38;2;217;195;130m██[38;2;166;149;99m██[38;2;166;149;99m██[38;2;141;100;67m██[38;2;166;149;99m██[38;2;77;69;46m██  [38;2;77;69;46m██[38;2;77;69;46m██[38;2;77;69;46m██        [38;2;77;69;46m██[38;2;166;149;99m██[38;2;217;195;130m██[38;2;141;100;67m██[38;2;242;224;133m██[38;2;242;224;133m██[38;2;206;99;158m██[38;2;242;151;194m██[38;2;242;151;194m██[38;2;242;151;194m██[38;2;168;168;168m██[38;2;236;236;236m██[38;2;236;236;236m██[38;2;168;168;168m██[38;2;168;168;168m██[38;2;16;16;16m██                              
                            [38;2;16;16;16m██[38;2;168;168;168m██[38;2;236;236;236m██[38;2;236;236;236m██[38;2;236;236;236m██[38;2;168;168;168m██[38;2;206;99;158m██[38;2;206;99;158m██[38;2;242;224;133m██[38;2;242;224;133m██[38;2;191;177;105m██[38;2;141;100;67m██[38;2;0;0;0m██[38;2;217;195;130m██[38;2;166;149;99m██      [38;2;141;100;67m██[38;2;166;149;99m██[38;2;77;69;46m██[38;2;217;195;130m██[38;2;217;195;130m██[38;2;217;195;130m██[38;2;77;69;46m██    [38;2;77;69;46m██[38;2;217;195;130m██[38;2;166;149;99m██[38;2;141;100;67m██[38;2;141;100;67m██[38;2;242;224;133m██[38;2;206;99;158m██[38;2;242;151;194m██[38;2;242;151;194m██[38;2;242;151;194m██[38;2;206;99;158m██[38;2;242;151;194m██[38;2;168;168;168m██[38;2;236;236;236m██[38;2;113;113;113m██[38;2;168;168;168m██[38;2;16;16;16m██                              
                            [38;2;16;16;16m██[38;2;113;113;113m██[38;2;236;236;236m██[38;2;236;236;236m██[38;2;168;168;168m██[38;2;242;151;194m██[38;2;242;151;194m██[38;2;242;151;194m██[38;2;206;99;158m██[38;2;191;177;105m██[38;2;141;100;67m██[38;2;0;0;0m██[38;2;77;69;46m██[38;2;217;195;130m██[38;2;166;149;99m██      [38;2;141;100;67m██[38;2;166;149;99m██[38;2;141;100;67m██[38;2;166;149;99m██[38;2;166;149;99m██[38;2;141;100;67m██[38;2;141;100;67m██[38;2;16;16;16m██  [38;2;77;69;46m██[38;2;217;195;130m██[38;2;141;100;67m██[38;2;141;100;67m██[38;2;84;56;35m██[38;2;141;100;67m██[38;2;206;99;158m██[38;2;242;151;194m██[38;2;242;151;194m██[38;2;91;45;86m██[38;2;242;151;194m██[38;2;242;151;194m██[38;2;206;99;158m██[38;2;236;236;236m██[38;2;113;113;113m██[38;2;168;168;168m██[38;2;16;16;16m██                              
                            [38;2;16;16;16m██[38;2;113;113;113m██[38;2;168;168;168m██[38;2;168;168;168m██[38;2;242;151;194m██[38;2;91;45;86m██[38;2;242;151;194m██[38;2;242;151;194m██[38;2;242;151;194m██[38;2;206;99;158m██[38;2;141;100;67m██[38;2;0;0;0m██[38;2;77;69;46m██[38;2;217;195;130m██[38;2;166;149;99m██      [38;2;141;100;67m██[38;2;166;149;99m██[38;2;141;100;67m██[38;2;84;56;35m██[38;2;84;56;35m██[38;2;141;100;67m██[38;2;166;149;99m██[38;2;16;16;16m██  [38;2;77;69;46m██[38;2;217;195;130m██[38;2;141;100;67m██[38;2;84;56;35m██[38;2;84;56;35m██[38;2;141;100;67m██[38;2;206;99;158m██[38;2;242;151;194m██[38;2;16;16;16m██[38;2;242;151;194m██[38;2;242;151;194m██[38;2;242;151;194m██[38;2;206;99;158m██[38;2;236;236;236m██[38;2;113;113;113m██[38;2;168;168;168m██[38;2;16;16;16m██                              
                            [38;2;16;16;16m██[38;2;113;113;113m██[38;2;168;168;168m██[38;2;206;99;158m██[38;2;242;151;194m██[38;2;242;151;194m██[38;2;16;16;16m██[38;2;242;151;194m██[38;2;242;151;194m██[38;2;206;99;158m██[38;2;0;0;0m██    [38;2;77;69;46m██[38;2;217;195;130m██[38;2;141;100;67m██[38;2;141;100;67m██[38;2;141;100;67m██[38;2;166;149;99m██[38;2;141;100;67m██[38;2;141;100;67m██[38;2;84;56;35m██[38;2;84;56;35m██[38;2;141;100;67m██[38;2;166;149;99m██[38;2;16;16;16m██    [38;2;77;69;46m██[38;2;166;149;99m██[38;2;141;100;67m██[38;2;141;100;67m██[38;2;141;100;67m██[38;2;191;177;105m██[38;2;206;99;158m██[38;2;242;151;194m██[38;2;242;151;194m██[38;2;242;151;194m██[38;2;206;99;158m██[38;2;242;224;133m██[38;2;141;100;67m██[38;2;141;100;67m██[38;2;168;168;168m██[38;2;16;16;16m██                              
                            [38;2;16;16;16m██[38;2;113;113;113m██[38;2;168;168;168m██[38;2;206;99;158m██[38;2;242;151;194m██[38;2;242;151;194m██[38;2;242;151;194m██[38;2;206;99;158m██[38;2;242;151;194m██[38;2;206;99;158m██[38;2;0;0;0m██      [38;2;77;69;46m██[38;2;166;149;99m██[38;2;166;149;99m██[38;2;166;149;99m██[38;2;141;100;67m██[38;2;84;56;35m██[38;2;141;100;67m██[38;2;141;100;67m██[38;2;141;100;67m██[38;2;166;149;99m██[38;2;16;16;16m██    [38;2;77;69;46m██[38;2;217;195;130m██[38;2;77;69;46m██[38;2;77;69;46m██[38;2;141;100;67m██[38;2;242;224;133m██[38;2;191;177;105m██[38;2;191;177;105m██[38;2;206;99;158m██[38;2;206;99;158m██[38;2;206;99;158m██[38;2;242;224;133m██[38;2;242;224;133m██[38;2;242;224;133m██[38;2;242;224;133m██[38;2;141;100;67m██[38;2;141;100;67m██                              
                            [38;2;16;16;16m██[38;2;141;100;67m██[38;2;141;100;67m██[38;2;242;224;133m██[38;2;206;99;158m██[38;2;242;151;194m██[38;2;242;151;194m██[38;2;242;151;194m██[38;2;206;99;158m██[38;2;191;177;105m██[38;2;141;100;67m██      [38;2;77;69;46m██[38;2;217;195;130m██[38;2;166;149;99m██[38;2;77;69;46m██[38;2;77;69;46m██[38;2;84;56;35m██[38;2;84;56;35m██[38;2;141;100;67m██[38;2;77;69;46m██[38;2;77;69;46m██[38;2;166;149;99m██[38;2;16;16;16m██[38;2;77;69;46m██[38;2;217;195;130m██[38;2;84;56;35m██[38;2;141;100;67m██[38;2;141;100;67m██[38;2;242;224;133m██[38;2;242;224;133m██[38;2;191;177;105m██[38;2;16;16;16m██[38;2;16;16;16m██[38;2;16;16;16m██[38;2;141;100;67m██[38;2;242;224;133m██[38;2;242;224;133m██[38;2;242;224;133m██[38;2;242;224;133m██[38;2;191;177;105m██[38;2;141;100;67m██[38;2;16;16;16m██                            
                          [38;2;141;100;67m██[38;2;141;100;67m██[38;2;242;224;133m██[38;2;242;224;133m██[38;2;242;224;133m██[38;2;191;177;105m██[38;2;206;99;158m██[38;2;206;99;158m██[38;2;206;99;158m██[38;2;191;177;105m██[38;2;191;177;105m██[38;2;242;224;133m██[38;2;141;100;67m██  [38;2;77;69;46m██[38;2;217;195;130m██[38;2;166;149;99m██[38;2;84;56;35m██[38;2;84;56;35m██[38;2;141;100;67m██[38;2;166;149;99m██[38;2;84;56;35m██[38;2;84;56;35m██[38;2;84;56;35m██[38;2;166;149;99m██[38;2;166;149;99m██[38;2;77;69;46m██[38;2;166;149;99m██[38;2;16;16;16m██[38;2;141;100;67m██[38;2;191;177;105m██[38;2;242;224;133m██[38;2;242;224;133m██[38;2;191;177;105m██[38;2;16;16;16m██[38;2;141;100;67m██[38;2;84;56;35m██[38;2;84;56;35m██[38;2;141;100;67m██[38;2;16;16;16m██[38;2;16;16;16m██[38;2;242;224;133m██[38;2;242;224;133m██[38;2;191;177;105m██[38;2;141;100;67m██[38;2;16;16;16m██                            
                        [38;2;141;100;67m██[38;2;242;224;133m██[38;2;242;224;133m██[38;2;242;224;133m██[38;2;242;224;133m██[38;2;191;177;105m██[38;2;141;100;67m██[38;2;141;100;67m██[38;2;0;0;0m██[38;2;0;0;0m██[38;2;0;0;0m██[38;2;191;177;105m██[38;2;242;224;133m██[38;2;242;224;133m██[38;2;141;100;67m██[38;2;141;100;67m██[38;2;217;195;130m██[38;2;166;149;99m██[38;2;84;56;35m██[38;2;84;56;35m██[38;2;141;100;67m██[38;2;166;149;99m██[38;2;84;56;35m██[38;2;84;56;35m██[38;2;84;56;35m██[38;2;166;149;99m██[38;2;16;16;16m██[38;2;166;149;99m██[38;2;166;149;99m██[38;2;16;16;16m██[38;2;242;224;133m██[38;2;242;224;133m██[38;2;242;224;133m██[38;2;191;177;105m██[38;2;16;16;16m██[38;2;77;69;46m██[38;2;166;149;99m██[38;2;141;100;67m██[38;2;141;100;67m██[38;2;77;69;46m██[38;2;166;149;99m██[38;2;77;69;46m██[38;2;16;16;16m██[38;2;16;16;16m██[38;2;16;16;16m██[38;2;16;16;16m██[38;2;16;16;16m██                            
                        [38;2;141;100;67m██[38;2;242;224;133m██[38;2;242;224;133m██[38;2;191;177;105m██[38;2;141;100;67m██[38;2;141;100;67m██[38;2;0;0;0m██[38;2;0;0;0m██      [38;2;0;0;0m██[38;2;191;177;105m██[38;2;191;177;105m██[38;2;242;224;133m██[38;2;242;224;133m██[38;2;141;100;67m██[38;2;166;149;99m██[38;2;141;100;67m██[38;2;141;100;67m██[38;2;166;149;99m██[38;2;84;56;35m██[38;2;84;56;35m██[38;2;84;56;35m██[38;2;84;56;35m██[38;2;16;16;16m██[38;2;166;149;99m██[38;2;166;149;99m██[38;2;166;149;99m██[38;2;16;16;16m██[38;2;242;224;133m██[38;2;242;224;133m██[38;2;191;177;105m██[38;2;141;100;67m██[38;2;84;56;35m██[38;2;166;149;99m██[38;2;16;16;16m██[38;2;166;149;99m██[38;2;166;149;99m██[38;2;77;69;46m██[38;2;77;69;46m██                                        
                        [38;2;0;0;0m██[38;2;0;0;0m██[38;2;0;0;0m██[38;2;0;0;0m██[38;2;0;0;0m██[38;2;0;0;0m██            [38;2;0;0;0m██[38;2;191;177;105m██[38;2;191;177;105m██[38;2;242;224;133m██[38;2;242;224;133m██[38;2;0;0;0m██[38;2;166;149;99m██[38;2;166;149;99m██[38;2;16;16;16m██[38;2;166;149;99m██[38;2;166;149;99m██[38;2;166;149;99m██[38;2;16;16;16m██[38;2;166;149;99m██[38;2;77;69;46m██[38;2;166;149;99m██[38;2;91;45;86m██[38;2;174;96;161m██[38;2;141;100;67m██[38;2;191;177;105m██[38;2;191;177;105m██[38;2;16;16;16m██[38;2;166;149;99m██[38;2;166;149;99m██[38;2;77;69;46m██[38;2;16;16;16m██[38;2;16;16;16m██[38;2;16;16;16m██                                          
                                                [38;2;0;0;0m██[38;2;191;177;105m██[38;2;191;177;105m██[38;2;191;177;105m██[38;2;191;177;105m██[38;2;0;0;0m██[38;2;16;16;16m██[38;2;16;16;16m██  [38;2;16;16;16m██[38;2;166;149;99m██[38;2;16;16;16m██[38;2;166;149;99m██[38;2;166;149;99m██[38;2;84;56;35m██[38;2;166;149;99m██[38;2;91;45;86m██[38;2;174;96;161m██[38;2;174;96;161m██[38;2;16;16;16m██[38;2;16;16;16m██[38;2;166;149;99m██[38;2;166;149;99m██[38;2;77;69;46m██[38;2;16;16;16m██                                                
[38;2;91;45;86m██[38;2;91;45;86m██[38;2;91;45;86m██[38;2;91;45;86m██[38;2;91;45;86m██[38;2;91;45;86m██[38;2;91;45;86m██[38;2;91;45;86m██[38;2;91;45;86m██                                [38;2;0;0;0m██[38;2;191;177;105m██[38;2;191;177;105m██[38;2;0;0;0m██[38;2;91;45;86m██[38;2;0;0;0m██      [38;2;16;16;16m██[38;2;166;149;99m██[38;2;166;149;99m██[38;2;84;56;35m██[38;2;84;56;35m██[38;2;91;45;86m██[38;2;174;96;161m██[38;2;16;16;16m██[38;2;16;16;16m██[38;2;166;149;99m██[38;2;166;149;99m██[38;2;166;149;99m██[38;2;77;69;46m██[38;2;16;16;16m██                                                  
[38;2;16;16;16m██[38;2;242;151;194m██[38;2;242;151;194m██[38;2;242;151;194m██[38;2;242;151;194m██[38;2;242;151;194m██[38;2;242;151;194m██[38;2;242;151;194m██[38;2;206;99;158m██[38;2;91;45;86m██[38;2;91;45;86m██[38;2;91;45;86m██                            [38;2;0;0;0m██[38;2;0;0;0m██[38;2;91;45;86m██[38;2;91;45;86m██[38;2;0;0;0m██    [38;2;77;69;46m██[38;2;166;149;99m██[38;2;217;195;130m██[38;2;166;149;99m██[38;2;141;100;67m██[38;2;91;45;86m██[38;2;174;96;161m██[38;2;16;16;16m██[38;2;166;149;99m██[38;2;166;149;99m██[38;2;166;149;99m██[38;2;166;149;99m██[38;2;77;69;46m██[38;2;16;16;16m██                                                    
[38;2;16;16;16m██[38;2;242;151;194m██[38;2;242;151;194m██[38;2;206;99;158m██[38;2;91;45;86m██[38;2;91;45;86m██[38;2;206;99;158m██[38;2;206;99;158m██[38;2;242;151;194m██[38;2;242;151;194m██[38;2;242;151;194m██[38;2;242;151;194m██[38;2;91;45;86m██[38;2;91;45;86m██[38;2;91;45;86m██                          [38;2;0;0;0m██[38;2;0;0;0m██[38;2;91;45;86m██[38;2;0;0;0m██[38;2;77;69;46m██[38;2;217;195;130m██[38;2;217;195;130m██[38;2;217;195;130m██[38;2;141;100;67m██[38;2;91;45;86m██[38;2;174;96;161m██[38;2;16;16;16m██[38;2;141;100;67m██[38;2;166;149;99m██[38;2;166;149;99m██[38;2;166;149;99m██[38;2;77;69;46m██[38;2;16;16;16m██[38;2;77;69;46m██[38;2;16;16;16m██                                                  
  [38;2;16;16;16m██[38;2;91;45;86m██[38;2;206;99;158m██[38;2;242;151;194m██[38;2;242;151;194m██[38;2;242;151;194m██[38;2;242;151;194m██[38;2;242;151;194m██[38;2;242;151;194m██[38;2;242;151;194m██[38;2;242;151;194m██[38;2;206;99;158m██[38;2;174;96;161m██[38;2;174;96;161m██[38;2;91;45;86m██[38;2;91;45;86m██                          [38;2;0;0;0m██[38;2;91;45;86m██[38;2;0;0;0m██[38;2;0;0;0m██[38;2;217;195;130m██[38;2;166;149;99m██[38;2;91;45;86m██[38;2;174;96;161m██[38;2;91;45;86m██[38;2;16;16;16m██[38;2;141;100;67m██[38;2;166;149;99m██[38;2;166;149;99m██[38;2;77;69;46m██[38;2;16;16;16m██[38;2;166;149;99m██[38;2;166;149;99m██[38;2;77;69;46m██[38;2;16;16;16m██                                                
[38;2;16;16;16m██[38;2;242;151;194m██[38;2;242;151;194m██[38;2;242;151;194m██[38;2;242;151;194m██[38;2;242;151;194m██[38;2;242;151;194m██[38;2;242;151;194m██[38;2;242;151;194m██[38;2;242;151;194m██[38;2;242;151;194m██[38;2;206;99;158m██[38;2;174;96;161m██[38;2;174;96;161m██[38;2;174;96;161m██[38;2;174;96;161m██[38;2;174;96;161m██[38;2;91;45;86m██[38;2;91;45;86m██[38;2;91;45;86m██                    [38;2;77;69;46m██[38;2;0;0;0m██[38;2;91;45;86m██[38;2;91;45;86m██[38;2;91;45;86m██[38;2;91;45;86m██[38;2;174;96;161m██[38;2;174;96;161m██[38;2;16;16;16m██[38;2;141;100;67m██[38;2;166;149;99m██[38;2;166;149;99m██[38;2;77;69;46m██[38;2;16;16;16m██[38;2;166;149;99m██[38;2;141;100;67m██[38;2;166;149;99m██[38;2;166;149;99m██[38;2;77;69;46m██[38;2;16;16;16m██                                              
[38;2;16;16;16m██[38;2;242;151;194m██[38;2;242;151;194m██[38;2;242;151;194m██[38;2;206;99;158m██[38;2;91;45;86m██[38;2;91;45;86m██[38;2;91;45;86m██[38;2;206;99;158m██[38;2;206;99;158m██[38;2;242;151;194m██[38;2;174;96;161m██[38;2;174;96;161m██[38;2;206;99;158m██[38;2;242;151;194m██[38;2;242;151;194m██[38;2;206;99;158m██[38;2;174;96;161m██[38;2;174;96;161m██[38;2;174;96;161m██[38;2;91;45;86m██[38;2;91;45;86m██[38;2;91;45;86m██            [38;2;77;69;46m██[38;2;217;195;130m██[38;2;166;149;99m██[38;2;91;45;86m██[38;2;91;45;86m██[38;2;174;96;161m██[38;2;174;96;161m██[38;2;174;96;161m██[38;2;16;16;16m██[38;2;141;100;67m██[38;2;166;149;99m██[38;2;166;149;99m██[38;2;77;69;46m██[38;2;16;16;16m██[38;2;141;100;67m██[38;2;166;149;99m██[38;2;141;100;67m██[38;2;141;100;67m██[38;2;166;149;99m██[38;2;166;149;99m██[38;2;77;69;46m██[38;2;16;16;16m██                                            
[38;2;16;16;16m██[38;2;91;45;86m██[38;2;91;45;86m██[38;2;91;45;86m██[38;2;206;99;158m██[38;2;242;151;194m██[38;2;242;151;194m██[38;2;242;151;194m██[38;2;242;151;194m██[38;2;242;151;194m██[38;2;242;151;194m██[38;2;174;96;161m██[38;2;174;96;161m██[38;2;242;151;194m██[38;2;242;151;194m██[38;2;242;151;194m██[38;2;242;151;194m██[38;2;206;99;158m██[38;2;174;96;161m██[38;2;174;96;161m██[38;2;174;96;161m██[38;2;174;96;161m██[38;2;174;96;161m██[38;2;91;45;86m██[38;2;91;45;86m██[38;2;91;45;86m██[38;2;91;45;86m██[38;2;91;45;86m██[38;2;91;45;86m██[38;2;91;45;86m██[38;2;91;45;86m██[38;2;91;45;86m██[38;2;174;96;161m██[38;2;174;96;161m██[38;2;174;96;161m██[38;2;174;96;161m██[38;2;16;16;16m██[38;2;166;149;99m██[38;2;166;149;99m██[38;2;166;149;99m██[38;2;77;69;46m██[38;2;16;16;16m██[38;2;141;100;67m██[38;2;141;100;67m██[38;2;166;149;99m██[38;2;141;100;67m██[38;2;141;100;67m██[38;2;141;100;67m██[38;2;166;149;99m██[38;2;166;149;99m██[38;2;77;69;46m██[38;2;16;16;16m██                                          
  [38;2;16;16;16m██[38;2;242;151;194m██[38;2;242;151;194m██[38;2;242;151;194m██[38;2;242;151;194m██[38;2;242;151;194m██[38;2;242;151;194m██[38;2;242;151;194m██[38;2;242;151;194m██[38;2;242;151;194m██[38;2;174;96;161m██[38;2;174;96;161m██[38;2;242;151;194m██[38;2;174;96;161m██[38;2;206;99;158m██[38;2;242;151;194m██[38;2;242;151;194m██[38;2;174;96;161m██[38;2;174;96;161m██[38;2;174;96;161m██[38;2;174;96;161m██[38;2;174;96;161m██[38;2;174;96;161m██[38;2;174;96;161m██[38;2;174;96;161m██[38;2;174;96;161m██[38;2;174;96;161m██[38;2;174;96;161m██[38;2;174;96;161m██[38;2;174;96;161m██[38;2;174;96;161m██[38;2;174;96;161m██[38;2;174;96;161m██[38;2;174;96;161m██[38;2;16;16;16m██[38;2;166;149;99m██[38;2;166;149;99m██[38;2;166;149;99m██[38;2;77;69;46m██[38;2;16;16;16m██[38;2;166;149;99m██[38;2;141;100;67m██[38;2;141;100;67m██[38;2;166;149;99m██[38;2;141;100;67m██[38;2;141;100;67m██[38;2;141;100;67m██[38;2;141;100;67m██[38;2;166;149;99m██[38;2;77;69;46m██[38;2;16;16;16m██[38;2;0;0;0m██                                        
  [38;2;16;16;16m██[38;2;242;151;194m██[38;2;242;151;194m██[38;2;206;99;158m██[38;2;91;45;86m██[38;2;91;45;86m██[38;2;91;45;86m██[38;2;206;99;158m██[38;2;206;99;158m██[38;2;242;151;194m██[38;2;206;99;158m██[38;2;174;96;161m██[38;2;206;99;158m██[38;2;242;151;194m██[38;2;174;96;161m██[38;2;242;151;194m██[38;2;242;151;194m██[38;2;174;96;161m██[38;2;174;96;161m██[38;2;174;96;161m██[38;2;174;96;161m██[38;2;174;96;161m██[38;2;174;96;161m██[38;2;174;96;161m██[38;2;174;96;161m██[38;2;174;96;161m██[38;2;174;96;161m██[38;2;174;96;161m██[38;2;174;96;161m██[38;2;174;96;161m██[38;2;174;96;161m██[38;2;174;96;161m██[38;2;174;96;161m██[38;2;16;16;16m██[38;2;166;149;99m██[38;2;166;149;99m██[38;2;166;149;99m██[38;2;77;69;46m██[38;2;16;16;16m██[38;2;91;45;86m██[38;2;91;45;86m██[38;2;166;149;99m██[38;2;141;100;67m██[38;2;166;149;99m██[38;2;141;100;67m██[38;2;141;100;67m██[38;2;141;100;67m██[38;2;141;100;67m██[38;2;166;149;99m██[38;2;77;69;46m██[38;2;16;16;16m██[38;2;91;45;86m██[38;2;0;0;0m██                                      
  [38;2;16;16;16m██[38;2;91;45;86m██[38;2;91;45;86m██[38;2;206;99;158m██[38;2;242;151;194m██[38;2;242;151;194m██[38;2;242;151;194m██[38;2;242;151;194m██[38;2;242;151;194m██[38;2;242;151;194m██[38;2;242;151;194m██[38;2;206;99;158m██[38;2;174;96;161m██[38;2;174;96;161m██[38;2;206;99;158m██[38;2;242;151;194m██[38;2;242;151;194m██[38;2;174;96;161m██[38;2;174;96;161m██[38;2;174;96;161m██[38;2;174;96;161m██[38;2;174;96;161m██[38;2;174;96;161m██[38;2;174;96;161m██[38;2;174;96;161m██[38;2;174;96;161m██[38;2;174;96;161m██[38;2;174;96;161m██[38;2;174;96;161m██[38;2;174;96;161m██[38;2;174;96;161m██[38;2;16;16;16m██[38;2;16;16;16m██[38;2;166;149;99m██[38;2;166;149;99m██[38;2;166;149;99m██[38;2;77;69;46m██[38;2;16;16;16m██[38;2;91;45;86m██[38;2;174;96;161m██[38;2;91;45;86m██[38;2;91;45;86m██[38;2;91;45;86m██[38;2;166;149;99m██[38;2;141;100;67m██[38;2;141;100;67m██[38;2;141;100;67m██[38;2;141;100;67m██[38;2;166;149;99m██[38;2;77;69;46m██[38;2;16;16;16m██[38;2;91;45;86m██[38;2;0;0;0m██                                      
    [38;2;16;16;16m██[38;2;242;151;194m██[38;2;242;151;194m██[38;2;242;151;194m██[38;2;242;151;194m██[38;2;242;151;194m██[38;2;242;151;194m██[38;2;242;151;194m██[38;2;242;151;194m██[38;2;242;151;194m██[38;2;242;151;194m██[38;2;242;151;194m██[38;2;242;151;194m██[38;2;242;151;194m██[38;2;242;151;194m██[38;2;206;99;158m██[38;2;174;96;161m██[38;2;174;96;161m██[38;2;174;96;161m██[38;2;174;96;161m██[38;2;174;96;161m██[38;2;174;96;161m██[38;2;174;96;161m██[38;2;174;96;161m██[38;2;174;96;161m██[38;2;174;96;161m██[38;2;174;96;161m██[38;2;91;45;86m██[38;2;16;16;16m██[38;2;16;16;16m██[38;2;166;149;99m██[38;2;166;149;99m██[38;2;166;149;99m██[38;2;166;149;99m██[38;2;77;69;46m██[38;2;16;16;16m██[38;2;141;100;67m██[38;2;0;0;0m██[38;2;91;45;86m██[38;2;174;96;161m██[38;2;174;96;161m██[38;2;174;96;161m██[38;2;91;45;86m██[38;2;91;45;86m██[38;2;91;45;86m██[38;2;91;45;86m██[38;2;91;45;86m██[38;2;91;45;86m██[38;2;91;45;86m██[38;2;91;45;86m██[38;2;174;96;161m██[38;2;174;96;161m██[38;2;0;0;0m██                                    
    [38;2;16;16;16m██[38;2;242;151;194m██[38;2;242;151;194m██[38;2;16;16;16m██[38;2;16;16;16m██[38;2;16;16;16m██[38;2;16;16;16m██[38;2;16;16;16m██[38;2;16;16;16m██[38;2;16;16;16m██[38;2;16;16;16m██[38;2;174;96;161m██[38;2;242;151;194m██[38;2;242;151;194m██[38;2;206;99;158m██[38;2;174;96;161m██[38;2;174;96;161m██[38;2;174;96;161m██[38;2;174;96;161m██[38;2;174;96;161m██[38;2;174;96;161m██[38;2;174;96;161m██[38;2;174;96;161m██[38;2;91;45;86m██[38;2;16;16;16m██[38;2;16;16;16m██[38;2;16;16;16m██[38;2;166;149;99m██[38;2;166;149;99m██[38;2;166;149;99m██[38;2;166;149;99m██[38;2;166;149;99m██[38;2;166;149;99m██[38;2;77;69;46m██[38;2;16;16;16m██[38;2;91;45;86m██[38;2;91;45;86m██[38;2;84;56;35m██[38;2;0;0;0m██[38;2;91;45;86m██[38;2;174;96;161m██[38;2;174;96;161m██[38;2;174;96;161m██[38;2;174;96;161m██[38;2;174;96;161m██[38;2;174;96;161m██[38;2;174;96;161m██[38;2;174;96;161m██[38;2;174;96;161m██[38;2;174;96;161m██[38;2;174;96;161m██[38;2;174;96;161m██[38;2;0;0;0m██                                    
    [38;2;16;16;16m██[38;2;16;16;16m██[38;2;16;16;16m██                [38;2;16;16;16m██[38;2;16;16;16m██[38;2;16;16;16m██[38;2;16;16;16m██[38;2;16;16;16m██[38;2;16;16;16m██[38;2;16;16;16m██[38;2;16;16;16m██[38;2;16;16;16m██[38;2;16;16;16m██[38;2;16;16;16m██[38;2;16;16;16m██      [38;2;16;16;16m██[38;2;77;69;46m██[38;2;77;69;46m██[38;2;77;69;46m██[38;2;77;69;46m██[38;2;77;69;46m██[38;2;77;69;46m██[38;2;16;16;16m██[38;2;0;0;0m██[38;2;206;99;158m██[38;2;206;99;158m██[38;2;206;99;158m██[38;2;91;45;86m██[38;2;0;0;0m██[38;2;0;0;0m██[38;2;174;96;161m██[38;2;174;96;161m██[38;2;174;96;161m██[38;2;174;96;161m██[38;2;174;96;161m██[38;2;174;96;161m██[38;2;174;96;161m██[38;2;174;96;161m██[38;2;174;96;161m██[38;2;174;96;161m██[38;2;174;96;161m██[38;2;0;0;0m██                                    
                                                          [38;2;16;16;16m██[38;2;16;16;16m██[38;2;16;16;16m██[38;2;16;16;16m██[38;2;16;16;16m██[38;2;16;16;16m██  [38;2;0;0;0m██[38;2;206;99;158m██[38;2;206;99;158m██[38;2;91;45;86m██[38;2;91;45;86m██[38;2;0;0;0m██[38;2;84;56;35m██[38;2;0;0;0m██[38;2;0;0;0m██[38;2;174;96;161m██[38;2;174;96;161m██[38;2;174;96;161m██[38;2;174;96;161m██[38;2;174;96;161m██[38;2;174;96;161m██[38;2;174;96;161m██[38;2;174;96;161m██[38;2;0;0;0m██                                      
                                                                          [38;2;0;0;0m██[38;2;91;45;86m██[38;2;206;99;158m██[38;2;206;99;158m██[38;2;206;99;158m██[38;2;0;0;0m██[38;2;141;100;67m██[38;2;84;56;35m██[38;2;0;0;0m██[38;2;0;0;0m██[38;2;91;45;86m██[38;2;174;96;161m██[38;2;174;96;161m██[38;2;174;96;161m██[38;2;174;96;161m██[38;2;174;96;161m██[38;2;0;0;0m██                                      
                                                                            [38;2;0;0;0m██[38;2;206;99;158m██[38;2;206;99;158m██[38;2;0;0;0m██[38;2;0;0;0m██[38;2;84;56;35m██[38;2;16;16;16m██      [38;2;0;0;0m██[38;2;0;0;0m██[38;2;0;0;0m██[38;2;0;0;0m██[38;2;0;0;0m██                                        
                                                                              [38;2;0;0;0m██[38;2;0;0;0m██[38;2;141;100;67m██[38;2;84;56;35m██[38;2;16;16;16m██                                                          
                                                                                  [38;2;16;16;16m██[38;2;16;16;16m██                                                            
