                                                                                                            [38;2;128;102;51m██[38;2;128;102;51m██[38;2;128;102;51m██[38;2;128;102;51m██[38;2;128;102;51m██                      
                                                                                                        [38;2;128;102;51m██[38;2;128;102;51m██[38;2;191;153;76m██[38;2;191;153;76m██[38;2;191;153;76m██[38;2;191;153;76m██[38;2;128;102;51m██                      
                                                                                                      [38;2;128;102;51m██[38;2;191;153;76m██[38;2;191;153;76m██[38;2;191;153;76m██[38;2;191;153;76m██[38;2;128;102;51m██[38;2;128;102;51m██                        
                                                        [38;2;128;102;51m██[38;2;128;102;51m██[38;2;128;102;51m██[38;2;128;102;51m██[38;2;128;102;51m██[38;2;128;102;51m██                                [38;2;128;102;51m██[38;2;191;153;76m██[38;2;191;153;76m██[38;2;191;153;76m██[38;2;255;236;140m██[38;2;128;102;51m██                            
                                                      [38;2;128;102;51m██[38;2;191;153;76m██[38;2;191;153;76m██[38;2;191;153;76m██[38;2;191;153;76m██[38;2;191;153;76m██[38;2;191;153;76m██[38;2;128;102;51m██[38;2;128;102;51m██                          [38;2;128;102;51m██[38;2;191;153;76m██[38;2;191;153;76m██[38;2;191;153;76m██[38;2;255;236;140m██[38;2;128;102;51m██                              
                                                        [38;2;128;102;51m██[38;2;128;102;51m██[38;2;191;153;76m██[38;2;191;153;76m██[38;2;191;153;76m██[38;2;191;153;76m██[38;2;191;153;76m██[38;2;255;236;140m██[38;2;128;102;51m██                        [38;2;128;102;51m██[38;2;191;153;76m██[38;2;191;153;76m██[38;2;191;153;76m██[38;2;255;236;140m██[38;2;128;102;51m██                              
                                                            [38;2;128;102;51m██[38;2;191;153;76m██[38;2;191;153;76m██[38;2;191;153;76m██[38;2;191;153;76m██[38;2;191;153;76m██[38;2;255;236;140m██[38;2;16;16;16m██                    [38;2;128;102;51m██[38;2;191;153;76m██[38;2;191;153;76m██[38;2;191;153;76m██[38;2;255;236;140m██[38;2;128;102;51m██                                
                                                              [38;2;128;102;51m██[38;2;191;153;76m██[38;2;191;153;76m██[38;2;191;153;76m██[38;2;191;153;76m██[38;2;255;236;140m██[38;2;128;102;51m██                  [38;2;128;102;51m██[38;2;191;153;76m██[38;2;191;153;76m██[38;2;191;153;76m██[38;2;191;153;76m██[38;2;255;236;140m██[38;2;128;102;51m██                                
                                                              [38;2;128;102;51m██[38;2;191;153;76m██[38;2;191;153;76m██[38;2;191;153;76m██[38;2;191;153;76m██[38;2;191;153;76m██[38;2;255;236;140m██[38;2;16;16;16m██            [38;2;128;102;51m██[38;2;128;102;51m██[38;2;191;153;76m██[38;2;191;153;76m██[38;2;191;153;76m██[38;2;191;153;76m██[38;2;191;153;76m██[38;2;255;236;140m██[38;2;128;102;51m██                                
                                                              [38;2;128;102;51m██[38;2;191;153;76m██[38;2;191;153;76m██[38;2;191;153;76m██[38;2;191;153;76m██[38;2;191;153;76m██[38;2;255;236;140m██[38;2;16;16;16m██      [38;2;128;102;51m██[38;2;128;102;51m██[38;2;128;102;51m██[38;2;191;153;76m██[38;2;191;153;76m██[38;2;191;153;76m██[38;2;191;153;76m██[38;2;191;153;76m██[38;2;191;153;76m██[38;2;191;153;76m██[38;2;255;236;140m██[38;2;16;16;16m██                  [38;2;128;102;51m██[38;2;128;102;51m██          
                                                            [38;2;128;102;51m██[38;2;191;153;76m██[38;2;191;153;76m██[38;2;191;153;76m██[38;2;191;153;76m██[38;2;191;153;76m██[38;2;191;153;76m██[38;2;255;236;140m██[38;2;16;16;16m██  [38;2;128;102;51m██[38;2;128;102;51m██[38;2;191;153;76m██[38;2;191;153;76m██[38;2;191;153;76m██[38;2;191;153;76m██[38;2;191;153;76m██[38;2;191;153;76m██[38;2;191;153;76m██[38;2;191;153;76m██[38;2;191;153;76m██[38;2;191;153;76m██[38;2;255;236;140m██[38;2;16;16;16m██                  [38;2;128;102;51m██[38;2;191;153;76m██[38;2;128;102;51m██        
                                                          [38;2;128;102;51m██[38;2;191;153;76m██[38;2;191;153;76m██[38;2;191;153;76m██[38;2;191;153;76m██[38;2;191;153;76m██[38;2;191;153;76m██[38;2;191;153;76m██[38;2;255;236;140m██[38;2;128;102;51m██[38;2;128;102;51m██[38;2;191;153;76m██[38;2;191;153;76m██[38;2;191;153;76m██[38;2;191;153;76m██[38;2;191;153;76m██[38;2;191;153;76m██[38;2;191;153;76m██[38;2;191;153;76m██[38;2;191;153;76m██[38;2;191;153;76m██[38;2;191;153;76m██[38;2;191;153;76m██[38;2;255;236;140m██[38;2;16;16;16m██                  [38;2;128;102;51m██[38;2;255;236;140m██[38;2;191;153;76m██[38;2;128;102;51m██      
                                                      [38;2;128;102;51m██[38;2;128;102;51m██[38;2;191;153;76m██[38;2;191;153;76m██[38;2;191;153;76m██[38;2;191;153;76m██[38;2;191;153;76m██[38;2;191;153;76m██[38;2;191;153;76m██[38;2;128;102;51m██[38;2;128;102;51m██[38;2;191;153;76m██[38;2;191;153;76m██[38;2;191;153;76m██[38;2;191;153;76m██[38;2;191;153;76m██[38;2;191;153;76m██[38;2;191;153;76m██[38;2;191;153;76m██[38;2;191;153;76m██[38;2;191;153;76m██[38;2;191;153;76m██[38;2;191;153;76m██[38;2;191;153;76m██[38;2;255;236;140m██[38;2;16;16;16m██                      [38;2;128;102;51m██[38;2;255;236;140m██[38;2;191;153;76m██[38;2;128;102;51m██    
                                                    [38;2;128;102;51m██[38;2;191;153;76m██[38;2;191;153;76m██[38;2;191;153;76m██[38;2;191;153;76m██[38;2;191;153;76m██[38;2;191;153;76m██[38;2;191;153;76m██[38;2;191;153;76m██[38;2;128;102;51m██[38;2;191;153;76m██[38;2;191;153;76m██[38;2;191;153;76m██[38;2;191;153;76m██[38;2;191;153;76m██[38;2;191;153;76m██[38;2;191;153;76m██[38;2;191;153;76m██[38;2;191;153;76m██[38;2;191;153;76m██[38;2;191;153;76m██[38;2;191;153;76m██[38;2;191;153;76m██[38;2;191;153;76m██[38;2;191;153;76m██[38;2;255;236;140m██[38;2;16;16;16m██                        [38;2;128;102;51m██[38;2;255;236;140m██[38;2;191;153;76m██[38;2;128;102;51m██  
                                                  [38;2;128;102;51m██[38;2;191;153;76m██[38;2;191;153;76m██[38;2;191;153;76m██[38;2;191;153;76m██[38;2;191;153;76m██[38;2;191;153;76m██[38;2;191;153;76m██[38;2;191;153;76m██[38;2;128;102;51m██[38;2;191;153;76m██[38;2;191;153;76m██[38;2;191;153;76m██[38;2;191;153;76m██[38;2;191;153;76m██[38;2;191;153;76m██[38;2;191;153;76m██[38;2;191;153;76m██[38;2;191;153;76m██[38;2;191;153;76m██[38;2;191;153;76m██[38;2;191;153;76m██[38;2;191;153;76m██[38;2;191;153;76m██[38;2;191;153;76m██[38;2;255;236;140m██[38;2;16;16;16m██                          [38;2;128;102;51m██[38;2;255;236;140m██[38;2;191;153;76m██[38;2;128;102;51m██  
                            [38;2;128;102;51m██[38;2;128;102;51m██[38;2;128;102;51m██[38;2;128;102;51m██            [38;2;128;102;51m██[38;2;191;153;76m██[38;2;191;153;76m██[38;2;176;183;124m██[38;2;176;183;124m██[38;2;176;183;124m██[38;2;176;183;124m██[38;2;191;153;76m██[38;2;191;153;76m██[38;2;128;102;51m██[38;2;191;153;76m██[38;2;176;183;124m██[38;2;176;183;124m██[38;2;191;153;76m██[38;2;191;153;76m██[38;2;191;153;76m██[38;2;191;153;76m██[38;2;191;153;76m██[38;2;191;153;76m██[38;2;191;153;76m██[38;2;191;153;76m██[38;2;191;153;76m██[38;2;191;153;76m██[38;2;191;153;76m██[38;2;191;153;76m██[38;2;255;236;140m██[38;2;16;16;16m██  [38;2;128;102;51m██[38;2;128;102;51m██[38;2;128;102;51m██[38;2;128;102;51m██[38;2;128;102;51m██                [38;2;128;102;51m██[38;2;255;236;140m██[38;2;191;153;76m██[38;2;191;153;76m██[38;2;128;102;51m██
                          [38;2;128;102;51m██[38;2;191;153;76m██[38;2;191;153;76m██[38;2;191;153;76m██[38;2;191;153;76m██[38;2;128;102;51m██[38;2;128;102;51m██        [38;2;128;102;51m██[38;2;176;183;124m██[38;2;176;183;124m██[38;2;176;183;124m██[38;2;176;183;124m██[38;2;191;153;76m██[38;2;191;153;76m██[38;2;191;153;76m██[38;2;191;153;76m██[38;2;128;102;51m██[38;2;176;183;124m██[38;2;176;183;124m██[38;2;176;183;124m██[38;2;176;183;124m██[38;2;176;183;124m██[38;2;191;153;76m██[38;2;191;153;76m██[38;2;191;153;76m██[38;2;191;153;76m██[38;2;191;153;76m██[38;2;191;153;76m██[38;2;191;153;76m██[38;2;191;153;76m██[38;2;191;153;76m██[38;2;255;236;140m██[38;2;128;102;51m██[38;2;128;102;51m██[38;2;128;102;51m██[38;2;191;153;76m██[38;2;191;153;76m██[38;2;191;153;76m██[38;2;255;236;140m██[38;2;255;236;140m██[38;2;128;102;51m██[38;2;128;102;51m██[38;2;128;102;51m██        [38;2;128;102;51m██[38;2;255;236;140m██[38;2;255;236;140m██[38;2;191;153;76m██[38;2;191;153;76m██[38;2;128;102;51m██
                            [38;2;128;102;51m██[38;2;128;102;51m██[38;2;191;153;76m██[38;2;191;153;76m██[38;2;191;153;76m██[38;2;255;236;140m██[38;2;128;102;51m██    [38;2;128;102;51m██[38;2;176;183;124m██[38;2;176;183;124m██[38;2;176;183;124m██[38;2;191;153;76m██[38;2;191;153;76m██[38;2;191;153;76m██[38;2;191;153;76m██[38;2;191;153;76m██[38;2;128;102;51m██[38;2;191;153;76m██[38;2;191;153;76m██[38;2;191;153;76m██[38;2;176;183;124m██[38;2;176;183;124m██[38;2;176;183;124m██[38;2;176;183;124m██[38;2;191;153;76m██[38;2;191;153;76m██[38;2;191;153;76m██[38;2;191;153;76m██[38;2;191;153;76m██[38;2;191;153;76m██[38;2;191;153;76m██[38;2;128;102;51m██[38;2;128;102;51m██[38;2;191;153;76m██[38;2;191;153;76m██[38;2;191;153;76m██[38;2;191;153;76m██[38;2;191;153;76m██[38;2;191;153;76m██[38;2;191;153;76m██[38;2;191;153;76m██[38;2;191;153;76m██[38;2;255;236;140m██[38;2;255;236;140m██[38;2;128;102;51m██[38;2;128;102;51m██[38;2;128;102;51m██[38;2;128;102;51m██[38;2;255;236;140m██[38;2;255;236;140m██[38;2;191;153;76m██[38;2;191;153;76m██[38;2;191;153;76m██[38;2;128;102;51m██
                                [38;2;128;102;51m██[38;2;191;153;76m██[38;2;191;153;76m██[38;2;191;153;76m██[38;2;255;236;140m██[38;2;128;102;51m██  [38;2;128;102;51m██[38;2;176;183;124m██[38;2;191;153;76m██[38;2;191;153;76m██[38;2;191;153;76m██[38;2;191;153;76m██[38;2;191;153;76m██[38;2;191;153;76m██[38;2;191;153;76m██[38;2;128;102;51m██[38;2;191;153;76m██[38;2;191;153;76m██[38;2;191;153;76m██[38;2;191;153;76m██[38;2;191;153;76m██[38;2;191;153;76m██[38;2;176;183;124m██[38;2;176;183;124m██[38;2;191;153;76m██[38;2;191;153;76m██[38;2;191;153;76m██[38;2;191;153;76m██[38;2;128;102;51m██[38;2;128;102;51m██[38;2;191;153;76m██[38;2;191;153;76m██[38;2;191;153;76m██[38;2;191;153;76m██[38;2;191;153;76m██[38;2;191;153;76m██[38;2;191;153;76m██[38;2;191;153;76m██[38;2;191;153;76m██[38;2;191;153;76m██[38;2;191;153;76m██[38;2;191;153;76m██[38;2;191;153;76m██[38;2;255;236;140m██[38;2;255;236;140m██[38;2;255;236;140m██[38;2;255;236;140m██[38;2;255;236;140m██[38;2;191;153;76m██[38;2;191;153;76m██[38;2;191;153;76m██[38;2;191;153;76m██[38;2;128;102;51m██
                                  [38;2;128;102;51m██[38;2;191;153;76m██[38;2;191;153;76m██[38;2;191;153;76m██[38;2;255;236;140m██[38;2;128;102;51m██[38;2;128;102;51m██[38;2;191;153;76m██[38;2;191;153;76m██[38;2;191;153;76m██[38;2;191;153;76m██[38;2;191;153;76m██[38;2;191;153;76m██[38;2;191;153;76m██[38;2;191;153;76m██[38;2;128;102;51m██[38;2;191;153;76m██[38;2;191;153;76m██[38;2;191;153;76m██[38;2;191;153;76m██[38;2;191;153;76m██[38;2;191;153;76m██[38;2;191;153;76m██[38;2;191;153;76m██[38;2;191;153;76m██[38;2;191;153;76m██[38;2;191;153;76m██[38;2;128;102;51m██[38;2;191;153;76m██[38;2;176;183;124m██[38;2;176;183;124m██[38;2;176;183;124m██[38;2;191;153;76m██[38;2;191;153;76m██[38;2;191;153;76m██[38;2;191;153;76m██[38;2;191;153;76m██[38;2;191;153;76m██[38;2;191;153;76m██[38;2;191;153;76m██[38;2;191;153;76m██[38;2;191;153;76m██[38;2;191;153;76m██[38;2;191;153;76m██[38;2;191;153;76m██[38;2;191;153;76m██[38;2;191;153;76m██[38;2;191;153;76m██[38;2;191;153;76m██[38;2;191;153;76m██[38;2;191;153;76m██[38;2;191;153;76m██[38;2;128;102;51m██
                                    [38;2;128;102;51m██[38;2;191;153;76m██[38;2;191;153;76m██[38;2;191;153;76m██[38;2;255;236;140m██[38;2;128;102;51m██[38;2;191;153;76m██[38;2;191;153;76m██[38;2;191;153;76m██[38;2;191;153;76m██[38;2;191;153;76m██[38;2;191;153;76m██[38;2;191;153;76m██[38;2;191;153;76m██[38;2;128;102;51m██[38;2;191;153;76m██[38;2;191;153;76m██[38;2;191;153;76m██[38;2;191;153;76m██[38;2;191;153;76m██[38;2;191;153;76m██[38;2;191;153;76m██[38;2;191;153;76m██[38;2;191;153;76m██[38;2;191;153;76m██[38;2;128;102;51m██[38;2;191;153;76m██[38;2;191;153;76m██[38;2;191;153;76m██[38;2;176;183;124m██[38;2;176;183;124m██[38;2;176;183;124m██[38;2;191;153;76m██[38;2;191;153;76m██[38;2;191;153;76m██[38;2;191;153;76m██[38;2;191;153;76m██[38;2;191;153;76m██[38;2;191;153;76m██[38;2;191;153;76m██[38;2;191;153;76m██[38;2;191;153;76m██[38;2;191;153;76m██[38;2;191;153;76m██[38;2;191;153;76m██[38;2;191;153;76m██[38;2;191;153;76m██[38;2;191;153;76m██[38;2;191;153;76m██[38;2;191;153;76m██[38;2;128;102;51m██  
                                    [38;2;128;102;51m██[38;2;191;153;76m██[38;2;191;153;76m██[38;2;176;183;124m██[38;2;255;236;140m██[38;2;128;102;51m██[38;2;191;153;76m██[38;2;191;153;76m██[38;2;191;153;76m██[38;2;191;153;76m██[38;2;191;153;76m██[38;2;191;153;76m██[38;2;191;153;76m██[38;2;191;153;76m██[38;2;128;102;51m██[38;2;191;153;76m██[38;2;191;153;76m██[38;2;191;153;76m██[38;2;191;153;76m██[38;2;191;153;76m██[38;2;191;153;76m██[38;2;191;153;76m██[38;2;191;153;76m██[38;2;191;153;76m██[38;2;128;102;51m██[38;2;191;153;76m██[38;2;191;153;76m██[38;2;191;153;76m██[38;2;191;153;76m██[38;2;191;153;76m██[38;2;191;153;76m██[38;2;176;183;124m██[38;2;176;183;124m██[38;2;191;153;76m██[38;2;191;153;76m██[38;2;191;153;76m██[38;2;191;153;76m██[38;2;191;153;76m██[38;2;191;153;76m██[38;2;191;153;76m██[38;2;191;153;76m██[38;2;191;153;76m██[38;2;191;153;76m██[38;2;191;153;76m██[38;2;191;153;76m██[38;2;191;153;76m██[38;2;191;153;76m██[38;2;191;153;76m██[38;2;191;153;76m██[38;2;191;153;76m██[38;2;16;16;16m██  
                                    [38;2;128;102;51m██[38;2;191;153;76m██[38;2;176;183;124m██[38;2;176;183;124m██[38;2;191;153;76m██[38;2;128;102;51m██[38;2;191;153;76m██[38;2;191;153;76m██[38;2;191;153;76m██[38;2;191;153;76m██[38;2;191;153;76m██[38;2;191;153;76m██[38;2;191;153;76m██[38;2;191;153;76m██[38;2;128;102;51m██[38;2;191;153;76m██[38;2;191;153;76m██[38;2;191;153;76m██[38;2;191;153;76m██[38;2;191;153;76m██[38;2;191;153;76m██[38;2;191;153;76m██[38;2;191;153;76m██[38;2;191;153;76m██[38;2;128;102;51m██[38;2;191;153;76m██[38;2;191;153;76m██[38;2;191;153;76m██[38;2;191;153;76m██[38;2;191;153;76m██[38;2;191;153;76m██[38;2;191;153;76m██[38;2;191;153;76m██[38;2;176;183;124m██[38;2;191;153;76m██[38;2;191;153;76m██[38;2;191;153;76m██[38;2;191;153;76m██[38;2;191;153;76m██[38;2;191;153;76m██[38;2;191;153;76m██[38;2;191;153;76m██[38;2;191;153;76m██[38;2;191;153;76m██[38;2;191;153;76m██[38;2;191;153;76m██[38;2;191;153;76m██[38;2;191;153;76m██[38;2;191;153;76m██[38;2;16;16;16m██    
                                      [38;2;128;102;51m██[38;2;176;183;124m██[38;2;191;153;76m██[38;2;191;153;76m██[38;2;191;153;76m██[38;2;128;102;51m██[38;2;191;153;76m██[38;2;191;153;76m██[38;2;191;153;76m██[38;2;191;153;76m██[38;2;191;153;76m██[38;2;191;153;76m██[38;2;191;153;76m██[38;2;128;102;51m██[38;2;191;153;76m██[38;2;191;153;76m██[38;2;191;153;76m██[38;2;191;153;76m██[38;2;191;153;76m██[38;2;191;153;76m██[38;2;191;153;76m██[38;2;191;153;76m██[38;2;128;102;51m██[38;2;191;153;76m██[38;2;191;153;76m██[38;2;191;153;76m██[38;2;191;153;76m██[38;2;191;153;76m██[38;2;191;153;76m██[38;2;191;153;76m██[38;2;191;153;76m██[38;2;191;153;76m██[38;2;191;153;76m██[38;2;176;183;124m██[38;2;191;153;76m██[38;2;191;153;76m██[38;2;191;153;76m██[38;2;191;153;76m██[38;2;191;153;76m██[38;2;191;153;76m██[38;2;191;153;76m██[38;2;191;153;76m██[38;2;191;153;76m██[38;2;191;153;76m██[38;2;191;153;76m██[38;2;191;153;76m██[38;2;16;16;16m██[38;2;16;16;16m██      
                                      [38;2;128;102;51m██[38;2;176;183;124m██[38;2;191;153;76m██[38;2;191;153;76m██[38;2;191;153;76m██[38;2;128;102;51m██[38;2;191;153;76m██[38;2;191;153;76m██[38;2;191;153;76m██[38;2;191;153;76m██[38;2;191;153;76m██[38;2;191;153;76m██[38;2;191;153;76m██[38;2;191;153;76m██[38;2;128;102;51m██[38;2;191;153;76m██[38;2;191;153;76m██[38;2;191;153;76m██[38;2;191;153;76m██[38;2;191;153;76m██[38;2;191;153;76m██[38;2;191;153;76m██[38;2;128;102;51m██[38;2;191;153;76m██[38;2;191;153;76m██[38;2;191;153;76m██[38;2;191;153;76m██[38;2;191;153;76m██[38;2;191;153;76m██[38;2;191;153;76m██[38;2;191;153;76m██[38;2;191;153;76m██[38;2;191;153;76m██[38;2;191;153;76m██[38;2;191;153;76m██[38;2;191;153;76m██[38;2;191;153;76m██[38;2;191;153;76m██[38;2;191;153;76m██[38;2;191;153;76m██[38;2;191;153;76m██[38;2;128;102;51m██[38;2;16;16;16m██[38;2;16;16;16m██[38;2;16;16;16m██[38;2;16;16;16m██          
                                      [38;2;128;102;51m██[38;2;191;153;76m██[38;2;191;153;76m██[38;2;191;153;76m██[38;2;191;153;76m██[38;2;191;153;76m██[38;2;128;102;51m██[38;2;191;153;76m██[38;2;191;153;76m██[38;2;191;153;76m██[38;2;191;153;76m██[38;2;191;153;76m██[38;2;191;153;76m██[38;2;191;153;76m██[38;2;128;102;51m██[38;2;191;153;76m██[38;2;191;153;76m██[38;2;191;153;76m██[38;2;191;153;76m██[38;2;191;153;76m██[38;2;191;153;76m██[38;2;191;153;76m██[38;2;191;153;76m██[38;2;191;153;76m██[38;2;191;153;76m██[38;2;191;153;76m██[38;2;191;153;76m██[38;2;191;153;76m██[38;2;191;153;76m██[38;2;191;153;76m██[38;2;191;153;76m██[38;2;191;153;76m██[38;2;191;153;76m██[38;2;191;153;76m██[38;2;191;153;76m██[38;2;191;153;76m██[38;2;191;153;76m██[38;2;191;153;76m██[38;2;16;16;16m██[38;2;16;16;16m██[38;2;16;16;16m██                    
                                        [38;2;128;102;51m██[38;2;191;153;76m██[38;2;191;153;76m██[38;2;191;153;76m██[38;2;191;153;76m██[38;2;191;153;76m██[38;2;128;102;51m██[38;2;191;153;76m██[38;2;191;153;76m██[38;2;191;153;76m██[38;2;191;153;76m██[38;2;191;153;76m██[38;2;191;153;76m██[38;2;191;153;76m██[38;2;191;153;76m██[38;2;191;153;76m██[38;2;191;153;76m██[38;2;191;153;76m██[38;2;191;153;76m██[38;2;191;153;76m██[38;2;191;153;76m██[38;2;191;153;76m██[38;2;191;153;76m██[38;2;191;153;76m██[38;2;191;153;76m██[38;2;191;153;76m██[38;2;191;153;76m██[38;2;191;153;76m██[38;2;191;153;76m██[38;2;191;153;76m██[38;2;191;153;76m██[38;2;191;153;76m██[38;2;191;153;76m██[38;2;191;153;76m██[38;2;191;153;76m██[38;2;128;102;51m██[38;2;16;16;16m██[38;2;128;102;51m██[38;2;16;16;16m██              [38;2;16;16;16m██[38;2;16;16;16m██    
                                        [38;2;128;102;51m██[38;2;191;153;76m██[38;2;191;153;76m██[38;2;191;153;76m██[38;2;191;153;76m██[38;2;191;153;76m██[38;2;191;153;76m██[38;2;191;153;76m██[38;2;191;153;76m██[38;2;191;153;76m██[38;2;191;153;76m██[38;2;191;153;76m██[38;2;191;153;76m██[38;2;191;153;76m██[38;2;191;153;76m██[38;2;191;153;76m██[38;2;191;153;76m██[38;2;191;153;76m██[38;2;191;153;76m██[38;2;191;153;76m██[38;2;191;153;76m██[38;2;191;153;76m██[38;2;191;153;76m██[38;2;191;153;76m██[38;2;191;153;76m██[38;2;191;153;76m██[38;2;191;153;76m██[38;2;191;153;76m██[38;2;191;153;76m██[38;2;191;153;76m██[38;2;191;153;76m██[38;2;191;153;76m██[38;2;191;153;76m██[38;2;191;153;76m██[38;2;16;16;16m██[38;2;16;16;16m██[38;2;128;102;51m██[38;2;128;102;51m██[38;2;128;102;51m██[38;2;16;16;16m██        [38;2;16;16;16m██[38;2;16;16;16m██[38;2;128;102;51m██[38;2;16;16;16m██    
                                          [38;2;128;102;51m██[38;2;191;153;76m██[38;2;191;153;76m██[38;2;191;153;76m██[38;2;191;153;76m██[38;2;191;153;76m██[38;2;191;153;76m██[38;2;191;153;76m██[38;2;191;153;76m██[38;2;191;153;76m██[38;2;191;153;76m██[38;2;191;153;76m██[38;2;191;153;76m██[38;2;191;153;76m██[38;2;191;153;76m██[38;2;191;153;76m██[38;2;191;153;76m██[38;2;191;153;76m██[38;2;191;153;76m██[38;2;191;153;76m██[38;2;191;153;76m██[38;2;191;153;76m██[38;2;191;153;76m██[38;2;191;153;76m██[38;2;191;153;76m██[38;2;191;153;76m██[38;2;191;153;76m██[38;2;191;153;76m██[38;2;191;153;76m██[38;2;191;153;76m██[38;2;191;153;76m██[38;2;191;153;76m██[38;2;16;16;16m██[38;2;128;102;51m██[38;2;128;102;51m██[38;2;128;102;51m██[38;2;128;102;51m██[38;2;128;102;51m██[38;2;128;102;51m██[38;2;16;16;16m██[38;2;16;16;16m██[38;2;16;16;16m██[38;2;16;16;16m██[38;2;128;102;51m██[38;2;128;102;51m██[38;2;16;16;16m██      
                                            [38;2;128;102;51m██[38;2;191;153;76m██[38;2;191;153;76m██[38;2;191;153;76m██[38;2;191;153;76m██[38;2;191;153;76m██[38;2;191;153;76m██[38;2;191;153;76m██[38;2;191;153;76m██[38;2;191;153;76m██[38;2;191;153;76m██[38;2;191;153;76m██[38;2;191;153;76m██[38;2;191;153;76m██[38;2;191;153;76m██[38;2;191;153;76m██[38;2;191;153;76m██[38;2;191;153;76m██[38;2;191;153;76m██[38;2;191;153;76m██[38;2;191;153;76m██[38;2;191;153;76m██[38;2;191;153;76m██[38;2;191;153;76m██[38;2;191;153;76m██[38;2;191;153;76m██[38;2;191;153;76m██[38;2;191;153;76m██[38;2;191;153;76m██[38;2;191;153;76m██[38;2;16;16;16m██[38;2;128;102;51m██[38;2;128;102;51m██[38;2;128;102;51m██[38;2;128;102;51m██[38;2;128;102;51m██[38;2;128;102;51m██[38;2;128;102;51m██[38;2;128;102;51m██[38;2;128;102;51m██[38;2;128;102;51m██[38;2;128;102;51m██[38;2;128;102;51m██[38;2;128;102;51m██[38;2;16;16;16m██      
                                              [38;2;128;102;51m██[38;2;128;102;51m██[38;2;191;153;76m██[38;2;191;153;76m██[38;2;191;153;76m██[38;2;191;153;76m██[38;2;191;153;76m██[38;2;128;102;51m██[38;2;191;153;76m██[38;2;191;153;76m██[38;2;191;153;76m██[38;2;191;153;76m██[38;2;191;153;76m██[38;2;191;153;76m██[38;2;191;153;76m██[38;2;128;102;51m██[38;2;128;102;51m██[38;2;191;153;76m██[38;2;191;153;76m██[38;2;191;153;76m██[38;2;191;153;76m██[38;2;191;153;76m██[38;2;191;153;76m██[38;2;191;153;76m██[38;2;191;153;76m██[38;2;191;153;76m██[38;2;191;153;76m██[38;2;191;153;76m██[38;2;16;16;16m██[38;2;128;102;51m██[38;2;128;102;51m██[38;2;128;102;51m██[38;2;128;102;51m██[38;2;128;102;51m██[38;2;128;102;51m██[38;2;128;102;51m██[38;2;128;102;51m██[38;2;128;102;51m██[38;2;128;102;51m██[38;2;128;102;51m██[38;2;128;102;51m██[38;2;128;102;51m██[38;2;16;16;16m██        
                                                  [38;2;128;102;51m██[38;2;128;102;51m██[38;2;191;153;76m██[38;2;128;102;51m██[38;2;176;183;124m██[38;2;202;235;168m██[38;2;128;102;51m██[38;2;191;153;76m██[38;2;191;153;76m██[38;2;191;153;76m██[38;2;191;153;76m██[38;2;191;153;76m██[38;2;128;102;51m██[38;2;202;235;168m██[38;2;202;235;168m██[38;2;128;102;51m██[38;2;191;153;76m██[38;2;191;153;76m██[38;2;191;153;76m██[38;2;191;153;76m██[38;2;191;153;76m██[38;2;191;153;76m██[38;2;191;153;76m██[38;2;125;30;30m██[38;2;125;30;30m██[38;2;125;30;30m██[38;2;125;30;30m██[38;2;125;30;30m██[38;2;125;30;30m██[38;2;125;30;30m██[38;2;128;102;51m██[38;2;128;102;51m██[38;2;128;102;51m██[38;2;128;102;51m██[38;2;128;102;51m██[38;2;128;102;51m██[38;2;128;102;51m██[38;2;128;102;51m██[38;2;128;102;51m██[38;2;16;16;16m██          
                                                      [38;2;128;102;51m██[38;2;16;16;16m██[38;2;202;235;168m██[38;2;202;235;168m██[38;2;128;102;51m██[38;2;191;153;76m██[38;2;125;30;30m██[38;2;191;153;76m██[38;2;191;153;76m██[38;2;191;153;76m██[38;2;202;235;168m██[38;2;202;235;168m██[38;2;202;235;168m██[38;2;202;235;168m██[38;2;128;102;51m██[38;2;191;153;76m██[38;2;191;153;76m██[38;2;191;153;76m██[38;2;125;30;30m██[38;2;125;30;30m██[38;2;125;30;30m██[38;2;242;73;73m██[38;2;242;73;73m██[38;2;242;73;73m██[38;2;242;73;73m██[38;2;242;73;73m██[38;2;242;73;73m██[38;2;242;73;73m██[38;2;125;30;30m██[38;2;125;30;30m██[38;2;16;16;16m██[38;2;128;102;51m██[38;2;128;102;51m██[38;2;128;102;51m██[38;2;128;102;51m██[38;2;16;16;16m██[38;2;16;16;16m██            
                                        [38;2;125;30;30m██[38;2;125;30;30m██[38;2;125;30;30m██[38;2;125;30;30m██[38;2;125;30;30m██      [38;2;16;16;16m██[38;2;128;102;51m██[38;2;202;235;168m██[38;2;128;102;51m██[38;2;125;30;30m██[38;2;242;73;73m██[38;2;128;102;51m██[38;2;191;153;76m██[38;2;128;102;51m██[38;2;202;235;168m██[38;2;202;235;168m██[38;2;176;183;124m██[38;2;128;102;51m██[38;2;16;16;16m██[38;2;191;153;76m██[38;2;125;30;30m██[38;2;125;30;30m██[38;2;242;73;73m██[38;2;242;73;73m██[38;2;242;73;73m██[38;2;242;73;73m██[38;2;242;73;73m██[38;2;242;73;73m██[38;2;242;73;73m██[38;2;242;73;73m██[38;2;242;73;73m██[38;2;242;73;73m██[38;2;242;73;73m██[38;2;242;73;73m██[38;2;242;73;73m██[38;2;125;30;30m██[38;2;16;16;16m██[38;2;16;16;16m██[38;2;16;16;16m██                
                                    [38;2;125;30;30m██[38;2;125;30;30m██[38;2;242;73;73m██[38;2;242;73;73m██[38;2;242;73;73m██[38;2;242;73;73m██[38;2;242;73;73m██[38;2;125;30;30m██[38;2;125;30;30m██  [38;2;16;16;16m██[38;2;236;255;178m██[38;2;16;16;16m██[38;2;125;30;30m██[38;2;242;73;73m██[38;2;242;73;73m██[38;2;125;30;30m██[38;2;191;153;76m██[38;2;128;102;51m██[38;2;176;183;124m██[38;2;16;16;16m██[38;2;236;255;178m██[38;2;16;16;16m██[38;2;16;16;16m██[38;2;125;30;30m██[38;2;242;73;73m██[38;2;242;73;73m██[38;2;153;55;55m██[38;2;153;55;55m██[38;2;153;55;55m██[38;2;153;55;55m██[38;2;153;55;55m██[38;2;153;55;55m██[38;2;153;55;55m██[38;2;242;73;73m██[38;2;242;73;73m██[38;2;242;73;73m██[38;2;242;73;73m██[38;2;242;73;73m██[38;2;242;73;73m██[38;2;242;73;73m██[38;2;242;73;73m██[38;2;16;16;16m██                  
                                  [38;2;125;30;30m██[38;2;242;73;73m██[38;2;242;73;73m██[38;2;242;73;73m██[38;2;242;73;73m██[38;2;242;73;73m██[38;2;242;73;73m██[38;2;242;73;73m██[38;2;242;73;73m██[38;2;153;55;55m██[38;2;125;30;30m██[38;2;16;16;16m██[38;2;128;102;51m██[38;2;236;255;178m██[38;2;125;30;30m██[38;2;242;73;73m██[38;2;242;73;73m██[38;2;125;30;30m██[38;2;191;153;76m██[38;2;128;102;51m██[38;2;128;102;51m██[38;2;176;183;124m██[38;2;236;255;178m██[38;2;128;102;51m██[38;2;125;30;30m██[38;2;242;73;73m██[38;2;153;55;55m██[38;2;16;16;16m██[38;2;16;16;16m██[38;2;16;16;16m██[38;2;16;16;16m██[38;2;16;16;16m██[38;2;16;16;16m██[38;2;176;183;124m██[38;2;176;183;124m██[38;2;153;55;55m██[38;2;153;55;55m██[38;2;153;55;55m██[38;2;242;73;73m██[38;2;242;73;73m██[38;2;242;73;73m██[38;2;242;73;73m██[38;2;242;73;73m██[38;2;242;73;73m██[38;2;16;16;16m██                
                                [38;2;125;30;30m██[38;2;242;73;73m██[38;2;153;55;55m██[38;2;153;55;55m██[38;2;153;55;55m██[38;2;125;30;30m██[38;2;125;30;30m██[38;2;125;30;30m██[38;2;125;30;30m██[38;2;242;73;73m██[38;2;242;73;73m██[38;2;153;55;55m██[38;2;16;16;16m██[38;2;176;183;124m██[38;2;125;30;30m██[38;2;242;73;73m██[38;2;242;73;73m██[38;2;242;73;73m██[38;2;242;73;73m██[38;2;125;30;30m██[38;2;128;102;51m██[38;2;176;183;124m██[38;2;128;102;51m██[38;2;128;102;51m██[38;2;125;30;30m██[38;2;242;73;73m██[38;2;16;16;16m██[38;2;16;16;16m██[38;2;117;117;82m██[38;2;117;117;82m██[38;2;117;117;82m██[38;2;176;183;124m██[38;2;176;183;124m██[38;2;176;183;124m██[38;2;16;16;16m██[38;2;16;16;16m██[38;2;16;16;16m██[38;2;176;183;124m██[38;2;176;183;124m██[38;2;153;55;55m██[38;2;153;55;55m██[38;2;242;73;73m██[38;2;242;73;73m██[38;2;242;73;73m██[38;2;242;73;73m██[38;2;242;73;73m██[38;2;16;16;16m██              
                              [38;2;125;30;30m██[38;2;153;55;55m██[38;2;153;55;55m██[38;2;202;235;168m██[38;2;176;183;124m██[38;2;176;183;124m██[38;2;176;183;124m██[38;2;176;183;124m██[38;2;176;183;124m██[38;2;176;183;124m██[38;2;153;55;55m██[38;2;125;30;30m██[38;2;153;55;55m██[38;2;125;30;30m██[38;2;16;16;16m██[38;2;125;30;30m██[38;2;242;73;73m██[38;2;242;73;73m██[38;2;242;73;73m██[38;2;242;73;73m██[38;2;125;30;30m██[38;2;128;102;51m██[38;2;128;102;51m██[38;2;176;183;124m██[38;2;125;30;30m██[38;2;16;16;16m██[38;2;16;16;16m██[38;2;117;117;82m██[38;2;117;117;82m██[38;2;117;117;82m██[38;2;117;117;82m██[38;2;117;117;82m██[38;2;176;183;124m██[38;2;176;183;124m██[38;2;16;16;16m██[38;2;128;102;51m██[38;2;128;102;51m██[38;2;128;102;51m██[38;2;16;16;16m██[38;2;16;16;16m██[38;2;176;183;124m██[38;2;176;183;124m██[38;2;153;55;55m██[38;2;242;73;73m██[38;2;242;73;73m██[38;2;242;73;73m██[38;2;242;73;73m██[38;2;16;16;16m██              
                              [38;2;153;55;55m██[38;2;202;235;168m██[38;2;202;235;168m██[38;2;176;183;124m██[38;2;176;183;124m██[38;2;176;183;124m██[38;2;176;183;124m██[38;2;176;183;124m██[38;2;176;183;124m██[38;2;176;183;124m██[38;2;16;16;16m██[38;2;16;16;16m██[38;2;125;30;30m██[38;2;153;55;55m██[38;2;16;16;16m██[38;2;16;16;16m██[38;2;242;73;73m██[38;2;125;30;30m██[38;2;242;73;73m██[38;2;16;16;16m██[38;2;153;55;55m██[38;2;16;16;16m██[38;2;128;102;51m██[38;2;128;102;51m██[38;2;16;16;16m██[38;2;117;117;82m██[38;2;117;117;82m██[38;2;117;117;82m██[38;2;117;117;82m██[38;2;117;117;82m██[38;2;117;117;82m██[38;2;176;183;124m██[38;2;176;183;124m██[38;2;16;16;16m██[38;2;128;102;51m██[38;2;128;102;51m██[38;2;128;102;51m██[38;2;16;16;16m██    [38;2;16;16;16m██[38;2;176;183;124m██[38;2;202;235;168m██[38;2;153;55;55m██[38;2;242;73;73m██[38;2;242;73;73m██[38;2;242;73;73m██[38;2;153;55;55m██[38;2;16;16;16m██            
                            [38;2;128;102;51m██[38;2;202;235;168m██[38;2;202;235;168m██[38;2;202;235;168m██[38;2;176;183;124m██[38;2;176;183;124m██[38;2;176;183;124m██[38;2;176;183;124m██[38;2;176;183;124m██[38;2;176;183;124m██[38;2;16;16;16m██      [38;2;16;16;16m██[38;2;16;16;16m██[38;2;128;102;51m██[38;2;16;16;16m██[38;2;153;55;55m██[38;2;16;16;16m██[38;2;153;55;55m██[38;2;16;16;16m██[38;2;128;102;51m██[38;2;128;102;51m██[38;2;16;16;16m██[38;2;117;117;82m██[38;2;117;117;82m██[38;2;117;117;82m██[38;2;117;117;82m██[38;2;117;117;82m██[38;2;117;117;82m██[38;2;117;117;82m██[38;2;176;183;124m██[38;2;176;183;124m██[38;2;16;16;16m██[38;2;128;102;51m██[38;2;128;102;51m██[38;2;16;16;16m██        [38;2;128;102;51m██[38;2;202;235;168m██[38;2;176;183;124m██[38;2;242;73;73m██[38;2;242;73;73m██[38;2;242;73;73m██[38;2;153;55;55m██[38;2;16;16;16m██            
                            [38;2;128;102;51m██[38;2;202;235;168m██[38;2;202;235;168m██[38;2;176;183;124m██[38;2;176;183;124m██[38;2;176;183;124m██[38;2;176;183;124m██[38;2;176;183;124m██[38;2;176;183;124m██[38;2;16;16;16m██        [38;2;128;102;51m██[38;2;16;16;16m██[38;2;128;102;51m██[38;2;128;102;51m██[38;2;16;16;16m██[38;2;153;55;55m██[38;2;16;16;16m██[38;2;128;102;51m██[38;2;128;102;51m██[38;2;16;16;16m██[38;2;117;117;82m██[38;2;117;117;82m██[38;2;117;117;82m██[38;2;117;117;82m██[38;2;117;117;82m██[38;2;117;117;82m██[38;2;117;117;82m██[38;2;117;117;82m██[38;2;176;183;124m██[38;2;176;183;124m██[38;2;16;16;16m██[38;2;128;102;51m██[38;2;128;102;51m██[38;2;16;16;16m██        [38;2;128;102;51m██[38;2;176;183;124m██[38;2;202;235;168m██[38;2;153;55;55m██[38;2;242;73;73m██[38;2;242;73;73m██[38;2;176;183;124m██[38;2;16;16;16m██            
                          [38;2;128;102;51m██[38;2;202;235;168m██[38;2;202;235;168m██[38;2;202;235;168m██[38;2;176;183;124m██[38;2;176;183;124m██[38;2;176;183;124m██[38;2;176;183;124m██[38;2;176;183;124m██[38;2;16;16;16m██          [38;2;128;102;51m██[38;2;176;183;124m██[38;2;16;16;16m██[38;2;128;102;51m██[38;2;128;102;51m██[38;2;16;16;16m██[38;2;128;102;51m██[38;2;128;102;51m██[38;2;16;16;16m██[38;2;117;117;82m██[38;2;117;117;82m██[38;2;117;117;82m██[38;2;117;117;82m██[38;2;117;117;82m██[38;2;117;117;82m██[38;2;117;117;82m██[38;2;117;117;82m██[38;2;117;117;82m██[38;2;117;117;82m██[38;2;176;183;124m██[38;2;176;183;124m██[38;2;16;16;16m██[38;2;128;102;51m██[38;2;16;16;16m██          [38;2;128;102;51m██[38;2;202;235;168m██[38;2;153;55;55m██[38;2;242;73;73m██[38;2;153;55;55m██[38;2;202;235;168m██[38;2;16;16;16m██            
                          [38;2;128;102;51m██[38;2;202;235;168m██[38;2;202;235;168m██[38;2;202;235;168m██[38;2;176;183;124m██[38;2;176;183;124m██[38;2;176;183;124m██[38;2;176;183;124m██[38;2;176;183;124m██[38;2;16;16;16m██          [38;2;128;102;51m██[38;2;176;183;124m██[38;2;117;117;82m██[38;2;16;16;16m██[38;2;128;102;51m██[38;2;128;102;51m██[38;2;128;102;51m██[38;2;16;16;16m██[38;2;117;117;82m██[38;2;117;117;82m██[38;2;117;117;82m██[38;2;117;117;82m██[38;2;117;117;82m██[38;2;117;117;82m██[38;2;117;117;82m██[38;2;117;117;82m██[38;2;117;117;82m██[38;2;117;117;82m██[38;2;236;255;178m██[38;2;202;235;168m██[38;2;202;235;168m██[38;2;16;16;16m██[38;2;128;102;51m██[38;2;128;102;51m██[38;2;16;16;16m██        [38;2;128;102;51m██[38;2;202;235;168m██[38;2;153;55;55m██[38;2;153;55;55m██[38;2;202;235;168m██[38;2;202;235;168m██[38;2;16;16;16m██            
                          [38;2;128;102;51m██[38;2;202;235;168m██[38;2;202;235;168m██[38;2;202;235;168m██[38;2;202;235;168m██[38;2;176;183;124m██[38;2;176;183;124m██[38;2;176;183;124m██[38;2;16;16;16m██          [38;2;128;102;51m██[38;2;176;183;124m██[38;2;117;117;82m██[38;2;117;117;82m██[38;2;16;16;16m██[38;2;128;102;51m██[38;2;128;102;51m██[38;2;16;16;16m██[38;2;117;117;82m██[38;2;117;117;82m██[38;2;117;117;82m██[38;2;117;117;82m██[38;2;117;117;82m██[38;2;117;117;82m██[38;2;117;117;82m██[38;2;117;117;82m██[38;2;176;183;124m██[38;2;236;255;178m██[38;2;236;255;178m██[38;2;236;255;178m██[38;2;236;255;178m██[38;2;202;235;168m██[38;2;202;235;168m██[38;2;16;16;16m██[38;2;128;102;51m██[38;2;128;102;51m██[38;2;16;16;16m██      [38;2;128;102;51m██[38;2;202;235;168m██[38;2;202;235;168m██[38;2;202;235;168m██[38;2;202;235;168m██[38;2;16;16;16m██              
                          [38;2;128;102;51m██[38;2;202;235;168m██[38;2;202;235;168m██[38;2;202;235;168m██[38;2;202;235;168m██[38;2;176;183;124m██[38;2;176;183;124m██[38;2;176;183;124m██[38;2;16;16;16m██          [38;2;128;102;51m██[38;2;176;183;124m██[38;2;153;153;92m██[38;2;117;117;82m██[38;2;117;117;82m██[38;2;16;16;16m██[38;2;16;16;16m██[38;2;117;117;82m██[38;2;117;117;82m██[38;2;117;117;82m██[38;2;117;117;82m██[38;2;117;117;82m██[38;2;153;153;92m██[38;2;153;153;92m██[38;2;176;183;124m██[38;2;236;255;178m██[38;2;236;255;178m██[38;2;236;255;178m██[38;2;236;255;178m██[38;2;236;255;178m██[38;2;236;255;178m██[38;2;202;235;168m██[38;2;202;235;168m██[38;2;16;16;16m██[38;2;16;16;16m██[38;2;16;16;16m██[38;2;16;16;16m██      [38;2;128;102;51m██[38;2;202;235;168m██[38;2;202;235;168m██[38;2;202;235;168m██[38;2;202;235;168m██[38;2;16;16;16m██              
                          [38;2;128;102;51m██[38;2;202;235;168m██[38;2;202;235;168m██[38;2;202;235;168m██[38;2;202;235;168m██[38;2;176;183;124m██[38;2;176;183;124m██[38;2;176;183;124m██[38;2;16;16;16m██          [38;2;128;102;51m██[38;2;236;255;178m██[38;2;236;255;178m██[38;2;176;183;124m██[38;2;176;183;124m██[38;2;117;117;82m██[38;2;153;153;92m██[38;2;153;153;92m██[38;2;153;153;92m██[38;2;153;153;92m██[38;2;153;153;92m██[38;2;153;153;92m██[38;2;176;183;124m██[38;2;236;255;178m██[38;2;236;255;178m██[38;2;236;255;178m██[38;2;236;255;178m██[38;2;236;255;178m██[38;2;236;255;178m██[38;2;236;255;178m██[38;2;236;255;178m██[38;2;202;235;168m██[38;2;202;235;168m██[38;2;16;16;16m██            [38;2;128;102;51m██[38;2;202;235;168m██[38;2;202;235;168m██[38;2;202;235;168m██[38;2;176;183;124m██[38;2;16;16;16m██              
                          [38;2;128;102;51m██[38;2;202;235;168m██[38;2;202;235;168m██[38;2;202;235;168m██[38;2;202;235;168m██[38;2;202;235;168m██[38;2;176;183;124m██[38;2;16;16;16m██          [38;2;128;102;51m██[38;2;176;183;124m██[38;2;236;255;178m██[38;2;236;255;178m██[38;2;236;255;178m██[38;2;176;183;124m██[38;2;176;183;124m██[38;2;153;153;92m██[38;2;153;153;92m██[38;2;153;153;92m██[38;2;153;153;92m██[38;2;176;183;124m██[38;2;236;255;178m██[38;2;236;255;178m██[38;2;236;255;178m██[38;2;236;255;178m██[38;2;236;255;178m██[38;2;236;255;178m██[38;2;236;255;178m██[38;2;236;255;178m██[38;2;236;255;178m██[38;2;176;183;124m██[38;2;202;235;168m██[38;2;202;235;168m██[38;2;202;235;168m██[38;2;16;16;16m██        [38;2;128;102;51m██[38;2;202;235;168m██[38;2;202;235;168m██[38;2;202;235;168m██[38;2;202;235;168m██[38;2;16;16;16m██                
                            [38;2;128;102;51m██[38;2;202;235;168m██[38;2;202;235;168m██[38;2;202;235;168m██[38;2;202;235;168m██[38;2;176;183;124m██[38;2;16;16;16m██          [38;2;128;102;51m██[38;2;176;183;124m██[38;2;236;255;178m██[38;2;236;255;178m██[38;2;236;255;178m██[38;2;236;255;178m██[38;2;176;183;124m██[38;2;153;153;92m██[38;2;153;153;92m██[38;2;153;153;92m██[38;2;153;153;92m██[38;2;236;255;178m██[38;2;236;255;178m██[38;2;236;255;178m██[38;2;236;255;178m██[38;2;236;255;178m██[38;2;236;255;178m██[38;2;236;255;178m██[38;2;236;255;178m██[38;2;176;183;124m██[38;2;153;153;92m██[38;2;153;153;92m██[38;2;202;235;168m██[38;2;202;235;168m██[38;2;202;235;168m██[38;2;16;16;16m██        [38;2;128;102;51m██[38;2;202;235;168m██[38;2;202;235;168m██[38;2;202;235;168m██[38;2;202;235;168m██[38;2;16;16;16m██                
                            [38;2;128;102;51m██[38;2;202;235;168m██[38;2;202;235;168m██[38;2;202;235;168m██[38;2;202;235;168m██[38;2;202;235;168m██[38;2;16;16;16m██        [38;2;128;102;51m██[38;2;176;183;124m██[38;2;153;153;92m██[38;2;176;183;124m██[38;2;236;255;178m██[38;2;236;255;178m██[38;2;236;255;178m██[38;2;176;183;124m██[38;2;153;153;92m██[38;2;153;153;92m██[38;2;153;153;92m██[38;2;153;153;92m██[38;2;236;255;178m██[38;2;236;255;178m██[38;2;236;255;178m██[38;2;236;255;178m██[38;2;236;255;178m██[38;2;176;183;124m██[38;2;153;153;92m██[38;2;153;153;92m██[38;2;153;153;92m██[38;2;153;153;92m██[38;2;153;153;92m██[38;2;202;235;168m██[38;2;202;235;168m██[38;2;202;235;168m██[38;2;16;16;16m██        [38;2;128;102;51m██[38;2;202;235;168m██[38;2;202;235;168m██[38;2;202;235;168m██[38;2;16;16;16m██                  
                              [38;2;128;102;51m██[38;2;202;235;168m██[38;2;202;235;168m██[38;2;202;235;168m██[38;2;202;235;168m██[38;2;16;16;16m██        [38;2;128;102;51m██[38;2;176;183;124m██[38;2;153;153;92m██[38;2;153;153;92m██[38;2;176;183;124m██[38;2;176;183;124m██[38;2;176;183;124m██[38;2;153;153;92m██[38;2;153;153;92m██[38;2;153;153;92m██[38;2;153;153;92m██[38;2;153;153;92m██[38;2;153;153;92m██[38;2;153;153;92m██[38;2;153;153;92m██[38;2;153;153;92m██[38;2;153;153;92m██[38;2;153;153;92m██[38;2;153;153;92m██[38;2;153;153;92m██[38;2;153;153;92m██[38;2;153;153;92m██[38;2;153;153;92m██[38;2;202;235;168m██[38;2;202;235;168m██[38;2;202;235;168m██[38;2;16;16;16m██      [38;2;128;102;51m██[38;2;202;235;168m██[38;2;202;235;168m██[38;2;202;235;168m██[38;2;202;235;168m██[38;2;16;16;16m██                  
                              [38;2;128;102;51m██[38;2;202;235;168m██[38;2;202;235;168m██[38;2;202;235;168m██[38;2;202;235;168m██[38;2;16;16;16m██        [38;2;128;102;51m██[38;2;176;183;124m██[38;2;153;153;92m██[38;2;153;153;92m██[38;2;176;183;124m██[38;2;176;183;124m██[38;2;153;153;92m██[38;2;153;153;92m██[38;2;153;153;92m██[38;2;153;153;92m██[38;2;153;153;92m██[38;2;153;153;92m██[38;2;153;153;92m██[38;2;153;153;92m██[38;2;153;153;92m██[38;2;153;153;92m██[38;2;153;153;92m██[38;2;153;153;92m██[38;2;153;153;92m██[38;2;153;153;92m██[38;2;153;153;92m██[38;2;153;153;92m██[38;2;153;153;92m██[38;2;202;235;168m██[38;2;202;235;168m██[38;2;202;235;168m██[38;2;16;16;16m██      [38;2;128;102;51m██[38;2;202;235;168m██[38;2;202;235;168m██[38;2;202;235;168m██[38;2;16;16;16m██                    
                              [38;2;128;102;51m██[38;2;202;235;168m██[38;2;202;235;168m██[38;2;202;235;168m██[38;2;202;235;168m██[38;2;16;16;16m██      [38;2;128;102;51m██[38;2;202;235;168m██[38;2;153;153;92m██[38;2;153;153;92m██[38;2;153;153;92m██[38;2;176;183;124m██[38;2;236;255;178m██[38;2;176;183;124m██[38;2;153;153;92m██[38;2;153;153;92m██[38;2;153;153;92m██[38;2;153;153;92m██[38;2;176;183;124m██[38;2;236;255;178m██[38;2;236;255;178m██[38;2;176;183;124m██[38;2;153;153;92m██[38;2;153;153;92m██[38;2;153;153;92m██[38;2;153;153;92m██[38;2;153;153;92m██[38;2;153;153;92m██[38;2;153;153;92m██[38;2;153;153;92m██[38;2;202;235;168m██[38;2;202;235;168m██[38;2;16;16;16m██      [38;2;128;102;51m██[38;2;202;235;168m██[38;2;202;235;168m██[38;2;202;235;168m██[38;2;202;235;168m██[38;2;16;16;16m██                    
                                [38;2;128;102;51m██[38;2;202;235;168m██[38;2;202;235;168m██[38;2;202;235;168m██[38;2;16;16;16m██      [38;2;128;102;51m██[38;2;202;235;168m██[38;2;153;153;92m██[38;2;153;153;92m██[38;2;176;183;124m██[38;2;236;255;178m██[38;2;236;255;178m██[38;2;236;255;178m██[38;2;153;153;92m██[38;2;153;153;92m██[38;2;153;153;92m██[38;2;153;153;92m██[38;2;236;255;178m██[38;2;236;255;178m██[38;2;236;255;178m██[38;2;236;255;178m██[38;2;153;153;92m██[38;2;153;153;92m██[38;2;153;153;92m██[38;2;153;153;92m██[38;2;153;153;92m██[38;2;153;153;92m██[38;2;153;153;92m██[38;2;153;153;92m██[38;2;202;235;168m██[38;2;202;235;168m██[38;2;16;16;16m██      [38;2;128;102;51m██[38;2;202;235;168m██[38;2;202;235;168m██[38;2;202;235;168m██[38;2;16;16;16m██                      
                                [38;2;128;102;51m██[38;2;202;235;168m██[38;2;202;235;168m██[38;2;202;235;168m██[38;2;16;16;16m██      [38;2;128;102;51m██[38;2;202;235;168m██[38;2;153;153;92m██[38;2;153;153;92m██[38;2;176;183;124m██[38;2;236;255;178m██[38;2;236;255;178m██[38;2;236;255;178m██[38;2;153;153;92m██[38;2;153;153;92m██[38;2;153;153;92m██[38;2;153;153;92m██[38;2;236;255;178m██[38;2;236;255;178m██[38;2;236;255;178m██[38;2;236;255;178m██[38;2;153;153;92m██[38;2;153;153;92m██[38;2;153;153;92m██[38;2;153;153;92m██[38;2;153;153;92m██[38;2;153;153;92m██[38;2;153;153;92m██[38;2;176;183;124m██[38;2;202;235;168m██[38;2;202;235;168m██[38;2;16;16;16m██      [38;2;128;102;51m██[38;2;202;235;168m██[38;2;202;235;168m██[38;2;202;235;168m██[38;2;16;16;16m██                      
                                [38;2;128;102;51m██[38;2;202;235;168m██[38;2;202;235;168m██[38;2;202;235;168m██[38;2;16;16;16m██      [38;2;16;16;16m██[38;2;202;235;168m██[38;2;153;153;92m██[38;2;153;153;92m██[38;2;176;183;124m██[38;2;236;255;178m██[38;2;236;255;178m██[38;2;236;255;178m██[38;2;153;153;92m██[38;2;153;153;92m██[38;2;153;153;92m██[38;2;153;153;92m██[38;2;236;255;178m██[38;2;236;255;178m██[38;2;236;255;178m██[38;2;236;255;178m██[38;2;153;153;92m██[38;2;153;153;92m██[38;2;153;153;92m██[38;2;153;153;92m██[38;2;153;153;92m██[38;2;153;153;92m██[38;2;153;153;92m██[38;2;176;183;124m██[38;2;202;235;168m██[38;2;16;16;16m██      [38;2;128;102;51m██[38;2;202;235;168m██[38;2;202;235;168m██[38;2;202;235;168m██[38;2;16;16;16m██                        
                                [38;2;128;102;51m██[38;2;202;235;168m██[38;2;202;235;168m██[38;2;16;16;16m██        [38;2;16;16;16m██[38;2;202;235;168m██[38;2;176;183;124m██[38;2;153;153;92m██[38;2;176;183;124m██[38;2;176;183;124m██[38;2;236;255;178m██[38;2;176;183;124m██[38;2;153;153;92m██[38;2;153;153;92m██[38;2;153;153;92m██[38;2;153;153;92m██[38;2;176;183;124m██[38;2;236;255;178m██[38;2;236;255;178m██[38;2;176;183;124m██[38;2;153;153;92m██[38;2;153;153;92m██[38;2;153;153;92m██[38;2;153;153;92m██[38;2;153;153;92m██[38;2;153;153;92m██[38;2;153;153;92m██[38;2;202;235;168m██[38;2;202;235;168m██[38;2;16;16;16m██      [38;2;128;102;51m██[38;2;202;235;168m██[38;2;202;235;168m██[38;2;202;235;168m██[38;2;16;16;16m██                        
                              [38;2;128;102;51m██[38;2;202;235;168m██[38;2;202;235;168m██[38;2;202;235;168m██[38;2;16;16;16m██        [38;2;16;16;16m██[38;2;202;235;168m██[38;2;176;183;124m██[38;2;153;153;92m██[38;2;176;183;124m██[38;2;176;183;124m██[38;2;176;183;124m██[38;2;153;153;92m██[38;2;153;153;92m██[38;2;153;153;92m██[38;2;153;153;92m██[38;2;153;153;92m██[38;2;153;153;92m██[38;2;153;153;92m██[38;2;153;153;92m██[38;2;153;153;92m██[38;2;153;153;92m██[38;2;153;153;92m██[38;2;153;153;92m██[38;2;153;153;92m██[38;2;153;153;92m██[38;2;153;153;92m██[38;2;153;153;92m██[38;2;202;235;168m██[38;2;202;235;168m██[38;2;16;16;16m██      [38;2;128;102;51m██[38;2;202;235;168m██[38;2;202;235;168m██[38;2;16;16;16m██                          
                              [38;2;128;102;51m██[38;2;202;235;168m██[38;2;202;235;168m██[38;2;202;235;168m██[38;2;16;16;16m██          [38;2;128;102;51m██[38;2;202;235;168m██[38;2;153;153;92m██[38;2;176;183;124m██[38;2;176;183;124m██[38;2;176;183;124m██[38;2;153;153;92m██[38;2;153;153;92m██[38;2;153;153;92m██[38;2;153;153;92m██[38;2;153;153;92m██[38;2;153;153;92m██[38;2;153;153;92m██[38;2;153;153;92m██[38;2;153;153;92m██[38;2;153;153;92m██[38;2;153;153;92m██[38;2;153;153;92m██[38;2;153;153;92m██[38;2;153;153;92m██[38;2;153;153;92m██[38;2;153;153;92m██[38;2;202;235;168m██[38;2;16;16;16m██        [38;2;128;102;51m██[38;2;202;235;168m██[38;2;202;235;168m██[38;2;16;16;16m██                          
                            [38;2;128;102;51m██[38;2;202;235;168m██[38;2;202;235;168m██[38;2;202;235;168m██[38;2;16;16;16m██            [38;2;16;16;16m██[38;2;202;235;168m██[38;2;176;183;124m██[38;2;153;153;92m██[38;2;176;183;124m██[38;2;176;183;124m██[38;2;153;153;92m██[38;2;153;153;92m██[38;2;153;153;92m██[38;2;153;153;92m██[38;2;153;153;92m██[38;2;153;153;92m██[38;2;153;153;92m██[38;2;153;153;92m██[38;2;153;153;92m██[38;2;153;153;92m██[38;2;153;153;92m██[38;2;153;153;92m██[38;2;16;16;16m██[38;2;153;153;92m██[38;2;153;153;92m██[38;2;176;183;124m██[38;2;202;235;168m██[38;2;16;16;16m██      [38;2;128;102;51m██[38;2;202;235;168m██[38;2;202;235;168m██[38;2;16;16;16m██                            
                          [38;2;128;102;51m██[38;2;202;235;168m██[38;2;202;235;168m██[38;2;202;235;168m██[38;2;202;235;168m██[38;2;16;16;16m██            [38;2;16;16;16m██[38;2;202;235;168m██[38;2;176;183;124m██[38;2;153;153;92m██[38;2;176;183;124m██[38;2;176;183;124m██[38;2;236;255;178m██[38;2;176;183;124m██[38;2;153;153;92m██[38;2;153;153;92m██[38;2;153;153;92m██[38;2;176;183;124m██[38;2;236;255;178m██[38;2;176;183;124m██[38;2;153;153;92m██[38;2;153;153;92m██[38;2;153;153;92m██[38;2;16;16;16m██[38;2;253;253;253m██[38;2;16;16;16m██[38;2;153;153;92m██[38;2;202;235;168m██[38;2;202;235;168m██[38;2;16;16;16m██      [38;2;128;102;51m██[38;2;202;235;168m██[38;2;202;235;168m██[38;2;16;16;16m██                            
                        [38;2;128;102;51m██[38;2;202;235;168m██[38;2;202;235;168m██[38;2;202;235;168m██[38;2;202;235;168m██[38;2;16;16;16m██                [38;2;16;16;16m██[38;2;202;235;168m██[38;2;153;153;92m██[38;2;153;153;92m██[38;2;176;183;124m██[38;2;236;255;178m██[38;2;236;255;178m██[38;2;153;153;92m██[38;2;153;153;92m██[38;2;153;153;92m██[38;2;236;255;178m██[38;2;236;255;178m██[38;2;236;255;178m██[38;2;153;153;92m██[38;2;153;153;92m██[38;2;153;153;92m██[38;2;16;16;16m██[38;2;253;253;253m██[38;2;16;16;16m██[38;2;153;153;92m██[38;2;202;235;168m██[38;2;16;16;16m██        [38;2;128;102;51m██[38;2;202;235;168m██[38;2;202;235;168m██[38;2;16;16;16m██                            
                      [38;2;128;102;51m██[38;2;202;235;168m██[38;2;202;235;168m██[38;2;202;235;168m██[38;2;176;183;124m██[38;2;16;16;16m██                  [38;2;16;16;16m██[38;2;202;235;168m██[38;2;176;183;124m██[38;2;153;153;92m██[38;2;176;183;124m██[38;2;236;255;178m██[38;2;236;255;178m██[38;2;153;153;92m██[38;2;153;153;92m██[38;2;153;153;92m██[38;2;236;255;178m██[38;2;236;255;178m██[38;2;236;255;178m██[38;2;153;153;92m██[38;2;153;153;92m██[38;2;16;16;16m██[38;2;253;253;253m██[38;2;253;253;253m██[38;2;253;253;253m██[38;2;16;16;16m██[38;2;202;235;168m██[38;2;16;16;16m██        [38;2;128;102;51m██[38;2;202;235;168m██[38;2;16;16;16m██                              
                  [38;2;128;102;51m██[38;2;128;102;51m██[38;2;202;235;168m██[38;2;202;235;168m██[38;2;202;235;168m██[38;2;16;16;16m██[38;2;16;16;16m██                    [38;2;128;102;51m██[38;2;16;16;16m██[38;2;202;235;168m██[38;2;153;153;92m██[38;2;176;183;124m██[38;2;176;183;124m██[38;2;236;255;178m██[38;2;153;153;92m██[38;2;153;153;92m██[38;2;153;153;92m██[38;2;176;183;124m██[38;2;236;255;178m██[38;2;176;183;124m██[38;2;153;153;92m██[38;2;153;153;92m██[38;2;16;16;16m██[38;2;253;253;253m██[38;2;253;253;253m██[38;2;253;253;253m██[38;2;16;16;16m██[38;2;202;235;168m██[38;2;16;16;16m██        [38;2;128;102;51m██[38;2;202;235;168m██[38;2;16;16;16m██                              
                [38;2;128;102;51m██[38;2;176;183;124m██[38;2;202;235;168m██[38;2;202;235;168m██[38;2;176;183;124m██[38;2;16;16;16m██                        [38;2;128;102;51m██[38;2;16;16;16m██[38;2;202;235;168m██[38;2;176;183;124m██[38;2;153;153;92m██[38;2;176;183;124m██[38;2;153;153;92m██[38;2;153;153;92m██[38;2;153;153;92m██[38;2;153;153;92m██[38;2;153;153;92m██[38;2;153;153;92m██[38;2;153;153;92m██[38;2;153;153;92m██[38;2;117;117;82m██[38;2;16;16;16m██[38;2;253;253;253m██[38;2;253;253;253m██[38;2;253;253;253m██[38;2;253;253;253m██[38;2;16;16;16m██          [38;2;128;102;51m██[38;2;202;235;168m██[38;2;128;102;51m██                              
              [38;2;128;102;51m██[38;2;202;235;168m██[38;2;202;235;168m██[38;2;176;183;124m██[38;2;176;183;124m██[38;2;128;102;51m██                          [38;2;128;102;51m██[38;2;202;235;168m██[38;2;16;16;16m██[38;2;202;235;168m██[38;2;117;117;82m██[38;2;176;183;124m██[38;2;176;183;124m██[38;2;153;153;92m██[38;2;153;153;92m██[38;2;153;153;92m██[38;2;153;153;92m██[38;2;153;153;92m██[38;2;153;153;92m██[38;2;117;117;82m██[38;2;16;16;16m██[38;2;253;253;253m██[38;2;253;253;253m██[38;2;253;253;253m██[38;2;253;253;253m██[38;2;253;253;253m██[38;2;16;16;16m██          [38;2;128;102;51m██[38;2;202;235;168m██[38;2;176;183;124m██[38;2;128;102;51m██                            
            [38;2;128;102;51m██[38;2;202;235;168m██[38;2;202;235;168m██[38;2;176;183;124m██[38;2;253;253;253m██[38;2;253;253;253m██[38;2;128;102;51m██                        [38;2;128;102;51m██[38;2;202;235;168m██[38;2;202;235;168m██[38;2;16;16;16m██[38;2;202;235;168m██[38;2;176;183;124m██[38;2;117;117;82m██[38;2;176;183;124m██[38;2;153;153;92m██[38;2;153;153;92m██[38;2;153;153;92m██[38;2;153;153;92m██[38;2;117;117;82m██[38;2;117;117;82m██[38;2;117;117;82m██[38;2;16;16;16m██[38;2;253;253;253m██[38;2;253;253;253m██[38;2;253;253;253m██[38;2;253;253;253m██[38;2;253;253;253m██[38;2;253;253;253m██[38;2;16;16;16m██        [38;2;128;102;51m██[38;2;202;235;168m██[38;2;176;183;124m██[38;2;253;253;253m██[38;2;128;102;51m██[38;2;128;102;51m██                        
          [38;2;128;102;51m██[38;2;202;235;168m██[38;2;202;235;168m██[38;2;176;183;124m██[38;2;253;253;253m██[38;2;253;253;253m██[38;2;253;253;253m██[38;2;128;102;51m██                        [38;2;128;102;51m██[38;2;202;235;168m██[38;2;202;235;168m██[38;2;202;235;168m██[38;2;16;16;16m██[38;2;202;235;168m██[38;2;153;153;92m██[38;2;236;255;178m██[38;2;176;183;124m██[38;2;117;117;82m██[38;2;117;117;82m██[38;2;176;183;124m██[38;2;236;255;178m██[38;2;176;183;124m██[38;2;117;117;82m██[38;2;16;16;16m██[38;2;253;253;253m██[38;2;253;253;253m██[38;2;253;253;253m██[38;2;253;253;253m██[38;2;253;253;253m██[38;2;253;253;253m██[38;2;253;253;253m██[38;2;128;102;51m██      [38;2;128;102;51m██[38;2;202;235;168m██[38;2;176;183;124m██[38;2;253;253;253m██[38;2;253;253;253m██[38;2;253;253;253m██[38;2;128;102;51m██[38;2;128;102;51m██                    
        [38;2;128;102;51m██[38;2;202;235;168m██[38;2;202;235;168m██[38;2;176;183;124m██[38;2;253;253;253m██[38;2;253;253;253m██[38;2;253;253;253m██[38;2;253;253;253m██[38;2;128;102;51m██                      [38;2;128;102;51m██[38;2;202;235;168m██[38;2;202;235;168m██[38;2;202;235;168m██[38;2;202;235;168m██[38;2;16;16;16m██[38;2;202;235;168m██[38;2;176;183;124m██[38;2;236;255;178m██[38;2;236;255;178m██[38;2;117;117;82m██[38;2;117;117;82m██[38;2;236;255;178m██[38;2;236;255;178m██[38;2;236;255;178m██[38;2;117;117;82m██[38;2;16;16;16m██[38;2;253;253;253m██[38;2;253;253;253m██[38;2;253;253;253m██[38;2;253;253;253m██[38;2;253;253;253m██[38;2;253;253;253m██[38;2;253;253;253m██[38;2;253;253;253m██[38;2;128;102;51m██    [38;2;128;102;51m██[38;2;176;183;124m██[38;2;202;235;168m██[38;2;176;183;124m██[38;2;253;253;253m██[38;2;253;253;253m██[38;2;253;253;253m██[38;2;253;253;253m██[38;2;16;16;16m██                  
      [38;2;128;102;51m██[38;2;202;235;168m██[38;2;202;235;168m██[38;2;176;183;124m██[38;2;253;253;253m██[38;2;253;253;253m██[38;2;253;253;253m██[38;2;253;253;253m██[38;2;253;253;253m██[38;2;253;253;253m██[38;2;128;102;51m██                    [38;2;128;102;51m██[38;2;202;235;168m██[38;2;202;235;168m██[38;2;202;235;168m██[38;2;202;235;168m██[38;2;202;235;168m██[38;2;16;16;16m██[38;2;202;235;168m██[38;2;176;183;124m██[38;2;236;255;178m██[38;2;117;117;82m██[38;2;117;117;82m██[38;2;176;183;124m██[38;2;236;255;178m██[38;2;176;183;124m██[38;2;16;16;16m██[38;2;253;253;253m██[38;2;253;253;253m██[38;2;253;253;253m██[38;2;253;253;253m██[38;2;253;253;253m██[38;2;253;253;253m██[38;2;253;253;253m██[38;2;253;253;253m██[38;2;253;253;253m██[38;2;253;253;253m██[38;2;128;102;51m██    [38;2;128;102;51m██[38;2;202;235;168m██[38;2;176;183;124m██[38;2;253;253;253m██[38;2;253;253;253m██[38;2;253;253;253m██[38;2;253;253;253m██[38;2;16;16;16m██                  
      [38;2;128;102;51m██[38;2;202;235;168m██[38;2;176;183;124m██[38;2;253;253;253m██[38;2;253;253;253m██[38;2;253;253;253m██[38;2;253;253;253m██[38;2;253;253;253m██[38;2;253;253;253m██[38;2;253;253;253m██[38;2;128;102;51m██                      [38;2;128;102;51m██[38;2;202;235;168m██[38;2;202;235;168m██[38;2;202;235;168m██[38;2;202;235;168m██[38;2;16;16;16m██[38;2;202;235;168m██[38;2;176;183;124m██[38;2;117;117;82m██[38;2;117;117;82m██[38;2;117;117;82m██[38;2;117;117;82m██[38;2;117;117;82m██[38;2;117;117;82m██[38;2;16;16;16m██[38;2;253;253;253m██[38;2;253;253;253m██[38;2;253;253;253m██[38;2;253;253;253m██[38;2;253;253;253m██[38;2;253;253;253m██[38;2;253;253;253m██[38;2;253;253;253m██[38;2;253;253;253m██[38;2;202;235;168m██[38;2;128;102;51m██    [38;2;128;102;51m██[38;2;202;235;168m██[38;2;176;183;124m██[38;2;253;253;253m██[38;2;253;253;253m██[38;2;253;253;253m██[38;2;253;253;253m██[38;2;16;16;16m██                  
    [38;2;128;102;51m██[38;2;202;235;168m██[38;2;202;235;168m██[38;2;176;183;124m██[38;2;253;253;253m██[38;2;253;253;253m██[38;2;253;253;253m██[38;2;253;253;253m██[38;2;128;102;51m██[38;2;128;102;51m██[38;2;128;102;51m██                        [38;2;128;102;51m██[38;2;202;235;168m██[38;2;202;235;168m██[38;2;202;235;168m██[38;2;202;235;168m██[38;2;202;235;168m██[38;2;16;16;16m██[38;2;202;235;168m██[38;2;117;117;82m██[38;2;117;117;82m██[38;2;117;117;82m██[38;2;117;117;82m██[38;2;117;117;82m██[38;2;117;117;82m██[38;2;16;16;16m██[38;2;253;253;253m██[38;2;253;253;253m██[38;2;253;253;253m██[38;2;253;253;253m██[38;2;253;253;253m██[38;2;253;253;253m██[38;2;253;253;253m██[38;2;253;253;253m██[38;2;253;253;253m██[38;2;128;102;51m██        [38;2;128;102;51m██[38;2;202;235;168m██[38;2;176;183;124m██[38;2;253;253;253m██[38;2;253;253;253m██[38;2;253;253;253m██[38;2;253;253;253m██[38;2;16;16;16m██                
    [38;2;128;102;51m██[38;2;202;235;168m██[38;2;176;183;124m██[38;2;253;253;253m██[38;2;253;253;253m██[38;2;253;253;253m██[38;2;128;102;51m██[38;2;128;102;51m██                                [38;2;128;102;51m██[38;2;202;235;168m██[38;2;202;235;168m██[38;2;202;235;168m██[38;2;202;235;168m██[38;2;202;235;168m██[38;2;16;16;16m██[38;2;202;235;168m██[38;2;117;117;82m██[38;2;117;117;82m██[38;2;117;117;82m██[38;2;117;117;82m██[38;2;117;117;82m██[38;2;16;16;16m██[38;2;253;253;253m██[38;2;253;253;253m██[38;2;253;253;253m██[38;2;253;253;253m██[38;2;253;253;253m██[38;2;253;253;253m██[38;2;253;253;253m██[38;2;253;253;253m██[38;2;128;102;51m██          [38;2;128;102;51m██[38;2;202;235;168m██[38;2;176;183;124m██[38;2;253;253;253m██[38;2;253;253;253m██[38;2;253;253;253m██[38;2;253;253;253m██[38;2;16;16;16m██                
  [38;2;128;102;51m██[38;2;202;235;168m██[38;2;176;183;124m██[38;2;253;253;253m██[38;2;253;253;253m██[38;2;253;253;253m██[38;2;128;102;51m██                                      [38;2;128;102;51m██[38;2;202;235;168m██[38;2;202;235;168m██[38;2;202;235;168m██[38;2;202;235;168m██[38;2;128;102;51m██[38;2;128;102;51m██[38;2;176;183;124m██[38;2;117;117;82m██[38;2;117;117;82m██[38;2;117;117;82m██[38;2;117;117;82m██[38;2;16;16;16m██[38;2;253;253;253m██[38;2;253;253;253m██[38;2;253;253;253m██[38;2;253;253;253m██[38;2;253;253;253m██[38;2;253;253;253m██[38;2;253;253;253m██[38;2;253;253;253m██[38;2;128;102;51m██            [38;2;128;102;51m██[38;2;202;235;168m██[38;2;176;183;124m██[38;2;253;253;253m██[38;2;253;253;253m██[38;2;253;253;253m██[38;2;16;16;16m██                
  [38;2;128;102;51m██[38;2;202;235;168m██[38;2;176;183;124m██[38;2;253;253;253m██[38;2;253;253;253m██[38;2;128;102;51m██                                          [38;2;128;102;51m██[38;2;202;235;168m██[38;2;202;235;168m██[38;2;202;235;168m██[38;2;202;235;168m██[38;2;16;16;16m██[38;2;202;235;168m██[38;2;176;183;124m██[38;2;117;117;82m██[38;2;117;117;82m██[38;2;117;117;82m██[38;2;16;16;16m██[38;2;253;253;253m██[38;2;253;253;253m██[38;2;253;253;253m██[38;2;253;253;253m██[38;2;253;253;253m██[38;2;253;253;253m██[38;2;253;253;253m██[38;2;128;102;51m██              [38;2;128;102;51m██[38;2;202;235;168m██[38;2;202;235;168m██[38;2;176;183;124m██[38;2;253;253;253m██[38;2;253;253;253m██[38;2;253;253;253m██[38;2;16;16;16m██              
  [38;2;128;102;51m██[38;2;176;183;124m██[38;2;253;253;253m██[38;2;253;253;253m██[38;2;16;16;16m██                                              [38;2;128;102;51m██[38;2;202;235;168m██[38;2;202;235;168m██[38;2;202;235;168m██[38;2;202;235;168m██[38;2;16;16;16m██[38;2;176;183;124m██[38;2;176;183;124m██[38;2;117;117;82m██[38;2;117;117;82m██[38;2;16;16;16m██[38;2;253;253;253m██[38;2;253;253;253m██[38;2;253;253;253m██[38;2;253;253;253m██[38;2;253;253;253m██[38;2;253;253;253m██[38;2;253;253;253m██[38;2;128;102;51m██                [38;2;128;102;51m██[38;2;202;235;168m██[38;2;176;183;124m██[38;2;253;253;253m██[38;2;253;253;253m██[38;2;253;253;253m██[38;2;16;16;16m██              
[38;2;128;102;51m██[38;2;202;235;168m██[38;2;176;183;124m██[38;2;253;253;253m██[38;2;16;16;16m██                                                  [38;2;128;102;51m██[38;2;202;235;168m██[38;2;202;235;168m██[38;2;202;235;168m██[38;2;202;235;168m██[38;2;16;16;16m██[38;2;176;183;124m██[38;2;176;183;124m██[38;2;176;183;124m██[38;2;16;16;16m██[38;2;253;253;253m██[38;2;253;253;253m██[38;2;253;253;253m██[38;2;253;253;253m██[38;2;253;253;253m██[38;2;253;253;253m██[38;2;128;102;51m██                    [38;2;128;102;51m██[38;2;202;235;168m██[38;2;176;183;124m██[38;2;253;253;253m██[38;2;253;253;253m██[38;2;253;253;253m██[38;2;16;16;16m██            
[38;2;128;102;51m██[38;2;202;235;168m██[38;2;253;253;253m██[38;2;16;16;16m██                                                      [38;2;16;16;16m██[38;2;128;102;51m██[38;2;202;235;168m██[38;2;202;235;168m██[38;2;202;235;168m██[38;2;16;16;16m██[38;2;128;102;51m██[38;2;176;183;124m██[38;2;16;16;16m██[38;2;253;253;253m██[38;2;253;253;253m██[38;2;253;253;253m██[38;2;253;253;253m██[38;2;253;253;253m██[38;2;253;253;253m██[38;2;16;16;16m██                      [38;2;128;102;51m██[38;2;202;235;168m██[38;2;176;183;124m██[38;2;253;253;253m██[38;2;253;253;253m██[38;2;16;16;16m██            
[38;2;128;102;51m██[38;2;202;235;168m██[38;2;253;253;253m██[38;2;16;16;16m██                                                          [38;2;16;16;16m██[38;2;202;235;168m██[38;2;202;235;168m██[38;2;202;235;168m██[38;2;128;102;51m██[38;2;16;16;16m██[38;2;16;16;16m██[38;2;202;235;168m██[38;2;253;253;253m██[38;2;253;253;253m██[38;2;253;253;253m██[38;2;253;253;253m██[38;2;202;235;168m██[38;2;16;16;16m██                        [38;2;16;16;16m██[38;2;202;235;168m██[38;2;176;183;124m██[38;2;202;235;168m██[38;2;253;253;253m██[38;2;16;16;16m██          
[38;2;128;102;51m██[38;2;202;235;168m██[38;2;16;16;16m██                                                              [38;2;16;16;16m██[38;2;202;235;168m██[38;2;202;235;168m██[38;2;202;235;168m██[38;2;202;235;168m██[38;2;202;235;168m██[38;2;16;16;16m██[38;2;253;253;253m██[38;2;253;253;253m██[38;2;253;253;253m██[38;2;202;235;168m██[38;2;16;16;16m██                            [38;2;16;16;16m██[38;2;202;235;168m██[38;2;176;183;124m██[38;2;202;235;168m██[38;2;202;235;168m██[38;2;16;16;16m██        
[38;2;128;102;51m██[38;2;202;235;168m██[38;2;16;16;16m██                                                                [38;2;16;16;16m██[38;2;202;235;168m██[38;2;202;235;168m██[38;2;202;235;168m██[38;2;202;235;168m██[38;2;16;16;16m██[38;2;202;235;168m██[38;2;202;235;168m██[38;2;202;235;168m██[38;2;202;235;168m██[38;2;16;16;16m██                              [38;2;16;16;16m██[38;2;202;235;168m██[38;2;128;102;51m██[38;2;176;183;124m██[38;2;202;235;168m██[38;2;16;16;16m██      
  [38;2;128;102;51m██[38;2;16;16;16m██                                                              [38;2;128;102;51m██[38;2;202;235;168m██[38;2;128;102;51m██[38;2;202;235;168m██[38;2;202;235;168m██[38;2;202;235;168m██[38;2;16;16;16m██[38;2;202;235;168m██[38;2;202;235;168m██[38;2;202;235;168m██[38;2;202;235;168m██[38;2;16;16;16m██                                [38;2;16;16;16m██[38;2;16;16;16m██[38;2;202;235;168m██[38;2;128;102;51m██[38;2;202;235;168m██[38;2;16;16;16m██    
  [38;2;128;102;51m██[38;2;16;16;16m██                                                          [38;2;128;102;51m██[38;2;128;102;51m██[38;2;202;235;168m██[38;2;202;235;168m██[38;2;202;235;168m██[38;2;202;235;168m██[38;2;202;235;168m██[38;2;202;235;168m██[38;2;16;16;16m██[38;2;128;102;51m██[38;2;202;235;168m██[38;2;202;235;168m██[38;2;202;235;168m██[38;2;16;16;16m██  [38;2;128;102;51m██[38;2;128;102;51m██[38;2;128;102;51m██[38;2;128;102;51m██                          [38;2;16;16;16m██[38;2;16;16;16m██[38;2;176;183;124m██[38;2;176;183;124m██[38;2;16;16;16m██  
    [38;2;16;16;16m██                                                      [38;2;128;102;51m██[38;2;128;102;51m██[38;2;253;253;253m██[38;2;253;253;253m██[38;2;253;253;253m██[38;2;253;253;253m██[38;2;202;235;168m██[38;2;202;235;168m██[38;2;202;235;168m██[38;2;16;16;16m██  [38;2;128;102;51m██[38;2;202;235;168m██[38;2;202;235;168m██[38;2;202;235;168m██[38;2;202;235;168m██[38;2;128;102;51m██[38;2;253;253;253m██[38;2;253;253;253m██[38;2;253;253;253m██[38;2;253;253;253m██[38;2;128;102;51m██[38;2;128;102;51m██                          [38;2;16;16;16m██[38;2;16;16;16m██[38;2;16;16;16m██[38;2;16;16;16m██
                                                        [38;2;128;102;51m██[38;2;202;235;168m██[38;2;253;253;253m██[38;2;253;253;253m██[38;2;253;253;253m██[38;2;253;253;253m██[38;2;253;253;253m██[38;2;253;253;253m██[38;2;16;16;16m██[38;2;16;16;16m██[38;2;16;16;16m██      [38;2;128;102;51m██[38;2;202;235;168m██[38;2;202;235;168m██[38;2;128;102;51m██[38;2;253;253;253m██[38;2;253;253;253m██[38;2;253;253;253m██[38;2;253;253;253m██[38;2;253;253;253m██[38;2;253;253;253m██[38;2;253;253;253m██[38;2;128;102;51m██                                
                                                          [38;2;16;16;16m██[38;2;16;16;16m██[38;2;16;16;16m██[38;2;16;16;16m██[38;2;16;16;16m██[38;2;16;16;16m██[38;2;16;16;16m██              [38;2;128;102;51m██[38;2;202;235;168m██[38;2;253;253;253m██[38;2;253;253;253m██[38;2;253;253;253m██[38;2;128;102;51m██[38;2;128;102;51m██[38;2;16;16;16m██[38;2;16;16;16m██[38;2;16;16;16m██[38;2;253;253;253m██[38;2;128;102;51m██                              
                                                                                        [38;2;16;16;16m██[38;2;16;16;16m██[38;2;16;16;16m██[38;2;16;16;16m██          [38;2;16;16;16m██[38;2;16;16;16m██                              
