      [38;2;179;116;126m██[38;2;179;116;126m██                                                      
    [38;2;179;116;126m██[38;2;255;191;202m██[38;2;255;191;202m██[38;2;179;116;126m██                                                    
    [38;2;179;116;126m██[38;2;255;191;202m██[38;2;255;191;202m██[38;2;179;116;126m██                                [38;2;179;116;126m██[38;2;179;116;126m██                
  [38;2;179;116;126m██[38;2;255;191;202m██[38;2;255;191;202m██[38;2;255;191;202m██[38;2;179;116;126m██                            [38;2;179;116;126m██[38;2;179;116;126m██[38;2;255;191;202m██[38;2;255;191;202m██[38;2;179;116;126m██              
  [38;2;179;116;126m██[38;2;255;191;202m██[38;2;255;191;202m██[38;2;255;191;202m██[38;2;179;116;126m██  [38;2;179;116;126m██[38;2;179;116;126m██                  [38;2;179;116;126m██[38;2;179;116;126m██[38;2;255;191;202m██[38;2;255;191;202m██[38;2;255;191;202m██[38;2;255;191;202m██[38;2;179;116;126m██              
  [38;2;179;116;126m██[38;2;248;250;186m██[38;2;255;191;202m██[38;2;255;191;202m██[38;2;179;116;126m██[38;2;179;116;126m██[38;2;255;191;202m██[38;2;255;191;202m██[38;2;179;116;126m██            [38;2;179;116;126m██[38;2;179;116;126m██[38;2;255;191;202m██[38;2;255;191;202m██[38;2;255;191;202m██[38;2;255;191;202m██[38;2;255;191;202m██[38;2;179;116;126m██                
[38;2;179;116;126m██[38;2;248;250;186m██[38;2;248;250;186m██[38;2;248;250;186m██[38;2;179;116;126m██[38;2;179;116;126m██[38;2;255;191;202m██[38;2;255;191;202m██[38;2;255;191;202m██[38;2;179;116;126m██        [38;2;179;116;126m██[38;2;179;116;126m██[38;2;248;250;186m██[38;2;248;250;186m██[38;2;255;191;202m██[38;2;255;191;202m██[38;2;255;191;202m██[38;2;179;116;126m██[38;2;179;116;126m██                  
[38;2;179;116;126m██[38;2;248;250;186m██[38;2;248;250;186m██[38;2;248;250;186m██[38;2;179;116;126m██[38;2;255;191;202m██[38;2;255;191;202m██[38;2;255;191;202m██[38;2;179;116;126m██        [38;2;179;116;126m██[38;2;248;250;186m██[38;2;248;250;186m██[38;2;248;250;186m██[38;2;248;250;186m██[38;2;255;191;202m██[38;2;179;116;126m██[38;2;179;116;126m██                      
[38;2;179;116;126m██[38;2;248;250;186m██[38;2;248;250;186m██[38;2;248;250;186m██[38;2;248;250;186m██[38;2;248;250;186m██[38;2;255;191;202m██[38;2;255;191;202m██[38;2;179;116;126m██[38;2;179;116;126m██[38;2;179;116;126m██  [38;2;179;116;126m██[38;2;248;250;186m██[38;2;248;250;186m██[38;2;248;250;186m██[38;2;248;250;186m██[38;2;248;250;186m██[38;2;248;250;186m██[38;2;255;191;202m██[38;2;255;191;202m██[38;2;179;116;126m██[38;2;179;116;126m██                  
[38;2;179;116;126m██[38;2;248;250;186m██[38;2;248;250;186m██[38;2;248;250;186m██[38;2;248;250;186m██[38;2;248;250;186m██[38;2;248;250;186m██[38;2;179;116;126m██[38;2;179;116;126m██[38;2;255;191;202m██[38;2;255;191;202m██[38;2;179;116;126m██[38;2;248;250;186m██[38;2;248;250;186m██[38;2;248;250;186m██[38;2;248;250;186m██[38;2;248;250;186m██[38;2;248;250;186m██[38;2;248;250;186m██[38;2;255;191;202m██[38;2;255;191;202m██[38;2;255;191;202m██[38;2;255;191;202m██[38;2;179;116;126m██                
[38;2;179;116;126m██[38;2;248;250;186m██[38;2;248;250;186m██[38;2;248;250;186m██[38;2;248;250;186m██[38;2;248;250;186m██[38;2;179;116;126m██[38;2;255;191;202m██[38;2;255;191;202m██[38;2;255;191;202m██[38;2;179;116;126m██[38;2;248;250;186m██[38;2;248;250;186m██[38;2;248;250;186m██[38;2;248;250;186m██[38;2;248;250;186m██[38;2;248;250;186m██[38;2;248;250;186m██[38;2;248;250;186m██[38;2;255;191;202m██[38;2;255;191;202m██[38;2;255;191;202m██[38;2;255;191;202m██[38;2;179;116;126m██                
[38;2;179;116;126m██[38;2;248;250;186m██[38;2;248;250;186m██[38;2;248;250;186m██[38;2;248;250;186m██[38;2;248;250;186m██[38;2;248;250;186m██[38;2;255;191;202m██[38;2;255;191;202m██[38;2;179;116;126m██[38;2;248;250;186m██[38;2;248;250;186m██[38;2;248;250;186m██[38;2;248;250;186m██[38;2;248;250;186m██[38;2;248;250;186m██[38;2;248;250;186m██[38;2;248;250;186m██[38;2;248;250;186m██[38;2;255;191;202m██[38;2;179;116;126m██[38;2;179;116;126m██[38;2;179;116;126m██                  
[38;2;179;116;126m██[38;2;248;250;186m██[38;2;248;250;186m██[38;2;248;250;186m██[38;2;248;250;186m██[38;2;248;250;186m██[38;2;248;250;186m██[38;2;177;203;205m██[38;2;177;203;205m██[38;2;179;116;126m██[38;2;248;250;186m██[38;2;248;250;186m██[38;2;248;250;186m██[38;2;248;250;186m██[38;2;248;250;186m██[38;2;248;250;186m██[38;2;248;250;186m██[38;2;248;250;186m██[38;2;179;116;126m██[38;2;179;116;126m██[38;2;179;116;126m██                      
[38;2;179;116;126m██[38;2;248;250;186m██[38;2;248;250;186m██[38;2;248;250;186m██[38;2;248;250;186m██[38;2;177;203;205m██[38;2;177;203;205m██[38;2;233;253;241m██[38;2;179;116;126m██[38;2;248;250;186m██[38;2;248;250;186m██[38;2;248;250;186m██[38;2;248;250;186m██[38;2;248;250;186m██[38;2;248;250;186m██[38;2;248;250;186m██[38;2;248;250;186m██[38;2;248;250;186m██[38;2;255;191;202m██[38;2;255;191;202m██[38;2;179;116;126m██[38;2;179;116;126m██                    
  [38;2;179;116;126m██[38;2;248;250;186m██[38;2;248;250;186m██[38;2;177;203;205m██[38;2;233;253;241m██[38;2;233;253;241m██[38;2;233;253;241m██[38;2;179;116;126m██[38;2;248;250;186m██[38;2;248;250;186m██[38;2;248;250;186m██[38;2;179;116;126m██[38;2;179;116;126m██[38;2;179;116;126m██[38;2;179;116;126m██[38;2;248;250;186m██[38;2;255;191;202m██[38;2;255;191;202m██[38;2;255;191;202m██[38;2;255;191;202m██[38;2;255;191;202m██[38;2;179;116;126m██                  
  [38;2;179;116;126m██[38;2;248;250;186m██[38;2;177;203;205m██[38;2;233;253;241m██[38;2;233;253;241m██[38;2;233;253;241m██[38;2;179;116;126m██[38;2;248;250;186m██[38;2;248;250;186m██[38;2;179;116;126m██[38;2;179;116;126m██[38;2;202;202;202m██[38;2;16;16;16m██[38;2;16;16;16m██[38;2;233;253;241m██[38;2;179;116;126m██[38;2;179;116;126m██[38;2;255;191;202m██[38;2;255;191;202m██[38;2;255;191;202m██[38;2;255;191;202m██[38;2;179;116;126m██                  
  [38;2;179;116;126m██[38;2;248;250;186m██[38;2;177;203;205m██[38;2;233;253;241m██[38;2;233;253;241m██[38;2;233;253;241m██[38;2;179;116;126m██[38;2;179;116;126m██[38;2;39;238;255m██[38;2;37;159;170m██[38;2;202;202;202m██[38;2;253;253;253m██[38;2;202;202;202m██[38;2;16;16;16m██[38;2;233;253;241m██[38;2;233;253;241m██[38;2;177;203;205m██[38;2;179;116;126m██[38;2;179;116;126m██[38;2;179;116;126m██[38;2;179;116;126m██                    
[38;2;37;159;170m██[38;2;253;253;253m██[38;2;177;203;205m██[38;2;233;253;241m██[38;2;233;253;241m██[38;2;233;253;241m██[38;2;177;203;205m██[38;2;37;159;170m██[38;2;253;253;253m██[38;2;37;159;170m██[38;2;37;159;170m██[38;2;37;159;170m██[38;2;253;253;253m██[38;2;253;253;253m██[38;2;16;16;16m██[38;2;233;253;241m██[38;2;233;253;241m██[38;2;233;253;241m██[38;2;16;16;16m██                          
[38;2;37;159;170m██[38;2;39;238;255m██[38;2;16;16;16m██[38;2;233;253;241m██[38;2;233;253;241m██[38;2;233;253;241m██[38;2;16;16;16m██[38;2;37;159;170m██[38;2;39;238;255m██[38;2;37;159;170m██[38;2;37;159;170m██[38;2;37;159;170m██[38;2;253;253;253m██[38;2;202;202;202m██[38;2;16;16;16m██[38;2;233;253;241m██[38;2;233;253;241m██[38;2;233;253;241m██[38;2;16;16;16m██                          
[38;2;37;159;170m██[38;2;37;159;170m██[38;2;16;16;16m██[38;2;233;253;241m██[38;2;233;253;241m██[38;2;233;253;241m██[38;2;16;16;16m██[38;2;37;159;170m██[38;2;37;159;170m██[38;2;37;159;170m██[38;2;39;238;255m██[38;2;37;159;170m██[38;2;253;253;253m██[38;2;177;203;205m██[38;2;233;253;241m██[38;2;233;253;241m██[38;2;233;253;241m██[38;2;233;253;241m██[38;2;16;16;16m██                          
[38;2;110;110;129m██[38;2;37;159;170m██[38;2;16;16;16m██[38;2;233;253;241m██[38;2;233;253;241m██[38;2;233;253;241m██[38;2;16;16;16m██[38;2;37;159;170m██[38;2;37;159;170m██[38;2;39;238;255m██[38;2;39;238;255m██[38;2;202;202;202m██[38;2;177;203;205m██[38;2;233;253;241m██[38;2;233;253;241m██[38;2;233;253;241m██[38;2;233;253;241m██[38;2;233;253;241m██[38;2;16;16;16m██                          
  [38;2;110;110;129m██[38;2;233;253;241m██[38;2;233;253;241m██[38;2;233;253;241m██[38;2;233;253;241m██[38;2;233;253;241m██[38;2;233;253;241m██[38;2;37;159;170m██[38;2;37;159;170m██[38;2;177;203;205m██[38;2;177;203;205m██[38;2;233;253;241m██[38;2;233;253;241m██[38;2;233;253;241m██[38;2;233;253;241m██[38;2;233;253;241m██[38;2;233;253;241m██[38;2;16;16;16m██                          
  [38;2;16;16;16m██[38;2;233;253;241m██[38;2;233;253;241m██[38;2;233;253;241m██[38;2;233;253;241m██[38;2;233;253;241m██[38;2;233;253;241m██[38;2;233;253;241m██[38;2;233;253;241m██[38;2;233;253;241m██[38;2;233;253;241m██[38;2;233;253;241m██[38;2;233;253;241m██[38;2;233;253;241m██[38;2;233;253;241m██[38;2;233;253;241m██[38;2;177;203;205m██[38;2;16;16;16m██                          
    [38;2;110;110;129m██[38;2;233;253;241m██[38;2;233;253;241m██[38;2;233;253;241m██[38;2;233;253;241m██[38;2;110;110;129m██[38;2;233;253;241m██[38;2;233;253;241m██[38;2;233;253;241m██[38;2;233;253;241m██[38;2;233;253;241m██[38;2;233;253;241m██[38;2;110;110;129m██[38;2;233;253;241m██[38;2;233;253;241m██[38;2;16;16;16m██                            
      [38;2;16;16;16m██[38;2;16;16;16m██[38;2;110;110;129m██[38;2;110;110;129m██[38;2;233;253;241m██[38;2;233;253;241m██[38;2;233;253;241m██[38;2;233;253;241m██[38;2;233;253;241m██[38;2;177;203;205m██[38;2;110;110;129m██[38;2;177;203;205m██[38;2;233;253;241m██[38;2;233;253;241m██[38;2;16;16;16m██                            
          [38;2;16;16;16m██[38;2;16;16;16m██[38;2;16;16;16m██[38;2;16;16;16m██[38;2;16;16;16m██[38;2;16;16;16m██[38;2;16;16;16m██[38;2;110;110;129m██[38;2;177;203;205m██[38;2;177;203;205m██[38;2;233;253;241m██[38;2;177;203;205m██[38;2;16;16;16m██                            
                      [38;2;16;16;16m██[38;2;177;203;205m██[38;2;177;203;205m██[38;2;233;253;241m██[38;2;233;253;241m██[38;2;16;16;16m██                              
                      [38;2;16;16;16m██[38;2;233;253;241m██[38;2;233;253;241m██[38;2;233;253;241m██[38;2;233;253;241m██[38;2;16;16;16m██                              
                      [38;2;110;110;129m██[38;2;233;253;241m██[38;2;233;253;241m██[38;2;233;253;241m██[38;2;177;203;205m██[38;2;16;16;16m██                              
                    [38;2;110;110;129m██[38;2;233;253;241m██[38;2;233;253;241m██[38;2;233;253;241m██[38;2;233;253;241m██[38;2;16;16;16m██                                
                    [38;2;110;110;129m██[38;2;233;253;241m██[38;2;233;253;241m██[38;2;233;253;241m██[38;2;233;253;241m██[38;2;16;16;16m██                                
                    [38;2;110;110;129m██[38;2;233;253;241m██[38;2;233;253;241m██[38;2;233;253;241m██[38;2;233;253;241m██[38;2;16;16;16m██                                
                  [38;2;110;110;129m██[38;2;233;253;241m██[38;2;233;253;241m██[38;2;233;253;241m██[38;2;233;253;241m██[38;2;177;203;205m██[38;2;16;16;16m██                                
                  [38;2;110;110;129m██[38;2;233;253;241m██[38;2;233;253;241m██[38;2;233;253;241m██[38;2;233;253;241m██[38;2;16;16;16m██                              [38;2;110;110;129m██[38;2;16;16;16m██
                [38;2;110;110;129m██[38;2;233;253;241m██[38;2;233;253;241m██[38;2;233;253;241m██[38;2;233;253;241m██[38;2;233;253;241m██[38;2;16;16;16m██                            [38;2;110;110;129m██[38;2;177;203;205m██[38;2;16;16;16m██
                [38;2;110;110;129m██[38;2;233;253;241m██[38;2;233;253;241m██[38;2;233;253;241m██[38;2;233;253;241m██[38;2;233;253;241m██[38;2;16;16;16m██[38;2;110;110;129m██[38;2;110;110;129m██[38;2;110;110;129m██[38;2;110;110;129m██[38;2;110;110;129m██[38;2;110;110;129m██              [38;2;110;110;129m██[38;2;177;203;205m██[38;2;177;203;205m██[38;2;16;16;16m██
              [38;2;110;110;129m██[38;2;233;253;241m██[38;2;233;253;241m██[38;2;233;253;241m██[38;2;233;253;241m██[38;2;233;253;241m██[38;2;233;253;241m██[38;2;16;16;16m██[38;2;233;253;241m██[38;2;233;253;241m██[38;2;233;253;241m██[38;2;233;253;241m██[38;2;233;253;241m██[38;2;233;253;241m██[38;2;110;110;129m██[38;2;16;16;16m██[38;2;16;16;16m██    [38;2;16;16;16m██[38;2;110;110;129m██[38;2;177;203;205m██[38;2;177;203;205m██[38;2;177;203;205m██[38;2;16;16;16m██
              [38;2;110;110;129m██[38;2;233;253;241m██[38;2;233;253;241m██[38;2;233;253;241m██[38;2;233;253;241m██[38;2;233;253;241m██[38;2;233;253;241m██[38;2;110;110;129m██[38;2;233;253;241m██[38;2;233;253;241m██[38;2;233;253;241m██[38;2;233;253;241m██[38;2;233;253;241m██[38;2;233;253;241m██[38;2;233;253;241m██[38;2;177;203;205m██[38;2;177;203;205m██[38;2;16;16;16m██[38;2;16;16;16m██[38;2;177;203;205m██[38;2;177;203;205m██[38;2;177;203;205m██[38;2;177;203;205m██[38;2;16;16;16m██  
            [38;2;110;110;129m██[38;2;233;253;241m██[38;2;233;253;241m██[38;2;233;253;241m██[38;2;233;253;241m██[38;2;233;253;241m██[38;2;233;253;241m██[38;2;233;253;241m██[38;2;177;203;205m██[38;2;233;253;241m██[38;2;233;253;241m██[38;2;233;253;241m██[38;2;233;253;241m██[38;2;233;253;241m██[38;2;233;253;241m██[38;2;233;253;241m██[38;2;233;253;241m██[38;2;177;203;205m██[38;2;177;203;205m██[38;2;177;203;205m██[38;2;177;203;205m██[38;2;177;203;205m██[38;2;177;203;205m██[38;2;177;203;205m██[38;2;16;16;16m██  
            [38;2;110;110;129m██[38;2;233;253;241m██[38;2;233;253;241m██[38;2;233;253;241m██[38;2;233;253;241m██[38;2;233;253;241m██[38;2;233;253;241m██[38;2;233;253;241m██[38;2;233;253;241m██[38;2;233;253;241m██[38;2;233;253;241m██[38;2;233;253;241m██[38;2;233;253;241m██[38;2;233;253;241m██[38;2;233;253;241m██[38;2;233;253;241m██[38;2;233;253;241m██[38;2;37;159;170m██[38;2;37;159;170m██[38;2;177;203;205m██[38;2;177;203;205m██[38;2;177;203;205m██[38;2;177;203;205m██[38;2;177;203;205m██[38;2;16;16;16m██  
            [38;2;110;110;129m██[38;2;233;253;241m██[38;2;233;253;241m██[38;2;233;253;241m██[38;2;233;253;241m██[38;2;233;253;241m██[38;2;233;253;241m██[38;2;233;253;241m██[38;2;233;253;241m██[38;2;233;253;241m██[38;2;233;253;241m██[38;2;233;253;241m██[38;2;233;253;241m██[38;2;233;253;241m██[38;2;233;253;241m██[38;2;233;253;241m██[38;2;233;253;241m██[38;2;37;159;170m██[38;2;39;238;255m██[38;2;37;159;170m██[38;2;177;203;205m██[38;2;177;203;205m██[38;2;177;203;205m██[38;2;16;16;16m██    
          [38;2;110;110;129m██[38;2;233;253;241m██[38;2;233;253;241m██[38;2;233;253;241m██[38;2;233;253;241m██[38;2;233;253;241m██[38;2;233;253;241m██[38;2;233;253;241m██[38;2;233;253;241m██[38;2;233;253;241m██[38;2;233;253;241m██[38;2;233;253;241m██[38;2;233;253;241m██[38;2;233;253;241m██[38;2;233;253;241m██[38;2;233;253;241m██[38;2;233;253;241m██[38;2;233;253;241m██[38;2;37;159;170m██[38;2;253;253;253m██[38;2;39;238;255m██[38;2;110;110;129m██[38;2;177;203;205m██[38;2;177;203;205m██[38;2;16;16;16m██    
          [38;2;110;110;129m██[38;2;233;253;241m██[38;2;233;253;241m██[38;2;233;253;241m██[38;2;233;253;241m██[38;2;233;253;241m██[38;2;233;253;241m██[38;2;233;253;241m██[38;2;233;253;241m██[38;2;233;253;241m██[38;2;233;253;241m██[38;2;233;253;241m██[38;2;233;253;241m██[38;2;233;253;241m██[38;2;233;253;241m██[38;2;233;253;241m██[38;2;233;253;241m██[38;2;233;253;241m██[38;2;37;159;170m██[38;2;39;238;255m██[38;2;37;159;170m██[38;2;110;110;129m██[38;2;177;203;205m██[38;2;110;110;129m██[38;2;16;16;16m██    
          [38;2;110;110;129m██[38;2;233;253;241m██[38;2;233;253;241m██[38;2;233;253;241m██[38;2;233;253;241m██[38;2;233;253;241m██[38;2;233;253;241m██[38;2;233;253;241m██[38;2;233;253;241m██[38;2;233;253;241m██[38;2;233;253;241m██[38;2;233;253;241m██[38;2;233;253;241m██[38;2;233;253;241m██[38;2;233;253;241m██[38;2;233;253;241m██[38;2;233;253;241m██[38;2;233;253;241m██[38;2;233;253;241m██[38;2;37;159;170m██[38;2;37;159;170m██[38;2;110;110;129m██[38;2;177;203;205m██[38;2;110;110;129m██[38;2;16;16;16m██    
          [38;2;110;110;129m██[38;2;233;253;241m██[38;2;233;253;241m██[38;2;233;253;241m██[38;2;233;253;241m██[38;2;233;253;241m██[38;2;233;253;241m██[38;2;233;253;241m██[38;2;233;253;241m██[38;2;233;253;241m██[38;2;233;253;241m██[38;2;233;253;241m██[38;2;233;253;241m██[38;2;233;253;241m██[38;2;233;253;241m██[38;2;233;253;241m██[38;2;233;253;241m██[38;2;177;203;205m██[38;2;177;203;205m██[38;2;177;203;205m██[38;2;110;110;129m██[38;2;110;110;129m██[38;2;177;203;205m██[38;2;177;203;205m██[38;2;16;16;16m██    
          [38;2;16;16;16m██[38;2;233;253;241m██[38;2;233;253;241m██[38;2;233;253;241m██[38;2;233;253;241m██[38;2;177;203;205m██[38;2;233;253;241m██[38;2;233;253;241m██[38;2;233;253;241m██[38;2;233;253;241m██[38;2;233;253;241m██[38;2;233;253;241m██[38;2;233;253;241m██[38;2;233;253;241m██[38;2;233;253;241m██[38;2;233;253;241m██[38;2;110;110;129m██[38;2;177;203;205m██[38;2;177;203;205m██[38;2;177;203;205m██[38;2;177;203;205m██[38;2;177;203;205m██[38;2;177;203;205m██[38;2;177;203;205m██[38;2;16;16;16m██    
          [38;2;16;16;16m██[38;2;177;203;205m██[38;2;233;253;241m██[38;2;233;253;241m██[38;2;177;203;205m██[38;2;143;186;231m██[38;2;177;203;205m██[38;2;177;203;205m██[38;2;233;253;241m██[38;2;110;110;129m██[38;2;233;253;241m██[38;2;233;253;241m██[38;2;233;253;241m██[38;2;233;253;241m██[38;2;233;253;241m██[38;2;233;253;241m██[38;2;110;110;129m██[38;2;177;203;205m██[38;2;110;110;129m██[38;2;177;203;205m██[38;2;177;203;205m██[38;2;177;203;205m██[38;2;177;203;205m██[38;2;177;203;205m██[38;2;16;16;16m██    
            [38;2;110;110;129m██[38;2;177;203;205m██[38;2;177;203;205m██[38;2;143;186;231m██[38;2;143;186;231m██[38;2;143;186;231m██[38;2;143;186;231m██[38;2;177;203;205m██[38;2;110;110;129m██[38;2;233;253;241m██[38;2;233;253;241m██[38;2;233;253;241m██[38;2;233;253;241m██[38;2;233;253;241m██[38;2;233;253;241m██[38;2;16;16;16m██[38;2;110;110;129m██[38;2;111;148;193m██[38;2;110;110;129m██[38;2;177;203;205m██[38;2;177;203;205m██[38;2;177;203;205m██[38;2;177;203;205m██[38;2;16;16;16m██    
            [38;2;16;16;16m██[38;2;177;203;205m██[38;2;110;110;129m██[38;2;111;148;193m██[38;2;143;186;231m██[38;2;143;186;231m██[38;2;143;186;231m██[38;2;143;186;231m██[38;2;110;110;129m██[38;2;233;253;241m██[38;2;233;253;241m██[38;2;233;253;241m██[38;2;233;253;241m██[38;2;233;253;241m██[38;2;233;253;241m██[38;2;16;16;16m██[38;2;111;148;193m██[38;2;111;148;193m██[38;2;111;148;193m██[38;2;16;16;16m██[38;2;177;203;205m██[38;2;177;203;205m██[38;2;177;203;205m██[38;2;16;16;16m██    
            [38;2;16;16;16m██[38;2;177;203;205m██[38;2;177;203;205m██[38;2;16;16;16m██[38;2;16;16;16m██[38;2;111;148;193m██[38;2;111;148;193m██[38;2;111;148;193m██[38;2;111;148;193m██[38;2;110;110;129m██[38;2;233;253;241m██[38;2;233;253;241m██[38;2;233;253;241m██[38;2;233;253;241m██[38;2;233;253;241m██[38;2;16;16;16m██[38;2;111;148;193m██[38;2;16;16;16m██[38;2;16;16;16m██[38;2;177;203;205m██[38;2;177;203;205m██[38;2;177;203;205m██[38;2;16;16;16m██      
              [38;2;110;110;129m██[38;2;177;203;205m██[38;2;177;203;205m██[38;2;177;203;205m██[38;2;16;16;16m██[38;2;16;16;16m██[38;2;16;16;16m██[38;2;16;16;16m██[38;2;110;110;129m██[38;2;233;253;241m██[38;2;233;253;241m██[38;2;233;253;241m██[38;2;233;253;241m██[38;2;177;203;205m██[38;2;16;16;16m██[38;2;16;16;16m██[38;2;16;16;16m██[38;2;177;203;205m██[38;2;177;203;205m██[38;2;177;203;205m██[38;2;177;203;205m██[38;2;16;16;16m██      
              [38;2;16;16;16m██[38;2;177;203;205m██[38;2;177;203;205m██[38;2;177;203;205m██[38;2;177;203;205m██[38;2;16;16;16m██    [38;2;110;110;129m██[38;2;233;253;241m██[38;2;233;253;241m██[38;2;233;253;241m██[38;2;233;253;241m██[38;2;16;16;16m██    [38;2;16;16;16m██[38;2;110;110;129m██[38;2;177;203;205m██[38;2;177;203;205m██[38;2;177;203;205m██[38;2;16;16;16m██      
              [38;2;16;16;16m██[38;2;177;203;205m██[38;2;177;203;205m██[38;2;177;203;205m██[38;2;177;203;205m██[38;2;16;16;16m██    [38;2;110;110;129m██[38;2;233;253;241m██[38;2;233;253;241m██[38;2;233;253;241m██[38;2;233;253;241m██[38;2;16;16;16m██  [38;2;16;16;16m██[38;2;110;110;129m██[38;2;202;202;202m██[38;2;110;110;129m██[38;2;177;203;205m██[38;2;16;16;16m██        
            [38;2;16;16;16m██[38;2;177;203;205m██[38;2;177;203;205m██[38;2;177;203;205m██[38;2;177;203;205m██[38;2;16;16;16m██      [38;2;110;110;129m██[38;2;233;253;241m██[38;2;233;253;241m██[38;2;233;253;241m██[38;2;177;203;205m██[38;2;16;16;16m██  [38;2;16;16;16m██[38;2;202;202;202m██[38;2;202;202;202m██[38;2;110;110;129m██[38;2;177;203;205m██[38;2;16;16;16m██        
            [38;2;16;16;16m██[38;2;177;203;205m██[38;2;177;203;205m██[38;2;177;203;205m██[38;2;177;203;205m██[38;2;16;16;16m██    [38;2;110;110;129m██[38;2;233;253;241m██[38;2;233;253;241m██[38;2;233;253;241m██[38;2;233;253;241m██[38;2;16;16;16m██      [38;2;16;16;16m██[38;2;16;16;16m██[38;2;16;16;16m██[38;2;16;16;16m██          
              [38;2;16;16;16m██[38;2;16;16;16m██[38;2;16;16;16m██[38;2;16;16;16m██      [38;2;110;110;129m██[38;2;233;253;241m██[38;2;233;253;241m██[38;2;233;253;241m██[38;2;177;203;205m██[38;2;16;16;16m██                        
                              [38;2;16;16;16m██[38;2;16;16;16m██[38;2;16;16;16m██[38;2;16;16;16m██                          
