            [38;2;138;40;67m██[38;2;138;40;67m██      [38;2;35;90;153m██[38;2;35;90;153m██[38;2;35;90;153m██                                                          
          [38;2;138;40;67m██[38;2;250;140;170m██[38;2;250;140;170m██[38;2;138;40;67m██[38;2;35;90;153m██[38;2;35;90;153m██[38;2;100;200;243m██[38;2;100;200;243m██[38;2;16;16;16m██                                                          
          [38;2;138;40;67m██[38;2;250;140;170m██[38;2;35;90;153m██[38;2;35;90;153m██[38;2;100;200;243m██[38;2;100;200;243m██[38;2;100;200;243m██[38;2;16;16;16m██                                                            
        [38;2;138;40;67m██[38;2;250;140;170m██[38;2;35;90;153m██[38;2;82;143;204m██[38;2;100;200;243m██[38;2;100;200;243m██[38;2;100;200;243m██[38;2;35;90;153m██[38;2;35;90;153m██[38;2;35;90;153m██                                                          
        [38;2;138;40;67m██[38;2;216;90;122m██[38;2;82;143;204m██[38;2;82;143;204m██[38;2;82;143;204m██[38;2;100;200;243m██[38;2;100;200;243m██[38;2;100;200;243m██[38;2;100;200;243m██[38;2;100;200;243m██[38;2;35;90;153m██                                                        
        [38;2;216;90;122m██[38;2;250;140;170m██[38;2;250;140;170m██[38;2;82;143;204m██[38;2;82;143;204m██[38;2;82;143;204m██[38;2;100;200;243m██[38;2;100;200;243m██[38;2;16;16;16m██[38;2;16;16;16m██                                                          
      [38;2;216;90;122m██[38;2;250;140;170m██[38;2;250;140;170m██[38;2;250;140;170m██[38;2;250;140;170m██[38;2;82;143;204m██[38;2;82;143;204m██[38;2;16;16;16m██[38;2;16;16;16m██                                                              
    [38;2;137;92;114m██[38;2;255;245;245m██[38;2;255;245;245m██[38;2;250;140;170m██[38;2;250;140;170m██[38;2;250;140;170m██[38;2;16;16;16m██[38;2;16;16;16m██[38;2;16;16;16m██                                      [38;2;216;90;122m██[38;2;216;90;122m██[38;2;216;90;122m██[38;2;216;90;122m██                  
  [38;2;137;92;114m██[38;2;255;245;245m██[38;2;255;245;245m██[38;2;255;245;245m██[38;2;255;245;245m██[38;2;250;140;170m██[38;2;16;16;16m██[38;2;216;90;122m██[38;2;216;90;122m██[38;2;16;16;16m██                                [38;2;216;90;122m██[38;2;216;90;122m██[38;2;216;90;122m██[38;2;250;140;170m██[38;2;250;140;170m██[38;2;250;140;170m██[38;2;250;140;170m██[38;2;138;40;67m██                
  [38;2;137;92;114m██[38;2;255;245;245m██[38;2;255;245;245m██[38;2;255;245;245m██[38;2;255;245;245m██[38;2;16;16;16m██[38;2;82;143;204m██[38;2;216;90;122m██[38;2;216;90;122m██[38;2;16;16;16m██                            [38;2;216;90;122m██[38;2;216;90;122m██[38;2;250;140;170m██[38;2;250;140;170m██[38;2;250;140;170m██[38;2;250;140;170m██[38;2;250;140;170m██[38;2;250;140;170m██[38;2;250;140;170m██[38;2;138;40;67m██                
[38;2;137;92;114m██[38;2;255;245;245m██[38;2;255;245;245m██[38;2;255;245;245m██[38;2;255;245;245m██[38;2;16;16;16m██[38;2;82;143;204m██[38;2;82;143;204m██[38;2;216;90;122m██[38;2;216;90;122m██[38;2;16;16;16m██                        [38;2;216;90;122m██[38;2;216;90;122m██[38;2;250;140;170m██[38;2;250;140;170m██[38;2;250;140;170m██[38;2;250;140;170m██[38;2;250;140;170m██[38;2;250;140;170m██[38;2;250;140;170m██[38;2;250;140;170m██[38;2;250;140;170m██[38;2;138;40;67m██                
[38;2;137;92;114m██[38;2;255;245;245m██[38;2;255;245;245m██[38;2;255;245;245m██[38;2;16;16;16m██[38;2;82;143;204m██[38;2;82;143;204m██[38;2;82;143;204m██[38;2;216;90;122m██[38;2;216;90;122m██[38;2;16;16;16m██                      [38;2;138;40;67m██[38;2;216;90;122m██[38;2;250;140;170m██[38;2;250;140;170m██[38;2;250;140;170m██[38;2;250;140;170m██[38;2;250;140;170m██[38;2;250;140;170m██[38;2;250;140;170m██[38;2;250;140;170m██[38;2;250;140;170m██[38;2;138;40;67m██                  
[38;2;16;16;16m██[38;2;255;245;245m██[38;2;255;245;245m██[38;2;217;195;195m██[38;2;16;16;16m██[38;2;82;143;204m██[38;2;82;143;204m██[38;2;82;143;204m██[38;2;216;90;122m██[38;2;216;90;122m██[38;2;16;16;16m██                    [38;2;138;40;67m██[38;2;250;140;170m██[38;2;250;140;170m██[38;2;250;140;170m██[38;2;250;140;170m██[38;2;250;140;170m██[38;2;35;90;153m██[38;2;35;90;153m██[38;2;250;140;170m██[38;2;250;140;170m██[38;2;250;140;170m██[38;2;138;40;67m██                    
[38;2;16;16;16m██[38;2;255;245;245m██[38;2;217;195;195m██[38;2;16;16;16m██[38;2;216;90;122m██[38;2;35;90;153m██[38;2;82;143;204m██[38;2;82;143;204m██[38;2;216;90;122m██[38;2;216;90;122m██[38;2;16;16;16m██                  [38;2;138;40;67m██[38;2;250;140;170m██[38;2;250;140;170m██[38;2;250;140;170m██[38;2;250;140;170m██[38;2;35;90;153m██[38;2;82;143;204m██[38;2;82;143;204m██[38;2;82;143;204m██[38;2;250;140;170m██[38;2;216;90;122m██[38;2;138;40;67m██              [38;2;35;90;153m██[38;2;35;90;153m██[38;2;35;90;153m██  
  [38;2;137;92;114m██[38;2;217;195;195m██[38;2;16;16;16m██[38;2;216;90;122m██[38;2;35;90;153m██[38;2;82;143;204m██[38;2;82;143;204m██[38;2;216;90;122m██[38;2;216;90;122m██[38;2;16;16;16m██          [38;2;137;92;114m██[38;2;137;92;114m██  [38;2;138;40;67m██[38;2;250;140;170m██[38;2;250;140;170m██[38;2;250;140;170m██[38;2;35;90;153m██[38;2;82;143;204m██[38;2;82;143;204m██[38;2;82;143;204m██[38;2;35;90;153m██[38;2;250;140;170m██[38;2;138;40;67m██[38;2;138;40;67m██            [38;2;35;90;153m██[38;2;35;90;153m██[38;2;100;200;243m██[38;2;100;200;243m██[38;2;16;16;16m██  
  [38;2;16;16;16m██[38;2;217;195;195m██[38;2;16;16;16m██[38;2;216;90;122m██[38;2;216;90;122m██[38;2;82;143;204m██[38;2;82;143;204m██[38;2;216;90;122m██[38;2;16;16;16m██          [38;2;137;92;114m██[38;2;255;245;245m██[38;2;255;245;245m██[38;2;138;40;67m██[38;2;250;140;170m██[38;2;250;140;170m██[38;2;35;90;153m██[38;2;82;143;204m██[38;2;82;143;204m██[38;2;82;143;204m██[38;2;82;143;204m██[38;2;216;90;122m██[38;2;250;140;170m██[38;2;216;90;122m██[38;2;250;140;170m██[38;2;250;140;170m██[38;2;16;16;16m██      [38;2;35;90;153m██[38;2;35;90;153m██[38;2;100;200;243m██[38;2;100;200;243m██[38;2;100;200;243m██[38;2;16;16;16m██    
    [38;2;16;16;16m██[38;2;217;195;195m██[38;2;138;40;67m██[38;2;216;90;122m██[38;2;35;90;153m██[38;2;82;143;204m██[38;2;216;90;122m██[38;2;16;16;16m██        [38;2;137;92;114m██[38;2;255;245;245m██[38;2;255;245;245m██[38;2;255;245;245m██[38;2;137;92;114m██[38;2;250;140;170m██[38;2;35;90;153m██[38;2;82;143;204m██[38;2;82;143;204m██[38;2;82;143;204m██[38;2;82;143;204m██[38;2;216;90;122m██[38;2;250;140;170m██[38;2;250;140;170m██[38;2;250;140;170m██[38;2;250;140;170m██[38;2;16;16;16m██      [38;2;138;40;67m██[38;2;82;143;204m██[38;2;82;143;204m██[38;2;82;143;204m██[38;2;100;200;243m██[38;2;100;200;243m██[38;2;35;90;153m██[38;2;35;90;153m██  
      [38;2;16;16;16m██[38;2;16;16;16m██[38;2;216;90;122m██[38;2;216;90;122m██[38;2;35;90;153m██[38;2;216;90;122m██[38;2;16;16;16m██      [38;2;138;40;67m██[38;2;137;92;114m██[38;2;255;245;245m██[38;2;255;245;245m██[38;2;255;245;245m██[38;2;137;92;114m██[38;2;35;90;153m██[38;2;82;143;204m██[38;2;82;143;204m██[38;2;82;143;204m██[38;2;35;90;153m██[38;2;250;140;170m██[38;2;250;140;170m██[38;2;250;140;170m██[38;2;250;140;170m██[38;2;216;90;122m██[38;2;16;16;16m██      [38;2;138;40;67m██[38;2;250;140;170m██[38;2;250;140;170m██[38;2;82;143;204m██[38;2;82;143;204m██[38;2;82;143;204m██[38;2;100;200;243m██[38;2;100;200;243m██[38;2;100;200;243m██[38;2;35;90;153m██
      [38;2;138;40;67m██[38;2;138;40;67m██[38;2;16;16;16m██[38;2;216;90;122m██[38;2;216;90;122m██[38;2;216;90;122m██[38;2;138;40;67m██[38;2;138;40;67m██[38;2;138;40;67m██[38;2;138;40;67m██[38;2;137;92;114m██[38;2;255;245;245m██[38;2;255;245;245m██[38;2;255;245;245m██[38;2;217;195;195m██[38;2;137;92;114m██[38;2;82;143;204m██[38;2;82;143;204m██[38;2;35;90;153m██[38;2;250;140;170m██[38;2;250;140;170m██[38;2;250;140;170m██[38;2;216;90;122m██[38;2;216;90;122m██[38;2;16;16;16m██[38;2;16;16;16m██      [38;2;138;40;67m██[38;2;250;140;170m██[38;2;250;140;170m██[38;2;250;140;170m██[38;2;250;140;170m██[38;2;82;143;204m██[38;2;82;143;204m██[38;2;100;200;243m██[38;2;16;16;16m██[38;2;16;16;16m██  
    [38;2;138;40;67m██[38;2;250;140;170m██[38;2;250;140;170m██[38;2;138;40;67m██[38;2;216;90;122m██[38;2;138;40;67m██[38;2;138;40;67m██[38;2;250;140;170m██[38;2;250;140;170m██[38;2;250;140;170m██[38;2;250;140;170m██[38;2;137;92;114m██[38;2;255;245;245m██[38;2;255;245;245m██[38;2;217;195;195m██[38;2;250;140;170m██[38;2;250;140;170m██[38;2;137;92;114m██[38;2;137;92;114m██[38;2;137;92;114m██[38;2;137;92;114m██[38;2;137;92;114m██[38;2;137;92;114m██[38;2;16;16;16m██[38;2;16;16;16m██        [38;2;137;92;114m██[38;2;255;245;245m██[38;2;255;245;245m██[38;2;250;140;170m██[38;2;250;140;170m██[38;2;250;140;170m██[38;2;82;143;204m██[38;2;16;16;16m██[38;2;16;16;16m██      
      [38;2;138;40;67m██[38;2;250;140;170m██[38;2;250;140;170m██[38;2;250;140;170m██[38;2;250;140;170m██[38;2;250;140;170m██[38;2;250;140;170m██[38;2;250;140;170m██[38;2;250;140;170m██[38;2;250;140;170m██[38;2;137;92;114m██[38;2;255;245;245m██[38;2;255;245;245m██[38;2;250;140;170m██[38;2;250;140;170m██[38;2;250;140;170m██[38;2;137;92;114m██[38;2;250;140;170m██[38;2;250;140;170m██[38;2;255;245;245m██[38;2;255;245;245m██[38;2;255;245;245m██[38;2;16;16;16m██        [38;2;137;92;114m██[38;2;255;245;245m██[38;2;255;245;245m██[38;2;255;245;245m██[38;2;255;245;245m██[38;2;250;140;170m██[38;2;16;16;16m██[38;2;16;16;16m██          
        [38;2;138;40;67m██[38;2;216;90;122m██[38;2;250;140;170m██[38;2;250;140;170m██[38;2;250;140;170m██[38;2;250;140;170m██[38;2;250;140;170m██[38;2;250;140;170m██[38;2;250;140;170m██[38;2;137;92;114m██[38;2;217;195;195m██[38;2;217;195;195m██[38;2;216;90;122m██[38;2;16;16;16m██[38;2;250;140;170m██[38;2;250;140;170m██[38;2;250;140;170m██[38;2;250;140;170m██[38;2;255;245;245m██[38;2;255;245;245m██[38;2;255;245;245m██[38;2;16;16;16m██      [38;2;137;92;114m██[38;2;255;245;245m██[38;2;255;245;245m██[38;2;255;245;245m██[38;2;255;245;245m██[38;2;255;245;245m██[38;2;16;16;16m██              
      [38;2;138;40;67m██[38;2;250;140;170m██[38;2;137;92;114m██[38;2;255;245;245m██[38;2;255;245;245m██[38;2;250;140;170m██[38;2;250;140;170m██[38;2;250;140;170m██[38;2;250;140;170m██[38;2;250;140;170m██[38;2;250;140;170m██[38;2;16;16;16m██[38;2;16;16;16m██[38;2;16;16;16m██[38;2;216;90;122m██[38;2;16;16;16m██[38;2;250;140;170m██[38;2;250;140;170m██[38;2;217;195;195m██[38;2;255;245;245m██[38;2;255;245;245m██[38;2;255;245;245m██[38;2;16;16;16m██  [38;2;137;92;114m██[38;2;137;92;114m██[38;2;255;245;245m██[38;2;255;245;245m██[38;2;255;245;245m██[38;2;255;245;245m██[38;2;255;245;245m██[38;2;16;16;16m██        [38;2;138;40;67m██      
        [38;2;138;40;67m██[38;2;255;245;245m██[38;2;35;90;153m██[38;2;35;90;153m██[38;2;255;245;245m██[38;2;250;140;170m██[38;2;250;140;170m██[38;2;217;195;195m██[38;2;255;245;245m██[38;2;255;245;245m██[38;2;255;245;245m██[38;2;255;245;245m██[38;2;216;90;122m██[38;2;216;90;122m██[38;2;16;16;16m██[38;2;250;140;170m██[38;2;250;140;170m██[38;2;255;245;245m██[38;2;255;245;245m██[38;2;217;195;195m██[38;2;16;16;16m██[38;2;137;92;114m██[38;2;137;92;114m██[38;2;217;195;195m██[38;2;255;245;245m██[38;2;255;245;245m██[38;2;255;245;245m██[38;2;255;245;245m██[38;2;255;245;245m██[38;2;16;16;16m██        [38;2;138;40;67m██[38;2;250;140;170m██[38;2;16;16;16m██    
        [38;2;137;92;114m██[38;2;35;90;153m██[38;2;100;200;243m██[38;2;100;200;243m██[38;2;255;245;245m██[38;2;250;140;170m██[38;2;217;195;195m██[38;2;255;245;245m██[38;2;255;245;245m██[38;2;35;90;153m██[38;2;35;90;153m██[38;2;35;90;153m██[38;2;217;195;195m██[38;2;217;195;195m██[38;2;16;16;16m██[38;2;216;90;122m██[38;2;217;195;195m██[38;2;217;195;195m██[38;2;16;16;16m██[38;2;16;16;16m██[38;2;217;195;195m██[38;2;217;195;195m██[38;2;217;195;195m██[38;2;255;245;245m██[38;2;255;245;245m██[38;2;255;245;245m██[38;2;255;245;245m██[38;2;255;245;245m██[38;2;16;16;16m██          [38;2;138;40;67m██[38;2;250;140;170m██[38;2;138;40;67m██    
        [38;2;137;92;114m██[38;2;82;143;204m██[38;2;255;245;245m██[38;2;100;200;243m██[38;2;255;245;245m██[38;2;255;245;245m██[38;2;255;245;245m██[38;2;255;245;245m██[38;2;35;90;153m██[38;2;100;200;243m██[38;2;100;200;243m██[38;2;82;143;204m██[38;2;35;90;153m██[38;2;217;195;195m██[38;2;216;90;122m██[38;2;16;16;16m██[38;2;16;16;16m██[38;2;16;16;16m██[38;2;217;195;195m██[38;2;217;195;195m██[38;2;217;195;195m██[38;2;217;195;195m██[38;2;255;245;245m██[38;2;255;245;245m██[38;2;255;245;245m██[38;2;255;245;245m██[38;2;16;16;16m██[38;2;16;16;16m██            [38;2;138;40;67m██[38;2;250;140;170m██[38;2;250;140;170m██[38;2;16;16;16m██  
        [38;2;137;92;114m██[38;2;100;200;243m██[38;2;255;245;245m██[38;2;100;200;243m██[38;2;255;245;245m██[38;2;255;245;245m██[38;2;255;245;245m██[38;2;255;245;245m██[38;2;100;200;243m██[38;2;255;245;245m██[38;2;100;200;243m██[38;2;100;200;243m██[38;2;35;90;153m██[38;2;217;195;195m██[38;2;217;195;195m██[38;2;16;16;16m██    [38;2;16;16;16m██[38;2;137;92;114m██[38;2;217;195;195m██[38;2;217;195;195m██[38;2;255;245;245m██[38;2;255;245;245m██[38;2;16;16;16m██[38;2;16;16;16m██              [38;2;138;40;67m██[38;2;250;140;170m██[38;2;250;140;170m██[38;2;250;140;170m██[38;2;16;16;16m██  
      [38;2;137;92;114m██[38;2;255;245;245m██[38;2;255;245;245m██[38;2;100;200;243m██[38;2;100;200;243m██[38;2;255;245;245m██[38;2;255;245;245m██[38;2;255;245;245m██[38;2;255;245;245m██[38;2;100;200;243m██[38;2;255;245;245m██[38;2;100;200;243m██[38;2;100;200;243m██[38;2;35;90;153m██[38;2;217;195;195m██[38;2;217;195;195m██[38;2;16;16;16m██        [38;2;16;16;16m██[38;2;16;16;16m██[38;2;16;16;16m██[38;2;16;16;16m██                  [38;2;138;40;67m██[38;2;250;140;170m██[38;2;250;140;170m██[38;2;250;140;170m██[38;2;16;16;16m██  
      [38;2;137;92;114m██[38;2;255;245;245m██[38;2;255;245;245m██[38;2;255;245;245m██[38;2;255;245;245m██[38;2;16;16;16m██[38;2;217;195;195m██[38;2;255;245;245m██[38;2;255;245;245m██[38;2;255;245;245m██[38;2;100;200;243m██[38;2;100;200;243m██[38;2;82;143;204m██[38;2;217;195;195m██[38;2;217;195;195m██[38;2;217;195;195m██[38;2;16;16;16m██                                  [38;2;138;40;67m██[38;2;250;140;170m██[38;2;250;140;170m██[38;2;216;90;122m██[38;2;16;16;16m██  
      [38;2;137;92;114m██[38;2;255;245;245m██[38;2;255;245;245m██[38;2;255;245;245m██[38;2;137;92;114m██[38;2;255;245;245m██[38;2;255;245;245m██[38;2;255;245;245m██[38;2;255;245;245m██[38;2;255;245;245m██[38;2;255;245;245m██[38;2;255;245;245m██[38;2;255;245;245m██[38;2;217;195;195m██[38;2;217;195;195m██[38;2;217;195;195m██[38;2;16;16;16m██                                [38;2;138;40;67m██[38;2;250;140;170m██[38;2;250;140;170m██[38;2;250;140;170m██[38;2;16;16;16m██    
        [38;2;137;92;114m██[38;2;255;245;245m██[38;2;255;245;245m██[38;2;217;195;195m██[38;2;137;92;114m██[38;2;137;92;114m██[38;2;241;138;120m██[38;2;137;92;114m██[38;2;255;245;245m██[38;2;255;245;245m██[38;2;255;245;245m██[38;2;255;245;245m██[38;2;217;195;195m██[38;2;217;195;195m██[38;2;16;16;16m██                                  [38;2;138;40;67m██[38;2;250;140;170m██[38;2;250;140;170m██[38;2;216;90;122m██[38;2;16;16;16m██    
        [38;2;16;16;16m██[38;2;217;195;195m██[38;2;255;245;245m██[38;2;255;245;245m██[38;2;137;92;114m██[38;2;241;138;120m██[38;2;241;138;120m██[38;2;241;138;120m██[38;2;255;245;245m██[38;2;255;245;245m██[38;2;255;245;245m██[38;2;255;245;245m██[38;2;217;195;195m██[38;2;217;195;195m██[38;2;16;16;16m██            [38;2;137;92;114m██[38;2;137;92;114m██                [38;2;138;40;67m██[38;2;216;90;122m██[38;2;250;140;170m██[38;2;250;140;170m██[38;2;16;16;16m██      
          [38;2;16;16;16m██[38;2;137;92;114m██[38;2;255;245;245m██[38;2;255;245;245m██[38;2;241;138;120m██[38;2;241;138;120m██[38;2;217;195;195m██[38;2;255;245;245m██[38;2;255;245;245m██[38;2;255;245;245m██[38;2;217;195;195m██[38;2;168;141;140m██[38;2;16;16;16m██          [38;2;137;92;114m██[38;2;137;92;114m██[38;2;255;245;245m██[38;2;255;245;245m██[38;2;137;92;114m██            [38;2;138;40;67m██[38;2;216;90;122m██[38;2;216;90;122m██[38;2;216;90;122m██[38;2;138;40;67m██[38;2;16;16;16m██      
        [38;2;137;92;114m██[38;2;255;245;245m██[38;2;255;245;245m██[38;2;16;16;16m██[38;2;16;16;16m██[38;2;217;195;195m██[38;2;255;245;245m██[38;2;255;245;245m██[38;2;255;245;245m██[38;2;137;92;114m██[38;2;137;92;114m██[38;2;137;92;114m██[38;2;16;16;16m██        [38;2;137;92;114m██[38;2;137;92;114m██[38;2;255;245;245m██[38;2;255;245;245m██[38;2;168;141;140m██[38;2;16;16;16m██[38;2;16;16;16m██[38;2;137;92;114m██        [38;2;138;40;67m██[38;2;216;90;122m██[38;2;216;90;122m██[38;2;216;90;122m██[38;2;138;40;67m██[38;2;216;90;122m██[38;2;216;90;122m██[38;2;16;16;16m██    
        [38;2;137;92;114m██[38;2;255;245;245m██[38;2;255;245;245m██[38;2;255;245;245m██[38;2;138;40;67m██[38;2;16;16;16m██[38;2;16;16;16m██[38;2;137;92;114m██[38;2;137;92;114m██[38;2;255;245;245m██[38;2;255;245;245m██[38;2;217;195;195m██[38;2;16;16;16m██    [38;2;137;92;114m██[38;2;137;92;114m██[38;2;255;245;245m██[38;2;255;245;245m██[38;2;255;245;245m██[38;2;16;16;16m██[38;2;16;16;16m██[38;2;255;245;245m██[38;2;255;245;245m██[38;2;255;245;245m██[38;2;137;92;114m██[38;2;137;92;114m██  [38;2;138;40;67m██[38;2;216;90;122m██[38;2;216;90;122m██[38;2;216;90;122m██[38;2;216;90;122m██[38;2;216;90;122m██[38;2;216;90;122m██[38;2;16;16;16m██      
        [38;2;137;92;114m██[38;2;255;245;245m██[38;2;255;245;245m██[38;2;255;245;245m██[38;2;250;140;170m██[38;2;138;40;67m██[38;2;138;40;67m██[38;2;217;195;195m██[38;2;255;245;245m██[38;2;255;245;245m██[38;2;255;245;245m██[38;2;217;195;195m██[38;2;16;16;16m██[38;2;137;92;114m██[38;2;137;92;114m██[38;2;255;245;245m██[38;2;255;245;245m██[38;2;255;245;245m██[38;2;217;195;195m██[38;2;16;16;16m██[38;2;217;195;195m██[38;2;255;245;245m██[38;2;255;245;245m██[38;2;255;245;245m██[38;2;255;245;245m██[38;2;255;245;245m██[38;2;217;195;195m██[38;2;137;92;114m██[38;2;216;90;122m██[38;2;216;90;122m██[38;2;216;90;122m██[38;2;216;90;122m██[38;2;216;90;122m██[38;2;16;16;16m██[38;2;16;16;16m██        
          [38;2;137;92;114m██[38;2;255;245;245m██[38;2;250;140;170m██[38;2;250;140;170m██[38;2;138;40;67m██[38;2;250;140;170m██[38;2;217;195;195m██[38;2;255;245;245m██[38;2;255;245;245m██[38;2;255;245;245m██[38;2;137;92;114m██[38;2;137;92;114m██[38;2;217;195;195m██[38;2;255;245;245m██[38;2;255;245;245m██[38;2;217;195;195m██[38;2;16;16;16m██[38;2;16;16;16m██[38;2;217;195;195m██[38;2;255;245;245m██[38;2;255;245;245m██[38;2;255;245;245m██[38;2;255;245;245m██[38;2;255;245;245m██[38;2;255;245;245m██[38;2;255;245;245m██[38;2;217;195;195m██[38;2;16;16;16m██[38;2;16;16;16m██[38;2;16;16;16m██[38;2;16;16;16m██[38;2;16;16;16m██            
          [38;2;16;16;16m██[38;2;217;195;195m██[38;2;250;140;170m██[38;2;250;140;170m██[38;2;250;140;170m██[38;2;250;140;170m██[38;2;250;140;170m██[38;2;255;245;245m██[38;2;255;245;245m██[38;2;217;195;195m██[38;2;16;16;16m██[38;2;217;195;195m██[38;2;16;16;16m██[38;2;16;16;16m██[38;2;16;16;16m██[38;2;16;16;16m██[38;2;217;195;195m██[38;2;255;245;245m██[38;2;255;245;245m██[38;2;255;245;245m██[38;2;255;245;245m██[38;2;255;245;245m██[38;2;255;245;245m██[38;2;255;245;245m██[38;2;255;245;245m██[38;2;255;245;245m██[38;2;255;245;245m██[38;2;16;16;16m██                    
        [38;2;137;92;114m██[38;2;217;195;195m██[38;2;16;16;16m██[38;2;217;195;195m██[38;2;216;90;122m██[38;2;138;40;67m██[38;2;250;140;170m██[38;2;250;140;170m██[38;2;255;245;245m██[38;2;255;245;245m██[38;2;16;16;16m██[38;2;217;195;195m██[38;2;217;195;195m██[38;2;217;195;195m██[38;2;217;195;195m██[38;2;255;245;245m██[38;2;255;245;245m██[38;2;255;245;245m██[38;2;255;245;245m██[38;2;255;245;245m██[38;2;255;245;245m██[38;2;255;245;245m██[38;2;255;245;245m██[38;2;255;245;245m██[38;2;255;245;245m██[38;2;255;245;245m██[38;2;255;245;245m██[38;2;255;245;245m██[38;2;217;195;195m██[38;2;16;16;16m██                  
      [38;2;137;92;114m██[38;2;255;245;245m██[38;2;217;195;195m██[38;2;137;92;114m██[38;2;16;16;16m██[38;2;16;16;16m██[38;2;16;16;16m██[38;2;250;140;170m██[38;2;255;245;245m██[38;2;217;195;195m██[38;2;16;16;16m██[38;2;217;195;195m██[38;2;217;195;195m██[38;2;217;195;195m██[38;2;255;245;245m██[38;2;255;245;245m██[38;2;255;245;245m██[38;2;255;245;245m██[38;2;255;245;245m██[38;2;255;245;245m██[38;2;255;245;245m██[38;2;255;245;245m██[38;2;255;245;245m██[38;2;255;245;245m██[38;2;255;245;245m██[38;2;255;245;245m██[38;2;255;245;245m██[38;2;255;245;245m██[38;2;255;245;245m██[38;2;255;245;245m██[38;2;16;16;16m██                  
    [38;2;137;92;114m██[38;2;255;245;245m██[38;2;255;245;245m██[38;2;137;92;114m██  [38;2;16;16;16m██[38;2;217;195;195m██[38;2;168;141;140m██[38;2;16;16;16m██[38;2;16;16;16m██[38;2;16;16;16m██[38;2;217;195;195m██[38;2;217;195;195m██[38;2;255;245;245m██[38;2;255;245;245m██[38;2;255;245;245m██[38;2;255;245;245m██[38;2;255;245;245m██[38;2;255;245;245m██[38;2;255;245;245m██[38;2;255;245;245m██[38;2;255;245;245m██[38;2;255;245;245m██[38;2;255;245;245m██[38;2;255;245;245m██[38;2;255;245;245m██[38;2;255;245;245m██[38;2;255;245;245m██[38;2;255;245;245m██[38;2;255;245;245m██[38;2;255;245;245m██[38;2;16;16;16m██                  
    [38;2;137;92;114m██[38;2;255;245;245m██[38;2;255;245;245m██[38;2;16;16;16m██  [38;2;16;16;16m██[38;2;217;195;195m██[38;2;217;195;195m██[38;2;217;195;195m██[38;2;217;195;195m██[38;2;217;195;195m██[38;2;217;195;195m██[38;2;255;245;245m██[38;2;255;245;245m██[38;2;255;245;245m██[38;2;255;245;245m██[38;2;255;245;245m██[38;2;255;245;245m██[38;2;255;245;245m██[38;2;255;245;245m██[38;2;255;245;245m██[38;2;255;245;245m██[38;2;255;245;245m██[38;2;255;245;245m██[38;2;255;245;245m██[38;2;255;245;245m██[38;2;255;245;245m██[38;2;255;245;245m██[38;2;255;245;245m██[38;2;255;245;245m██[38;2;255;245;245m██[38;2;16;16;16m██                  
  [38;2;137;92;114m██[38;2;255;245;245m██[38;2;255;245;245m██[38;2;137;92;114m██    [38;2;16;16;16m██[38;2;217;195;195m██[38;2;217;195;195m██[38;2;217;195;195m██[38;2;217;195;195m██[38;2;217;195;195m██[38;2;255;245;245m██[38;2;255;245;245m██[38;2;255;245;245m██[38;2;255;245;245m██[38;2;255;245;245m██[38;2;255;245;245m██[38;2;255;245;245m██[38;2;255;245;245m██[38;2;255;245;245m██[38;2;255;245;245m██[38;2;217;195;195m██[38;2;168;141;140m██[38;2;168;141;140m██[38;2;217;195;195m██[38;2;255;245;245m██[38;2;255;245;245m██[38;2;255;245;245m██[38;2;255;245;245m██[38;2;255;245;245m██[38;2;255;245;245m██[38;2;255;245;245m██[38;2;16;16;16m██                
  [38;2;137;92;114m██[38;2;255;245;245m██[38;2;255;245;245m██[38;2;137;92;114m██    [38;2;16;16;16m██[38;2;217;195;195m██[38;2;217;195;195m██[38;2;168;141;140m██[38;2;217;195;195m██[38;2;217;195;195m██[38;2;255;245;245m██[38;2;255;245;245m██[38;2;255;245;245m██[38;2;255;245;245m██[38;2;255;245;245m██[38;2;255;245;245m██[38;2;255;245;245m██[38;2;217;195;195m██[38;2;168;141;140m██[38;2;168;141;140m██[38;2;168;141;140m██[38;2;16;16;16m██[38;2;16;16;16m██[38;2;16;16;16m██[38;2;217;195;195m██[38;2;255;245;245m██[38;2;255;245;245m██[38;2;255;245;245m██[38;2;255;245;245m██[38;2;255;245;245m██[38;2;255;245;245m██[38;2;16;16;16m██                
  [38;2;16;16;16m██[38;2;255;245;245m██[38;2;255;245;245m██[38;2;137;92;114m██[38;2;16;16;16m██[38;2;16;16;16m██[38;2;16;16;16m██[38;2;168;141;140m██[38;2;217;195;195m██[38;2;217;195;195m██[38;2;137;92;114m██[38;2;217;195;195m██[38;2;255;245;245m██[38;2;255;245;245m██[38;2;255;245;245m██[38;2;255;245;245m██[38;2;255;245;245m██[38;2;255;245;245m██[38;2;137;92;114m██[38;2;168;141;140m██[38;2;168;141;140m██[38;2;137;92;114m██[38;2;16;16;16m██[38;2;168;141;140m██[38;2;168;141;140m██[38;2;168;141;140m██[38;2;16;16;16m██[38;2;217;195;195m██[38;2;255;245;245m██[38;2;255;245;245m██[38;2;255;245;245m██[38;2;255;245;245m██[38;2;255;245;245m██[38;2;217;195;195m██[38;2;16;16;16m██              
  [38;2;16;16;16m██[38;2;217;195;195m██[38;2;255;245;245m██[38;2;137;92;114m██[38;2;217;195;195m██[38;2;217;195;195m██[38;2;217;195;195m██[38;2;16;16;16m██[38;2;217;195;195m██[38;2;217;195;195m██[38;2;217;195;195m██[38;2;137;92;114m██[38;2;217;195;195m██[38;2;255;245;245m██[38;2;255;245;245m██[38;2;255;245;245m██[38;2;255;245;245m██[38;2;255;245;245m██[38;2;16;16;16m██[38;2;16;16;16m██[38;2;16;16;16m██  [38;2;16;16;16m██[38;2;168;141;140m██[38;2;168;141;140m██[38;2;168;141;140m██[38;2;168;141;140m██[38;2;16;16;16m██[38;2;16;16;16m██[38;2;255;245;245m██[38;2;255;245;245m██[38;2;255;245;245m██[38;2;217;195;195m██[38;2;217;195;195m██[38;2;217;195;195m██[38;2;16;16;16m██            
    [38;2;16;16;16m██[38;2;217;195;195m██[38;2;217;195;195m██[38;2;137;92;114m██[38;2;217;195;195m██[38;2;217;195;195m██[38;2;16;16;16m██[38;2;168;141;140m██[38;2;217;195;195m██[38;2;217;195;195m██[38;2;217;195;195m██[38;2;137;92;114m██[38;2;255;245;245m██[38;2;255;245;245m██[38;2;255;245;245m██[38;2;255;245;245m██[38;2;255;245;245m██[38;2;16;16;16m██        [38;2;16;16;16m██[38;2;168;141;140m██[38;2;168;141;140m██[38;2;168;141;140m██[38;2;16;16;16m██  [38;2;16;16;16m██[38;2;16;16;16m██[38;2;217;195;195m██[38;2;217;195;195m██[38;2;217;195;195m██[38;2;217;195;195m██[38;2;16;16;16m██            
      [38;2;16;16;16m██[38;2;16;16;16m██[38;2;217;195;195m██[38;2;217;195;195m██[38;2;217;195;195m██[38;2;217;195;195m██[38;2;16;16;16m██[38;2;217;195;195m██[38;2;217;195;195m██[38;2;217;195;195m██[38;2;137;92;114m██[38;2;255;245;245m██[38;2;255;245;245m██[38;2;255;245;245m██[38;2;255;245;245m██[38;2;217;195;195m██[38;2;16;16;16m██        [38;2;16;16;16m██[38;2;168;141;140m██[38;2;168;141;140m██[38;2;168;141;140m██[38;2;16;16;16m██    [38;2;16;16;16m██[38;2;217;195;195m██[38;2;217;195;195m██[38;2;217;195;195m██[38;2;217;195;195m██[38;2;16;16;16m██            
          [38;2;16;16;16m██[38;2;16;16;16m██[38;2;16;16;16m██[38;2;16;16;16m██[38;2;16;16;16m██[38;2;217;195;195m██[38;2;217;195;195m██[38;2;217;195;195m██[38;2;137;92;114m██[38;2;255;245;245m██[38;2;255;245;245m██[38;2;255;245;245m██[38;2;255;245;245m██[38;2;16;16;16m██          [38;2;16;16;16m██[38;2;168;141;140m██[38;2;168;141;140m██[38;2;168;141;140m██[38;2;16;16;16m██      [38;2;16;16;16m██[38;2;217;195;195m██[38;2;217;195;195m██[38;2;216;90;122m██[38;2;16;16;16m██            
                  [38;2;16;16;16m██[38;2;217;195;195m██[38;2;217;195;195m██[38;2;217;195;195m██[38;2;137;92;114m██[38;2;255;245;245m██[38;2;255;245;245m██[38;2;255;245;245m██[38;2;255;245;245m██[38;2;16;16;16m██          [38;2;16;16;16m██[38;2;168;141;140m██[38;2;216;90;122m██[38;2;16;16;16m██        [38;2;16;16;16m██[38;2;216;90;122m██[38;2;216;90;122m██[38;2;216;90;122m██[38;2;16;16;16m██            
                    [38;2;16;16;16m██[38;2;217;195;195m██[38;2;216;90;122m██[38;2;137;92;114m██[38;2;255;245;245m██[38;2;255;245;245m██[38;2;255;245;245m██[38;2;250;140;170m██[38;2;16;16;16m██          [38;2;16;16;16m██[38;2;216;90;122m██[38;2;216;90;122m██[38;2;16;16;16m██        [38;2;16;16;16m██[38;2;216;90;122m██[38;2;216;90;122m██[38;2;216;90;122m██[38;2;16;16;16m██            
                    [38;2;16;16;16m██[38;2;216;90;122m██[38;2;216;90;122m██[38;2;138;40;67m██[38;2;250;140;170m██[38;2;255;245;245m██[38;2;250;140;170m██[38;2;16;16;16m██            [38;2;16;16;16m██[38;2;216;90;122m██[38;2;216;90;122m██[38;2;16;16;16m██        [38;2;16;16;16m██[38;2;216;90;122m██[38;2;216;90;122m██[38;2;216;90;122m██[38;2;16;16;16m██            
                    [38;2;16;16;16m██[38;2;216;90;122m██[38;2;216;90;122m██[38;2;138;40;67m██[38;2;250;140;170m██[38;2;250;140;170m██[38;2;250;140;170m██[38;2;16;16;16m██          [38;2;16;16;16m██[38;2;216;90;122m██[38;2;216;90;122m██[38;2;16;16;16m██          [38;2;16;16;16m██[38;2;216;90;122m██[38;2;216;90;122m██[38;2;16;16;16m██              
                    [38;2;16;16;16m██[38;2;216;90;122m██[38;2;138;40;67m██[38;2;250;140;170m██[38;2;250;140;170m██[38;2;250;140;170m██[38;2;16;16;16m██          [38;2;16;16;16m██[38;2;216;90;122m██[38;2;138;40;67m██[38;2;216;90;122m██[38;2;16;16;16m██        [38;2;16;16;16m██[38;2;216;90;122m██[38;2;216;90;122m██[38;2;216;90;122m██[38;2;16;16;16m██              
                  [38;2;16;16;16m██[38;2;216;90;122m██[38;2;216;90;122m██[38;2;138;40;67m██[38;2;250;140;170m██[38;2;250;140;170m██[38;2;250;140;170m██[38;2;16;16;16m██          [38;2;16;16;16m██[38;2;16;16;16m██[38;2;16;16;16m██[38;2;16;16;16m██          [38;2;16;16;16m██[38;2;216;90;122m██[38;2;138;40;67m██[38;2;216;90;122m██[38;2;16;16;16m██              
                  [38;2;16;16;16m██[38;2;216;90;122m██[38;2;138;40;67m██[38;2;250;140;170m██[38;2;250;140;170m██[38;2;250;140;170m██[38;2;16;16;16m██                                [38;2;16;16;16m██[38;2;16;16;16m██[38;2;16;16;16m██                
                    [38;2;16;16;16m██[38;2;16;16;16m██[38;2;250;140;170m██[38;2;216;90;122m██[38;2;250;140;170m██[38;2;16;16;16m██                                                      
                        [38;2;16;16;16m██[38;2;16;16;16m██[38;2;16;16;16m██                                                        
