                                                                              [38;2;128;73;19m██[38;2;128;73;19m██[38;2;128;73;19m██[38;2;128;73;19m██                                                                
                                                                            [38;2;128;73;19m██[38;2;242;139;36m██[38;2;242;139;36m██[38;2;242;139;36m██[38;2;242;139;36m██[38;2;128;73;19m██                                                              
                                                                            [38;2;128;73;19m██[38;2;242;139;36m██[38;2;242;139;36m██[38;2;242;139;36m██[38;2;242;139;36m██[38;2;128;73;19m██                                                              
                                                                      [38;2;128;73;19m██[38;2;128;73;19m██[38;2;128;73;19m██[38;2;242;139;36m██[38;2;242;139;36m██[38;2;242;139;36m██[38;2;242;139;36m██[38;2;128;73;19m██  [38;2;128;73;19m██[38;2;128;73;19m██                                                          
                                                                    [38;2;128;73;19m██[38;2;242;139;36m██[38;2;242;139;36m██[38;2;128;73;19m██[38;2;242;139;36m██[38;2;242;139;36m██[38;2;242;139;36m██[38;2;242;139;36m██[38;2;128;73;19m██[38;2;128;73;19m██[38;2;242;139;36m██[38;2;242;139;36m██[38;2;128;73;19m██                                                        
                                                                    [38;2;128;73;19m██[38;2;242;139;36m██[38;2;242;139;36m██[38;2;128;73;19m██[38;2;242;139;36m██[38;2;242;139;36m██[38;2;242;139;36m██[38;2;191;110;29m██[38;2;242;139;36m██[38;2;242;139;36m██[38;2;242;139;36m██[38;2;242;139;36m██[38;2;128;73;19m██                                                        
                                                                      [38;2;128;73;19m██[38;2;242;139;36m██[38;2;242;139;36m██[38;2;242;139;36m██[38;2;242;139;36m██[38;2;128;73;19m██[38;2;242;139;36m██[38;2;242;139;36m██[38;2;242;139;36m██[38;2;191;110;29m██[38;2;128;73;19m██                                                          
                                                                    [38;2;128;73;19m██[38;2;128;73;19m██[38;2;128;73;19m██[38;2;128;73;19m██[38;2;191;110;29m██[38;2;128;73;19m██[38;2;191;110;29m██[38;2;242;139;36m██[38;2;242;139;36m██[38;2;16;16;16m██[38;2;16;16;16m██                                                            
                                                                [38;2;128;73;19m██[38;2;128;73;19m██[38;2;242;139;36m██[38;2;242;139;36m██[38;2;242;139;36m██[38;2;242;139;36m██[38;2;128;73;19m██[38;2;128;73;19m██[38;2;191;110;29m██[38;2;191;110;29m██[38;2;16;16;16m██                                                                
                                                            [38;2;128;73;19m██[38;2;128;73;19m██[38;2;242;139;36m██[38;2;242;139;36m██[38;2;242;139;36m██[38;2;242;139;36m██[38;2;242;139;36m██[38;2;242;139;36m██[38;2;242;139;36m██[38;2;242;139;36m██[38;2;128;73;19m██[38;2;16;16;16m██                                                                  
                                                          [38;2;128;73;19m██[38;2;242;139;36m██[38;2;242;139;36m██[38;2;242;139;36m██[38;2;242;139;36m██[38;2;242;139;36m██[38;2;242;139;36m██[38;2;82;204;163m██[38;2;82;204;163m██[38;2;82;204;163m██[38;2;82;204;163m██[38;2;61;153;122m██[38;2;16;16;16m██                                                                  
                                                        [38;2;128;73;19m██[38;2;242;139;36m██[38;2;242;139;36m██[38;2;242;139;36m██[38;2;242;139;36m██[38;2;82;204;163m██[38;2;82;204;163m██[38;2;82;204;163m██[38;2;82;204;163m██[38;2;82;204;163m██[38;2;82;204;163m██[38;2;191;110;29m██[38;2;191;110;29m██[38;2;191;110;29m██[38;2;16;16;16m██                                                                
                                                      [38;2;41;102;82m██[38;2;242;139;36m██[38;2;242;139;36m██[38;2;242;139;36m██[38;2;82;204;163m██[38;2;82;204;163m██[38;2;82;204;163m██[38;2;82;204;163m██[38;2;82;204;163m██[38;2;191;110;29m██[38;2;191;110;29m██[38;2;242;139;36m██[38;2;242;139;36m██[38;2;242;139;36m██[38;2;191;110;29m██[38;2;61;153;122m██[38;2;16;16;16m██                                                              
                                                    [38;2;41;102;82m██[38;2;82;204;163m██[38;2;242;139;36m██[38;2;242;139;36m██[38;2;82;204;163m██[38;2;82;204;163m██[38;2;82;204;163m██[38;2;82;204;163m██[38;2;82;204;163m██[38;2;61;153;122m██[38;2;242;139;36m██[38;2;242;139;36m██[38;2;128;73;19m██[38;2;128;73;19m██[38;2;242;139;36m██[38;2;242;139;36m██[38;2;61;153;122m██[38;2;16;16;16m██                                                              
                                                    [38;2;41;102;82m██[38;2;82;204;163m██[38;2;242;139;36m██[38;2;82;204;163m██[38;2;82;204;163m██[38;2;82;204;163m██[38;2;82;204;163m██[38;2;82;204;163m██[38;2;61;153;122m██[38;2;242;139;36m██[38;2;242;139;36m██[38;2;128;73;19m██[38;2;16;16;16m██[38;2;16;16;16m██[38;2;16;16;16m██[38;2;242;139;36m██[38;2;191;110;29m██[38;2;61;153;122m██[38;2;16;16;16m██                                                            
                                                  [38;2;41;102;82m██[38;2;82;204;163m██[38;2;82;204;163m██[38;2;82;204;163m██[38;2;82;204;163m██[38;2;82;204;163m██[38;2;82;204;163m██[38;2;82;204;163m██[38;2;82;204;163m██[38;2;61;153;122m██[38;2;242;139;36m██[38;2;128;73;19m██[38;2;217;155;33m██[38;2;255;219;38m██[38;2;16;16;16m██[38;2;16;16;16m██[38;2;242;139;36m██[38;2;191;110;29m██[38;2;61;153;122m██[38;2;16;16;16m██                                                            
                [38;2;16;16;16m██[38;2;16;16;16m██[38;2;16;16;16m██                            [38;2;41;102;82m██[38;2;82;204;163m██[38;2;82;204;163m██[38;2;82;204;163m██[38;2;82;204;163m██[38;2;82;204;163m██[38;2;82;204;163m██[38;2;82;204;163m██[38;2;61;153;122m██[38;2;242;139;36m██[38;2;128;73;19m██[38;2;16;16;16m██[38;2;217;155;33m██[38;2;255;219;38m██[38;2;16;16;16m██[38;2;16;16;16m██[38;2;242;139;36m██[38;2;191;110;29m██[38;2;61;153;122m██[38;2;61;153;122m██[38;2;16;16;16m██                                                          
              [38;2;16;16;16m██[38;2;255;219;38m██[38;2;255;219;38m██[38;2;217;155;33m██[38;2;115;29;43m██[38;2;115;29;43m██                      [38;2;41;102;82m██[38;2;82;204;163m██[38;2;82;204;163m██[38;2;82;204;163m██[38;2;82;204;163m██[38;2;82;204;163m██[38;2;82;204;163m██[38;2;82;204;163m██[38;2;82;204;163m██[38;2;61;153;122m██[38;2;242;139;36m██[38;2;217;155;33m██[38;2;16;16;16m██[38;2;217;155;33m██[38;2;255;219;38m██[38;2;16;16;16m██[38;2;16;16;16m██[38;2;242;139;36m██[38;2;191;110;29m██[38;2;61;153;122m██[38;2;61;153;122m██[38;2;16;16;16m██                                                          
                [38;2;16;16;16m██[38;2;16;16;16m██[38;2;217;54;81m██[38;2;217;54;81m██[38;2;217;54;81m██[38;2;115;29;43m██                    [38;2;41;102;82m██[38;2;82;204;163m██[38;2;82;204;163m██[38;2;217;54;81m██[38;2;82;204;163m██[38;2;82;204;163m██[38;2;82;204;163m██[38;2;82;204;163m██[38;2;82;204;163m██[38;2;61;153;122m██[38;2;242;139;36m██[38;2;217;155;33m██[38;2;16;16;16m██[38;2;217;155;33m██[38;2;255;219;38m██[38;2;16;16;16m██[38;2;128;73;19m██[38;2;242;139;36m██[38;2;82;204;163m██[38;2;61;153;122m██[38;2;61;153;122m██[38;2;16;16;16m██                      [38;2;16;16;16m██[38;2;16;16;16m██                                
                  [38;2;16;16;16m██[38;2;217;54;81m██[38;2;16;16;16m██[38;2;255;219;38m██[38;2;166;41;62m██[38;2;115;29;43m██                  [38;2;41;102;82m██[38;2;82;204;163m██[38;2;217;54;81m██[38;2;217;54;81m██[38;2;82;204;163m██[38;2;82;204;163m██[38;2;82;204;163m██[38;2;82;204;163m██[38;2;82;204;163m██[38;2;82;204;163m██[38;2;242;139;36m██[38;2;242;139;36m██[38;2;217;155;33m██[38;2;255;219;38m██[38;2;128;73;19m██[38;2;128;73;19m██[38;2;242;139;36m██[38;2;191;110;29m██[38;2;82;204;163m██[38;2;61;153;122m██[38;2;61;153;122m██[38;2;61;153;122m██[38;2;16;16;16m██                  [38;2;16;16;16m██[38;2;217;54;81m██[38;2;217;54;81m██[38;2;16;16;16m██                              
                [38;2;16;16;16m██[38;2;16;16;16m██[38;2;16;16;16m██[38;2;217;155;33m██[38;2;217;155;33m██[38;2;166;41;62m██[38;2;115;29;43m██                  [38;2;41;102;82m██[38;2;166;41;62m██[38;2;217;54;81m██[38;2;217;54;81m██[38;2;82;204;163m██[38;2;82;204;163m██[38;2;82;204;163m██[38;2;82;204;163m██[38;2;82;204;163m██[38;2;82;204;163m██[38;2;82;204;163m██[38;2;242;139;36m██[38;2;242;139;36m██[38;2;242;139;36m██[38;2;242;139;36m██[38;2;242;139;36m██[38;2;191;110;29m██[38;2;82;204;163m██[38;2;217;54;81m██[38;2;61;153;122m██[38;2;61;153;122m██[38;2;61;153;122m██[38;2;16;16;16m██                  [38;2;16;16;16m██[38;2;217;54;81m██[38;2;217;155;33m██[38;2;255;219;38m██[38;2;16;16;16m██                            
              [38;2;16;16;16m██[38;2;255;219;38m██[38;2;166;41;62m██[38;2;16;16;16m██[38;2;16;16;16m██[38;2;16;16;16m██[38;2;166;41;62m██[38;2;166;41;62m██[38;2;115;29;43m██                  [38;2;115;29;43m██[38;2;217;54;81m██[38;2;166;41;62m██[38;2;217;54;81m██[38;2;82;204;163m██[38;2;82;204;163m██[38;2;61;153;122m██[38;2;61;153;122m██[38;2;61;153;122m██[38;2;61;153;122m██[38;2;61;153;122m██[38;2;82;204;163m██[38;2;82;204;163m██[38;2;82;204;163m██[38;2;82;204;163m██[38;2;82;204;163m██[38;2;82;204;163m██[38;2;217;54;81m██[38;2;217;54;81m██[38;2;61;153;122m██[38;2;61;153;122m██[38;2;16;16;16m██                [38;2;16;16;16m██[38;2;16;16;16m██[38;2;166;41;62m██[38;2;16;16;16m██[38;2;255;219;38m██[38;2;16;16;16m██                            
            [38;2;16;16;16m██[38;2;217;155;33m██[38;2;217;155;33m██[38;2;166;41;62m██[38;2;166;41;62m██[38;2;166;41;62m██[38;2;166;41;62m██[38;2;166;41;62m██[38;2;217;54;81m██[38;2;217;54;81m██[38;2;115;29;43m██[38;2;115;29;43m██              [38;2;115;29;43m██[38;2;217;54;81m██[38;2;217;54;81m██[38;2;16;16;16m██[38;2;16;16;16m██[38;2;16;16;16m██[38;2;191;191;191m██[38;2;191;191;191m██[38;2;191;191;191m██[38;2;191;191;191m██[38;2;191;191;191m██[38;2;61;153;122m██[38;2;61;153;122m██[38;2;82;204;163m██[38;2;82;204;163m██[38;2;82;204;163m██[38;2;82;204;163m██[38;2;217;54;81m██[38;2;217;54;81m██[38;2;61;153;122m██[38;2;61;153;122m██[38;2;16;16;16m██              [38;2;16;16;16m██[38;2;16;16;16m██[38;2;166;41;62m██[38;2;166;41;62m██[38;2;166;41;62m██[38;2;16;16;16m██[38;2;166;41;62m██[38;2;16;16;16m██[38;2;16;16;16m██                        
            [38;2;16;16;16m██[38;2;16;16;16m██[38;2;16;16;16m██[38;2;16;16;16m██[38;2;16;16;16m██[38;2;115;29;43m██[38;2;166;41;62m██[38;2;166;41;62m██[38;2;217;54;81m██[38;2;217;54;81m██[38;2;217;54;81m██[38;2;217;54;81m██[38;2;115;29;43m██[38;2;115;29;43m██            [38;2;16;16;16m██[38;2;16;16;16m██  [38;2;115;29;43m██[38;2;191;191;191m██[38;2;191;191;191m██[38;2;115;115;115m██[38;2;115;115;115m██[38;2;115;115;115m██[38;2;248;248;248m██[38;2;248;248;248m██[38;2;248;248;248m██[38;2;217;54;81m██[38;2;217;54;81m██[38;2;82;204;163m██[38;2;82;204;163m██[38;2;217;54;81m██[38;2;217;54;81m██[38;2;217;54;81m██[38;2;61;153;122m██[38;2;115;29;43m██[38;2;115;29;43m██[38;2;115;29;43m██[38;2;115;29;43m██        [38;2;16;16;16m██[38;2;255;219;38m██[38;2;16;16;16m██[38;2;166;41;62m██[38;2;166;41;62m██[38;2;166;41;62m██[38;2;166;41;62m██[38;2;16;16;16m██[38;2;255;219;38m██[38;2;16;16;16m██                      
                  [38;2;115;29;43m██[38;2;166;41;62m██[38;2;166;41;62m██[38;2;166;41;62m██[38;2;16;16;16m██[38;2;16;16;16m██[38;2;217;54;81m██[38;2;217;54;81m██[38;2;217;54;81m██[38;2;217;54;81m██[38;2;166;41;62m██[38;2;115;29;43m██[38;2;115;29;43m██[38;2;115;29;43m██[38;2;115;29;43m██        [38;2;115;29;43m██[38;2;115;29;43m██[38;2;191;191;191m██[38;2;248;248;248m██[38;2;248;248;248m██[38;2;248;248;248m██[38;2;248;248;248m██[38;2;191;191;191m██[38;2;248;248;248m██[38;2;248;248;248m██[38;2;248;248;248m██[38;2;217;54;81m██[38;2;217;54;81m██[38;2;82;204;163m██[38;2;217;54;81m██[38;2;217;54;81m██[38;2;217;54;81m██[38;2;115;29;43m██[38;2;217;54;81m██[38;2;217;54;81m██[38;2;217;54;81m██[38;2;166;41;62m██[38;2;115;29;43m██[38;2;115;29;43m██[38;2;115;29;43m██[38;2;115;29;43m██[38;2;16;16;16m██[38;2;217;155;33m██[38;2;255;219;38m██[38;2;16;16;16m██[38;2;166;41;62m██[38;2;166;41;62m██[38;2;166;41;62m██[38;2;166;41;62m██[38;2;217;155;33m██[38;2;217;155;33m██[38;2;16;16;16m██                    
                [38;2;115;29;43m██[38;2;166;41;62m██[38;2;166;41;62m██[38;2;166;41;62m██[38;2;61;153;122m██[38;2;61;153;122m██[38;2;61;153;122m██[38;2;16;16;16m██[38;2;217;54;81m██[38;2;217;54;81m██[38;2;217;54;81m██[38;2;217;54;81m██[38;2;166;41;62m██[38;2;217;54;81m██[38;2;217;54;81m██[38;2;217;54;81m██[38;2;115;29;43m██[38;2;115;29;43m██[38;2;115;29;43m██[38;2;115;29;43m██[38;2;217;54;81m██[38;2;217;54;81m██[38;2;217;54;81m██[38;2;248;248;248m██[38;2;248;248;248m██[38;2;248;248;248m██[38;2;248;248;248m██[38;2;248;248;248m██[38;2;248;248;248m██[38;2;248;248;248m██[38;2;248;248;248m██[38;2;217;54;81m██[38;2;217;54;81m██[38;2;217;54;81m██[38;2;217;54;81m██[38;2;217;54;81m██[38;2;166;41;62m██[38;2;217;54;81m██[38;2;217;54;81m██[38;2;217;54;81m██[38;2;217;54;81m██[38;2;217;54;81m██[38;2;217;54;81m██[38;2;217;54;81m██[38;2;217;54;81m██[38;2;166;41;62m██[38;2;166;41;62m██[38;2;16;16;16m██[38;2;16;16;16m██[38;2;166;41;62m██[38;2;166;41;62m██[38;2;166;41;62m██[38;2;115;29;43m██[38;2;16;16;16m██[38;2;16;16;16m██[38;2;16;16;16m██                      
              [38;2;115;29;43m██[38;2;166;41;62m██[38;2;166;41;62m██[38;2;61;153;122m██[38;2;61;153;122m██[38;2;61;153;122m██[38;2;61;153;122m██[38;2;61;153;122m██[38;2;61;153;122m██[38;2;16;16;16m██[38;2;16;16;16m██[38;2;217;54;81m██[38;2;217;54;81m██[38;2;217;54;81m██[38;2;217;54;81m██[38;2;217;54;81m██[38;2;217;54;81m██[38;2;217;54;81m██[38;2;217;54;81m██[38;2;217;54;81m██[38;2;217;54;81m██[38;2;217;54;81m██[38;2;217;54;81m██[38;2;217;54;81m██[38;2;248;248;248m██[38;2;248;248;248m██[38;2;248;248;248m██[38;2;248;248;248m██[38;2;248;248;248m██[38;2;248;248;248m██[38;2;248;248;248m██[38;2;248;248;248m██[38;2;248;248;248m██[38;2;217;54;81m██[38;2;217;54;81m██[38;2;217;54;81m██[38;2;217;54;81m██[38;2;217;54;81m██[38;2;217;54;81m██[38;2;217;54;81m██[38;2;217;54;81m██[38;2;217;54;81m██[38;2;217;54;81m██[38;2;217;54;81m██[38;2;166;41;62m██[38;2;166;41;62m██[38;2;166;41;62m██[38;2;166;41;62m██[38;2;166;41;62m██[38;2;166;41;62m██[38;2;166;41;62m██[38;2;166;41;62m██[38;2;115;29;43m██[38;2;166;41;62m██[38;2;166;41;62m██[38;2;16;16;16m██                        
            [38;2;115;29;43m██[38;2;217;54;81m██[38;2;166;41;62m██[38;2;61;153;122m██[38;2;61;153;122m██[38;2;61;153;122m██[38;2;61;153;122m██[38;2;61;153;122m██[38;2;61;153;122m██[38;2;61;153;122m██[38;2;61;153;122m██[38;2;61;153;122m██[38;2;16;16;16m██[38;2;166;41;62m██[38;2;217;54;81m██[38;2;217;54;81m██[38;2;217;54;81m██[38;2;217;54;81m██[38;2;217;54;81m██[38;2;217;54;81m██[38;2;217;54;81m██[38;2;217;54;81m██[38;2;217;54;81m██[38;2;217;54;81m██[38;2;217;54;81m██[38;2;248;248;248m██[38;2;248;248;248m██[38;2;248;248;248m██[38;2;248;248;248m██[38;2;248;248;248m██[38;2;248;248;248m██[38;2;248;248;248m██[38;2;248;248;248m██[38;2;248;248;248m██[38;2;217;54;81m██[38;2;217;54;81m██[38;2;217;54;81m██[38;2;217;54;81m██[38;2;217;54;81m██[38;2;217;54;81m██[38;2;217;54;81m██[38;2;217;54;81m██[38;2;166;41;62m██[38;2;166;41;62m██[38;2;166;41;62m██[38;2;166;41;62m██[38;2;166;41;62m██[38;2;166;41;62m██[38;2;166;41;62m██[38;2;166;41;62m██[38;2;166;41;62m██[38;2;16;16;16m██[38;2;16;16;16m██[38;2;61;153;122m██[38;2;61;153;122m██[38;2;166;41;62m██[38;2;166;41;62m██[38;2;16;16;16m██                      
          [38;2;115;29;43m██[38;2;217;54;81m██[38;2;166;41;62m██[38;2;61;153;122m██[38;2;61;153;122m██[38;2;61;153;122m██[38;2;61;153;122m██[38;2;61;153;122m██[38;2;61;153;122m██[38;2;61;153;122m██[38;2;61;153;122m██[38;2;61;153;122m██[38;2;61;153;122m██[38;2;61;153;122m██[38;2;16;16;16m██[38;2;16;16;16m██[38;2;16;16;16m██[38;2;217;54;81m██[38;2;217;54;81m██[38;2;217;54;81m██[38;2;217;54;81m██[38;2;217;54;81m██[38;2;217;54;81m██[38;2;217;54;81m██[38;2;217;54;81m██[38;2;217;54;81m██[38;2;217;54;81m██[38;2;248;248;248m██[38;2;217;54;81m██[38;2;248;248;248m██[38;2;248;248;248m██[38;2;248;248;248m██[38;2;217;54;81m██[38;2;217;54;81m██[38;2;248;248;248m██[38;2;217;54;81m██[38;2;217;54;81m██[38;2;217;54;81m██[38;2;217;54;81m██[38;2;217;54;81m██[38;2;217;54;81m██[38;2;166;41;62m██[38;2;166;41;62m██[38;2;166;41;62m██[38;2;166;41;62m██[38;2;166;41;62m██[38;2;166;41;62m██[38;2;16;16;16m██[38;2;16;16;16m██[38;2;16;16;16m██[38;2;16;16;16m██[38;2;16;16;16m██[38;2;61;153;122m██[38;2;61;153;122m██[38;2;61;153;122m██[38;2;61;153;122m██[38;2;61;153;122m██[38;2;166;41;62m██[38;2;166;41;62m██[38;2;16;16;16m██                    
        [38;2;115;29;43m██[38;2;217;54;81m██[38;2;217;54;81m██[38;2;82;204;163m██[38;2;82;204;163m██[38;2;82;204;163m██[38;2;61;153;122m██[38;2;61;153;122m██[38;2;61;153;122m██[38;2;41;102;82m██[38;2;61;153;122m██[38;2;61;153;122m██[38;2;61;153;122m██[38;2;61;153;122m██[38;2;61;153;122m██[38;2;61;153;122m██[38;2;61;153;122m██[38;2;61;153;122m██[38;2;16;16;16m██[38;2;16;16;16m██[38;2;16;16;16m██[38;2;16;16;16m██[38;2;191;191;191m██[38;2;191;191;191m██[38;2;115;29;43m██[38;2;217;54;81m██[38;2;217;54;81m██[38;2;217;54;81m██[38;2;217;54;81m██[38;2;217;54;81m██[38;2;217;54;81m██[38;2;248;248;248m██[38;2;217;54;81m██[38;2;217;54;81m██[38;2;217;54;81m██[38;2;217;54;81m██[38;2;217;54;81m██[38;2;217;54;81m██[38;2;217;54;81m██[38;2;217;54;81m██[38;2;217;54;81m██[38;2;166;41;62m██[38;2;166;41;62m██[38;2;166;41;62m██[38;2;115;29;43m██[38;2;115;29;43m██[38;2;16;16;16m██[38;2;16;16;16m██[38;2;61;153;122m██[38;2;61;153;122m██[38;2;61;153;122m██[38;2;61;153;122m██[38;2;61;153;122m██[38;2;61;153;122m██[38;2;61;153;122m██[38;2;61;153;122m██[38;2;61;153;122m██[38;2;61;153;122m██[38;2;61;153;122m██[38;2;166;41;62m██[38;2;166;41;62m██[38;2;16;16;16m██                  
      [38;2;115;29;43m██[38;2;217;54;81m██[38;2;217;54;81m██[38;2;82;204;163m██[38;2;82;204;163m██[38;2;82;204;163m██[38;2;82;204;163m██[38;2;82;204;163m██[38;2;61;153;122m██[38;2;41;102;82m██[38;2;61;153;122m██[38;2;61;153;122m██[38;2;61;153;122m██[38;2;61;153;122m██[38;2;61;153;122m██[38;2;61;153;122m██[38;2;61;153;122m██[38;2;61;153;122m██[38;2;61;153;122m██[38;2;61;153;122m██[38;2;61;153;122m██[38;2;61;153;122m██[38;2;61;153;122m██[38;2;16;16;16m██[38;2;16;16;16m██[38;2;115;29;43m██[38;2;217;54;81m██[38;2;217;54;81m██[38;2;217;54;81m██[38;2;217;54;81m██[38;2;217;54;81m██[38;2;217;54;81m██[38;2;217;54;81m██[38;2;217;54;81m██[38;2;217;54;81m██[38;2;217;54;81m██[38;2;217;54;81m██[38;2;217;54;81m██[38;2;217;54;81m██[38;2;217;54;81m██[38;2;217;54;81m██[38;2;217;54;81m██[38;2;166;41;62m██[38;2;166;41;62m██[38;2;115;29;43m██[38;2;191;191;191m██[38;2;191;191;191m██[38;2;16;16;16m██[38;2;61;153;122m██[38;2;61;153;122m██[38;2;61;153;122m██[38;2;61;153;122m██[38;2;61;153;122m██[38;2;61;153;122m██[38;2;61;153;122m██[38;2;61;153;122m██[38;2;61;153;122m██[38;2;61;153;122m██[38;2;61;153;122m██[38;2;61;153;122m██[38;2;61;153;122m██[38;2;166;41;62m██[38;2;166;41;62m██[38;2;16;16;16m██                
    [38;2;115;29;43m██[38;2;217;54;81m██[38;2;217;54;81m██[38;2;82;204;163m██[38;2;82;204;163m██[38;2;82;204;163m██[38;2;82;204;163m██[38;2;82;204;163m██[38;2;16;16;16m██[38;2;41;102;82m██[38;2;61;153;122m██[38;2;61;153;122m██[38;2;61;153;122m██[38;2;61;153;122m██[38;2;61;153;122m██[38;2;61;153;122m██[38;2;61;153;122m██[38;2;61;153;122m██[38;2;61;153;122m██[38;2;61;153;122m██[38;2;61;153;122m██[38;2;61;153;122m██[38;2;61;153;122m██[38;2;61;153;122m██[38;2;61;153;122m██[38;2;61;153;122m██[38;2;115;29;43m██[38;2;217;54;81m██[38;2;217;54;81m██[38;2;217;54;81m██[38;2;217;54;81m██[38;2;217;54;81m██[38;2;217;54;81m██[38;2;217;54;81m██[38;2;217;54;81m██[38;2;217;54;81m██[38;2;217;54;81m██[38;2;217;54;81m██[38;2;217;54;81m██[38;2;217;54;81m██[38;2;217;54;81m██[38;2;217;54;81m██[38;2;217;54;81m██[38;2;166;41;62m██[38;2;191;191;191m██[38;2;191;191;191m██[38;2;191;191;191m██[38;2;16;16;16m██[38;2;61;153;122m██[38;2;61;153;122m██[38;2;61;153;122m██[38;2;61;153;122m██[38;2;61;153;122m██[38;2;61;153;122m██[38;2;61;153;122m██[38;2;61;153;122m██[38;2;61;153;122m██[38;2;61;153;122m██[38;2;61;153;122m██[38;2;61;153;122m██[38;2;61;153;122m██[38;2;82;204;163m██[38;2;82;204;163m██[38;2;217;54;81m██[38;2;217;54;81m██[38;2;16;16;16m██              
  [38;2;115;29;43m██[38;2;217;54;81m██[38;2;217;54;81m██[38;2;82;204;163m██[38;2;82;204;163m██[38;2;82;204;163m██[38;2;82;204;163m██[38;2;82;204;163m██[38;2;16;16;16m██  [38;2;41;102;82m██[38;2;82;204;163m██[38;2;61;153;122m██[38;2;61;153;122m██[38;2;61;153;122m██[38;2;61;153;122m██[38;2;61;153;122m██[38;2;41;102;82m██[38;2;61;153;122m██[38;2;61;153;122m██[38;2;61;153;122m██[38;2;61;153;122m██[38;2;61;153;122m██[38;2;61;153;122m██[38;2;61;153;122m██[38;2;61;153;122m██[38;2;61;153;122m██[38;2;61;153;122m██[38;2;115;29;43m██[38;2;217;54;81m██[38;2;217;54;81m██[38;2;217;54;81m██[38;2;217;54;81m██[38;2;217;54;81m██[38;2;217;54;81m██[38;2;217;54;81m██[38;2;217;54;81m██[38;2;217;54;81m██[38;2;217;54;81m██[38;2;217;54;81m██[38;2;217;54;81m██[38;2;217;54;81m██[38;2;217;54;81m██[38;2;166;41;62m██[38;2;191;191;191m██[38;2;191;191;191m██[38;2;191;191;191m██[38;2;191;191;191m██[38;2;16;16;16m██[38;2;61;153;122m██[38;2;61;153;122m██[38;2;61;153;122m██[38;2;61;153;122m██[38;2;61;153;122m██[38;2;61;153;122m██[38;2;61;153;122m██[38;2;61;153;122m██[38;2;61;153;122m██[38;2;61;153;122m██[38;2;61;153;122m██[38;2;41;102;82m██[38;2;82;204;163m██[38;2;82;204;163m██[38;2;82;204;163m██[38;2;82;204;163m██[38;2;217;54;81m██[38;2;217;54;81m██[38;2;16;16;16m██            
  [38;2;115;29;43m██[38;2;217;54;81m██[38;2;82;204;163m██[38;2;82;204;163m██[38;2;82;204;163m██[38;2;82;204;163m██[38;2;16;16;16m██[38;2;16;16;16m██  [38;2;41;102;82m██[38;2;82;204;163m██[38;2;82;204;163m██[38;2;82;204;163m██[38;2;82;204;163m██[38;2;61;153;122m██[38;2;61;153;122m██[38;2;61;153;122m██[38;2;41;102;82m██[38;2;61;153;122m██[38;2;61;153;122m██[38;2;61;153;122m██[38;2;61;153;122m██[38;2;61;153;122m██[38;2;61;153;122m██[38;2;61;153;122m██[38;2;61;153;122m██[38;2;61;153;122m██[38;2;61;153;122m██[38;2;115;29;43m██[38;2;217;54;81m██[38;2;217;54;81m██[38;2;217;54;81m██[38;2;217;54;81m██[38;2;217;54;81m██[38;2;217;54;81m██[38;2;217;54;81m██[38;2;217;54;81m██[38;2;217;54;81m██[38;2;217;54;81m██[38;2;217;54;81m██[38;2;217;54;81m██[38;2;217;54;81m██[38;2;217;54;81m██[38;2;191;191;191m██[38;2;191;191;191m██[38;2;191;191;191m██[38;2;191;191;191m██[38;2;16;16;16m██[38;2;61;153;122m██[38;2;61;153;122m██[38;2;61;153;122m██[38;2;61;153;122m██[38;2;61;153;122m██[38;2;61;153;122m██[38;2;61;153;122m██[38;2;61;153;122m██[38;2;61;153;122m██[38;2;61;153;122m██[38;2;61;153;122m██[38;2;61;153;122m██[38;2;82;204;163m██[38;2;41;102;82m██[38;2;82;204;163m██[38;2;82;204;163m██[38;2;82;204;163m██[38;2;82;204;163m██[38;2;217;54;81m██[38;2;217;54;81m██[38;2;16;16;16m██          
[38;2;115;29;43m██[38;2;217;54;81m██[38;2;217;54;81m██[38;2;82;204;163m██[38;2;82;204;163m██[38;2;16;16;16m██[38;2;16;16;16m██      [38;2;41;102;82m██[38;2;82;204;163m██[38;2;82;204;163m██[38;2;82;204;163m██[38;2;82;204;163m██[38;2;82;204;163m██[38;2;82;204;163m██[38;2;41;102;82m██[38;2;61;153;122m██[38;2;61;153;122m██[38;2;61;153;122m██[38;2;61;153;122m██[38;2;61;153;122m██[38;2;61;153;122m██[38;2;61;153;122m██[38;2;61;153;122m██[38;2;61;153;122m██[38;2;61;153;122m██[38;2;61;153;122m██[38;2;115;29;43m██[38;2;248;248;248m██[38;2;217;54;81m██[38;2;217;54;81m██[38;2;217;54;81m██[38;2;217;54;81m██[38;2;217;54;81m██[38;2;217;54;81m██[38;2;217;54;81m██[38;2;217;54;81m██[38;2;217;54;81m██[38;2;217;54;81m██[38;2;217;54;81m██[38;2;248;248;248m██[38;2;191;191;191m██[38;2;191;191;191m██[38;2;191;191;191m██[38;2;191;191;191m██[38;2;191;191;191m██[38;2;16;16;16m██[38;2;61;153;122m██[38;2;61;153;122m██[38;2;61;153;122m██[38;2;61;153;122m██[38;2;61;153;122m██[38;2;61;153;122m██[38;2;61;153;122m██[38;2;61;153;122m██[38;2;61;153;122m██[38;2;41;102;82m██[38;2;82;204;163m██[38;2;82;204;163m██[38;2;82;204;163m██[38;2;82;204;163m██[38;2;41;102;82m██[38;2;82;204;163m██[38;2;82;204;163m██[38;2;82;204;163m██[38;2;82;204;163m██[38;2;217;54;81m██[38;2;217;54;81m██[38;2;16;16;16m██        
[38;2;115;29;43m██[38;2;217;54;81m██[38;2;82;204;163m██[38;2;16;16;16m██[38;2;16;16;16m██        [38;2;41;102;82m██[38;2;82;204;163m██[38;2;82;204;163m██[38;2;82;204;163m██[38;2;82;204;163m██[38;2;82;204;163m██[38;2;82;204;163m██[38;2;16;16;16m██[38;2;41;102;82m██[38;2;61;153;122m██[38;2;61;153;122m██[38;2;61;153;122m██[38;2;61;153;122m██[38;2;61;153;122m██[38;2;41;102;82m██[38;2;61;153;122m██[38;2;61;153;122m██[38;2;61;153;122m██[38;2;61;153;122m██[38;2;61;153;122m██[38;2;61;153;122m██[38;2;115;115;115m██[38;2;248;248;248m██[38;2;217;54;81m██[38;2;248;248;248m██[38;2;217;54;81m██[38;2;217;54;81m██[38;2;217;54;81m██[38;2;217;54;81m██[38;2;248;248;248m██[38;2;217;54;81m██[38;2;248;248;248m██[38;2;248;248;248m██[38;2;248;248;248m██[38;2;191;191;191m██[38;2;191;191;191m██[38;2;191;191;191m██[38;2;191;191;191m██[38;2;16;16;16m██[38;2;61;153;122m██[38;2;61;153;122m██[38;2;61;153;122m██[38;2;61;153;122m██[38;2;61;153;122m██[38;2;61;153;122m██[38;2;61;153;122m██[38;2;61;153;122m██[38;2;61;153;122m██[38;2;61;153;122m██[38;2;82;204;163m██[38;2;41;102;82m██[38;2;82;204;163m██[38;2;82;204;163m██[38;2;82;204;163m██[38;2;82;204;163m██[38;2;16;16;16m██[38;2;82;204;163m██[38;2;82;204;163m██[38;2;82;204;163m██[38;2;82;204;163m██[38;2;217;54;81m██[38;2;217;54;81m██[38;2;16;16;16m██      
[38;2;16;16;16m██[38;2;16;16;16m██[38;2;16;16;16m██            [38;2;41;102;82m██[38;2;82;204;163m██[38;2;82;204;163m██[38;2;82;204;163m██[38;2;82;204;163m██[38;2;82;204;163m██[38;2;16;16;16m██  [38;2;41;102;82m██[38;2;82;204;163m██[38;2;82;204;163m██[38;2;61;153;122m██[38;2;61;153;122m██[38;2;16;16;16m██[38;2;41;102;82m██[38;2;61;153;122m██[38;2;61;153;122m██[38;2;61;153;122m██[38;2;61;153;122m██[38;2;61;153;122m██[38;2;41;102;82m██[38;2;115;115;115m██[38;2;248;248;248m██[38;2;248;248;248m██[38;2;248;248;248m██[38;2;248;248;248m██[38;2;217;54;81m██[38;2;217;54;81m██[38;2;248;248;248m██[38;2;248;248;248m██[38;2;248;248;248m██[38;2;248;248;248m██[38;2;248;248;248m██[38;2;248;248;248m██[38;2;248;248;248m██[38;2;191;191;191m██[38;2;191;191;191m██[38;2;115;115;115m██[38;2;16;16;16m██[38;2;61;153;122m██[38;2;61;153;122m██[38;2;61;153;122m██[38;2;61;153;122m██[38;2;61;153;122m██[38;2;61;153;122m██[38;2;61;153;122m██[38;2;41;102;82m██[38;2;82;204;163m██[38;2;82;204;163m██[38;2;82;204;163m██[38;2;82;204;163m██[38;2;16;16;16m██[38;2;82;204;163m██[38;2;82;204;163m██[38;2;82;204;163m██[38;2;82;204;163m██[38;2;16;16;16m██[38;2;82;204;163m██[38;2;82;204;163m██[38;2;82;204;163m██[38;2;82;204;163m██[38;2;217;54;81m██[38;2;16;16;16m██      
                  [38;2;41;102;82m██[38;2;82;204;163m██[38;2;82;204;163m██[38;2;82;204;163m██[38;2;82;204;163m██[38;2;16;16;16m██    [38;2;41;102;82m██[38;2;82;204;163m██[38;2;82;204;163m██[38;2;82;204;163m██[38;2;82;204;163m██[38;2;16;16;16m██[38;2;41;102;82m██[38;2;61;153;122m██[38;2;61;153;122m██[38;2;61;153;122m██[38;2;61;153;122m██[38;2;61;153;122m██[38;2;16;16;16m██[38;2;61;153;122m██[38;2;115;115;115m██[38;2;248;248;248m██[38;2;248;248;248m██[38;2;248;248;248m██[38;2;248;248;248m██[38;2;248;248;248m██[38;2;248;248;248m██[38;2;248;248;248m██[38;2;248;248;248m██[38;2;248;248;248m██[38;2;248;248;248m██[38;2;248;248;248m██[38;2;248;248;248m██[38;2;191;191;191m██[38;2;191;191;191m██[38;2;16;16;16m██[38;2;61;153;122m██[38;2;61;153;122m██[38;2;61;153;122m██[38;2;61;153;122m██[38;2;61;153;122m██[38;2;41;102;82m██[38;2;82;204;163m██[38;2;82;204;163m██[38;2;61;153;122m██[38;2;41;102;82m██[38;2;82;204;163m██[38;2;82;204;163m██[38;2;82;204;163m██[38;2;16;16;16m██[38;2;41;102;82m██[38;2;82;204;163m██[38;2;82;204;163m██[38;2;82;204;163m██[38;2;82;204;163m██[38;2;16;16;16m██[38;2;41;102;82m██[38;2;82;204;163m██[38;2;82;204;163m██[38;2;82;204;163m██[38;2;217;54;81m██[38;2;16;16;16m██    
                [38;2;41;102;82m██[38;2;82;204;163m██[38;2;82;204;163m██[38;2;82;204;163m██[38;2;82;204;163m██[38;2;16;16;16m██    [38;2;41;102;82m██[38;2;82;204;163m██[38;2;82;204;163m██[38;2;82;204;163m██[38;2;82;204;163m██[38;2;16;16;16m██  [38;2;41;102;82m██[38;2;82;204;163m██[38;2;82;204;163m██[38;2;82;204;163m██[38;2;61;153;122m██[38;2;61;153;122m██[38;2;16;16;16m██[38;2;61;153;122m██[38;2;82;204;163m██[38;2;115;115;115m██[38;2;248;248;248m██[38;2;248;248;248m██[38;2;248;248;248m██[38;2;248;248;248m██[38;2;248;248;248m██[38;2;248;248;248m██[38;2;248;248;248m██[38;2;248;248;248m██[38;2;248;248;248m██[38;2;248;248;248m██[38;2;248;248;248m██[38;2;248;248;248m██[38;2;16;16;16m██[38;2;61;153;122m██[38;2;61;153;122m██[38;2;61;153;122m██[38;2;41;102;82m██[38;2;61;153;122m██[38;2;82;204;163m██[38;2;41;102;82m██[38;2;82;204;163m██[38;2;82;204;163m██[38;2;82;204;163m██[38;2;41;102;82m██[38;2;82;204;163m██[38;2;82;204;163m██[38;2;82;204;163m██[38;2;82;204;163m██[38;2;16;16;16m██[38;2;41;102;82m██[38;2;82;204;163m██[38;2;82;204;163m██[38;2;82;204;163m██[38;2;16;16;16m██  [38;2;41;102;82m██[38;2;41;102;82m██[38;2;82;204;163m██[38;2;82;204;163m██[38;2;217;54;81m██[38;2;16;16;16m██  
                [38;2;41;102;82m██[38;2;82;204;163m██[38;2;82;204;163m██[38;2;82;204;163m██[38;2;16;16;16m██      [38;2;41;102;82m██[38;2;82;204;163m██[38;2;82;204;163m██[38;2;82;204;163m██[38;2;82;204;163m██[38;2;16;16;16m██  [38;2;41;102;82m██[38;2;82;204;163m██[38;2;82;204;163m██[38;2;82;204;163m██[38;2;82;204;163m██[38;2;16;16;16m██  [38;2;41;102;82m██[38;2;82;204;163m██[38;2;115;115;115m██[38;2;191;191;191m██[38;2;248;248;248m██[38;2;248;248;248m██[38;2;248;248;248m██[38;2;248;248;248m██[38;2;248;248;248m██[38;2;248;248;248m██[38;2;248;248;248m██[38;2;248;248;248m██[38;2;248;248;248m██[38;2;248;248;248m██[38;2;248;248;248m██[38;2;16;16;16m██[38;2;61;153;122m██[38;2;61;153;122m██[38;2;61;153;122m██[38;2;61;153;122m██[38;2;16;16;16m██[38;2;82;204;163m██[38;2;82;204;163m██[38;2;41;102;82m██[38;2;82;204;163m██[38;2;82;204;163m██[38;2;82;204;163m██[38;2;16;16;16m██[38;2;82;204;163m██[38;2;82;204;163m██[38;2;82;204;163m██[38;2;16;16;16m██  [38;2;41;102;82m██[38;2;82;204;163m██[38;2;82;204;163m██[38;2;82;204;163m██[38;2;16;16;16m██    [38;2;41;102;82m██[38;2;41;102;82m██[38;2;82;204;163m██[38;2;166;41;62m██[38;2;16;16;16m██
                [38;2;41;102;82m██[38;2;82;204;163m██[38;2;16;16;16m██[38;2;16;16;16m██        [38;2;41;102;82m██[38;2;82;204;163m██[38;2;82;204;163m██[38;2;82;204;163m██[38;2;16;16;16m██    [38;2;41;102;82m██[38;2;82;204;163m██[38;2;82;204;163m██[38;2;82;204;163m██[38;2;82;204;163m██[38;2;16;16;16m██  [38;2;115;115;115m██[38;2;115;115;115m██[38;2;191;191;191m██[38;2;248;248;248m██[38;2;248;248;248m██[38;2;248;248;248m██[38;2;248;248;248m██[38;2;248;248;248m██[38;2;248;248;248m██[38;2;248;248;248m██[38;2;248;248;248m██[38;2;248;248;248m██[38;2;248;248;248m██[38;2;248;248;248m██[38;2;248;248;248m██[38;2;248;248;248m██[38;2;16;16;16m██[38;2;16;16;16m██[38;2;61;153;122m██[38;2;61;153;122m██[38;2;16;16;16m██[38;2;41;102;82m██[38;2;82;204;163m██[38;2;41;102;82m██[38;2;41;102;82m██[38;2;82;204;163m██[38;2;82;204;163m██[38;2;16;16;16m██[38;2;41;102;82m██[38;2;82;204;163m██[38;2;82;204;163m██[38;2;82;204;163m██[38;2;16;16;16m██  [38;2;41;102;82m██[38;2;82;204;163m██[38;2;82;204;163m██[38;2;82;204;163m██[38;2;16;16;16m██      [38;2;41;102;82m██[38;2;41;102;82m██[38;2;16;16;16m██
                [38;2;16;16;16m██[38;2;16;16;16m██            [38;2;41;102;82m██[38;2;82;204;163m██[38;2;82;204;163m██[38;2;82;204;163m██[38;2;16;16;16m██    [38;2;41;102;82m██[38;2;82;204;163m██[38;2;82;204;163m██[38;2;82;204;163m██[38;2;16;16;16m██  [38;2;115;115;115m██[38;2;248;248;248m██[38;2;248;248;248m██[38;2;248;248;248m██[38;2;248;248;248m██[38;2;248;248;248m██[38;2;248;248;248m██[38;2;248;248;248m██[38;2;248;248;248m██[38;2;248;248;248m██[38;2;248;248;248m██[38;2;248;248;248m██[38;2;191;191;191m██[38;2;248;248;248m██[38;2;248;248;248m██[38;2;191;191;191m██[38;2;191;191;191m██[38;2;248;248;248m██[38;2;191;191;191m██[38;2;16;16;16m██[38;2;61;153;122m██[38;2;16;16;16m██  [38;2;41;102;82m██[38;2;41;102;82m██  [38;2;41;102;82m██[38;2;82;204;163m██[38;2;82;204;163m██[38;2;16;16;16m██[38;2;41;102;82m██[38;2;82;204;163m██[38;2;82;204;163m██[38;2;16;16;16m██    [38;2;41;102;82m██[38;2;41;102;82m██[38;2;82;204;163m██[38;2;16;16;16m██            
                                [38;2;41;102;82m██[38;2;82;204;163m██[38;2;82;204;163m██[38;2;16;16;16m██        [38;2;41;102;82m██[38;2;82;204;163m██[38;2;82;204;163m██[38;2;16;16;16m██    [38;2;115;115;115m██[38;2;115;115;115m██[38;2;248;248;248m██[38;2;115;115;115m██[38;2;248;248;248m██[38;2;248;248;248m██[38;2;248;248;248m██[38;2;248;248;248m██[38;2;248;248;248m██[38;2;248;248;248m██[38;2;248;248;248m██[38;2;115;115;115m██[38;2;115;115;115m██[38;2;248;248;248m██[38;2;248;248;248m██[38;2;115;115;115m██[38;2;16;16;16m██[38;2;16;16;16m██[38;2;61;153;122m██[38;2;61;153;122m██[38;2;61;153;122m██[38;2;16;16;16m██        [38;2;41;102;82m██[38;2;82;204;163m██[38;2;16;16;16m██  [38;2;41;102;82m██[38;2;82;204;163m██[38;2;82;204;163m██[38;2;16;16;16m██      [38;2;41;102;82m██[38;2;16;16;16m██            
                                [38;2;41;102;82m██[38;2;82;204;163m██[38;2;16;16;16m██          [38;2;41;102;82m██[38;2;82;204;163m██[38;2;16;16;16m██      [38;2;115;115;115m██[38;2;248;248;248m██[38;2;115;115;115m██[38;2;115;115;115m██[38;2;248;248;248m██[38;2;248;248;248m██[38;2;248;248;248m██[38;2;248;248;248m██[38;2;248;248;248m██[38;2;248;248;248m██[38;2;248;248;248m██[38;2;115;115;115m██[38;2;191;191;191m██[38;2;115;115;115m██[38;2;115;115;115m██[38;2;115;115;115m██[38;2;248;248;248m██[38;2;16;16;16m██[38;2;61;153;122m██[38;2;61;153;122m██[38;2;61;153;122m██[38;2;16;16;16m██          [38;2;41;102;82m██[38;2;16;16;16m██    [38;2;41;102;82m██[38;2;82;204;163m██[38;2;16;16;16m██                      
                                  [38;2;16;16;16m██            [38;2;41;102;82m██[38;2;82;204;163m██[38;2;16;16;16m██    [38;2;115;115;115m██[38;2;248;248;248m██[38;2;248;248;248m██[38;2;248;248;248m██[38;2;115;115;115m██[38;2;248;248;248m██[38;2;248;248;248m██[38;2;248;248;248m██[38;2;248;248;248m██[38;2;248;248;248m██[38;2;248;248;248m██[38;2;248;248;248m██[38;2;115;115;115m██[38;2;248;248;248m██[38;2;248;248;248m██[38;2;248;248;248m██[38;2;248;248;248m██[38;2;248;248;248m██[38;2;248;248;248m██[38;2;16;16;16m██[38;2;61;153;122m██[38;2;61;153;122m██[38;2;16;16;16m██                    [38;2;41;102;82m██[38;2;16;16;16m██                      
                                                  [38;2;16;16;16m██    [38;2;115;115;115m██[38;2;248;248;248m██[38;2;248;248;248m██[38;2;248;248;248m██[38;2;248;248;248m██[38;2;115;115;115m██[38;2;191;191;191m██[38;2;248;248;248m██[38;2;248;248;248m██[38;2;191;191;191m██[38;2;248;248;248m██[38;2;248;248;248m██[38;2;115;115;115m██[38;2;248;248;248m██[38;2;248;248;248m██[38;2;248;248;248m██[38;2;248;248;248m██[38;2;248;248;248m██[38;2;248;248;248m██[38;2;248;248;248m██[38;2;248;248;248m██[38;2;16;16;16m██[38;2;61;153;122m██[38;2;16;16;16m██                                              
                                                      [38;2;115;115;115m██[38;2;248;248;248m██[38;2;248;248;248m██[38;2;248;248;248m██[38;2;248;248;248m██[38;2;248;248;248m██[38;2;248;248;248m██[38;2;115;115;115m██[38;2;248;248;248m██[38;2;248;248;248m██[38;2;115;115;115m██[38;2;248;248;248m██[38;2;248;248;248m██[38;2;16;16;16m██[38;2;248;248;248m██[38;2;248;248;248m██[38;2;248;248;248m██[38;2;248;248;248m██[38;2;248;248;248m██[38;2;248;248;248m██[38;2;248;248;248m██[38;2;248;248;248m██[38;2;16;16;16m██[38;2;61;153;122m██[38;2;61;153;122m██[38;2;16;16;16m██                                            
                                                      [38;2;115;115;115m██[38;2;248;248;248m██[38;2;248;248;248m██[38;2;248;248;248m██[38;2;248;248;248m██[38;2;248;248;248m██[38;2;248;248;248m██[38;2;115;115;115m██[38;2;248;248;248m██[38;2;248;248;248m██[38;2;16;16;16m██[38;2;248;248;248m██[38;2;191;191;191m██[38;2;16;16;16m██[38;2;248;248;248m██[38;2;248;248;248m██[38;2;248;248;248m██[38;2;248;248;248m██[38;2;248;248;248m██[38;2;248;248;248m██[38;2;248;248;248m██[38;2;248;248;248m██[38;2;248;248;248m██[38;2;16;16;16m██[38;2;61;153;122m██[38;2;16;16;16m██                                            
                                                    [38;2;16;16;16m██[38;2;248;248;248m██[38;2;248;248;248m██[38;2;248;248;248m██[38;2;248;248;248m██[38;2;248;248;248m██[38;2;248;248;248m██[38;2;248;248;248m██[38;2;248;248;248m██[38;2;115;115;115m██[38;2;248;248;248m██[38;2;16;16;16m██[38;2;248;248;248m██[38;2;16;16;16m██  [38;2;115;115;115m██[38;2;248;248;248m██[38;2;248;248;248m██[38;2;248;248;248m██[38;2;248;248;248m██[38;2;248;248;248m██[38;2;248;248;248m██[38;2;248;248;248m██[38;2;248;248;248m██[38;2;16;16;16m██[38;2;61;153;122m██[38;2;16;16;16m██                                            
                                                    [38;2;16;16;16m██[38;2;248;248;248m██[38;2;248;248;248m██[38;2;248;248;248m██[38;2;248;248;248m██[38;2;248;248;248m██[38;2;248;248;248m██[38;2;248;248;248m██[38;2;16;16;16m██  [38;2;16;16;16m██  [38;2;16;16;16m██      [38;2;115;115;115m██[38;2;248;248;248m██[38;2;248;248;248m██[38;2;248;248;248m██[38;2;248;248;248m██[38;2;248;248;248m██[38;2;248;248;248m██[38;2;248;248;248m██[38;2;16;16;16m██[38;2;61;153;122m██[38;2;16;16;16m██                                            
                                                    [38;2;16;16;16m██[38;2;248;248;248m██[38;2;248;248;248m██[38;2;248;248;248m██[38;2;248;248;248m██[38;2;248;248;248m██[38;2;248;248;248m██[38;2;16;16;16m██                [38;2;115;115;115m██[38;2;248;248;248m██[38;2;248;248;248m██[38;2;248;248;248m██[38;2;248;248;248m██[38;2;248;248;248m██[38;2;248;248;248m██[38;2;248;248;248m██[38;2;191;191;191m██[38;2;16;16;16m██[38;2;16;16;16m██                                            
                                                      [38;2;16;16;16m██[38;2;255;219;38m██[38;2;255;219;38m██[38;2;248;248;248m██[38;2;248;248;248m██[38;2;16;16;16m██                    [38;2;115;115;115m██[38;2;248;248;248m██[38;2;248;248;248m██[38;2;248;248;248m██[38;2;248;248;248m██[38;2;248;248;248m██[38;2;248;248;248m██[38;2;191;191;191m██[38;2;16;16;16m██                                              
                                                      [38;2;16;16;16m██[38;2;217;155;33m██[38;2;255;219;38m██[38;2;255;219;38m██[38;2;217;155;33m██[38;2;16;16;16m██                      [38;2;115;115;115m██[38;2;248;248;248m██[38;2;248;248;248m██[38;2;248;248;248m██[38;2;248;248;248m██[38;2;248;248;248m██[38;2;191;191;191m██[38;2;16;16;16m██                                              
                                                        [38;2;16;16;16m██[38;2;217;155;33m██[38;2;217;155;33m██[38;2;217;155;33m██[38;2;217;155;33m██[38;2;16;16;16m██                      [38;2;115;115;115m██[38;2;248;248;248m██[38;2;248;248;248m██[38;2;248;248;248m██[38;2;191;191;191m██[38;2;191;191;191m██[38;2;217;155;33m██[38;2;16;16;16m██                                            
                                                          [38;2;16;16;16m██[38;2;217;155;33m██[38;2;217;155;33m██[38;2;217;155;33m██[38;2;16;16;16m██                        [38;2;16;16;16m██[38;2;191;191;191m██[38;2;191;191;191m██[38;2;191;191;191m██[38;2;217;155;33m██[38;2;217;155;33m██[38;2;16;16;16m██                                            
                                                            [38;2;16;16;16m██[38;2;217;155;33m██[38;2;217;155;33m██[38;2;217;155;33m██[38;2;16;16;16m██                        [38;2;16;16;16m██[38;2;16;16;16m██[38;2;217;155;33m██[38;2;217;155;33m██[38;2;217;155;33m██[38;2;217;155;33m██[38;2;16;16;16m██                                          
                                                            [38;2;16;16;16m██[38;2;217;155;33m██[38;2;217;155;33m██[38;2;217;155;33m██[38;2;16;16;16m██                            [38;2;16;16;16m██[38;2;217;155;33m██[38;2;217;155;33m██[38;2;217;155;33m██[38;2;16;16;16m██                                          
                                                          [38;2;16;16;16m██[38;2;255;219;38m██[38;2;16;16;16m██[38;2;255;219;38m██[38;2;217;155;33m██[38;2;16;16;16m██                              [38;2;16;16;16m██[38;2;217;155;33m██[38;2;217;155;33m██[38;2;217;155;33m██[38;2;16;16;16m██                                        
                                                          [38;2;16;16;16m██[38;2;16;16;16m██[38;2;16;16;16m██[38;2;16;16;16m██[38;2;16;16;16m██                                [38;2;16;16;16m██[38;2;255;219;38m██[38;2;16;16;16m██[38;2;255;219;38m██[38;2;16;16;16m██                                        
                                                                                                    [38;2;16;16;16m██[38;2;16;16;16m██[38;2;16;16;16m██[38;2;16;16;16m██[38;2;16;16;16m██                                        
