                                            [38;2;43;48;60m██[38;2;16;16;16m██                                        
                                              [38;2;43;48;60m██[38;2;16;16;16m██                                      
                                              [38;2;43;48;60m██[38;2;73;78;91m██[38;2;16;16;16m██                                    
                                            [38;2;43;48;60m██[38;2;73;78;91m██[38;2;73;78;91m██[38;2;16;16;16m██                                    
                                        [38;2;43;48;60m██[38;2;43;48;60m██[38;2;73;78;91m██[38;2;73;78;91m██[38;2;73;78;91m██[38;2;16;16;16m██                                    
                                      [38;2;43;48;60m██[38;2;73;78;91m██[38;2;73;78;91m██[38;2;73;78;91m██[38;2;73;78;91m██[38;2;16;16;16m██                  [38;2;128;44;38m██[38;2;128;44;38m██    [38;2;89;89;89m██[38;2;89;89;89m██        
        [38;2;89;89;89m██[38;2;89;89;89m██  [38;2;128;44;38m██[38;2;128;44;38m██                  [38;2;43;48;60m██[38;2;73;78;91m██[38;2;73;78;91m██[38;2;73;78;91m██[38;2;73;78;91m██[38;2;73;78;91m██[38;2;16;16;16m██                  [38;2;128;44;38m██[38;2;229;80;69m██[38;2;128;44;38m██  [38;2;89;89;89m██[38;2;217;217;217m██[38;2;89;89;89m██      
      [38;2;89;89;89m██[38;2;217;217;217m██[38;2;89;89;89m██[38;2;128;44;38m██[38;2;229;80;69m██[38;2;128;44;38m██                  [38;2;43;48;60m██[38;2;73;78;91m██[38;2;73;78;91m██[38;2;73;78;91m██[38;2;73;78;91m██[38;2;16;16;16m██                    [38;2;128;44;38m██[38;2;229;80;69m██[38;2;229;80;69m██[38;2;128;44;38m██  [38;2;89;89;89m██[38;2;217;217;217m██[38;2;89;89;89m██    
    [38;2;89;89;89m██[38;2;217;217;217m██[38;2;89;89;89m██[38;2;128;44;38m██[38;2;229;80;69m██[38;2;229;80;69m██[38;2;128;44;38m██                [38;2;16;16;16m██[38;2;73;78;91m██[38;2;73;78;91m██[38;2;73;78;91m██[38;2;73;78;91m██[38;2;73;78;91m██[38;2;16;16;16m██                    [38;2;128;44;38m██[38;2;229;80;69m██[38;2;229;80;69m██[38;2;128;44;38m██  [38;2;89;89;89m██[38;2;217;217;217m██[38;2;217;217;217m██[38;2;89;89;89m██  
  [38;2;89;89;89m██[38;2;217;217;217m██[38;2;217;217;217m██[38;2;89;89;89m██[38;2;128;44;38m██[38;2;229;80;69m██[38;2;229;80;69m██[38;2;128;44;38m██                [38;2;16;16;16m██[38;2;73;78;91m██[38;2;73;78;91m██[38;2;73;78;91m██[38;2;73;78;91m██[38;2;73;78;91m██[38;2;16;16;16m██[38;2;16;16;16m██[38;2;16;16;16m██[38;2;16;16;16m██                [38;2;128;44;38m██[38;2;128;44;38m██[38;2;89;89;89m██[38;2;89;89;89m██[38;2;217;217;217m██[38;2;217;217;217m██[38;2;217;217;217m██[38;2;89;89;89m██  
  [38;2;89;89;89m██[38;2;217;217;217m██[38;2;217;217;217m██[38;2;166;166;166m██[38;2;89;89;89m██[38;2;128;44;38m██[38;2;128;44;38m██              [38;2;16;16;16m██[38;2;16;16;16m██[38;2;16;16;16m██[38;2;73;78;91m██[38;2;73;78;91m██[38;2;73;78;91m██[38;2;73;78;91m██[38;2;43;48;60m██[38;2;16;16;16m██[38;2;89;89;89m██[38;2;89;89;89m██[38;2;166;166;166m██[38;2;16;16;16m██[38;2;16;16;16m██              [38;2;89;89;89m██[38;2;217;217;217m██[38;2;217;217;217m██[38;2;217;217;217m██[38;2;217;217;217m██[38;2;217;217;217m██[38;2;89;89;89m██  
  [38;2;89;89;89m██[38;2;217;217;217m██[38;2;217;217;217m██[38;2;217;217;217m██[38;2;217;217;217m██[38;2;89;89;89m██            [38;2;16;16;16m██[38;2;16;16;16m██[38;2;166;166;166m██[38;2;16;16;16m██[38;2;43;48;60m██[38;2;73;78;91m██[38;2;73;78;91m██[38;2;73;78;91m██[38;2;43;48;60m██[38;2;43;48;60m██[38;2;43;48;60m██[38;2;16;16;16m██[38;2;16;16;16m██[38;2;89;89;89m██[38;2;166;166;166m██[38;2;166;166;166m██[38;2;16;16;16m██[38;2;16;16;16m██        [38;2;89;89;89m██[38;2;217;217;217m██[38;2;217;217;217m██[38;2;217;217;217m██[38;2;217;217;217m██[38;2;217;217;217m██[38;2;89;89;89m██    
  [38;2;89;89;89m██[38;2;217;217;217m██[38;2;217;217;217m██[38;2;217;217;217m██[38;2;217;217;217m██[38;2;217;217;217m██[38;2;89;89;89m██        [38;2;89;89;89m██[38;2;217;217;217m██[38;2;89;89;89m██[38;2;16;16;16m██[38;2;43;48;60m██[38;2;43;48;60m██[38;2;43;48;60m██[38;2;43;48;60m██[38;2;43;48;60m██[38;2;43;48;60m██[38;2;43;48;60m██[38;2;43;48;60m██[38;2;43;48;60m██[38;2;43;48;60m██[38;2;89;89;89m██[38;2;89;89;89m██[38;2;217;217;217m██[38;2;217;217;217m██[38;2;166;166;166m██[38;2;89;89;89m██      [38;2;89;89;89m██[38;2;217;217;217m██[38;2;217;217;217m██[38;2;217;217;217m██[38;2;217;217;217m██[38;2;16;16;16m██[38;2;128;44;38m██[38;2;128;44;38m██  
    [38;2;89;89;89m██[38;2;217;217;217m██[38;2;217;217;217m██[38;2;217;217;217m██[38;2;217;217;217m██[38;2;166;166;166m██[38;2;89;89;89m██    [38;2;89;89;89m██[38;2;217;217;217m██[38;2;217;217;217m██[38;2;166;166;166m██[38;2;89;89;89m██[38;2;89;89;89m██[38;2;43;48;60m██[38;2;43;48;60m██[38;2;43;48;60m██[38;2;89;89;89m██[38;2;89;89;89m██[38;2;89;89;89m██[38;2;89;89;89m██[38;2;89;89;89m██[38;2;166;166;166m██[38;2;217;217;217m██[38;2;217;217;217m██[38;2;217;217;217m██[38;2;217;217;217m██[38;2;217;217;217m██[38;2;89;89;89m██    [38;2;89;89;89m██[38;2;217;217;217m██[38;2;217;217;217m██[38;2;217;217;217m██[38;2;217;217;217m██[38;2;16;16;16m██[38;2;128;44;38m██[38;2;229;80;69m██[38;2;229;80;69m██[38;2;128;44;38m██
  [38;2;128;44;38m██[38;2;128;44;38m██[38;2;16;16;16m██[38;2;217;217;217m██[38;2;217;217;217m██[38;2;217;217;217m██[38;2;217;217;217m██[38;2;89;89;89m██    [38;2;89;89;89m██[38;2;217;217;217m██[38;2;217;217;217m██[38;2;166;166;166m██[38;2;217;217;217m██[38;2;217;217;217m██[38;2;89;89;89m██[38;2;43;48;60m██[38;2;89;89;89m██[38;2;217;217;217m██[38;2;217;217;217m██[38;2;217;217;217m██[38;2;166;166;166m██[38;2;217;217;217m██[38;2;217;217;217m██[38;2;217;217;217m██[38;2;217;217;217m██[38;2;217;217;217m██[38;2;217;217;217m██[38;2;217;217;217m██[38;2;217;217;217m██[38;2;89;89;89m██  [38;2;89;89;89m██[38;2;217;217;217m██[38;2;217;217;217m██[38;2;217;217;217m██[38;2;16;16;16m██  [38;2;128;44;38m██[38;2;229;80;69m██[38;2;229;80;69m██[38;2;128;44;38m██
[38;2;128;44;38m██[38;2;229;80;69m██[38;2;229;80;69m██[38;2;128;44;38m██[38;2;16;16;16m██[38;2;217;217;217m██[38;2;217;217;217m██[38;2;217;217;217m██[38;2;89;89;89m██  [38;2;89;89;89m██[38;2;217;217;217m██[38;2;217;217;217m██[38;2;217;217;217m██[38;2;217;217;217m██[38;2;217;217;217m██[38;2;217;217;217m██[38;2;166;166;166m██[38;2;89;89;89m██[38;2;217;217;217m██[38;2;217;217;217m██[38;2;217;217;217m██[38;2;217;217;217m██[38;2;166;166;166m██[38;2;217;217;217m██[38;2;217;217;217m██[38;2;217;217;217m██[38;2;217;217;217m██[38;2;217;217;217m██[38;2;217;217;217m██[38;2;217;217;217m██[38;2;217;217;217m██[38;2;89;89;89m██  [38;2;89;89;89m██[38;2;217;217;217m██[38;2;217;217;217m██[38;2;217;217;217m██[38;2;16;16;16m██    [38;2;128;44;38m██[38;2;229;80;69m██[38;2;128;44;38m██
[38;2;128;44;38m██[38;2;229;80;69m██[38;2;229;80;69m██[38;2;128;44;38m██[38;2;16;16;16m██[38;2;217;217;217m██[38;2;217;217;217m██[38;2;217;217;217m██[38;2;217;217;217m██[38;2;89;89;89m██[38;2;89;89;89m██[38;2;217;217;217m██[38;2;217;217;217m██[38;2;217;217;217m██[38;2;217;217;217m██[38;2;217;217;217m██[38;2;217;217;217m██[38;2;217;217;217m██[38;2;166;166;166m██[38;2;217;217;217m██[38;2;217;217;217m██[38;2;217;217;217m██[38;2;217;217;217m██[38;2;217;217;217m██[38;2;217;217;217m██[38;2;217;217;217m██[38;2;217;217;217m██[38;2;217;217;217m██[38;2;217;217;217m██[38;2;217;217;217m██[38;2;217;217;217m██[38;2;217;217;217m██[38;2;89;89;89m██[38;2;89;89;89m██[38;2;217;217;217m██[38;2;217;217;217m██[38;2;217;217;217m██[38;2;217;217;217m██[38;2;217;217;217m██[38;2;16;16;16m██    [38;2;128;44;38m██[38;2;128;44;38m██
[38;2;128;44;38m██[38;2;229;80;69m██[38;2;128;44;38m██  [38;2;16;16;16m██[38;2;217;217;217m██[38;2;217;217;217m██[38;2;217;217;217m██[38;2;217;217;217m██[38;2;217;217;217m██[38;2;89;89;89m██[38;2;217;217;217m██[38;2;217;217;217m██[38;2;217;217;217m██[38;2;89;89;89m██[38;2;89;89;89m██[38;2;217;217;217m██[38;2;217;217;217m██[38;2;217;217;217m██[38;2;217;217;217m██[38;2;217;217;217m██[38;2;217;217;217m██[38;2;89;89;89m██[38;2;89;89;89m██[38;2;89;89;89m██[38;2;217;217;217m██[38;2;217;217;217m██[38;2;217;217;217m██[38;2;217;217;217m██[38;2;217;217;217m██[38;2;217;217;217m██[38;2;166;166;166m██[38;2;217;217;217m██[38;2;217;217;217m██[38;2;217;217;217m██[38;2;217;217;217m██[38;2;217;217;217m██[38;2;217;217;217m██[38;2;217;217;217m██[38;2;16;16;16m██        
[38;2;128;44;38m██[38;2;128;44;38m██    [38;2;16;16;16m██[38;2;217;217;217m██[38;2;217;217;217m██[38;2;217;217;217m██[38;2;217;217;217m██[38;2;166;166;166m██[38;2;89;89;89m██[38;2;217;217;217m██[38;2;217;217;217m██[38;2;89;89;89m██[38;2;43;48;60m██[38;2;43;48;60m██[38;2;166;166;166m██[38;2;217;217;217m██[38;2;217;217;217m██[38;2;217;217;217m██[38;2;217;217;217m██[38;2;89;89;89m██[38;2;43;48;60m██[38;2;43;48;60m██[38;2;43;48;60m██[38;2;89;89;89m██[38;2;217;217;217m██[38;2;217;217;217m██[38;2;217;217;217m██[38;2;217;217;217m██[38;2;217;217;217m██[38;2;166;166;166m██[38;2;217;217;217m██[38;2;217;217;217m██[38;2;217;217;217m██[38;2;217;217;217m██[38;2;166;166;166m██[38;2;217;217;217m██[38;2;166;166;166m██[38;2;16;16;16m██        
        [38;2;16;16;16m██[38;2;166;166;166m██[38;2;217;217;217m██[38;2;217;217;217m██[38;2;217;217;217m██[38;2;217;217;217m██[38;2;166;166;166m██[38;2;217;217;217m██[38;2;166;166;166m██[38;2;43;48;60m██[38;2;43;48;60m██[38;2;105;148;191m██[38;2;166;166;166m██[38;2;217;217;217m██[38;2;217;217;217m██[38;2;217;217;217m██[38;2;166;166;166m██[38;2;43;48;60m██[38;2;105;148;191m██[38;2;43;48;60m██[38;2;43;48;60m██[38;2;43;48;60m██[38;2;166;166;166m██[38;2;217;217;217m██[38;2;217;217;217m██[38;2;217;217;217m██[38;2;217;217;217m██[38;2;217;217;217m██[38;2;217;217;217m██[38;2;217;217;217m██[38;2;217;217;217m██[38;2;166;166;166m██[38;2;217;217;217m██[38;2;166;166;166m██[38;2;166;166;166m██[38;2;16;16;16m██        
        [38;2;16;16;16m██[38;2;166;166;166m██[38;2;166;166;166m██[38;2;166;166;166m██[38;2;89;89;89m██[38;2;89;89;89m██[38;2;166;166;166m██[38;2;217;217;217m██[38;2;89;89;89m██[38;2;43;48;60m██[38;2;105;148;191m██[38;2;166;210;255m██[38;2;166;166;166m██[38;2;217;217;217m██[38;2;217;217;217m██[38;2;217;217;217m██[38;2;89;89;89m██[38;2;105;148;191m██[38;2;166;210;255m██[38;2;105;148;191m██[38;2;73;78;91m██[38;2;43;48;60m██[38;2;89;89;89m██[38;2;217;217;217m██[38;2;217;217;217m██[38;2;217;217;217m██[38;2;217;217;217m██[38;2;217;217;217m██[38;2;166;166;166m██[38;2;89;89;89m██[38;2;89;89;89m██[38;2;166;166;166m██[38;2;166;166;166m██[38;2;166;166;166m██[38;2;16;16;16m██          
          [38;2;16;16;16m██[38;2;166;166;166m██[38;2;166;166;166m██[38;2;166;166;166m██[38;2;16;16;16m██[38;2;166;166;166m██[38;2;217;217;217m██[38;2;89;89;89m██[38;2;73;78;91m██[38;2;105;148;191m██[38;2;166;210;255m██[38;2;166;166;166m██[38;2;217;217;217m██[38;2;217;217;217m██[38;2;217;217;217m██[38;2;89;89;89m██[38;2;105;148;191m██[38;2;166;210;255m██[38;2;105;148;191m██[38;2;73;78;91m██[38;2;73;78;91m██[38;2;89;89;89m██[38;2;217;217;217m██[38;2;166;166;166m██[38;2;217;217;217m██[38;2;217;217;217m██[38;2;89;89;89m██[38;2;166;166;166m██[38;2;166;166;166m██[38;2;166;166;166m██[38;2;166;166;166m██[38;2;16;16;16m██[38;2;16;16;16m██            
            [38;2;16;16;16m██[38;2;16;16;16m██[38;2;166;166;166m██[38;2;16;16;16m██[38;2;166;166;166m██[38;2;166;166;166m██[38;2;89;89;89m██[38;2;73;78;91m██[38;2;105;148;191m██[38;2;166;210;255m██[38;2;166;166;166m██[38;2;217;217;217m██[38;2;217;217;217m██[38;2;217;217;217m██[38;2;89;89;89m██[38;2;105;148;191m██[38;2;166;210;255m██[38;2;105;148;191m██[38;2;73;78;91m██[38;2;73;78;91m██[38;2;89;89;89m██[38;2;217;217;217m██[38;2;166;166;166m██[38;2;217;217;217m██[38;2;217;217;217m██[38;2;166;166;166m██[38;2;89;89;89m██[38;2;16;16;16m██[38;2;16;16;16m██[38;2;16;16;16m██                
                [38;2;16;16;16m██[38;2;16;16;16m██[38;2;89;89;89m██[38;2;166;166;166m██[38;2;89;89;89m██[38;2;73;78;91m██[38;2;105;148;191m██[38;2;166;210;255m██[38;2;166;166;166m██[38;2;217;217;217m██[38;2;217;217;217m██[38;2;217;217;217m██[38;2;89;89;89m██[38;2;105;148;191m██[38;2;166;210;255m██[38;2;105;148;191m██[38;2;73;78;91m██[38;2;73;78;91m██[38;2;89;89;89m██[38;2;217;217;217m██[38;2;166;166;166m██[38;2;217;217;217m██[38;2;217;217;217m██[38;2;166;166;166m██[38;2;16;16;16m██                      
                    [38;2;16;16;16m██[38;2;166;166;166m██[38;2;89;89;89m██[38;2;73;78;91m██[38;2;73;78;91m██[38;2;105;148;191m██[38;2;166;166;166m██[38;2;217;217;217m██[38;2;217;217;217m██[38;2;217;217;217m██[38;2;166;166;166m██[38;2;73;78;91m██[38;2;105;148;191m██[38;2;73;78;91m██[38;2;73;78;91m██[38;2;73;78;91m██[38;2;166;166;166m██[38;2;217;217;217m██[38;2;166;166;166m██[38;2;217;217;217m██[38;2;166;166;166m██[38;2;16;16;16m██                        
                    [38;2;16;16;16m██[38;2;89;89;89m██[38;2;166;166;166m██[38;2;89;89;89m██[38;2;73;78;91m██[38;2;73;78;91m██[38;2;166;166;166m██[38;2;217;217;217m██[38;2;217;217;217m██[38;2;217;217;217m██[38;2;217;217;217m██[38;2;89;89;89m██[38;2;73;78;91m██[38;2;73;78;91m██[38;2;73;78;91m██[38;2;89;89;89m██[38;2;217;217;217m██[38;2;166;166;166m██[38;2;217;217;217m██[38;2;166;166;166m██[38;2;166;166;166m██[38;2;16;16;16m██                        
                      [38;2;16;16;16m██[38;2;166;166;166m██[38;2;166;166;166m██[38;2;89;89;89m██[38;2;89;89;89m██[38;2;217;217;217m██[38;2;217;217;217m██[38;2;73;78;91m██[38;2;73;78;91m██[38;2;166;166;166m██[38;2;217;217;217m██[38;2;89;89;89m██[38;2;89;89;89m██[38;2;89;89;89m██[38;2;217;217;217m██[38;2;166;166;166m██[38;2;217;217;217m██[38;2;166;166;166m██[38;2;166;166;166m██[38;2;16;16;16m██                          
                        [38;2;16;16;16m██[38;2;166;166;166m██[38;2;166;166;166m██[38;2;166;166;166m██[38;2;166;166;166m██[38;2;166;166;166m██[38;2;43;48;60m██[38;2;166;166;166m██[38;2;43;48;60m██[38;2;166;166;166m██[38;2;166;166;166m██[38;2;166;166;166m██[38;2;166;166;166m██[38;2;166;166;166m██[38;2;166;166;166m██[38;2;166;166;166m██[38;2;16;16;16m██[38;2;16;16;16m██                            
                          [38;2;16;16;16m██[38;2;16;16;16m██[38;2;166;166;166m██[38;2;166;166;166m██[38;2;166;166;166m██[38;2;166;166;166m██[38;2;166;166;166m██[38;2;166;166;166m██[38;2;166;166;166m██[38;2;166;166;166m██[38;2;166;166;166m██[38;2;166;166;166m██[38;2;16;16;16m██[38;2;16;16;16m██[38;2;16;16;16m██                                
                              [38;2;16;16;16m██[38;2;16;16;16m██[38;2;16;16;16m██[38;2;16;16;16m██[38;2;16;16;16m██[38;2;16;16;16m██[38;2;16;16;16m██[38;2;16;16;16m██[38;2;16;16;16m██[38;2;16;16;16m██                                      
                                      [38;2;16;16;16m██[38;2;43;48;60m██[38;2;43;48;60m██[38;2;16;16;16m██                                          
                                  [38;2;43;48;60m██[38;2;43;48;60m██[38;2;73;78;91m██[38;2;73;78;91m██[38;2;73;78;91m██[38;2;43;48;60m██[38;2;16;16;16m██[38;2;16;16;16m██                                      
                                [38;2;43;48;60m██[38;2;73;78;91m██[38;2;73;78;91m██[38;2;73;78;91m██[38;2;73;78;91m██[38;2;73;78;91m██[38;2;73;78;91m██[38;2;73;78;91m██[38;2;43;48;60m██[38;2;16;16;16m██  [38;2;16;16;16m██[38;2;16;16;16m██[38;2;16;16;16m██                            
                              [38;2;43;48;60m██[38;2;73;78;91m██[38;2;73;78;91m██[38;2;43;48;60m██[38;2;73;78;91m██[38;2;73;78;91m██[38;2;73;78;91m██[38;2;43;48;60m██[38;2;73;78;91m██[38;2;73;78;91m██[38;2;16;16;16m██[38;2;16;16;16m██[38;2;43;48;60m██[38;2;43;48;60m██[38;2;43;48;60m██[38;2;16;16;16m██                          
                              [38;2;16;16;16m██[38;2;16;16;16m██[38;2;16;16;16m██[38;2;73;78;91m██[38;2;73;78;91m██[38;2;73;78;91m██[38;2;73;78;91m██[38;2;73;78;91m██[38;2;16;16;16m██[38;2;16;16;16m██[38;2;16;16;16m██[38;2;43;48;60m██[38;2;43;48;60m██[38;2;43;48;60m██[38;2;43;48;60m██[38;2;43;48;60m██[38;2;16;16;16m██                        
                                  [38;2;16;16;16m██[38;2;73;78;91m██[38;2;73;78;91m██[38;2;73;78;91m██[38;2;73;78;91m██[38;2;73;78;91m██[38;2;73;78;91m██[38;2;73;78;91m██[38;2;73;78;91m██[38;2;43;48;60m██[38;2;43;48;60m██[38;2;43;48;60m██[38;2;43;48;60m██[38;2;43;48;60m██[38;2;16;16;16m██                        
                                    [38;2;16;16;16m██[38;2;73;78;91m██[38;2;73;78;91m██[38;2;73;78;91m██[38;2;73;78;91m██[38;2;73;78;91m██[38;2;73;78;91m██[38;2;43;48;60m██[38;2;43;48;60m██[38;2;43;48;60m██[38;2;16;16;16m██[38;2;16;16;16m██[38;2;43;48;60m██[38;2;43;48;60m██[38;2;16;16;16m██                      
                                    [38;2;16;16;16m██[38;2;43;48;60m██[38;2;73;78;91m██[38;2;73;78;91m██[38;2;73;78;91m██[38;2;43;48;60m██[38;2;43;48;60m██[38;2;43;48;60m██[38;2;43;48;60m██[38;2;16;16;16m██    [38;2;16;16;16m██[38;2;43;48;60m██[38;2;16;16;16m██                      
                                      [38;2;16;16;16m██[38;2;43;48;60m██[38;2;43;48;60m██[38;2;43;48;60m██[38;2;43;48;60m██[38;2;43;48;60m██[38;2;16;16;16m██[38;2;16;16;16m██        [38;2;16;16;16m██[38;2;16;16;16m██                      
                                        [38;2;16;16;16m██[38;2;16;16;16m██[38;2;16;16;16m██[38;2;16;16;16m██[38;2;16;16;16m██                                      
