                                                                                                            [38;2;89;89;89m██[38;2;89;89;89m██                                                  
                                                                                                          [38;2;89;89;89m██[38;2;217;217;217m██[38;2;89;89;89m██                                                  
                                                [38;2;89;89;89m██[38;2;89;89;89m██                                                    [38;2;89;89;89m██[38;2;217;217;217m██[38;2;16;16;16m██                                                    
                                                [38;2;89;89;89m██[38;2;217;217;217m██[38;2;89;89;89m██                                                  [38;2;89;89;89m██[38;2;217;217;217m██[38;2;16;16;16m██                                                    
                                          [38;2;128;38;38m██[38;2;128;38;38m██    [38;2;89;89;89m██[38;2;217;217;217m██[38;2;89;89;89m██  [38;2;128;38;38m██[38;2;128;38;38m██                                        [38;2;89;89;89m██[38;2;217;217;217m██[38;2;16;16;16m██    [38;2;128;38;38m██[38;2;128;38;38m██[38;2;128;38;38m██                                            
                                          [38;2;128;38;38m██[38;2;229;69;69m██[38;2;128;38;38m██  [38;2;89;89;89m██[38;2;217;217;217m██[38;2;89;89;89m██[38;2;128;38;38m██[38;2;229;69;69m██[38;2;229;69;69m██[38;2;128;38;38m██              [38;2;89;89;89m██                [38;2;128;38;38m██[38;2;128;38;38m██[38;2;128;38;38m██[38;2;89;89;89m██[38;2;217;217;217m██[38;2;16;16;16m██  [38;2;128;38;38m██[38;2;229;69;69m██[38;2;229;69;69m██[38;2;128;38;38m██                                            
                                          [38;2;128;38;38m██[38;2;179;54;54m██[38;2;229;69;69m██[38;2;89;89;89m██[38;2;217;217;217m██[38;2;217;217;217m██[38;2;179;54;54m██[38;2;229;69;69m██[38;2;229;69;69m██[38;2;16;16;16m██              [38;2;89;89;89m██[38;2;217;217;217m██[38;2;89;89;89m██              [38;2;128;38;38m██[38;2;229;69;69m██[38;2;229;69;69m██[38;2;89;89;89m██[38;2;217;217;217m██[38;2;217;217;217m██[38;2;16;16;16m██[38;2;229;69;69m██[38;2;229;69;69m██[38;2;128;38;38m██                                              
                                            [38;2;16;16;16m██[38;2;16;16;16m██[38;2;89;89;89m██[38;2;217;217;217m██[38;2;217;217;217m██[38;2;128;38;38m██[38;2;16;16;16m██[38;2;16;16;16m██            [38;2;128;38;38m██  [38;2;89;89;89m██[38;2;217;217;217m██[38;2;89;89;89m██  [38;2;128;38;38m██[38;2;128;38;38m██          [38;2;16;16;16m██[38;2;16;16;16m██[38;2;89;89;89m██[38;2;217;217;217m██[38;2;217;217;217m██[38;2;166;166;166m██[38;2;16;16;16m██[38;2;16;16;16m██                                                
                                                [38;2;89;89;89m██[38;2;217;217;217m██[38;2;217;217;217m██[38;2;89;89;89m██              [38;2;128;38;38m██[38;2;229;69;69m██[38;2;128;38;38m██[38;2;89;89;89m██[38;2;217;217;217m██[38;2;89;89;89m██[38;2;128;38;38m██[38;2;229;69;69m██[38;2;128;38;38m██                [38;2;89;89;89m██[38;2;217;217;217m██[38;2;217;217;217m██[38;2;16;16;16m██                                                  
                                                  [38;2;89;89;89m██[38;2;217;217;217m██[38;2;217;217;217m██[38;2;16;16;16m██            [38;2;128;38;38m██[38;2;229;69;69m██[38;2;89;89;89m██[38;2;217;217;217m██[38;2;217;217;217m██[38;2;89;89;89m██[38;2;229;69;69m██[38;2;229;69;69m██[38;2;128;38;38m██[38;2;128;38;38m██[38;2;128;38;38m██            [38;2;89;89;89m██[38;2;217;217;217m██[38;2;217;217;217m██[38;2;16;16;16m██                                                  
                                                  [38;2;89;89;89m██[38;2;217;217;217m██[38;2;217;217;217m██[38;2;16;16;16m██[38;2;128;38;38m██[38;2;128;38;38m██      [38;2;128;38;38m██[38;2;179;54;54m██[38;2;89;89;89m██[38;2;217;217;217m██[38;2;217;217;217m██[38;2;89;89;89m██[38;2;229;69;69m██[38;2;229;69;69m██[38;2;229;69;69m██[38;2;128;38;38m██[38;2;229;69;69m██[38;2;128;38;38m██          [38;2;16;16;16m██[38;2;217;217;217m██[38;2;217;217;217m██[38;2;16;16;16m██                                                    
                                        [38;2;128;38;38m██[38;2;128;38;38m██[38;2;128;38;38m██  [38;2;89;89;89m██[38;2;217;217;217m██[38;2;217;217;217m██[38;2;217;217;217m██[38;2;16;16;16m██[38;2;229;69;69m██[38;2;16;16;16m██  [38;2;128;38;38m██[38;2;128;38;38m██[38;2;229;69;69m██[38;2;229;69;69m██[38;2;89;89;89m██[38;2;217;217;217m██[38;2;217;217;217m██[38;2;89;89;89m██[38;2;229;69;69m██[38;2;229;69;69m██[38;2;229;69;69m██[38;2;229;69;69m██[38;2;229;69;69m██[38;2;128;38;38m██[38;2;128;38;38m██[38;2;128;38;38m██    [38;2;128;38;38m██[38;2;16;16;16m██[38;2;217;217;217m██[38;2;217;217;217m██[38;2;16;16;16m██  [38;2;128;38;38m██[38;2;128;38;38m██[38;2;128;38;38m██                                            
                                        [38;2;128;38;38m██[38;2;229;69;69m██[38;2;229;69;69m██[38;2;179;54;54m██[38;2;89;89;89m██[38;2;217;217;217m██[38;2;217;217;217m██[38;2;89;89;89m██[38;2;16;16;16m██[38;2;16;16;16m██    [38;2;128;38;38m██[38;2;229;69;69m██[38;2;229;69;69m██[38;2;229;69;69m██[38;2;89;89;89m██[38;2;217;217;217m██[38;2;217;217;217m██[38;2;217;217;217m██[38;2;89;89;89m██[38;2;229;69;69m██[38;2;229;69;69m██[38;2;229;69;69m██[38;2;229;69;69m██[38;2;229;69;69m██[38;2;229;69;69m██[38;2;128;38;38m██  [38;2;128;38;38m██[38;2;229;69;69m██[38;2;16;16;16m██[38;2;217;217;217m██[38;2;217;217;217m██[38;2;166;166;166m██[38;2;128;38;38m██[38;2;229;69;69m██[38;2;229;69;69m██[38;2;16;16;16m██                                            
                                          [38;2;16;16;16m██[38;2;16;16;16m██[38;2;128;38;38m██[38;2;166;166;166m██[38;2;217;217;217m██[38;2;217;217;217m██[38;2;89;89;89m██          [38;2;128;38;38m██[38;2;229;69;69m██[38;2;229;69;69m██[38;2;229;69;69m██[38;2;89;89;89m██[38;2;217;217;217m██[38;2;217;217;217m██[38;2;217;217;217m██[38;2;16;16;16m██[38;2;229;69;69m██[38;2;229;69;69m██[38;2;229;69;69m██[38;2;229;69;69m██[38;2;128;38;38m██    [38;2;16;16;16m██[38;2;16;16;16m██  [38;2;16;16;16m██[38;2;217;217;217m██[38;2;217;217;217m██[38;2;179;54;54m██[38;2;128;38;38m██[38;2;16;16;16m██                                              
                                              [38;2;89;89;89m██[38;2;217;217;217m██[38;2;217;217;217m██[38;2;217;217;217m██[38;2;217;217;217m██[38;2;16;16;16m██    [38;2;128;38;38m██[38;2;128;38;38m██[38;2;128;38;38m██[38;2;229;69;69m██[38;2;229;69;69m██[38;2;229;69;69m██[38;2;89;89;89m██[38;2;217;217;217m██[38;2;217;217;217m██[38;2;217;217;217m██[38;2;16;16;16m██[38;2;229;69;69m██[38;2;229;69;69m██[38;2;229;69;69m██[38;2;229;69;69m██[38;2;128;38;38m██[38;2;16;16;16m██        [38;2;16;16;16m██[38;2;217;217;217m██[38;2;217;217;217m██[38;2;166;166;166m██[38;2;16;16;16m██                                                
                                              [38;2;89;89;89m██[38;2;217;217;217m██[38;2;217;217;217m██[38;2;217;217;217m██[38;2;217;217;217m██[38;2;217;217;217m██[38;2;16;16;16m██[38;2;16;16;16m██[38;2;128;38;38m██[38;2;179;54;54m██[38;2;179;54;54m██[38;2;229;69;69m██[38;2;229;69;69m██[38;2;229;69;69m██[38;2;89;89;89m██[38;2;217;217;217m██[38;2;217;217;217m██[38;2;217;217;217m██[38;2;16;16;16m██[38;2;229;69;69m██[38;2;229;69;69m██[38;2;229;69;69m██[38;2;128;38;38m██[38;2;179;54;54m██[38;2;16;16;16m██      [38;2;16;16;16m██[38;2;217;217;217m██[38;2;217;217;217m██[38;2;217;217;217m██[38;2;166;166;166m██[38;2;16;16;16m██                                                
                  [38;2;89;89;89m██[38;2;89;89;89m██[38;2;89;89;89m██                      [38;2;89;89;89m██[38;2;217;217;217m██[38;2;217;217;217m██[38;2;217;217;217m██[38;2;217;217;217m██[38;2;217;217;217m██[38;2;217;217;217m██[38;2;217;217;217m██[38;2;16;16;16m██[38;2;16;16;16m██[38;2;179;54;54m██[38;2;179;54;54m██[38;2;179;54;54m██[38;2;89;89;89m██[38;2;217;217;217m██[38;2;217;217;217m██[38;2;217;217;217m██[38;2;16;16;16m██[38;2;179;54;54m██[38;2;179;54;54m██[38;2;229;69;69m██[38;2;179;54;54m██[38;2;179;54;54m██[38;2;16;16;16m██[38;2;16;16;16m██[38;2;16;16;16m██[38;2;16;16;16m██[38;2;16;16;16m██[38;2;217;217;217m██[38;2;217;217;217m██[38;2;217;217;217m██[38;2;217;217;217m██[38;2;217;217;217m██[38;2;16;16;16m██      [38;2;89;89;89m██[38;2;89;89;89m██[38;2;89;89;89m██[38;2;89;89;89m██                        [38;2;89;89;89m██[38;2;89;89;89m██      
                [38;2;89;89;89m██[38;2;217;217;217m██[38;2;217;217;217m██[38;2;166;166;166m██[38;2;89;89;89m██                    [38;2;89;89;89m██[38;2;166;166;166m██[38;2;217;217;217m██[38;2;217;217;217m██[38;2;217;217;217m██[38;2;217;217;217m██[38;2;217;217;217m██[38;2;217;217;217m██[38;2;217;217;217m██[38;2;166;166;166m██[38;2;16;16;16m██[38;2;179;54;54m██[38;2;16;16;16m██[38;2;217;217;217m██[38;2;217;217;217m██[38;2;217;217;217m██[38;2;217;217;217m██[38;2;16;16;16m██[38;2;179;54;54m██[38;2;179;54;54m██[38;2;179;54;54m██[38;2;16;16;16m██[38;2;16;16;16m██[38;2;217;217;217m██[38;2;217;217;217m██[38;2;217;217;217m██[38;2;166;166;166m██[38;2;217;217;217m██[38;2;217;217;217m██[38;2;217;217;217m██[38;2;217;217;217m██[38;2;217;217;217m██[38;2;217;217;217m██[38;2;16;16;16m██    [38;2;89;89;89m██[38;2;217;217;217m██[38;2;217;217;217m██[38;2;217;217;217m██[38;2;166;166;166m██[38;2;89;89;89m██                    [38;2;89;89;89m██[38;2;166;166;166m██[38;2;89;89;89m██  [38;2;128;38;38m██[38;2;128;38;38m██
    [38;2;89;89;89m██[38;2;89;89;89m██      [38;2;89;89;89m██[38;2;217;217;217m██[38;2;217;217;217m██[38;2;217;217;217m██[38;2;217;217;217m██[38;2;217;217;217m██[38;2;89;89;89m██                    [38;2;89;89;89m██[38;2;166;166;166m██[38;2;217;217;217m██[38;2;217;217;217m██[38;2;217;217;217m██[38;2;217;217;217m██[38;2;217;217;217m██[38;2;217;217;217m██[38;2;217;217;217m██[38;2;217;217;217m██[38;2;16;16;16m██[38;2;16;16;16m██[38;2;217;217;217m██[38;2;217;217;217m██[38;2;217;217;217m██[38;2;217;217;217m██[38;2;217;217;217m██[38;2;16;16;16m██[38;2;16;16;16m██[38;2;16;16;16m██[38;2;217;217;217m██[38;2;217;217;217m██[38;2;166;166;166m██[38;2;166;166;166m██[38;2;166;166;166m██[38;2;217;217;217m██[38;2;217;217;217m██[38;2;217;217;217m██[38;2;217;217;217m██[38;2;217;217;217m██[38;2;217;217;217m██[38;2;217;217;217m██[38;2;16;16;16m██  [38;2;89;89;89m██[38;2;217;217;217m██[38;2;217;217;217m██[38;2;217;217;217m██[38;2;217;217;217m██[38;2;217;217;217m██[38;2;166;166;166m██[38;2;89;89;89m██    [38;2;89;89;89m██[38;2;89;89;89m██[38;2;89;89;89m██[38;2;89;89;89m██      [38;2;89;89;89m██[38;2;166;166;166m██[38;2;89;89;89m██[38;2;128;38;38m██[38;2;229;69;69m██[38;2;128;38;38m██
  [38;2;89;89;89m██[38;2;217;217;217m██[38;2;166;166;166m██[38;2;89;89;89m██    [38;2;89;89;89m██[38;2;217;217;217m██[38;2;217;217;217m██[38;2;217;217;217m██[38;2;217;217;217m██[38;2;217;217;217m██[38;2;166;166;166m██[38;2;89;89;89m██                  [38;2;16;16;16m██[38;2;217;217;217m██[38;2;166;166;166m██[38;2;166;166;166m██[38;2;166;166;166m██[38;2;166;166;166m██[38;2;217;217;217m██[38;2;217;217;217m██[38;2;217;217;217m██[38;2;217;217;217m██[38;2;217;217;217m██[38;2;128;128;128m██[38;2;217;217;217m██[38;2;217;217;217m██[38;2;217;217;217m██[38;2;217;217;217m██[38;2;217;217;217m██[38;2;128;128;128m██[38;2;217;217;217m██[38;2;217;217;217m██[38;2;166;166;166m██[38;2;166;166;166m██[38;2;217;217;217m██[38;2;217;217;217m██[38;2;217;217;217m██[38;2;217;217;217m██[38;2;217;217;217m██[38;2;166;166;166m██[38;2;166;166;166m██[38;2;217;217;217m██[38;2;217;217;217m██[38;2;166;166;166m██[38;2;16;16;16m██  [38;2;89;89;89m██[38;2;217;217;217m██[38;2;217;217;217m██[38;2;217;217;217m██[38;2;217;217;217m██[38;2;217;217;217m██[38;2;166;166;166m██[38;2;89;89;89m██  [38;2;89;89;89m██[38;2;217;217;217m██[38;2;217;217;217m██[38;2;217;217;217m██[38;2;166;166;166m██[38;2;89;89;89m██[38;2;128;38;38m██[38;2;128;38;38m██[38;2;89;89;89m██[38;2;166;166;166m██[38;2;128;38;38m██[38;2;229;69;69m██[38;2;229;69;69m██[38;2;128;38;38m██
[38;2;89;89;89m██[38;2;217;217;217m██[38;2;217;217;217m██[38;2;217;217;217m██[38;2;217;217;217m██[38;2;89;89;89m██[38;2;89;89;89m██[38;2;217;217;217m██[38;2;217;217;217m██[38;2;217;217;217m██[38;2;217;217;217m██[38;2;217;217;217m██[38;2;217;217;217m██[38;2;166;166;166m██[38;2;166;166;166m██[38;2;89;89;89m██            [38;2;89;89;89m██[38;2;89;89;89m██  [38;2;16;16;16m██[38;2;217;217;217m██[38;2;217;217;217m██[38;2;217;217;217m██[38;2;217;217;217m██[38;2;166;166;166m██[38;2;217;217;217m██[38;2;217;217;217m██[38;2;217;217;217m██[38;2;217;217;217m██[38;2;166;166;166m██[38;2;166;166;166m██[38;2;217;217;217m██[38;2;217;217;217m██[38;2;217;217;217m██[38;2;217;217;217m██[38;2;217;217;217m██[38;2;217;217;217m██[38;2;217;217;217m██[38;2;217;217;217m██[38;2;217;217;217m██[38;2;217;217;217m██[38;2;217;217;217m██[38;2;217;217;217m██[38;2;166;166;166m██[38;2;166;166;166m██[38;2;217;217;217m██[38;2;217;217;217m██[38;2;217;217;217m██[38;2;166;166;166m██[38;2;16;16;16m██  [38;2;89;89;89m██[38;2;217;217;217m██[38;2;217;217;217m██[38;2;217;217;217m██[38;2;217;217;217m██[38;2;217;217;217m██[38;2;217;217;217m██[38;2;166;166;166m██[38;2;166;166;166m██[38;2;89;89;89m██[38;2;217;217;217m██[38;2;217;217;217m██[38;2;217;217;217m██[38;2;217;217;217m██[38;2;217;217;217m██[38;2;166;166;166m██[38;2;16;16;16m██[38;2;229;69;69m██[38;2;89;89;89m██[38;2;166;166;166m██[38;2;179;54;54m██[38;2;16;16;16m██[38;2;16;16;16m██  
[38;2;89;89;89m██[38;2;217;217;217m██[38;2;217;217;217m██[38;2;217;217;217m██[38;2;217;217;217m██[38;2;166;166;166m██[38;2;89;89;89m██[38;2;217;217;217m██[38;2;217;217;217m██[38;2;217;217;217m██[38;2;217;217;217m██[38;2;217;217;217m██[38;2;166;166;166m██[38;2;166;166;166m██[38;2;166;166;166m██[38;2;166;166;166m██[38;2;89;89;89m██        [38;2;89;89;89m██[38;2;166;166;166m██[38;2;89;89;89m██    [38;2;16;16;16m██[38;2;16;16;16m██[38;2;89;89;89m██[38;2;217;217;217m██[38;2;217;217;217m██[38;2;166;166;166m██[38;2;166;166;166m██[38;2;166;166;166m██[38;2;217;217;217m██[38;2;217;217;217m██[38;2;128;128;128m██[38;2;217;217;217m██[38;2;217;217;217m██[38;2;217;217;217m██[38;2;166;166;166m██[38;2;217;217;217m██[38;2;217;217;217m██[38;2;217;217;217m██[38;2;217;217;217m██[38;2;217;217;217m██[38;2;217;217;217m██[38;2;166;166;166m██[38;2;166;166;166m██[38;2;217;217;217m██[38;2;217;217;217m██[38;2;217;217;217m██[38;2;16;16;16m██[38;2;16;16;16m██[38;2;16;16;16m██    [38;2;89;89;89m██[38;2;217;217;217m██[38;2;217;217;217m██[38;2;217;217;217m██[38;2;217;217;217m██[38;2;217;217;217m██[38;2;217;217;217m██[38;2;166;166;166m██[38;2;166;166;166m██[38;2;89;89;89m██[38;2;217;217;217m██[38;2;217;217;217m██[38;2;217;217;217m██[38;2;217;217;217m██[38;2;217;217;217m██[38;2;166;166;166m██[38;2;16;16;16m██[38;2;16;16;16m██  [38;2;89;89;89m██[38;2;166;166;166m██[38;2;16;16;16m██    
[38;2;89;89;89m██[38;2;217;217;217m██[38;2;217;217;217m██[38;2;217;217;217m██[38;2;217;217;217m██[38;2;166;166;166m██[38;2;89;89;89m██[38;2;217;217;217m██[38;2;217;217;217m██[38;2;217;217;217m██[38;2;217;217;217m██[38;2;217;217;217m██[38;2;128;128;128m██[38;2;166;166;166m██[38;2;166;166;166m██[38;2;166;166;166m██[38;2;89;89;89m██[38;2;89;89;89m██      [38;2;89;89;89m██[38;2;166;166;166m██[38;2;89;89;89m██          [38;2;16;16;16m██[38;2;16;16;16m██[38;2;217;217;217m██[38;2;217;217;217m██[38;2;217;217;217m██[38;2;217;217;217m██[38;2;217;217;217m██[38;2;166;166;166m██[38;2;217;217;217m██[38;2;217;217;217m██[38;2;166;166;166m██[38;2;217;217;217m██[38;2;217;217;217m██[38;2;217;217;217m██[38;2;16;16;16m██[38;2;217;217;217m██[38;2;217;217;217m██[38;2;166;166;166m██[38;2;217;217;217m██[38;2;217;217;217m██[38;2;16;16;16m██[38;2;16;16;16m██[38;2;16;16;16m██          [38;2;89;89;89m██[38;2;217;217;217m██[38;2;217;217;217m██[38;2;217;217;217m██[38;2;217;217;217m██[38;2;217;217;217m██[38;2;217;217;217m██[38;2;166;166;166m██[38;2;89;89;89m██[38;2;217;217;217m██[38;2;217;217;217m██[38;2;217;217;217m██[38;2;217;217;217m██[38;2;217;217;217m██[38;2;217;217;217m██[38;2;166;166;166m██[38;2;16;16;16m██    [38;2;89;89;89m██[38;2;166;166;166m██[38;2;166;166;166m██[38;2;16;16;16m██  
[38;2;89;89;89m██[38;2;217;217;217m██[38;2;217;217;217m██[38;2;217;217;217m██[38;2;217;217;217m██[38;2;166;166;166m██[38;2;89;89;89m██[38;2;217;217;217m██[38;2;217;217;217m██[38;2;217;217;217m██[38;2;217;217;217m██[38;2;217;217;217m██[38;2;89;89;89m██[38;2;166;166;166m██[38;2;166;166;166m██[38;2;166;166;166m██[38;2;89;89;89m██[38;2;166;166;166m██[38;2;89;89;89m██    [38;2;89;89;89m██[38;2;166;166;166m██[38;2;166;166;166m██[38;2;89;89;89m██            [38;2;16;16;16m██[38;2;16;16;16m██[38;2;217;217;217m██[38;2;16;16;16m██[38;2;217;217;217m██[38;2;217;217;217m██[38;2;217;217;217m██[38;2;217;217;217m██[38;2;217;217;217m██[38;2;217;217;217m██[38;2;217;217;217m██[38;2;166;166;166m██[38;2;16;16;16m██[38;2;217;217;217m██[38;2;217;217;217m██[38;2;217;217;217m██[38;2;16;16;16m██[38;2;16;16;16m██              [38;2;89;89;89m██[38;2;217;217;217m██[38;2;217;217;217m██[38;2;217;217;217m██[38;2;217;217;217m██[38;2;217;217;217m██[38;2;217;217;217m██[38;2;166;166;166m██[38;2;166;166;166m██[38;2;89;89;89m██[38;2;217;217;217m██[38;2;217;217;217m██[38;2;217;217;217m██[38;2;217;217;217m██[38;2;217;217;217m██[38;2;217;217;217m██[38;2;166;166;166m██[38;2;166;166;166m██[38;2;16;16;16m██  [38;2;89;89;89m██[38;2;128;128;128m██[38;2;166;166;166m██[38;2;16;16;16m██  
[38;2;89;89;89m██[38;2;217;217;217m██[38;2;217;217;217m██[38;2;217;217;217m██[38;2;217;217;217m██[38;2;166;166;166m██[38;2;89;89;89m██[38;2;217;217;217m██[38;2;217;217;217m██[38;2;217;217;217m██[38;2;217;217;217m██[38;2;166;166;166m██[38;2;89;89;89m██[38;2;128;128;128m██[38;2;166;166;166m██[38;2;166;166;166m██[38;2;128;128;128m██[38;2;166;166;166m██[38;2;89;89;89m██  [38;2;128;38;38m██[38;2;229;69;69m██[38;2;89;89;89m██[38;2;166;166;166m██[38;2;89;89;89m██  [38;2;128;38;38m██[38;2;128;38;38m██[38;2;128;38;38m██        [38;2;89;89;89m██[38;2;16;16;16m██[38;2;16;16;16m██[38;2;166;166;166m██[38;2;217;217;217m██[38;2;217;217;217m██[38;2;166;166;166m██[38;2;89;89;89m██[38;2;16;16;16m██[38;2;38;38;38m██[38;2;16;16;16m██[38;2;217;217;217m██[38;2;217;217;217m██[38;2;128;128;128m██[38;2;16;16;16m██                [38;2;89;89;89m██[38;2;217;217;217m██[38;2;217;217;217m██[38;2;217;217;217m██[38;2;217;217;217m██[38;2;217;217;217m██[38;2;217;217;217m██[38;2;128;128;128m██[38;2;166;166;166m██[38;2;89;89;89m██[38;2;217;217;217m██[38;2;217;217;217m██[38;2;217;217;217m██[38;2;217;217;217m██[38;2;217;217;217m██[38;2;217;217;217m██[38;2;166;166;166m██[38;2;166;166;166m██[38;2;16;16;16m██[38;2;89;89;89m██[38;2;166;166;166m██[38;2;128;128;128m██[38;2;166;166;166m██[38;2;16;16;16m██  
[38;2;89;89;89m██[38;2;217;217;217m██[38;2;217;217;217m██[38;2;217;217;217m██[38;2;217;217;217m██[38;2;128;128;128m██[38;2;89;89;89m██[38;2;217;217;217m██[38;2;217;217;217m██[38;2;217;217;217m██[38;2;217;217;217m██[38;2;89;89;89m██[38;2;128;128;128m██[38;2;128;128;128m██[38;2;128;128;128m██[38;2;166;166;166m██[38;2;166;166;166m██[38;2;166;166;166m██[38;2;89;89;89m██[38;2;89;89;89m██[38;2;89;89;89m██[38;2;128;38;38m██[38;2;89;89;89m██[38;2;128;128;128m██[38;2;166;166;166m██[38;2;128;38;38m██[38;2;229;69;69m██[38;2;229;69;69m██[38;2;128;38;38m██        [38;2;89;89;89m██[38;2;16;16;16m██[38;2;38;38;38m██[38;2;38;38;38m██[38;2;16;16;16m██[38;2;16;16;16m██[38;2;16;16;16m██[38;2;38;38;38m██[38;2;38;38;38m██[38;2;38;38;38m██[38;2;16;16;16m██[38;2;217;217;217m██[38;2;217;217;217m██[38;2;16;16;16m██                  [38;2;89;89;89m██[38;2;217;217;217m██[38;2;217;217;217m██[38;2;217;217;217m██[38;2;217;217;217m██[38;2;217;217;217m██[38;2;217;217;217m██[38;2;89;89;89m██[38;2;166;166;166m██[38;2;89;89;89m██[38;2;217;217;217m██[38;2;217;217;217m██[38;2;217;217;217m██[38;2;217;217;217m██[38;2;217;217;217m██[38;2;217;217;217m██[38;2;128;128;128m██[38;2;166;166;166m██[38;2;16;16;16m██[38;2;166;166;166m██[38;2;128;128;128m██[38;2;166;166;166m██[38;2;166;166;166m██[38;2;16;16;16m██  
[38;2;89;89;89m██[38;2;217;217;217m██[38;2;217;217;217m██[38;2;217;217;217m██[38;2;217;217;217m██[38;2;16;16;16m██[38;2;16;16;16m██[38;2;217;217;217m██[38;2;217;217;217m██[38;2;217;217;217m██[38;2;217;217;217m██[38;2;16;16;16m██[38;2;128;128;128m██[38;2;128;128;128m██[38;2;128;128;128m██[38;2;128;128;128m██[38;2;166;166;166m██[38;2;128;128;128m██[38;2;128;128;128m██[38;2;217;217;217m██[38;2;217;217;217m██[38;2;89;89;89m██[38;2;166;166;166m██[38;2;128;128;128m██[38;2;166;166;166m██[38;2;89;89;89m██[38;2;16;16;16m██[38;2;16;16;16m██          [38;2;89;89;89m██[38;2;89;89;89m██[38;2;38;38;38m██[38;2;166;76;255m██[38;2;210;166;255m██[38;2;210;166;255m██[38;2;210;166;255m██[38;2;166;76;255m██[38;2;38;38;38m██[38;2;38;38;38m██[38;2;166;166;166m██[38;2;128;128;128m██[38;2;217;217;217m██[38;2;16;16;16m██                [38;2;89;89;89m██[38;2;89;89;89m██[38;2;217;217;217m██[38;2;217;217;217m██[38;2;217;217;217m██[38;2;217;217;217m██[38;2;217;217;217m██[38;2;16;16;16m██[38;2;128;128;128m██[38;2;89;89;89m██[38;2;89;89;89m██[38;2;217;217;217m██[38;2;217;217;217m██[38;2;217;217;217m██[38;2;217;217;217m██[38;2;217;217;217m██[38;2;166;166;166m██[38;2;89;89;89m██[38;2;128;128;128m██[38;2;16;16;16m██[38;2;16;16;16m██[38;2;16;16;16m██[38;2;166;166;166m██[38;2;16;16;16m██    
  [38;2;89;89;89m██[38;2;217;217;217m██[38;2;217;217;217m██[38;2;217;217;217m██[38;2;16;16;16m██[38;2;166;166;166m██[38;2;16;16;16m██[38;2;217;217;217m██[38;2;217;217;217m██[38;2;217;217;217m██[38;2;16;16;16m██[38;2;89;89;89m██[38;2;128;128;128m██[38;2;166;166;166m██[38;2;166;166;166m██[38;2;89;89;89m██[38;2;217;217;217m██[38;2;217;217;217m██[38;2;217;217;217m██[38;2;217;217;217m██[38;2;217;217;217m██[38;2;89;89;89m██[38;2;166;166;166m██[38;2;89;89;89m██                [38;2;89;89;89m██[38;2;217;217;217m██[38;2;16;16;16m██[38;2;166;76;255m██[38;2;210;166;255m██[38;2;166;166;166m██[38;2;210;166;255m██[38;2;166;76;255m██[38;2;38;38;38m██[38;2;89;89;89m██[38;2;217;217;217m██[38;2;128;128;128m██[38;2;217;217;217m██[38;2;16;16;16m██              [38;2;89;89;89m██[38;2;217;217;217m██[38;2;89;89;89m██[38;2;217;217;217m██[38;2;217;217;217m██[38;2;217;217;217m██[38;2;217;217;217m██[38;2;166;166;166m██[38;2;16;16;16m██[38;2;128;128;128m██[38;2;128;128;128m██[38;2;89;89;89m██[38;2;217;217;217m██[38;2;217;217;217m██[38;2;217;217;217m██[38;2;217;217;217m██[38;2;217;217;217m██[38;2;16;16;16m██[38;2;89;89;89m██[38;2;128;128;128m██[38;2;16;16;16m██[38;2;179;54;54m██[38;2;16;16;16m██[38;2;16;16;16m██      
  [38;2;89;89;89m██[38;2;217;217;217m██[38;2;217;217;217m██[38;2;16;16;16m██[38;2;166;166;166m██[38;2;166;166;166m██[38;2;16;16;16m██[38;2;217;217;217m██[38;2;217;217;217m██[38;2;16;16;16m██[38;2;166;166;166m██[38;2;166;166;166m██[38;2;166;166;166m██[38;2;166;166;166m██[38;2;89;89;89m██[38;2;217;217;217m██[38;2;217;217;217m██[38;2;217;217;217m██[38;2;217;217;217m██[38;2;217;217;217m██[38;2;217;217;217m██[38;2;217;217;217m██[38;2;16;16;16m██[38;2;16;16;16m██[38;2;16;16;16m██[38;2;16;16;16m██            [38;2;89;89;89m██[38;2;217;217;217m██[38;2;217;217;217m██[38;2;89;89;89m██[38;2;166;166;166m██[38;2;217;217;217m██[38;2;166;166;166m██[38;2;89;89;89m██[38;2;166;166;166m██[38;2;217;217;217m██[38;2;128;128;128m██[38;2;217;217;217m██[38;2;217;217;217m██[38;2;16;16;16m██            [38;2;89;89;89m██[38;2;217;217;217m██[38;2;217;217;217m██[38;2;217;217;217m██[38;2;89;89;89m██[38;2;217;217;217m██[38;2;217;217;217m██[38;2;217;217;217m██[38;2;16;16;16m██[38;2;128;128;128m██[38;2;128;128;128m██[38;2;166;166;166m██[38;2;89;89;89m██[38;2;217;217;217m██[38;2;217;217;217m██[38;2;217;217;217m██[38;2;217;217;217m██[38;2;166;166;166m██[38;2;16;16;16m██[38;2;128;128;128m██[38;2;128;128;128m██[38;2;16;16;16m██[38;2;179;54;54m██[38;2;179;54;54m██[38;2;16;16;16m██      
    [38;2;89;89;89m██[38;2;217;217;217m██[38;2;16;16;16m██[38;2;166;166;166m██[38;2;166;166;166m██[38;2;166;166;166m██[38;2;16;16;16m██[38;2;217;217;217m██[38;2;16;16;16m██[38;2;166;166;166m██[38;2;166;166;166m██[38;2;166;166;166m██[38;2;166;166;166m██[38;2;89;89;89m██[38;2;217;217;217m██[38;2;217;217;217m██[38;2;217;217;217m██[38;2;217;217;217m██[38;2;217;217;217m██[38;2;217;217;217m██[38;2;217;217;217m██[38;2;16;16;16m██[38;2;179;54;54m██[38;2;179;54;54m██[38;2;16;16;16m██          [38;2;89;89;89m██[38;2;217;217;217m██[38;2;217;217;217m██[38;2;217;217;217m██[38;2;217;217;217m██[38;2;217;217;217m██[38;2;217;217;217m██[38;2;217;217;217m██[38;2;217;217;217m██[38;2;217;217;217m██[38;2;217;217;217m██[38;2;217;217;217m██[38;2;217;217;217m██[38;2;217;217;217m██[38;2;217;217;217m██[38;2;16;16;16m██          [38;2;89;89;89m██[38;2;217;217;217m██[38;2;217;217;217m██[38;2;217;217;217m██[38;2;89;89;89m██[38;2;217;217;217m██[38;2;217;217;217m██[38;2;217;217;217m██[38;2;16;16;16m██[38;2;166;166;166m██[38;2;166;166;166m██[38;2;166;166;166m██[38;2;89;89;89m██[38;2;217;217;217m██[38;2;217;217;217m██[38;2;217;217;217m██[38;2;217;217;217m██[38;2;16;16;16m██[38;2;128;128;128m██[38;2;128;128;128m██[38;2;166;166;166m██[38;2;89;89;89m██[38;2;179;54;54m██[38;2;179;54;54m██[38;2;16;16;16m██[38;2;16;16;16m██[38;2;16;16;16m██[38;2;16;16;16m██
      [38;2;89;89;89m██[38;2;128;38;38m██[38;2;89;89;89m██[38;2;166;166;166m██[38;2;166;166;166m██[38;2;166;166;166m██[38;2;16;16;16m██[38;2;166;166;166m██[38;2;166;166;166m██[38;2;166;166;166m██[38;2;166;166;166m██[38;2;89;89;89m██[38;2;217;217;217m██[38;2;217;217;217m██[38;2;217;217;217m██[38;2;217;217;217m██[38;2;217;217;217m██[38;2;217;217;217m██[38;2;217;217;217m██[38;2;217;217;217m██[38;2;16;16;16m██[38;2;179;54;54m██[38;2;179;54;54m██[38;2;16;16;16m██        [38;2;89;89;89m██[38;2;217;217;217m██[38;2;217;217;217m██[38;2;16;16;16m██[38;2;16;16;16m██[38;2;217;217;217m██[38;2;217;217;217m██[38;2;217;217;217m██[38;2;16;16;16m██[38;2;16;16;16m██[38;2;217;217;217m██[38;2;217;217;217m██[38;2;217;217;217m██[38;2;16;16;16m██[38;2;16;16;16m██[38;2;217;217;217m██[38;2;217;217;217m██[38;2;16;16;16m██      [38;2;89;89;89m██[38;2;217;217;217m██[38;2;217;217;217m██[38;2;217;217;217m██[38;2;217;217;217m██[38;2;166;166;166m██[38;2;89;89;89m██[38;2;217;217;217m██[38;2;217;217;217m██[38;2;16;16;16m██[38;2;166;166;166m██[38;2;166;166;166m██[38;2;166;166;166m██[38;2;166;166;166m██[38;2;89;89;89m██[38;2;217;217;217m██[38;2;217;217;217m██[38;2;217;217;217m██[38;2;16;16;16m██[38;2;166;166;166m██[38;2;166;166;166m██[38;2;166;166;166m██[38;2;89;89;89m██[38;2;179;54;54m██[38;2;16;16;16m██[38;2;179;54;54m██[38;2;179;54;54m██[38;2;179;54;54m██[38;2;16;16;16m██
        [38;2;128;38;38m██[38;2;179;54;54m██[38;2;89;89;89m██[38;2;166;166;166m██[38;2;166;166;166m██[38;2;166;166;166m██[38;2;166;166;166m██[38;2;166;166;166m██[38;2;166;166;166m██[38;2;89;89;89m██[38;2;217;217;217m██[38;2;217;217;217m██[38;2;217;217;217m██[38;2;217;217;217m██[38;2;217;217;217m██[38;2;217;217;217m██[38;2;217;217;217m██[38;2;217;217;217m██[38;2;16;16;16m██[38;2;179;54;54m██[38;2;179;54;54m██[38;2;16;16;16m██          [38;2;16;16;16m██[38;2;16;16;16m██[38;2;16;16;16m██  [38;2;16;16;16m██[38;2;16;16;16m██[38;2;217;217;217m██[38;2;16;16;16m██[38;2;38;38;38m██[38;2;38;38;38m██[38;2;16;16;16m██[38;2;217;217;217m██[38;2;16;16;16m██[38;2;16;16;16m██  [38;2;16;16;16m██[38;2;16;16;16m██[38;2;16;16;16m██      [38;2;89;89;89m██[38;2;217;217;217m██[38;2;217;217;217m██[38;2;217;217;217m██[38;2;217;217;217m██[38;2;128;128;128m██[38;2;166;166;166m██[38;2;89;89;89m██[38;2;217;217;217m██[38;2;16;16;16m██[38;2;166;166;166m██[38;2;166;166;166m██[38;2;166;166;166m██[38;2;166;166;166m██[38;2;89;89;89m██[38;2;217;217;217m██[38;2;217;217;217m██[38;2;16;16;16m██[38;2;166;166;166m██[38;2;166;166;166m██[38;2;166;166;166m██[38;2;89;89;89m██[38;2;179;54;54m██[38;2;179;54;54m██[38;2;179;54;54m██[38;2;179;54;54m██[38;2;179;54;54m██[38;2;16;16;16m██  
        [38;2;128;38;38m██[38;2;179;54;54m██[38;2;89;89;89m██[38;2;166;166;166m██[38;2;166;166;166m██[38;2;166;166;166m██[38;2;166;166;166m██[38;2;89;89;89m██[38;2;89;89;89m██[38;2;217;217;217m██[38;2;217;217;217m██[38;2;217;217;217m██[38;2;217;217;217m██[38;2;217;217;217m██[38;2;217;217;217m██[38;2;166;166;166m██[38;2;16;16;16m██[38;2;16;16;16m██[38;2;179;54;54m██[38;2;179;54;54m██[38;2;16;16;16m██[38;2;16;16;16m██                  [38;2;16;16;16m██[38;2;38;38;38m██[38;2;16;16;16m██[38;2;16;16;16m██[38;2;38;38;38m██[38;2;38;38;38m██[38;2;38;38;38m██[38;2;16;16;16m██[38;2;38;38;38m██[38;2;16;16;16m██                [38;2;89;89;89m██[38;2;217;217;217m██[38;2;217;217;217m██[38;2;217;217;217m██[38;2;89;89;89m██[38;2;166;166;166m██[38;2;166;166;166m██[38;2;89;89;89m██[38;2;166;166;166m██[38;2;166;166;166m██[38;2;166;166;166m██[38;2;166;166;166m██[38;2;166;166;166m██[38;2;166;166;166m██[38;2;89;89;89m██[38;2;217;217;217m██[38;2;16;16;16m██[38;2;166;166;166m██[38;2;166;166;166m██[38;2;166;166;166m██[38;2;89;89;89m██[38;2;179;54;54m██[38;2;179;54;54m██[38;2;179;54;54m██[38;2;16;16;16m██[38;2;16;16;16m██[38;2;16;16;16m██  
      [38;2;128;38;38m██[38;2;128;38;38m██[38;2;229;69;69m██[38;2;179;54;54m██[38;2;128;128;128m██[38;2;166;166;166m██[38;2;166;166;166m██[38;2;89;89;89m██[38;2;217;217;217m██[38;2;217;217;217m██[38;2;217;217;217m██[38;2;217;217;217m██[38;2;217;217;217m██[38;2;166;166;166m██[38;2;16;16;16m██[38;2;16;16;16m██[38;2;16;16;16m██[38;2;179;54;54m██[38;2;179;54;54m██[38;2;179;54;54m██[38;2;179;54;54m██[38;2;179;54;54m██[38;2;179;54;54m██[38;2;16;16;16m██                [38;2;16;16;16m██[38;2;38;38;38m██[38;2;38;38;38m██[38;2;38;38;38m██[38;2;38;38;38m██[38;2;38;38;38m██[38;2;38;38;38m██[38;2;38;38;38m██[38;2;38;38;38m██[38;2;16;16;16m██                [38;2;89;89;89m██[38;2;217;217;217m██[38;2;217;217;217m██[38;2;217;217;217m██[38;2;16;16;16m██[38;2;16;16;16m██[38;2;166;166;166m██[38;2;166;166;166m██[38;2;166;166;166m██[38;2;166;166;166m██[38;2;166;166;166m██[38;2;166;166;166m██[38;2;166;166;166m██[38;2;166;166;166m██[38;2;166;166;166m██[38;2;89;89;89m██[38;2;166;166;166m██[38;2;166;166;166m██[38;2;166;166;166m██[38;2;89;89;89m██[38;2;179;54;54m██[38;2;179;54;54m██[38;2;179;54;54m██[38;2;179;54;54m██[38;2;179;54;54m██[38;2;179;54;54m██[38;2;16;16;16m██  
      [38;2;128;38;38m██[38;2;229;69;69m██[38;2;229;69;69m██[38;2;229;69;69m██[38;2;89;89;89m██[38;2;128;128;128m██[38;2;166;166;166m██[38;2;166;166;166m██[38;2;16;16;16m██[38;2;16;16;16m██[38;2;16;16;16m██[38;2;16;16;16m██[38;2;16;16;16m██[38;2;16;16;16m██[38;2;128;128;128m██[38;2;89;89;89m██[38;2;229;69;69m██[38;2;229;69;69m██[38;2;229;69;69m██[38;2;179;54;54m██[38;2;179;54;54m██[38;2;179;54;54m██[38;2;179;54;54m██[38;2;179;54;54m██[38;2;16;16;16m██              [38;2;16;16;16m██[38;2;38;38;38m██[38;2;38;38;38m██[38;2;38;38;38m██[38;2;38;38;38m██[38;2;38;38;38m██[38;2;89;89;89m██[38;2;16;16;16m██[38;2;38;38;38m██[38;2;16;16;16m██                  [38;2;89;89;89m██[38;2;217;217;217m██[38;2;217;217;217m██[38;2;16;16;16m██[38;2;229;69;69m██[38;2;89;89;89m██[38;2;166;166;166m██[38;2;166;166;166m██[38;2;166;166;166m██[38;2;166;166;166m██[38;2;166;166;166m██[38;2;166;166;166m██[38;2;166;166;166m██[38;2;166;166;166m██[38;2;166;166;166m██[38;2;166;166;166m██[38;2;166;166;166m██[38;2;89;89;89m██[38;2;229;69;69m██[38;2;229;69;69m██[38;2;179;54;54m██[38;2;179;54;54m██[38;2;179;54;54m██[38;2;179;54;54m██[38;2;179;54;54m██[38;2;179;54;54m██[38;2;16;16;16m██
        [38;2;128;38;38m██[38;2;229;69;69m██[38;2;229;69;69m██[38;2;229;69;69m██[38;2;179;54;54m██[38;2;89;89;89m██[38;2;166;166;166m██[38;2;166;166;166m██[38;2;166;166;166m██[38;2;166;166;166m██[38;2;166;166;166m██[38;2;128;128;128m██[38;2;89;89;89m██[38;2;179;54;54m██[38;2;229;69;69m██[38;2;229;69;69m██[38;2;229;69;69m██[38;2;179;54;54m██[38;2;179;54;54m██[38;2;179;54;54m██[38;2;16;16;16m██[38;2;16;16;16m██[38;2;16;16;16m██[38;2;16;16;16m██        [38;2;89;89;89m██[38;2;89;89;89m██  [38;2;16;16;16m██[38;2;89;89;89m██[38;2;38;38;38m██[38;2;38;38;38m██[38;2;38;38;38m██[38;2;89;89;89m██[38;2;217;217;217m██[38;2;16;16;16m██[38;2;38;38;38m██[38;2;16;16;16m██[38;2;16;16;16m██[38;2;16;16;16m██            [38;2;128;38;38m██[38;2;128;38;38m██[38;2;89;89;89m██[38;2;217;217;217m██[38;2;16;16;16m██[38;2;229;69;69m██[38;2;229;69;69m██[38;2;179;54;54m██[38;2;89;89;89m██[38;2;166;166;166m██[38;2;166;166;166m██[38;2;166;166;166m██[38;2;166;166;166m██[38;2;166;166;166m██[38;2;166;166;166m██[38;2;166;166;166m██[38;2;89;89;89m██[38;2;179;54;54m██[38;2;229;69;69m██[38;2;229;69;69m██[38;2;179;54;54m██[38;2;179;54;54m██[38;2;179;54;54m██[38;2;179;54;54m██[38;2;16;16;16m██[38;2;16;16;16m██[38;2;16;16;16m██  
        [38;2;128;38;38m██[38;2;229;69;69m██[38;2;229;69;69m██[38;2;229;69;69m██[38;2;229;69;69m██[38;2;229;69;69m██[38;2;179;54;54m██[38;2;89;89;89m██[38;2;89;89;89m██[38;2;89;89;89m██[38;2;89;89;89m██[38;2;179;54;54m██[38;2;229;69;69m██[38;2;229;69;69m██[38;2;229;69;69m██[38;2;229;69;69m██[38;2;229;69;69m██[38;2;179;54;54m██[38;2;179;54;54m██[38;2;179;54;54m██[38;2;179;54;54m██[38;2;16;16;16m██            [38;2;89;89;89m██[38;2;217;217;217m██[38;2;89;89;89m██[38;2;89;89;89m██[38;2;217;217;217m██[38;2;16;16;16m██[38;2;16;16;16m██[38;2;89;89;89m██[38;2;217;217;217m██[38;2;217;217;217m██[38;2;16;16;16m██[38;2;16;16;16m██[38;2;217;217;217m██[38;2;217;217;217m██[38;2;16;16;16m██            [38;2;128;38;38m██[38;2;229;69;69m██[38;2;229;69;69m██[38;2;89;89;89m██[38;2;16;16;16m██[38;2;229;69;69m██[38;2;229;69;69m██[38;2;229;69;69m██[38;2;229;69;69m██[38;2;179;54;54m██[38;2;89;89;89m██[38;2;89;89;89m██[38;2;89;89;89m██[38;2;89;89;89m██[38;2;89;89;89m██[38;2;179;54;54m██[38;2;229;69;69m██[38;2;229;69;69m██[38;2;229;69;69m██[38;2;229;69;69m██[38;2;229;69;69m██[38;2;229;69;69m██[38;2;229;69;69m██[38;2;179;54;54m██[38;2;179;54;54m██[38;2;16;16;16m██    
      [38;2;128;38;38m██[38;2;229;69;69m██[38;2;229;69;69m██[38;2;229;69;69m██[38;2;229;69;69m██[38;2;229;69;69m██[38;2;229;69;69m██[38;2;229;69;69m██[38;2;229;69;69m██[38;2;229;69;69m██[38;2;229;69;69m██[38;2;229;69;69m██[38;2;229;69;69m██[38;2;229;69;69m██[38;2;229;69;69m██[38;2;229;69;69m██[38;2;229;69;69m██[38;2;229;69;69m██[38;2;229;69;69m██[38;2;229;69;69m██[38;2;179;54;54m██[38;2;179;54;54m██[38;2;179;54;54m██[38;2;16;16;16m██            [38;2;89;89;89m██[38;2;217;217;217m██[38;2;128;128;128m██[38;2;217;217;217m██[38;2;217;217;217m██[38;2;89;89;89m██[38;2;217;217;217m██[38;2;217;217;217m██[38;2;217;217;217m██[38;2;89;89;89m██[38;2;217;217;217m██[38;2;217;217;217m██[38;2;89;89;89m██                [38;2;128;38;38m██[38;2;229;69;69m██[38;2;229;69;69m██[38;2;229;69;69m██[38;2;229;69;69m██[38;2;229;69;69m██[38;2;229;69;69m██[38;2;229;69;69m██[38;2;229;69;69m██[38;2;229;69;69m██[38;2;229;69;69m██[38;2;229;69;69m██[38;2;229;69;69m██[38;2;229;69;69m██[38;2;229;69;69m██[38;2;229;69;69m██[38;2;229;69;69m██[38;2;179;54;54m██[38;2;229;69;69m██[38;2;229;69;69m██[38;2;229;69;69m██[38;2;179;54;54m██[38;2;179;54;54m██[38;2;179;54;54m██[38;2;179;54;54m██[38;2;16;16;16m██  
    [38;2;128;38;38m██[38;2;229;69;69m██[38;2;229;69;69m██[38;2;229;69;69m██[38;2;179;54;54m██[38;2;229;69;69m██[38;2;229;69;69m██[38;2;179;54;54m██[38;2;229;69;69m██[38;2;229;69;69m██[38;2;179;54;54m██[38;2;229;69;69m██[38;2;229;69;69m██[38;2;229;69;69m██[38;2;229;69;69m██[38;2;229;69;69m██[38;2;229;69;69m██[38;2;229;69;69m██[38;2;229;69;69m██[38;2;229;69;69m██[38;2;16;16;16m██[38;2;16;16;16m██[38;2;16;16;16m██[38;2;16;16;16m██[38;2;16;16;16m██  [38;2;128;38;38m██          [38;2;89;89;89m██[38;2;217;217;217m██[38;2;217;217;217m██[38;2;217;217;217m██[38;2;217;217;217m██[38;2;217;217;217m██[38;2;217;217;217m██[38;2;217;217;217m██[38;2;217;217;217m██[38;2;217;217;217m██[38;2;217;217;217m██[38;2;16;16;16m██            [38;2;128;38;38m██[38;2;16;16;16m██  [38;2;128;38;38m██[38;2;128;38;38m██[38;2;229;69;69m██[38;2;229;69;69m██[38;2;229;69;69m██[38;2;229;69;69m██[38;2;229;69;69m██[38;2;229;69;69m██[38;2;229;69;69m██[38;2;229;69;69m██[38;2;179;54;54m██[38;2;229;69;69m██[38;2;229;69;69m██[38;2;229;69;69m██[38;2;179;54;54m██[38;2;128;38;38m██[38;2;128;38;38m██[38;2;229;69;69m██[38;2;229;69;69m██[38;2;179;54;54m██[38;2;179;54;54m██[38;2;16;16;16m██[38;2;16;16;16m██[38;2;16;16;16m██[38;2;16;16;16m██  
    [38;2;16;16;16m██[38;2;16;16;16m██[38;2;16;16;16m██[38;2;16;16;16m██[38;2;229;69;69m██[38;2;229;69;69m██[38;2;229;69;69m██[38;2;128;38;38m██[38;2;229;69;69m██[38;2;179;54;54m██[38;2;128;38;38m██[38;2;229;69;69m██[38;2;229;69;69m██[38;2;229;69;69m██[38;2;229;69;69m██[38;2;229;69;69m██[38;2;229;69;69m██[38;2;229;69;69m██[38;2;229;69;69m██[38;2;229;69;69m██[38;2;16;16;16m██        [38;2;128;38;38m██[38;2;229;69;69m██[38;2;128;38;38m██        [38;2;89;89;89m██[38;2;166;166;166m██[38;2;217;217;217m██[38;2;217;217;217m██[38;2;217;217;217m██[38;2;217;217;217m██[38;2;217;217;217m██[38;2;217;217;217m██[38;2;217;217;217m██[38;2;166;166;166m██[38;2;16;16;16m██[38;2;16;16;16m██          [38;2;128;38;38m██[38;2;229;69;69m██[38;2;16;16;16m██  [38;2;128;38;38m██[38;2;229;69;69m██[38;2;229;69;69m██[38;2;229;69;69m██[38;2;179;54;54m██[38;2;229;69;69m██[38;2;229;69;69m██[38;2;229;69;69m██[38;2;229;69;69m██[38;2;229;69;69m██[38;2;229;69;69m██[38;2;128;38;38m██[38;2;179;54;54m██[38;2;229;69;69m██[38;2;128;38;38m██[38;2;229;69;69m██[38;2;229;69;69m██[38;2;229;69;69m██[38;2;229;69;69m██[38;2;229;69;69m██[38;2;229;69;69m██[38;2;16;16;16m██        
          [38;2;16;16;16m██[38;2;229;69;69m██[38;2;229;69;69m██[38;2;229;69;69m██[38;2;128;38;38m██[38;2;229;69;69m██[38;2;128;38;38m██[38;2;229;69;69m██[38;2;229;69;69m██[38;2;229;69;69m██[38;2;229;69;69m██[38;2;229;69;69m██[38;2;229;69;69m██[38;2;128;38;38m██[38;2;229;69;69m██[38;2;229;69;69m██[38;2;229;69;69m██[38;2;229;69;69m██[38;2;16;16;16m██      [38;2;128;38;38m██[38;2;229;69;69m██[38;2;128;38;38m██  [38;2;89;89;89m██  [38;2;16;16;16m██[38;2;89;89;89m██[38;2;166;166;166m██[38;2;217;217;217m██[38;2;217;217;217m██[38;2;217;217;217m██[38;2;217;217;217m██[38;2;217;217;217m██[38;2;217;217;217m██[38;2;217;217;217m██[38;2;16;16;16m██[38;2;38;38;38m██[38;2;16;16;16m██[38;2;16;16;16m██  [38;2;89;89;89m██[38;2;89;89;89m██  [38;2;128;38;38m██[38;2;229;69;69m██[38;2;16;16;16m██  [38;2;16;16;16m██[38;2;16;16;16m██[38;2;16;16;16m██[38;2;128;38;38m██[38;2;229;69;69m██[38;2;229;69;69m██[38;2;229;69;69m██[38;2;128;38;38m██[38;2;229;69;69m██[38;2;229;69;69m██[38;2;229;69;69m██[38;2;229;69;69m██[38;2;229;69;69m██[38;2;128;38;38m██[38;2;128;38;38m██[38;2;229;69;69m██[38;2;229;69;69m██[38;2;229;69;69m██[38;2;16;16;16m██[38;2;16;16;16m██[38;2;179;54;54m██[38;2;229;69;69m██[38;2;16;16;16m██      
        [38;2;16;16;16m██[38;2;229;69;69m██[38;2;229;69;69m██[38;2;128;38;38m██[38;2;229;69;69m██[38;2;128;38;38m██[38;2;179;54;54m██[38;2;229;69;69m██[38;2;229;69;69m██[38;2;229;69;69m██[38;2;16;16;16m██[38;2;16;16;16m██[38;2;229;69;69m██[38;2;229;69;69m██[38;2;229;69;69m██[38;2;16;16;16m██[38;2;16;16;16m██[38;2;16;16;16m██[38;2;16;16;16m██[38;2;16;16;16m██        [38;2;128;38;38m██[38;2;89;89;89m██[38;2;89;89;89m██[38;2;217;217;217m██[38;2;89;89;89m██[38;2;38;38;38m██[38;2;89;89;89m██[38;2;217;217;217m██[38;2;166;166;166m██[38;2;217;217;217m██[38;2;217;217;217m██[38;2;217;217;217m██[38;2;166;166;166m██[38;2;217;217;217m██[38;2;217;217;217m██[38;2;16;16;16m██[38;2;38;38;38m██[38;2;38;38;38m██[38;2;38;38;38m██[38;2;89;89;89m██[38;2;217;217;217m██[38;2;217;217;217m██[38;2;89;89;89m██[38;2;89;89;89m██[38;2;89;89;89m██          [38;2;16;16;16m██[38;2;229;69;69m██[38;2;179;54;54m██[38;2;16;16;16m██[38;2;229;69;69m██[38;2;229;69;69m██[38;2;128;38;38m██[38;2;229;69;69m██[38;2;229;69;69m██[38;2;229;69;69m██[38;2;229;69;69m██[38;2;229;69;69m██[38;2;229;69;69m██[38;2;128;38;38m██[38;2;229;69;69m██[38;2;16;16;16m██  [38;2;16;16;16m██[38;2;16;16;16m██[38;2;16;16;16m██      
        [38;2;16;16;16m██[38;2;229;69;69m██[38;2;16;16;16m██[38;2;16;16;16m██[38;2;229;69;69m██[38;2;229;69;69m██[38;2;16;16;16m██[38;2;16;16;16m██[38;2;229;69;69m██[38;2;229;69;69m██[38;2;16;16;16m██  [38;2;16;16;16m██[38;2;16;16;16m██[38;2;229;69;69m██[38;2;16;16;16m██[38;2;166;166;166m██[38;2;166;166;166m██[38;2;166;166;166m██[38;2;16;16;16m██    [38;2;89;89;89m██[38;2;89;89;89m██[38;2;89;89;89m██[38;2;217;217;217m██[38;2;217;217;217m██[38;2;89;89;89m██[38;2;38;38;38m██[38;2;16;16;16m██[38;2;89;89;89m██[38;2;217;217;217m██[38;2;166;166;166m██[38;2;217;217;217m██[38;2;217;217;217m██[38;2;217;217;217m██[38;2;166;166;166m██[38;2;217;217;217m██[38;2;217;217;217m██[38;2;166;166;166m██[38;2;16;16;16m██[38;2;16;16;16m██[38;2;38;38;38m██[38;2;38;38;38m██[38;2;89;89;89m██[38;2;166;166;166m██[38;2;217;217;217m██[38;2;217;217;217m██[38;2;217;217;217m██[38;2;89;89;89m██[38;2;89;89;89m██[38;2;89;89;89m██  [38;2;16;16;16m██[38;2;229;69;69m██[38;2;229;69;69m██[38;2;16;16;16m██[38;2;16;16;16m██[38;2;229;69;69m██[38;2;179;54;54m██[38;2;16;16;16m██[38;2;179;54;54m██[38;2;229;69;69m██[38;2;229;69;69m██[38;2;16;16;16m██[38;2;179;54;54m██[38;2;229;69;69m██[38;2;229;69;69m██[38;2;16;16;16m██[38;2;16;16;16m██              
        [38;2;16;16;16m██[38;2;16;16;16m██    [38;2;16;16;16m██[38;2;229;69;69m██[38;2;16;16;16m██  [38;2;16;16;16m██[38;2;229;69;69m██[38;2;16;16;16m██      [38;2;16;16;16m██[38;2;16;16;16m██[38;2;166;166;166m██[38;2;166;166;166m██[38;2;16;16;16m██[38;2;38;38;38m██[38;2;16;16;16m██[38;2;16;16;16m██[38;2;166;166;166m██[38;2;166;166;166m██[38;2;217;217;217m██[38;2;166;166;166m██[38;2;128;128;128m██[38;2;217;217;217m██[38;2;16;16;16m██  [38;2;89;89;89m██[38;2;217;217;217m██[38;2;166;166;166m██[38;2;217;217;217m██[38;2;217;217;217m██[38;2;217;217;217m██[38;2;128;128;128m██[38;2;217;217;217m██[38;2;217;217;217m██[38;2;217;217;217m██[38;2;166;166;166m██[38;2;16;16;16m██[38;2;16;16;16m██[38;2;89;89;89m██[38;2;217;217;217m██[38;2;166;166;166m██[38;2;128;128;128m██[38;2;166;166;166m██[38;2;217;217;217m██[38;2;217;217;217m██[38;2;166;166;166m██[38;2;16;16;16m██[38;2;16;16;16m██[38;2;16;16;16m██[38;2;16;16;16m██[38;2;16;16;16m██[38;2;166;166;166m██[38;2;16;16;16m██[38;2;229;69;69m██[38;2;16;16;16m██[38;2;166;166;166m██[38;2;16;16;16m██[38;2;16;16;16m██[38;2;229;69;69m██[38;2;16;16;16m██[38;2;16;16;16m██[38;2;128;38;38m██[38;2;229;69;69m██[38;2;16;16;16m██                
                [38;2;16;16;16m██[38;2;229;69;69m██[38;2;16;16;16m██    [38;2;16;16;16m██            [38;2;16;16;16m██[38;2;16;16;16m██[38;2;16;16;16m██[38;2;38;38;38m██[38;2;38;38;38m██[38;2;38;38;38m██[38;2;16;16;16m██[38;2;166;166;166m██[38;2;166;166;166m██[38;2;166;166;166m██[38;2;166;166;166m██[38;2;16;16;16m██    [38;2;89;89;89m██[38;2;217;217;217m██[38;2;166;166;166m██[38;2;217;217;217m██[38;2;217;217;217m██[38;2;217;217;217m██[38;2;128;128;128m██[38;2;166;166;166m██[38;2;217;217;217m██[38;2;166;166;166m██[38;2;166;166;166m██[38;2;16;16;16m██  [38;2;16;16;16m██[38;2;16;16;16m██[38;2;217;217;217m██[38;2;217;217;217m██[38;2;217;217;217m██[38;2;217;217;217m██[38;2;166;166;166m██[38;2;89;89;89m██[38;2;38;38;38m██[38;2;38;38;38m██[38;2;38;38;38m██[38;2;16;16;16m██[38;2;166;166;166m██[38;2;166;166;166m██[38;2;16;16;16m██[38;2;16;16;16m██[38;2;166;166;166m██[38;2;16;16;16m██    [38;2;16;16;16m██[38;2;16;16;16m██    [38;2;16;16;16m██[38;2;16;16;16m██                
                  [38;2;16;16;16m██                          [38;2;16;16;16m██[38;2;16;16;16m██[38;2;16;16;16m██[38;2;166;166;166m██[38;2;166;166;166m██[38;2;16;16;16m██[38;2;16;16;16m██[38;2;16;16;16m██    [38;2;89;89;89m██[38;2;217;217;217m██[38;2;217;217;217m██[38;2;217;217;217m██[38;2;217;217;217m██[38;2;217;217;217m██[38;2;217;217;217m██[38;2;217;217;217m██[38;2;128;128;128m██[38;2;217;217;217m██[38;2;166;166;166m██[38;2;166;166;166m██[38;2;16;16;16m██      [38;2;16;16;16m██[38;2;16;16;16m██[38;2;16;16;16m██[38;2;166;166;166m██[38;2;166;166;166m██[38;2;166;166;166m██[38;2;89;89;89m██[38;2;16;16;16m██[38;2;16;16;16m██  [38;2;16;16;16m██[38;2;166;166;166m██[38;2;166;166;166m██[38;2;16;16;16m██[38;2;16;16;16m██                                  
                                                  [38;2;16;16;16m██[38;2;16;16;16m██[38;2;16;16;16m██          [38;2;89;89;89m██[38;2;217;217;217m██[38;2;89;89;89m██[38;2;217;217;217m██[38;2;217;217;217m██[38;2;16;16;16m██[38;2;217;217;217m██[38;2;217;217;217m██[38;2;16;16;16m██[38;2;16;16;16m██[38;2;166;166;166m██[38;2;166;166;166m██[38;2;16;16;16m██            [38;2;16;16;16m██[38;2;16;16;16m██[38;2;166;166;166m██[38;2;16;16;16m██        [38;2;16;16;16m██[38;2;16;16;16m██                                      
                                                                [38;2;89;89;89m██[38;2;217;217;217m██[38;2;16;16;16m██[38;2;16;16;16m██[38;2;217;217;217m██[38;2;16;16;16m██[38;2;38;38;38m██[38;2;16;16;16m██[38;2;217;217;217m██[38;2;16;16;16m██[38;2;38;38;38m██[38;2;16;16;16m██[38;2;166;166;166m██[38;2;166;166;166m██[38;2;16;16;16m██              [38;2;16;16;16m██                                                    
                                                                [38;2;16;16;16m██[38;2;16;16;16m██[38;2;16;16;16m██[38;2;38;38;38m██[38;2;16;16;16m██[38;2;38;38;38m██[38;2;38;38;38m██[38;2;38;38;38m██[38;2;16;16;16m██[38;2;38;38;38m██[38;2;38;38;38m██[38;2;38;38;38m██[38;2;16;16;16m██[38;2;16;16;16m██[38;2;16;16;16m██                                                                    
                                                                    [38;2;16;16;16m██[38;2;38;38;38m██[38;2;38;38;38m██[38;2;38;38;38m██[38;2;38;38;38m██[38;2;38;38;38m██[38;2;38;38;38m██[38;2;38;38;38m██[38;2;38;38;38m██[38;2;38;38;38m██[38;2;16;16;16m██                                                                        
                                                                    [38;2;16;16;16m██[38;2;38;38;38m██[38;2;38;38;38m██[38;2;38;38;38m██[38;2;38;38;38m██[38;2;38;38;38m██[38;2;38;38;38m██[38;2;38;38;38m██[38;2;38;38;38m██[38;2;38;38;38m██[38;2;16;16;16m██                                                                        
                                                                  [38;2;89;89;89m██[38;2;16;16;16m██[38;2;38;38;38m██[38;2;38;38;38m██[38;2;38;38;38m██[38;2;38;38;38m██[38;2;38;38;38m██[38;2;16;16;16m██[38;2;38;38;38m██[38;2;38;38;38m██[38;2;38;38;38m██[38;2;16;16;16m██[38;2;16;16;16m██[38;2;16;16;16m██                                                                    
                                                                  [38;2;89;89;89m██[38;2;217;217;217m██[38;2;16;16;16m██[38;2;38;38;38m██[38;2;38;38;38m██[38;2;38;38;38m██[38;2;16;16;16m██[38;2;217;217;217m██[38;2;16;16;16m██[38;2;38;38;38m██[38;2;38;38;38m██[38;2;16;16;16m██[38;2;166;166;166m██[38;2;16;16;16m██                                                                    
                                                                  [38;2;89;89;89m██[38;2;217;217;217m██[38;2;217;217;217m██[38;2;16;16;16m██[38;2;38;38;38m██[38;2;16;16;16m██[38;2;217;217;217m██[38;2;217;217;217m██[38;2;217;217;217m██[38;2;16;16;16m██[38;2;16;16;16m██[38;2;166;166;166m██[38;2;166;166;166m██[38;2;16;16;16m██                                                                    
                                                                [38;2;89;89;89m██[38;2;217;217;217m██[38;2;217;217;217m██[38;2;217;217;217m██[38;2;217;217;217m██[38;2;16;16;16m██[38;2;217;217;217m██[38;2;217;217;217m██[38;2;217;217;217m██[38;2;217;217;217m██[38;2;217;217;217m██[38;2;217;217;217m██[38;2;166;166;166m██[38;2;166;166;166m██[38;2;166;166;166m██[38;2;16;16;16m██                                                                  
                                                                [38;2;89;89;89m██[38;2;217;217;217m██[38;2;166;166;166m██[38;2;217;217;217m██[38;2;217;217;217m██[38;2;217;217;217m██[38;2;217;217;217m██[38;2;217;217;217m██[38;2;217;217;217m██[38;2;217;217;217m██[38;2;217;217;217m██[38;2;217;217;217m██[38;2;217;217;217m██[38;2;166;166;166m██[38;2;166;166;166m██[38;2;16;16;16m██                                                                  
                                                              [38;2;89;89;89m██[38;2;217;217;217m██[38;2;217;217;217m██[38;2;166;166;166m██[38;2;217;217;217m██[38;2;217;217;217m██[38;2;217;217;217m██[38;2;217;217;217m██[38;2;217;217;217m██[38;2;217;217;217m██[38;2;217;217;217m██[38;2;166;166;166m██[38;2;217;217;217m██[38;2;217;217;217m██[38;2;166;166;166m██[38;2;166;166;166m██[38;2;166;166;166m██[38;2;16;16;16m██                                                                
                                                            [38;2;89;89;89m██[38;2;166;166;166m██[38;2;217;217;217m██[38;2;166;166;166m██[38;2;217;217;217m██[38;2;166;166;166m██[38;2;217;217;217m██[38;2;217;217;217m██[38;2;166;166;166m██[38;2;217;217;217m██[38;2;217;217;217m██[38;2;217;217;217m██[38;2;166;166;166m██[38;2;217;217;217m██[38;2;217;217;217m██[38;2;217;217;217m██[38;2;128;128;128m██[38;2;166;166;166m██[38;2;166;166;166m██[38;2;16;16;16m██                                                              
                                          [38;2;89;89;89m██[38;2;89;89;89m██[38;2;89;89;89m██[38;2;89;89;89m██          [38;2;89;89;89m██[38;2;217;217;217m██[38;2;166;166;166m██[38;2;217;217;217m██[38;2;217;217;217m██[38;2;166;166;166m██[38;2;217;217;217m██[38;2;217;217;217m██[38;2;166;166;166m██[38;2;89;89;89m██[38;2;89;89;89m██[38;2;89;89;89m██[38;2;166;166;166m██[38;2;217;217;217m██[38;2;217;217;217m██[38;2;217;217;217m██[38;2;128;128;128m██[38;2;166;166;166m██[38;2;166;166;166m██[38;2;16;16;16m██          [38;2;89;89;89m██[38;2;89;89;89m██[38;2;89;89;89m██                                              
                                      [38;2;89;89;89m██[38;2;89;89;89m██[38;2;217;217;217m██[38;2;217;217;217m██[38;2;217;217;217m██[38;2;217;217;217m██[38;2;89;89;89m██[38;2;89;89;89m██[38;2;89;89;89m██  [38;2;89;89;89m██[38;2;217;217;217m██[38;2;217;217;217m██[38;2;166;166;166m██[38;2;217;217;217m██[38;2;166;166;166m██[38;2;217;217;217m██[38;2;217;217;217m██[38;2;217;217;217m██[38;2;89;89;89m██[38;2;217;217;217m██[38;2;217;217;217m██[38;2;217;217;217m██[38;2;89;89;89m██[38;2;217;217;217m██[38;2;217;217;217m██[38;2;217;217;217m██[38;2;217;217;217m██[38;2;166;166;166m██[38;2;166;166;166m██[38;2;166;166;166m██[38;2;16;16;16m██    [38;2;89;89;89m██[38;2;89;89;89m██[38;2;217;217;217m██[38;2;217;217;217m██[38;2;217;217;217m██[38;2;89;89;89m██                                            
                                    [38;2;89;89;89m██[38;2;217;217;217m██[38;2;217;217;217m██[38;2;217;217;217m██[38;2;217;217;217m██[38;2;217;217;217m██[38;2;217;217;217m██[38;2;217;217;217m██[38;2;217;217;217m██[38;2;217;217;217m██[38;2;89;89;89m██[38;2;89;89;89m██[38;2;217;217;217m██[38;2;166;166;166m██[38;2;217;217;217m██[38;2;217;217;217m██[38;2;166;166;166m██[38;2;217;217;217m██[38;2;217;217;217m██[38;2;217;217;217m██[38;2;89;89;89m██[38;2;217;217;217m██[38;2;217;217;217m██[38;2;217;217;217m██[38;2;217;217;217m██[38;2;89;89;89m██[38;2;217;217;217m██[38;2;217;217;217m██[38;2;217;217;217m██[38;2;128;128;128m██[38;2;166;166;166m██[38;2;166;166;166m██[38;2;16;16;16m██[38;2;89;89;89m██[38;2;89;89;89m██[38;2;217;217;217m██[38;2;217;217;217m██[38;2;217;217;217m██[38;2;217;217;217m██[38;2;217;217;217m██[38;2;89;89;89m██                                            
                                    [38;2;89;89;89m██[38;2;217;217;217m██[38;2;217;217;217m██[38;2;217;217;217m██[38;2;217;217;217m██[38;2;217;217;217m██[38;2;217;217;217m██[38;2;217;217;217m██[38;2;217;217;217m██[38;2;217;217;217m██[38;2;166;166;166m██[38;2;217;217;217m██[38;2;128;128;128m██[38;2;128;128;128m██[38;2;217;217;217m██[38;2;217;217;217m██[38;2;166;166;166m██[38;2;217;217;217m██[38;2;217;217;217m██[38;2;89;89;89m██[38;2;166;166;166m██[38;2;217;217;217m██[38;2;217;217;217m██[38;2;217;217;217m██[38;2;217;217;217m██[38;2;89;89;89m██[38;2;217;217;217m██[38;2;217;217;217m██[38;2;217;217;217m██[38;2;128;128;128m██[38;2;89;89;89m██[38;2;89;89;89m██[38;2;217;217;217m██[38;2;217;217;217m██[38;2;217;217;217m██[38;2;217;217;217m██[38;2;217;217;217m██[38;2;217;217;217m██[38;2;217;217;217m██[38;2;217;217;217m██[38;2;217;217;217m██[38;2;89;89;89m██                                          
                                  [38;2;89;89;89m██[38;2;217;217;217m██[38;2;217;217;217m██[38;2;217;217;217m██[38;2;217;217;217m██[38;2;217;217;217m██[38;2;217;217;217m██[38;2;217;217;217m██[38;2;217;217;217m██[38;2;217;217;217m██[38;2;217;217;217m██[38;2;166;166;166m██[38;2;166;166;166m██[38;2;217;217;217m██[38;2;217;217;217m██[38;2;166;166;166m██[38;2;166;166;166m██[38;2;217;217;217m██[38;2;217;217;217m██[38;2;217;217;217m██[38;2;89;89;89m██[38;2;166;166;166m██[38;2;217;217;217m██[38;2;217;217;217m██[38;2;166;166;166m██[38;2;217;217;217m██[38;2;217;217;217m██[38;2;89;89;89m██[38;2;217;217;217m██[38;2;128;128;128m██[38;2;217;217;217m██[38;2;217;217;217m██[38;2;217;217;217m██[38;2;217;217;217m██[38;2;217;217;217m██[38;2;217;217;217m██[38;2;166;166;166m██[38;2;166;166;166m██[38;2;166;166;166m██[38;2;217;217;217m██[38;2;217;217;217m██[38;2;217;217;217m██[38;2;89;89;89m██                                          
                                  [38;2;89;89;89m██[38;2;217;217;217m██[38;2;217;217;217m██[38;2;166;166;166m██[38;2;217;217;217m██[38;2;166;166;166m██[38;2;166;166;166m██[38;2;166;166;166m██[38;2;217;217;217m██[38;2;217;217;217m██[38;2;217;217;217m██[38;2;217;217;217m██[38;2;217;217;217m██[38;2;166;166;166m██[38;2;166;166;166m██[38;2;217;217;217m██[38;2;166;166;166m██[38;2;217;217;217m██[38;2;217;217;217m██[38;2;89;89;89m██[38;2;166;166;166m██[38;2;166;166;166m██[38;2;217;217;217m██[38;2;166;166;166m██[38;2;217;217;217m██[38;2;217;217;217m██[38;2;217;217;217m██[38;2;89;89;89m██[38;2;217;217;217m██[38;2;217;217;217m██[38;2;217;217;217m██[38;2;217;217;217m██[38;2;217;217;217m██[38;2;166;166;166m██[38;2;166;166;166m██[38;2;166;166;166m██[38;2;166;166;166m██[38;2;166;166;166m██[38;2;166;166;166m██[38;2;166;166;166m██[38;2;217;217;217m██[38;2;217;217;217m██[38;2;217;217;217m██[38;2;89;89;89m██                                        
                                [38;2;89;89;89m██[38;2;217;217;217m██[38;2;217;217;217m██[38;2;217;217;217m██[38;2;128;128;128m██[38;2;166;166;166m██[38;2;166;166;166m██[38;2;166;166;166m██[38;2;166;166;166m██[38;2;166;166;166m██[38;2;166;166;166m██[38;2;217;217;217m██[38;2;217;217;217m██[38;2;217;217;217m██[38;2;217;217;217m██[38;2;217;217;217m██[38;2;217;217;217m██[38;2;217;217;217m██[38;2;166;166;166m██[38;2;217;217;217m██[38;2;89;89;89m██[38;2;166;166;166m██[38;2;166;166;166m██[38;2;217;217;217m██[38;2;166;166;166m██[38;2;217;217;217m██[38;2;217;217;217m██[38;2;217;217;217m██[38;2;89;89;89m██[38;2;217;217;217m██[38;2;217;217;217m██[38;2;166;166;166m██[38;2;166;166;166m██[38;2;166;166;166m██[38;2;166;166;166m██[38;2;128;128;128m██[38;2;128;128;128m██[38;2;166;166;166m██[38;2;166;166;166m██[38;2;166;166;166m██[38;2;166;166;166m██[38;2;128;128;128m██[38;2;217;217;217m██[38;2;217;217;217m██[38;2;89;89;89m██                                        
                                [38;2;89;89;89m██[38;2;217;217;217m██[38;2;217;217;217m██[38;2;128;128;128m██[38;2;166;166;166m██[38;2;166;166;166m██[38;2;166;166;166m██[38;2;166;166;166m██[38;2;166;166;166m██[38;2;166;166;166m██[38;2;166;166;166m██[38;2;166;166;166m██[38;2;166;166;166m██[38;2;166;166;166m██[38;2;217;217;217m██[38;2;217;217;217m██[38;2;217;217;217m██[38;2;217;217;217m██[38;2;166;166;166m██[38;2;217;217;217m██[38;2;89;89;89m██[38;2;166;166;166m██[38;2;89;89;89m██[38;2;217;217;217m██[38;2;166;166;166m██[38;2;217;217;217m██[38;2;217;217;217m██[38;2;217;217;217m██[38;2;217;217;217m██[38;2;89;89;89m██[38;2;166;166;166m██[38;2;166;166;166m██[38;2;128;128;128m██[38;2;128;128;128m██[38;2;128;128;128m██[38;2;166;166;166m██[38;2;166;166;166m██[38;2;166;166;166m██[38;2;166;166;166m██[38;2;166;166;166m██[38;2;166;166;166m██[38;2;128;128;128m██[38;2;217;217;217m██[38;2;217;217;217m██[38;2;217;217;217m██[38;2;89;89;89m██                                      
                              [38;2;89;89;89m██[38;2;217;217;217m██[38;2;217;217;217m██[38;2;166;166;166m██[38;2;166;166;166m██[38;2;166;166;166m██[38;2;166;166;166m██[38;2;16;16;16m██[38;2;16;16;16m██[38;2;166;166;166m██[38;2;166;166;166m██[38;2;166;166;166m██[38;2;166;166;166m██[38;2;128;128;128m██[38;2;166;166;166m██[38;2;166;166;166m██[38;2;166;166;166m██[38;2;166;166;166m██[38;2;217;217;217m██[38;2;217;217;217m██[38;2;217;217;217m██[38;2;89;89;89m██[38;2;166;166;166m██[38;2;89;89;89m██[38;2;217;217;217m██[38;2;217;217;217m██[38;2;166;166;166m██[38;2;217;217;217m██[38;2;217;217;217m██[38;2;217;217;217m██[38;2;89;89;89m██[38;2;128;128;128m██[38;2;128;128;128m██[38;2;166;166;166m██[38;2;166;166;166m██[38;2;166;166;166m██[38;2;166;166;166m██[38;2;166;166;166m██[38;2;166;166;166m██[38;2;166;166;166m██[38;2;166;166;166m██[38;2;166;166;166m██[38;2;166;166;166m██[38;2;128;128;128m██[38;2;217;217;217m██[38;2;217;217;217m██[38;2;217;217;217m██[38;2;89;89;89m██                                    
                            [38;2;89;89;89m██[38;2;217;217;217m██[38;2;217;217;217m██[38;2;217;217;217m██[38;2;128;128;128m██[38;2;166;166;166m██[38;2;166;166;166m██[38;2;16;16;16m██    [38;2;16;16;16m██[38;2;16;16;16m██[38;2;166;166;166m██[38;2;166;166;166m██[38;2;166;166;166m██[38;2;128;128;128m██[38;2;128;128;128m██[38;2;166;166;166m██[38;2;166;166;166m██[38;2;166;166;166m██[38;2;89;89;89m██[38;2;217;217;217m██[38;2;128;128;128m██[38;2;166;166;166m██[38;2;166;166;166m██[38;2;89;89;89m██[38;2;217;217;217m██[38;2;166;166;166m██[38;2;217;217;217m██[38;2;217;217;217m██[38;2;217;217;217m██[38;2;89;89;89m██[38;2;166;166;166m██[38;2;166;166;166m██[38;2;166;166;166m██[38;2;166;166;166m██[38;2;166;166;166m██[38;2;166;166;166m██[38;2;16;16;16m██[38;2;16;16;16m██[38;2;16;16;16m██[38;2;16;16;16m██[38;2;166;166;166m██[38;2;166;166;166m██[38;2;166;166;166m██[38;2;128;128;128m██[38;2;217;217;217m██[38;2;217;217;217m██[38;2;217;217;217m██[38;2;89;89;89m██                                  
                          [38;2;89;89;89m██[38;2;166;166;166m██[38;2;217;217;217m██[38;2;217;217;217m██[38;2;128;128;128m██[38;2;166;166;166m██[38;2;166;166;166m██[38;2;16;16;16m██          [38;2;16;16;16m██[38;2;16;16;16m██[38;2;166;166;166m██[38;2;166;166;166m██[38;2;166;166;166m██[38;2;128;128;128m██[38;2;89;89;89m██[38;2;89;89;89m██[38;2;128;128;128m██[38;2;128;128;128m██[38;2;128;128;128m██[38;2;89;89;89m██[38;2;166;166;166m██[38;2;16;16;16m██[38;2;217;217;217m██[38;2;217;217;217m██[38;2;166;166;166m██[38;2;217;217;217m██[38;2;217;217;217m██[38;2;217;217;217m██[38;2;89;89;89m██[38;2;166;166;166m██[38;2;166;166;166m██[38;2;166;166;166m██[38;2;89;89;89m██[38;2;89;89;89m██[38;2;166;166;166m██[38;2;166;166;166m██[38;2;16;16;16m██  [38;2;16;16;16m██[38;2;166;166;166m██[38;2;166;166;166m██[38;2;166;166;166m██[38;2;128;128;128m██[38;2;217;217;217m██[38;2;217;217;217m██[38;2;217;217;217m██[38;2;89;89;89m██                                
                          [38;2;16;16;16m██[38;2;217;217;217m██[38;2;217;217;217m██[38;2;128;128;128m██[38;2;166;166;166m██[38;2;166;166;166m██[38;2;16;16;16m██          [38;2;89;89;89m██[38;2;166;166;166m██[38;2;166;166;166m██[38;2;16;16;16m██[38;2;16;16;16m██[38;2;16;16;16m██[38;2;16;16;16m██[38;2;16;16;16m██[38;2;128;128;128m██[38;2;128;128;128m██[38;2;128;128;128m██[38;2;128;128;128m██[38;2;89;89;89m██[38;2;166;166;166m██[38;2;16;16;16m██[38;2;166;166;166m██[38;2;217;217;217m██[38;2;166;166;166m██[38;2;217;217;217m██[38;2;217;217;217m██[38;2;217;217;217m██[38;2;89;89;89m██[38;2;166;166;166m██[38;2;16;16;16m██[38;2;16;16;16m██[38;2;16;16;16m██[38;2;166;166;166m██[38;2;166;166;166m██[38;2;166;166;166m██[38;2;16;16;16m██    [38;2;16;16;16m██[38;2;166;166;166m██[38;2;166;166;166m██[38;2;166;166;166m██[38;2;128;128;128m██[38;2;217;217;217m██[38;2;217;217;217m██[38;2;89;89;89m██                                
                        [38;2;16;16;16m██[38;2;166;166;166m██[38;2;166;166;166m██[38;2;166;166;166m██[38;2;166;166;166m██[38;2;166;166;166m██[38;2;16;16;16m██          [38;2;89;89;89m██[38;2;166;166;166m██[38;2;166;166;166m██[38;2;166;166;166m██[38;2;166;166;166m██[38;2;166;166;166m██[38;2;166;166;166m██[38;2;89;89;89m██[38;2;128;128;128m██[38;2;128;128;128m██[38;2;128;128;128m██[38;2;128;128;128m██[38;2;128;128;128m██[38;2;128;128;128m██[38;2;89;89;89m██[38;2;89;89;89m██[38;2;16;16;16m██[38;2;166;166;166m██[38;2;217;217;217m██[38;2;166;166;166m██[38;2;217;217;217m██[38;2;217;217;217m██[38;2;89;89;89m██[38;2;16;16;16m██      [38;2;16;16;16m██[38;2;166;166;166m██[38;2;166;166;166m██[38;2;166;166;166m██[38;2;16;16;16m██    [38;2;16;16;16m██[38;2;166;166;166m██[38;2;166;166;166m██[38;2;166;166;166m██[38;2;128;128;128m██[38;2;217;217;217m██[38;2;217;217;217m██[38;2;89;89;89m██                              
                        [38;2;16;16;16m██[38;2;166;166;166m██[38;2;166;166;166m██[38;2;166;166;166m██[38;2;166;166;166m██[38;2;16;16;16m██          [38;2;89;89;89m██[38;2;166;166;166m██[38;2;166;166;166m██[38;2;166;166;166m██[38;2;166;166;166m██[38;2;166;166;166m██[38;2;166;166;166m██[38;2;16;16;16m██[38;2;16;16;16m██[38;2;16;16;16m██[38;2;16;16;16m██[38;2;128;128;128m██[38;2;128;128;128m██[38;2;128;128;128m██[38;2;128;128;128m██[38;2;128;128;128m██[38;2;128;128;128m██[38;2;89;89;89m██[38;2;16;16;16m██[38;2;166;166;166m██[38;2;166;166;166m██[38;2;217;217;217m██[38;2;217;217;217m██[38;2;166;166;166m██[38;2;16;16;16m██        [38;2;16;16;16m██[38;2;166;166;166m██[38;2;166;166;166m██[38;2;16;16;16m██      [38;2;16;16;16m██[38;2;166;166;166m██[38;2;166;166;166m██[38;2;128;128;128m██[38;2;217;217;217m██[38;2;217;217;217m██[38;2;16;16;16m██                              
                        [38;2;16;16;16m██[38;2;166;166;166m██[38;2;166;166;166m██[38;2;166;166;166m██[38;2;166;166;166m██[38;2;16;16;16m██        [38;2;16;16;16m██[38;2;166;166;166m██[38;2;166;166;166m██[38;2;166;166;166m██[38;2;166;166;166m██[38;2;166;166;166m██[38;2;16;16;16m██[38;2;16;16;16m██        [38;2;16;16;16m██[38;2;16;16;16m██[38;2;128;128;128m██[38;2;128;128;128m██[38;2;128;128;128m██[38;2;128;128;128m██[38;2;128;128;128m██[38;2;89;89;89m██[38;2;16;16;16m██[38;2;166;166;166m██[38;2;217;217;217m██[38;2;217;217;217m██[38;2;166;166;166m██[38;2;16;16;16m██        [38;2;16;16;16m██[38;2;166;166;166m██[38;2;166;166;166m██[38;2;16;16;16m██      [38;2;16;16;16m██[38;2;166;166;166m██[38;2;166;166;166m██[38;2;166;166;166m██[38;2;128;128;128m██[38;2;217;217;217m██[38;2;16;16;16m██                              
                          [38;2;16;16;16m██[38;2;166;166;166m██[38;2;166;166;166m██[38;2;166;166;166m██[38;2;166;166;166m██[38;2;16;16;16m██      [38;2;16;16;16m██[38;2;166;166;166m██[38;2;166;166;166m██[38;2;166;166;166m██[38;2;16;16;16m██[38;2;16;16;16m██                [38;2;16;16;16m██[38;2;128;128;128m██[38;2;128;128;128m██[38;2;128;128;128m██[38;2;16;16;16m██[38;2;16;16;16m██[38;2;16;16;16m██[38;2;166;166;166m██[38;2;166;166;166m██[38;2;166;166;166m██[38;2;166;166;166m██[38;2;16;16;16m██      [38;2;16;16;16m██[38;2;166;166;166m██[38;2;166;166;166m██[38;2;16;16;16m██          [38;2;16;16;16m██[38;2;166;166;166m██[38;2;166;166;166m██[38;2;128;128;128m██[38;2;16;16;16m██                                
                            [38;2;16;16;16m██[38;2;166;166;166m██[38;2;166;166;166m██[38;2;166;166;166m██[38;2;16;16;16m██        [38;2;16;16;16m██[38;2;166;166;166m██[38;2;166;166;166m██[38;2;16;16;16m██                  [38;2;16;16;16m██[38;2;128;128;128m██[38;2;128;128;128m██[38;2;128;128;128m██[38;2;16;16;16m██[38;2;89;89;89m██[38;2;16;16;16m██[38;2;166;166;166m██[38;2;166;166;166m██[38;2;166;166;166m██[38;2;166;166;166m██[38;2;16;16;16m██      [38;2;16;16;16m██[38;2;166;166;166m██[38;2;166;166;166m██[38;2;16;16;16m██          [38;2;16;16;16m██[38;2;166;166;166m██[38;2;166;166;166m██[38;2;128;128;128m██[38;2;16;16;16m██                                
                              [38;2;16;16;16m██[38;2;166;166;166m██[38;2;166;166;166m██[38;2;166;166;166m██[38;2;16;16;16m██      [38;2;16;16;16m██[38;2;166;166;166m██[38;2;166;166;166m██[38;2;16;16;16m██                    [38;2;16;16;16m██[38;2;128;128;128m██[38;2;16;16;16m██[38;2;128;128;128m██[38;2;89;89;89m██[38;2;16;16;16m██[38;2;166;166;166m██[38;2;166;166;166m██[38;2;166;166;166m██[38;2;16;16;16m██      [38;2;16;16;16m██[38;2;166;166;166m██[38;2;166;166;166m██[38;2;16;16;16m██            [38;2;16;16;16m██[38;2;166;166;166m██[38;2;166;166;166m██[38;2;16;16;16m██                                  
                              [38;2;16;16;16m██[38;2;166;166;166m██[38;2;166;166;166m██[38;2;166;166;166m██[38;2;16;16;16m██        [38;2;16;16;16m██[38;2;166;166;166m██[38;2;16;16;16m██                    [38;2;16;16;16m██[38;2;128;128;128m██[38;2;16;16;16m██[38;2;128;128;128m██[38;2;89;89;89m██[38;2;16;16;16m██[38;2;166;166;166m██[38;2;166;166;166m██[38;2;166;166;166m██[38;2;16;16;16m██      [38;2;16;16;16m██[38;2;166;166;166m██[38;2;166;166;166m██[38;2;16;16;16m██          [38;2;16;16;16m██[38;2;166;166;166m██[38;2;166;166;166m██[38;2;166;166;166m██[38;2;16;16;16m██                                  
                                [38;2;16;16;16m██[38;2;166;166;166m██[38;2;166;166;166m██[38;2;166;166;166m██[38;2;16;16;16m██      [38;2;16;16;16m██[38;2;166;166;166m██[38;2;16;16;16m██                      [38;2;16;16;16m██[38;2;128;128;128m██[38;2;89;89;89m██  [38;2;16;16;16m██[38;2;166;166;166m██[38;2;166;166;166m██[38;2;166;166;166m██[38;2;16;16;16m██      [38;2;16;16;16m██[38;2;166;166;166m██[38;2;16;16;16m██            [38;2;16;16;16m██[38;2;166;166;166m██[38;2;166;166;166m██[38;2;16;16;16m██                                    
                                [38;2;16;16;16m██[38;2;166;166;166m██[38;2;166;166;166m██[38;2;166;166;166m██[38;2;16;16;16m██      [38;2;16;16;16m██[38;2;166;166;166m██[38;2;16;16;16m██                      [38;2;89;89;89m██[38;2;128;128;128m██[38;2;89;89;89m██  [38;2;16;16;16m██[38;2;166;166;166m██[38;2;166;166;166m██[38;2;16;16;16m██        [38;2;16;16;16m██[38;2;166;166;166m██[38;2;16;16;16m██          [38;2;16;16;16m██[38;2;166;166;166m██[38;2;166;166;166m██[38;2;16;16;16m██                                      
                                  [38;2;16;16;16m██[38;2;166;166;166m██[38;2;16;16;16m██      [38;2;16;16;16m██[38;2;166;166;166m██[38;2;16;16;16m██                        [38;2;89;89;89m██[38;2;89;89;89m██    [38;2;16;16;16m██[38;2;166;166;166m██[38;2;166;166;166m██[38;2;16;16;16m██        [38;2;16;16;16m██[38;2;166;166;166m██[38;2;16;16;16m██          [38;2;16;16;16m██[38;2;166;166;166m██[38;2;16;16;16m██                                        
                                  [38;2;16;16;16m██[38;2;166;166;166m██[38;2;16;16;16m██      [38;2;16;16;16m██[38;2;16;16;16m██                                  [38;2;16;16;16m██[38;2;166;166;166m██[38;2;166;166;166m██[38;2;16;16;16m██          [38;2;16;16;16m██[38;2;16;16;16m██          [38;2;16;16;16m██[38;2;166;166;166m██[38;2;16;16;16m██                                        
                                [38;2;16;16;16m██[38;2;166;166;166m██[38;2;16;16;16m██                                                [38;2;16;16;16m██[38;2;166;166;166m██[38;2;16;16;16m██                          [38;2;16;16;16m██[38;2;166;166;166m██[38;2;16;16;16m██                                      
                                [38;2;16;16;16m██[38;2;16;16;16m██                                                  [38;2;16;16;16m██[38;2;166;166;166m██[38;2;166;166;166m██[38;2;16;16;16m██                          [38;2;16;16;16m██[38;2;16;16;16m██                                      
                                                                                        [38;2;16;16;16m██[38;2;166;166;166m██[38;2;16;16;16m██                                                                    
                                                                                          [38;2;16;16;16m██[38;2;16;16;16m██                                                                    
