                                                                                                                                                                      [38;2;33;33;33m██[38;2;111;111;111m██[38;2;84;84;84m██[38;2;6;6;6m██                  
                                                                                                                                                                    [38;2;47;47;47m██[38;2;111;111;111m██[38;2;111;111;111m██[38;2;84;84;84m██                    
                                                                                                                                                                  [38;2;25;59;93m██[38;2;103;137;171m██[38;2;111;128;145m██[38;2;69;86;103m██[38;2;37;37;37m██                    
                                                                                                                                                          [38;2;21;21;21m██[38;2;76;76;76m██[38;2;76;76;76m██[38;2;47;47;47m██[38;2;103;137;171m██[38;2;103;137;171m██[38;2;69;86;103m██[38;2;33;50;67m██                      
                                                                                                                                                        [38;2;57;57;57m██[38;2;111;128;145m██[38;2;93;110;127m██[38;2;73;90;107m██[38;2;111;128;145m██[38;2;103;137;171m██[38;2;67;101;135m██[38;2;69;86;103m██                        
                                                                                                                                                      [38;2;57;57;57m██[38;2;130;130;130m██[38;2;111;128;145m██[38;2;73;90;107m██[38;2;111;128;145m██[38;2;131;148;165m██[38;2;103;137;171m██[38;2;67;101;135m██[38;2;0;8;25m██            [38;2;42;42;42m██[38;2;84;84;84m██[38;2;84;84;84m██      
                                                                                                                                                    [38;2;58;83;108m██[38;2;119;152;177m██[38;2;81;114;139m██[38;2;70;103;144m██[38;2;90;123;164m██[38;2;126;159;200m██[38;2;84;117;158m██[38;2;76;84;93m██[38;2;34;42;51m██          [38;2;58;58;58m██[38;2;72;89;106m██[38;2;127;144;161m██[38;2;98;115;132m██[38;2;72;89;106m██      
                                                                                                                                                [38;2;27;44;44m██[38;2;58;83;108m██[38;2;106;131;156m██[38;2;81;114;139m██[38;2;61;94;119m██[38;2;90;123;164m██[38;2;128;161;202m██[38;2;126;159;200m██[38;2;84;117;158m██[38;2;34;42;51m██        [38;2;10;10;10m██[38;2;114;114;114m██[38;2;114;114;114m██[38;2;127;144;161m██[38;2;98;115;132m██[38;2;72;89;106m██[38;2;43;60;77m██      
                                                                                                                                              [38;2;27;44;44m██[38;2;131;148;148m██[38;2;106;131;156m██[38;2;106;131;156m██[38;2;61;94;119m██[38;2;81;114;139m██[38;2;128;161;202m██[38;2;128;161;202m██[38;2;84;117;158m██[38;2;48;81;122m██      [38;2;0;0;0m██[38;2;43;77;111m██[38;2;98;132;166m██[38;2;127;161;195m██[38;2;98;132;166m██[38;2;77;94;111m██[38;2;77;94;111m██[38;2;35;52;69m██        
                                                [38;2;42;42;42m██[38;2;104;104;104m██[38;2;48;48;48m██              [38;2;18;18;18m██[38;2;76;76;76m██[38;2;34;34;34m██                                                                  [38;2;59;59;59m██[38;2;131;148;148m██[38;2;131;148;148m██[38;2;106;131;156m██[38;2;58;83;108m██[38;2;81;114;139m██[38;2;119;152;177m██[38;2;128;161;202m██[38;2;90;123;164m██[38;2;48;81;122m██[38;2;6;39;80m██    [38;2;48;48;48m██[38;2;104;104;104m██[38;2;127;161;195m██[38;2;127;161;195m██[38;2;98;132;166m██[38;2;72;106;140m██[38;2;35;52;69m██            
                                                [38;2;76;76;76m██[38;2;90;107;141m██[38;2;80;97;131m██              [38;2;59;59;59m██[38;2;102;119;136m██[38;2;80;97;114m██                                                                [38;2;57;90;131m██[38;2;112;145;186m██[38;2;124;157;198m██[38;2;95;128;169m██[38;2;73;107;141m██[38;2;73;107;141m██[38;2;103;154;205m██[38;2;103;154;205m██[38;2;117;134;150m██[38;2;75;92;108m██[38;2;33;42;50m██    [38;2;69;86;120m██[38;2;135;152;186m██[38;2;135;152;186m██[38;2;111;145;179m██[38;2;111;145;179m██[38;2;69;103;137m██[38;2;33;67;101m██              
                                                [38;2;34;34;34m██[38;2;80;97;131m██[38;2;80;97;131m██[38;2;52;52;52m██            [38;2;59;59;59m██[38;2;80;97;114m██[38;2;80;97;114m██[38;2;42;42;42m██                                                            [38;2;42;42;42m██[38;2;112;145;186m██[38;2;112;145;186m██[38;2;95;128;169m██[38;2;69;102;143m██[38;2;73;107;141m██[38;2;93;127;161m██[38;2;103;154;205m██[38;2;103;154;205m██[38;2;75;92;108m██[38;2;39;56;72m██  [38;2;33;42;50m██[38;2;69;86;120m██[38;2;135;152;186m██[38;2;135;152;186m██[38;2;135;152;186m██[38;2;111;145;179m██[38;2;69;103;137m██[38;2;33;67;101m██                
                                                [38;2;21;21;21m██[38;2;90;107;141m██[38;2;90;107;141m██[38;2;94;94;94m██            [38;2;30;30;30m██[38;2;90;107;124m██[38;2;80;97;114m██[38;2;94;94;111m██[38;2;16;16;33m██                                                        [38;2;27;27;27m██[38;2;131;131;131m██[38;2;112;145;186m██[38;2;112;145;186m██[38;2;69;102;143m██[38;2;69;102;143m██[38;2;93;127;161m██[38;2;131;165;199m██[38;2;103;154;205m██[38;2;67;118;169m██[38;2;39;56;72m██  [38;2;33;42;50m██[38;2;137;146;154m██[38;2;103;154;222m██[38;2;103;154;222m██[38;2;103;154;222m██[38;2;67;118;186m██[38;2;97;97;114m██[38;2;41;41;58m██                  
                                                [38;2;21;21;21m██[38;2;102;119;153m██[38;2;102;119;153m██[38;2;94;94;94m██              [38;2;68;85;102m██[38;2;90;107;124m██[38;2;94;94;111m██[38;2;94;94;111m██                                                        [38;2;75;75;75m██[38;2;131;131;131m██[38;2;112;145;186m██[38;2;86;119;160m██[38;2;69;102;143m██[38;2;95;128;169m██[38;2;131;165;199m██[38;2;111;145;179m██[38;2;67;118;169m██[38;2;25;76;127m██[38;2;0;14;30m██[38;2;75;92;108m██[38;2;137;146;154m██[38;2;137;146;154m██[38;2;103;154;222m██[38;2;103;154;222m██[38;2;67;118;186m██[38;2;25;76;144m██[38;2;41;41;58m██                    
                                                [38;2;29;29;29m██[38;2;95;120;145m██[38;2;95;120;145m██[38;2;95;120;145m██[38;2;40;65;90m██            [38;2;51;59;67m██[38;2;93;101;109m██[38;2;90;124;175m██[38;2;90;124;175m██[38;2;47;47;47m██                                                    [38;2;52;69;86m██[38;2;94;145;196m██[38;2;94;145;196m██[38;2;98;132;183m██[38;2;72;106;157m██[38;2;76;127;178m██[38;2;114;165;216m██[38;2;134;167;208m██[38;2;92;125;166m██[38;2;77;94;119m██[38;2;48;65;90m██[38;2;57;98;147m██[38;2;112;153;202m██[38;2;98;147;197m██[38;2;98;147;197m██[38;2;111;128;162m██[38;2;111;128;162m██[38;2;69;86;120m██[38;2;33;50;84m██                [38;2;50;67;84m██[38;2;50;67;84m██[38;2;30;30;30m██
                                                  [38;2;69;94;119m██[38;2;95;120;145m██[38;2;95;120;145m██[38;2;69;94;119m██            [38;2;15;23;31m██[38;2;93;101;109m██[38;2;102;136;187m██[38;2;90;124;175m██[38;2;76;76;76m██                                                  [38;2;0;0;13m██[38;2;118;135;152m██[38;2;94;145;196m██[38;2;94;145;196m██[38;2;72;106;157m██[38;2;72;106;157m██[38;2;94;145;196m██[38;2;114;165;216m██[38;2;92;125;166m██[38;2;56;89;130m██[38;2;48;65;90m██[38;2;77;94;119m██[38;2;141;182;231m██[38;2;112;153;202m██[38;2;98;147;197m██[38;2;98;147;197m██[38;2;69;86;120m██[38;2;69;86;120m██[38;2;0;8;42m██            [38;2;10;10;10m██[38;2;58;58;58m██[38;2;114;114;114m██[38;2;128;145;162m██[38;2;86;103;120m██[38;2;59;59;59m██
                    [38;2;59;59;59m██[38;2;98;98;115m██[38;2;98;98;115m██[38;2;57;57;57m██                      [38;2;56;81;114m██[38;2;92;117;150m██[38;2;92;117;150m██[38;2;92;117;150m██[38;2;34;34;34m██            [38;2;96;96;96m██[38;2;102;136;187m██[38;2;90;124;175m██[38;2;76;76;76m██                                                [38;2;49;49;49m██[38;2;118;135;152m██[38;2;118;135;152m██[38;2;94;145;196m██[38;2;76;127;178m██[38;2;72;106;157m██[38;2;98;132;183m██[38;2;114;165;216m██[38;2;94;145;196m██[38;2;56;89;130m██[38;2;56;89;130m██[38;2;103;120;145m██[38;2;132;149;174m██[38;2;112;153;202m██[38;2;112;153;202m██[38;2;98;147;197m██[38;2;50;99;149m██[38;2;60;60;60m██[38;2;18;18;18m██          [38;2;57;57;57m██[38;2;73;107;141m██[38;2;111;145;179m██[38;2;111;145;179m██[38;2;111;145;179m██[38;2;86;103;120m██[38;2;50;67;84m██[38;2;30;30;30m██
                    [38;2;59;59;59m██[38;2;98;98;115m██[38;2;98;98;115m██[38;2;113;113;113m██[38;2;113;113;113m██[38;2;42;42;42m██                  [38;2;14;39;72m██[38;2;92;117;150m██[38;2;92;117;150m██[38;2;92;117;150m██[38;2;76;76;76m██            [38;2;96;96;96m██[38;2;102;136;187m██[38;2;90;124;175m██[38;2;76;76;76m██[38;2;21;21;21m██                                            [38;2;49;49;49m██[38;2;122;122;122m██[38;2;118;135;152m██[38;2;118;135;152m██[38;2;76;127;178m██[38;2;56;107;158m██[38;2;98;132;183m██[38;2;127;161;212m██[38;2;94;145;196m██[38;2;56;107;158m██[38;2;56;89;130m██[38;2;92;125;166m██[38;2;132;149;174m██[38;2;132;149;174m██[38;2;112;153;202m██[38;2;86;127;176m██[38;2;50;99;149m██[38;2;0;43;93m██[38;2;18;18;18m██        [38;2;17;17;17m██[38;2;57;57;57m██[38;2;130;130;130m██[38;2;111;145;179m██[38;2;111;145;179m██[38;2;111;145;179m██[38;2;73;107;141m██[38;2;50;67;84m██[38;2;8;25;42m██  
                    [38;2;17;17;17m██[38;2;76;76;93m██[38;2;76;76;93m██[38;2;98;123;156m██[38;2;98;123;156m██[38;2;100;133;166m██[38;2;22;55;88m██                  [38;2;97;97;97m██[38;2;94;128;179m██[38;2;94;128;179m██[38;2;103;120;154m██[38;2;25;42;76m██          [38;2;76;76;76m██[38;2;76;127;178m██[38;2;76;127;178m██[38;2;72;89;106m██[38;2;43;60;77m██                                          [38;2;27;44;61m██[38;2;73;124;175m██[38;2;111;162;213m██[38;2;99;149;206m██[38;2;87;137;194m██[38;2;73;123;181m██[38;2;85;135;193m██[38;2;111;152;194m██[38;2;111;152;194m██[38;2;61;94;127m██[38;2;61;94;127m██[38;2;76;127;178m██[38;2;114;165;216m██[38;2;128;162;213m██[38;2;128;162;213m██[38;2;94;111;111m██[38;2;52;69;69m██[38;2;52;69;69m██        [38;2;0;0;0m██[38;2;39;72;105m██[38;2;81;114;147m██[38;2;117;150;183m██[38;2;117;150;183m██[38;2;131;165;199m██[38;2;75;109;143m██[38;2;75;109;143m██[38;2;27;61;95m██[38;2;17;17;17m██    
                      [38;2;21;21;38m██[38;2;76;76;93m██[38;2;98;123;156m██[38;2;98;123;156m██[38;2;100;133;166m██[38;2;100;133;166m██[38;2;27;44;44m██                [38;2;97;97;97m██[38;2;76;110;161m██[38;2;94;128;179m██[38;2;103;120;154m██[38;2;67;84;118m██          [38;2;76;76;76m██[38;2;76;127;178m██[38;2;76;127;178m██[38;2;98;115;132m██[38;2;43;60;77m██                                          [38;2;75;92;109m██[38;2;111;162;213m██[38;2;111;162;213m██[38;2;99;149;206m██[38;2;65;115;172m██[38;2;85;135;193m██[38;2;107;157;215m██[38;2;111;152;194m██[38;2;73;114;156m██[38;2;61;94;127m██[38;2;81;114;147m██[38;2;114;165;216m██[38;2;114;165;216m██[38;2;128;162;213m██[38;2;86;120;171m██[38;2;52;69;69m██[38;2;16;33;33m██        [38;2;50;50;50m██[38;2;123;123;123m██[38;2;117;150;183m██[38;2;117;150;183m██[38;2;117;150;183m██[38;2;117;150;183m██[38;2;75;109;143m██[38;2;27;61;95m██[38;2;27;61;95m██        
                        [38;2;21;21;38m██[38;2;50;75;108m██[38;2;98;123;156m██[38;2;100;133;166m██[38;2;100;133;166m██[38;2;131;148;148m██[38;2;75;92;92m██[38;2;24;24;24m██            [38;2;41;41;41m██[38;2;76;110;161m██[38;2;94;128;179m██[38;2;103;120;154m██[38;2;103;120;154m██[38;2;24;24;24m██        [38;2;26;26;26m██[38;2;76;127;178m██[38;2;94;145;196m██[38;2;127;144;161m██[38;2;72;89;106m██                                        [38;2;75;92;109m██[38;2;131;148;165m██[38;2;111;162;213m██[38;2;93;144;195m██[38;2;65;115;172m██[38;2;77;127;184m██[38;2;107;157;215m██[38;2;107;157;215m██[38;2;73;114;156m██[38;2;53;94;136m██[38;2;81;114;147m██[38;2;119;152;185m██[38;2;114;165;216m██[38;2;94;145;196m██[38;2;86;120;171m██[38;2;50;84;135m██[38;2;13;13;13m██        [38;2;69;86;103m██[38;2;135;152;169m██[38;2;135;152;169m██[38;2;116;165;215m██[38;2;116;165;215m██[38;2;87;136;186m██[38;2;61;110;160m██[38;2;60;60;60m██[38;2;18;18;18m██          
                          [38;2;0;19;52m██[38;2;50;75;108m██[38;2;64;97;130m██[38;2;100;133;166m██[38;2;131;148;148m██[38;2;131;148;148m██[38;2;80;80;80m██              [38;2;56;90;141m██[38;2;94;128;179m██[38;2;145;162;196m██[38;2;103;120;154m██[38;2;80;80;80m██        [38;2;26;26;26m██[38;2;76;127;178m██[38;2;114;165;216m██[38;2;127;144;161m██[38;2;72;89;106m██                                      [38;2;42;42;42m██[38;2;131;148;165m██[38;2;131;148;165m██[38;2;111;162;213m██[38;2;73;124;175m██[38;2;65;115;172m██[38;2;99;149;206m██[38;2;107;157;215m██[38;2;73;123;181m██[38;2;53;94;136m██[38;2;91;132;174m██[38;2;119;152;185m██[38;2;119;152;185m██[38;2;94;145;196m██[38;2;56;107;158m██[38;2;50;84;135m██[38;2;8;42;93m██      [38;2;42;42;42m██[38;2;69;86;103m██[38;2;135;152;169m██[38;2;135;152;169m██[38;2;135;152;169m██[38;2;116;165;215m██[38;2;87;136;186m██[38;2;32;81;131m██[38;2;32;81;131m██[38;2;18;18;18m██            
                              [38;2;76;76;93m██[38;2;76;76;93m██[38;2;117;150;191m██[38;2;117;150;191m██[38;2;81;114;155m██[38;2;39;72;113m██            [38;2;69;69;86m██[38;2;111;111;128m██[38;2;114;165;216m██[38;2;94;145;196m██[38;2;64;81;98m██        [38;2;29;29;29m██[38;2;94;111;145m██[38;2;114;131;165m██[38;2;97;148;199m██[38;2;59;110;161m██[38;2;42;51;51m██                                  [38;2;10;27;27m██[38;2;114;131;131m██[38;2;95;145;203m██[38;2;95;145;203m██[38;2;85;135;193m██[38;2;73;123;181m██[38;2;91;141;190m██[38;2;111;161;210m██[38;2;91;141;190m██[38;2;53;103;152m██[38;2;56;107;158m██[38;2;114;165;216m██[38;2;114;165;216m██[38;2;94;145;196m██[38;2;101;109;117m██[38;2;59;67;75m██[38;2;25;25;33m██      [38;2;86;103;103m██[38;2;128;145;145m██[38;2;102;153;221m██[38;2;102;153;221m██[38;2;102;153;221m██[38;2;102;153;221m██[38;2;94;111;111m██[38;2;52;69;69m██[38;2;16;33;33m██                
  [38;2;26;26;26m██[38;2;46;46;46m██[38;2;26;26;26m██                      [38;2;21;21;38m██[38;2;76;76;93m██[38;2;81;114;155m██[38;2;117;150;191m██[38;2;117;150;191m██[38;2;81;114;155m██[38;2;47;47;47m██          [38;2;33;33;50m██[38;2;111;111;128m██[38;2;94;145;196m██[38;2;94;145;196m██[38;2;93;110;127m██[38;2;9;26;43m██        [38;2;76;93;127m██[38;2;114;131;165m██[38;2;77;128;179m██[38;2;59;110;161m██[38;2;42;51;51m██                                  [38;2;58;75;75m██[38;2;114;131;131m██[38;2;95;145;203m██[38;2;85;135;193m██[38;2;73;123;181m██[38;2;95;145;203m██[38;2;111;161;210m██[38;2;91;141;190m██[38;2;53;103;152m██[38;2;53;103;152m██[38;2;94;145;196m██[38;2;114;165;216m██[38;2;94;145;196m██[38;2;56;107;158m██[38;2;59;67;75m██[38;2;23;31;39m██    [38;2;50;67;67m██[38;2;86;103;103m██[38;2;128;145;145m██[38;2;128;145;145m██[38;2;102;153;221m██[38;2;102;153;221m██[38;2;90;141;209m██[38;2;68;119;187m██[38;2;52;69;69m██[38;2;16;33;33m██                  
[38;2;18;18;18m██[38;2;90;107;124m██[38;2;102;119;136m██[38;2;102;119;136m██[38;2;68;85;102m██[38;2;10;10;10m██                      [38;2;50;83;124m██[38;2;98;131;172m██[38;2;98;131;172m██[38;2;98;131;172m██[38;2;94;94;94m██[38;2;16;16;16m██          [38;2;69;69;86m██[38;2;76;127;178m██[38;2;94;145;196m██[38;2;93;110;127m██[38;2;38;55;72m██        [38;2;56;73;107m██[38;2;114;131;165m██[38;2;77;128;179m██[38;2;59;110;161m██[38;2;42;51;51m██                                [38;2;52;86;103m██[38;2;118;152;169m██[38;2;118;152;169m██[38;2;85;135;201m██[38;2;73;123;189m██[38;2;95;145;211m██[38;2;107;157;223m██[38;2;91;141;190m██[38;2;73;123;172m██[38;2;53;103;152m██[38;2;91;141;190m██[38;2;148;182;233m██[38;2;92;126;177m██[38;2;44;78;129m██[38;2;44;78;129m██    [38;2;25;25;33m██[38;2;73;73;81m██[38;2;94;145;196m██[38;2;100;151;202m██[38;2;100;151;202m██[38;2;104;155;206m██[38;2;148;182;216m██[38;2;92;126;160m██[38;2;44;78;112m██[38;2;44;78;112m██[38;2;13;13;13m██                    
[38;2;18;18;18m██[38;2;68;85;102m██[38;2;68;85;102m██[38;2;80;97;114m██[38;2;102;119;136m██[38;2;114;114;114m██[38;2;58;58;58m██[38;2;10;10;10m██                  [38;2;0;27;68m██[38;2;50;83;124m██[38;2;98;131;172m██[38;2;98;131;172m██[38;2;94;94;94m██[38;2;94;94;94m██[38;2;16;16;16m██        [38;2;69;69;86m██[38;2;76;127;178m██[38;2;94;145;196m██[38;2;93;110;127m██[38;2;64;81;98m██        [38;2;76;93;127m██[38;2;114;131;165m██[38;2;97;148;199m██[38;2;77;128;179m██[38;2;84;93;93m██                            [38;2;29;29;29m██[38;2;52;86;103m██[38;2;118;152;169m██[38;2;118;152;169m██[38;2;118;152;169m██[38;2;73;123;189m██[38;2;95;145;211m██[38;2;107;157;223m██[38;2;95;145;211m██[38;2;73;123;172m██[38;2;53;103;152m██[38;2;91;141;190m██[38;2;111;161;210m██[38;2;92;126;177m██[38;2;44;78;129m██[38;2;44;78;129m██[38;2;0;22;73m██[38;2;23;31;39m██[38;2;59;67;75m██[38;2;129;129;137m██[38;2;129;129;137m██[38;2;94;145;196m██[38;2;104;155;206m██[38;2;110;161;212m██[38;2;104;155;206m██[38;2;92;126;160m██[38;2;44;78;112m██[38;2;44;78;112m██                        
    [38;2;21;38;55m██[38;2;76;93;110m██[38;2;76;93;110m██[38;2;108;133;158m██[38;2;108;133;158m██[38;2;72;97;122m██[38;2;30;55;80m██                  [38;2;59;59;42m██[38;2;75;92;126m██[38;2;131;148;182m██[38;2;97;148;199m██[38;2;77;128;179m██[38;2;92;109;126m██        [38;2;29;29;29m██[38;2;81;98;132m██[38;2;110;127;161m██[38;2;90;141;192m██[38;2;68;119;170m██[38;2;33;33;50m██      [38;2;55;55;72m██[38;2;110;110;127m██[38;2;87;138;206m██[38;2;77;128;196m██[38;2;84;93;93m██                          [38;2;50;50;67m██[38;2;128;128;145m██[38;2;95;145;203m██[38;2;85;135;193m██[38;2;73;123;181m██[38;2;73;123;181m██[38;2;95;145;211m██[38;2;107;157;223m██[38;2;95;145;211m██[38;2;73;123;189m██[38;2;56;107;175m██[38;2;94;145;213m██[38;2;114;165;233m██[38;2;94;145;213m██[38;2;86;86;103m██[38;2;50;50;67m██[38;2;0;13;30m██[38;2;52;86;103m██[38;2;90;131;181m██[38;2;112;153;203m██[38;2;112;153;203m██[38;2;112;153;203m██[38;2;97;148;216m██[38;2;97;148;216m██[38;2;97;148;216m██[38;2;77;128;196m██[38;2;77;94;94m██[38;2;35;52;52m██                          
      [38;2;21;38;55m██[38;2;76;93;110m██[38;2;108;133;158m██[38;2;108;133;158m██[38;2;108;133;158m██[38;2;108;133;158m██[38;2;33;50;50m██                  [38;2;75;92;126m██[38;2;75;92;126m██[38;2;97;148;199m██[38;2;77;128;179m██[38;2;92;109;126m██[38;2;44;61;78m██        [38;2;55;72;106m██[38;2;110;127;161m██[38;2;90;141;192m██[38;2;68;119;170m██[38;2;69;69;86m██      [38;2;26;26;43m██[38;2;110;110;127m██[38;2;87;138;206m██[38;2;83;134;202m██[38;2;84;93;93m██[38;2;42;51;51m██                    [38;2;50;50;67m██[38;2;86;86;103m██[38;2;128;128;145m██[38;2;128;128;145m██[38;2;73;123;181m██[38;2;73;123;181m██[38;2;85;135;193m██[38;2;107;157;215m██[38;2;107;157;223m██[38;2;95;145;211m██[38;2;73;123;189m██[38;2;73;123;189m██[38;2;94;145;213m██[38;2;114;165;233m██[38;2;94;145;213m██[38;2;56;107;175m██[38;2;50;50;67m██[38;2;8;8;25m██[38;2;52;86;103m██[38;2;118;152;169m██[38;2;102;143;193m██[38;2;112;153;203m██[38;2;112;153;203m██[38;2;112;153;203m██[38;2;97;148;216m██[38;2;77;128;196m██[38;2;59;110;178m██[38;2;39;90;158m██[38;2;35;52;52m██                            
        [38;2;42;42;42m██[38;2;53;94;135m██[38;2;79;120;161m██[38;2;108;149;190m██[38;2;108;149;190m██[38;2;111;128;128m██[38;2;69;86;86m██[38;2;0;0;0m██              [38;2;0;0;22m██[38;2;75;92;126m██[38;2;77;128;179m██[38;2;97;148;199m██[38;2;92;109;126m██[38;2;92;109;126m██[38;2;48;48;48m██      [38;2;55;72;106m██[38;2;110;127;161m██[38;2;102;153;204m██[38;2;80;131;182m██[38;2;111;111;128m██[38;2;33;33;50m██      [38;2;110;110;127m██[38;2;93;144;212m██[38;2;87;138;206m██[38;2;93;101;109m██[38;2;51;59;67m██                  [38;2;58;58;58m██[38;2;90;124;175m██[38;2;102;136;187m██[38;2;90;124;175m██[38;2;80;114;165m██[38;2;85;135;193m██[38;2;95;145;203m██[38;2;107;157;215m██[38;2;107;157;215m██[38;2;87;137;194m██[38;2;65;115;172m██[38;2;65;115;172m██[38;2;87;137;194m██[38;2;110;144;178m██[38;2;110;144;178m██[38;2;81;115;149m██[38;2;26;60;94m██[38;2;8;8;25m██[38;2;86;86;103m██[38;2;118;152;169m██[38;2;118;152;169m██[38;2;95;153;219m██[38;2;95;153;219m██[38;2;95;153;219m██[38;2;69;127;193m██[38;2;76;93;110m██[38;2;76;93;110m██[38;2;47;64;81m██[38;2;21;38;55m██                              
          [38;2;24;65;106m██[38;2;53;94;135m██[38;2;79;120;161m██[38;2;108;149;190m██[38;2;111;128;128m██[38;2;111;128;128m██[38;2;123;123;123m██[38;2;50;50;50m██              [38;2;27;44;78m██[38;2;59;110;161m██[38;2;77;128;179m██[38;2;148;165;182m██[38;2;92;109;126m██[38;2;104;104;104m██[38;2;48;48;48m██    [38;2;26;43;77m██[38;2;81;98;132m██[38;2;80;131;182m██[38;2;102;153;204m██[38;2;111;111;128m██[38;2;69;69;86m██    [38;2;26;26;43m██[38;2;110;110;127m██[38;2;93;144;212m██[38;2;87;138;206m██[38;2;93;101;109m██[38;2;51;59;67m██              [38;2;33;33;33m██[38;2;114;114;114m██[38;2;114;114;114m██[38;2;90;124;175m██[38;2;80;114;165m██[38;2;80;114;165m██[38;2;102;136;187m██[38;2;107;157;215m██[38;2;107;157;215m██[38;2;95;145;203m██[38;2;73;123;181m██[38;2;65;115;172m██[38;2;77;127;184m██[38;2;99;149;206m██[38;2;99;149;206m██[38;2;110;144;178m██[38;2;81;115;149m██[38;2;26;60;94m██[38;2;26;60;94m██[38;2;86;86;103m██[38;2;128;128;145m██[38;2;118;152;169m██[38;2;118;152;169m██[38;2;95;153;219m██[38;2;95;153;219m██[38;2;69;127;193m██[38;2;40;98;164m██[38;2;47;64;81m██[38;2;21;38;55m██                                  
            [38;2;42;42;42m██[38;2;76;93;110m██[38;2;76;93;110m██[38;2;94;145;196m██[38;2;94;145;196m██[38;2;94;145;196m██[38;2;94;145;196m██[38;2;84;101;135m██[38;2;42;59;93m██            [38;2;76;76;76m██[38;2;76;76;76m██[38;2;110;144;195m██[38;2;110;144;195m██[38;2;76;127;178m██[38;2;56;107;158m██[38;2;35;52;69m██    [38;2;77;77;77m██[38;2;86;103;137m██[38;2;128;145;179m██[38;2;93;144;195m██[38;2;73;124;175m██[38;2;44;61;78m██  [38;2;56;56;73m██[38;2;114;114;131m██[38;2;102;153;204m██[38;2;114;165;216m██[38;2;92;109;126m██[38;2;44;61;78m██            [38;2;22;39;56m██[38;2;126;143;160m██[38;2;126;143;160m██[38;2;126;143;160m██[38;2;85;135;193m██[38;2;95;145;203m██[38;2;107;157;215m██[38;2;107;157;215m██[38;2;97;148;199m██[38;2;77;128;179m██[38;2;59;110;161m██[38;2;59;110;161m██[38;2;90;141;209m██[38;2;102;153;221m██[38;2;102;153;221m██[38;2;90;141;209m██[38;2;86;103;120m██[38;2;50;67;84m██[38;2;8;25;42m██[38;2;86;103;120m██[38;2;90;141;209m██[38;2;90;141;209m██[38;2;102;153;221m██[38;2;102;153;221m██[38;2;111;128;145m██[38;2;69;86;103m██[38;2;69;86;103m██[38;2;33;50;67m██                                      
              [38;2;21;38;55m██[38;2;76;93;110m██[38;2;56;107;158m██[38;2;94;145;196m██[38;2;114;165;216m██[38;2;114;165;216m██[38;2;120;137;171m██[38;2;84;101;135m██[38;2;33;33;50m██          [38;2;21;21;21m██[38;2;76;76;76m██[38;2;81;115;166m██[38;2;110;144;195m██[38;2;94;145;196m██[38;2;76;127;178m██[38;2;101;118;135m██[38;2;35;52;69m██  [38;2;0;0;0m██[38;2;86;103;137m██[38;2;86;103;137m██[38;2;111;162;213m██[38;2;93;144;195m██[38;2;92;109;126m██[38;2;44;61;78m██[38;2;76;76;93m██[38;2;114;114;131m██[38;2;114;165;216m██[38;2;136;187;238m██[38;2;92;109;126m██[38;2;44;61;78m██          [38;2;42;42;42m██[38;2;126;143;160m██[38;2;126;143;160m██[38;2;126;143;160m██[38;2;126;143;160m██[38;2;107;157;215m██[38;2;107;157;215m██[38;2;95;145;203m██[38;2;73;123;181m██[38;2;59;110;161m██[38;2;77;128;179m██[38;2;97;148;199m██[38;2;97;148;199m██[38;2;102;153;221m██[38;2;102;153;221m██[38;2;90;141;209m██[38;2;68;119;187m██[38;2;50;67;84m██[38;2;50;67;84m██[38;2;128;145;162m██[38;2;128;145;162m██[38;2;102;153;221m██[38;2;102;153;221m██[38;2;90;141;209m██[38;2;68;119;187m██[38;2;69;86;103m██[38;2;33;50;67m██[38;2;0;8;25m██                                        
                [38;2;21;38;55m██[38;2;27;61;95m██[38;2;75;109;143m██[38;2;75;109;143m██[38;2;131;165;199m██[38;2;120;137;171m██[38;2;120;137;171m██[38;2;111;111;128m██[38;2;33;33;50m██          [38;2;21;21;21m██[38;2;55;89;140m██[38;2;81;115;166m██[38;2;114;165;216m██[38;2;94;145;196m██[38;2;101;118;135m██[38;2;101;118;135m██[38;2;35;35;35m██  [38;2;8;25;59m██[38;2;86;103;137m██[38;2;93;144;195m██[38;2;131;182;233m██[38;2;148;165;182m██[38;2;92;109;126m██[38;2;56;56;73m██[38;2;94;94;111m██[38;2;124;175;226m██[38;2;136;187;238m██[38;2;92;109;126m██[38;2;44;61;78m██          [38;2;114;114;114m██[38;2;85;136;187m██[38;2;97;148;199m██[38;2;119;170;221m██[38;2;119;170;221m██[38;2;95;145;203m██[38;2;73;123;181m██[38;2;73;123;181m██[38;2;73;123;181m██[38;2;90;141;209m██[38;2;102;153;221m██[38;2;102;153;221m██[38;2;102;153;221m██[38;2;110;144;178m██[38;2;81;115;149m██[38;2;55;89;123m██[38;2;55;89;123m██[38;2;60;94;145m██[38;2;115;149;200m██[38;2;115;149;200m██[38;2;115;149;200m██[38;2;92;126;160m██[38;2;92;126;160m██[38;2;92;126;160m██[38;2;44;78;112m██[38;2;42;42;42m██                                            
                  [38;2;0;5;39m██[38;2;27;61;95m██[38;2;27;61;95m██[38;2;75;109;143m██[38;2;120;137;171m██[38;2;120;137;171m██[38;2;111;111;128m██[38;2;111;111;128m██[38;2;68;68;68m██          [38;2;26;60;111m██[38;2;55;89;140m██[38;2;76;127;178m██[38;2;114;165;216m██[38;2;101;118;135m██[38;2;101;118;135m██[38;2;77;77;77m██    [38;2;86;103;137m██[38;2;73;124;175m██[38;2;131;182;233m██[38;2;148;165;182m██[38;2;92;109;126m██[38;2;56;56;73m██[38;2;94;94;111m██[38;2;114;165;216m██[38;2;114;165;216m██[38;2;92;109;126m██[38;2;44;61;78m██        [38;2;58;58;58m██[38;2;114;114;114m██[38;2;85;136;187m██[38;2;119;170;221m██[38;2;107;158;209m██[38;2;85;136;187m██[38;2;73;123;181m██[38;2;73;123;181m██[38;2;85;135;193m██[38;2;107;157;215m██[38;2;102;153;221m██[38;2;102;153;221m██[38;2;90;141;209m██[38;2;68;119;187m██[38;2;55;89;123m██[38;2;55;89;123m██[38;2;55;89;123m██[38;2;81;115;149m██[38;2;115;149;200m██[38;2;115;149;200m██[38;2;115;149;200m██[38;2;115;149;200m██[38;2;92;126;160m██[38;2;44;78;112m██[38;2;44;78;112m██[38;2;0;22;56m██                                              
                      [38;2;34;34;34m██[38;2;76;76;76m██[38;2;55;106;157m██[38;2;81;132;183m██[38;2;110;161;212m██[38;2;81;132;183m██[38;2;111;128;145m██[38;2;69;86;103m██          [38;2;59;59;59m██[38;2;69;86;103m██[38;2;111;128;145m██[38;2;98;149;217m██[38;2;72;123;191m██[38;2;84;118;152m██[38;2;42;76;110m██  [38;2;50;50;67m██[38;2;99;124;157m██[38;2;119;144;177m██[38;2;86;152;194m██[38;2;48;114;156m██[38;2;68;68;85m██[38;2;102;102;119m██[38;2;64;132;183m██[38;2;38;106;157m██[38;2;68;85;102m██[38;2;56;73;90m██      [38;2;44;61;78m██[38;2;92;109;126m██[38;2;92;109;126m██[38;2;73;123;172m██[38;2;95;145;194m██[38;2;73;123;172m██[38;2;85;135;184m██[38;2;111;162;230m██[38;2;111;162;230m██[38;2;111;162;230m██[38;2;111;162;230m██[38;2;110;127;161m██[38;2;81;98;132m██[38;2;55;72;106m██[38;2;55;72;106m██[38;2;43;77;111m██[38;2;72;106;140m██[38;2;98;132;166m██[38;2;127;161;195m██[38;2;103;154;205m██[38;2;103;154;205m██[38;2;103;154;205m██[38;2;67;118;169m██[38;2;76;84;84m██[38;2;34;42;42m██[38;2;13;13;13m██                                                
                        [38;2;34;34;34m██[38;2;26;77;128m██[38;2;55;106;157m██[38;2;81;132;183m██[38;2;110;161;212m██[38;2;111;128;145m██[38;2;111;128;145m██[38;2;69;86;103m██[38;2;33;50;67m██        [38;2;69;86;103m██[38;2;69;86;103m██[38;2;98;149;217m██[38;2;127;178;246m██[38;2;120;154;188m██[38;2;84;118;152m██[38;2;86;86;103m██[38;2;8;8;25m██[38;2;81;106;139m██[38;2;99;124;157m██[38;2;48;114;156m██[38;2;28;94;136m██[38;2;80;80;97m██[38;2;102;102;119m██[38;2;38;106;157m██[38;2;9;77;128m██[38;2;56;73;90m██[38;2;46;63;80m██    [38;2;92;109;126m██[38;2;92;109;126m██[38;2;92;109;126m██[38;2;92;109;126m██[38;2;73;123;172m██[38;2;85;135;184m██[38;2;107;157;206m██[38;2;107;157;206m██[38;2;111;162;230m██[38;2;111;162;230m██[38;2;93;144;212m██[38;2;73;124;192m██[38;2;55;72;106m██[38;2;55;72;106m██[38;2;55;72;106m██[38;2;81;98;132m██[38;2;98;132;166m██[38;2;127;161;195m██[38;2;127;161;195m██[38;2;127;161;195m██[38;2;103;154;205m██[38;2;103;154;205m██[38;2;67;118;169m██[38;2;25;76;127m██[38;2;34;42;42m██                                                    
                            [38;2;52;69;86m██[38;2;52;69;86m██[38;2;94;111;128m██[38;2;102;153;204m██[38;2;90;141;192m██[38;2;80;131;182m██[38;2;80;131;182m██[38;2;86;86;86m██[38;2;50;50;50m██      [38;2;69;86;103m██[38;2;72;123;191m██[38;2;127;178;246m██[38;2;162;196;230m██[38;2;120;154;188m██[38;2;128;128;145m██[38;2;86;86;103m██[38;2;61;86;119m██[38;2;81;106;139m██[38;2;48;114;156m██[38;2;28;94;136m██[38;2;80;80;97m██[38;2;90;90;107m██[38;2;64;132;183m██[38;2;38;106;157m██[38;2;56;73;90m██[38;2;46;63;80m██  [38;2;41;58;58m██[38;2;68;136;187m██[38;2;46;114;165m██[38;2;56;124;175m██[38;2;46;114;165m██[38;2;70;119;185m██[38;2;108;157;223m██[38;2;128;177;243m██[38;2;108;157;223m██[38;2;114;148;182m██[38;2;94;128;162m██[38;2;76;110;144m██[38;2;56;90;124m██[38;2;73;107;141m██[38;2;93;127;161m██[38;2;111;145;179m██[38;2;131;165;199m██[38;2;102;153;221m██[38;2;102;153;221m██[38;2;102;153;221m██[38;2;102;153;221m██[38;2;114;131;165m██[38;2;58;75;109m██[38;2;58;75;109m██[38;2;10;27;61m██                                                      
                              [38;2;16;33;50m██[38;2;52;69;86m██[38;2;68;119;170m██[38;2;90;141;192m██[38;2;102;153;204m██[38;2;90;141;192m██[38;2;128;128;128m██[38;2;128;128;128m██[38;2;86;86;86m██[38;2;50;50;50m██  [38;2;0;8;25m██[38;2;43;94;162m██[38;2;72;123;191m██[38;2;120;154;188m██[38;2;162;196;230m██[38;2;128;128;145m██[38;2;86;86;103m██[38;2;81;106;139m██[38;2;81;106;139m██[38;2;66;132;174m██[38;2;66;132;174m██[38;2;80;80;97m██[38;2;68;68;85m██[38;2;64;132;183m██[38;2;64;132;183m██[38;2;68;85;102m██[38;2;46;63;80m██[38;2;0;10;10m██[38;2;97;114;114m██[38;2;68;136;187m██[38;2;68;136;187m██[38;2;46;114;165m██[38;2;34;102;153m██[38;2;90;139;205m██[38;2;108;157;223m██[38;2;90;139;205m██[38;2;70;119;185m██[38;2;76;110;144m██[38;2;76;110;144m██[38;2;76;110;144m██[38;2;94;128;162m██[38;2;111;145;179m██[38;2;131;165;199m██[38;2;111;145;179m██[38;2;111;145;179m██[38;2;102;153;221m██[38;2;102;153;221m██[38;2;90;141;209m██[38;2;68;119;187m██[38;2;58;75;109m██[38;2;58;75;109m██                                                          
                                [38;2;24;24;24m██[38;2;50;84;118m██[38;2;86;120;154m██[38;2;86;120;154m██[38;2;128;162;196m██[38;2;102;153;204m██[38;2;90;141;192m██[38;2;90;141;192m██[38;2;90;141;192m██[38;2;115;115;132m██[38;2;60;60;77m██[38;2;60;60;77m██[38;2;89;89;106m██[38;2;95;120;161m██[38;2;124;149;190m██[38;2;58;132;182m██[38;2;20;94;144m██[38;2;57;98;131m██[38;2;57;98;131m██[38;2;62;145;178m██[38;2;91;174;207m██[38;2;50;116;157m██[38;2;12;78;119m██[38;2;62;145;186m██[38;2;91;174;215m██[38;2;65;106;123m██[38;2;45;86;103m██[38;2;45;86;103m██[38;2;103;144;161m██[38;2;46;153;203m██[38;2;36;143;193m██[38;2;40;98;148m██[38;2;52;110;160m██[38;2;85;135;184m██[38;2;85;135;184m██[38;2;73;123;172m██[38;2;73;123;172m██[38;2;76;127;195m██[38;2;76;127;195m██[38;2;94;145;213m██[38;2;114;165;233m██[38;2;97;148;216m██[38;2;97;148;216m██[38;2;97;148;216m██[38;2;77;128;196m██[38;2;93;110;144m██[38;2;93;110;144m██[38;2;64;81;115m██[38;2;64;81;115m██[38;2;47;47;47m██                                                            
                                  [38;2;8;42;76m██[38;2;50;84;118m██[38;2;50;84;118m██[38;2;86;120;154m██[38;2;90;141;192m██[38;2;102;153;204m██[38;2;102;153;204m██[38;2;102;153;204m██[38;2;144;144;161m██[38;2;144;144;161m██[38;2;115;115;132m██[38;2;60;60;77m██[38;2;69;94;135m██[38;2;95;120;161m██[38;2;58;132;182m██[38;2;58;132;182m██[38;2;37;78;111m██[38;2;37;78;111m██[38;2;36;119;152m██[38;2;91;174;207m██[38;2;70;136;177m██[38;2;32;98;139m██[38;2;62;145;186m██[38;2;91;174;215m██[38;2;65;106;123m██[38;2;45;86;103m██[38;2;83;124;141m██[38;2;103;144;161m██[38;2;36;143;193m██[38;2;36;143;193m██[38;2;62;120;170m██[38;2;62;120;170m██[38;2;85;135;184m██[38;2;95;145;194m██[38;2;107;157;206m██[38;2;107;157;206m██[38;2;114;165;233m██[38;2;114;165;233m██[38;2;94;145;213m██[38;2;94;145;213m██[38;2;77;128;196m██[38;2;59;110;178m██[38;2;59;110;178m██[38;2;39;90;158m██[38;2;64;81;115m██[38;2;38;55;89m██[38;2;38;55;89m██[38;2;9;26;60m██                                                              
                                    [38;2;30;30;47m██[38;2;59;59;76m██[38;2;59;59;76m██[38;2;55;89;140m██[38;2;81;115;166m██[38;2;110;144;195m██[38;2;110;144;195m██[38;2;131;182;216m██[38;2;131;182;216m██[38;2;93;144;178m██[38;2;73;124;158m██[38;2;69;94;135m██[38;2;69;94;135m██[38;2;58;132;182m██[38;2;78;152;202m██[38;2;95;136;169m██[38;2;37;78;111m██[38;2;7;90;123m██[38;2;62;145;178m██[38;2;70;136;177m██[38;2;32;98;139m██[38;2;36;119;160m██[38;2;62;145;186m██[38;2;52;102;135m██[38;2;40;90;123m██[38;2;62;112;145m██[38;2;74;124;157m██[38;2;58;165;215m██[38;2;46;153;203m██[38;2;52;110;160m██[38;2;62;120;170m██[38;2;86;143;201m██[38;2;112;169;227m██[38;2;112;169;227m██[38;2;112;169;227m██[38;2;93;127;161m██[38;2;93;127;161m██[38;2;64;98;132m██[38;2;64;98;132m██[38;2;76;76;76m██[38;2;76;76;76m██[38;2;47;47;47m██[38;2;21;21;21m██[38;2;24;24;24m██                                                                    
                                        [38;2;30;30;47m██[38;2;26;60;111m██[38;2;55;89;140m██[38;2;55;89;140m██[38;2;81;115;166m██[38;2;93;144;178m██[38;2;131;182;216m██[38;2;93;144;178m██[38;2;73;124;158m██[38;2;69;94;135m██[38;2;69;94;135m██[38;2;20;94;144m██[38;2;58;132;182m██[38;2;95;136;169m██[38;2;75;116;149m██[38;2;7;90;123m██[38;2;36;119;152m██[38;2;70;136;177m██[38;2;32;98;139m██[38;2;7;90;131m██[38;2;36;119;160m██[38;2;52;102;135m██[38;2;40;90;123m██[38;2;52;102;135m██[38;2;74;124;157m██[38;2;46;153;203m██[38;2;24;131;181m██[38;2;40;98;148m██[38;2;74;132;182m██[38;2;112;169;227m██[38;2;112;169;227m██[38;2;86;143;201m██[38;2;57;114;172m██[38;2;64;98;132m██[38;2;38;72;106m██[38;2;9;43;77m██[38;2;9;43;77m██[38;2;21;21;21m██                                                                            
                                              [38;2;26;34;34m██[38;2;68;76;76m██[38;2;55;106;140m██[38;2;81;132;166m██[38;2;81;132;166m██[38;2;81;132;166m██[38;2;58;149;190m██[38;2;40;131;172m██[38;2;0;65;106m██[38;2;20;94;135m██[38;2;70;136;177m██[38;2;70;136;177m██[38;2;32;73;106m██[38;2;50;91;124m██[38;2;66;124;165m██[38;2;28;86;127m██[38;2;37;78;127m██[38;2;57;98;147m██[38;2;61;118;168m██[38;2;49;106;156m██[38;2;20;111;160m██[38;2;58;149;198m██[38;2;58;140;198m██[38;2;58;140;198m██[38;2;58;140;198m██[38;2;74;156;214m██[38;2;111;145;179m██[38;2;111;145;179m██[38;2;69;103;137m██[38;2;33;67;101m██[38;2;24;24;24m██                                                                                    
                                                  [38;2;26;77;111m██[38;2;55;106;140m██[38;2;55;106;140m██[38;2;81;132;166m██[38;2;58;149;190m██[38;2;78;169;210m██[38;2;46;120;161m██[38;2;0;65;106m██[38;2;50;116;157m██[38;2;70;136;177m██[38;2;50;91;124m██[38;2;32;73;106m██[38;2;28;86;127m██[38;2;48;106;147m██[38;2;57;98;147m██[38;2;95;136;185m██[38;2;83;140;190m██[38;2;49;106;156m██[38;2;40;131;180m██[38;2;78;169;218m██[38;2;64;146;204m██[38;2;58;140;198m██[38;2;74;156;214m██[38;2;74;156;214m██[38;2;111;145;179m██[38;2;69;103;137m██[38;2;33;67;101m██                                                                                        
                                                    [38;2;47;64;81m██[38;2;76;93;110m██[38;2;76;93;110m██[38;2;40;131;172m██[38;2;58;149;190m██[38;2;75;149;190m██[38;2;46;120;161m██[38;2;32;98;139m██[38;2;50;116;157m██[38;2;50;91;124m██[38;2;12;53;86m██[38;2;48;106;147m██[38;2;86;144;185m██[38;2;75;116;165m██[38;2;95;136;185m██[38;2;83;140;190m██[38;2;71;128;178m██[38;2;58;149;198m██[38;2;58;149;198m██[38;2;77;127;185m██[38;2;103;153;211m██[38;2;103;153;211m██[38;2;77;127;185m██[38;2;77;77;77m██[38;2;35;35;35m██                                                                                          
                                                      [38;2;47;64;81m██[38;2;76;93;110m██[38;2;20;111;152m██[38;2;40;131;172m██[38;2;75;149;190m██[38;2;46;120;161m██[38;2;12;78;119m██[38;2;32;98;139m██[38;2;70;111;144m██[38;2;70;111;144m██[38;2;66;124;165m██[38;2;86;144;185m██[38;2;95;136;185m██[38;2;75;116;165m██[38;2;61;118;168m██[38;2;61;118;168m██[38;2;40;131;180m██[38;2;40;131;180m██[38;2;103;153;211m██[38;2;103;153;211m██[38;2;77;127;185m██[38;2;48;98;156m██[38;2;35;35;35m██                                                                                            
                                                        [38;2;25;25;25m██[38;2;73;90;107m██[38;2;73;90;107m██[38;2;81;115;149m██[38;2;81;115;149m██[38;2;53;94;152m██[38;2;53;94;152m██[38;2;91;132;190m██[38;2;111;152;210m██[38;2;69;118;176m██[38;2;79;128;186m██[38;2;91;140;190m██[38;2;79;128;178m██[38;2;53;111;169m██[38;2;53;111;169m██[38;2;73;131;189m██[38;2;91;149;207m██[38;2;117;150;183m██[38;2;75;108;141m██[38;2;69;86;102m██[38;2;40;57;73m██                                                                                              
                                                        [38;2;13;13;13m██[38;2;85;102;119m██[38;2;63;80;97m██[38;2;81;115;149m██[38;2;110;144;178m██[38;2;111;152;210m██[38;2;91;132;190m██[38;2;73;114;172m██[38;2;91;132;190m██[38;2;79;128;186m██[38;2;69;118;176m██[38;2;91;140;190m██[38;2;79;128;178m██[38;2;73;131;189m██[38;2;91;149;207m██[38;2;111;169;227m██[38;2;91;149;207m██[38;2;75;108;141m██[38;2;39;72;105m██[38;2;69;86;102m██[38;2;95;112;128m██[38;2;42;42;42m██                                                                                            
                                                        [38;2;25;25;25m██[38;2;85;102;119m██[38;2;63;80;97m██[38;2;55;89;123m██[38;2;81;115;149m██[38;2;111;161;218m██[38;2;111;161;218m██[38;2;73;123;180m██[38;2;53;103;160m██[38;2;79;128;186m██[38;2;91;140;198m██[38;2;79;128;178m██[38;2;79;128;178m██[38;2;84;150;199m██[38;2;84;150;199m██[38;2;84;150;199m██[38;2;48;114;163m██[38;2;39;72;105m██[38;2;39;72;105m██[38;2;95;112;128m██[38;2;95;112;128m██[38;2;29;29;29m██                                                                                            
                                                          [38;2;63;80;97m██[38;2;85;102;119m██[38;2;55;89;123m██[38;2;55;89;123m██[38;2;53;103;160m██[38;2;91;141;198m██[38;2;111;161;218m██[38;2;73;123;180m██[38;2;79;128;186m██[38;2;91;140;198m██[38;2;69;118;168m██[38;2;69;118;168m██[38;2;84;150;199m██[38;2;84;150;199m██[38;2;48;114;163m██[38;2;6;72;121m██[38;2;39;72;105m██[38;2;75;108;141m██[38;2;124;141;157m██[38;2;69;86;102m██                                                                                              
                                                          [38;2;50;67;67m██[38;2;128;145;145m██[38;2;46;131;165m██[38;2;34;119;153m██[38;2;46;97;131m██[38;2;56;107;141m██[38;2;73;141;209m██[38;2;85;153;221m██[38;2;91;149;207m██[38;2;91;149;207m██[38;2;73;131;189m██[38;2;53;111;169m██[38;2;60;128;162m██[38;2;60;128;162m██[38;2;16;67;84m██[38;2;16;67;84m██[38;2;8;76;110m██[38;2;86;154;188m██[38;2;52;103;120m██[38;2;16;67;84m██                                                                                              
                                                          [38;2;50;67;67m██[38;2;86;103;103m██[38;2;56;141;175m██[38;2;34;119;153m██[38;2;56;107;141m██[38;2;68;119;153m██[38;2;73;141;209m██[38;2;85;153;221m██[38;2;111;169;227m██[38;2;91;149;207m██[38;2;91;149;207m██[38;2;73;131;189m██[38;2;60;128;162m██[38;2;42;110;144m██[38;2;16;67;84m██[38;2;16;67;84m██[38;2;50;118;152m██[38;2;86;154;188m██[38;2;52;103;120m██[38;2;16;67;84m██                                                                                              
                                                          [38;2;8;25;25m██[38;2;86;103;103m██[38;2;68;153;187m██[38;2;46;131;165m██[38;2;56;107;141m██[38;2;68;119;153m██[38;2;73;141;209m██[38;2;85;153;221m██[38;2;83;165;231m██[38;2;71;153;219m██[38;2;71;153;219m██[38;2;71;153;219m██[38;2;60;128;162m██[38;2;22;90;124m██[38;2;16;67;84m██[38;2;52;103;120m██[38;2;86;154;188m██[38;2;86;154;188m██[38;2;52;103;120m██[38;2;0;25;42m██                                                                                              
                                                            [38;2;86;103;103m██[38;2;56;141;175m██[38;2;56;141;175m██[38;2;68;119;153m██[38;2;46;97;131m██[38;2;63;131;199m██[38;2;63;131;199m██[38;2;49;131;197m██[38;2;71;153;219m██[38;2;83;165;231m██[38;2;61;143;209m██[38;2;42;110;144m██[38;2;22;90;124m██[38;2;52;103;120m██[38;2;94;145;162m██[38;2;86;154;188m██[38;2;86;154;188m██[38;2;52;103;120m██                                                                                                
                                                            [38;2;52;69;69m██[38;2;94;111;111m██[38;2;94;111;111m██[38;2;60;111;145m██[38;2;60;111;145m██[38;2;73;141;192m██[38;2;63;131;182m██[38;2;46;128;178m██[38;2;58;140;190m██[38;2;46;128;178m██[38;2;46;128;178m██[38;2;38;140;191m██[38;2;64;166;217m██[38;2;64;166;217m██[38;2;64;166;217m██[38;2;77;111;128m██[38;2;77;111;128m██[38;2;60;60;60m██                                                                                                
                                                              [38;2;16;33;33m██[38;2;52;69;69m██[38;2;42;93;127m██[38;2;60;111;145m██[38;2;85;153;204m██[38;2;85;153;204m██[38;2;58;140;190m██[38;2;24;106;156m██[38;2;24;106;156m██[38;2;58;140;190m██[38;2;64;166;217m██[38;2;64;166;217m██[38;2;38;140;191m██[38;2;9;111;162m██[38;2;35;69;86m██[38;2;35;69;86m██[38;2;18;18;18m██                                                                                                
                                                                  [38;2;22;73;107m██[38;2;80;131;165m██[38;2;85;153;204m██[38;2;85;153;204m██[38;2;40;114;164m██[38;2;20;94;144m██[38;2;40;114;164m██[38;2;78;152;202m██[38;2;77;128;145m██[38;2;35;86;103m██[38;2;35;86;103m██[38;2;0;8;25m██                                                                                                      
                                                                  [38;2;60;111;145m██[38;2;80;131;165m██[38;2;73;141;192m██[38;2;63;131;182m██[38;2;40;114;164m██[38;2;58;132;182m██[38;2;78;152;202m██[38;2;58;132;182m██[38;2;35;86;103m██[38;2;35;86;103m██[38;2;35;86;103m██                                                                                                        
                                                                [38;2;58;58;58m██[38;2;68;136;187m██[38;2;68;136;187m██[38;2;68;136;187m██[38;2;46;114;165m██[38;2;62;136;177m██[38;2;62;136;177m██[38;2;42;116;157m██[38;2;24;98;139m██[38;2;22;90;124m██[38;2;22;90;124m██[38;2;59;59;59m██                                                                                                        
                                                              [38;2;10;10;10m██[38;2;114;114;114m██[38;2;56;124;175m██[38;2;56;124;175m██[38;2;56;124;175m██[38;2;34;102;153m██[38;2;24;98;139m██[38;2;24;98;139m██[38;2;24;98;139m██[38;2;24;98;139m██[38;2;34;102;136m██[38;2;22;90;124m██[38;2;59;59;59m██                                                                                                        
                                                                [38;2;58;58;58m██[38;2;63;80;97m██[38;2;63;80;97m██[38;2;63;80;97m██[38;2;43;60;77m██[38;2;24;90;123m██[38;2;24;90;123m██[38;2;46;112;145m██[38;2;46;112;145m██[38;2;34;102;136m██[38;2;22;90;124m██[38;2;30;30;30m██                                                                                                        
                                                                  [38;2;25;42;59m██[38;2;43;60;77m██[38;2;5;22;39m██[38;2;5;22;39m██[38;2;58;124;157m██[38;2;46;112;145m██[38;2;46;112;145m██[38;2;58;124;157m██[38;2;34;102;136m██[38;2;34;102;136m██[38;2;4;4;4m██                                                                                                        
                                                                        [38;2;29;29;29m██[38;2;73;124;158m██[38;2;51;102;136m██[38;2;17;119;170m██[38;2;29;131;182m██[38;2;46;114;148m██[38;2;34;102;136m██[38;2;22;22;22m██                                                                                                        
                                                                        [38;2;29;29;29m██[38;2;73;124;158m██[38;2;51;102;136m██[38;2;17;119;170m██[38;2;39;141;192m██[38;2;56;124;158m██[38;2;34;102;136m██[38;2;22;22;22m██                                                                                                        
                                                                        [38;2;29;29;29m██[38;2;73;124;158m██[38;2;51;102;136m██[38;2;29;131;182m██[38;2;51;153;204m██[38;2;56;124;158m██[38;2;34;102;136m██[38;2;12;12;12m██                                                                                                        
                                                                        [38;2;29;29;29m██[38;2;85;136;170m██[38;2;73;124;158m██[38;2;39;141;192m██[38;2;51;153;204m██[38;2;56;124;158m██[38;2;34;102;136m██[38;2;34;34;34m██                                                                                                        
                                                                        [38;2;29;29;29m██[38;2;73;141;175m██[38;2;85;153;187m██[38;2;39;158;226m██[38;2;51;170;238m██[38;2;39;141;192m██[38;2;17;119;170m██[38;2;76;76;76m██                                                                                                        
                                                                        [38;2;29;29;29m██[38;2;73;141;175m██[38;2;85;153;187m██[38;2;51;170;238m██[38;2;51;170;238m██[38;2;51;153;204m██[38;2;17;119;170m██[38;2;76;76;76m██                                                                                                        
                                                                        [38;2;29;29;29m██[38;2;73;141;175m██[38;2;85;153;187m██[38;2;51;170;238m██[38;2;51;170;238m██[38;2;51;153;204m██[38;2;17;119;170m██[38;2;76;76;76m██                                                                                                        
                                                                        [38;2;29;29;29m██[38;2;73;141;175m██[38;2;85;153;187m██[38;2;51;170;238m██[38;2;51;170;238m██[38;2;51;153;204m██[38;2;29;131;182m██[38;2;76;76;76m██                                                                                                        
                                                                        [38;2;69;69;69m██[38;2;53;155;206m██[38;2;59;161;212m██[38;2;59;178;246m██[38;2;53;172;240m██[38;2;51;170;238m██[38;2;17;136;204m██[38;2;60;111;128m██[38;2;22;73;90m██                                                                                                      
                                                                        [38;2;111;111;111m██[38;2;53;155;206m██[38;2;59;161;212m██[38;2;59;178;246m██[38;2;49;168;236m██[38;2;51;170;238m██[38;2;29;148;216m██[38;2;60;111;128m██[38;2;42;93;110m██                                                                                                      
                                                                        [38;2;111;111;111m██[38;2;53;155;206m██[38;2;59;161;212m██[38;2;59;178;246m██[38;2;49;168;236m██[38;2;51;170;238m██[38;2;39;158;226m██[38;2;60;111;128m██[38;2;42;93;110m██[38;2;34;34;34m██                              [38;2;26;43;43m██[38;2;55;72;72m██[38;2;26;43;43m██[38;2;26;43;43m██[38;2;10;10;10m██                    [38;2;10;10;10m██[38;2;26;26;26m██[38;2;26;26;26m██[38;2;55;55;55m██[38;2;55;55;55m██                              
                                                  [38;2;58;58;58m██[38;2;114;114;114m██[38;2;58;58;58m██              [38;2;33;33;33m██[38;2;111;111;111m██[38;2;49;151;202m██[38;2;53;155;206m██[38;2;53;172;240m██[38;2;49;168;236m██[38;2;51;170;238m██[38;2;51;170;238m██[38;2;80;131;148m██[38;2;42;93;110m██[38;2;76;76;76m██                        [38;2;17;17;17m██[38;2;34;34;34m██[38;2;76;76;76m██[38;2;110;127;127m██[38;2;110;127;127m██[38;2;110;127;127m██[38;2;110;127;127m██[38;2;114;114;114m██[38;2;58;58;58m██[38;2;58;58;58m██[38;2;58;58;58m██[38;2;25;25;25m██[38;2;13;13;13m██[38;2;21;21;21m██[38;2;50;50;50m██[38;2;58;58;58m██[38;2;58;58;58m██[38;2;58;58;58m██[38;2;114;114;114m██[38;2;110;110;110m██[38;2;110;110;110m██[38;2;110;110;110m██[38;2;81;81;81m██                              
                                                [38;2;24;24;24m██[38;2;97;131;148m██[38;2;77;111;128m██[38;2;33;118;152m██[38;2;0;76;110m██            [38;2;26;77;111m██[38;2;81;132;166m██[38;2;48;139;197m██[38;2;66;157;215m██[38;2;57;173;239m██[38;2;51;167;233m██[38;2;47;163;229m██[38;2;51;167;233m██[38;2;58;157;207m██[38;2;20;119;169m██[38;2;64;81;98m██[38;2;38;55;72m██[38;2;9;26;43m██                [38;2;16;16;16m██[38;2;43;77;111m██[38;2;72;106;140m██[38;2;98;132;166m██[38;2;98;132;166m██[38;2;85;136;153m██[38;2;73;124;141m██[38;2;63;114;131m██[38;2;73;124;141m██[38;2;90;107;107m██[38;2;90;107;107m██[38;2;102;119;119m██[38;2;102;119;119m██[38;2;107;107;107m██[38;2;107;107;107m██[38;2;107;107;107m██[38;2;145;145;145m██[38;2;139;139;139m██[38;2;139;139;139m██[38;2;139;139;139m██[38;2;157;157;157m██[38;2;162;162;162m██[38;2;120;120;120m██[38;2;84;84;84m██[38;2;42;42;42m██                              
                                                [38;2;24;24;24m██[38;2;77;111;128m██[38;2;77;111;128m██[38;2;33;118;152m██[38;2;33;118;152m██[38;2;52;69;69m██          [38;2;55;106;140m██[38;2;81;132;166m██[38;2;48;139;197m██[38;2;66;157;215m██[38;2;57;173;239m██[38;2;51;167;233m██[38;2;47;163;229m██[38;2;47;163;229m██[38;2;58;157;207m██[38;2;40;139;189m██[38;2;64;81;98m██[38;2;93;110;127m██[38;2;93;110;127m██[38;2;38;55;72m██[38;2;29;29;29m██        [38;2;16;16;16m██[38;2;94;94;94m██[38;2;94;94;94m██[38;2;98;132;166m██[38;2;98;132;166m██[38;2;72;106;140m██[38;2;98;132;166m██[38;2;85;136;153m██[38;2;85;136;153m██[38;2;85;136;153m██[38;2;73;124;141m██[38;2;90;107;107m██[38;2;80;97;97m██[38;2;80;97;97m██[38;2;90;107;107m██[38;2;127;127;127m██[38;2;145;145;145m██[38;2;145;145;145m██[38;2;145;145;145m██[38;2;161;161;161m██[38;2;151;151;151m██[38;2;157;157;157m██[38;2;177;177;177m██[38;2;162;162;162m██[38;2;120;120;120m██[38;2;84;84;84m██[38;2;42;42;42m██                              
                                                  [38;2;59;93;110m██[38;2;97;131;148m██[38;2;69;154;188m██[38;2;33;118;152m██[38;2;94;111;111m██[38;2;52;69;69m██      [38;2;10;10;10m██[38;2;81;132;166m██[38;2;81;132;166m██[38;2;48;139;197m██[38;2;66;157;215m██[38;2;57;173;239m██[38;2;47;163;229m██[38;2;47;163;229m██[38;2;51;167;233m██[38;2;58;157;207m██[38;2;40;139;189m██[38;2;59;110;127m██[38;2;39;90;107m██[38;2;59;110;127m██[38;2;77;128;145m██[38;2;102;119;136m██[38;2;80;97;114m██[38;2;68;85;102m██[38;2;68;85;102m██[38;2;68;119;136m██[38;2;90;141;158m██[38;2;90;141;158m██[38;2;80;131;148m██[38;2;107;124;141m██[38;2;127;144;161m██[38;2;145;162;179m██[38;2;127;144;161m██[38;2;115;115;115m██[38;2;115;115;115m██[38;2;115;115;115m██[38;2;115;115;115m██[38;2;107;107;107m██[38;2;127;127;127m██[38;2;127;127;127m██[38;2;145;145;145m██[38;2;162;162;162m██[38;2;168;168;168m██[38;2;168;168;168m██[38;2;172;172;172m██[38;2;173;173;173m██[38;2;173;173;173m██[38;2;177;177;177m██[38;2;157;157;157m██[38;2;131;131;131m██[38;2;75;75;75m██[38;2;27;27;27m██                                
                                                  [38;2;39;73;90m██[38;2;97;131;148m██[38;2;69;154;188m██[38;2;69;154;188m██[38;2;94;111;111m██[38;2;94;111;111m██[38;2;77;77;77m██[38;2;77;77;77m██[38;2;58;58;58m██[38;2;114;114;114m██[38;2;81;132;166m██[38;2;81;132;166m██[38;2;48;139;197m██[38;2;66;157;215m██[38;2;51;167;233m██[38;2;47;163;229m██[38;2;47;163;229m██[38;2;51;167;233m██[38;2;58;157;207m██[38;2;40;139;189m██[38;2;77;128;145m██[38;2;39;90;107m██[38;2;77;128;145m██[38;2;97;148;165m██[38;2;102;119;136m██[38;2;102;119;136m██[38;2;102;119;136m██[38;2;102;119;136m██[38;2;80;131;148m██[38;2;90;141;158m██[38;2;90;141;158m██[38;2;102;153;170m██[38;2;145;162;179m██[38;2;165;182;199m██[38;2;165;182;199m██[38;2;165;182;199m██[38;2;115;115;115m██[38;2;89;89;89m██[38;2;115;115;115m██[38;2;144;144;144m██[38;2;145;145;145m██[38;2;145;145;145m██[38;2;165;165;165m██[38;2;165;165;165m██[38;2;168;168;168m██[38;2;168;168;168m██[38;2;168;168;168m██[38;2;168;168;168m██[38;2;173;173;173m██[38;2;173;173;173m██[38;2;157;157;157m██[38;2;119;119;119m██[38;2;75;75;75m██[38;2;27;27;27m██                                  
                                                  [38;2;52;52;52m██[38;2;94;94;94m██[38;2;60;162;196m██[38;2;80;182;216m██[38;2;63;165;216m██[38;2;51;153;204m██[38;2;51;153;204m██[38;2;63;165;216m██[38;2;57;164;222m██[38;2;47;154;212m██[38;2;65;140;197m██[38;2;55;130;187m██[38;2;73;141;192m██[38;2;85;153;204m██[38;2;49;168;236m██[38;2;43;162;230m██[38;2;42;161;212m██[38;2;42;161;212m██[38;2;68;136;187m██[38;2;56;124;175m██[38;2;98;114;123m██[38;2;98;114;123m██[38;2;123;123;123m██[38;2;161;161;161m██[38;2;169;186;194m██[38;2;143;160;168m██[38;2;114;131;139m██[38;2;114;131;139m██[38;2;144;144;152m██[38;2;164;164;172m██[38;2;173;173;173m██[38;2;183;183;183m██[38;2;189;189;189m██[38;2;183;183;183m██[38;2;179;179;179m██[38;2;183;183;183m██[38;2;152;152;152m██[38;2;110;110;110m██[38;2;120;120;120m██[38;2;162;162;162m██[38;2;166;166;166m██[38;2;166;166;166m██[38;2;170;170;170m██[38;2;170;170;170m██[38;2;170;170;170m██[38;2;170;170;170m██[38;2;170;170;170m██[38;2;170;170;170m██[38;2;165;165;165m██[38;2;165;165;165m██[38;2;127;127;127m██[38;2;107;107;107m██[38;2;40;40;40m██                                    
                                                    [38;2;94;94;94m██[38;2;42;144;178m██[38;2;80;182;216m██[38;2;73;175;226m██[38;2;73;175;226m██[38;2;63;165;216m██[38;2;63;165;216m██[38;2;51;158;216m██[38;2;51;158;216m██[38;2;65;140;197m██[38;2;59;134;191m██[38;2;73;141;192m██[38;2;85;153;204m██[38;2;43;162;230m██[38;2;49;168;236m██[38;2;42;161;212m██[38;2;22;141;192m██[38;2;34;102;153m██[38;2;46;114;165m██[38;2;98;114;123m██[38;2;153;169;178m██[38;2;123;123;123m██[38;2;123;123;123m██[38;2;169;186;194m██[38;2;169;186;194m██[38;2;169;186;194m██[38;2;169;186;194m██[38;2;182;182;190m██[38;2;182;182;190m██[38;2;189;189;189m██[38;2;183;183;183m██[38;2;189;189;189m██[38;2;179;179;179m██[38;2;173;173;173m██[38;2;183;183;183m██[38;2;188;188;188m██[38;2;152;152;152m██[38;2;84;84;84m██[38;2;120;120;120m██[38;2;166;166;166m██[38;2;166;166;166m██[38;2;170;170;170m██[38;2;170;170;170m██[38;2;170;170;170m██[38;2;170;170;170m██[38;2;170;170;170m██[38;2;170;170;170m██[38;2;165;165;165m██[38;2;165;165;165m██[38;2;127;127;127m██[38;2;107;107;107m██[38;2;96;96;96m██                                    
                                                    [38;2;52;52;52m██[38;2;42;144;178m██[38;2;60;162;196m██[38;2;53;189;240m██[38;2;49;185;236m██[38;2;49;185;236m██[38;2;49;185;236m██[38;2;57;164;222m██[38;2;57;164;222m██[38;2;59;134;191m██[38;2;59;134;191m██[38;2;63;131;182m██[38;2;73;141;192m██[38;2;43;162;230m██[38;2;49;168;236m██[38;2;60;179;230m██[38;2;42;161;212m██[38;2;56;124;175m██[38;2;56;124;175m██[38;2;127;143;152m██[38;2;182;198;207m██[38;2;141;141;141m██[38;2;103;103;103m██[38;2;147;147;147m██[38;2;183;183;183m██[38;2;183;183;183m██[38;2;183;183;183m██[38;2;182;182;190m██[38;2;182;182;190m██[38;2;183;183;183m██[38;2;183;183;183m██[38;2;178;178;178m██[38;2;168;168;168m██[38;2;168;168;168m██[38;2;190;190;190m██[38;2;188;188;188m██[38;2;188;188;188m██[38;2;120;120;120m██[38;2;84;84;84m██[38;2;130;130;130m██[38;2;166;166;166m██[38;2;170;170;170m██[38;2;170;170;170m██[38;2;177;177;177m██[38;2;177;177;177m██[38;2;177;177;177m██[38;2;157;157;157m██[38;2;110;110;110m██[38;2;81;81;81m██[38;2;81;81;81m██[38;2;81;81;81m██[38;2;55;55;55m██                                    
                                                      [38;2;22;124;158m██[38;2;42;144;178m██[38;2;49;185;236m██[38;2;49;185;236m██[38;2;49;185;236m██[38;2;49;185;236m██[38;2;57;164;222m██[38;2;51;158;216m██[38;2;49;124;181m██[38;2;49;124;181m██[38;2;51;119;170m██[38;2;63;131;182m██[38;2;43;162;230m██[38;2;49;168;236m██[38;2;60;179;230m██[38;2;60;179;230m██[38;2;68;136;187m██[38;2;68;136;187m██[38;2;153;169;178m██[38;2;182;198;207m██[38;2;161;161;161m██[38;2;123;123;123m██[38;2;105;105;105m██[38;2;147;147;147m██[38;2;183;183;183m██[38;2;183;183;183m██[38;2;164;164;172m██[38;2;164;164;172m██[38;2;173;173;173m██[38;2;173;173;173m██[38;2;156;156;156m██[38;2;156;156;156m██[38;2;178;178;178m██[38;2;190;190;190m██[38;2;188;188;188m██[38;2;188;188;188m██[38;2;120;120;120m██[38;2;84;84;84m██[38;2;88;88;88m██[38;2;130;130;130m██[38;2;148;148;148m██[38;2;170;170;170m██[38;2;157;157;157m██[38;2;139;139;139m██[38;2;139;139;139m██[38;2;119;119;119m██[38;2;81;81;81m██[38;2;26;26;26m██[38;2;26;26;26m██                                        
                                                      [38;2;41;58;58m██[38;2;97;114;114m██[38;2;25;144;195m██[38;2;63;182;233m██[38;2;63;182;233m██[38;2;63;182;233m██[38;2;63;165;216m██[38;2;63;165;216m██[38;2;72;123;157m██[38;2;72;123;157m██[38;2;76;127;161m██[38;2;76;127;161m██[38;2;39;158;226m██[38;2;51;170;238m██[38;2;68;170;221m██[38;2;68;170;221m██[38;2;107;124;141m██[38;2;127;144;161m██[38;2;191;191;191m██[38;2;187;187;187m██[38;2;170;170;170m██[38;2;148;148;148m██[38;2;110;110;110m██[38;2;110;110;110m██[38;2;149;149;149m██[38;2;169;169;169m██[38;2;156;156;156m██[38;2;156;156;156m██[38;2;156;156;156m██[38;2;150;150;150m██[38;2;136;136;136m██[38;2;148;148;148m██[38;2;185;185;185m██[38;2;189;189;189m██[38;2;185;185;185m██[38;2;185;185;185m██[38;2;145;145;145m██[38;2;107;107;107m██[38;2;28;28;28m██[38;2;54;54;54m██[38;2;93;93;93m██[38;2;93;93;93m██[38;2;121;121;121m██[38;2;65;65;65m██[38;2;58;58;58m██[38;2;58;58;58m██[38;2;42;42;42m██                                            
                                                        [38;2;41;58;58m██[38;2;5;124;175m██[38;2;25;144;195m██[38;2;43;162;213m██[38;2;43;162;213m██[38;2;63;165;216m██[38;2;63;165;216m██[38;2;72;123;157m██[38;2;98;149;183m██[38;2;94;145;179m██[38;2;94;145;179m██[38;2;51;170;238m██[38;2;51;170;238m██[38;2;68;170;221m██[38;2;46;148;199m██[38;2;107;124;141m██[38;2;145;162;179m██[38;2;197;197;197m██[38;2;187;187;187m██[38;2;182;182;182m██[38;2;148;148;148m██[38;2;120;120;120m██[38;2;98;98;98m██[38;2;131;131;131m██[38;2;149;149;149m██[38;2;146;146;146m██[38;2;140;140;140m██[38;2;140;140;140m██[38;2;140;140;140m██[38;2;136;136;136m██[38;2;170;170;170m██[38;2;189;189;189m██[38;2;189;189;189m██[38;2;185;185;185m██[38;2;185;185;185m██[38;2;165;165;165m██[38;2;107;107;107m██[38;2;54;54;54m██  [38;2;15;15;15m██[38;2;51;51;51m██[38;2;65;65;65m██[38;2;65;65;65m██[38;2;29;29;29m██                                                
                                                          [38;2;21;38;55m██[38;2;76;93;110m██[38;2;76;93;110m██[38;2;76;93;110m██[38;2;43;145;196m██[38;2;43;145;196m██[38;2;72;123;157m██[38;2;98;149;183m██[38;2;94;145;179m██[38;2;94;145;179m██[38;2;39;158;226m██[38;2;51;170;238m██[38;2;56;158;209m██[38;2;34;136;187m██[38;2;127;144;161m██[38;2;165;182;199m██[38;2;191;191;191m██[38;2;187;187;187m██[38;2;182;182;182m██[38;2;160;160;160m██[38;2;132;132;132m██[38;2;98;98;98m██[38;2;111;111;111m██[38;2;131;131;131m██[38;2;134;134;134m██[38;2;134;134;134m██[38;2;134;134;134m██[38;2;130;130;130m██[38;2;136;136;136m██[38;2;170;170;170m██[38;2;195;195;195m██[38;2;185;185;185m██[38;2;185;185;185m██[38;2;189;189;189m██[38;2;165;165;165m██[38;2;107;107;107m██[38;2;83;83;83m██                                                            
                                                              [38;2;21;38;55m██[38;2;47;64;81m██[38;2;5;107;158m██[38;2;25;127;178m██[38;2;43;94;128m██[38;2;98;149;183m██[38;2;114;165;199m██[38;2;94;145;179m██[38;2;39;158;226m██[38;2;39;158;226m██[38;2;34;136;187m██[38;2;34;136;187m██[38;2;145;162;179m██[38;2;165;182;199m██[38;2;187;187;187m██[38;2;187;187;187m██[38;2;182;182;182m██[38;2;170;170;170m██[38;2;132;132;132m██[38;2;98;98;98m██[38;2;111;111;111m██[38;2;131;131;131m██[38;2;140;140;140m██[38;2;134;134;134m██[38;2;140;140;140m██[38;2;130;130;130m██[38;2;136;136;136m██[38;2;158;158;158m██[38;2;195;195;195m██[38;2;185;185;185m██[38;2;185;185;185m██[38;2;189;189;189m██[38;2;165;165;165m██[38;2;127;127;127m██[38;2;83;83;83m██[38;2;28;28;28m██                                                          
                                                                    [38;2;97;97;97m██[38;2;59;76;93m██[38;2;97;114;131m██[38;2;165;165;165m██[38;2;127;127;127m██[38;2;68;136;153m██[38;2;46;114;131m██[38;2;77;77;77m██[38;2;132;132;132m██[38;2;179;179;179m██[38;2;189;189;189m██[38;2;186;186;186m██[38;2;186;186;186m██[38;2;186;186;186m██[38;2;164;164;164m██[38;2;111;111;111m██[38;2;93;93;93m██[38;2;131;131;131m██[38;2;131;131;131m██[38;2;119;119;119m██[38;2;119;119;119m██[38;2;119;119;119m██[38;2;107;107;107m██[38;2;89;89;89m██[38;2;144;144;144m██[38;2;199;199;199m██[38;2;179;179;179m██[38;2;186;186;186m██[38;2;186;186;186m██[38;2;173;173;173m██[38;2;139;139;139m██[38;2;97;97;97m██[38;2;39;39;39m██                                                          
                                                                    [38;2;41;41;41m██[38;2;77;94;111m██[38;2;77;94;111m██[38;2;145;145;145m██[38;2;145;145;145m██[38;2;56;124;141m██[38;2;34;102;119m██[38;2;106;106;106m██[38;2;132;132;132m██[38;2;185;185;185m██[38;2;189;189;189m██[38;2;186;186;186m██[38;2;186;186;186m██[38;2;186;186;186m██[38;2;164;164;164m██[38;2;111;111;111m██[38;2;93;93;93m██[38;2;111;111;111m██[38;2;111;111;111m██[38;2;119;119;119m██[38;2;119;119;119m██[38;2;107;107;107m██[38;2;85;85;85m██[38;2;89;89;89m██[38;2;144;144;144m██[38;2;199;199;199m██[38;2;179;179;179m██[38;2;186;186;186m██[38;2;186;186;186m██[38;2;173;173;173m██[38;2;139;139;139m██[38;2;97;97;97m██[38;2;39;39;39m██                                                          
                                                                      [38;2;77;94;111m██[38;2;77;94;111m██[38;2;127;127;127m██[38;2;145;145;145m██[38;2;68;136;153m██[38;2;46;114;131m██[38;2;106;106;106m██[38;2;161;161;161m██[38;2;189;189;189m██[38;2;189;189;189m██[38;2;186;186;186m██[38;2;186;186;186m██[38;2;186;186;186m██[38;2;160;160;160m██[38;2;93;93;93m██[38;2;64;64;64m██[38;2;64;64;64m██[38;2;93;93;93m██[38;2;141;141;141m██[38;2;153;153;153m██[38;2;131;131;131m██[38;2;119;119;119m██[38;2;89;89;89m██[38;2;89;89;89m██[38;2;179;179;179m██[38;2;199;199;199m██[38;2;186;186;186m██[38;2;186;186;186m██[38;2;173;173;173m██[38;2;151;151;151m██[38;2;97;97;97m██[38;2;77;77;77m██                                                          
                                                                      [38;2;39;56;73m██[38;2;97;114;131m██[38;2;127;127;127m██[38;2;127;127;127m██[38;2;56;124;141m██[38;2;34;102;119m██[38;2;106;106;106m██[38;2;161;161;161m██[38;2;189;189;189m██[38;2;189;189;189m██[38;2;186;186;186m██[38;2;186;186;186m██[38;2;186;186;186m██[38;2;131;131;131m██[38;2;64;64;64m██    [38;2;93;93;93m██[38;2;153;153;153m██[38;2;153;153;153m██[38;2;141;141;141m██[38;2;131;131;131m██[38;2;115;115;115m██[38;2;89;89;89m██[38;2;141;141;141m██[38;2;199;199;199m██[38;2;186;186;186m██[38;2;186;186;186m██[38;2;173;173;173m██[38;2;161;161;161m██[38;2;97;97;97m██[38;2;77;77;77m██[38;2;17;17;17m██                                                        
                                                                        [38;2;88;88;88m██[38;2;132;132;132m██[38;2;132;132;132m██[38;2;106;106;106m██[38;2;77;77;77m██[38;2;60;60;60m██[38;2;115;115;115m██[38;2;188;188;188m██[38;2;188;188;188m██[38;2;185;185;185m██[38;2;189;189;189m██[38;2;161;161;161m██[38;2;106;106;106m██[38;2;45;45;45m██    [38;2;25;25;25m██[38;2;103;103;103m██[38;2;103;103;103m██[38;2;145;145;145m██[38;2;145;145;145m██[38;2;120;120;112m██[38;2;98;98;90m██[38;2;97;97;97m██[38;2;175;175;175m██[38;2;195;195;195m██[38;2;185;185;185m██[38;2;185;185;185m██[38;2;179;179;179m██[38;2;128;128;128m██[38;2;90;90;90m██[38;2;64;64;64m██                                                        
                                                                        [38;2;32;32;32m██[38;2;132;132;132m██[38;2;161;161;161m██[38;2;161;161;161m██[38;2;106;106;106m██[38;2;60;60;60m██[38;2;89;89;89m██[38;2;152;152;152m██[38;2;188;188;188m██[38;2;189;189;189m██[38;2;185;185;185m██[38;2;161;161;161m██[38;2;106;106;106m██[38;2;25;25;25m██      [38;2;25;25;25m██[38;2;67;67;67m██[38;2;103;103;103m██[38;2;103;103;103m██[38;2;132;132;124m██[38;2;110;110;102m██[38;2;97;97;97m██[38;2;133;133;133m██[38;2;189;189;189m██[38;2;189;189;189m██[38;2;189;189;189m██[38;2;179;179;179m██[38;2;148;148;148m██[38;2;90;90;90m██[38;2;93;93;93m██[38;2;38;38;38m██                                                      
                                                                          [38;2;94;94;94m██[38;2;149;149;149m██[38;2;178;178;178m██[38;2;178;178;178m██[38;2;115;115;115m██[38;2;89;89;89m██[38;2;152;152;152m██[38;2;188;188;188m██[38;2;189;189;189m██[38;2;179;179;179m██[38;2;132;132;132m██[38;2;77;77;77m██            [38;2;35;35;35m██[38;2;77;77;77m██[38;2;110;110;102m██[38;2;120;120;112m██[38;2;97;97;97m██[38;2;97;97;97m██[38;2;132;132;132m██[38;2;161;161;161m██[38;2;161;161;161m██[38;2;161;161;161m██[38;2;148;148;148m██[38;2;128;128;128m██[38;2;93;93;93m██[38;2;64;64;64m██                                                      
                                                                          [38;2;94;94;94m██[38;2;123;123;123m██[38;2;178;178;178m██[38;2;178;178;178m██[38;2;144;144;144m██[38;2;89;89;89m██[38;2;110;110;110m██[38;2;152;152;152m██[38;2;189;189;189m██[38;2;179;179;179m██[38;2;106;106;106m██[38;2;77;77;77m██              [38;2;0;0;0m██[38;2;98;98;90m██[38;2;132;132;124m██[38;2;133;133;133m██[38;2;97;97;97m██[38;2;77;77;77m██[38;2;106;106;106m██[38;2;132;132;132m██[38;2;132;132;132m██[38;2;128;128;128m██[38;2;128;128;128m██[38;2;93;93;93m██[38;2;93;93;93m██[38;2;24;24;24m██                                                    
                                                                          [38;2;81;81;98m██[38;2;110;110;127m██[38;2;123;140;157m██[38;2;178;195;212m██[38;2;178;178;178m██[38;2;94;94;94m██[38;2;76;93;127m██[38;2;114;131;165m██[38;2;182;182;199m██[38;2;162;162;179m██[38;2;93;93;93m██[38;2;38;38;38m██              [38;2;52;52;52m██[38;2;136;136;136m██[38;2;158;158;158m██[38;2;128;128;128m██[38;2;86;86;86m██  [38;2;15;15;15m██[38;2;51;51;51m██[38;2;93;93;93m██[38;2;116;116;116m██[38;2;136;136;136m██[38;2;116;116;116m██[38;2;78;78;78m██[38;2;29;29;29m██                                                    
                                                                          [38;2;26;26;43m██[38;2;110;110;127m██[38;2;123;140;157m██[38;2;178;195;212m██[38;2;178;178;178m██[38;2;94;94;94m██[38;2;56;73;107m██[38;2;114;131;165m██[38;2;182;182;199m██[38;2;144;144;161m██[38;2;93;93;93m██[38;2;9;9;9m██              [38;2;52;52;52m██[38;2;148;148;148m██[38;2;170;170;170m██[38;2;128;128;128m██[38;2;50;50;50m██      [38;2;51;51;51m██[38;2;98;98;98m██[38;2;136;136;136m██[38;2;136;136;136m██[38;2;78;78;78m██[38;2;29;29;29m██                                                    
                                                                            [38;2;110;110;127m██[38;2;94;111;128m██[38;2;149;166;183m██[38;2;178;178;178m██[38;2;123;123;123m██[38;2;56;73;107m██[38;2;114;131;165m██[38;2;182;182;199m██[38;2;144;144;161m██[38;2;64;64;64m██                [38;2;52;52;52m██[38;2;148;148;148m██[38;2;158;158;158m██[38;2;86;86;86m██[38;2;50;50;50m██        [38;2;119;119;119m██[38;2;174;174;174m██[38;2;145;145;145m██[38;2;90;90;90m██[38;2;29;29;29m██                                                    
                                                                            [38;2;110;110;127m██[38;2;94;111;128m██[38;2;123;140;157m██[38;2;178;178;178m██[38;2;123;123;123m██[38;2;76;93;127m██[38;2;114;131;165m██[38;2;162;162;179m██[38;2;124;124;141m██[38;2;64;64;64m██                [38;2;94;94;94m██[38;2;170;170;170m██[38;2;148;148;148m██[38;2;86;86;86m██          [38;2;119;119;119m██[38;2;174;174;174m██[38;2;145;145;145m██[38;2;90;90;90m██[38;2;29;29;29m██                                                    
                                                                            [38;2;123;123;123m██[38;2;94;111;145m██[38;2;114;131;165m██[38;2;119;152;194m██[38;2;99;132;174m██[38;2;73;114;172m██[38;2;91;132;190m██[38;2;132;149;166m██[38;2;106;123;140m██[38;2;64;64;64m██                [38;2;103;103;103m██[38;2;161;161;161m██[38;2;132;132;132m██[38;2;59;59;59m██          [38;2;111;111;111m██[38;2;169;169;169m██[38;2;148;156;156m██[38;2;82;90;90m██[38;2;29;29;29m██                                                    
                                                                            [38;2;50;50;50m██[38;2;76;93;127m██[38;2;94;111;145m██[38;2;99;132;174m██[38;2;81;114;156m██[38;2;73;114;172m██[38;2;111;152;210m██[38;2;132;149;166m██[38;2;106;123;140m██[38;2;93;93;93m██[38;2;9;9;9m██            [38;2;25;25;25m██[38;2;145;145;145m██[38;2;161;161;161m██[38;2;106;106;106m██[38;2;59;59;59m██          [38;2;111;111;111m██[38;2;169;169;169m██[38;2;148;156;156m██[38;2;82;90;90m██[38;2;29;29;29m██                                                    
                                                                              [38;2;76;93;127m██[38;2;94;111;145m██[38;2;81;114;156m██[38;2;61;94;136m██[38;2;73;114;172m██[38;2;111;152;210m██[38;2;132;149;166m██[38;2;106;123;140m██[38;2;93;93;93m██[38;2;9;9;9m██            [38;2;67;67;67m██[38;2;145;145;145m██[38;2;132;132;132m██[38;2;106;106;106m██[38;2;30;30;30m██          [38;2;111;111;111m██[38;2;169;169;169m██[38;2;148;156;156m██[38;2;82;90;90m██[38;2;29;29;29m██                                                    
                                                                              [38;2;56;73;107m██[38;2;114;131;165m██[38;2;81;114;156m██[38;2;61;94;136m██[38;2;53;94;152m██[38;2;91;132;190m██[38;2;106;123;140m██[38;2;77;94;111m██[38;2;64;64;64m██              [38;2;103;103;103m██[38;2;145;145;145m██[38;2;132;132;132m██[38;2;77;77;77m██            [38;2;111;111;111m██[38;2;169;169;169m██[38;2;148;156;156m██[38;2;82;90;90m██[38;2;29;29;29m██                                                    
                                                                              [38;2;57;57;57m██[38;2;113;113;113m██[38;2;131;131;165m██[38;2;93;93;127m██[38;2;73;73;107m██[38;2;93;93;127m██[38;2;80;97;114m██[38;2;60;77;94m██[38;2;24;24;24m██              [38;2;124;124;124m██[38;2;162;162;162m██[38;2;121;121;121m██[38;2;65;65;65m██            [38;2;108;108;108m██[38;2;156;156;156m██[38;2;123;131;139m██[38;2;75;83;91m██[38;2;26;26;26m██                                                    
                                                                              [38;2;9;9;9m██[38;2;113;113;113m██[38;2;131;131;165m██[38;2;93;93;127m██[38;2;93;93;127m██[38;2;111;111;145m██[38;2;60;77;94m██[38;2;42;59;76m██              [38;2;52;52;52m██[38;2;144;144;144m██[38;2;144;144;144m██[38;2;121;121;121m██[38;2;65;65;65m██            [38;2;108;108;108m██[38;2;156;156;156m██[38;2;123;131;139m██[38;2;75;83;91m██[38;2;26;26;26m██                                                    
                                                                                [38;2;96;96;96m██[38;2;153;153;153m██[38;2;119;119;119m██[38;2;119;119;119m██[38;2;141;141;141m██[38;2;80;97;114m██[38;2;42;59;76m██              [38;2;94;94;94m██[38;2;162;162;162m██[38;2;144;144;144m██[38;2;84;84;84m██[38;2;42;42;42m██            [38;2;108;108;108m██[38;2;156;156;156m██[38;2;123;131;139m██[38;2;75;83;91m██[38;2;26;26;26m██                                                    
                                                                                [38;2;96;96;96m██[38;2;153;153;153m██[38;2;119;119;119m██[38;2;141;141;141m██[38;2;153;153;153m██[38;2;80;97;114m██[38;2;42;59;76m██              [38;2;94;94;94m██[38;2;162;162;162m██[38;2;124;124;124m██[38;2;84;84;84m██              [38;2;108;108;108m██[38;2;156;156;156m██[38;2;123;131;139m██[38;2;75;83;91m██[38;2;26;26;26m██                                                    
                                                                                [38;2;50;50;50m██[38;2;132;132;132m██[38;2;132;132;132m██[38;2;145;145;153m██[38;2;157;157;165m██[38;2;93;93;101m██[38;2;51;51;59m██            [38;2;73;73;81m██[38;2;128;128;136m██[38;2;157;157;165m██[38;2;128;128;136m██[38;2;58;58;58m██              [38;2;111;111;111m██[38;2;169;169;169m██[38;2;136;136;144m██[38;2;78;78;86m██[38;2;26;26;26m██                                                    
                                                                                [38;2;50;50;50m██[38;2;132;132;132m██[38;2;132;132;132m██[38;2;145;145;153m██[38;2;145;145;153m██[38;2;93;93;101m██[38;2;51;51;59m██            [38;2;73;73;81m██[38;2;157;157;165m██[38;2;157;157;165m██[38;2;102;102;110m██[38;2;58;58;58m██              [38;2;111;111;111m██[38;2;169;169;169m██[38;2;136;136;144m██[38;2;78;78;86m██[38;2;26;26;26m██                                                    
                                                                                [38;2;42;42;42m██[38;2;132;132;132m██[38;2;132;132;132m██[38;2;145;145;153m██[38;2;135;135;143m██[38;2;76;76;84m██              [38;2;110;110;119m██[38;2;165;165;174m██[38;2;136;136;145m██[38;2;81;81;90m██[38;2;24;24;24m██              [38;2;111;111;111m██[38;2;169;169;169m██[38;2;136;136;144m██[38;2;78;78;86m██[38;2;26;26;26m██                                                    
                                                                                [38;2;13;13;13m██[38;2;94;94;94m██[38;2;114;114;114m██[38;2;145;145;153m██[38;2;135;135;143m██[38;2;76;76;84m██            [38;2;42;42;42m██[38;2;136;136;145m██[38;2;165;165;174m██[38;2;136;136;145m██[38;2;81;81;90m██                [38;2;111;111;111m██[38;2;169;169;169m██[38;2;136;136;144m██[38;2;78;78;86m██[38;2;26;26;26m██                                                    
                                                                                  [38;2;73;73;73m██[38;2;111;111;111m██[38;2;153;153;153m██[38;2;141;141;141m██[38;2;75;75;75m██            [38;2;86;86;86m██[38;2;149;149;149m██[38;2;178;178;178m██[38;2;94;94;94m██[38;2;52;52;52m██                [38;2;123;123;123m██[38;2;178;178;178m██[38;2;131;131;148m██[38;2;73;73;90m██[38;2;29;29;29m██                                                    
                                                                                  [38;2;73;73;73m██[38;2;131;131;131m██[38;2;153;153;153m██[38;2;131;131;131m██[38;2;75;75;75m██            [38;2;128;128;128m██[38;2;178;178;178m██[38;2;149;149;149m██[38;2;94;94;94m██[38;2;16;16;16m██                [38;2;123;123;123m██[38;2;178;178;178m██[38;2;131;131;148m██[38;2;73;73;90m██[38;2;29;29;29m██                                                    
                                                                                  [38;2;73;73;73m██[38;2;131;131;131m██[38;2;153;153;153m██[38;2;119;119;119m██[38;2;75;75;75m██          [38;2;8;8;8m██[38;2;128;128;128m██[38;2;149;149;149m██[38;2;94;94;94m██[38;2;52;52;52m██                [38;2;21;21;21m██[38;2;123;123;123m██[38;2;178;178;178m██[38;2;131;131;148m██[38;2;73;73;90m██[38;2;29;29;29m██                                                    
                                                                                  [38;2;73;73;73m██[38;2;131;131;131m██[38;2;153;153;153m██[38;2;119;119;119m██[38;2;75;75;75m██          [38;2;50;50;50m██[38;2;128;128;128m██[38;2;94;94;94m██[38;2;94;94;94m██[38;2;16;16;16m██                [38;2;50;50;50m██[38;2;149;149;149m██[38;2;178;178;178m██[38;2;131;131;148m██[38;2;73;73;90m██                                                      
                                                                                  [38;2;90;90;90m██[38;2;174;174;174m██[38;2;149;157;165m██[38;2;94;102;110m██[38;2;69;69;69m██          [38;2;0;0;0m██[38;2;76;76;76m██[38;2;76;76;84m██[38;2;34;34;42m██                  [38;2;63;63;63m██[38;2;162;162;162m██[38;2;182;182;182m██[38;2;114;114;114m██[38;2;56;56;56m██                                                      
                                                                                  [38;2;90;90;90m██[38;2;174;174;174m██[38;2;149;157;165m██[38;2;65;73;81m██[38;2;69;69;69m██            [38;2;34;34;34m██[38;2;34;34;42m██                    [38;2;63;63;63m██[38;2;162;162;162m██[38;2;182;182;182m██[38;2;114;114;114m██[38;2;76;76;76m██[38;2;17;17;17m██                                                    
                                                                                  [38;2;90;90;90m██[38;2;174;174;174m██[38;2;149;157;165m██[38;2;65;73;81m██[38;2;69;69;69m██[38;2;33;33;33m██                                  [38;2;63;63;63m██[38;2;162;162;162m██[38;2;162;162;162m██[38;2;94;94;94m██[38;2;56;56;56m██                                                      
                                                                                [38;2;37;37;37m██[38;2;119;119;119m██[38;2;174;174;174m██[38;2;149;157;165m██[38;2;65;73;81m██[38;2;69;69;69m██[38;2;69;69;69m██                                  [38;2;63;63;63m██[38;2;124;124;124m██[38;2;124;124;124m██[38;2;76;76;76m██[38;2;56;56;56m██                                                      
                                                                                [38;2;34;34;34m██[38;2;136;136;136m██[38;2;170;170;170m██[38;2;110;127;144m██[38;2;55;72;89m██[38;2;66;75;83m██[38;2;37;46;54m██                                  [38;2;29;29;29m██[38;2;93;110;127m██[38;2;64;81;98m██[38;2;64;81;98m██[38;2;9;26;43m██                                                      
                                                                                [38;2;76;76;76m██[38;2;148;148;148m██[38;2;170;170;170m██[38;2;110;127;144m██[38;2;55;72;89m██[38;2;66;75;83m██[38;2;37;46;54m██                                    [38;2;64;81;98m██[38;2;64;81;98m██[38;2;38;55;72m██                                                        
                                                                                [38;2;104;104;104m██[38;2;170;170;170m██[38;2;170;170;170m██[38;2;110;127;144m██[38;2;26;43;60m██[38;2;76;76;84m██                                      [38;2;42;42;42m██[38;2;42;42;42m██[38;2;13;13;13m██                                                        
                                                                                [38;2;104;104;104m██[38;2;170;170;170m██[38;2;148;148;148m██[38;2;55;72;89m██[38;2;26;43;60m██[38;2;76;76;84m██                                                                                                    
                                                                                [38;2;94;94;94m██[38;2;110;127;144m██[38;2;81;98;115m██[38;2;59;76;76m██[38;2;59;76;76m██[38;2;42;42;42m██                                                                                                    
                                                                                [38;2;94;94;94m██[38;2;81;98;115m██[38;2;55;72;89m██[38;2;30;47;47m██[38;2;4;21;21m██                                                                                                      
                                                                                [38;2;52;52;52m██[38;2;81;98;115m██[38;2;55;72;89m██                                                                                                          
                                                                                [38;2;16;16;16m██[38;2;26;43;60m██[38;2;26;43;60m██                                                                                                          
