                                                [38;2;118;105;103m██[38;2;118;105;103m██[38;2;118;105;103m██[38;2;118;105;103m██[38;2;118;105;103m██                                        
                                            [38;2;118;105;103m██[38;2;118;105;103m██[38;2;247;234;225m██[38;2;247;234;225m██[38;2;247;234;225m██[38;2;247;234;225m██[38;2;247;234;225m██[38;2;118;105;103m██                                      
                                          [38;2;118;105;103m██[38;2;247;234;225m██[38;2;247;234;225m██[38;2;247;234;225m██[38;2;247;234;225m██[38;2;247;234;225m██[38;2;247;234;225m██[38;2;197;179;167m██[38;2;16;16;16m██                                      
                                          [38;2;118;105;103m██[38;2;118;105;103m██[38;2;247;234;225m██[38;2;247;234;225m██[38;2;197;179;167m██[38;2;118;105;103m██[38;2;16;16;16m██[38;2;16;16;16m██                                        
                                      [38;2;118;105;103m██[38;2;118;105;103m██[38;2;247;234;225m██[38;2;247;234;225m██[38;2;247;234;225m██[38;2;247;234;225m██[38;2;247;234;225m██[38;2;118;105;103m██                                            
                                    [38;2;118;105;103m██[38;2;247;234;225m██[38;2;247;234;225m██[38;2;247;234;225m██[38;2;247;234;225m██[38;2;247;234;225m██[38;2;247;234;225m██[38;2;247;234;225m██[38;2;247;234;225m██[38;2;16;16;16m██                                          
                                    [38;2;118;105;103m██[38;2;247;234;225m██[38;2;238;101;62m██[38;2;247;234;225m██[38;2;197;179;167m██[38;2;197;179;167m██[38;2;247;234;225m██[38;2;197;179;167m██[38;2;16;16;16m██                                            
                                  [38;2;106;39;30m██[38;2;238;101;62m██[38;2;184;54;48m██[38;2;184;54;48m██[38;2;247;234;225m██[38;2;247;234;225m██[38;2;247;234;225m██[38;2;16;16;16m██[38;2;16;16;16m██                                              
                                  [38;2;106;39;30m██[38;2;184;54;48m██[38;2;184;54;48m██[38;2;238;101;62m██[38;2;247;234;225m██[38;2;16;16;16m██[38;2;16;16;16m██                                                  
                              [38;2;5;80;60m██[38;2;5;80;60m██[38;2;5;80;60m██[38;2;184;54;48m██[38;2;5;80;60m██[38;2;5;80;60m██[38;2;5;80;60m██[38;2;5;80;60m██[38;2;5;80;60m██[38;2;5;80;60m██                                                
                        [38;2;5;80;60m██[38;2;5;80;60m██[38;2;5;80;60m██[38;2;1;168;122m██[38;2;1;168;122m██[38;2;12;116;85m██[38;2;12;116;85m██[38;2;1;168;122m██[38;2;1;168;122m██[38;2;1;168;122m██[38;2;1;168;122m██[38;2;1;168;122m██[38;2;1;168;122m██[38;2;5;80;60m██[38;2;5;80;60m██                                            
                    [38;2;5;80;60m██[38;2;5;80;60m██[38;2;1;168;122m██[38;2;1;168;122m██[38;2;1;168;122m██[38;2;1;168;122m██[38;2;12;116;85m██[38;2;1;168;122m██[38;2;1;168;122m██[38;2;1;168;122m██[38;2;1;168;122m██[38;2;1;168;122m██[38;2;1;168;122m██[38;2;1;168;122m██[38;2;1;168;122m██[38;2;12;116;85m██[38;2;12;116;85m██[38;2;5;80;60m██[38;2;5;80;60m██[38;2;5;80;60m██[38;2;5;80;60m██                                    
                  [38;2;5;80;60m██[38;2;1;168;122m██[38;2;1;168;122m██[38;2;1;168;122m██[38;2;1;168;122m██[38;2;1;168;122m██[38;2;1;168;122m██[38;2;1;168;122m██[38;2;1;168;122m██[38;2;1;168;122m██[38;2;1;168;122m██[38;2;1;168;122m██[38;2;1;168;122m██[38;2;1;168;122m██[38;2;1;168;122m██[38;2;12;116;85m██[38;2;1;168;122m██[38;2;1;168;122m██[38;2;1;168;122m██[38;2;1;168;122m██[38;2;1;168;122m██[38;2;16;16;16m██                                    
                [38;2;5;80;60m██[38;2;1;168;122m██[38;2;1;168;122m██[38;2;1;168;122m██[38;2;1;168;122m██[38;2;1;168;122m██[38;2;1;168;122m██[38;2;1;168;122m██[38;2;1;168;122m██[38;2;1;168;122m██[38;2;1;168;122m██[38;2;1;168;122m██[38;2;1;168;122m██[38;2;1;168;122m██[38;2;1;168;122m██[38;2;1;168;122m██[38;2;1;168;122m██[38;2;1;168;122m██[38;2;1;168;122m██[38;2;1;168;122m██[38;2;1;168;122m██[38;2;1;168;122m██[38;2;16;16;16m██                                    
              [38;2;5;80;60m██[38;2;1;168;122m██[38;2;1;168;122m██[38;2;12;116;85m██[38;2;1;168;122m██[38;2;1;168;122m██[38;2;1;168;122m██[38;2;1;168;122m██[38;2;1;168;122m██[38;2;1;168;122m██[38;2;1;168;122m██[38;2;1;168;122m██[38;2;1;168;122m██[38;2;12;116;85m██[38;2;1;168;122m██[38;2;1;168;122m██[38;2;1;168;122m██[38;2;1;168;122m██[38;2;1;168;122m██[38;2;1;168;122m██[38;2;1;168;122m██[38;2;1;168;122m██[38;2;16;16;16m██                                      
              [38;2;5;80;60m██[38;2;1;168;122m██[38;2;12;116;85m██[38;2;5;80;60m██[38;2;1;168;122m██[38;2;1;168;122m██[38;2;1;168;122m██[38;2;1;168;122m██[38;2;1;168;122m██[38;2;1;168;122m██[38;2;1;168;122m██[38;2;1;168;122m██[38;2;12;116;85m██[38;2;1;168;122m██[38;2;1;168;122m██[38;2;1;168;122m██[38;2;1;168;122m██[38;2;1;168;122m██[38;2;1;168;122m██[38;2;1;168;122m██[38;2;1;168;122m██[38;2;1;168;122m██[38;2;16;16;16m██                                      
            [38;2;5;80;60m██[38;2;1;168;122m██[38;2;12;116;85m██[38;2;5;80;60m██[38;2;1;168;122m██[38;2;1;168;122m██[38;2;1;168;122m██[38;2;1;168;122m██[38;2;1;168;122m██[38;2;1;168;122m██[38;2;1;168;122m██[38;2;1;168;122m██[38;2;5;80;60m██[38;2;12;116;85m██[38;2;1;168;122m██[38;2;1;168;122m██[38;2;1;168;122m██[38;2;1;168;122m██[38;2;1;168;122m██[38;2;1;168;122m██[38;2;1;168;122m██[38;2;1;168;122m██[38;2;16;16;16m██                                        
            [38;2;5;80;60m██[38;2;12;116;85m██[38;2;12;116;85m██[38;2;16;16;16m██[38;2;1;168;122m██[38;2;1;168;122m██[38;2;1;168;122m██[38;2;1;168;122m██[38;2;1;168;122m██[38;2;1;168;122m██[38;2;16;16;16m██[38;2;16;16;16m██[38;2;5;80;60m██[38;2;1;168;122m██[38;2;1;168;122m██[38;2;1;168;122m██[38;2;1;168;122m██[38;2;1;168;122m██[38;2;1;168;122m██[38;2;1;168;122m██[38;2;1;168;122m██[38;2;12;116;85m██[38;2;5;80;60m██[38;2;5;80;60m██[38;2;5;80;60m██[38;2;5;80;60m██[38;2;5;80;60m██                                
          [38;2;5;80;60m██[38;2;12;116;85m██[38;2;12;116;85m██[38;2;12;116;85m██[38;2;16;16;16m██[38;2;1;168;122m██[38;2;1;168;122m██[38;2;16;16;16m██[38;2;16;16;16m██[38;2;16;16;16m██[38;2;16;16;16m██[38;2;3;50;58m██[38;2;3;50;58m██[38;2;16;16;16m██[38;2;1;168;122m██[38;2;1;168;122m██[38;2;1;168;122m██[38;2;5;80;60m██[38;2;12;116;85m██[38;2;1;168;122m██[38;2;1;168;122m██[38;2;1;168;122m██[38;2;1;168;122m██[38;2;1;168;122m██[38;2;1;168;122m██[38;2;1;168;122m██[38;2;1;168;122m██[38;2;16;16;16m██                                
          [38;2;16;16;16m██[38;2;16;16;16m██[38;2;16;16;16m██[38;2;16;16;16m██[38;2;16;16;16m██[38;2;16;16;16m██[38;2;16;16;16m██[38;2;184;54;48m██[38;2;238;101;62m██[38;2;3;50;58m██[38;2;3;50;58m██[38;2;3;50;58m██[38;2;184;54;48m██[38;2;16;16;16m██[38;2;16;16;16m██[38;2;16;16;16m██[38;2;16;16;16m██[38;2;12;116;85m██[38;2;1;168;122m██[38;2;1;168;122m██[38;2;1;168;122m██[38;2;1;168;122m██[38;2;1;168;122m██[38;2;1;168;122m██[38;2;1;168;122m██[38;2;1;168;122m██[38;2;12;116;85m██[38;2;16;16;16m██                                
              [38;2;5;80;60m██[38;2;16;16;16m██[38;2;3;50;58m██[38;2;3;50;58m██[38;2;3;50;58m██[38;2;184;54;48m██[38;2;238;101;62m██[38;2;184;54;48m██[38;2;3;50;58m██[38;2;184;54;48m██[38;2;238;101;62m██[38;2;3;50;58m██[38;2;3;50;58m██[38;2;3;50;58m██[38;2;5;80;60m██[38;2;1;168;122m██[38;2;1;168;122m██[38;2;1;168;122m██[38;2;1;168;122m██[38;2;1;168;122m██[38;2;1;168;122m██[38;2;1;168;122m██[38;2;1;168;122m██[38;2;1;168;122m██[38;2;16;16;16m██                                  
            [38;2;5;80;60m██[38;2;12;116;85m██[38;2;16;16;16m██[38;2;36;89;115m██[38;2;3;50;58m██[38;2;3;50;58m██[38;2;238;101;62m██[38;2;16;16;16m██[38;2;238;101;62m██[38;2;3;50;58m██[38;2;238;101;62m██[38;2;3;50;58m██[38;2;3;50;58m██[38;2;3;50;58m██[38;2;5;80;60m██[38;2;1;168;122m██[38;2;1;168;122m██[38;2;1;168;122m██[38;2;1;168;122m██[38;2;1;168;122m██[38;2;1;168;122m██[38;2;1;168;122m██[38;2;1;168;122m██[38;2;1;168;122m██[38;2;16;16;16m██                                    
            [38;2;5;80;60m██[38;2;12;116;85m██[38;2;16;16;16m██[38;2;220;168;122m██[38;2;16;16;16m██[38;2;36;89;115m██[38;2;16;16;16m██[38;2;36;89;115m██[38;2;238;101;62m██[38;2;184;54;48m██[38;2;3;50;58m██[38;2;36;89;115m██[38;2;16;16;16m██[38;2;220;168;122m██[38;2;197;179;167m██[38;2;16;16;16m██[38;2;1;168;122m██[38;2;1;168;122m██[38;2;1;168;122m██[38;2;1;168;122m██[38;2;1;168;122m██[38;2;1;168;122m██[38;2;12;116;85m██[38;2;16;16;16m██                                      
          [38;2;5;80;60m██[38;2;12;116;85m██[38;2;12;116;85m██[38;2;16;16;16m██[38;2;197;179;167m██[38;2;175;97;78m██[38;2;220;168;122m██[38;2;16;16;16m██[38;2;36;89;115m██[38;2;184;54;48m██[38;2;238;101;62m██[38;2;247;234;225m██[38;2;220;168;122m██[38;2;175;97;78m██[38;2;197;179;167m██[38;2;247;234;225m██[38;2;247;234;225m██[38;2;16;16;16m██[38;2;1;168;122m██[38;2;1;168;122m██[38;2;1;168;122m██[38;2;1;168;122m██[38;2;5;80;60m██[38;2;5;80;60m██[38;2;5;80;60m██                                      
          [38;2;16;16;16m██[38;2;16;16;16m██[38;2;12;116;85m██[38;2;16;16;16m██[38;2;247;234;225m██[38;2;247;234;225m██[38;2;238;101;62m██[38;2;36;89;115m██[38;2;36;89;115m██[38;2;36;89;115m██[38;2;184;54;48m██[38;2;197;179;167m██[38;2;247;234;225m██[38;2;247;234;225m██[38;2;247;234;225m██[38;2;247;234;225m██[38;2;197;179;167m██[38;2;5;80;60m██[38;2;5;80;60m██[38;2;1;168;122m██[38;2;1;168;122m██[38;2;1;168;122m██[38;2;1;168;122m██[38;2;1;168;122m██[38;2;1;168;122m██[38;2;5;80;60m██[38;2;5;80;60m██                                  
              [38;2;16;16;16m██[38;2;12;116;85m██[38;2;16;16;16m██[38;2;238;101;62m██[38;2;184;54;48m██[38;2;36;89;115m██[38;2;36;89;115m██[38;2;36;89;115m██[38;2;36;89;115m██[38;2;184;54;48m██[38;2;238;101;62m██[38;2;197;179;167m██[38;2;197;179;167m██[38;2;238;101;62m██[38;2;5;80;60m██[38;2;1;168;122m██[38;2;1;168;122m██[38;2;1;168;122m██[38;2;1;168;122m██[38;2;1;168;122m██[38;2;1;168;122m██[38;2;1;168;122m██[38;2;1;168;122m██[38;2;1;168;122m██[38;2;1;168;122m██[38;2;5;80;60m██                                
                [38;2;16;16;16m██[38;2;16;16;16m██[38;2;184;54;48m██[38;2;16;16;16m██[38;2;36;89;115m██[38;2;36;89;115m██[38;2;36;89;115m██[38;2;16;16;16m██[38;2;197;179;167m██[38;2;184;54;48m██[38;2;184;54;48m██[38;2;184;54;48m██[38;2;5;80;60m██[38;2;1;168;122m██[38;2;1;168;122m██[38;2;1;168;122m██[38;2;1;168;122m██[38;2;1;168;122m██[38;2;1;168;122m██[38;2;1;168;122m██[38;2;1;168;122m██[38;2;1;168;122m██[38;2;1;168;122m██[38;2;16;16;16m██                                  
                [38;2;16;16;16m██[38;2;12;116;85m██[38;2;16;16;16m██[38;2;197;179;167m██[38;2;16;16;16m██[38;2;36;89;115m██[38;2;16;16;16m██[38;2;197;179;167m██[38;2;197;179;167m██[38;2;197;179;167m██[38;2;197;179;167m██[38;2;5;80;60m██[38;2;1;168;122m██[38;2;1;168;122m██[38;2;1;168;122m██[38;2;1;168;122m██[38;2;1;168;122m██[38;2;1;168;122m██[38;2;1;168;122m██[38;2;1;168;122m██[38;2;1;168;122m██[38;2;16;16;16m██[38;2;16;16;16m██                                    
              [38;2;16;16;16m██[38;2;12;116;85m██[38;2;12;116;85m██[38;2;12;116;85m██[38;2;16;16;16m██[38;2;197;179;167m██[38;2;16;16;16m██[38;2;197;179;167m██[38;2;197;179;167m██[38;2;197;179;167m██[38;2;197;179;167m██[38;2;5;80;60m██[38;2;1;168;122m██[38;2;1;168;122m██[38;2;1;168;122m██[38;2;1;168;122m██[38;2;1;168;122m██[38;2;1;168;122m██[38;2;1;168;122m██[38;2;12;116;85m██[38;2;5;80;60m██[38;2;16;16;16m██[38;2;5;80;60m██                                      
                [38;2;16;16;16m██[38;2;12;116;85m██[38;2;5;80;60m██[38;2;1;168;122m██[38;2;16;16;16m██[38;2;118;105;103m██[38;2;197;179;167m██[38;2;197;179;167m██[38;2;106;39;30m██[38;2;106;39;30m██[38;2;106;39;30m██[38;2;16;16;16m██[38;2;1;168;122m██[38;2;1;168;122m██[38;2;1;168;122m██[38;2;1;168;122m██[38;2;1;168;122m██[38;2;1;168;122m██[38;2;1;168;122m██[38;2;12;116;85m██[38;2;12;116;85m██[38;2;12;116;85m██[38;2;5;80;60m██                                    
              [38;2;106;39;30m██[38;2;106;39;30m██[38;2;106;39;30m██[38;2;12;116;85m██[38;2;12;116;85m██[38;2;12;116;85m██[38;2;12;116;85m██[38;2;106;39;30m██[38;2;106;39;30m██[38;2;238;101;62m██[38;2;238;101;62m██[38;2;238;101;62m██[38;2;16;16;16m██[38;2;1;168;122m██[38;2;1;168;122m██[38;2;1;168;122m██[38;2;1;168;122m██[38;2;1;168;122m██[38;2;1;168;122m██[38;2;1;168;122m██[38;2;12;116;85m██[38;2;12;116;85m██[38;2;12;116;85m██[38;2;5;80;60m██                                    
              [38;2;16;16;16m██[38;2;238;101;62m██[38;2;238;101;62m██[38;2;106;39;30m██[38;2;106;39;30m██[38;2;5;80;60m██[38;2;106;39;30m██[38;2;238;101;62m██[38;2;184;54;48m██[38;2;238;101;62m██[38;2;238;101;62m██[38;2;16;16;16m██[38;2;1;168;122m██[38;2;1;168;122m██[38;2;1;168;122m██[38;2;1;168;122m██[38;2;1;168;122m██[38;2;1;168;122m██[38;2;1;168;122m██[38;2;1;168;122m██[38;2;12;116;85m██[38;2;12;116;85m██[38;2;12;116;85m██[38;2;12;116;85m██[38;2;5;80;60m██                                  
            [38;2;5;80;60m██[38;2;1;168;122m██[38;2;106;39;30m██[38;2;238;101;62m██[38;2;238;101;62m██[38;2;238;101;62m██[38;2;106;39;30m██[38;2;238;101;62m██[38;2;184;54;48m██[38;2;238;101;62m██[38;2;238;101;62m██[38;2;184;54;48m██[38;2;16;16;16m██[38;2;1;168;122m██[38;2;1;168;122m██[38;2;1;168;122m██[38;2;1;168;122m██[38;2;1;168;122m██[38;2;1;168;122m██[38;2;1;168;122m██[38;2;1;168;122m██[38;2;12;116;85m██[38;2;12;116;85m██[38;2;12;116;85m██[38;2;12;116;85m██[38;2;12;116;85m██[38;2;5;80;60m██                                
            [38;2;5;80;60m██[38;2;1;168;122m██[38;2;16;16;16m██[38;2;184;54;48m██[38;2;238;101;62m██[38;2;184;54;48m██[38;2;238;101;62m██[38;2;184;54;48m██[38;2;238;101;62m██[38;2;238;101;62m██[38;2;184;54;48m██[38;2;16;16;16m██[38;2;1;168;122m██[38;2;1;168;122m██[38;2;1;168;122m██[38;2;1;168;122m██[38;2;1;168;122m██[38;2;1;168;122m██[38;2;1;168;122m██[38;2;1;168;122m██[38;2;1;168;122m██[38;2;1;168;122m██[38;2;5;80;60m██[38;2;12;116;85m██[38;2;12;116;85m██[38;2;12;116;85m██[38;2;12;116;85m██[38;2;5;80;60m██[38;2;5;80;60m██                            
          [38;2;5;80;60m██[38;2;1;168;122m██[38;2;1;168;122m██[38;2;5;80;60m██[38;2;16;16;16m██[38;2;238;101;62m██[38;2;238;101;62m██[38;2;184;54;48m██[38;2;184;54;48m██[38;2;238;101;62m██[38;2;238;101;62m██[38;2;106;39;30m██[38;2;12;116;85m██[38;2;1;168;122m██[38;2;1;168;122m██[38;2;1;168;122m██[38;2;1;168;122m██[38;2;1;168;122m██[38;2;1;168;122m██[38;2;1;168;122m██[38;2;1;168;122m██[38;2;1;168;122m██[38;2;1;168;122m██[38;2;5;80;60m██[38;2;12;116;85m██[38;2;12;116;85m██[38;2;12;116;85m██[38;2;12;116;85m██[38;2;12;116;85m██[38;2;12;116;85m██[38;2;5;80;60m██                          
        [38;2;5;80;60m██[38;2;1;168;122m██[38;2;1;168;122m██[38;2;5;80;60m██[38;2;1;168;122m██[38;2;12;116;85m██[38;2;106;39;30m██[38;2;238;101;62m██[38;2;184;54;48m██[38;2;238;101;62m██[38;2;184;54;48m██[38;2;238;101;62m██[38;2;106;39;30m██[38;2;12;116;85m██[38;2;1;168;122m██[38;2;1;168;122m██[38;2;1;168;122m██[38;2;1;168;122m██[38;2;12;116;85m██[38;2;1;168;122m██[38;2;1;168;122m██[38;2;1;168;122m██[38;2;1;168;122m██[38;2;1;168;122m██[38;2;1;168;122m██[38;2;5;80;60m██[38;2;12;116;85m██[38;2;12;116;85m██[38;2;12;116;85m██[38;2;16;16;16m██[38;2;16;16;16m██                            
      [38;2;5;80;60m██[38;2;12;116;85m██[38;2;1;168;122m██[38;2;1;168;122m██[38;2;5;80;60m██[38;2;1;168;122m██[38;2;12;116;85m██[38;2;106;39;30m██[38;2;184;54;48m██[38;2;238;101;62m██[38;2;238;101;62m██[38;2;184;54;48m██[38;2;238;101;62m██[38;2;238;101;62m██[38;2;106;39;30m██[38;2;12;116;85m██[38;2;1;168;122m██[38;2;1;168;122m██[38;2;1;168;122m██[38;2;12;116;85m██[38;2;5;80;60m██[38;2;1;168;122m██[38;2;1;168;122m██[38;2;1;168;122m██[38;2;1;168;122m██[38;2;1;168;122m██[38;2;1;168;122m██[38;2;5;80;60m██[38;2;12;116;85m██[38;2;12;116;85m██[38;2;16;16;16m██                              
        [38;2;16;16;16m██[38;2;16;16;16m██[38;2;5;80;60m██[38;2;1;168;122m██[38;2;1;168;122m██[38;2;106;39;30m██[38;2;184;54;48m██[38;2;238;101;62m██[38;2;106;39;30m██[38;2;238;101;62m██[38;2;238;101;62m██[38;2;184;54;48m██[38;2;238;101;62m██[38;2;238;101;62m██[38;2;106;39;30m██[38;2;1;168;122m██[38;2;1;168;122m██[38;2;1;168;122m██[38;2;1;168;122m██[38;2;5;80;60m██[38;2;16;16;16m██[38;2;12;116;85m██[38;2;1;168;122m██[38;2;1;168;122m██[38;2;1;168;122m██[38;2;1;168;122m██[38;2;1;168;122m██[38;2;5;80;60m██[38;2;5;80;60m██[38;2;16;16;16m██                              
          [38;2;5;80;60m██[38;2;1;168;122m██[38;2;1;168;122m██[38;2;106;39;30m██[38;2;184;54;48m██[38;2;238;101;62m██[38;2;184;54;48m██[38;2;16;16;16m██[38;2;16;16;16m██[38;2;184;54;48m██[38;2;238;101;62m██[38;2;238;101;62m██[38;2;238;101;62m██[38;2;106;39;30m██[38;2;16;16;16m██[38;2;12;116;85m██[38;2;1;168;122m██[38;2;1;168;122m██[38;2;1;168;122m██[38;2;5;80;60m██[38;2;16;16;16m██[38;2;16;16;16m██[38;2;12;116;85m██[38;2;1;168;122m██[38;2;1;168;122m██[38;2;1;168;122m██[38;2;12;116;85m██[38;2;16;16;16m██[38;2;16;16;16m██                              
          [38;2;16;16;16m██[38;2;16;16;16m██[38;2;106;39;30m██[38;2;238;101;62m██[38;2;238;101;62m██[38;2;16;16;16m██[38;2;16;16;16m██[38;2;118;105;103m██[38;2;197;179;167m██[38;2;16;16;16m██[38;2;16;16;16m██[38;2;184;54;48m██[38;2;238;101;62m██[38;2;238;101;62m██[38;2;106;39;30m██[38;2;16;16;16m██[38;2;16;16;16m██[38;2;12;116;85m██[38;2;1;168;122m██[38;2;1;168;122m██[38;2;5;80;60m██[38;2;175;97;78m██[38;2;16;16;16m██[38;2;16;16;16m██[38;2;16;16;16m██[38;2;16;16;16m██[38;2;16;16;16m██[38;2;175;97;78m██[38;2;16;16;16m██                              
            [38;2;113;61;57m██[38;2;16;16;16m██[38;2;16;16;16m██[38;2;16;16;16m██[38;2;12;116;85m██[38;2;16;16;16m██[38;2;118;105;103m██[38;2;197;179;167m██[38;2;197;179;167m██[38;2;197;179;167m██[38;2;16;16;16m██[38;2;16;16;16m██[38;2;16;16;16m██[38;2;16;16;16m██[38;2;5;80;60m██[38;2;12;116;85m██[38;2;16;16;16m██[38;2;16;16;16m██[38;2;16;16;16m██[38;2;16;16;16m██[38;2;175;97;78m██[38;2;175;97;78m██[38;2;175;97;78m██[38;2;175;97;78m██[38;2;175;97;78m██[38;2;175;97;78m██[38;2;175;97;78m██[38;2;16;16;16m██                              
            [38;2;113;61;57m██[38;2;175;97;78m██[38;2;175;97;78m██[38;2;5;80;60m██[38;2;12;116;85m██[38;2;16;16;16m██[38;2;197;179;167m██[38;2;118;105;103m██[38;2;197;179;167m██[38;2;197;179;167m██[38;2;197;179;167m██[38;2;118;105;103m██[38;2;197;179;167m██[38;2;197;179;167m██[38;2;5;80;60m██[38;2;12;116;85m██[38;2;16;16;16m██[38;2;197;179;167m██[38;2;113;61;57m██[38;2;175;97;78m██[38;2;220;168;122m██[38;2;220;168;122m██[38;2;175;97;78m██[38;2;175;97;78m██[38;2;175;97;78m██[38;2;175;97;78m██[38;2;220;168;122m██[38;2;175;97;78m██[38;2;16;16;16m██                            
            [38;2;113;61;57m██[38;2;175;97;78m██[38;2;175;97;78m██[38;2;5;80;60m██[38;2;12;116;85m██[38;2;16;16;16m██[38;2;118;105;103m██[38;2;247;234;225m██[38;2;247;234;225m██[38;2;247;234;225m██[38;2;247;234;225m██[38;2;247;234;225m██[38;2;197;179;167m██[38;2;5;80;60m██[38;2;12;116;85m██[38;2;12;116;85m██[38;2;16;16;16m██[38;2;197;179;167m██[38;2;113;61;57m██[38;2;220;168;122m██[38;2;220;168;122m██[38;2;220;168;122m██[38;2;220;168;122m██[38;2;220;168;122m██[38;2;247;234;225m██[38;2;247;234;225m██[38;2;197;179;167m██[38;2;220;168;122m██[38;2;16;16;16m██                            
            [38;2;113;61;57m██[38;2;175;97;78m██[38;2;5;80;60m██[38;2;1;168;122m██[38;2;5;80;60m██[38;2;247;234;225m██[38;2;197;179;167m██[38;2;247;234;225m██[38;2;247;234;225m██[38;2;247;234;225m██[38;2;247;234;225m██[38;2;247;234;225m██[38;2;197;179;167m██[38;2;5;80;60m██[38;2;1;168;122m██[38;2;5;80;60m██[38;2;247;234;225m██[38;2;197;179;167m██[38;2;113;61;57m██[38;2;220;168;122m██[38;2;220;168;122m██[38;2;220;168;122m██[38;2;220;168;122m██[38;2;220;168;122m██[38;2;247;234;225m██[38;2;247;234;225m██[38;2;247;234;225m██[38;2;220;168;122m██[38;2;16;16;16m██                            
            [38;2;113;61;57m██[38;2;220;168;122m██[38;2;5;80;60m██[38;2;1;168;122m██[38;2;5;80;60m██[38;2;247;234;225m██[38;2;247;234;225m██[38;2;197;179;167m██[38;2;197;179;167m██[38;2;247;234;225m██[38;2;247;234;225m██[38;2;197;179;167m██[38;2;197;179;167m██[38;2;5;80;60m██[38;2;1;168;122m██[38;2;5;80;60m██[38;2;247;234;225m██[38;2;197;179;167m██[38;2;113;61;57m██[38;2;175;97;78m██[38;2;220;168;122m██[38;2;220;168;122m██[38;2;220;168;122m██[38;2;220;168;122m██[38;2;247;234;225m██[38;2;247;234;225m██[38;2;247;234;225m██[38;2;220;168;122m██[38;2;220;168;122m██[38;2;16;16;16m██                          
          [38;2;113;61;57m██[38;2;220;168;122m██[38;2;220;168;122m██[38;2;5;80;60m██[38;2;1;168;122m██[38;2;5;80;60m██[38;2;118;105;103m██[38;2;247;234;225m██[38;2;197;179;167m██[38;2;247;234;225m██[38;2;247;234;225m██[38;2;247;234;225m██[38;2;247;234;225m██[38;2;197;179;167m██[38;2;5;80;60m██[38;2;1;168;122m██[38;2;5;80;60m██[38;2;247;234;225m██[38;2;247;234;225m██[38;2;197;179;167m██[38;2;113;61;57m██[38;2;220;168;122m██[38;2;220;168;122m██[38;2;220;168;122m██[38;2;220;168;122m██[38;2;197;179;167m██[38;2;247;234;225m██[38;2;247;234;225m██[38;2;220;168;122m██[38;2;220;168;122m██[38;2;113;61;57m██                          
          [38;2;113;61;57m██[38;2;220;168;122m██[38;2;220;168;122m██[38;2;5;80;60m██[38;2;1;168;122m██[38;2;5;80;60m██[38;2;16;16;16m██[38;2;247;234;225m██[38;2;197;179;167m██[38;2;247;234;225m██[38;2;247;234;225m██[38;2;247;234;225m██[38;2;247;234;225m██[38;2;197;179;167m██[38;2;5;80;60m██[38;2;1;168;122m██[38;2;5;80;60m██[38;2;247;234;225m██[38;2;247;234;225m██[38;2;197;179;167m██[38;2;113;61;57m██[38;2;220;168;122m██[38;2;220;168;122m██[38;2;220;168;122m██[38;2;220;168;122m██[38;2;220;168;122m██[38;2;220;168;122m██[38;2;220;168;122m██[38;2;220;168;122m██[38;2;220;168;122m██[38;2;220;168;122m██[38;2;113;61;57m██                        
          [38;2;113;61;57m██[38;2;220;168;122m██[38;2;220;168;122m██[38;2;5;80;60m██[38;2;1;168;122m██[38;2;5;80;60m██[38;2;16;16;16m██[38;2;247;234;225m██[38;2;247;234;225m██[38;2;197;179;167m██[38;2;247;234;225m██[38;2;247;234;225m██[38;2;197;179;167m██[38;2;247;234;225m██[38;2;5;80;60m██[38;2;1;168;122m██[38;2;5;80;60m██[38;2;247;234;225m██[38;2;247;234;225m██[38;2;247;234;225m██[38;2;113;61;57m██[38;2;220;168;122m██[38;2;220;168;122m██[38;2;220;168;122m██[38;2;220;168;122m██[38;2;220;168;122m██[38;2;220;168;122m██[38;2;220;168;122m██[38;2;220;168;122m██[38;2;220;168;122m██[38;2;220;168;122m██[38;2;113;61;57m██                        
          [38;2;113;61;57m██[38;2;220;168;122m██[38;2;220;168;122m██[38;2;5;80;60m██[38;2;1;168;122m██[38;2;5;80;60m██[38;2;175;97;78m██[38;2;118;105;103m██[38;2;247;234;225m██[38;2;247;234;225m██[38;2;247;234;225m██[38;2;247;234;225m██[38;2;247;234;225m██[38;2;247;234;225m██[38;2;5;80;60m██[38;2;1;168;122m██[38;2;5;80;60m██[38;2;247;234;225m██[38;2;247;234;225m██[38;2;247;234;225m██[38;2;113;61;57m██[38;2;175;97;78m██[38;2;220;168;122m██[38;2;220;168;122m██[38;2;220;168;122m██[38;2;220;168;122m██[38;2;220;168;122m██[38;2;220;168;122m██[38;2;220;168;122m██[38;2;220;168;122m██[38;2;220;168;122m██[38;2;220;168;122m██[38;2;113;61;57m██                      
          [38;2;113;61;57m██[38;2;220;168;122m██[38;2;220;168;122m██[38;2;5;80;60m██[38;2;1;168;122m██[38;2;5;80;60m██[38;2;175;97;78m██[38;2;16;16;16m██[38;2;197;179;167m██[38;2;247;234;225m██[38;2;247;234;225m██[38;2;247;234;225m██[38;2;247;234;225m██[38;2;247;234;225m██[38;2;5;80;60m██[38;2;1;168;122m██[38;2;1;168;122m██[38;2;5;80;60m██[38;2;247;234;225m██[38;2;247;234;225m██[38;2;197;179;167m██[38;2;113;61;57m██[38;2;220;168;122m██[38;2;220;168;122m██[38;2;220;168;122m██[38;2;220;168;122m██[38;2;220;168;122m██[38;2;220;168;122m██[38;2;220;168;122m██[38;2;220;168;122m██[38;2;220;168;122m██[38;2;220;168;122m██[38;2;113;61;57m██                      
          [38;2;113;61;57m██[38;2;220;168;122m██[38;2;220;168;122m██[38;2;5;80;60m██[38;2;1;168;122m██[38;2;5;80;60m██[38;2;175;97;78m██[38;2;175;97;78m██[38;2;118;105;103m██[38;2;197;179;167m██[38;2;247;234;225m██[38;2;247;234;225m██[38;2;247;234;225m██[38;2;247;234;225m██[38;2;247;234;225m██[38;2;5;80;60m██[38;2;1;168;122m██[38;2;1;168;122m██[38;2;5;80;60m██[38;2;247;234;225m██[38;2;247;234;225m██[38;2;113;61;57m██[38;2;220;168;122m██[38;2;220;168;122m██[38;2;220;168;122m██[38;2;220;168;122m██[38;2;220;168;122m██[38;2;220;168;122m██[38;2;220;168;122m██[38;2;220;168;122m██[38;2;220;168;122m██[38;2;220;168;122m██[38;2;247;234;225m██[38;2;113;61;57m██                    
        [38;2;113;61;57m██[38;2;220;168;122m██[38;2;220;168;122m██[38;2;220;168;122m██[38;2;5;80;60m██[38;2;1;168;122m██[38;2;1;168;122m██[38;2;5;80;60m██[38;2;175;97;78m██[38;2;16;16;16m██[38;2;197;179;167m██[38;2;197;179;167m██[38;2;197;179;167m██[38;2;247;234;225m██[38;2;247;234;225m██[38;2;247;234;225m██[38;2;5;80;60m██[38;2;12;116;85m██[38;2;1;168;122m██[38;2;5;80;60m██[38;2;247;234;225m██[38;2;247;234;225m██[38;2;113;61;57m██[38;2;175;97;78m██[38;2;220;168;122m██[38;2;220;168;122m██[38;2;220;168;122m██[38;2;220;168;122m██[38;2;220;168;122m██[38;2;220;168;122m██[38;2;220;168;122m██[38;2;220;168;122m██[38;2;220;168;122m██[38;2;247;234;225m██[38;2;113;61;57m██                    
        [38;2;113;61;57m██[38;2;220;168;122m██[38;2;220;168;122m██[38;2;220;168;122m██[38;2;5;80;60m██[38;2;12;116;85m██[38;2;1;168;122m██[38;2;5;80;60m██[38;2;175;97;78m██[38;2;175;97;78m██[38;2;16;16;16m██[38;2;197;179;167m██[38;2;197;179;167m██[38;2;197;179;167m██[38;2;197;179;167m██[38;2;197;179;167m██[38;2;5;80;60m██[38;2;1;168;122m██[38;2;12;116;85m██[38;2;1;168;122m██[38;2;16;16;16m██[38;2;247;234;225m██[38;2;247;234;225m██[38;2;113;61;57m██[38;2;220;168;122m██[38;2;220;168;122m██[38;2;247;234;225m██[38;2;247;234;225m██[38;2;197;179;167m██[38;2;220;168;122m██[38;2;220;168;122m██[38;2;220;168;122m██[38;2;220;168;122m██[38;2;247;234;225m██[38;2;247;234;225m██[38;2;113;61;57m██                  
        [38;2;113;61;57m██[38;2;220;168;122m██[38;2;220;168;122m██[38;2;220;168;122m██[38;2;5;80;60m██[38;2;1;168;122m██[38;2;12;116;85m██[38;2;1;168;122m██[38;2;16;16;16m██[38;2;175;97;78m██[38;2;175;97;78m██[38;2;118;105;103m██[38;2;197;179;167m██[38;2;197;179;167m██[38;2;197;179;167m██[38;2;197;179;167m██[38;2;5;80;60m██[38;2;1;168;122m██[38;2;12;116;85m██[38;2;1;168;122m██[38;2;16;16;16m██[38;2;197;179;167m██[38;2;247;234;225m██[38;2;113;61;57m██[38;2;220;168;122m██[38;2;220;168;122m██[38;2;247;234;225m██[38;2;247;234;225m██[38;2;247;234;225m██[38;2;220;168;122m██[38;2;220;168;122m██[38;2;220;168;122m██[38;2;220;168;122m██[38;2;197;179;167m██[38;2;247;234;225m██[38;2;113;61;57m██                  
        [38;2;113;61;57m██[38;2;220;168;122m██[38;2;220;168;122m██[38;2;175;97;78m██[38;2;5;80;60m██[38;2;1;168;122m██[38;2;12;116;85m██[38;2;1;168;122m██[38;2;16;16;16m██[38;2;175;97;78m██[38;2;175;97;78m██[38;2;16;16;16m██[38;2;118;105;103m██[38;2;197;179;167m██[38;2;197;179;167m██[38;2;197;179;167m██[38;2;197;179;167m██[38;2;5;80;60m██[38;2;1;168;122m██[38;2;12;116;85m██[38;2;16;16;16m██[38;2;118;105;103m██[38;2;197;179;167m██[38;2;113;61;57m██[38;2;175;97;78m██[38;2;220;168;122m██[38;2;247;234;225m██[38;2;247;234;225m██[38;2;247;234;225m██[38;2;220;168;122m██[38;2;220;168;122m██[38;2;220;168;122m██[38;2;220;168;122m██[38;2;220;168;122m██[38;2;220;168;122m██[38;2;220;168;122m██[38;2;113;61;57m██                
        [38;2;113;61;57m██[38;2;220;168;122m██[38;2;220;168;122m██[38;2;16;16;16m██[38;2;175;97;78m██[38;2;5;80;60m██[38;2;1;168;122m██[38;2;12;116;85m██[38;2;16;16;16m██[38;2;175;97;78m██[38;2;175;97;78m██[38;2;16;16;16m██[38;2;197;179;167m██[38;2;197;179;167m██[38;2;197;179;167m██[38;2;197;179;167m██[38;2;197;179;167m██[38;2;197;179;167m██[38;2;12;116;85m██[38;2;1;168;122m██[38;2;16;16;16m██[38;2;118;105;103m██[38;2;197;179;167m██[38;2;197;179;167m██[38;2;113;61;57m██[38;2;220;168;122m██[38;2;197;179;167m██[38;2;247;234;225m██[38;2;247;234;225m██[38;2;220;168;122m██[38;2;220;168;122m██[38;2;220;168;122m██[38;2;220;168;122m██[38;2;220;168;122m██[38;2;220;168;122m██[38;2;220;168;122m██[38;2;113;61;57m██                
        [38;2;113;61;57m██[38;2;220;168;122m██[38;2;220;168;122m██[38;2;16;16;16m██[38;2;175;97;78m██[38;2;5;80;60m██[38;2;12;116;85m██[38;2;1;168;122m██[38;2;16;16;16m██[38;2;175;97;78m██[38;2;175;97;78m██[38;2;16;16;16m██[38;2;197;179;167m██[38;2;197;179;167m██[38;2;197;179;167m██[38;2;197;179;167m██[38;2;197;179;167m██[38;2;16;16;16m██[38;2;16;16;16m██[38;2;12;116;85m██[38;2;16;16;16m██[38;2;12;116;85m██[38;2;118;105;103m██[38;2;197;179;167m██[38;2;113;61;57m██[38;2;220;168;122m██[38;2;220;168;122m██[38;2;220;168;122m██[38;2;220;168;122m██[38;2;220;168;122m██[38;2;220;168;122m██[38;2;220;168;122m██[38;2;220;168;122m██[38;2;220;168;122m██[38;2;220;168;122m██[38;2;220;168;122m██[38;2;220;168;122m██[38;2;113;61;57m██              
      [38;2;113;61;57m██[38;2;220;168;122m██[38;2;220;168;122m██[38;2;220;168;122m██[38;2;16;16;16m██[38;2;175;97;78m██[38;2;175;97;78m██[38;2;16;16;16m██[38;2;12;116;85m██[38;2;16;16;16m██[38;2;175;97;78m██[38;2;175;97;78m██[38;2;16;16;16m██[38;2;197;179;167m██[38;2;197;179;167m██[38;2;197;179;167m██[38;2;197;179;167m██[38;2;197;179;167m██[38;2;16;16;16m██[38;2;175;97;78m██[38;2;16;16;16m██[38;2;16;16;16m██[38;2;12;116;85m██[38;2;12;116;85m██[38;2;118;105;103m██[38;2;113;61;57m██[38;2;175;97;78m██[38;2;220;168;122m██[38;2;220;168;122m██[38;2;220;168;122m██[38;2;220;168;122m██[38;2;220;168;122m██[38;2;220;168;122m██[38;2;220;168;122m██[38;2;220;168;122m██[38;2;220;168;122m██[38;2;220;168;122m██[38;2;220;168;122m██[38;2;113;61;57m██              
      [38;2;113;61;57m██[38;2;220;168;122m██[38;2;220;168;122m██[38;2;175;97;78m██[38;2;16;16;16m██[38;2;175;97;78m██[38;2;175;97;78m██[38;2;175;97;78m██[38;2;16;16;16m██[38;2;16;16;16m██[38;2;175;97;78m██[38;2;16;16;16m██[38;2;197;179;167m██[38;2;197;179;167m██[38;2;197;179;167m██[38;2;197;179;167m██[38;2;197;179;167m██[38;2;16;16;16m██[38;2;175;97;78m██[38;2;175;97;78m██[38;2;16;16;16m██[38;2;12;116;85m██[38;2;12;116;85m██[38;2;12;116;85m██[38;2;12;116;85m██[38;2;118;105;103m██[38;2;113;61;57m██[38;2;220;168;122m██[38;2;220;168;122m██[38;2;220;168;122m██[38;2;220;168;122m██[38;2;220;168;122m██[38;2;220;168;122m██[38;2;220;168;122m██[38;2;220;168;122m██[38;2;220;168;122m██[38;2;220;168;122m██[38;2;220;168;122m██[38;2;220;168;122m██[38;2;113;61;57m██            
      [38;2;113;61;57m██[38;2;220;168;122m██[38;2;220;168;122m██[38;2;113;61;57m██[38;2;175;97;78m██[38;2;175;97;78m██[38;2;175;97;78m██[38;2;175;97;78m██[38;2;175;97;78m██[38;2;175;97;78m██[38;2;175;97;78m██[38;2;16;16;16m██[38;2;197;179;167m██[38;2;197;179;167m██[38;2;197;179;167m██[38;2;197;179;167m██[38;2;197;179;167m██[38;2;16;16;16m██[38;2;175;97;78m██[38;2;175;97;78m██[38;2;16;16;16m██[38;2;5;80;60m██[38;2;12;116;85m██[38;2;12;116;85m██[38;2;12;116;85m██[38;2;12;116;85m██[38;2;113;61;57m██[38;2;175;97;78m██[38;2;220;168;122m██[38;2;220;168;122m██[38;2;220;168;122m██[38;2;220;168;122m██[38;2;220;168;122m██[38;2;220;168;122m██[38;2;220;168;122m██[38;2;220;168;122m██[38;2;220;168;122m██[38;2;220;168;122m██[38;2;220;168;122m██[38;2;113;61;57m██            
      [38;2;113;61;57m██[38;2;220;168;122m██[38;2;220;168;122m██[38;2;16;16;16m██[38;2;175;97;78m██[38;2;175;97;78m██[38;2;175;97;78m██[38;2;175;97;78m██[38;2;113;61;57m██[38;2;175;97;78m██[38;2;118;105;103m██[38;2;247;234;225m██[38;2;247;234;225m██[38;2;247;234;225m██[38;2;247;234;225m██[38;2;197;179;167m██[38;2;16;16;16m██[38;2;175;97;78m██[38;2;175;97;78m██[38;2;175;97;78m██[38;2;175;97;78m██[38;2;16;16;16m██[38;2;12;116;85m██[38;2;12;116;85m██[38;2;12;116;85m██[38;2;12;116;85m██[38;2;12;116;85m██[38;2;16;16;16m██[38;2;220;168;122m██[38;2;220;168;122m██[38;2;220;168;122m██[38;2;220;168;122m██[38;2;220;168;122m██[38;2;220;168;122m██[38;2;220;168;122m██[38;2;220;168;122m██[38;2;220;168;122m██[38;2;220;168;122m██[38;2;220;168;122m██[38;2;220;168;122m██[38;2;113;61;57m██          
      [38;2;113;61;57m██[38;2;220;168;122m██[38;2;220;168;122m██[38;2;16;16;16m██[38;2;175;97;78m██[38;2;175;97;78m██[38;2;175;97;78m██[38;2;175;97;78m██[38;2;113;61;57m██[38;2;175;97;78m██[38;2;118;105;103m██[38;2;247;234;225m██[38;2;247;234;225m██[38;2;247;234;225m██[38;2;247;234;225m██[38;2;247;234;225m██[38;2;16;16;16m██[38;2;175;97;78m██[38;2;175;97;78m██[38;2;175;97;78m██[38;2;175;97;78m██[38;2;16;16;16m██[38;2;12;116;85m██[38;2;12;116;85m██[38;2;12;116;85m██[38;2;12;116;85m██[38;2;12;116;85m██[38;2;16;16;16m██[38;2;175;97;78m██[38;2;220;168;122m██[38;2;220;168;122m██[38;2;220;168;122m██[38;2;220;168;122m██[38;2;220;168;122m██[38;2;220;168;122m██[38;2;220;168;122m██[38;2;175;97;78m██[38;2;220;168;122m██[38;2;220;168;122m██[38;2;220;168;122m██[38;2;113;61;57m██          
      [38;2;113;61;57m██[38;2;220;168;122m██[38;2;175;97;78m██[38;2;16;16;16m██[38;2;175;97;78m██[38;2;175;97;78m██[38;2;175;97;78m██[38;2;175;97;78m██[38;2;113;61;57m██[38;2;118;105;103m██[38;2;247;234;225m██[38;2;247;234;225m██[38;2;247;234;225m██[38;2;247;234;225m██[38;2;247;234;225m██[38;2;247;234;225m██[38;2;16;16;16m██[38;2;175;97;78m██[38;2;175;97;78m██[38;2;175;97;78m██[38;2;175;97;78m██[38;2;16;16;16m██[38;2;5;80;60m██[38;2;12;116;85m██[38;2;12;116;85m██[38;2;12;116;85m██[38;2;12;116;85m██[38;2;5;80;60m██[38;2;16;16;16m██[38;2;220;168;122m██[38;2;220;168;122m██[38;2;220;168;122m██[38;2;220;168;122m██[38;2;220;168;122m██[38;2;220;168;122m██[38;2;220;168;122m██[38;2;175;97;78m██[38;2;220;168;122m██[38;2;220;168;122m██[38;2;220;168;122m██[38;2;220;168;122m██[38;2;113;61;57m██        
    [38;2;113;61;57m██[38;2;220;168;122m██[38;2;220;168;122m██[38;2;113;61;57m██[38;2;175;97;78m██[38;2;175;97;78m██[38;2;175;97;78m██[38;2;175;97;78m██[38;2;175;97;78m██[38;2;118;105;103m██[38;2;247;234;225m██[38;2;247;234;225m██[38;2;247;234;225m██[38;2;247;234;225m██[38;2;247;234;225m██[38;2;247;234;225m██[38;2;247;234;225m██[38;2;16;16;16m██[38;2;175;97;78m██[38;2;175;97;78m██[38;2;175;97;78m██[38;2;16;16;16m██  [38;2;16;16;16m██[38;2;12;116;85m██[38;2;12;116;85m██[38;2;12;116;85m██[38;2;12;116;85m██[38;2;5;80;60m██[38;2;16;16;16m██[38;2;175;97;78m██[38;2;220;168;122m██[38;2;220;168;122m██[38;2;220;168;122m██[38;2;220;168;122m██[38;2;220;168;122m██[38;2;220;168;122m██[38;2;175;97;78m██[38;2;220;168;122m██[38;2;220;168;122m██[38;2;220;168;122m██[38;2;220;168;122m██[38;2;113;61;57m██        
    [38;2;113;61;57m██[38;2;220;168;122m██[38;2;220;168;122m██[38;2;16;16;16m██[38;2;175;97;78m██[38;2;175;97;78m██[38;2;175;97;78m██[38;2;175;97;78m██[38;2;118;105;103m██[38;2;247;234;225m██[38;2;247;234;225m██[38;2;247;234;225m██[38;2;247;234;225m██[38;2;247;234;225m██[38;2;247;234;225m██[38;2;247;234;225m██[38;2;16;16;16m██[38;2;113;61;57m██[38;2;175;97;78m██[38;2;175;97;78m██[38;2;175;97;78m██[38;2;16;16;16m██  [38;2;16;16;16m██[38;2;12;116;85m██[38;2;12;116;85m██[38;2;12;116;85m██[38;2;12;116;85m██[38;2;118;105;103m██[38;2;197;179;167m██[38;2;16;16;16m██[38;2;220;168;122m██[38;2;220;168;122m██[38;2;220;168;122m██[38;2;220;168;122m██[38;2;220;168;122m██[38;2;220;168;122m██[38;2;220;168;122m██[38;2;175;97;78m██[38;2;220;168;122m██[38;2;220;168;122m██[38;2;220;168;122m██[38;2;220;168;122m██[38;2;16;16;16m██      
    [38;2;113;61;57m██[38;2;220;168;122m██[38;2;175;97;78m██[38;2;16;16;16m██[38;2;175;97;78m██[38;2;175;97;78m██[38;2;175;97;78m██[38;2;118;105;103m██[38;2;247;234;225m██[38;2;247;234;225m██[38;2;247;234;225m██[38;2;247;234;225m██[38;2;247;234;225m██[38;2;197;179;167m██[38;2;247;234;225m██[38;2;247;234;225m██[38;2;16;16;16m██[38;2;113;61;57m██[38;2;175;97;78m██[38;2;175;97;78m██[38;2;175;97;78m██[38;2;16;16;16m██  [38;2;16;16;16m██[38;2;5;80;60m██[38;2;12;116;85m██[38;2;12;116;85m██[38;2;118;105;103m██[38;2;247;234;225m██[38;2;247;234;225m██[38;2;16;16;16m██[38;2;175;97;78m██[38;2;220;168;122m██[38;2;220;168;122m██[38;2;220;168;122m██[38;2;220;168;122m██[38;2;220;168;122m██[38;2;220;168;122m██[38;2;175;97;78m██[38;2;220;168;122m██[38;2;220;168;122m██[38;2;220;168;122m██[38;2;220;168;122m██[38;2;16;16;16m██      
    [38;2;113;61;57m██[38;2;220;168;122m██[38;2;113;61;57m██[38;2;175;97;78m██[38;2;175;97;78m██[38;2;175;97;78m██[38;2;175;97;78m██[38;2;118;105;103m██[38;2;118;105;103m██[38;2;247;234;225m██[38;2;247;234;225m██[38;2;247;234;225m██[38;2;16;16;16m██[38;2;16;16;16m██[38;2;247;234;225m██[38;2;247;234;225m██[38;2;16;16;16m██[38;2;16;16;16m██[38;2;175;97;78m██[38;2;175;97;78m██[38;2;16;16;16m██      [38;2;16;16;16m██[38;2;12;116;85m██[38;2;12;116;85m██[38;2;16;16;16m██[38;2;247;234;225m██[38;2;118;105;103m██[38;2;197;179;167m██[38;2;16;16;16m██[38;2;220;168;122m██[38;2;220;168;122m██[38;2;220;168;122m██[38;2;220;168;122m██[38;2;220;168;122m██[38;2;220;168;122m██[38;2;220;168;122m██[38;2;113;61;57m██[38;2;220;168;122m██[38;2;220;168;122m██[38;2;220;168;122m██[38;2;220;168;122m██[38;2;16;16;16m██    
  [38;2;113;61;57m██[38;2;175;97;78m██[38;2;175;97;78m██[38;2;16;16;16m██[38;2;175;97;78m██[38;2;175;97;78m██[38;2;118;105;103m██[38;2;118;105;103m██[38;2;197;179;167m██[38;2;197;179;167m██[38;2;118;105;103m██[38;2;118;105;103m██[38;2;118;105;103m██[38;2;197;179;167m██[38;2;197;179;167m██[38;2;16;16;16m██[38;2;16;16;16m██    [38;2;16;16;16m██[38;2;16;16;16m██        [38;2;16;16;16m██[38;2;12;116;85m██[38;2;16;16;16m██[38;2;16;16;16m██[38;2;16;16;16m██[38;2;16;16;16m██[38;2;247;234;225m██[38;2;16;16;16m██[38;2;175;97;78m██[38;2;220;168;122m██[38;2;220;168;122m██[38;2;220;168;122m██[38;2;220;168;122m██[38;2;220;168;122m██[38;2;220;168;122m██[38;2;175;97;78m██[38;2;175;97;78m██[38;2;220;168;122m██[38;2;220;168;122m██[38;2;220;168;122m██[38;2;16;16;16m██    
  [38;2;113;61;57m██[38;2;175;97;78m██[38;2;16;16;16m██[38;2;3;50;58m██[38;2;118;105;103m██[38;2;118;105;103m██[38;2;247;234;225m██[38;2;247;234;225m██[38;2;197;179;167m██[38;2;118;105;103m██[38;2;247;234;225m██[38;2;247;234;225m██[38;2;247;234;225m██[38;2;247;234;225m██[38;2;197;179;167m██[38;2;197;179;167m██[38;2;118;105;103m██                  [38;2;16;16;16m██    [38;2;118;105;103m██[38;2;197;179;167m██[38;2;118;105;103m██[38;2;118;105;103m██[38;2;16;16;16m██[38;2;220;168;122m██[38;2;220;168;122m██[38;2;220;168;122m██[38;2;220;168;122m██[38;2;220;168;122m██[38;2;220;168;122m██[38;2;220;168;122m██[38;2;113;61;57m██[38;2;220;168;122m██[38;2;220;168;122m██[38;2;220;168;122m██[38;2;220;168;122m██[38;2;16;16;16m██  
[38;2;113;61;57m██[38;2;175;97;78m██[38;2;16;16;16m██[38;2;3;50;58m██[38;2;36;89;115m██[38;2;247;234;225m██[38;2;247;234;225m██[38;2;247;234;225m██[38;2;247;234;225m██[38;2;118;105;103m██[38;2;247;234;225m██[38;2;247;234;225m██[38;2;247;234;225m██[38;2;247;234;225m██[38;2;247;234;225m██[38;2;197;179;167m██[38;2;197;179;167m██[38;2;197;179;167m██[38;2;118;105;103m██                    [38;2;118;105;103m██[38;2;197;179;167m██[38;2;247;234;225m██[38;2;247;234;225m██[38;2;197;179;167m██[38;2;247;234;225m██[38;2;16;16;16m██[38;2;220;168;122m██[38;2;220;168;122m██[38;2;220;168;122m██[38;2;220;168;122m██[38;2;220;168;122m██[38;2;220;168;122m██[38;2;220;168;122m██[38;2;16;16;16m██[38;2;220;168;122m██[38;2;220;168;122m██[38;2;220;168;122m██[38;2;16;16;16m██  
[38;2;16;16;16m██[38;2;16;16;16m██[38;2;3;50;58m██[38;2;36;89;115m██[38;2;247;234;225m██[38;2;247;234;225m██[38;2;247;234;225m██[38;2;247;234;225m██[38;2;3;50;58m██[38;2;36;89;115m██[38;2;247;234;225m██[38;2;247;234;225m██[38;2;247;234;225m██[38;2;247;234;225m██[38;2;247;234;225m██[38;2;197;179;167m██[38;2;197;179;167m██[38;2;197;179;167m██[38;2;197;179;167m██[38;2;118;105;103m██                [38;2;118;105;103m██[38;2;197;179;167m██[38;2;247;234;225m██[38;2;247;234;225m██[38;2;247;234;225m██[38;2;197;179;167m██[38;2;197;179;167m██[38;2;247;234;225m██[38;2;16;16;16m██[38;2;220;168;122m██[38;2;220;168;122m██[38;2;220;168;122m██[38;2;220;168;122m██[38;2;220;168;122m██[38;2;220;168;122m██[38;2;16;16;16m██[38;2;16;16;16m██[38;2;220;168;122m██[38;2;220;168;122m██[38;2;220;168;122m██[38;2;16;16;16m██
    [38;2;3;50;58m██[38;2;36;89;115m██[38;2;197;179;167m██[38;2;247;234;225m██[38;2;247;234;225m██[38;2;247;234;225m██[38;2;3;50;58m██[38;2;36;89;115m██[38;2;247;234;225m██[38;2;247;234;225m██[38;2;197;179;167m██[38;2;16;16;16m██[38;2;16;16;16m██[38;2;16;16;16m██[38;2;16;16;16m██[38;2;16;16;16m██[38;2;16;16;16m██[38;2;16;16;16m██                [38;2;118;105;103m██[38;2;247;234;225m██[38;2;247;234;225m██[38;2;247;234;225m██[38;2;247;234;225m██[38;2;118;105;103m██[38;2;197;179;167m██[38;2;197;179;167m██[38;2;247;234;225m██[38;2;16;16;16m██[38;2;220;168;122m██[38;2;220;168;122m██[38;2;220;168;122m██[38;2;220;168;122m██[38;2;220;168;122m██[38;2;16;16;16m██  [38;2;16;16;16m██[38;2;220;168;122m██[38;2;220;168;122m██[38;2;16;16;16m██
    [38;2;3;50;58m██[38;2;36;89;115m██[38;2;16;16;16m██[38;2;16;16;16m██[38;2;16;16;16m██[38;2;16;16;16m██[38;2;3;50;58m██[38;2;36;89;115m██[38;2;197;179;167m██[38;2;16;16;16m██[38;2;16;16;16m██                            [38;2;3;50;58m██[38;2;36;89;115m██[38;2;247;234;225m██[38;2;197;179;167m██[38;2;16;16;16m██[38;2;16;16;16m██[38;2;16;16;16m██[38;2;16;16;16m██[38;2;16;16;16m██[38;2;247;234;225m██[38;2;247;234;225m██[38;2;16;16;16m██[38;2;16;16;16m██[38;2;220;168;122m██[38;2;220;168;122m██[38;2;220;168;122m██[38;2;16;16;16m██    [38;2;16;16;16m██[38;2;16;16;16m██  
      [38;2;16;16;16m██        [38;2;3;50;58m██[38;2;36;89;115m██[38;2;16;16;16m██                                [38;2;3;50;58m██[38;2;36;89;115m██[38;2;197;179;167m██[38;2;16;16;16m██          [38;2;16;16;16m██[38;2;197;179;167m██[38;2;36;89;115m██[38;2;3;50;58m██[38;2;16;16;16m██[38;2;16;16;16m██[38;2;16;16;16m██            
                  [38;2;16;16;16m██                                  [38;2;3;50;58m██[38;2;36;89;115m██[38;2;16;16;16m██              [38;2;16;16;16m██[38;2;36;89;115m██[38;2;3;50;58m██                  
                                                        [38;2;16;16;16m██                  [38;2;16;16;16m██                    
