                                [38;2;36;58;102m██[38;2;36;58;102m██[38;2;36;58;102m██[38;2;36;58;102m██[38;2;36;58;102m██[38;2;36;58;102m██                                    
                            [38;2;36;58;102m██[38;2;36;58;102m██[38;2;67;108;191m██[38;2;67;108;191m██[38;2;67;108;191m██[38;2;67;108;191m██[38;2;67;108;191m██[38;2;67;108;191m██[38;2;36;58;102m██[38;2;36;58;102m██                                
                        [38;2;36;58;102m██[38;2;36;58;102m██[38;2;67;108;191m██[38;2;108;144;217m██[38;2;108;144;217m██[38;2;108;144;217m██[38;2;67;108;191m██[38;2;67;108;191m██[38;2;67;108;191m██[38;2;67;108;191m██[38;2;67;108;191m██[38;2;67;108;191m██[38;2;36;58;102m██[38;2;36;58;102m██                            
        [38;2;115;63;80m██[38;2;115;63;80m██[38;2;115;63;80m██        [38;2;36;58;102m██[38;2;67;108;191m██[38;2;67;108;191m██[38;2;67;108;191m██[38;2;108;144;217m██[38;2;108;144;217m██[38;2;67;108;191m██[38;2;67;108;191m██[38;2;67;108;191m██[38;2;67;108;191m██[38;2;67;108;191m██[38;2;67;108;191m██[38;2;67;108;191m██[38;2;67;108;191m██[38;2;67;108;191m██[38;2;36;58;102m██                          
      [38;2;115;63;80m██[38;2;229;126;161m██[38;2;248;248;248m██[38;2;229;126;161m██[38;2;115;63;80m██    [38;2;36;58;102m██[38;2;67;108;191m██[38;2;67;108;191m██[38;2;67;108;191m██[38;2;67;108;191m██[38;2;67;108;191m██[38;2;67;108;191m██[38;2;67;108;191m██[38;2;67;108;191m██[38;2;67;108;191m██[38;2;67;108;191m██[38;2;67;108;191m██[38;2;67;108;191m██[38;2;67;108;191m██[38;2;67;108;191m██[38;2;67;108;191m██[38;2;67;108;191m██[38;2;36;58;102m██                        
    [38;2;115;63;80m██[38;2;229;126;161m██[38;2;229;126;161m██[38;2;229;126;161m██[38;2;229;126;161m██[38;2;179;98;125m██[38;2;115;63;80m██[38;2;36;58;102m██[38;2;36;58;102m██[38;2;49;79;140m██[38;2;49;79;140m██[38;2;67;108;191m██[38;2;67;108;191m██[38;2;67;108;191m██[38;2;67;108;191m██[38;2;67;108;191m██[38;2;67;108;191m██[38;2;67;108;191m██[38;2;67;108;191m██[38;2;67;108;191m██[38;2;67;108;191m██[38;2;67;108;191m██[38;2;67;108;191m██[38;2;67;108;191m██[38;2;67;108;191m██[38;2;36;58;102m██                        
    [38;2;16;16;16m██[38;2;229;126;161m██[38;2;229;126;161m██[38;2;229;126;161m██[38;2;179;98;125m██[38;2;179;98;125m██[38;2;115;63;80m██[38;2;248;248;248m██[38;2;248;248;248m██[38;2;248;248;248m██[38;2;248;248;248m██[38;2;191;191;191m██[38;2;49;79;140m██[38;2;67;108;191m██[38;2;67;108;191m██[38;2;67;108;191m██[38;2;67;108;191m██[38;2;67;108;191m██[38;2;49;79;140m██[38;2;49;79;140m██[38;2;67;108;191m██[38;2;67;108;191m██[38;2;67;108;191m██[38;2;67;108;191m██[38;2;67;108;191m██[38;2;67;108;191m██[38;2;36;58;102m██                      
    [38;2;16;16;16m██[38;2;179;98;125m██[38;2;179;98;125m██[38;2;179;98;125m██[38;2;179;98;125m██[38;2;179;98;125m██[38;2;115;63;80m██[38;2;248;248;248m██[38;2;248;248;248m██[38;2;128;128;128m██[38;2;128;128;128m██[38;2;248;248;248m██[38;2;248;248;248m██[38;2;49;79;140m██[38;2;67;108;191m██[38;2;67;108;191m██[38;2;67;108;191m██[38;2;49;79;140m██[38;2;248;248;248m██[38;2;248;248;248m██[38;2;49;79;140m██[38;2;67;108;191m██[38;2;67;108;191m██[38;2;67;108;191m██[38;2;67;108;191m██[38;2;67;108;191m██[38;2;36;58;102m██                      
      [38;2;16;16;16m██[38;2;179;98;125m██[38;2;179;98;125m██[38;2;179;98;125m██[38;2;115;63;80m██[38;2;191;191;191m██[38;2;248;248;248m██[38;2;248;248;248m██[38;2;248;248;248m██[38;2;248;248;248m██[38;2;248;248;248m██[38;2;248;248;248m██[38;2;191;191;191m██[38;2;49;79;140m██[38;2;67;108;191m██[38;2;49;79;140m██[38;2;128;128;128m██[38;2;191;191;191m██[38;2;248;248;248m██[38;2;248;248;248m██[38;2;49;79;140m██[38;2;67;108;191m██[38;2;67;108;191m██[38;2;67;108;191m██[38;2;67;108;191m██[38;2;36;58;102m██                      
        [38;2;16;16;16m██[38;2;16;16;16m██[38;2;16;16;16m██[38;2;191;191;191m██[38;2;191;191;191m██[38;2;191;191;191m██[38;2;248;248;248m██[38;2;128;128;128m██[38;2;128;128;128m██[38;2;248;248;248m██[38;2;248;248;248m██[38;2;248;248;248m██[38;2;36;58;102m██[38;2;67;108;191m██[38;2;64;64;64m██[38;2;191;191;191m██[38;2;128;128;128m██[38;2;248;248;248m██[38;2;248;248;248m██[38;2;49;79;140m██[38;2;67;108;191m██[38;2;67;108;191m██[38;2;67;108;191m██[38;2;49;79;140m██[38;2;36;58;102m██[38;2;36;58;102m██                    
            [38;2;16;16;16m██[38;2;191;191;191m██[38;2;191;191;191m██[38;2;191;191;191m██[38;2;191;191;191m██[38;2;248;248;248m██[38;2;248;248;248m██[38;2;248;248;248m██[38;2;248;248;248m██[38;2;248;248;248m██[38;2;36;58;102m██[38;2;67;108;191m██[38;2;64;64;64m██[38;2;248;248;248m██[38;2;16;16;16m██[38;2;248;248;248m██[38;2;248;248;248m██[38;2;36;58;102m██[38;2;67;108;191m██[38;2;67;108;191m██[38;2;67;108;191m██[38;2;67;108;191m██[38;2;67;108;191m██[38;2;67;108;191m██[38;2;36;58;102m██[38;2;36;58;102m██                
              [38;2;16;16;16m██[38;2;191;191;191m██[38;2;191;191;191m██[38;2;191;191;191m██[38;2;191;191;191m██[38;2;49;79;140m██[38;2;191;191;191m██[38;2;191;191;191m██[38;2;128;128;128m██[38;2;49;79;140m██[38;2;67;108;191m██[38;2;64;64;64m██[38;2;64;64;64m██[38;2;16;16;16m██[38;2;248;248;248m██[38;2;248;248;248m██[38;2;36;58;102m██[38;2;67;108;191m██[38;2;67;108;191m██[38;2;49;79;140m██[38;2;67;108;191m██[38;2;67;108;191m██[38;2;67;108;191m██[38;2;67;108;191m██[38;2;67;108;191m██[38;2;36;58;102m██              
                [38;2;16;16;16m██[38;2;36;58;102m██[38;2;36;58;102m██[38;2;49;79;140m██[38;2;191;191;191m██[38;2;191;191;191m██[38;2;191;191;191m██[38;2;36;58;102m██[38;2;49;79;140m██[38;2;67;108;191m██[38;2;16;16;16m██[38;2;64;64;64m██[38;2;16;16;16m██[38;2;248;248;248m██[38;2;191;191;191m██[38;2;36;58;102m██[38;2;49;79;140m██[38;2;49;79;140m██[38;2;49;79;140m██[38;2;36;58;102m██[38;2;67;108;191m██[38;2;67;108;191m██[38;2;67;108;191m██[38;2;67;108;191m██[38;2;67;108;191m██[38;2;16;16;16m██            
                  [38;2;16;16;16m██[38;2;128;128;128m██[38;2;191;191;191m██[38;2;191;191;191m██[38;2;191;191;191m██[38;2;36;58;102m██[38;2;49;79;140m██[38;2;49;79;140m██[38;2;49;79;140m██[38;2;36;58;102m██[38;2;16;16;16m██[38;2;128;128;128m██[38;2;191;191;191m██[38;2;36;58;102m██[38;2;49;79;140m██[38;2;49;79;140m██[38;2;49;79;140m██[38;2;49;79;140m██[38;2;16;16;16m██[38;2;49;79;140m██[38;2;67;108;191m██[38;2;67;108;191m██[38;2;67;108;191m██[38;2;67;108;191m██[38;2;16;16;16m██            
                    [38;2;16;16;16m██[38;2;36;58;102m██[38;2;36;58;102m██[38;2;36;58;102m██[38;2;49;79;140m██[38;2;49;79;140m██[38;2;49;79;140m██[38;2;49;79;140m██[38;2;49;79;140m██[38;2;36;58;102m██[38;2;36;58;102m██[38;2;36;58;102m██[38;2;49;79;140m██[38;2;49;79;140m██[38;2;49;79;140m██[38;2;49;79;140m██[38;2;49;79;140m██[38;2;16;16;16m██[38;2;16;16;16m██[38;2;49;79;140m██[38;2;67;108;191m██[38;2;67;108;191m██[38;2;49;79;140m██[38;2;16;16;16m██            
                      [38;2;16;16;16m██[38;2;49;79;140m██[38;2;49;79;140m██[38;2;49;79;140m██[38;2;49;79;140m██[38;2;49;79;140m██[38;2;49;79;140m██[38;2;49;79;140m██[38;2;49;79;140m██[38;2;49;79;140m██[38;2;49;79;140m██[38;2;49;79;140m██[38;2;49;79;140m██[38;2;49;79;140m██[38;2;49;79;140m██[38;2;16;16;16m██    [38;2;16;16;16m██[38;2;16;16;16m██[38;2;16;16;16m██[38;2;16;16;16m██              
                        [38;2;16;16;16m██[38;2;49;79;140m██[38;2;49;79;140m██[38;2;49;79;140m██[38;2;49;79;140m██[38;2;49;79;140m██[38;2;49;79;140m██[38;2;49;79;140m██[38;2;49;79;140m██[38;2;49;79;140m██[38;2;49;79;140m██[38;2;49;79;140m██[38;2;49;79;140m██[38;2;36;58;102m██[38;2;49;79;140m██[38;2;49;79;140m██[38;2;49;79;140m██                      
                    [38;2;49;79;140m██[38;2;49;79;140m██[38;2;49;79;140m██[38;2;16;16;16m██[38;2;16;16;16m██[38;2;36;58;102m██[38;2;49;79;140m██[38;2;49;79;140m██[38;2;49;79;140m██[38;2;49;79;140m██[38;2;49;79;140m██[38;2;49;79;140m██[38;2;49;79;140m██[38;2;36;58;102m██[38;2;36;58;102m██[38;2;99;155;166m██[38;2;99;155;166m██[38;2;99;155;166m██[38;2;99;155;166m██[38;2;49;79;140m██[38;2;49;79;140m██[38;2;49;79;140m██                
                [38;2;49;79;140m██[38;2;49;79;140m██[38;2;161;218;229m██[38;2;161;218;229m██[38;2;161;218;229m██[38;2;161;218;229m██[38;2;161;218;229m██[38;2;99;155;166m██[38;2;36;58;102m██[38;2;36;58;102m██[38;2;36;58;102m██[38;2;36;58;102m██[38;2;36;58;102m██[38;2;36;58;102m██[38;2;99;155;166m██[38;2;99;155;166m██[38;2;99;155;166m██[38;2;99;155;166m██[38;2;99;155;166m██[38;2;99;155;166m██[38;2;99;155;166m██[38;2;99;155;166m██[38;2;99;155;166m██[38;2;99;155;166m██[38;2;36;58;102m██              
              [38;2;49;79;140m██[38;2;161;218;229m██[38;2;161;218;229m██[38;2;161;218;229m██[38;2;161;218;229m██[38;2;161;218;229m██[38;2;161;218;229m██[38;2;161;218;229m██[38;2;161;218;229m██[38;2;161;218;229m██[38;2;161;218;229m██[38;2;161;218;229m██[38;2;161;218;229m██[38;2;161;218;229m██[38;2;161;218;229m██[38;2;161;218;229m██[38;2;161;218;229m██[38;2;99;155;166m██[38;2;99;155;166m██[38;2;99;155;166m██[38;2;99;155;166m██[38;2;99;155;166m██[38;2;99;155;166m██[38;2;99;155;166m██[38;2;99;155;166m██[38;2;36;58;102m██              
            [38;2;49;79;140m██[38;2;161;218;229m██[38;2;161;218;229m██[38;2;161;218;229m██[38;2;161;218;229m██[38;2;161;218;229m██[38;2;161;218;229m██[38;2;161;218;229m██[38;2;161;218;229m██[38;2;161;218;229m██[38;2;161;218;229m██[38;2;161;218;229m██[38;2;161;218;229m██[38;2;161;218;229m██[38;2;161;218;229m██[38;2;161;218;229m██[38;2;161;218;229m██[38;2;161;218;229m██[38;2;161;218;229m██[38;2;161;218;229m██[38;2;99;155;166m██[38;2;99;155;166m██[38;2;36;58;102m██[38;2;36;58;102m██[38;2;36;58;102m██[38;2;36;58;102m██                
            [38;2;49;79;140m██[38;2;161;218;229m██[38;2;161;218;229m██[38;2;161;218;229m██[38;2;161;218;229m██[38;2;99;155;166m██[38;2;161;218;229m██[38;2;161;218;229m██[38;2;161;218;229m██[38;2;161;218;229m██[38;2;161;218;229m██[38;2;161;218;229m██[38;2;161;218;229m██[38;2;161;218;229m██[38;2;161;218;229m██[38;2;99;155;166m██[38;2;161;218;229m██[38;2;161;218;229m██[38;2;161;218;229m██[38;2;161;218;229m██[38;2;161;218;229m██[38;2;161;218;229m██[38;2;36;58;102m██                      
              [38;2;49;79;140m██[38;2;49;79;140m██[38;2;49;79;140m██[38;2;49;79;140m██[38;2;49;79;140m██[38;2;99;155;166m██[38;2;161;218;229m██[38;2;161;218;229m██[38;2;161;218;229m██[38;2;161;218;229m██[38;2;161;218;229m██[38;2;161;218;229m██[38;2;99;155;166m██[38;2;36;58;102m██[38;2;36;58;102m██[38;2;36;58;102m██[38;2;99;155;166m██[38;2;161;218;229m██[38;2;161;218;229m██[38;2;161;218;229m██[38;2;36;58;102m██                        
                        [38;2;36;58;102m██[38;2;36;58;102m██[38;2;161;218;229m██[38;2;161;218;229m██[38;2;161;218;229m██[38;2;161;218;229m██[38;2;36;58;102m██[38;2;36;58;102m██[38;2;49;79;140m██[38;2;49;79;140m██[38;2;49;79;140m██[38;2;36;58;102m██[38;2;36;58;102m██[38;2;36;58;102m██[38;2;36;58;102m██                          
                        [38;2;36;58;102m██[38;2;49;79;140m██[38;2;36;58;102m██[38;2;36;58;102m██[38;2;36;58;102m██[38;2;36;58;102m██[38;2;49;79;140m██[38;2;49;79;140m██[38;2;49;79;140m██[38;2;49;79;140m██[38;2;49;79;140m██[38;2;67;108;191m██[38;2;67;108;191m██[38;2;67;108;191m██[38;2;36;58;102m██                          
                        [38;2;36;58;102m██[38;2;49;79;140m██[38;2;49;79;140m██[38;2;49;79;140m██[38;2;36;58;102m██[38;2;49;79;140m██[38;2;49;79;140m██[38;2;49;79;140m██[38;2;49;79;140m██[38;2;49;79;140m██[38;2;36;58;102m██[38;2;67;108;191m██[38;2;67;108;191m██[38;2;67;108;191m██[38;2;67;108;191m██[38;2;36;58;102m██                        
                      [38;2;36;58;102m██[38;2;67;108;191m██[38;2;67;108;191m██[38;2;67;108;191m██[38;2;49;79;140m██[38;2;16;16;16m██[38;2;49;79;140m██[38;2;49;79;140m██[38;2;49;79;140m██[38;2;49;79;140m██[38;2;49;79;140m██[38;2;36;58;102m██[38;2;67;108;191m██[38;2;67;108;191m██[38;2;67;108;191m██[38;2;67;108;191m██[38;2;36;58;102m██                        
                    [38;2;36;58;102m██[38;2;67;108;191m██[38;2;67;108;191m██[38;2;67;108;191m██[38;2;67;108;191m██[38;2;49;79;140m██[38;2;16;16;16m██[38;2;36;58;102m██[38;2;49;79;140m██[38;2;49;79;140m██[38;2;49;79;140m██[38;2;49;79;140m██[38;2;36;58;102m██[38;2;67;108;191m██[38;2;67;108;191m██[38;2;67;108;191m██[38;2;67;108;191m██[38;2;67;108;191m██[38;2;36;58;102m██                      
                  [38;2;36;58;102m██[38;2;67;108;191m██[38;2;67;108;191m██[38;2;67;108;191m██[38;2;67;108;191m██[38;2;67;108;191m██[38;2;16;16;16m██  [38;2;16;16;16m██[38;2;49;79;140m██[38;2;49;79;140m██[38;2;49;79;140m██[38;2;49;79;140m██[38;2;36;58;102m██[38;2;67;108;191m██[38;2;67;108;191m██[38;2;67;108;191m██[38;2;67;108;191m██[38;2;67;108;191m██[38;2;36;58;102m██                      
              [38;2;36;58;102m██[38;2;36;58;102m██[38;2;67;108;191m██[38;2;67;108;191m██[38;2;67;108;191m██[38;2;67;108;191m██[38;2;67;108;191m██[38;2;67;108;191m██[38;2;16;16;16m██[38;2;16;16;16m██[38;2;16;16;16m██[38;2;16;16;16m██[38;2;49;79;140m██[38;2;49;79;140m██[38;2;49;79;140m██[38;2;36;58;102m██[38;2;67;108;191m██[38;2;67;108;191m██[38;2;67;108;191m██[38;2;67;108;191m██[38;2;67;108;191m██[38;2;67;108;191m██[38;2;36;58;102m██      [38;2;36;58;102m██[38;2;36;58;102m██[38;2;36;58;102m██[38;2;36;58;102m██[38;2;36;58;102m██[38;2;36;58;102m██  
          [38;2;36;58;102m██[38;2;36;58;102m██[38;2;49;79;140m██[38;2;67;108;191m██[38;2;67;108;191m██[38;2;67;108;191m██[38;2;67;108;191m██[38;2;67;108;191m██[38;2;67;108;191m██[38;2;49;79;140m██[38;2;16;16;16m██[38;2;49;79;140m██[38;2;49;79;140m██[38;2;49;79;140m██[38;2;36;58;102m██[38;2;49;79;140m██[38;2;49;79;140m██[38;2;36;58;102m██[38;2;67;108;191m██[38;2;67;108;191m██[38;2;67;108;191m██[38;2;67;108;191m██[38;2;67;108;191m██[38;2;67;108;191m██[38;2;67;108;191m██[38;2;36;58;102m██[38;2;36;58;102m██[38;2;36;58;102m██[38;2;67;108;191m██[38;2;67;108;191m██[38;2;67;108;191m██[38;2;67;108;191m██[38;2;67;108;191m██[38;2;67;108;191m██[38;2;16;16;16m██
      [38;2;36;58;102m██[38;2;36;58;102m██[38;2;49;79;140m██[38;2;67;108;191m██[38;2;67;108;191m██[38;2;67;108;191m██[38;2;67;108;191m██[38;2;67;108;191m██[38;2;67;108;191m██[38;2;67;108;191m██[38;2;67;108;191m██[38;2;16;16;16m██[38;2;16;16;16m██[38;2;49;79;140m██[38;2;49;79;140m██[38;2;49;79;140m██[38;2;49;79;140m██[38;2;36;58;102m██[38;2;36;58;102m██[38;2;16;16;16m██[38;2;67;108;191m██[38;2;67;108;191m██[38;2;67;108;191m██[38;2;67;108;191m██[38;2;67;108;191m██[38;2;67;108;191m██[38;2;67;108;191m██[38;2;67;108;191m██[38;2;36;58;102m██[38;2;67;108;191m██[38;2;67;108;191m██[38;2;67;108;191m██[38;2;67;108;191m██[38;2;67;108;191m██[38;2;67;108;191m██[38;2;49;79;140m██[38;2;16;16;16m██
  [38;2;36;58;102m██[38;2;36;58;102m██[38;2;248;248;248m██[38;2;49;79;140m██[38;2;67;108;191m██[38;2;67;108;191m██[38;2;67;108;191m██[38;2;49;79;140m██[38;2;49;79;140m██[38;2;67;108;191m██[38;2;67;108;191m██[38;2;67;108;191m██[38;2;49;79;140m██[38;2;16;16;16m██  [38;2;16;16;16m██[38;2;16;16;16m██[38;2;49;79;140m██[38;2;49;79;140m██[38;2;49;79;140m██[38;2;49;79;140m██[38;2;16;16;16m██[38;2;67;108;191m██[38;2;67;108;191m██[38;2;67;108;191m██[38;2;67;108;191m██[38;2;67;108;191m██[38;2;67;108;191m██[38;2;67;108;191m██[38;2;67;108;191m██[38;2;67;108;191m██[38;2;36;58;102m██[38;2;67;108;191m██[38;2;67;108;191m██[38;2;67;108;191m██[38;2;67;108;191m██[38;2;49;79;140m██[38;2;16;16;16m██  
[38;2;36;58;102m██[38;2;67;108;191m██[38;2;248;248;248m██[38;2;128;128;128m██[38;2;49;79;140m██[38;2;67;108;191m██[38;2;67;108;191m██[38;2;49;79;140m██[38;2;248;248;248m██[38;2;49;79;140m██[38;2;67;108;191m██[38;2;67;108;191m██[38;2;49;79;140m██[38;2;16;16;16m██        [38;2;16;16;16m██[38;2;16;16;16m██[38;2;16;16;16m██[38;2;16;16;16m██[38;2;16;16;16m██[38;2;67;108;191m██[38;2;67;108;191m██[38;2;67;108;191m██[38;2;67;108;191m██[38;2;67;108;191m██[38;2;67;108;191m██[38;2;67;108;191m██[38;2;67;108;191m██[38;2;67;108;191m██[38;2;67;108;191m██[38;2;36;58;102m██[38;2;49;79;140m██[38;2;49;79;140m██[38;2;16;16;16m██[38;2;16;16;16m██    
[38;2;36;58;102m██[38;2;49;79;140m██[38;2;191;191;191m██[38;2;36;58;102m██[38;2;49;79;140m██[38;2;49;79;140m██[38;2;36;58;102m██[38;2;248;248;248m██[38;2;128;128;128m██[38;2;49;79;140m██[38;2;49;79;140m██[38;2;49;79;140m██[38;2;16;16;16m██                  [38;2;16;16;16m██[38;2;67;108;191m██[38;2;67;108;191m██[38;2;49;79;140m██[38;2;49;79;140m██[38;2;67;108;191m██[38;2;67;108;191m██[38;2;67;108;191m██[38;2;49;79;140m██[38;2;49;79;140m██[38;2;67;108;191m██[38;2;67;108;191m██[38;2;16;16;16m██[38;2;16;16;16m██        
  [38;2;16;16;16m██[38;2;16;16;16m██[38;2;36;58;102m██[38;2;49;79;140m██[38;2;49;79;140m██[38;2;36;58;102m██[38;2;191;191;191m██[38;2;36;58;102m██[38;2;49;79;140m██[38;2;16;16;16m██[38;2;16;16;16m██                    [38;2;16;16;16m██[38;2;67;108;191m██[38;2;67;108;191m██[38;2;49;79;140m██[38;2;248;248;248m██[38;2;49;79;140m██[38;2;67;108;191m██[38;2;67;108;191m██[38;2;49;79;140m██[38;2;248;248;248m██[38;2;49;79;140m██[38;2;67;108;191m██[38;2;49;79;140m██[38;2;16;16;16m██        
      [38;2;16;16;16m██[38;2;16;16;16m██[38;2;16;16;16m██[38;2;16;16;16m██[38;2;16;16;16m██[38;2;16;16;16m██[38;2;16;16;16m██                        [38;2;16;16;16m██[38;2;49;79;140m██[38;2;49;79;140m██[38;2;49;79;140m██[38;2;248;248;248m██[38;2;36;58;102m██[38;2;49;79;140m██[38;2;49;79;140m██[38;2;49;79;140m██[38;2;128;128;128m██[38;2;248;248;248m██[38;2;36;58;102m██[38;2;49;79;140m██[38;2;16;16;16m██        
                                              [38;2;16;16;16m██[38;2;16;16;16m██[38;2;36;58;102m██[38;2;191;191;191m██[38;2;36;58;102m██[38;2;49;79;140m██[38;2;49;79;140m██[38;2;49;79;140m██[38;2;36;58;102m██[38;2;191;191;191m██[38;2;16;16;16m██[38;2;16;16;16m██          
                                                  [38;2;16;16;16m██[38;2;16;16;16m██[38;2;16;16;16m██[38;2;16;16;16m██[38;2;16;16;16m██[38;2;16;16;16m██[38;2;16;16;16m██[38;2;16;16;16m██              
