                                                [38;2;39;44;35m██[38;2;39;44;35m██[38;2;39;44;35m██[38;2;39;44;35m██[38;2;39;44;35m██                              
                                          [38;2;39;44;35m██[38;2;39;44;35m██[38;2;39;44;35m██[38;2;84;97;82m██[38;2;84;97;82m██[38;2;84;97;82m██[38;2;84;97;82m██[38;2;8;8;8m██                              
                                      [38;2;39;44;35m██[38;2;39;44;35m██[38;2;84;97;82m██[38;2;84;97;82m██[38;2;84;97;82m██[38;2;84;97;82m██[38;2;84;97;82m██[38;2;84;97;82m██[38;2;84;97;82m██[38;2;8;8;8m██                              
                                  [38;2;39;44;35m██[38;2;39;44;35m██[38;2;84;97;82m██[38;2;84;97;82m██[38;2;84;97;82m██[38;2;84;97;82m██[38;2;84;97;82m██[38;2;84;97;82m██[38;2;84;97;82m██[38;2;84;97;82m██[38;2;8;8;8m██                                
                              [38;2;39;44;35m██[38;2;39;44;35m██[38;2;84;97;82m██[38;2;84;97;82m██[38;2;84;97;82m██[38;2;84;97;82m██[38;2;84;97;82m██[38;2;84;97;82m██[38;2;84;97;82m██[38;2;84;97;82m██[38;2;84;97;82m██[38;2;60;65;54m██[38;2;8;8;8m██                                
                            [38;2;39;44;35m██[38;2;84;97;82m██[38;2;84;97;82m██[38;2;84;97;82m██[38;2;84;97;82m██[38;2;84;97;82m██[38;2;84;97;82m██[38;2;84;97;82m██[38;2;84;97;82m██[38;2;84;97;82m██[38;2;84;97;82m██[38;2;84;97;82m██[38;2;8;8;8m██  [38;2;39;44;35m██[38;2;39;44;35m██[38;2;39;44;35m██[38;2;39;44;35m██[38;2;39;44;35m██                      
                          [38;2;39;44;35m██[38;2;84;97;82m██[38;2;84;97;82m██[38;2;84;97;82m██[38;2;84;97;82m██[38;2;84;97;82m██[38;2;84;97;82m██[38;2;84;97;82m██[38;2;84;97;82m██[38;2;84;97;82m██[38;2;84;97;82m██[38;2;84;97;82m██[38;2;60;65;54m██[38;2;8;8;8m██[38;2;39;44;35m██[38;2;84;97;82m██[38;2;84;97;82m██[38;2;84;97;82m██[38;2;84;97;82m██[38;2;8;8;8m██                      
                        [38;2;39;44;35m██[38;2;84;97;82m██[38;2;84;97;82m██[38;2;84;97;82m██[38;2;84;97;82m██[38;2;84;97;82m██[38;2;84;97;82m██[38;2;84;97;82m██[38;2;84;97;82m██[38;2;84;97;82m██[38;2;84;97;82m██[38;2;84;97;82m██[38;2;84;97;82m██[38;2;39;44;35m██[38;2;84;97;82m██[38;2;84;97;82m██[38;2;84;97;82m██[38;2;84;97;82m██[38;2;84;97;82m██[38;2;8;8;8m██                        
                      [38;2;60;65;54m██[38;2;60;65;54m██[38;2;84;97;82m██[38;2;84;97;82m██[38;2;84;97;82m██[38;2;60;65;54m██[38;2;60;65;54m██[38;2;60;65;54m██[38;2;84;97;82m██[38;2;84;97;82m██[38;2;84;97;82m██[38;2;84;97;82m██[38;2;84;97;82m██[38;2;60;65;54m██[38;2;84;97;82m██[38;2;84;97;82m██[38;2;84;97;82m██[38;2;84;97;82m██[38;2;60;65;54m██[38;2;8;8;8m██                          
                      [38;2;60;65;54m██[38;2;60;65;54m██[38;2;84;97;82m██[38;2;60;65;54m██[38;2;195;195;195m██[38;2;141;130;44m██[38;2;221;208;57m██[38;2;221;208;57m██[38;2;60;65;54m██[38;2;84;97;82m██[38;2;84;97;82m██[38;2;84;97;82m██[38;2;84;97;82m██[38;2;84;97;82m██[38;2;84;97;82m██[38;2;84;97;82m██[38;2;84;97;82m██[38;2;8;8;8m██[38;2;8;8;8m██                            
                    [38;2;60;65;54m██[38;2;252;252;252m██[38;2;60;65;54m██[38;2;60;65;54m██[38;2;252;252;252m██[38;2;141;130;44m██[38;2;221;208;57m██[38;2;221;208;57m██[38;2;221;208;57m██[38;2;141;130;44m██[38;2;60;65;54m██[38;2;84;97;82m██[38;2;84;97;82m██[38;2;84;97;82m██[38;2;84;97;82m██[38;2;84;97;82m██[38;2;60;65;54m██[38;2;8;8;8m██                                
                    [38;2;60;65;54m██[38;2;252;252;252m██[38;2;60;65;54m██[38;2;252;252;252m██[38;2;141;130;44m██[38;2;221;208;57m██[38;2;221;208;57m██[38;2;221;208;57m██[38;2;221;208;57m██[38;2;252;252;252m██[38;2;195;195;195m██[38;2;84;97;82m██[38;2;84;97;82m██[38;2;84;97;82m██[38;2;84;97;82m██[38;2;60;65;54m██[38;2;39;44;35m██[38;2;39;44;35m██[38;2;39;44;35m██[38;2;39;44;35m██                            
                    [38;2;60;65;54m██[38;2;252;252;252m██[38;2;252;252;252m██[38;2;252;252;252m██[38;2;8;8;8m██[38;2;252;252;252m██[38;2;8;8;8m██[38;2;94;194;227m██[38;2;94;194;227m██[38;2;252;252;252m██[38;2;252;252;252m██[38;2;60;65;54m██[38;2;84;97;82m██[38;2;84;97;82m██[38;2;84;97;82m██[38;2;84;97;82m██[38;2;84;97;82m██[38;2;60;65;54m██[38;2;60;65;54m██[38;2;60;65;54m██[38;2;8;8;8m██                          
                  [38;2;84;38;94m██[38;2;167;83;176m██[38;2;84;38;94m██[38;2;252;252;252m██[38;2;252;252;252m██[38;2;8;8;8m██[38;2;84;97;82m██[38;2;8;8;8m██[38;2;94;194;227m██[38;2;94;194;227m██[38;2;252;252;252m██[38;2;252;252;252m██[38;2;60;65;54m██[38;2;84;97;82m██[38;2;84;97;82m██[38;2;84;97;82m██[38;2;60;65;54m██[38;2;60;65;54m██[38;2;60;65;54m██[38;2;8;8;8m██[38;2;8;8;8m██                            
                [38;2;84;38;94m██[38;2;167;83;176m██[38;2;167;83;176m██[38;2;167;83;176m██[38;2;84;38;94m██[38;2;252;252;252m██[38;2;8;8;8m██[38;2;84;97;82m██[38;2;8;8;8m██[38;2;94;194;227m██[38;2;94;194;227m██[38;2;252;252;252m██[38;2;252;252;252m██[38;2;60;65;54m██[38;2;84;97;82m██[38;2;60;65;54m██[38;2;60;65;54m██[38;2;8;8;8m██[38;2;8;8;8m██[38;2;8;8;8m██                                
              [38;2;84;38;94m██[38;2;167;83;176m██[38;2;167;83;176m██[38;2;167;83;176m██[38;2;167;83;176m██[38;2;84;38;94m██[38;2;252;252;252m██[38;2;252;252;252m██[38;2;8;8;8m██[38;2;94;194;227m██[38;2;94;194;227m██[38;2;252;252;252m██[38;2;252;252;252m██[38;2;60;65;54m██[38;2;84;97;82m██[38;2;60;65;54m██[38;2;8;8;8m██[38;2;8;8;8m██                                      
            [38;2;84;38;94m██[38;2;167;83;176m██[38;2;167;83;176m██[38;2;167;83;176m██[38;2;167;83;176m██[38;2;167;83;176m██[38;2;167;83;176m██[38;2;84;38;94m██[38;2;252;252;252m██[38;2;252;252;252m██[38;2;252;252;252m██[38;2;252;252;252m██[38;2;252;252;252m██[38;2;195;195;195m██[38;2;84;97;82m██[38;2;84;97;82m██[38;2;8;8;8m██                                          
          [38;2;84;38;94m██[38;2;244;62;143m██[38;2;167;83;176m██[38;2;167;83;176m██[38;2;167;83;176m██[38;2;167;83;176m██[38;2;167;83;176m██[38;2;167;83;176m██[38;2;84;38;94m██[38;2;195;195;195m██[38;2;252;252;252m██[38;2;252;252;252m██[38;2;252;252;252m██[38;2;252;252;252m██[38;2;195;195;195m██[38;2;84;97;82m██[38;2;84;97;82m██[38;2;8;8;8m██                                          
        [38;2;84;38;94m██[38;2;244;62;143m██[38;2;244;62;143m██[38;2;244;62;143m██[38;2;167;83;176m██[38;2;167;83;176m██[38;2;167;83;176m██[38;2;8;8;8m██[38;2;8;8;8m██[38;2;8;8;8m██[38;2;8;8;8m██[38;2;8;8;8m██[38;2;195;195;195m██[38;2;252;252;252m██[38;2;252;252;252m██[38;2;252;252;252m██[38;2;195;195;195m██[38;2;244;62;143m██[38;2;84;97;82m██[38;2;8;8;8m██                                        
      [38;2;39;44;35m██[38;2;244;62;143m██[38;2;244;62;143m██[38;2;244;62;143m██[38;2;244;62;143m██[38;2;167;83;176m██[38;2;8;8;8m██[38;2;8;8;8m██          [38;2;84;38;94m██[38;2;244;62;143m██[38;2;252;252;252m██[38;2;252;252;252m██[38;2;252;252;252m██[38;2;244;62;143m██[38;2;202;28;111m██[38;2;8;8;8m██                          [38;2;39;44;35m██    [38;2;39;44;35m██[38;2;39;44;35m██    
    [38;2;39;44;35m██[38;2;84;97;82m██[38;2;84;97;82m██[38;2;244;62;143m██[38;2;244;62;143m██[38;2;8;8;8m██[38;2;8;8;8m██                [38;2;84;38;94m██[38;2;244;62;143m██[38;2;252;252;252m██[38;2;252;252;252m██[38;2;244;62;143m██[38;2;244;62;143m██[38;2;202;28;111m██[38;2;8;8;8m██                      [38;2;39;44;35m██[38;2;84;97;82m██[38;2;39;44;35m██[38;2;39;44;35m██[38;2;84;97;82m██[38;2;39;44;35m██    
  [38;2;39;44;35m██[38;2;84;97;82m██[38;2;84;97;82m██[38;2;84;97;82m██[38;2;8;8;8m██[38;2;8;8;8m██                    [38;2;84;38;94m██[38;2;244;62;143m██[38;2;244;62;143m██[38;2;244;62;143m██[38;2;244;62;143m██[38;2;244;62;143m██[38;2;195;195;195m██[38;2;202;28;111m██[38;2;8;8;8m██                  [38;2;39;44;35m██[38;2;84;97;82m██[38;2;84;97;82m██[38;2;39;44;35m██[38;2;84;97;82m██[38;2;84;97;82m██[38;2;39;44;35m██[38;2;39;44;35m██[38;2;39;44;35m██
[38;2;39;44;35m██[38;2;84;97;82m██[38;2;84;97;82m██[38;2;8;8;8m██[38;2;8;8;8m██                      [38;2;39;44;35m██[38;2;84;38;94m██[38;2;252;252;252m██[38;2;244;62;143m██[38;2;244;62;143m██[38;2;244;62;143m██[38;2;244;62;143m██[38;2;252;252;252m██[38;2;195;195;195m██[38;2;84;97;82m██[38;2;8;8;8m██[38;2;39;44;35m██[38;2;39;44;35m██[38;2;39;44;35m██[38;2;39;44;35m██        [38;2;39;44;35m██[38;2;84;97;82m██[38;2;39;44;35m██[38;2;84;97;82m██[38;2;84;97;82m██[38;2;39;44;35m██[38;2;84;97;82m██[38;2;84;97;82m██[38;2;8;8;8m██
[38;2;8;8;8m██[38;2;8;8;8m██[38;2;8;8;8m██                        [38;2;39;44;35m██[38;2;84;97;82m██[38;2;84;38;94m██[38;2;252;252;252m██[38;2;252;252;252m██[38;2;244;62;143m██[38;2;244;62;143m██[38;2;252;252;252m██[38;2;252;252;252m██[38;2;252;252;252m██[38;2;195;195;195m██[38;2;39;44;35m██[38;2;84;97;82m██[38;2;84;97;82m██[38;2;84;97;82m██[38;2;84;97;82m██[38;2;39;44;35m██[38;2;39;44;35m██  [38;2;39;44;35m██[38;2;84;97;82m██[38;2;84;97;82m██[38;2;84;97;82m██[38;2;84;97;82m██[38;2;84;97;82m██[38;2;84;97;82m██[38;2;84;97;82m██[38;2;8;8;8m██  
                            [38;2;39;44;35m██[38;2;84;97;82m██[38;2;8;8;8m██[38;2;252;252;252m██[38;2;252;252;252m██[38;2;252;252;252m██[38;2;252;252;252m██[38;2;244;62;143m██[38;2;252;252;252m██[38;2;141;130;44m██[38;2;252;252;252m██[38;2;39;44;35m██[38;2;84;97;82m██[38;2;84;97;82m██[38;2;84;97;82m██[38;2;84;97;82m██[38;2;84;97;82m██[38;2;84;97;82m██[38;2;84;97;82m██[38;2;8;8;8m██[38;2;39;44;35m██[38;2;84;97;82m██[38;2;84;97;82m██[38;2;84;97;82m██[38;2;84;97;82m██[38;2;84;97;82m██[38;2;84;97;82m██[38;2;8;8;8m██    
                            [38;2;39;44;35m██[38;2;84;97;82m██[38;2;8;8;8m██[38;2;252;252;252m██[38;2;141;130;44m██[38;2;252;252;252m██[38;2;252;252;252m██[38;2;252;252;252m██[38;2;141;130;44m██[38;2;221;208;57m██[38;2;141;130;44m██[38;2;39;44;35m██[38;2;84;97;82m██[38;2;84;97;82m██[38;2;84;97;82m██[38;2;84;97;82m██[38;2;84;97;82m██[38;2;84;97;82m██[38;2;84;97;82m██[38;2;84;97;82m██[38;2;8;8;8m██[38;2;84;97;82m██[38;2;84;97;82m██[38;2;84;97;82m██[38;2;84;97;82m██[38;2;84;97;82m██[38;2;8;8;8m██      
                          [38;2;8;8;8m██[38;2;84;97;82m██[38;2;8;8;8m██[38;2;252;252;252m██[38;2;141;130;44m██[38;2;221;208;57m██[38;2;141;130;44m██[38;2;252;252;252m██[38;2;141;130;44m██[38;2;221;208;57m██[38;2;221;208;57m██[38;2;39;44;35m██[38;2;84;97;82m██[38;2;84;97;82m██[38;2;84;97;82m██[38;2;84;97;82m██[38;2;84;97;82m██[38;2;84;97;82m██[38;2;84;97;82m██[38;2;84;97;82m██[38;2;84;97;82m██[38;2;84;97;82m██[38;2;8;8;8m██[38;2;84;97;82m██[38;2;84;97;82m██[38;2;60;65;54m██[38;2;8;8;8m██        
                          [38;2;8;8;8m██[38;2;84;97;82m██[38;2;8;8;8m██[38;2;141;130;44m██[38;2;221;208;57m██[38;2;221;208;57m██[38;2;221;208;57m██[38;2;141;130;44m██[38;2;221;208;57m██[38;2;221;208;57m██[38;2;221;208;57m██[38;2;39;44;35m██[38;2;84;97;82m██[38;2;84;97;82m██[38;2;84;97;82m██[38;2;84;97;82m██[38;2;84;97;82m██[38;2;84;97;82m██[38;2;84;97;82m██[38;2;84;97;82m██[38;2;84;97;82m██[38;2;84;97;82m██[38;2;8;8;8m██[38;2;60;65;54m██[38;2;60;65;54m██[38;2;8;8;8m██[38;2;8;8;8m██        
                          [38;2;8;8;8m██[38;2;84;97;82m██[38;2;8;8;8m██[38;2;221;208;57m██[38;2;221;208;57m██[38;2;221;208;57m██[38;2;221;208;57m██[38;2;221;208;57m██[38;2;221;208;57m██[38;2;221;208;57m██[38;2;221;208;57m██[38;2;39;44;35m██[38;2;84;97;82m██[38;2;84;97;82m██[38;2;84;97;82m██[38;2;84;97;82m██[38;2;84;97;82m██[38;2;84;97;82m██[38;2;84;97;82m██[38;2;84;97;82m██[38;2;84;97;82m██[38;2;84;97;82m██[38;2;39;44;35m██[38;2;8;8;8m██[38;2;8;8;8m██[38;2;60;65;54m██[38;2;8;8;8m██        
                          [38;2;8;8;8m██[38;2;84;97;82m██[38;2;8;8;8m██[38;2;221;208;57m██[38;2;221;208;57m██[38;2;221;208;57m██[38;2;221;208;57m██[38;2;221;208;57m██[38;2;221;208;57m██[38;2;221;208;57m██[38;2;221;208;57m██[38;2;39;44;35m██[38;2;84;97;82m██[38;2;84;97;82m██[38;2;84;97;82m██[38;2;84;97;82m██[38;2;84;97;82m██[38;2;84;97;82m██[38;2;84;97;82m██[38;2;84;97;82m██[38;2;84;97;82m██[38;2;84;97;82m██[38;2;39;44;35m██[38;2;60;65;54m██[38;2;60;65;54m██[38;2;60;65;54m██[38;2;8;8;8m██        
                          [38;2;8;8;8m██[38;2;84;97;82m██[38;2;8;8;8m██[38;2;60;65;54m██[38;2;221;208;57m██[38;2;221;208;57m██[38;2;221;208;57m██[38;2;221;208;57m██[38;2;221;208;57m██[38;2;60;65;54m██[38;2;60;65;54m██[38;2;84;97;82m██[38;2;39;44;35m██[38;2;84;97;82m██[38;2;84;97;82m██[38;2;84;97;82m██[38;2;84;97;82m██[38;2;84;97;82m██[38;2;84;97;82m██[38;2;84;97;82m██[38;2;84;97;82m██[38;2;84;97;82m██[38;2;60;65;54m██[38;2;60;65;54m██[38;2;60;65;54m██[38;2;8;8;8m██          
                            [38;2;8;8;8m██[38;2;60;65;54m██[38;2;39;44;35m██[38;2;60;65;54m██[38;2;60;65;54m██[38;2;60;65;54m██[38;2;60;65;54m██[38;2;60;65;54m██[38;2;84;97;82m██[38;2;84;97;82m██[38;2;84;97;82m██[38;2;8;8;8m██[38;2;84;97;82m██[38;2;84;97;82m██[38;2;84;97;82m██[38;2;84;97;82m██[38;2;84;97;82m██[38;2;84;97;82m██[38;2;84;97;82m██[38;2;84;97;82m██[38;2;60;65;54m██[38;2;84;97;82m██[38;2;60;65;54m██[38;2;60;65;54m██[38;2;8;8;8m██          
                            [38;2;8;8;8m██[38;2;60;65;54m██[38;2;39;44;35m██[38;2;84;97;82m██[38;2;84;97;82m██[38;2;84;97;82m██[38;2;84;97;82m██[38;2;84;97;82m██[38;2;84;97;82m██[38;2;84;97;82m██[38;2;84;97;82m██[38;2;84;97;82m██[38;2;8;8;8m██[38;2;60;65;54m██[38;2;84;97;82m██[38;2;84;97;82m██[38;2;84;97;82m██[38;2;84;97;82m██[38;2;60;65;54m██[38;2;60;65;54m██[38;2;84;97;82m██[38;2;60;65;54m██[38;2;84;97;82m██[38;2;8;8;8m██            
                              [38;2;8;8;8m██[38;2;60;65;54m██[38;2;39;44;35m██[38;2;84;97;82m██[38;2;84;97;82m██[38;2;84;97;82m██[38;2;84;97;82m██[38;2;84;97;82m██[38;2;84;97;82m██[38;2;84;97;82m██[38;2;84;97;82m██[38;2;84;97;82m██[38;2;8;8;8m██[38;2;60;65;54m██[38;2;60;65;54m██[38;2;60;65;54m██[38;2;60;65;54m██[38;2;60;65;54m██[38;2;84;97;82m██[38;2;60;65;54m██[38;2;84;97;82m██[38;2;8;8;8m██              
                                [38;2;8;8;8m██[38;2;8;8;8m██[38;2;39;44;35m██[38;2;84;97;82m██[38;2;84;97;82m██[38;2;84;97;82m██[38;2;84;97;82m██[38;2;84;97;82m██[38;2;84;97;82m██[38;2;84;97;82m██[38;2;84;97;82m██[38;2;60;65;54m██[38;2;8;8;8m██[38;2;8;8;8m██[38;2;60;65;54m██[38;2;60;65;54m██[38;2;60;65;54m██[38;2;60;65;54m██[38;2;8;8;8m██[38;2;8;8;8m██                
                                    [38;2;8;8;8m██[38;2;8;8;8m██[38;2;39;44;35m██[38;2;84;97;82m██[38;2;84;97;82m██[38;2;84;97;82m██[38;2;84;97;82m██[38;2;60;65;54m██[38;2;60;65;54m██[38;2;60;65;54m██[38;2;60;65;54m██[38;2;60;65;54m██[38;2;8;8;8m██[38;2;8;8;8m██[38;2;8;8;8m██[38;2;8;8;8m██                    
                                        [38;2;8;8;8m██[38;2;39;44;35m██[38;2;60;65;54m██[38;2;60;65;54m██[38;2;60;65;54m██[38;2;60;65;54m██[38;2;60;65;54m██[38;2;60;65;54m██[38;2;60;65;54m██[38;2;60;65;54m██[38;2;60;65;54m██[38;2;60;65;54m██[38;2;8;8;8m██                      
                                        [38;2;8;8;8m██[38;2;60;65;54m██[38;2;60;65;54m██[38;2;60;65;54m██[38;2;39;44;35m██[38;2;8;8;8m██[38;2;8;8;8m██[38;2;60;65;54m██[38;2;60;65;54m██[38;2;60;65;54m██[38;2;60;65;54m██[38;2;60;65;54m██[38;2;8;8;8m██                      
                                          [38;2;8;8;8m██[38;2;60;65;54m██[38;2;60;65;54m██[38;2;60;65;54m██[38;2;8;8;8m██  [38;2;8;8;8m██[38;2;60;65;54m██[38;2;60;65;54m██[38;2;60;65;54m██[38;2;8;8;8m██                        
                                            [38;2;8;8;8m██[38;2;39;44;35m██[38;2;8;8;8m██      [38;2;8;8;8m██[38;2;39;44;35m██[38;2;39;44;35m██[38;2;8;8;8m██                        
                                            [38;2;60;65;54m██[38;2;123;169;191m██[38;2;8;8;8m██        [38;2;60;65;54m██[38;2;123;169;191m██[38;2;8;8;8m██                        
                                              [38;2;60;65;54m██[38;2;123;169;191m██[38;2;8;8;8m██        [38;2;60;65;54m██[38;2;123;169;191m██[38;2;8;8;8m██                      
                                              [38;2;60;65;54m██[38;2;123;169;191m██[38;2;8;8;8m██        [38;2;60;65;54m██[38;2;123;169;191m██[38;2;8;8;8m██                      
                                            [38;2;60;65;54m██[38;2;123;169;191m██[38;2;8;8;8m██          [38;2;60;65;54m██[38;2;123;169;191m██[38;2;8;8;8m██                      
                                          [38;2;60;65;54m██[38;2;123;169;191m██[38;2;8;8;8m██          [38;2;60;65;54m██[38;2;123;169;191m██[38;2;8;8;8m██                        
                                [38;2;60;65;54m██[38;2;60;65;54m██[38;2;60;65;54m██[38;2;60;65;54m██[38;2;60;65;54m██[38;2;123;169;191m██[38;2;60;65;54m██[38;2;8;8;8m██[38;2;8;8;8m██      [38;2;60;65;54m██[38;2;123;169;191m██[38;2;8;8;8m██                          
                              [38;2;60;65;54m██[38;2;123;169;191m██[38;2;123;169;191m██[38;2;60;65;54m██[38;2;123;169;191m██[38;2;123;169;191m██[38;2;123;169;191m██[38;2;123;169;191m██[38;2;123;169;191m██[38;2;123;169;191m██[38;2;8;8;8m██[38;2;60;65;54m██[38;2;60;65;54m██[38;2;123;169;191m██[38;2;60;65;54m██[38;2;8;8;8m██[38;2;8;8;8m██                        
                            [38;2;60;65;54m██[38;2;123;169;191m██[38;2;8;8;8m██[38;2;60;65;54m██[38;2;123;169;191m██[38;2;8;8;8m██[38;2;8;8;8m██[38;2;8;8;8m██[38;2;60;65;54m██[38;2;60;65;54m██[38;2;60;65;54m██[38;2;60;65;54m██[38;2;123;169;191m██[38;2;123;169;191m██[38;2;123;169;191m██[38;2;123;169;191m██[38;2;123;169;191m██[38;2;123;169;191m██[38;2;8;8;8m██                      
                            [38;2;60;65;54m██[38;2;8;8;8m██  [38;2;60;65;54m██[38;2;8;8;8m██    [38;2;60;65;54m██[38;2;123;169;191m██[38;2;123;169;191m██[38;2;60;65;54m██[38;2;123;169;191m██[38;2;123;169;191m██[38;2;8;8;8m██[38;2;8;8;8m██[38;2;8;8;8m██[38;2;8;8;8m██[38;2;8;8;8m██[38;2;8;8;8m██                      
                                          [38;2;60;65;54m██[38;2;123;169;191m██[38;2;8;8;8m██[38;2;60;65;54m██[38;2;123;169;191m██[38;2;8;8;8m██                                  
                                          [38;2;60;65;54m██[38;2;8;8;8m██  [38;2;60;65;54m██[38;2;8;8;8m██                                    
