                                                  [38;2;190;124;52m██                                                          
                                                [38;2;190;124;52m██[38;2;249;224;125m██[38;2;190;124;52m██    [38;2;133;44;52m██[38;2;133;44;52m██                                                
                                        [38;2;133;44;52m██[38;2;133;44;52m██  [38;2;190;124;52m██[38;2;249;224;125m██[38;2;249;224;125m██[38;2;249;224;125m██[38;2;133;44;52m██[38;2;133;44;52m██[38;2;241;107;84m██[38;2;133;44;52m██                                                
                                        [38;2;133;44;52m██[38;2;241;107;84m██[38;2;133;44;52m██[38;2;133;44;52m██[38;2;218;172;35m██[38;2;218;172;35m██[38;2;133;44;52m██[38;2;241;107;84m██[38;2;241;107;84m██[38;2;241;107;84m██[38;2;133;44;52m██[38;2;133;44;52m██[38;2;133;44;52m██                                            
                                        [38;2;133;44;52m██[38;2;241;107;84m██[38;2;241;107;84m██[38;2;241;107;84m██[38;2;133;44;52m██[38;2;218;172;35m██[38;2;133;44;52m██[38;2;241;107;84m██[38;2;241;107;84m██[38;2;241;107;84m██[38;2;133;44;52m██[38;2;213;68;94m██[38;2;16;16;16m██                                            
                                          [38;2;133;44;52m██[38;2;241;107;84m██[38;2;241;107;84m██[38;2;241;107;84m██[38;2;133;44;52m██[38;2;241;107;84m██[38;2;241;107;84m██[38;2;241;107;84m██[38;2;133;44;52m██[38;2;213;68;94m██[38;2;16;16;16m██                                              
                                      [38;2;133;44;52m██[38;2;133;44;52m██[38;2;133;44;52m██[38;2;133;44;52m██[38;2;241;107;84m██[38;2;241;107;84m██[38;2;241;107;84m██[38;2;241;107;84m██[38;2;241;107;84m██[38;2;213;68;94m██[38;2;133;44;52m██[38;2;133;44;52m██[38;2;133;44;52m██[38;2;16;16;16m██[38;2;16;16;16m██                                          
                                  [38;2;133;44;52m██[38;2;133;44;52m██[38;2;241;107;84m██[38;2;241;107;84m██[38;2;241;107;84m██[38;2;241;107;84m██[38;2;241;107;84m██[38;2;241;107;84m██[38;2;241;107;84m██[38;2;241;107;84m██[38;2;241;107;84m██[38;2;241;107;84m██[38;2;241;107;84m██[38;2;241;107;84m██[38;2;241;107;84m██[38;2;241;107;84m██[38;2;241;107;84m██[38;2;16;16;16m██[38;2;16;16;16m██                                      
                              [38;2;133;44;52m██[38;2;133;44;52m██[38;2;241;107;84m██[38;2;241;107;84m██[38;2;241;107;84m██[38;2;241;107;84m██[38;2;241;107;84m██[38;2;241;107;84m██[38;2;241;107;84m██[38;2;241;107;84m██[38;2;241;107;84m██[38;2;241;107;84m██[38;2;241;107;84m██[38;2;241;107;84m██[38;2;241;107;84m██[38;2;241;107;84m██[38;2;241;107;84m██[38;2;241;107;84m██[38;2;241;107;84m██[38;2;241;107;84m██[38;2;241;107;84m██[38;2;16;16;16m██[38;2;16;16;16m██                                  
                            [38;2;133;44;52m██[38;2;241;107;84m██[38;2;241;107;84m██[38;2;241;107;84m██[38;2;241;107;84m██[38;2;132;34;75m██[38;2;132;34;75m██[38;2;241;107;84m██[38;2;241;107;84m██[38;2;241;107;84m██[38;2;241;107;84m██[38;2;241;107;84m██[38;2;241;107;84m██[38;2;241;107;84m██[38;2;241;107;84m██[38;2;241;107;84m██[38;2;241;107;84m██[38;2;241;107;84m██[38;2;241;107;84m██[38;2;241;107;84m██[38;2;241;107;84m██[38;2;132;34;75m██[38;2;132;34;75m██[38;2;132;34;75m██[38;2;16;16;16m██    [38;2;132;34;75m██[38;2;132;34;75m██[38;2;132;34;75m██                      
                  [38;2;132;34;75m██[38;2;132;34;75m██[38;2;132;34;75m██[38;2;132;34;75m██[38;2;133;44;52m██[38;2;196;60;117m██[38;2;196;60;117m██[38;2;241;107;84m██[38;2;241;107;84m██[38;2;241;107;84m██[38;2;132;34;75m██[38;2;247;157;119m██[38;2;132;34;75m██[38;2;196;60;117m██[38;2;196;60;117m██[38;2;196;60;117m██[38;2;241;107;84m██[38;2;241;107;84m██[38;2;241;107;84m██[38;2;241;107;84m██[38;2;241;107;84m██[38;2;241;107;84m██[38;2;196;60;117m██[38;2;196;60;117m██[38;2;132;34;75m██[38;2;132;34;75m██[38;2;247;157;119m██[38;2;247;157;119m██[38;2;16;16;16m██[38;2;133;44;52m██[38;2;132;34;75m██[38;2;132;34;75m██[38;2;247;157;119m██[38;2;247;157;119m██[38;2;16;16;16m██                      
                  [38;2;16;16;16m██[38;2;247;157;119m██[38;2;247;157;119m██[38;2;247;157;119m██[38;2;132;34;75m██[38;2;132;34;75m██[38;2;233;107;160m██[38;2;196;60;117m██[38;2;241;107;84m██[38;2;196;60;117m██[38;2;132;34;75m██[38;2;247;157;119m██[38;2;247;157;119m██[38;2;132;34;75m██[38;2;233;107;160m██[38;2;233;107;160m██[38;2;196;60;117m██[38;2;196;60;117m██[38;2;241;107;84m██[38;2;241;107;84m██[38;2;196;60;117m██[38;2;196;60;117m██[38;2;233;107;160m██[38;2;132;34;75m██[38;2;247;157;119m██[38;2;247;157;119m██[38;2;247;157;119m██[38;2;16;16;16m██[38;2;132;34;75m██[38;2;132;34;75m██[38;2;247;157;119m██[38;2;247;157;119m██[38;2;247;157;119m██[38;2;16;16;16m██                        
                    [38;2;16;16;16m██[38;2;247;157;119m██[38;2;247;157;119m██[38;2;247;157;119m██[38;2;233;107;160m██[38;2;132;34;75m██[38;2;233;107;160m██[38;2;196;60;117m██[38;2;233;107;160m██[38;2;233;107;160m██[38;2;132;34;75m██[38;2;247;157;119m██[38;2;247;157;119m██[38;2;132;34;75m██[38;2;233;107;160m██[38;2;233;107;160m██[38;2;233;107;160m██[38;2;196;60;117m██[38;2;196;60;117m██[38;2;233;107;160m██[38;2;233;107;160m██[38;2;132;34;75m██[38;2;247;157;119m██[38;2;247;157;119m██[38;2;247;157;119m██[38;2;247;157;119m██[38;2;16;16;16m██[38;2;233;107;160m██[38;2;233;107;160m██[38;2;233;107;160m██[38;2;247;157;119m██[38;2;16;16;16m██                          
                      [38;2;16;16;16m██[38;2;247;157;119m██[38;2;233;107;160m██[38;2;233;107;160m██[38;2;233;107;160m██[38;2;233;107;160m██[38;2;196;60;117m██[38;2;233;107;160m██[38;2;233;107;160m██[38;2;132;34;75m██[38;2;247;157;119m██[38;2;233;107;160m██[38;2;132;34;75m██[38;2;233;107;160m██[38;2;233;107;160m██[38;2;233;107;160m██[38;2;233;107;160m██[38;2;196;60;117m██[38;2;233;107;160m██[38;2;233;107;160m██[38;2;132;34;75m██[38;2;233;107;160m██[38;2;247;157;119m██[38;2;247;157;119m██[38;2;16;16;16m██[38;2;233;107;160m██[38;2;196;60;117m██[38;2;233;107;160m██[38;2;233;107;160m██[38;2;16;16;16m██                            
                      [38;2;132;34;75m██[38;2;16;16;16m██[38;2;16;16;16m██[38;2;196;60;117m██[38;2;233;107;160m██[38;2;233;107;160m██[38;2;233;107;160m██[38;2;233;107;160m██[38;2;233;107;160m██[38;2;233;107;160m██[38;2;196;60;117m██[38;2;233;107;160m██[38;2;233;107;160m██[38;2;233;107;160m██[38;2;233;107;160m██[38;2;233;107;160m██[38;2;233;107;160m██[38;2;233;107;160m██[38;2;233;107;160m██[38;2;233;107;160m██[38;2;233;107;160m██[38;2;233;107;160m██[38;2;196;60;117m██[38;2;16;16;16m██[38;2;233;107;160m██[38;2;233;107;160m██[38;2;233;107;160m██[38;2;132;34;75m██[38;2;16;16;16m██[38;2;196;60;117m██[38;2;16;16;16m██                          
                      [38;2;132;34;75m██[38;2;233;107;160m██[38;2;233;107;160m██[38;2;233;107;160m██[38;2;233;107;160m██[38;2;233;107;160m██[38;2;233;107;160m██[38;2;233;107;160m██[38;2;233;107;160m██[38;2;233;107;160m██[38;2;233;107;160m██[38;2;233;107;160m██[38;2;233;107;160m██[38;2;233;107;160m██[38;2;233;107;160m██[38;2;233;107;160m██[38;2;233;107;160m██[38;2;233;107;160m██[38;2;233;107;160m██[38;2;233;107;160m██[38;2;233;107;160m██[38;2;233;107;160m██[38;2;233;107;160m██[38;2;233;107;160m██[38;2;233;107;160m██[38;2;233;107;160m██[38;2;196;60;117m██[38;2;233;107;160m██[38;2;233;107;160m██[38;2;196;60;117m██[38;2;16;16;16m██                          
                    [38;2;132;34;75m██[38;2;233;107;160m██[38;2;233;107;160m██[38;2;233;107;160m██[38;2;233;107;160m██[38;2;233;107;160m██[38;2;233;107;160m██[38;2;233;107;160m██[38;2;233;107;160m██[38;2;233;107;160m██[38;2;233;107;160m██[38;2;233;107;160m██[38;2;233;107;160m██[38;2;233;107;160m██[38;2;233;107;160m██[38;2;233;107;160m██[38;2;233;107;160m██[38;2;233;107;160m██[38;2;196;60;117m██[38;2;233;107;160m██[38;2;233;107;160m██[38;2;233;107;160m██[38;2;233;107;160m██[38;2;233;107;160m██[38;2;233;107;160m██[38;2;233;107;160m██[38;2;233;107;160m██[38;2;132;34;75m██[38;2;233;107;160m██[38;2;233;107;160m██[38;2;233;107;160m██[38;2;196;60;117m██[38;2;16;16;16m██                        
                    [38;2;132;34;75m██[38;2;233;107;160m██[38;2;233;107;160m██[38;2;233;107;160m██[38;2;233;107;160m██[38;2;233;107;160m██[38;2;233;107;160m██[38;2;196;60;117m██[38;2;132;34;75m██[38;2;132;34;75m██[38;2;132;34;75m██[38;2;233;107;160m██[38;2;233;107;160m██[38;2;233;107;160m██[38;2;233;107;160m██[38;2;233;107;160m██[38;2;233;107;160m██[38;2;233;107;160m██[38;2;196;60;117m██[38;2;233;107;160m██[38;2;233;107;160m██[38;2;233;107;160m██[38;2;233;107;160m██[38;2;233;107;160m██[38;2;233;107;160m██[38;2;233;107;160m██[38;2;233;107;160m██[38;2;132;34;75m██[38;2;132;34;75m██[38;2;132;34;75m██[38;2;233;107;160m██[38;2;196;60;117m██[38;2;16;16;16m██[38;2;132;34;75m██[38;2;132;34;75m██[38;2;132;34;75m██[38;2;132;34;75m██                
                [38;2;132;34;75m██[38;2;132;34;75m██[38;2;132;34;75m██[38;2;132;34;75m██[38;2;233;107;160m██[38;2;233;107;160m██[38;2;233;107;160m██[38;2;233;107;160m██[38;2;233;107;160m██[38;2;196;60;117m██[38;2;132;34;75m██[38;2;247;157;119m██[38;2;247;157;119m██[38;2;132;34;75m██[38;2;132;34;75m██[38;2;233;107;160m██[38;2;233;107;160m██[38;2;233;107;160m██[38;2;233;107;160m██[38;2;233;107;160m██[38;2;196;60;117m██[38;2;233;107;160m██[38;2;233;107;160m██[38;2;233;107;160m██[38;2;233;107;160m██[38;2;233;107;160m██[38;2;233;107;160m██[38;2;132;34;75m██[38;2;132;34;75m██[38;2;247;157;119m██[38;2;247;157;119m██[38;2;16;16;16m██[38;2;233;107;160m██[38;2;132;34;75m██[38;2;132;34;75m██[38;2;247;157;119m██[38;2;247;157;119m██[38;2;247;157;119m██[38;2;16;16;16m██[38;2;16;16;16m██[38;2;16;16;16m██            
              [38;2;16;16;16m██[38;2;247;157;119m██[38;2;247;157;119m██[38;2;247;157;119m██[38;2;233;107;160m██[38;2;196;60;117m██[38;2;233;107;160m██[38;2;233;107;160m██[38;2;233;107;160m██[38;2;233;107;160m██[38;2;132;34;75m██[38;2;233;107;160m██[38;2;132;34;75m██[38;2;247;157;119m██[38;2;247;157;119m██[38;2;233;107;160m██[38;2;196;60;117m██[38;2;233;107;160m██[38;2;233;107;160m██[38;2;233;107;160m██[38;2;233;107;160m██[38;2;132;34;75m██[38;2;233;107;160m██[38;2;233;107;160m██[38;2;233;107;160m██[38;2;233;107;160m██[38;2;233;107;160m██[38;2;132;34;75m██[38;2;247;157;119m██[38;2;247;157;119m██[38;2;247;157;119m██[38;2;16;16;16m██[38;2;233;107;160m██[38;2;233;107;160m██[38;2;233;107;160m██[38;2;233;107;160m██[38;2;247;157;119m██[38;2;247;157;119m██[38;2;16;16;16m██[38;2;247;157;119m██[38;2;247;157;119m██[38;2;16;16;16m██            
                [38;2;16;16;16m██[38;2;16;16;16m██[38;2;247;157;119m██[38;2;247;157;119m██[38;2;233;107;160m██[38;2;233;107;160m██[38;2;233;107;160m██[38;2;233;107;160m██[38;2;233;107;160m██[38;2;132;34;75m██[38;2;233;107;160m██[38;2;233;107;160m██[38;2;132;34;75m██[38;2;233;107;160m██[38;2;233;107;160m██[38;2;233;107;160m██[38;2;233;107;160m██[38;2;233;107;160m██[38;2;233;107;160m██[38;2;233;107;160m██[38;2;132;34;75m██[38;2;233;107;160m██[38;2;233;107;160m██[38;2;233;107;160m██[38;2;233;107;160m██[38;2;233;107;160m██[38;2;132;34;75m██[38;2;247;157;119m██[38;2;247;157;119m██[38;2;247;157;119m██[38;2;16;16;16m██[38;2;233;107;160m██[38;2;233;107;160m██[38;2;233;107;160m██[38;2;233;107;160m██[38;2;16;16;16m██[38;2;16;16;16m██[38;2;247;157;119m██[38;2;247;157;119m██[38;2;16;16;16m██              
                  [38;2;16;16;16m██[38;2;16;16;16m██[38;2;16;16;16m██[38;2;16;16;16m██[38;2;132;34;75m██[38;2;233;107;160m██[38;2;233;107;160m██[38;2;233;107;160m██[38;2;16;16;16m██[38;2;233;107;160m██[38;2;233;107;160m██[38;2;233;107;160m██[38;2;132;34;75m██[38;2;196;60;117m██[38;2;233;107;160m██[38;2;233;107;160m██[38;2;233;107;160m██[38;2;233;107;160m██[38;2;233;107;160m██[38;2;132;34;75m██[38;2;196;60;117m██[38;2;233;107;160m██[38;2;233;107;160m██[38;2;233;107;160m██[38;2;233;107;160m██[38;2;233;107;160m██[38;2;233;107;160m██[38;2;247;157;119m██[38;2;16;16;16m██[38;2;132;34;75m██[38;2;233;107;160m██[38;2;233;107;160m██[38;2;132;34;75m██[38;2;16;16;16m██[38;2;132;34;75m██[38;2;247;157;119m██[38;2;247;157;119m██[38;2;16;16;16m██                
                  [38;2;16;16;16m██[38;2;132;34;75m██[38;2;233;107;160m██[38;2;233;107;160m██[38;2;233;107;160m██[38;2;233;107;160m██[38;2;233;107;160m██[38;2;233;107;160m██[38;2;16;16;16m██[38;2;132;34;75m██[38;2;233;107;160m██[38;2;233;107;160m██[38;2;233;107;160m██[38;2;233;107;160m██[38;2;233;107;160m██[38;2;233;107;160m██[38;2;233;107;160m██[38;2;233;107;160m██[38;2;233;107;160m██[38;2;132;34;75m██[38;2;16;16;16m██[38;2;233;107;160m██[38;2;233;107;160m██[38;2;233;107;160m██[38;2;233;107;160m██[38;2;233;107;160m██[38;2;196;60;117m██[38;2;132;34;75m██[38;2;233;107;160m██[38;2;132;34;75m██[38;2;233;107;160m██[38;2;233;107;160m██[38;2;233;107;160m██[38;2;233;107;160m██[38;2;132;34;75m██[38;2;132;34;75m██[38;2;16;16;16m██                  
                  [38;2;16;16;16m██[38;2;132;34;75m██[38;2;233;107;160m██[38;2;233;107;160m██[38;2;233;107;160m██[38;2;233;107;160m██[38;2;233;107;160m██[38;2;233;107;160m██[38;2;16;16;16m██[38;2;132;34;75m██[38;2;233;107;160m██[38;2;233;107;160m██[38;2;233;107;160m██[38;2;233;107;160m██[38;2;233;107;160m██[38;2;233;107;160m██[38;2;233;107;160m██[38;2;233;107;160m██[38;2;132;34;75m██[38;2;213;68;94m██[38;2;16;16;16m██[38;2;233;107;160m██[38;2;233;107;160m██[38;2;233;107;160m██[38;2;233;107;160m██[38;2;233;107;160m██[38;2;233;107;160m██[38;2;233;107;160m██[38;2;233;107;160m██[38;2;132;34;75m██[38;2;233;107;160m██[38;2;233;107;160m██[38;2;233;107;160m██[38;2;233;107;160m██[38;2;132;34;75m██[38;2;196;60;117m██[38;2;16;16;16m██                  
                [38;2;16;16;16m██[38;2;196;60;117m██[38;2;132;34;75m██[38;2;233;107;160m██[38;2;233;107;160m██[38;2;233;107;160m██[38;2;233;107;160m██[38;2;233;107;160m██[38;2;233;107;160m██[38;2;16;16;16m██[38;2;213;68;94m██[38;2;132;34;75m██[38;2;233;107;160m██[38;2;233;107;160m██[38;2;233;107;160m██[38;2;233;107;160m██[38;2;233;107;160m██[38;2;233;107;160m██[38;2;233;107;160m██[38;2;132;34;75m██[38;2;213;68;94m██[38;2;16;16;16m██[38;2;233;107;160m██[38;2;233;107;160m██[38;2;233;107;160m██[38;2;233;107;160m██[38;2;233;107;160m██[38;2;233;107;160m██[38;2;233;107;160m██[38;2;233;107;160m██[38;2;132;34;75m██[38;2;233;107;160m██[38;2;233;107;160m██[38;2;233;107;160m██[38;2;233;107;160m██[38;2;233;107;160m██[38;2;132;34;75m██[38;2;196;60;117m██[38;2;16;16;16m██                
                [38;2;16;16;16m██[38;2;196;60;117m██[38;2;132;34;75m██[38;2;233;107;160m██[38;2;233;107;160m██[38;2;233;107;160m██[38;2;233;107;160m██[38;2;233;107;160m██[38;2;233;107;160m██[38;2;16;16;16m██[38;2;133;44;52m██[38;2;132;34;75m██[38;2;233;107;160m██[38;2;233;107;160m██[38;2;233;107;160m██[38;2;233;107;160m██[38;2;233;107;160m██[38;2;233;107;160m██[38;2;132;34;75m██[38;2;133;44;52m██[38;2;133;44;52m██[38;2;16;16;16m██[38;2;196;60;117m██[38;2;233;107;160m██[38;2;233;107;160m██[38;2;233;107;160m██[38;2;233;107;160m██[38;2;233;107;160m██[38;2;233;107;160m██[38;2;233;107;160m██[38;2;233;107;160m██[38;2;132;34;75m██[38;2;233;107;160m██[38;2;233;107;160m██[38;2;233;107;160m██[38;2;233;107;160m██[38;2;132;34;75m██[38;2;196;60;117m██[38;2;16;16;16m██                
              [38;2;16;16;16m██[38;2;196;60;117m██[38;2;132;34;75m██[38;2;233;107;160m██[38;2;233;107;160m██[38;2;233;107;160m██[38;2;233;107;160m██[38;2;233;107;160m██[38;2;233;107;160m██[38;2;233;107;160m██[38;2;16;16;16m██[38;2;249;224;125m██[38;2;196;60;117m██[38;2;132;34;75m██[38;2;233;107;160m██[38;2;233;107;160m██[38;2;233;107;160m██[38;2;233;107;160m██[38;2;132;34;75m██[38;2;249;224;125m██[38;2;196;60;117m██[38;2;249;224;125m██[38;2;241;107;84m██[38;2;16;16;16m██[38;2;233;107;160m██[38;2;233;107;160m██[38;2;233;107;160m██[38;2;233;107;160m██[38;2;233;107;160m██[38;2;233;107;160m██[38;2;233;107;160m██[38;2;233;107;160m██[38;2;132;34;75m██[38;2;233;107;160m██[38;2;233;107;160m██[38;2;233;107;160m██[38;2;233;107;160m██[38;2;233;107;160m██[38;2;132;34;75m██[38;2;196;60;117m██[38;2;16;16;16m██              
              [38;2;16;16;16m██[38;2;196;60;117m██[38;2;132;34;75m██[38;2;233;107;160m██[38;2;233;107;160m██[38;2;233;107;160m██[38;2;233;107;160m██[38;2;233;107;160m██[38;2;233;107;160m██[38;2;233;107;160m██[38;2;16;16;16m██[38;2;249;224;125m██[38;2;218;172;35m██[38;2;196;60;117m██[38;2;132;34;75m██[38;2;132;34;75m██[38;2;132;34;75m██[38;2;132;34;75m██[38;2;249;224;125m██[38;2;196;60;117m██[38;2;218;172;35m██[38;2;249;224;125m██[38;2;241;107;84m██[38;2;16;16;16m██[38;2;233;107;160m██[38;2;233;107;160m██[38;2;233;107;160m██[38;2;233;107;160m██[38;2;233;107;160m██[38;2;233;107;160m██[38;2;233;107;160m██[38;2;233;107;160m██[38;2;132;34;75m██[38;2;233;107;160m██[38;2;233;107;160m██[38;2;233;107;160m██[38;2;233;107;160m██[38;2;233;107;160m██[38;2;132;34;75m██[38;2;196;60;117m██[38;2;16;16;16m██              
            [38;2;16;16;16m██[38;2;196;60;117m██[38;2;196;60;117m██[38;2;132;34;75m██[38;2;233;107;160m██[38;2;233;107;160m██[38;2;233;107;160m██[38;2;233;107;160m██[38;2;233;107;160m██[38;2;233;107;160m██[38;2;196;60;117m██[38;2;16;16;16m██[38;2;241;107;84m██[38;2;249;224;125m██[38;2;249;224;125m██[38;2;213;68;94m██[38;2;241;107;84m██[38;2;241;107;84m██[38;2;241;107;84m██[38;2;241;107;84m██[38;2;249;224;125m██[38;2;249;224;125m██[38;2;241;107;84m██[38;2;241;107;84m██[38;2;16;16;16m██[38;2;196;60;117m██[38;2;233;107;160m██[38;2;233;107;160m██[38;2;233;107;160m██[38;2;233;107;160m██[38;2;233;107;160m██[38;2;233;107;160m██[38;2;233;107;160m██[38;2;233;107;160m██[38;2;132;34;75m██[38;2;233;107;160m██[38;2;233;107;160m██[38;2;233;107;160m██[38;2;233;107;160m██[38;2;233;107;160m██[38;2;16;16;16m██[38;2;196;60;117m██[38;2;16;16;16m██            
            [38;2;16;16;16m██[38;2;196;60;117m██[38;2;132;34;75m██[38;2;233;107;160m██[38;2;233;107;160m██[38;2;233;107;160m██[38;2;233;107;160m██[38;2;233;107;160m██[38;2;233;107;160m██[38;2;233;107;160m██[38;2;16;16;16m██[38;2;196;60;117m██[38;2;16;16;16m██[38;2;241;107;84m██[38;2;133;44;52m██[38;2;241;107;84m██[38;2;133;44;52m██[38;2;133;44;52m██[38;2;241;107;84m██[38;2;241;107;84m██[38;2;133;44;52m██[38;2;241;107;84m██[38;2;241;107;84m██[38;2;16;16;16m██[38;2;196;60;117m██[38;2;16;16;16m██[38;2;233;107;160m██[38;2;233;107;160m██[38;2;233;107;160m██[38;2;233;107;160m██[38;2;233;107;160m██[38;2;233;107;160m██[38;2;233;107;160m██[38;2;233;107;160m██[38;2;132;34;75m██[38;2;233;107;160m██[38;2;233;107;160m██[38;2;233;107;160m██[38;2;233;107;160m██[38;2;233;107;160m██[38;2;16;16;16m██[38;2;196;60;117m██[38;2;16;16;16m██            
          [38;2;16;16;16m██[38;2;196;60;117m██[38;2;196;60;117m██[38;2;132;34;75m██[38;2;233;107;160m██[38;2;233;107;160m██[38;2;233;107;160m██[38;2;233;107;160m██[38;2;233;107;160m██[38;2;233;107;160m██[38;2;233;107;160m██[38;2;16;16;16m██[38;2;196;60;117m██[38;2;196;60;117m██[38;2;133;44;52m██[38;2;253;253;253m██[38;2;133;44;52m██[38;2;133;44;52m██[38;2;253;253;253m██[38;2;133;44;52m██[38;2;133;44;52m██[38;2;253;253;253m██[38;2;16;16;16m██[38;2;16;16;16m██[38;2;196;60;117m██[38;2;196;60;117m██[38;2;16;16;16m██[38;2;233;107;160m██[38;2;233;107;160m██[38;2;233;107;160m██[38;2;233;107;160m██[38;2;233;107;160m██[38;2;233;107;160m██[38;2;233;107;160m██[38;2;233;107;160m██[38;2;233;107;160m██[38;2;16;16;16m██[38;2;233;107;160m██[38;2;233;107;160m██[38;2;233;107;160m██[38;2;233;107;160m██[38;2;233;107;160m██[38;2;16;16;16m██[38;2;196;60;117m██[38;2;16;16;16m██          
        [38;2;16;16;16m██[38;2;196;60;117m██[38;2;196;60;117m██[38;2;132;34;75m██[38;2;233;107;160m██[38;2;233;107;160m██[38;2;233;107;160m██[38;2;233;107;160m██[38;2;233;107;160m██[38;2;233;107;160m██[38;2;233;107;160m██[38;2;233;107;160m██[38;2;16;16;16m██[38;2;196;60;117m██[38;2;196;60;117m██[38;2;196;60;117m██[38;2;196;60;117m██[38;2;16;16;16m██[38;2;16;16;16m██[38;2;16;16;16m██[38;2;16;16;16m██[38;2;16;16;16m██[38;2;16;16;16m██[38;2;213;68;94m██[38;2;16;16;16m██[38;2;196;60;117m██[38;2;196;60;117m██[38;2;16;16;16m██[38;2;196;60;117m██[38;2;233;107;160m██[38;2;233;107;160m██[38;2;233;107;160m██[38;2;233;107;160m██[38;2;233;107;160m██[38;2;233;107;160m██[38;2;233;107;160m██[38;2;233;107;160m██[38;2;16;16;16m██[38;2;233;107;160m██[38;2;233;107;160m██[38;2;233;107;160m██[38;2;233;107;160m██[38;2;233;107;160m██[38;2;233;107;160m██[38;2;16;16;16m██[38;2;196;60;117m██[38;2;16;16;16m██        
      [38;2;16;16;16m██[38;2;196;60;117m██[38;2;196;60;117m██[38;2;132;34;75m██[38;2;233;107;160m██[38;2;233;107;160m██[38;2;233;107;160m██[38;2;233;107;160m██[38;2;233;107;160m██[38;2;233;107;160m██[38;2;233;107;160m██[38;2;233;107;160m██[38;2;196;60;117m██[38;2;16;16;16m██[38;2;196;60;117m██[38;2;196;60;117m██[38;2;196;60;117m██[38;2;196;60;117m██[38;2;133;44;52m██[38;2;213;68;94m██[38;2;213;68;94m██[38;2;213;68;94m██[38;2;213;68;94m██[38;2;213;68;94m██[38;2;213;68;94m██[38;2;133;44;52m██[38;2;133;44;52m██[38;2;196;60;117m██[38;2;196;60;117m██[38;2;16;16;16m██[38;2;233;107;160m██[38;2;233;107;160m██[38;2;233;107;160m██[38;2;233;107;160m██[38;2;233;107;160m██[38;2;233;107;160m██[38;2;233;107;160m██[38;2;233;107;160m██[38;2;233;107;160m██[38;2;16;16;16m██[38;2;233;107;160m██[38;2;233;107;160m██[38;2;233;107;160m██[38;2;233;107;160m██[38;2;233;107;160m██[38;2;196;60;117m██[38;2;16;16;16m██[38;2;196;60;117m██[38;2;16;16;16m██      
      [38;2;16;16;16m██[38;2;196;60;117m██[38;2;132;34;75m██[38;2;233;107;160m██[38;2;233;107;160m██[38;2;233;107;160m██[38;2;233;107;160m██[38;2;233;107;160m██[38;2;233;107;160m██[38;2;233;107;160m██[38;2;233;107;160m██[38;2;233;107;160m██[38;2;16;16;16m██[38;2;196;60;117m██[38;2;196;60;117m██[38;2;196;60;117m██[38;2;196;60;117m██[38;2;133;44;52m██[38;2;241;107;84m██[38;2;241;107;84m██[38;2;213;68;94m██[38;2;213;68;94m██[38;2;213;68;94m██[38;2;213;68;94m██[38;2;241;107;84m██[38;2;241;107;84m██[38;2;213;68;94m██[38;2;16;16;16m██[38;2;196;60;117m██[38;2;16;16;16m██[38;2;196;60;117m██[38;2;233;107;160m██[38;2;233;107;160m██[38;2;233;107;160m██[38;2;233;107;160m██[38;2;233;107;160m██[38;2;233;107;160m██[38;2;233;107;160m██[38;2;233;107;160m██[38;2;233;107;160m██[38;2;16;16;16m██[38;2;233;107;160m██[38;2;233;107;160m██[38;2;233;107;160m██[38;2;233;107;160m██[38;2;233;107;160m██[38;2;196;60;117m██[38;2;16;16;16m██[38;2;196;60;117m██[38;2;16;16;16m██    
    [38;2;16;16;16m██[38;2;196;60;117m██[38;2;196;60;117m██[38;2;132;34;75m██[38;2;233;107;160m██[38;2;233;107;160m██[38;2;233;107;160m██[38;2;233;107;160m██[38;2;233;107;160m██[38;2;233;107;160m██[38;2;233;107;160m██[38;2;233;107;160m██[38;2;233;107;160m██[38;2;16;16;16m██[38;2;196;60;117m██[38;2;132;34;75m██[38;2;196;60;117m██[38;2;16;16;16m██[38;2;241;107;84m██[38;2;241;107;84m██[38;2;241;107;84m██[38;2;241;107;84m██[38;2;241;107;84m██[38;2;133;44;52m██[38;2;241;107;84m██[38;2;241;107;84m██[38;2;241;107;84m██[38;2;241;107;84m██[38;2;16;16;16m██[38;2;196;60;117m██[38;2;196;60;117m██[38;2;16;16;16m██[38;2;233;107;160m██[38;2;233;107;160m██[38;2;233;107;160m██[38;2;233;107;160m██[38;2;233;107;160m██[38;2;233;107;160m██[38;2;233;107;160m██[38;2;233;107;160m██[38;2;233;107;160m██[38;2;196;60;117m██[38;2;16;16;16m██[38;2;233;107;160m██[38;2;233;107;160m██[38;2;233;107;160m██[38;2;233;107;160m██[38;2;196;60;117m██[38;2;16;16;16m██[38;2;196;60;117m██[38;2;16;16;16m██    
    [38;2;16;16;16m██[38;2;196;60;117m██[38;2;132;34;75m██[38;2;233;107;160m██[38;2;233;107;160m██[38;2;233;107;160m██[38;2;233;107;160m██[38;2;233;107;160m██[38;2;233;107;160m██[38;2;233;107;160m██[38;2;233;107;160m██[38;2;233;107;160m██[38;2;196;60;117m██[38;2;16;16;16m██[38;2;196;60;117m██[38;2;132;34;75m██[38;2;196;60;117m██[38;2;16;16;16m██[38;2;241;107;84m██[38;2;241;107;84m██[38;2;133;44;52m██[38;2;241;107;84m██[38;2;241;107;84m██[38;2;133;44;52m██[38;2;16;16;16m██[38;2;241;107;84m██[38;2;241;107;84m██[38;2;241;107;84m██[38;2;16;16;16m██[38;2;196;60;117m██[38;2;196;60;117m██[38;2;16;16;16m██[38;2;196;60;117m██[38;2;233;107;160m██[38;2;233;107;160m██[38;2;233;107;160m██[38;2;233;107;160m██[38;2;233;107;160m██[38;2;233;107;160m██[38;2;233;107;160m██[38;2;233;107;160m██[38;2;233;107;160m██[38;2;16;16;16m██[38;2;233;107;160m██[38;2;233;107;160m██[38;2;233;107;160m██[38;2;233;107;160m██[38;2;233;107;160m██[38;2;196;60;117m██[38;2;16;16;16m██[38;2;241;107;84m██[38;2;16;16;16m██  
  [38;2;132;34;75m██[38;2;132;34;75m██[38;2;196;60;117m██[38;2;132;34;75m██[38;2;233;107;160m██[38;2;233;107;160m██[38;2;233;107;160m██[38;2;233;107;160m██[38;2;233;107;160m██[38;2;233;107;160m██[38;2;233;107;160m██[38;2;233;107;160m██[38;2;196;60;117m██[38;2;16;16;16m██[38;2;196;60;117m██[38;2;196;60;117m██[38;2;132;34;75m██[38;2;196;60;117m██[38;2;196;60;117m██[38;2;16;16;16m██[38;2;16;16;16m██[38;2;16;16;16m██[38;2;241;107;84m██[38;2;241;107;84m██[38;2;16;16;16m██[38;2;213;68;94m██[38;2;16;16;16m██[38;2;16;16;16m██[38;2;16;16;16m██[38;2;196;60;117m██[38;2;196;60;117m██[38;2;196;60;117m██[38;2;196;60;117m██[38;2;16;16;16m██[38;2;233;107;160m██[38;2;233;107;160m██[38;2;233;107;160m██[38;2;233;107;160m██[38;2;233;107;160m██[38;2;233;107;160m██[38;2;233;107;160m██[38;2;233;107;160m██[38;2;233;107;160m██[38;2;196;60;117m██[38;2;16;16;16m██[38;2;233;107;160m██[38;2;233;107;160m██[38;2;233;107;160m██[38;2;233;107;160m██[38;2;196;60;117m██[38;2;16;16;16m██[38;2;241;107;84m██[38;2;241;107;84m██[38;2;16;16;16m██
[38;2;132;34;75m██[38;2;241;107;84m██[38;2;241;107;84m██[38;2;196;60;117m██[38;2;132;34;75m██[38;2;233;107;160m██[38;2;233;107;160m██[38;2;233;107;160m██[38;2;196;60;117m██[38;2;233;107;160m██[38;2;233;107;160m██[38;2;196;60;117m██[38;2;196;60;117m██[38;2;196;60;117m██[38;2;16;16;16m██[38;2;196;60;117m██[38;2;16;16;16m██[38;2;16;16;16m██[38;2;196;60;117m██[38;2;196;60;117m██[38;2;196;60;117m██[38;2;133;44;52m██[38;2;213;68;94m██[38;2;16;16;16m██[38;2;16;16;16m██[38;2;213;68;94m██[38;2;213;68;94m██[38;2;213;68;94m██[38;2;133;44;52m██[38;2;196;60;117m██[38;2;196;60;117m██[38;2;196;60;117m██[38;2;196;60;117m██[38;2;16;16;16m██[38;2;16;16;16m██[38;2;196;60;117m██[38;2;233;107;160m██[38;2;233;107;160m██[38;2;233;107;160m██[38;2;233;107;160m██[38;2;233;107;160m██[38;2;233;107;160m██[38;2;233;107;160m██[38;2;233;107;160m██[38;2;196;60;117m██[38;2;16;16;16m██[38;2;233;107;160m██[38;2;233;107;160m██[38;2;233;107;160m██[38;2;233;107;160m██[38;2;132;34;75m██[38;2;16;16;16m██[38;2;16;16;16m██[38;2;16;16;16m██[38;2;16;16;16m██
[38;2;16;16;16m██[38;2;16;16;16m██[38;2;16;16;16m██[38;2;16;16;16m██[38;2;132;34;75m██[38;2;132;34;75m██[38;2;233;107;160m██[38;2;233;107;160m██[38;2;196;60;117m██[38;2;196;60;117m██[38;2;196;60;117m██[38;2;196;60;117m██[38;2;196;60;117m██[38;2;16;16;16m██[38;2;16;16;16m██[38;2;16;16;16m██    [38;2;16;16;16m██[38;2;196;60;117m██[38;2;133;44;52m██[38;2;213;68;94m██[38;2;213;68;94m██[38;2;213;68;94m██[38;2;213;68;94m██[38;2;213;68;94m██[38;2;213;68;94m██[38;2;213;68;94m██[38;2;241;107;84m██[38;2;133;44;52m██[38;2;133;44;52m██[38;2;16;16;16m██[38;2;16;16;16m██    [38;2;16;16;16m██[38;2;196;60;117m██[38;2;196;60;117m██[38;2;233;107;160m██[38;2;233;107;160m██[38;2;233;107;160m██[38;2;196;60;117m██[38;2;233;107;160m██[38;2;233;107;160m██[38;2;196;60;117m██[38;2;16;16;16m██[38;2;196;60;117m██[38;2;233;107;160m██[38;2;196;60;117m██[38;2;233;107;160m██[38;2;247;157;119m██[38;2;16;16;16m██      
        [38;2;132;34;75m██[38;2;247;157;119m██[38;2;247;157;119m██[38;2;233;107;160m██[38;2;132;34;75m██[38;2;196;60;117m██[38;2;196;60;117m██[38;2;16;16;16m██[38;2;16;16;16m██          [38;2;133;44;52m██[38;2;133;44;52m██[38;2;241;107;84m██[38;2;241;107;84m██[38;2;213;68;94m██[38;2;213;68;94m██[38;2;213;68;94m██[38;2;213;68;94m██[38;2;241;107;84m██[38;2;241;107;84m██[38;2;241;107;84m██[38;2;241;107;84m██[38;2;241;107;84m██[38;2;133;44;52m██        [38;2;16;16;16m██[38;2;196;60;117m██[38;2;196;60;117m██[38;2;196;60;117m██[38;2;196;60;117m██[38;2;196;60;117m██[38;2;233;107;160m██[38;2;233;107;160m██[38;2;132;34;75m██[38;2;16;16;16m██[38;2;196;60;117m██[38;2;196;60;117m██[38;2;196;60;117m██[38;2;247;157;119m██[38;2;247;157;119m██[38;2;247;157;119m██[38;2;132;34;75m██    
        [38;2;132;34;75m██[38;2;247;157;119m██[38;2;247;157;119m██[38;2;241;107;84m██[38;2;16;16;16m██[38;2;16;16;16m██[38;2;16;16;16m██            [38;2;16;16;16m██[38;2;241;107;84m██[38;2;241;107;84m██[38;2;241;107;84m██[38;2;241;107;84m██[38;2;241;107;84m██[38;2;241;107;84m██[38;2;241;107;84m██[38;2;241;107;84m██[38;2;241;107;84m██[38;2;241;107;84m██[38;2;133;44;52m██[38;2;241;107;84m██[38;2;241;107;84m██[38;2;241;107;84m██[38;2;16;16;16m██        [38;2;16;16;16m██[38;2;16;16;16m██[38;2;196;60;117m██[38;2;196;60;117m██[38;2;132;34;75m██[38;2;233;107;160m██[38;2;247;157;119m██[38;2;247;157;119m██[38;2;132;34;75m██[38;2;196;60;117m██[38;2;196;60;117m██[38;2;132;34;75m██[38;2;241;107;84m██[38;2;247;157;119m██[38;2;247;157;119m██[38;2;132;34;75m██    
      [38;2;132;34;75m██[38;2;247;157;119m██[38;2;241;107;84m██[38;2;16;16;16m██[38;2;16;16;16m██                  [38;2;16;16;16m██[38;2;241;107;84m██[38;2;133;44;52m██[38;2;241;107;84m██[38;2;241;107;84m██[38;2;241;107;84m██[38;2;133;44;52m██[38;2;133;44;52m██[38;2;241;107;84m██[38;2;241;107;84m██[38;2;241;107;84m██[38;2;241;107;84m██[38;2;133;44;52m██[38;2;241;107;84m██[38;2;241;107;84m██[38;2;16;16;16m██            [38;2;16;16;16m██[38;2;16;16;16m██[38;2;16;16;16m██[38;2;241;107;84m██[38;2;247;157;119m██[38;2;247;157;119m██[38;2;132;34;75m██[38;2;16;16;16m██[38;2;16;16;16m██[38;2;16;16;16m██[38;2;16;16;16m██[38;2;16;16;16m██[38;2;241;107;84m██[38;2;247;157;119m██[38;2;132;34;75m██  
      [38;2;16;16;16m██[38;2;16;16;16m██[38;2;16;16;16m██                        [38;2;16;16;16m██[38;2;16;16;16m██[38;2;241;107;84m██[38;2;213;68;94m██[38;2;16;16;16m██[38;2;16;16;16m██[38;2;16;16;16m██[38;2;16;16;16m██[38;2;213;68;94m██[38;2;241;107;84m██[38;2;241;107;84m██[38;2;16;16;16m██[38;2;16;16;16m██[38;2;16;16;16m██                    [38;2;16;16;16m██[38;2;16;16;16m██[38;2;241;107;84m██[38;2;247;157;119m██[38;2;132;34;75m██        [38;2;16;16;16m██[38;2;16;16;16m██[38;2;16;16;16m██  
                                        [38;2;16;16;16m██[38;2;16;16;16m██        [38;2;16;16;16m██[38;2;16;16;16m██[38;2;16;16;16m██                              [38;2;16;16;16m██[38;2;16;16;16m██[38;2;16;16;16m██                
