                      [38;2;122;63;122m██[38;2;122;63;122m██[38;2;122;63;122m██            
                    [38;2;122;63;122m██[38;2;241;182;200m██[38;2;241;182;200m██[38;2;241;182;200m██[38;2;122;63;122m██          
                  [38;2;122;63;122m██[38;2;241;182;200m██[38;2;241;182;200m██[38;2;241;182;200m██[38;2;241;182;200m██[38;2;241;182;200m██[38;2;122;63;122m██        
                [38;2;122;63;122m██[38;2;241;182;200m██[38;2;241;182;200m██[38;2;241;182;200m██[38;2;241;182;200m██[38;2;241;182;200m██[38;2;241;182;200m██[38;2;122;63;122m██        
              [38;2;122;63;122m██[38;2;241;182;200m██[38;2;241;182;200m██[38;2;241;182;200m██[38;2;241;182;200m██[38;2;241;182;200m██[38;2;241;182;200m██[38;2;241;182;200m██[38;2;241;182;200m██[38;2;122;63;122m██      
              [38;2;122;63;122m██[38;2;241;182;200m██[38;2;241;182;200m██[38;2;241;182;200m██[38;2;241;182;200m██[38;2;241;182;200m██[38;2;241;182;200m██[38;2;241;182;200m██[38;2;241;182;200m██[38;2;122;63;122m██      
            [38;2;122;63;122m██[38;2;241;182;200m██[38;2;241;182;200m██[38;2;241;182;200m██[38;2;241;182;200m██[38;2;241;182;200m██[38;2;241;182;200m██[38;2;241;182;200m██[38;2;241;182;200m██[38;2;241;182;200m██[38;2;122;63;122m██      
            [38;2;122;63;122m██[38;2;241;182;200m██[38;2;241;182;200m██[38;2;241;182;200m██[38;2;241;182;200m██[38;2;241;182;200m██[38;2;241;182;200m██[38;2;241;182;200m██[38;2;241;182;200m██[38;2;241;182;200m██[38;2;224;124;141m██[38;2;16;16;16m██    
          [38;2;122;63;122m██[38;2;241;182;200m██[38;2;241;182;200m██[38;2;241;182;200m██[38;2;241;182;200m██[38;2;241;182;200m██[38;2;241;182;200m██[38;2;241;182;200m██[38;2;241;182;200m██[38;2;241;182;200m██[38;2;241;182;200m██[38;2;224;124;141m██[38;2;16;16;16m██    
          [38;2;122;63;122m██[38;2;241;182;200m██[38;2;241;182;200m██[38;2;241;182;200m██[38;2;241;182;200m██[38;2;241;182;200m██[38;2;241;182;200m██[38;2;241;182;200m██[38;2;241;182;200m██[38;2;241;182;200m██[38;2;241;182;200m██[38;2;224;124;141m██[38;2;16;16;16m██    
          [38;2;122;63;122m██[38;2;241;182;200m██[38;2;241;182;200m██[38;2;241;182;200m██[38;2;241;182;200m██[38;2;241;182;200m██[38;2;241;182;200m██[38;2;241;182;200m██[38;2;241;182;200m██[38;2;241;182;200m██[38;2;224;124;141m██[38;2;224;124;141m██[38;2;16;16;16m██    
        [38;2;122;63;122m██[38;2;181;145;196m██[38;2;241;182;200m██[38;2;241;182;200m██[38;2;241;182;200m██[38;2;241;182;200m██[38;2;241;182;200m██[38;2;241;182;200m██[38;2;241;182;200m██[38;2;241;182;200m██[38;2;241;182;200m██[38;2;224;124;141m██[38;2;224;124;141m██[38;2;16;16;16m██    
        [38;2;122;63;122m██[38;2;181;145;196m██[38;2;181;145;196m██[38;2;241;182;200m██[38;2;241;182;200m██[38;2;241;182;200m██[38;2;241;182;200m██[38;2;241;182;200m██[38;2;241;182;200m██[38;2;241;182;200m██[38;2;224;124;141m██[38;2;224;124;141m██[38;2;224;124;141m██[38;2;16;16;16m██    
        [38;2;122;63;122m██[38;2;181;145;196m██[38;2;181;145;196m██[38;2;241;182;200m██[38;2;241;182;200m██[38;2;241;182;200m██[38;2;241;182;200m██[38;2;241;182;200m██[38;2;181;145;196m██[38;2;181;145;196m██[38;2;157;112;177m██[38;2;224;124;141m██[38;2;224;124;141m██[38;2;16;16;16m██    
      [38;2;122;63;122m██[38;2;181;145;196m██[38;2;181;145;196m██[38;2;181;145;196m██[38;2;181;145;196m██[38;2;241;182;200m██[38;2;241;182;200m██[38;2;181;145;196m██[38;2;181;145;196m██[38;2;181;145;196m██[38;2;157;112;177m██[38;2;157;112;177m██[38;2;157;112;177m██[38;2;157;112;177m██[38;2;16;16;16m██    
    [38;2;111;128;168m██[38;2;122;63;122m██[38;2;181;145;196m██[38;2;181;145;196m██[38;2;181;145;196m██[38;2;181;145;196m██[38;2;181;145;196m██[38;2;181;145;196m██[38;2;181;145;196m██[38;2;181;145;196m██[38;2;157;112;177m██[38;2;157;112;177m██[38;2;157;112;177m██[38;2;157;112;177m██[38;2;157;112;177m██[38;2;16;16;16m██    
  [38;2;111;128;168m██[38;2;201;220;224m██[38;2;122;63;122m██[38;2;157;112;177m██[38;2;181;145;196m██[38;2;181;145;196m██[38;2;181;145;196m██[38;2;181;145;196m██[38;2;181;145;196m██[38;2;157;112;177m██[38;2;157;112;177m██[38;2;157;112;177m██[38;2;157;112;177m██[38;2;157;112;177m██[38;2;157;112;177m██[38;2;157;112;177m██[38;2;16;16;16m██    
  [38;2;111;128;168m██[38;2;201;220;224m██[38;2;201;220;224m██[38;2;16;16;16m██[38;2;16;16;16m██[38;2;157;112;177m██[38;2;157;112;177m██[38;2;157;112;177m██[38;2;157;112;177m██[38;2;157;112;177m██[38;2;157;112;177m██[38;2;157;112;177m██[38;2;157;112;177m██[38;2;157;112;177m██[38;2;157;112;177m██[38;2;111;128;168m██[38;2;111;128;168m██[38;2;111;128;168m██  
[38;2;111;128;168m██[38;2;201;220;224m██[38;2;201;220;224m██[38;2;201;220;224m██[38;2;201;220;224m██[38;2;201;220;224m██[38;2;16;16;16m██[38;2;16;16;16m██[38;2;16;16;16m██[38;2;157;112;177m██[38;2;157;112;177m██[38;2;157;112;177m██[38;2;157;112;177m██[38;2;157;112;177m██[38;2;111;128;168m██[38;2;111;128;168m██[38;2;201;220;224m██[38;2;201;220;224m██[38;2;201;220;224m██[38;2;16;16;16m██
[38;2;111;128;168m██[38;2;201;220;224m██[38;2;201;220;224m██[38;2;201;220;224m██[38;2;201;220;224m██[38;2;201;220;224m██[38;2;201;220;224m██[38;2;201;220;224m██[38;2;111;128;168m██[38;2;16;16;16m██[38;2;16;16;16m██[38;2;16;16;16m██[38;2;16;16;16m██[38;2;111;128;168m██[38;2;201;220;224m██[38;2;201;220;224m██[38;2;201;220;224m██[38;2;201;220;224m██[38;2;201;220;224m██[38;2;16;16;16m██
[38;2;111;128;168m██[38;2;201;220;224m██[38;2;181;145;196m██[38;2;181;145;196m██[38;2;201;220;224m██[38;2;181;145;196m██[38;2;181;145;196m██[38;2;201;220;224m██[38;2;111;128;168m██[38;2;101;96;75m██[38;2;202;185;172m██[38;2;16;16;16m██[38;2;122;63;122m██[38;2;201;220;224m██[38;2;201;220;224m██[38;2;201;220;224m██[38;2;201;220;224m██[38;2;201;220;224m██[38;2;201;220;224m██[38;2;16;16;16m██
[38;2;111;128;168m██[38;2;201;220;224m██[38;2;181;145;196m██[38;2;181;145;196m██[38;2;181;145;196m██[38;2;181;145;196m██[38;2;181;145;196m██[38;2;157;112;177m██[38;2;157;112;177m██[38;2;101;96;75m██[38;2;202;185;172m██[38;2;122;63;122m██[38;2;181;145;196m██[38;2;181;145;196m██[38;2;201;220;224m██[38;2;201;220;224m██[38;2;201;220;224m██[38;2;201;220;224m██[38;2;201;220;224m██[38;2;16;16;16m██
[38;2;111;128;168m██[38;2;201;220;224m██[38;2;181;145;196m██[38;2;181;145;196m██[38;2;181;145;196m██[38;2;181;145;196m██[38;2;122;63;122m██[38;2;122;63;122m██[38;2;157;112;177m██[38;2;101;96;75m██[38;2;202;185;172m██[38;2;122;63;122m██[38;2;181;145;196m██[38;2;181;145;196m██[38;2;201;220;224m██[38;2;201;220;224m██[38;2;201;220;224m██[38;2;201;220;224m██[38;2;157;112;177m██[38;2;16;16;16m██
  [38;2;122;63;122m██[38;2;181;145;196m██[38;2;181;145;196m██[38;2;122;63;122m██[38;2;122;63;122m██[38;2;202;185;172m██[38;2;16;16;16m██[38;2;122;63;122m██[38;2;101;96;75m██[38;2;202;185;172m██[38;2;122;63;122m██[38;2;181;145;196m██[38;2;181;145;196m██[38;2;181;145;196m██[38;2;201;220;224m██[38;2;201;220;224m██[38;2;157;112;177m██[38;2;16;16;16m██  
  [38;2;16;16;16m██[38;2;181;145;196m██[38;2;122;63;122m██[38;2;122;63;122m██[38;2;16;16;16m██[38;2;202;185;172m██[38;2;202;185;172m██[38;2;16;16;16m██[38;2;101;96;75m██[38;2;202;185;172m██[38;2;16;16;16m██[38;2;16;16;16m██[38;2;181;145;196m██[38;2;181;145;196m██[38;2;181;145;196m██[38;2;157;112;177m██[38;2;157;112;177m██[38;2;16;16;16m██  
    [38;2;16;16;16m██[38;2;122;63;122m██[38;2;122;63;122m██[38;2;122;63;122m██[38;2;16;16;16m██  [38;2;202;185;172m██[38;2;101;96;75m██[38;2;202;185;172m██[38;2;16;16;16m██[38;2;202;185;172m██[38;2;16;16;16m██[38;2;157;112;177m██[38;2;157;112;177m██[38;2;157;112;177m██[38;2;16;16;16m██    
      [38;2;16;16;16m██[38;2;16;16;16m██[38;2;16;16;16m██[38;2;101;96;75m██[38;2;101;96;75m██  [38;2;101;96;75m██[38;2;101;96;75m██[38;2;101;96;75m██[38;2;202;185;172m██[38;2;101;96;75m██[38;2;101;96;75m██[38;2;16;16;16m██[38;2;16;16;16m██      
        [38;2;101;96;75m██[38;2;101;96;75m██[38;2;249;240;213m██[38;2;249;240;213m██[38;2;101;96;75m██[38;2;249;240;213m██[38;2;249;240;213m██[38;2;249;240;213m██[38;2;101;96;75m██[38;2;249;240;213m██[38;2;249;240;213m██[38;2;101;96;75m██[38;2;16;16;16m██      
      [38;2;101;96;75m██[38;2;202;185;172m██[38;2;101;96;75m██[38;2;249;240;213m██[38;2;249;240;213m██[38;2;101;96;75m██[38;2;249;240;213m██[38;2;249;240;213m██[38;2;249;240;213m██[38;2;101;96;75m██[38;2;249;240;213m██[38;2;249;240;213m██[38;2;101;96;75m██[38;2;202;185;172m██[38;2;16;16;16m██    
      [38;2;101;96;75m██[38;2;202;185;172m██[38;2;101;96;75m██[38;2;249;240;213m██[38;2;249;240;213m██[38;2;101;96;75m██[38;2;249;240;213m██[38;2;249;240;213m██[38;2;202;185;172m██[38;2;101;96;75m██[38;2;249;240;213m██[38;2;249;240;213m██[38;2;101;96;75m██[38;2;202;185;172m██[38;2;16;16;16m██    
        [38;2;101;96;75m██[38;2;249;240;213m██[38;2;202;185;172m██[38;2;249;240;213m██[38;2;202;185;172m██[38;2;202;185;172m██[38;2;249;240;213m██[38;2;101;96;75m██[38;2;202;185;172m██[38;2;249;240;213m██[38;2;202;185;172m██[38;2;249;240;213m██[38;2;16;16;16m██      
        [38;2;101;96;75m██[38;2;249;240;213m██[38;2;249;240;213m██[38;2;249;240;213m██[38;2;249;240;213m██[38;2;249;240;213m██[38;2;249;240;213m██[38;2;249;240;213m██[38;2;249;240;213m██[38;2;249;240;213m██[38;2;249;240;213m██[38;2;249;240;213m██[38;2;16;16;16m██      
      [38;2;101;96;75m██[38;2;249;240;213m██[38;2;249;240;213m██[38;2;249;240;213m██[38;2;249;240;213m██[38;2;249;240;213m██[38;2;249;240;213m██[38;2;249;240;213m██[38;2;249;240;213m██[38;2;249;240;213m██[38;2;249;240;213m██[38;2;249;240;213m██[38;2;249;240;213m██[38;2;202;185;172m██[38;2;16;16;16m██    
      [38;2;101;96;75m██[38;2;249;240;213m██[38;2;249;240;213m██[38;2;101;96;75m██[38;2;202;185;172m██[38;2;249;240;213m██[38;2;249;240;213m██[38;2;202;185;172m██[38;2;101;96;75m██[38;2;249;240;213m██[38;2;249;240;213m██[38;2;249;240;213m██[38;2;249;240;213m██[38;2;202;185;172m██[38;2;16;16;16m██    
      [38;2;101;96;75m██[38;2;181;204;145m██[38;2;101;96;75m██[38;2;16;16;16m██[38;2;202;185;172m██[38;2;249;240;213m██[38;2;249;240;213m██[38;2;101;96;75m██[38;2;16;16;16m██[38;2;101;96;75m██[38;2;181;204;145m██[38;2;249;240;213m██[38;2;249;240;213m██[38;2;202;185;172m██[38;2;16;16;16m██    
      [38;2;16;16;16m██[38;2;122;153;81m██[38;2;101;96;75m██[38;2;16;16;16m██[38;2;202;185;172m██[38;2;249;240;213m██[38;2;249;240;213m██[38;2;101;96;75m██[38;2;16;16;16m██[38;2;101;96;75m██[38;2;122;153;81m██[38;2;181;204;145m██[38;2;249;240;213m██[38;2;202;185;172m██[38;2;16;16;16m██    
      [38;2;16;16;16m██[38;2;181;204;145m██[38;2;101;96;75m██[38;2;16;16;16m██[38;2;202;185;172m██[38;2;249;240;213m██[38;2;249;240;213m██[38;2;101;96;75m██[38;2;16;16;16m██[38;2;101;96;75m██[38;2;181;204;145m██[38;2;249;240;213m██[38;2;202;185;172m██[38;2;202;185;172m██[38;2;16;16;16m██    
        [38;2;101;96;75m██[38;2;249;240;213m██[38;2;101;96;75m██[38;2;202;185;172m██[38;2;249;240;213m██[38;2;249;240;213m██[38;2;202;185;172m██[38;2;101;96;75m██[38;2;249;240;213m██[38;2;249;240;213m██[38;2;249;240;213m██[38;2;202;185;172m██[38;2;101;96;75m██      
        [38;2;16;16;16m██[38;2;249;240;213m██[38;2;249;240;213m██[38;2;249;240;213m██[38;2;249;240;213m██[38;2;249;240;213m██[38;2;249;240;213m██[38;2;249;240;213m██[38;2;249;240;213m██[38;2;249;240;213m██[38;2;202;185;172m██[38;2;202;185;172m██[38;2;16;16;16m██      
          [38;2;16;16;16m██[38;2;202;185;172m██[38;2;249;240;213m██[38;2;249;240;213m██[38;2;249;240;213m██[38;2;249;240;213m██[38;2;249;240;213m██[38;2;202;185;172m██[38;2;202;185;172m██[38;2;202;185;172m██[38;2;16;16;16m██        
            [38;2;16;16;16m██[38;2;101;96;75m██[38;2;202;185;172m██[38;2;202;185;172m██[38;2;202;185;172m██[38;2;202;185;172m██[38;2;202;185;172m██[38;2;16;16;16m██[38;2;16;16;16m██          
                [38;2;16;16;16m██[38;2;101;96;75m██[38;2;202;185;172m██[38;2;16;16;16m██[38;2;16;16;16m██              
                  [38;2;101;96;75m██[38;2;202;185;172m██[38;2;16;16;16m██                
                  [38;2;101;96;75m██[38;2;122;153;81m██[38;2;16;16;16m██                
                  [38;2;101;96;75m██[38;2;122;153;81m██[38;2;16;16;16m██                
                  [38;2;101;96;75m██[38;2;181;204;145m██[38;2;16;16;16m██  [38;2;16;16;16m██[38;2;16;16;16m██          
      [38;2;101;96;75m██[38;2;101;96;75m██[38;2;101;96;75m██    [38;2;101;96;75m██[38;2;181;204;145m██[38;2;122;153;81m██[38;2;181;204;145m██[38;2;16;16;16m██[38;2;122;153;81m██[38;2;16;16;16m██  [38;2;101;96;75m██[38;2;101;96;75m██    
      [38;2;16;16;16m██[38;2;181;204;145m██[38;2;181;204;145m██[38;2;101;96;75m██[38;2;101;96;75m██[38;2;181;204;145m██[38;2;122;153;81m██[38;2;16;16;16m██[38;2;122;153;81m██[38;2;181;204;145m██[38;2;101;96;75m██[38;2;101;96;75m██[38;2;101;96;75m██[38;2;181;204;145m██[38;2;16;16;16m██    
        [38;2;16;16;16m██[38;2;101;96;75m██[38;2;181;204;145m██[38;2;181;204;145m██[38;2;122;153;81m██[38;2;16;16;16m██  [38;2;16;16;16m██[38;2;122;153;81m██[38;2;181;204;145m██[38;2;181;204;145m██[38;2;181;204;145m██[38;2;16;16;16m██      
            [38;2;16;16;16m██[38;2;16;16;16m██[38;2;16;16;16m██      [38;2;16;16;16m██[38;2;16;16;16m██[38;2;16;16;16m██[38;2;16;16;16m██        
