                                          [38;2;164;34;80m██[38;2;164;34;80m██[38;2;164;34;80m██[38;2;164;34;80m██                                                                        
                                      [38;2;164;34;80m██[38;2;164;34;80m██[38;2;241;139;185m██[38;2;241;139;185m██[38;2;241;139;185m██[38;2;241;139;185m██[38;2;164;34;80m██                                                                      
                                    [38;2;164;34;80m██[38;2;241;139;185m██[38;2;241;139;185m██[38;2;241;139;185m██[38;2;241;139;185m██[38;2;241;139;185m██[38;2;241;139;185m██[38;2;241;139;185m██[38;2;16;16;16m██                                                                    
                                  [38;2;164;34;80m██[38;2;241;214;214m██[38;2;241;139;185m██[38;2;241;139;185m██[38;2;241;214;214m██[38;2;241;214;214m██[38;2;241;214;214m██[38;2;241;214;214m██[38;2;241;139;185m██[38;2;16;16;16m██                                                                    
                                [38;2;164;34;80m██[38;2;241;214;214m██[38;2;241;214;214m██[38;2;241;214;214m██[38;2;241;214;214m██[38;2;241;214;214m██[38;2;241;214;214m██[38;2;241;214;214m██[38;2;241;214;214m██[38;2;241;214;214m██[38;2;16;16;16m██                                                                    
                              [38;2;164;34;80m██[38;2;241;214;214m██[38;2;241;214;214m██[38;2;241;214;214m██[38;2;241;214;214m██[38;2;241;214;214m██[38;2;241;214;214m██[38;2;241;214;214m██[38;2;241;214;214m██[38;2;241;214;214m██[38;2;241;214;214m██[38;2;16;16;16m██                                                                    
                              [38;2;164;34;80m██[38;2;241;214;214m██[38;2;241;214;214m██[38;2;241;214;214m██[38;2;241;214;214m██[38;2;241;214;214m██[38;2;241;214;214m██[38;2;241;214;214m██[38;2;241;214;214m██[38;2;241;214;214m██[38;2;16;16;16m██                                                                      
                            [38;2;164;34;80m██[38;2;241;214;214m██[38;2;241;214;214m██[38;2;241;214;214m██[38;2;241;214;214m██[38;2;241;214;214m██[38;2;241;214;214m██[38;2;241;214;214m██[38;2;241;214;214m██[38;2;241;214;214m██[38;2;241;214;214m██[38;2;16;16;16m██                                                                      
                            [38;2;164;34;80m██[38;2;241;214;214m██[38;2;241;214;214m██[38;2;241;214;214m██[38;2;241;214;214m██[38;2;241;214;214m██[38;2;241;214;214m██[38;2;241;214;214m██[38;2;241;214;214m██[38;2;241;214;214m██[38;2;16;16;16m██                                                                        
                          [38;2;164;34;80m██[38;2;241;139;185m██[38;2;241;214;214m██[38;2;241;214;214m██[38;2;241;214;214m██[38;2;241;214;214m██[38;2;241;139;185m██[38;2;241;139;185m██[38;2;241;139;185m██[38;2;241;214;214m██[38;2;241;214;214m██[38;2;16;16;16m██                                                                        
                          [38;2;164;34;80m██[38;2;241;139;185m██[38;2;241;139;185m██[38;2;241;214;214m██[38;2;241;139;185m██[38;2;241;139;185m██[38;2;241;139;185m██[38;2;241;139;185m██[38;2;241;139;185m██[38;2;241;139;185m██[38;2;16;16;16m██        [38;2;121;99;13m██[38;2;121;99;13m██[38;2;121;99;13m██                                                            
                          [38;2;164;34;80m██[38;2;241;139;185m██[38;2;241;139;185m██[38;2;241;139;185m██[38;2;241;139;185m██[38;2;241;139;185m██[38;2;241;139;185m██[38;2;241;139;185m██[38;2;241;139;185m██[38;2;16;16;16m██[38;2;121;99;13m██[38;2;121;99;13m██  [38;2;121;99;13m██[38;2;121;99;13m██[38;2;226;218;8m██[38;2;226;218;8m██[38;2;16;16;16m██                                                            
                          [38;2;164;34;80m██[38;2;241;139;185m██[38;2;170;157;12m██[38;2;241;139;185m██[38;2;241;139;185m██[38;2;241;139;185m██[38;2;241;139;185m██[38;2;241;139;185m██[38;2;16;16;16m██[38;2;170;157;12m██[38;2;226;218;8m██[38;2;226;218;8m██[38;2;121;99;13m██[38;2;170;157;12m██[38;2;226;218;8m██[38;2;226;218;8m██[38;2;16;16;16m██                                                              
                      [38;2;121;99;13m██  [38;2;164;34;80m██[38;2;121;99;13m██[38;2;226;218;8m██[38;2;241;139;185m██[38;2;241;139;185m██[38;2;241;139;185m██[38;2;164;34;80m██[38;2;16;16;16m██[38;2;170;157;12m██[38;2;226;218;8m██[38;2;226;218;8m██[38;2;226;218;8m██[38;2;226;218;8m██[38;2;226;218;8m██[38;2;226;218;8m██[38;2;121;99;13m██[38;2;16;16;16m██[38;2;16;16;16m██                                                            
                    [38;2;121;99;13m██[38;2;226;218;8m██[38;2;121;99;13m██[38;2;121;99;13m██[38;2;226;218;8m██[38;2;226;218;8m██[38;2;164;34;80m██[38;2;16;16;16m██[38;2;16;16;16m██[38;2;226;218;8m██[38;2;226;218;8m██[38;2;226;218;8m██[38;2;16;16;16m██[38;2;16;16;16m██[38;2;226;218;8m██[38;2;226;218;8m██[38;2;121;99;13m██[38;2;121;99;13m██[38;2;170;157;12m██[38;2;170;157;12m██[38;2;170;157;12m██[38;2;16;16;16m██                                                          
                    [38;2;121;99;13m██[38;2;226;218;8m██[38;2;226;218;8m██[38;2;226;218;8m██[38;2;170;157;12m██[38;2;226;218;8m██[38;2;226;218;8m██[38;2;226;218;8m██[38;2;170;157;12m██[38;2;226;218;8m██[38;2;16;16;16m██[38;2;16;16;16m██[38;2;253;253;253m██[38;2;16;16;16m██[38;2;226;218;8m██[38;2;226;218;8m██[38;2;226;218;8m██[38;2;170;157;12m██[38;2;170;157;12m██[38;2;16;16;16m██[38;2;16;16;16m██                                                            
                  [38;2;121;99;13m██[38;2;226;218;8m██[38;2;226;218;8m██[38;2;226;218;8m██[38;2;226;218;8m██[38;2;226;218;8m██[38;2;226;218;8m██[38;2;226;218;8m██[38;2;226;218;8m██[38;2;170;157;12m██[38;2;16;16;16m██[38;2;253;253;253m██[38;2;175;10;43m██[38;2;253;253;253m██[38;2;16;16;16m██[38;2;226;218;8m██[38;2;226;218;8m██[38;2;121;99;13m██[38;2;121;99;13m██[38;2;16;16;16m██                                                  [38;2;164;34;80m██[38;2;164;34;80m██[38;2;164;34;80m██[38;2;164;34;80m██      
                  [38;2;121;99;13m██[38;2;226;218;8m██[38;2;226;218;8m██[38;2;226;218;8m██[38;2;226;218;8m██[38;2;226;218;8m██[38;2;226;218;8m██[38;2;226;218;8m██[38;2;226;218;8m██[38;2;16;16;16m██[38;2;243;55;90m██[38;2;16;16;16m██[38;2;175;10;43m██[38;2;253;253;253m██[38;2;16;16;16m██[38;2;170;157;12m██[38;2;170;157;12m██[38;2;170;157;12m██[38;2;16;16;16m██                                                  [38;2;164;34;80m██[38;2;241;139;185m██[38;2;241;139;185m██[38;2;241;139;185m██[38;2;241;139;185m██[38;2;164;34;80m██    
                  [38;2;121;99;13m██[38;2;226;218;8m██[38;2;226;218;8m██[38;2;226;218;8m██[38;2;121;99;13m██[38;2;170;157;12m██[38;2;226;218;8m██[38;2;226;218;8m██[38;2;226;218;8m██[38;2;226;218;8m██[38;2;226;218;8m██[38;2;175;10;43m██[38;2;253;253;253m██[38;2;16;16;16m██[38;2;170;157;12m██[38;2;170;157;12m██[38;2;170;157;12m██[38;2;170;157;12m██[38;2;16;16;16m██                                                [38;2;164;34;80m██[38;2;241;139;185m██[38;2;241;139;185m██[38;2;241;139;185m██[38;2;241;139;185m██[38;2;241;139;185m██[38;2;241;139;185m██[38;2;164;34;80m██  
                  [38;2;121;99;13m██[38;2;226;218;8m██[38;2;226;218;8m██[38;2;226;218;8m██[38;2;170;157;12m██[38;2;226;218;8m██[38;2;226;218;8m██[38;2;121;99;13m██[38;2;121;99;13m██[38;2;226;218;8m██[38;2;226;218;8m██[38;2;121;99;13m██[38;2;121;99;13m██[38;2;170;157;12m██[38;2;170;157;12m██[38;2;170;157;12m██[38;2;170;157;12m██[38;2;16;16;16m██                                                  [38;2;164;34;80m██[38;2;241;139;185m██[38;2;241;139;185m██[38;2;241;139;185m██[38;2;241;139;185m██[38;2;241;139;185m██[38;2;241;139;185m██[38;2;164;34;80m██  
                    [38;2;121;99;13m██[38;2;226;218;8m██[38;2;226;218;8m██[38;2;226;218;8m██[38;2;226;218;8m██[38;2;226;218;8m██[38;2;121;99;13m██[38;2;170;157;12m██[38;2;121;99;13m██[38;2;121;99;13m██[38;2;170;157;12m██[38;2;121;99;13m██[38;2;170;157;12m██[38;2;170;157;12m██[38;2;170;157;12m██[38;2;170;157;12m██[38;2;16;16;16m██                                                [38;2;164;34;80m██[38;2;241;139;185m██[38;2;241;139;185m██[38;2;241;139;185m██[38;2;241;214;214m██[38;2;241;214;214m██[38;2;241;214;214m██[38;2;241;139;185m██[38;2;241;139;185m██[38;2;16;16;16m██
                    [38;2;121;99;13m██[38;2;226;218;8m██[38;2;226;218;8m██[38;2;226;218;8m██[38;2;121;99;13m██[38;2;121;99;13m██[38;2;170;157;12m██[38;2;170;157;12m██[38;2;170;157;12m██[38;2;170;157;12m██[38;2;170;157;12m██[38;2;121;99;13m██[38;2;170;157;12m██[38;2;170;157;12m██[38;2;170;157;12m██[38;2;16;16;16m██                                                  [38;2;164;34;80m██[38;2;241;139;185m██[38;2;241;139;185m██[38;2;241;214;214m██[38;2;241;214;214m██[38;2;241;214;214m██[38;2;241;214;214m██[38;2;241;214;214m██[38;2;241;139;185m██[38;2;16;16;16m██
                      [38;2;121;99;13m██[38;2;121;99;13m██[38;2;121;99;13m██[38;2;170;157;12m██[38;2;170;157;12m██[38;2;170;157;12m██[38;2;170;157;12m██[38;2;170;157;12m██[38;2;170;157;12m██[38;2;170;157;12m██[38;2;170;157;12m██[38;2;170;157;12m██[38;2;170;157;12m██[38;2;16;16;16m██                                                    [38;2;164;34;80m██[38;2;241;139;185m██[38;2;241;139;185m██[38;2;241;214;214m██[38;2;241;214;214m██[38;2;241;214;214m██[38;2;241;214;214m██[38;2;241;214;214m██[38;2;241;139;185m██[38;2;16;16;16m██
                        [38;2;16;16;16m██[38;2;170;157;12m██[38;2;170;157;12m██[38;2;170;157;12m██[38;2;170;157;12m██[38;2;170;157;12m██[38;2;170;157;12m██[38;2;170;157;12m██[38;2;16;16;16m██[38;2;16;16;16m██[38;2;121;99;13m██[38;2;170;157;12m██[38;2;16;16;16m██        [38;2;93;99;94m██[38;2;93;99;94m██                                        [38;2;164;34;80m██[38;2;241;139;185m██[38;2;241;139;185m██[38;2;241;214;214m██[38;2;241;214;214m██[38;2;241;214;214m██[38;2;241;214;214m██[38;2;241;214;214m██[38;2;241;139;185m██[38;2;16;16;16m██
                          [38;2;16;16;16m██[38;2;16;16;16m██[38;2;170;157;12m██[38;2;170;157;12m██[38;2;170;157;12m██[38;2;16;16;16m██[38;2;16;16;16m██[38;2;241;214;214m██[38;2;241;139;185m██[38;2;164;34;80m██[38;2;170;157;12m██[38;2;16;16;16m██      [38;2;93;99;94m██[38;2;253;253;253m██[38;2;16;16;16m██                                        [38;2;164;34;80m██[38;2;241;139;185m██[38;2;241;139;185m██[38;2;241;214;214m██[38;2;241;214;214m██[38;2;241;214;214m██[38;2;241;214;214m██[38;2;241;214;214m██[38;2;241;139;185m██[38;2;16;16;16m██
                              [38;2;16;16;16m██[38;2;16;16;16m██[38;2;16;16;16m██[38;2;241;214;214m██[38;2;241;214;214m██[38;2;241;214;214m██[38;2;241;139;185m██[38;2;164;34;80m██[38;2;170;157;12m██[38;2;16;16;16m██    [38;2;93;99;94m██[38;2;253;253;253m██[38;2;253;253;253m██[38;2;16;16;16m██                                        [38;2;164;34;80m██[38;2;241;139;185m██[38;2;241;139;185m██[38;2;241;214;214m██[38;2;241;214;214m██[38;2;241;214;214m██[38;2;241;214;214m██[38;2;241;214;214m██[38;2;241;139;185m██[38;2;16;16;16m██
                                  [38;2;164;34;80m██[38;2;241;214;214m██[38;2;241;214;214m██[38;2;241;139;185m██[38;2;241;139;185m██[38;2;164;34;80m██[38;2;170;157;12m██[38;2;16;16;16m██[38;2;93;99;94m██[38;2;93;99;94m██[38;2;253;253;253m██[38;2;253;253;253m██[38;2;16;16;16m██                                            [38;2;164;34;80m██[38;2;241;139;185m██[38;2;241;139;185m██[38;2;241;214;214m██[38;2;121;99;13m██[38;2;241;214;214m██[38;2;241;139;185m██[38;2;16;16;16m██  
                                    [38;2;164;34;80m██[38;2;241;139;185m██[38;2;241;139;185m██[38;2;164;34;80m██[38;2;170;157;12m██[38;2;226;218;8m██[38;2;16;16;16m██[38;2;253;253;253m██[38;2;253;253;253m██[38;2;253;253;253m██[38;2;253;253;253m██[38;2;16;16;16m██                                            [38;2;164;34;80m██[38;2;241;139;185m██[38;2;241;139;185m██[38;2;241;139;185m██[38;2;121;99;13m██[38;2;241;139;185m██[38;2;241;139;185m██[38;2;16;16;16m██  
                                  [38;2;164;34;80m██[38;2;241;214;214m██[38;2;164;34;80m██[38;2;164;34;80m██[38;2;241;139;185m██[38;2;164;34;80m██[38;2;226;218;8m██[38;2;226;218;8m██[38;2;121;99;13m██[38;2;253;253;253m██[38;2;253;253;253m██[38;2;93;99;94m██[38;2;93;99;94m██[38;2;93;99;94m██[38;2;93;99;94m██                                          [38;2;164;34;80m██[38;2;241;139;185m██[38;2;121;99;13m██[38;2;226;218;8m██[38;2;121;99;13m██[38;2;16;16;16m██    
                                  [38;2;164;34;80m██[38;2;241;214;214m██[38;2;241;214;214m██[38;2;241;214;214m██[38;2;241;139;185m██[38;2;164;34;80m██[38;2;226;218;8m██[38;2;226;218;8m██[38;2;121;99;13m██[38;2;253;253;253m██[38;2;253;253;253m██[38;2;253;253;253m██[38;2;253;253;253m██[38;2;253;253;253m██[38;2;16;16;16m██                                            [38;2;164;34;80m██[38;2;121;99;13m██[38;2;226;218;8m██[38;2;16;16;16m██      
                                  [38;2;164;34;80m██[38;2;241;214;214m██[38;2;241;214;214m██[38;2;241;139;185m██[38;2;241;139;185m██[38;2;164;34;80m██[38;2;226;218;8m██[38;2;226;218;8m██[38;2;226;218;8m██[38;2;121;99;13m██[38;2;121;99;13m██[38;2;253;253;253m██[38;2;253;253;253m██[38;2;16;16;16m██                                                [38;2;121;99;13m██[38;2;226;218;8m██[38;2;16;16;16m██      
                              [38;2;121;99;13m██[38;2;121;99;13m██[38;2;226;218;8m██[38;2;164;34;80m██[38;2;241;139;185m██[38;2;241;139;185m██[38;2;164;34;80m██[38;2;226;218;8m██[38;2;226;218;8m██[38;2;226;218;8m██[38;2;226;218;8m██[38;2;226;218;8m██[38;2;226;218;8m██[38;2;121;99;13m██[38;2;121;99;13m██                                                  [38;2;121;99;13m██[38;2;226;218;8m██[38;2;16;16;16m██      
                            [38;2;121;99;13m██[38;2;226;218;8m██[38;2;226;218;8m██[38;2;226;218;8m██[38;2;170;157;12m██[38;2;164;34;80m██[38;2;164;34;80m██[38;2;226;218;8m██[38;2;226;218;8m██[38;2;226;218;8m██[38;2;226;218;8m██[38;2;226;218;8m██[38;2;121;99;13m██[38;2;226;218;8m██[38;2;226;218;8m██[38;2;226;218;8m██[38;2;121;99;13m██                                              [38;2;121;99;13m██[38;2;226;218;8m██[38;2;226;218;8m██[38;2;16;16;16m██      
                          [38;2;121;99;13m██[38;2;226;218;8m██[38;2;226;218;8m██[38;2;16;16;16m██[38;2;16;16;16m██[38;2;170;157;12m██[38;2;226;218;8m██[38;2;226;218;8m██[38;2;226;218;8m██[38;2;226;218;8m██[38;2;121;99;13m██[38;2;226;218;8m██[38;2;226;218;8m██[38;2;16;16;16m██[38;2;16;16;16m██[38;2;226;218;8m██[38;2;226;218;8m██[38;2;226;218;8m██[38;2;121;99;13m██                                            [38;2;121;99;13m██[38;2;226;218;8m██[38;2;226;218;8m██[38;2;16;16;16m██      
                          [38;2;16;16;16m██[38;2;16;16;16m██[38;2;16;16;16m██[38;2;16;16;16m██[38;2;57;70;59m██[38;2;121;99;13m██[38;2;226;218;8m██[38;2;226;218;8m██[38;2;226;218;8m██[38;2;226;218;8m██[38;2;121;99;13m██[38;2;226;218;8m██[38;2;226;218;8m██[38;2;16;16;16m██[38;2;164;34;80m██[38;2;16;16;16m██[38;2;16;16;16m██[38;2;16;16;16m██[38;2;16;16;16m██                                          [38;2;121;99;13m██[38;2;226;218;8m██[38;2;226;218;8m██[38;2;226;218;8m██[38;2;16;16;16m██      
                            [38;2;164;34;80m██[38;2;228;82;133m██[38;2;16;16;16m██[38;2;57;70;59m██[38;2;121;99;13m██[38;2;226;218;8m██[38;2;226;218;8m██[38;2;226;218;8m██[38;2;226;218;8m██[38;2;170;157;12m██[38;2;16;16;16m██[38;2;16;16;16m██[38;2;93;99;94m██[38;2;164;34;80m██[38;2;228;82;133m██[38;2;226;218;8m██[38;2;226;218;8m██[38;2;226;218;8m██[38;2;16;16;16m██                                        [38;2;121;99;13m██[38;2;226;218;8m██[38;2;226;218;8m██[38;2;226;218;8m██[38;2;16;16;16m██      
                          [38;2;164;34;80m██[38;2;228;82;133m██[38;2;16;16;16m██[38;2;57;70;59m██[38;2;57;70;59m██[38;2;121;99;13m██[38;2;226;218;8m██[38;2;226;218;8m██[38;2;226;218;8m██[38;2;170;157;12m██[38;2;226;218;8m██[38;2;226;218;8m██[38;2;16;16;16m██[38;2;93;99;94m██[38;2;93;99;94m██[38;2;164;34;80m██[38;2;228;82;133m██[38;2;226;218;8m██[38;2;226;218;8m██[38;2;226;218;8m██[38;2;16;16;16m██                                    [38;2;121;99;13m██[38;2;226;218;8m██[38;2;226;218;8m██[38;2;226;218;8m██[38;2;16;16;16m██        
                          [38;2;164;34;80m██[38;2;228;82;133m██[38;2;16;16;16m██[38;2;57;70;59m██[38;2;57;70;59m██[38;2;57;70;59m██[38;2;121;99;13m██[38;2;170;157;12m██[38;2;170;157;12m██[38;2;226;218;8m██[38;2;170;157;12m██[38;2;226;218;8m██[38;2;226;218;8m██[38;2;16;16;16m██[38;2;93;99;94m██[38;2;164;34;80m██[38;2;228;82;133m██[38;2;241;139;185m██[38;2;228;82;133m██[38;2;228;82;133m██[38;2;241;139;185m██[38;2;16;16;16m██                                [38;2;121;99;13m██[38;2;226;218;8m██[38;2;226;218;8m██[38;2;226;218;8m██[38;2;226;218;8m██[38;2;16;16;16m██        
                        [38;2;164;34;80m██[38;2;164;34;80m██[38;2;16;16;16m██[38;2;57;70;59m██[38;2;57;70;59m██[38;2;57;70;59m██[38;2;16;16;16m██[38;2;121;99;13m██[38;2;226;218;8m██[38;2;226;218;8m██[38;2;226;218;8m██[38;2;170;157;12m██[38;2;226;218;8m██[38;2;226;218;8m██[38;2;226;218;8m██[38;2;16;16;16m██[38;2;93;99;94m██[38;2;164;34;80m██[38;2;241;139;185m██[38;2;241;139;185m██[38;2;241;139;185m██[38;2;241;139;185m██[38;2;16;16;16m██                              [38;2;121;99;13m██[38;2;226;218;8m██[38;2;226;218;8m██[38;2;226;218;8m██[38;2;226;218;8m██[38;2;170;157;12m██[38;2;16;16;16m██        
                      [38;2;164;34;80m██[38;2;228;82;133m██[38;2;16;16;16m██[38;2;57;70;59m██[38;2;57;70;59m██[38;2;57;70;59m██[38;2;16;16;16m██  [38;2;121;99;13m██[38;2;226;218;8m██[38;2;226;218;8m██[38;2;226;218;8m██[38;2;170;157;12m██[38;2;226;218;8m██[38;2;226;218;8m██[38;2;226;218;8m██[38;2;226;218;8m██[38;2;16;16;16m██[38;2;93;99;94m██[38;2;16;16;16m██[38;2;16;16;16m██[38;2;16;16;16m██[38;2;16;16;16m██                            [38;2;121;99;13m██[38;2;121;99;13m██[38;2;226;218;8m██[38;2;226;218;8m██[38;2;226;218;8m██[38;2;226;218;8m██[38;2;226;218;8m██[38;2;16;16;16m██          
                    [38;2;164;34;80m██[38;2;241;139;185m██[38;2;228;82;133m██[38;2;16;16;16m██[38;2;57;70;59m██[38;2;57;70;59m██[38;2;57;70;59m██[38;2;16;16;16m██  [38;2;121;99;13m██[38;2;226;218;8m██[38;2;226;218;8m██[38;2;226;218;8m██[38;2;170;157;12m██[38;2;226;218;8m██[38;2;226;218;8m██[38;2;226;218;8m██[38;2;226;218;8m██[38;2;16;16;16m██[38;2;93;99;94m██[38;2;164;34;80m██[38;2;241;139;185m██[38;2;228;82;133m██[38;2;226;218;8m██[38;2;16;16;16m██[38;2;16;16;16m██                  [38;2;121;99;13m██[38;2;121;99;13m██[38;2;121;99;13m██[38;2;226;218;8m██[38;2;226;218;8m██[38;2;226;218;8m██[38;2;226;218;8m██[38;2;226;218;8m██[38;2;226;218;8m██[38;2;170;157;12m██[38;2;16;16;16m██          
                    [38;2;164;34;80m██[38;2;241;139;185m██[38;2;57;70;59m██[38;2;93;99;94m██[38;2;57;70;59m██[38;2;57;70;59m██[38;2;16;16;16m██      [38;2;121;99;13m██[38;2;226;218;8m██[38;2;226;218;8m██[38;2;170;157;12m██[38;2;226;218;8m██[38;2;226;218;8m██[38;2;226;218;8m██[38;2;226;218;8m██[38;2;226;218;8m██[38;2;16;16;16m██[38;2;164;34;80m██[38;2;241;139;185m██[38;2;228;82;133m██[38;2;226;218;8m██[38;2;226;218;8m██[38;2;226;218;8m██[38;2;16;16;16m██          [38;2;121;99;13m██[38;2;121;99;13m██[38;2;121;99;13m██[38;2;226;218;8m██[38;2;226;218;8m██[38;2;226;218;8m██[38;2;226;218;8m██[38;2;226;218;8m██[38;2;226;218;8m██[38;2;226;218;8m██[38;2;226;218;8m██[38;2;170;157;12m██[38;2;16;16;16m██            
                  [38;2;16;16;16m██[38;2;241;139;185m██[38;2;57;70;59m██[38;2;93;99;94m██[38;2;93;99;94m██[38;2;57;70;59m██[38;2;57;70;59m██[38;2;16;16;16m██      [38;2;121;99;13m██[38;2;226;218;8m██[38;2;170;157;12m██[38;2;226;218;8m██[38;2;170;157;12m██[38;2;226;218;8m██[38;2;226;218;8m██[38;2;226;218;8m██[38;2;226;218;8m██[38;2;16;16;16m██[38;2;93;99;94m██[38;2;164;34;80m██[38;2;241;139;185m██[38;2;228;82;133m██[38;2;226;218;8m██[38;2;226;218;8m██[38;2;228;82;133m██[38;2;16;16;16m██[38;2;121;99;13m██[38;2;121;99;13m██[38;2;121;99;13m██[38;2;121;99;13m██[38;2;226;218;8m██[38;2;226;218;8m██[38;2;226;218;8m██[38;2;226;218;8m██[38;2;226;218;8m██[38;2;226;218;8m██[38;2;226;218;8m██[38;2;226;218;8m██[38;2;226;218;8m██[38;2;170;157;12m██[38;2;170;157;12m██[38;2;170;157;12m██[38;2;16;16;16m██            
                  [38;2;16;16;16m██[38;2;57;70;59m██[38;2;93;99;94m██[38;2;93;99;94m██[38;2;57;70;59m██[38;2;57;70;59m██[38;2;16;16;16m██          [38;2;121;99;13m██[38;2;226;218;8m██[38;2;226;218;8m██[38;2;226;218;8m██[38;2;121;99;13m██[38;2;226;218;8m██[38;2;226;218;8m██[38;2;226;218;8m██[38;2;16;16;16m██[38;2;93;99;94m██[38;2;164;34;80m██[38;2;241;139;185m██[38;2;241;139;185m██[38;2;228;82;133m██[38;2;228;82;133m██[38;2;241;139;185m██[38;2;16;16;16m██[38;2;170;157;12m██[38;2;170;157;12m██[38;2;170;157;12m██[38;2;226;218;8m██[38;2;226;218;8m██[38;2;226;218;8m██[38;2;226;218;8m██[38;2;226;218;8m██[38;2;226;218;8m██[38;2;226;218;8m██[38;2;170;157;12m██[38;2;170;157;12m██[38;2;170;157;12m██[38;2;170;157;12m██[38;2;170;157;12m██[38;2;16;16;16m██              
            [38;2;164;34;80m██[38;2;164;34;80m██[38;2;164;34;80m██[38;2;57;70;59m██[38;2;93;99;94m██[38;2;93;99;94m██[38;2;93;99;94m██[38;2;57;70;59m██[38;2;16;16;16m██            [38;2;121;99;13m██[38;2;226;218;8m██[38;2;226;218;8m██[38;2;226;218;8m██[38;2;121;99;13m██[38;2;226;218;8m██[38;2;226;218;8m██[38;2;170;157;12m██[38;2;16;16;16m██[38;2;164;34;80m██[38;2;241;139;185m██[38;2;164;34;80m██[38;2;164;34;80m██[38;2;241;139;185m██[38;2;241;139;185m██[38;2;241;139;185m██[38;2;16;16;16m██[38;2;170;157;12m██[38;2;170;157;12m██[38;2;170;157;12m██[38;2;170;157;12m██[38;2;170;157;12m██[38;2;170;157;12m██[38;2;170;157;12m██[38;2;170;157;12m██[38;2;170;157;12m██[38;2;170;157;12m██[38;2;170;157;12m██[38;2;170;157;12m██[38;2;170;157;12m██[38;2;170;157;12m██[38;2;16;16;16m██                
        [38;2;164;34;80m██[38;2;164;34;80m██[38;2;241;139;185m██[38;2;57;70;59m██[38;2;57;70;59m██[38;2;93;99;94m██[38;2;93;99;94m██[38;2;93;99;94m██[38;2;57;70;59m██[38;2;16;16;16m██              [38;2;121;99;13m██[38;2;226;218;8m██[38;2;226;218;8m██[38;2;226;218;8m██[38;2;121;99;13m██[38;2;170;157;12m██[38;2;170;157;12m██[38;2;170;157;12m██[38;2;164;34;80m██[38;2;241;139;185m██[38;2;241;139;185m██[38;2;228;82;133m██[38;2;243;55;90m██[38;2;16;16;16m██[38;2;16;16;16m██[38;2;16;16;16m██[38;2;170;157;12m██[38;2;170;157;12m██[38;2;170;157;12m██[38;2;170;157;12m██[38;2;170;157;12m██[38;2;170;157;12m██[38;2;170;157;12m██[38;2;170;157;12m██[38;2;170;157;12m██[38;2;170;157;12m██[38;2;170;157;12m██[38;2;170;157;12m██[38;2;170;157;12m██[38;2;170;157;12m██[38;2;16;16;16m██                  
      [38;2;164;34;80m██[38;2;241;139;185m██[38;2;241;139;185m██[38;2;57;70;59m██[38;2;93;99;94m██[38;2;93;99;94m██[38;2;93;99;94m██[38;2;93;99;94m██[38;2;93;99;94m██[38;2;16;16;16m██              [38;2;121;99;13m██[38;2;121;99;13m██[38;2;170;157;12m██[38;2;170;157;12m██[38;2;170;157;12m██[38;2;121;99;13m██[38;2;170;157;12m██[38;2;170;157;12m██[38;2;170;157;12m██[38;2;164;34;80m██[38;2;241;139;185m██[38;2;228;82;133m██[38;2;243;55;90m██[38;2;243;55;90m██[38;2;243;55;90m██[38;2;243;55;90m██[38;2;16;16;16m██[38;2;170;157;12m██[38;2;170;157;12m██[38;2;170;157;12m██[38;2;170;157;12m██[38;2;170;157;12m██[38;2;170;157;12m██[38;2;170;157;12m██[38;2;170;157;12m██[38;2;170;157;12m██[38;2;170;157;12m██[38;2;170;157;12m██[38;2;170;157;12m██[38;2;16;16;16m██[38;2;16;16;16m██                    
    [38;2;164;34;80m██[38;2;241;139;185m██[38;2;241;139;185m██[38;2;57;70;59m██[38;2;93;99;94m██[38;2;93;99;94m██[38;2;93;99;94m██[38;2;93;99;94m██[38;2;93;99;94m██[38;2;16;16;16m██              [38;2;121;99;13m██[38;2;226;218;8m██[38;2;226;218;8m██[38;2;121;99;13m██[38;2;170;157;12m██[38;2;170;157;12m██[38;2;121;99;13m██[38;2;170;157;12m██[38;2;170;157;12m██[38;2;164;34;80m██[38;2;241;139;185m██[38;2;241;139;185m██[38;2;228;82;133m██[38;2;243;55;90m██[38;2;243;55;90m██[38;2;243;55;90m██[38;2;243;55;90m██[38;2;16;16;16m██[38;2;170;157;12m██[38;2;170;157;12m██[38;2;121;99;13m██[38;2;170;157;12m██[38;2;170;157;12m██[38;2;170;157;12m██[38;2;170;157;12m██[38;2;170;157;12m██[38;2;170;157;12m██[38;2;170;157;12m██[38;2;16;16;16m██[38;2;16;16;16m██                        
  [38;2;16;16;16m██[38;2;241;139;185m██[38;2;228;82;133m██[38;2;57;70;59m██[38;2;93;99;94m██[38;2;93;99;94m██[38;2;93;99;94m██[38;2;93;99;94m██[38;2;93;99;94m██[38;2;93;99;94m██[38;2;16;16;16m██            [38;2;121;99;13m██[38;2;226;218;8m██[38;2;226;218;8m██[38;2;226;218;8m██[38;2;16;16;16m██[38;2;170;157;12m██[38;2;121;99;13m██[38;2;170;157;12m██[38;2;170;157;12m██[38;2;170;157;12m██[38;2;164;34;80m██[38;2;241;139;185m██[38;2;228;82;133m██[38;2;243;55;90m██[38;2;243;55;90m██[38;2;243;55;90m██[38;2;243;55;90m██[38;2;243;55;90m██[38;2;243;55;90m██[38;2;16;16;16m██[38;2;170;157;12m██[38;2;121;99;13m██[38;2;170;157;12m██[38;2;170;157;12m██[38;2;170;157;12m██[38;2;170;157;12m██[38;2;16;16;16m██[38;2;16;16;16m██[38;2;16;16;16m██                            
  [38;2;16;16;16m██[38;2;228;82;133m██[38;2;57;70;59m██[38;2;93;99;94m██[38;2;93;99;94m██[38;2;93;99;94m██[38;2;93;99;94m██[38;2;93;99;94m██[38;2;93;99;94m██[38;2;16;16;16m██            [38;2;121;99;13m██[38;2;226;218;8m██[38;2;226;218;8m██[38;2;226;218;8m██[38;2;226;218;8m██[38;2;226;218;8m██[38;2;16;16;16m██[38;2;170;157;12m██[38;2;170;157;12m██[38;2;170;157;12m██[38;2;170;157;12m██[38;2;164;34;80m██[38;2;241;139;185m██[38;2;228;82;133m██[38;2;243;55;90m██[38;2;243;55;90m██[38;2;243;55;90m██[38;2;243;55;90m██[38;2;243;55;90m██[38;2;243;55;90m██[38;2;16;16;16m██[38;2;170;157;12m██[38;2;170;157;12m██[38;2;121;99;13m██[38;2;16;16;16m██[38;2;16;16;16m██[38;2;16;16;16m██                                  
[38;2;16;16;16m██[38;2;228;82;133m██[38;2;57;70;59m██[38;2;93;99;94m██[38;2;93;99;94m██[38;2;93;99;94m██[38;2;93;99;94m██[38;2;93;99;94m██[38;2;93;99;94m██[38;2;93;99;94m██[38;2;16;16;16m██          [38;2;121;99;13m██[38;2;226;218;8m██[38;2;226;218;8m██[38;2;226;218;8m██[38;2;226;218;8m██[38;2;226;218;8m██[38;2;226;218;8m██[38;2;170;157;12m██[38;2;16;16;16m██[38;2;170;157;12m██[38;2;170;157;12m██[38;2;164;34;80m██[38;2;241;139;185m██[38;2;241;139;185m██[38;2;228;82;133m██[38;2;243;55;90m██[38;2;243;55;90m██[38;2;243;55;90m██[38;2;243;55;90m██[38;2;243;55;90m██[38;2;243;55;90m██[38;2;16;16;16m██[38;2;170;157;12m██[38;2;170;157;12m██[38;2;16;16;16m██                                        
[38;2;16;16;16m██[38;2;228;82;133m██[38;2;57;70;59m██[38;2;93;99;94m██[38;2;93;99;94m██[38;2;93;99;94m██[38;2;93;99;94m██[38;2;93;99;94m██[38;2;93;99;94m██[38;2;16;16;16m██            [38;2;121;99;13m██[38;2;226;218;8m██[38;2;226;218;8m██[38;2;226;218;8m██[38;2;226;218;8m██[38;2;226;218;8m██[38;2;226;218;8m██[38;2;170;157;12m██[38;2;170;157;12m██[38;2;16;16;16m██[38;2;16;16;16m██[38;2;164;34;80m██[38;2;241;139;185m██[38;2;241;139;185m██[38;2;228;82;133m██[38;2;243;55;90m██[38;2;243;55;90m██[38;2;243;55;90m██[38;2;243;55;90m██[38;2;243;55;90m██[38;2;243;55;90m██[38;2;241;139;185m██[38;2;16;16;16m██[38;2;170;157;12m██[38;2;16;16;16m██                                        
[38;2;16;16;16m██[38;2;57;70;59m██[38;2;93;99;94m██[38;2;93;99;94m██[38;2;164;34;80m██[38;2;164;34;80m██[38;2;93;99;94m██[38;2;93;99;94m██[38;2;93;99;94m██[38;2;16;16;16m██          [38;2;16;16;16m██[38;2;226;218;8m██[38;2;226;218;8m██[38;2;226;218;8m██[38;2;226;218;8m██[38;2;226;218;8m██[38;2;226;218;8m██[38;2;170;157;12m██[38;2;170;157;12m██[38;2;170;157;12m██[38;2;16;16;16m██  [38;2;16;16;16m██[38;2;241;139;185m██[38;2;241;139;185m██[38;2;241;139;185m██[38;2;228;82;133m██[38;2;243;55;90m██[38;2;243;55;90m██[38;2;243;55;90m██[38;2;243;55;90m██[38;2;228;82;133m██[38;2;241;139;185m██[38;2;16;16;16m██[38;2;170;157;12m██[38;2;16;16;16m██                                        
[38;2;16;16;16m██[38;2;57;70;59m██[38;2;93;99;94m██[38;2;164;34;80m██[38;2;241;139;185m██[38;2;241;139;185m██[38;2;164;34;80m██[38;2;93;99;94m██[38;2;16;16;16m██            [38;2;16;16;16m██[38;2;226;218;8m██[38;2;226;218;8m██[38;2;226;218;8m██[38;2;226;218;8m██[38;2;170;157;12m██[38;2;170;157;12m██[38;2;170;157;12m██[38;2;170;157;12m██[38;2;170;157;12m██[38;2;16;16;16m██  [38;2;16;16;16m██[38;2;241;139;185m██[38;2;241;139;185m██[38;2;241;139;185m██[38;2;241;214;214m██[38;2;228;82;133m██[38;2;228;82;133m██[38;2;228;82;133m██[38;2;228;82;133m██[38;2;241;139;185m██[38;2;241;139;185m██[38;2;16;16;16m██[38;2;170;157;12m██[38;2;16;16;16m██                                        
  [38;2;164;34;80m██[38;2;164;34;80m██[38;2;164;34;80m██[38;2;241;139;185m██[38;2;241;139;185m██[38;2;164;34;80m██[38;2;16;16;16m██              [38;2;16;16;16m██[38;2;170;157;12m██[38;2;170;157;12m██[38;2;170;157;12m██[38;2;170;157;12m██[38;2;170;157;12m██[38;2;170;157;12m██[38;2;170;157;12m██[38;2;170;157;12m██[38;2;16;16;16m██    [38;2;16;16;16m██[38;2;16;16;16m██[38;2;241;139;185m██[38;2;241;139;185m██[38;2;241;214;214m██[38;2;241;214;214m██[38;2;241;139;185m██[38;2;241;139;185m██[38;2;241;139;185m██[38;2;241;139;185m██[38;2;241;139;185m██[38;2;16;16;16m██[38;2;16;16;16m██                                          
  [38;2;164;34;80m██[38;2;241;139;185m██[38;2;241;139;185m██[38;2;16;16;16m██[38;2;241;139;185m██[38;2;241;139;185m██[38;2;164;34;80m██              [38;2;16;16;16m██[38;2;170;157;12m██[38;2;170;157;12m██[38;2;170;157;12m██[38;2;170;157;12m██[38;2;170;157;12m██[38;2;170;157;12m██[38;2;170;157;12m██[38;2;16;16;16m██    [38;2;16;16;16m██[38;2;93;99;94m██[38;2;16;16;16m██[38;2;241;139;185m██[38;2;241;214;214m██[38;2;241;214;214m██[38;2;241;214;214m██[38;2;241;139;185m██[38;2;241;139;185m██[38;2;241;139;185m██[38;2;241;139;185m██[38;2;16;16;16m██[38;2;170;157;12m██[38;2;16;16;16m██                                          
  [38;2;164;34;80m██[38;2;241;139;185m██[38;2;241;139;185m██[38;2;164;34;80m██[38;2;16;16;16m██[38;2;16;16;16m██[38;2;16;16;16m██                [38;2;16;16;16m██[38;2;170;157;12m██[38;2;170;157;12m██[38;2;170;157;12m██[38;2;170;157;12m██[38;2;16;16;16m██[38;2;16;16;16m██[38;2;16;16;16m██  [38;2;164;34;80m██[38;2;241;139;185m██[38;2;93;99;94m██[38;2;93;99;94m██[38;2;16;16;16m██[38;2;241;214;214m██[38;2;241;214;214m██[38;2;241;139;185m██[38;2;241;139;185m██[38;2;241;139;185m██[38;2;241;139;185m██[38;2;241;139;185m██[38;2;16;16;16m██[38;2;16;16;16m██[38;2;16;16;16m██                                          
  [38;2;164;34;80m██[38;2;241;139;185m██[38;2;16;16;16m██[38;2;164;34;80m██[38;2;241;139;185m██[38;2;16;16;16m██                    [38;2;16;16;16m██[38;2;16;16;16m██[38;2;16;16;16m██[38;2;16;16;16m██[38;2;57;70;59m██[38;2;57;70;59m██[38;2;16;16;16m██  [38;2;164;34;80m██[38;2;241;139;185m██[38;2;16;16;16m██[38;2;164;34;80m██[38;2;93;99;94m██[38;2;16;16;16m██[38;2;16;16;16m██[38;2;241;139;185m██[38;2;241;139;185m██[38;2;241;139;185m██[38;2;241;139;185m██[38;2;16;16;16m██[38;2;16;16;16m██[38;2;57;70;59m██[38;2;16;16;16m██                                          
    [38;2;16;16;16m██  [38;2;164;34;80m██[38;2;241;139;185m██[38;2;16;16;16m██                        [38;2;16;16;16m██[38;2;57;70;59m██[38;2;57;70;59m██[38;2;57;70;59m██[38;2;57;70;59m██[38;2;16;16;16m██  [38;2;16;16;16m██  [38;2;164;34;80m██[38;2;164;34;80m██[38;2;93;99;94m██[38;2;93;99;94m██[38;2;16;16;16m██[38;2;16;16;16m██[38;2;16;16;16m██[38;2;16;16;16m██[38;2;57;70;59m██[38;2;16;16;16m██[38;2;57;70;59m██[38;2;57;70;59m██[38;2;16;16;16m██                                        
          [38;2;16;16;16m██                            [38;2;16;16;16m██[38;2;57;70;59m██[38;2;57;70;59m██[38;2;57;70;59m██[38;2;16;16;16m██      [38;2;164;34;80m██[38;2;241;139;185m██[38;2;164;34;80m██[38;2;93;99;94m██[38;2;93;99;94m██[38;2;57;70;59m██[38;2;57;70;59m██[38;2;57;70;59m██[38;2;16;16;16m██[38;2;57;70;59m██[38;2;57;70;59m██[38;2;57;70;59m██[38;2;16;16;16m██                                        
                                        [38;2;16;16;16m██[38;2;57;70;59m██[38;2;57;70;59m██[38;2;57;70;59m██[38;2;16;16;16m██    [38;2;164;34;80m██[38;2;241;139;185m██[38;2;241;139;185m██[38;2;164;34;80m██[38;2;164;34;80m██[38;2;164;34;80m██[38;2;164;34;80m██[38;2;164;34;80m██[38;2;57;70;59m██[38;2;16;16;16m██[38;2;57;70;59m██[38;2;57;70;59m██[38;2;57;70;59m██[38;2;16;16;16m██                                        
                                      [38;2;16;16;16m██[38;2;57;70;59m██[38;2;57;70;59m██[38;2;57;70;59m██[38;2;57;70;59m██[38;2;16;16;16m██    [38;2;16;16;16m██[38;2;16;16;16m██[38;2;16;16;16m██[38;2;164;34;80m██[38;2;241;139;185m██[38;2;241;139;185m██[38;2;164;34;80m██[38;2;228;82;133m██[38;2;16;16;16m██[38;2;57;70;59m██[38;2;57;70;59m██[38;2;57;70;59m██[38;2;57;70;59m██[38;2;57;70;59m██[38;2;16;16;16m██                                      
                                    [38;2;16;16;16m██[38;2;93;99;94m██[38;2;93;99;94m██[38;2;93;99;94m██[38;2;57;70;59m██[38;2;16;16;16m██          [38;2;16;16;16m██[38;2;241;139;185m██[38;2;241;139;185m██[38;2;16;16;16m██[38;2;16;16;16m██[38;2;228;82;133m██[38;2;16;16;16m██[38;2;57;70;59m██[38;2;93;99;94m██[38;2;93;99;94m██[38;2;93;99;94m██[38;2;57;70;59m██[38;2;16;16;16m██                                      
                            [38;2;164;34;80m██[38;2;164;34;80m██[38;2;164;34;80m██[38;2;16;16;16m██[38;2;93;99;94m██[38;2;93;99;94m██[38;2;93;99;94m██[38;2;93;99;94m██[38;2;93;99;94m██[38;2;16;16;16m██          [38;2;16;16;16m██[38;2;16;16;16m██[38;2;16;16;16m██  [38;2;16;16;16m██[38;2;16;16;16m██[38;2;16;16;16m██[38;2;93;99;94m██[38;2;93;99;94m██[38;2;93;99;94m██[38;2;93;99;94m██[38;2;93;99;94m██[38;2;16;16;16m██                                      
                          [38;2;164;34;80m██[38;2;241;139;185m██[38;2;241;139;185m██[38;2;164;34;80m██[38;2;164;34;80m██[38;2;93;99;94m██[38;2;93;99;94m██[38;2;93;99;94m██[38;2;16;16;16m██[38;2;16;16;16m██                        [38;2;16;16;16m██[38;2;93;99;94m██[38;2;93;99;94m██[38;2;93;99;94m██[38;2;93;99;94m██[38;2;93;99;94m██[38;2;16;16;16m██                                      
                          [38;2;16;16;16m██[38;2;16;16;16m██[38;2;164;34;80m██[38;2;241;139;185m██[38;2;241;139;185m██[38;2;57;70;59m██[38;2;16;16;16m██[38;2;16;16;16m██                          [38;2;164;34;80m██[38;2;164;34;80m██[38;2;164;34;80m██[38;2;164;34;80m██[38;2;93;99;94m██[38;2;164;34;80m██[38;2;164;34;80m██[38;2;16;16;16m██                                      
                              [38;2;16;16;16m██[38;2;16;16;16m██[38;2;16;16;16m██[38;2;16;16;16m██                            [38;2;164;34;80m██[38;2;241;139;185m██[38;2;164;34;80m██[38;2;241;139;185m██[38;2;241;139;185m██[38;2;164;34;80m██[38;2;241;139;185m██[38;2;241;139;185m██[38;2;16;16;16m██                                      
                                                                  [38;2;16;16;16m██[38;2;16;16;16m██[38;2;164;34;80m██[38;2;241;139;185m██[38;2;241;139;185m██[38;2;16;16;16m██[38;2;16;16;16m██[38;2;241;139;185m██[38;2;16;16;16m██                                      
                                                                      [38;2;16;16;16m██[38;2;16;16;16m██[38;2;16;16;16m██    [38;2;16;16;16m██[38;2;16;16;16m██                                      
