                                          [38;2;16;16;16m██[38;2;16;16;16m██[38;2;16;16;16m██                                    
                                        [38;2;138;89;17m██[38;2;200;117;34m██[38;2;200;117;34m██[38;2;138;89;17m██[38;2;16;16;16m██                                  
                                      [38;2;138;89;17m██[38;2;250;245;78m██[38;2;200;117;34m██[38;2;232;166;30m██[38;2;232;166;30m██[38;2;200;117;34m██[38;2;16;16;16m██                                
                                    [38;2;138;89;17m██[38;2;250;245;78m██[38;2;200;117;34m██[38;2;232;166;30m██[38;2;232;166;30m██[38;2;232;166;30m██[38;2;232;166;30m██[38;2;138;89;17m██                                
                                    [38;2;138;89;17m██[38;2;250;245;78m██[38;2;232;166;30m██[38;2;232;166;30m██[38;2;232;166;30m██[38;2;232;166;30m██[38;2;232;166;30m██[38;2;232;166;30m██[38;2;16;16;16m██          [38;2;138;89;17m██[38;2;138;89;17m██[38;2;138;89;17m██[38;2;138;89;17m██[38;2;16;16;16m██          
          [38;2;138;89;17m██[38;2;138;89;17m██                    [38;2;138;89;17m██[38;2;250;245;78m██[38;2;200;117;34m██[38;2;232;166;30m██[38;2;232;166;30m██[38;2;232;166;30m██[38;2;232;166;30m██[38;2;232;166;30m██[38;2;232;166;30m██[38;2;16;16;16m██    [38;2;138;89;17m██[38;2;138;89;17m██[38;2;138;89;17m██[38;2;250;245;78m██[38;2;250;245;78m██[38;2;200;117;34m██[38;2;200;117;34m██[38;2;200;117;34m██[38;2;16;16;16m██        
          [38;2;16;16;16m██[38;2;250;245;78m██[38;2;200;117;34m██[38;2;138;89;17m██                [38;2;138;89;17m██[38;2;250;245;78m██[38;2;232;166;30m██[38;2;232;166;30m██[38;2;232;166;30m██[38;2;232;166;30m██[38;2;232;166;30m██[38;2;232;166;30m██[38;2;232;166;30m██[38;2;16;16;16m██[38;2;138;89;17m██[38;2;138;89;17m██[38;2;250;245;78m██[38;2;250;245;78m██[38;2;200;117;34m██[38;2;200;117;34m██[38;2;232;166;30m██[38;2;232;166;30m██[38;2;232;166;30m██[38;2;232;166;30m██[38;2;16;16;16m██        
          [38;2;16;16;16m██[38;2;232;166;30m██[38;2;250;245;78m██[38;2;250;245;78m██[38;2;138;89;17m██      [38;2;138;89;17m██[38;2;138;89;17m██[38;2;138;89;17m██[38;2;138;89;17m██[38;2;253;253;253m██[38;2;232;166;30m██[38;2;232;166;30m██[38;2;232;166;30m██[38;2;232;166;30m██[38;2;232;166;30m██[38;2;200;117;34m██[38;2;200;117;34m██[38;2;200;117;34m██[38;2;138;89;17m██[38;2;253;253;253m██[38;2;250;245;78m██[38;2;200;117;34m██[38;2;232;166;30m██[38;2;232;166;30m██[38;2;232;166;30m██[38;2;232;166;30m██[38;2;232;166;30m██[38;2;232;166;30m██[38;2;232;166;30m██[38;2;16;16;16m██        
            [38;2;16;16;16m██[38;2;232;166;30m██[38;2;250;245;78m██[38;2;250;245;78m██[38;2;138;89;17m██[38;2;138;89;17m██[38;2;138;89;17m██[38;2;250;245;78m██[38;2;250;245;78m██[38;2;250;245;78m██[38;2;138;89;17m██[38;2;253;253;253m██[38;2;232;166;30m██[38;2;232;166;30m██[38;2;200;117;34m██[38;2;200;117;34m██[38;2;29;62;137m██[38;2;29;62;137m██[38;2;138;89;17m██[38;2;138;89;17m██[38;2;253;253;253m██[38;2;200;117;34m██[38;2;232;166;30m██[38;2;232;166;30m██[38;2;232;166;30m██[38;2;232;166;30m██[38;2;232;166;30m██[38;2;232;166;30m██[38;2;232;166;30m██[38;2;232;166;30m██[38;2;16;16;16m██          
            [38;2;16;16;16m██[38;2;138;89;17m██[38;2;232;166;30m██[38;2;250;245;78m██[38;2;253;253;253m██[38;2;138;89;17m██[38;2;250;245;78m██[38;2;250;245;78m██[38;2;250;245;78m██[38;2;29;62;137m██[38;2;138;89;17m██[38;2;250;245;78m██[38;2;200;117;34m██[38;2;138;89;17m██[38;2;29;62;137m██[38;2;22;159;218m██[38;2;29;62;137m██[38;2;138;89;17m██[38;2;253;253;253m██[38;2;250;245;78m██[38;2;232;166;30m██[38;2;232;166;30m██[38;2;232;166;30m██[38;2;232;166;30m██[38;2;232;166;30m██[38;2;200;117;34m██[38;2;200;117;34m██[38;2;232;166;30m██[38;2;232;166;30m██[38;2;138;89;17m██[38;2;138;89;17m██          
          [38;2;138;89;17m██[38;2;138;89;17m██[38;2;232;166;30m██[38;2;138;89;17m██[38;2;232;166;30m██[38;2;250;245;78m██[38;2;253;253;253m██[38;2;138;89;17m██[38;2;29;62;137m██[38;2;29;62;137m██[38;2;29;62;137m██[38;2;138;89;17m██[38;2;138;89;17m██[38;2;29;62;137m██[38;2;29;62;137m██[38;2;29;62;137m██[38;2;29;62;137m██[38;2;138;89;17m██[38;2;250;245;78m██[38;2;200;117;34m██[38;2;200;117;34m██[38;2;200;117;34m██[38;2;232;166;30m██[38;2;232;166;30m██[38;2;232;166;30m██[38;2;232;166;30m██[38;2;232;166;30m██[38;2;232;166;30m██[38;2;232;166;30m██[38;2;232;166;30m██[38;2;232;166;30m██[38;2;232;166;30m██[38;2;138;89;17m██        
        [38;2;138;89;17m██[38;2;253;253;253m██[38;2;253;253;253m██[38;2;250;245;78m██[38;2;250;245;78m██[38;2;232;166;30m██[38;2;138;89;17m██[38;2;250;245;78m██[38;2;253;253;253m██[38;2;138;89;17m██[38;2;22;159;218m██[38;2;29;62;137m██[38;2;138;89;17m██[38;2;29;62;137m██[38;2;118;67;148m██[38;2;253;253;253m██[38;2;29;62;137m██[38;2;138;89;17m██[38;2;200;117;34m██[38;2;29;62;137m██[38;2;29;62;137m██[38;2;29;62;137m██[38;2;22;159;218m██[38;2;29;62;137m██[38;2;138;89;17m██[38;2;232;166;30m██[38;2;232;166;30m██[38;2;232;166;30m██[38;2;232;166;30m██[38;2;250;245;78m██[38;2;250;245;78m██[38;2;250;245;78m██[38;2;250;245;78m██[38;2;250;245;78m██[38;2;138;89;17m██      
      [38;2;138;89;17m██[38;2;253;253;253m██[38;2;253;253;253m██[38;2;253;253;253m██[38;2;253;253;253m██[38;2;250;245;78m██[38;2;250;245;78m██[38;2;250;245;78m██[38;2;138;89;17m██[38;2;138;89;17m██[38;2;138;89;17m██[38;2;253;253;253m██[38;2;22;159;218m██[38;2;29;62;137m██[38;2;118;67;148m██[38;2;44;95;171m██[38;2;118;67;148m██[38;2;44;95;171m██[38;2;118;67;148m██[38;2;44;95;171m██[38;2;29;62;137m██[38;2;44;95;171m██[38;2;29;62;137m██[38;2;253;253;253m██[38;2;29;62;137m██[38;2;29;62;137m██[38;2;138;89;17m██[38;2;232;166;30m██[38;2;250;245;78m██[38;2;250;245;78m██[38;2;250;245;78m██[38;2;250;245;78m██[38;2;250;245;78m██[38;2;250;245;78m██[38;2;250;245;78m██[38;2;232;166;30m██[38;2;138;89;17m██    
    [38;2;138;89;17m██[38;2;253;253;253m██[38;2;250;245;78m██[38;2;250;245;78m██[38;2;250;245;78m██[38;2;253;253;253m██[38;2;253;253;253m██[38;2;250;245;78m██[38;2;250;245;78m██[38;2;29;62;137m██[38;2;22;159;218m██[38;2;253;253;253m██[38;2;253;253;253m██[38;2;22;159;218m██[38;2;44;95;171m██[38;2;44;95;171m██[38;2;118;67;148m██[38;2;44;95;171m██[38;2;118;67;148m██[38;2;44;95;171m██[38;2;29;62;137m██[38;2;44;95;171m██[38;2;22;159;218m██[38;2;253;253;253m██[38;2;253;253;253m██[38;2;253;253;253m██[38;2;22;159;218m██[38;2;29;62;137m██[38;2;250;245;78m██[38;2;250;245;78m██[38;2;250;245;78m██[38;2;250;245;78m██[38;2;250;245;78m██[38;2;250;245;78m██[38;2;250;245;78m██[38;2;250;245;78m██[38;2;250;245;78m██[38;2;232;166;30m██[38;2;16;16;16m██  
  [38;2;16;16;16m██[38;2;253;253;253m██[38;2;250;245;78m██[38;2;250;245;78m██[38;2;250;245;78m██[38;2;250;245;78m██[38;2;250;245;78m██[38;2;250;245;78m██[38;2;250;245;78m██[38;2;29;62;137m██[38;2;29;62;137m██[38;2;29;62;137m██[38;2;22;159;218m██[38;2;22;159;218m██[38;2;44;95;171m██[38;2;44;95;171m██[38;2;30;35;43m██[38;2;16;16;16m██[38;2;16;16;16m██[38;2;16;16;16m██[38;2;16;16;16m██[38;2;30;35;43m██[38;2;138;89;17m██[38;2;138;89;17m██[38;2;138;89;17m██[38;2;138;89;17m██[38;2;138;89;17m██[38;2;138;89;17m██[38;2;138;89;17m██[38;2;138;89;17m██[38;2;138;89;17m██[38;2;250;245;78m██[38;2;250;245;78m██[38;2;250;245;78m██[38;2;250;245;78m██[38;2;250;245;78m██[38;2;250;245;78m██[38;2;250;245;78m██[38;2;232;166;30m██[38;2;138;89;17m██  
  [38;2;138;89;17m██[38;2;250;245;78m██[38;2;250;245;78m██[38;2;250;245;78m██[38;2;250;245;78m██[38;2;250;245;78m██[38;2;138;89;17m██[38;2;138;89;17m██[38;2;138;89;17m██[38;2;138;89;17m██[38;2;138;89;17m██[38;2;138;89;17m██[38;2;29;62;137m██[38;2;44;95;171m██[38;2;44;95;171m██[38;2;30;35;43m██[38;2;16;16;16m██[38;2;16;16;16m██[38;2;23;166;227m██[38;2;16;16;16m██[38;2;16;16;16m██[38;2;16;16;16m██[38;2;30;35;43m██[38;2;232;166;30m██[38;2;253;253;253m██[38;2;253;253;253m██[38;2;250;245;78m██[38;2;250;245;78m██[38;2;250;245;78m██[38;2;250;245;78m██[38;2;250;245;78m██[38;2;138;89;17m██[38;2;138;89;17m██[38;2;138;89;17m██[38;2;250;245;78m██[38;2;250;245;78m██[38;2;250;245;78m██[38;2;250;245;78m██[38;2;250;245;78m██[38;2;232;166;30m██[38;2;16;16;16m██
[38;2;16;16;16m██[38;2;250;245;78m██[38;2;250;245;78m██[38;2;250;245;78m██[38;2;138;89;17m██[38;2;138;89;17m██[38;2;138;89;17m██[38;2;250;245;78m██[38;2;250;245;78m██[38;2;250;245;78m██[38;2;250;245;78m██[38;2;232;166;30m██[38;2;44;95;171m██[38;2;29;62;137m██[38;2;44;95;171m██[38;2;30;35;43m██[38;2;16;16;16m██[38;2;16;16;16m██[38;2;31;66;148m██[38;2;31;66;148m██[38;2;16;16;16m██[38;2;16;16;16m██[38;2;16;16;16m██[38;2;16;16;16m██[38;2;30;35;43m██[38;2;44;95;171m██[38;2;200;117;34m██[38;2;200;117;34m██[38;2;200;117;34m██[38;2;200;117;34m██[38;2;200;117;34m██[38;2;200;117;34m██[38;2;200;117;34m██[38;2;250;245;78m██[38;2;250;245;78m██[38;2;138;89;17m██[38;2;138;89;17m██[38;2;138;89;17m██[38;2;250;245;78m██[38;2;250;245;78m██[38;2;232;166;30m██[38;2;16;16;16m██
[38;2;16;16;16m██[38;2;250;245;78m██[38;2;138;89;17m██[38;2;138;89;17m██[38;2;200;117;34m██[38;2;200;117;34m██[38;2;232;166;30m██[38;2;232;166;30m██[38;2;232;166;30m██[38;2;232;166;30m██[38;2;200;117;34m██[38;2;29;62;137m██[38;2;29;62;137m██[38;2;44;95;171m██[38;2;29;62;137m██[38;2;16;16;16m██[38;2;16;16;16m██[38;2;16;16;16m██[38;2;23;166;227m██[38;2;16;16;16m██[38;2;16;16;16m██[38;2;16;16;16m██[38;2;16;16;16m██[38;2;16;16;16m██[38;2;23;166;227m██[38;2;44;95;171m██[38;2;44;95;171m██[38;2;44;95;171m██[38;2;200;117;34m██[38;2;232;166;30m██[38;2;232;166;30m██[38;2;232;166;30m██[38;2;232;166;30m██[38;2;232;166;30m██[38;2;200;117;34m██[38;2;200;117;34m██[38;2;250;245;78m██[38;2;250;245;78m██[38;2;138;89;17m██[38;2;138;89;17m██[38;2;232;166;30m██[38;2;16;16;16m██
[38;2;16;16;16m██[38;2;138;89;17m██[38;2;200;117;34m██[38;2;232;166;30m██[38;2;232;166;30m██[38;2;232;166;30m██[38;2;232;166;30m██[38;2;232;166;30m██[38;2;232;166;30m██[38;2;232;166;30m██[38;2;138;89;17m██[38;2;29;62;137m██[38;2;44;95;171m██[38;2;29;62;137m██[38;2;44;95;171m██[38;2;138;89;17m██[38;2;16;16;16m██[38;2;200;117;34m██[38;2;16;16;16m██[38;2;16;16;16m██[38;2;200;117;34m██[38;2;16;16;16m██[38;2;200;117;34m██[38;2;16;16;16m██[38;2;16;16;16m██[38;2;44;95;171m██[38;2;44;95;171m██[38;2;29;62;137m██[38;2;44;95;171m██[38;2;200;117;34m██[38;2;232;166;30m██[38;2;232;166;30m██[38;2;232;166;30m██[38;2;232;166;30m██[38;2;232;166;30m██[38;2;232;166;30m██[38;2;232;166;30m██[38;2;232;166;30m██[38;2;200;117;34m██[38;2;200;117;34m██[38;2;138;89;17m██[38;2;16;16;16m██
[38;2;16;16;16m██[38;2;200;117;34m██[38;2;232;166;30m██[38;2;232;166;30m██[38;2;232;166;30m██[38;2;232;166;30m██[38;2;232;166;30m██[38;2;200;117;34m██[38;2;200;117;34m██[38;2;138;89;17m██[38;2;29;62;137m██[38;2;138;89;17m██[38;2;138;89;17m██[38;2;44;95;171m██[38;2;118;67;148m██[38;2;30;35;43m██[38;2;200;117;34m██[38;2;138;89;17m██[38;2;16;16;16m██[38;2;16;16;16m██[38;2;138;89;17m██[38;2;200;117;34m██[38;2;138;89;17m██[38;2;16;16;16m██[38;2;226;98;159m██[38;2;118;67;148m██[38;2;29;62;137m██[38;2;44;95;171m██[38;2;29;62;137m██[38;2;29;62;137m██[38;2;200;117;34m██[38;2;232;166;30m██[38;2;232;166;30m██[38;2;232;166;30m██[38;2;232;166;30m██[38;2;232;166;30m██[38;2;232;166;30m██[38;2;232;166;30m██[38;2;232;166;30m██[38;2;232;166;30m██[38;2;200;117;34m██[38;2;16;16;16m██
[38;2;16;16;16m██[38;2;138;89;17m██[38;2;138;89;17m██[38;2;200;117;34m██[38;2;232;166;30m██[38;2;232;166;30m██[38;2;232;166;30m██[38;2;232;166;30m██[38;2;232;166;30m██[38;2;232;166;30m██[38;2;138;89;17m██[38;2;250;245;78m██[38;2;29;62;137m██[38;2;44;95;171m██[38;2;118;67;148m██[38;2;16;16;16m██[38;2;16;16;16m██[38;2;16;16;16m██[38;2;226;98;159m██[38;2;16;16;16m██[38;2;16;16;16m██[38;2;16;16;16m██[38;2;138;89;17m██[38;2;138;89;17m██[38;2;226;98;159m██[38;2;118;67;148m██[38;2;118;67;148m██[38;2;29;62;137m██[38;2;22;159;218m██[38;2;29;62;137m██[38;2;29;62;137m██[38;2;232;166;30m██[38;2;232;166;30m██[38;2;232;166;30m██[38;2;232;166;30m██[38;2;232;166;30m██[38;2;232;166;30m██[38;2;232;166;30m██[38;2;232;166;30m██[38;2;138;89;17m██[38;2;138;89;17m██[38;2;16;16;16m██
  [38;2;16;16;16m██[38;2;232;166;30m██[38;2;232;166;30m██[38;2;232;166;30m██[38;2;250;245;78m██[38;2;250;245;78m██[38;2;250;245;78m██[38;2;250;245;78m██[38;2;138;89;17m██[38;2;253;253;253m██[38;2;200;117;34m██[38;2;22;159;218m██[38;2;118;67;148m██[38;2;118;67;148m██[38;2;30;35;43m██[38;2;16;16;16m██[38;2;16;16;16m██[38;2;226;98;159m██[38;2;16;16;16m██[38;2;16;16;16m██[38;2;16;16;16m██[38;2;138;89;17m██[38;2;250;245;78m██[38;2;138;89;17m██[38;2;138;89;17m██[38;2;118;67;148m██[38;2;44;95;171m██[38;2;29;62;137m██[38;2;29;62;137m██[38;2;29;62;137m██[38;2;200;117;34m██[38;2;138;89;17m██[38;2;138;89;17m██[38;2;138;89;17m██[38;2;138;89;17m██[38;2;138;89;17m██[38;2;138;89;17m██[38;2;138;89;17m██[38;2;200;117;34m██[38;2;200;117;34m██[38;2;16;16;16m██
  [38;2;16;16;16m██[38;2;232;166;30m██[38;2;250;245;78m██[38;2;250;245;78m██[38;2;250;245;78m██[38;2;250;245;78m██[38;2;250;245;78m██[38;2;138;89;17m██[38;2;253;253;253m██[38;2;232;166;30m██[38;2;200;117;34m██[38;2;118;67;148m██[38;2;29;62;137m██[38;2;118;67;148m██[38;2;138;89;17m██[38;2;30;35;43m██[38;2;16;16;16m██[38;2;16;16;16m██[38;2;16;16;16m██[38;2;16;16;16m██[38;2;16;16;16m██[38;2;16;16;16m██[38;2;200;117;34m██[38;2;250;245;78m██[38;2;253;253;253m██[38;2;138;89;17m██[38;2;138;89;17m██[38;2;29;62;137m██[38;2;253;253;253m██[38;2;29;62;137m██[38;2;232;166;30m██[38;2;232;166;30m██[38;2;232;166;30m██[38;2;232;166;30m██[38;2;232;166;30m██[38;2;232;166;30m██[38;2;232;166;30m██[38;2;232;166;30m██[38;2;200;117;34m██[38;2;16;16;16m██  
    [38;2;16;16;16m██[38;2;250;245;78m██[38;2;250;245;78m██[38;2;250;245;78m██[38;2;250;245;78m██[38;2;200;117;34m██[38;2;200;117;34m██[38;2;232;166;30m██[38;2;232;166;30m██[38;2;29;62;137m██[38;2;29;62;137m██[38;2;253;253;253m██[38;2;29;62;137m██[38;2;138;89;17m██[38;2;200;117;34m██[38;2;30;35;43m██[38;2;16;16;16m██[38;2;16;16;16m██[38;2;16;16;16m██[38;2;16;16;16m██[38;2;30;35;43m██[38;2;118;67;148m██[38;2;200;117;34m██[38;2;232;166;30m██[38;2;232;166;30m██[38;2;250;245;78m██[38;2;138;89;17m██[38;2;29;62;137m██[38;2;232;166;30m██[38;2;232;166;30m██[38;2;232;166;30m██[38;2;232;166;30m██[38;2;232;166;30m██[38;2;232;166;30m██[38;2;232;166;30m██[38;2;250;245;78m██[38;2;232;166;30m██[38;2;200;117;34m██[38;2;16;16;16m██  
      [38;2;16;16;16m██[38;2;250;245;78m██[38;2;250;245;78m██[38;2;250;245;78m██[38;2;138;89;17m██[38;2;232;166;30m██[38;2;232;166;30m██[38;2;232;166;30m██[38;2;29;62;137m██[38;2;29;62;137m██[38;2;29;62;137m██[38;2;118;67;148m██[38;2;138;89;17m██[38;2;200;117;34m██[38;2;118;67;148m██[38;2;118;67;148m██[38;2;118;67;148m██[38;2;118;67;148m██[38;2;118;67;148m██[38;2;118;67;148m██[38;2;118;67;148m██[38;2;118;67;148m██[38;2;200;117;34m██[38;2;232;166;30m██[38;2;232;166;30m██[38;2;250;245;78m██[38;2;138;89;17m██[38;2;138;89;17m██[38;2;232;166;30m██[38;2;232;166;30m██[38;2;232;166;30m██[38;2;232;166;30m██[38;2;232;166;30m██[38;2;250;245;78m██[38;2;250;245;78m██[38;2;200;117;34m██[38;2;16;16;16m██    
        [38;2;16;16;16m██[38;2;250;245;78m██[38;2;138;89;17m██[38;2;232;166;30m██[38;2;232;166;30m██[38;2;232;166;30m██[38;2;232;166;30m██[38;2;200;117;34m██[38;2;29;62;137m██[38;2;118;67;148m██[38;2;29;62;137m██[38;2;138;89;17m██[38;2;232;166;30m██[38;2;118;67;148m██[38;2;118;67;148m██[38;2;118;67;148m██[38;2;226;98;159m██[38;2;118;67;148m██[38;2;118;67;148m██[38;2;29;62;137m██[38;2;118;67;148m██[38;2;29;62;137m██[38;2;200;117;34m██[38;2;232;166;30m██[38;2;232;166;30m██[38;2;232;166;30m██[38;2;200;117;34m██[38;2;138;89;17m██[38;2;138;89;17m██[38;2;232;166;30m██[38;2;232;166;30m██[38;2;250;245;78m██[38;2;250;245;78m██[38;2;200;117;34m██[38;2;16;16;16m██      
          [38;2;16;16;16m██[38;2;138;89;17m██[38;2;232;166;30m██[38;2;232;166;30m██[38;2;232;166;30m██[38;2;200;117;34m██[38;2;232;166;30m██[38;2;200;117;34m██[38;2;29;62;137m██[38;2;29;62;137m██[38;2;138;89;17m██[38;2;250;245;78m██[38;2;232;166;30m██[38;2;118;67;148m██[38;2;226;98;159m██[38;2;253;253;253m██[38;2;22;159;218m██[38;2;29;62;137m██[38;2;118;67;148m██[38;2;29;62;137m██[38;2;118;67;148m██[38;2;29;62;137m██[38;2;232;166;30m██[38;2;232;166;30m██[38;2;232;166;30m██[38;2;232;166;30m██[38;2;200;117;34m██[38;2;232;166;30m██[38;2;138;89;17m██[38;2;232;166;30m██[38;2;232;166;30m██[38;2;232;166;30m██[38;2;16;16;16m██        
          [38;2;16;16;16m██[38;2;200;117;34m██[38;2;232;166;30m██[38;2;232;166;30m██[38;2;232;166;30m██[38;2;200;117;34m██[38;2;232;166;30m██[38;2;232;166;30m██[38;2;232;166;30m██[38;2;200;117;34m██[38;2;138;89;17m██[38;2;200;117;34m██[38;2;250;245;78m██[38;2;232;166;30m██[38;2;29;62;137m██[38;2;22;159;218m██[38;2;29;62;137m██[38;2;29;62;137m██[38;2;29;62;137m██[38;2;118;67;148m██[38;2;29;62;137m██[38;2;29;62;137m██[38;2;232;166;30m██[38;2;232;166;30m██[38;2;232;166;30m██[38;2;232;166;30m██[38;2;232;166;30m██[38;2;200;117;34m██[38;2;232;166;30m██[38;2;138;89;17m██[38;2;138;89;17m██[38;2;16;16;16m██          
          [38;2;16;16;16m██[38;2;200;117;34m██[38;2;232;166;30m██[38;2;232;166;30m██[38;2;232;166;30m██[38;2;138;89;17m██[38;2;138;89;17m██[38;2;200;117;34m██[38;2;232;166;30m██[38;2;232;166;30m██[38;2;138;89;17m██[38;2;200;117;34m██[38;2;250;245;78m██[38;2;250;245;78m██[38;2;232;166;30m██[38;2;29;62;137m██[38;2;29;62;137m██[38;2;29;62;137m██[38;2;29;62;137m██[38;2;29;62;137m██[38;2;138;89;17m██[38;2;200;117;34m██[38;2;232;166;30m██[38;2;138;89;17m██[38;2;232;166;30m██[38;2;232;166;30m██[38;2;232;166;30m██[38;2;232;166;30m██[38;2;200;117;34m██[38;2;232;166;30m██[38;2;16;16;16m██            
          [38;2;16;16;16m██[38;2;200;117;34m██[38;2;232;166;30m██[38;2;232;166;30m██[38;2;232;166;30m██[38;2;232;166;30m██[38;2;16;16;16m██  [38;2;16;16;16m██[38;2;16;16;16m██[38;2;138;89;17m██[38;2;200;117;34m██[38;2;232;166;30m██[38;2;250;245;78m██[38;2;250;245;78m██[38;2;232;166;30m██[38;2;138;89;17m██[38;2;138;89;17m██[38;2;138;89;17m██[38;2;200;117;34m██[38;2;232;166;30m██[38;2;138;89;17m██[38;2;138;89;17m██[38;2;16;16;16m██[38;2;16;16;16m██[38;2;232;166;30m██[38;2;232;166;30m██[38;2;232;166;30m██[38;2;232;166;30m██[38;2;200;117;34m██[38;2;16;16;16m██            
            [38;2;16;16;16m██[38;2;200;117;34m██[38;2;232;166;30m██[38;2;232;166;30m██[38;2;16;16;16m██        [38;2;16;16;16m██[38;2;232;166;30m██[38;2;200;117;34m██[38;2;232;166;30m██[38;2;232;166;30m██[38;2;232;166;30m██[38;2;232;166;30m██[38;2;232;166;30m██[38;2;232;166;30m██[38;2;232;166;30m██[38;2;232;166;30m██[38;2;232;166;30m██[38;2;16;16;16m██    [38;2;16;16;16m██[38;2;138;89;17m██[38;2;232;166;30m██[38;2;232;166;30m██[38;2;138;89;17m██[38;2;16;16;16m██            
              [38;2;16;16;16m██[38;2;16;16;16m██[38;2;16;16;16m██            [38;2;138;89;17m██[38;2;200;117;34m██[38;2;232;166;30m██[38;2;232;166;30m██[38;2;232;166;30m██[38;2;232;166;30m██[38;2;232;166;30m██[38;2;232;166;30m██[38;2;232;166;30m██[38;2;232;166;30m██[38;2;232;166;30m██[38;2;16;16;16m██        [38;2;16;16;16m██[38;2;16;16;16m██[38;2;16;16;16m██              
                                [38;2;16;16;16m██[38;2;232;166;30m██[38;2;200;117;34m██[38;2;232;166;30m██[38;2;232;166;30m██[38;2;232;166;30m██[38;2;232;166;30m██[38;2;232;166;30m██[38;2;232;166;30m██[38;2;232;166;30m██[38;2;232;166;30m██[38;2;16;16;16m██                            
                                  [38;2;16;16;16m██[38;2;232;166;30m██[38;2;200;117;34m██[38;2;232;166;30m██[38;2;232;166;30m██[38;2;232;166;30m██[38;2;232;166;30m██[38;2;232;166;30m██[38;2;232;166;30m██[38;2;138;89;17m██                              
                                    [38;2;16;16;16m██[38;2;232;166;30m██[38;2;200;117;34m██[38;2;200;117;34m██[38;2;232;166;30m██[38;2;232;166;30m██[38;2;232;166;30m██[38;2;138;89;17m██[38;2;16;16;16m██                              
                                      [38;2;16;16;16m██[38;2;138;89;17m██[38;2;200;117;34m██[38;2;200;117;34m██[38;2;200;117;34m██[38;2;16;16;16m██[38;2;16;16;16m██                                
                                          [38;2;16;16;16m██[38;2;16;16;16m██[38;2;16;16;16m██                                    
