                                                                                  [38;2;105;112;104m██[38;2;105;112;104m██[38;2;105;112;104m██[38;2;105;112;104m██[38;2;105;112;104m██[38;2;105;112;104m██[38;2;105;112;104m██                                              
                                [38;2;105;112;104m██[38;2;105;112;104m██[38;2;105;112;104m██[38;2;105;112;104m██                                      [38;2;105;112;104m██[38;2;105;112;104m██[38;2;248;245;240m██[38;2;248;245;240m██[38;2;248;245;240m██[38;2;248;245;240m██[38;2;248;245;240m██[38;2;248;245;240m██[38;2;248;245;240m██[38;2;105;112;104m██[38;2;105;112;104m██[38;2;105;112;104m██                                        
                            [38;2;105;112;104m██[38;2;105;112;104m██[38;2;248;245;240m██[38;2;248;245;240m██[38;2;248;245;240m██[38;2;248;245;240m██[38;2;105;112;104m██[38;2;105;112;104m██                                [38;2;105;112;104m██[38;2;248;245;240m██[38;2;248;245;240m██[38;2;105;112;104m██[38;2;105;112;104m██[38;2;105;112;104m██[38;2;105;112;104m██[38;2;105;112;104m██[38;2;105;112;104m██[38;2;105;112;104m██[38;2;248;245;240m██[38;2;248;245;240m██[38;2;248;245;240m██[38;2;105;112;104m██[38;2;105;112;104m██                                    
                        [38;2;105;112;104m██[38;2;105;112;104m██[38;2;248;245;240m██[38;2;248;245;240m██[38;2;105;112;104m██[38;2;105;112;104m██[38;2;105;112;104m██[38;2;105;112;104m██[38;2;248;245;240m██[38;2;248;245;240m██[38;2;105;112;104m██                            [38;2;105;112;104m██[38;2;248;245;240m██[38;2;105;112;104m██[38;2;105;112;104m██              [38;2;105;112;104m██[38;2;105;112;104m██[38;2;105;112;104m██[38;2;248;245;240m██[38;2;248;245;240m██[38;2;105;112;104m██[38;2;105;112;104m██                                
                      [38;2;105;112;104m██[38;2;248;245;240m██[38;2;248;245;240m██[38;2;105;112;104m██[38;2;105;112;104m██        [38;2;105;112;104m██[38;2;105;112;104m██[38;2;248;245;240m██[38;2;105;112;104m██                        [38;2;105;112;104m██[38;2;248;245;240m██[38;2;105;112;104m██                        [38;2;105;112;104m██[38;2;105;112;104m██[38;2;248;245;240m██[38;2;248;245;240m██[38;2;105;112;104m██                              
                    [38;2;105;112;104m██[38;2;248;245;240m██[38;2;105;112;104m██[38;2;105;112;104m██                [38;2;105;112;104m██[38;2;248;245;240m██[38;2;105;112;104m██                      [38;2;105;112;104m██[38;2;105;112;104m██                              [38;2;105;112;104m██[38;2;105;112;104m██[38;2;248;245;240m██[38;2;105;112;104m██                            
                  [38;2;105;112;104m██[38;2;248;245;240m██[38;2;105;112;104m██                      [38;2;105;112;104m██[38;2;105;112;104m██                                                            [38;2;105;112;104m██[38;2;248;245;240m██[38;2;105;112;104m██                          
                [38;2;105;112;104m██[38;2;248;245;240m██[38;2;105;112;104m██                                                  [38;2;98;106;115m██                                      [38;2;105;112;104m██[38;2;248;245;240m██[38;2;105;112;104m██                        
              [38;2;105;112;104m██[38;2;248;245;240m██[38;2;105;112;104m██                            [38;2;98;106;115m██          [38;2;105;112;104m██[38;2;105;112;104m██[38;2;105;112;104m██[38;2;105;112;104m██[38;2;105;112;104m██[38;2;105;112;104m██[38;2;98;106;115m██[38;2;105;112;104m██[38;2;105;112;104m██                                    [38;2;105;112;104m██[38;2;248;245;240m██[38;2;105;112;104m██                      
            [38;2;105;112;104m██[38;2;248;245;240m██[38;2;105;112;104m██                              [38;2;98;106;115m██    [38;2;105;112;104m██[38;2;105;112;104m██[38;2;105;112;104m██[38;2;248;245;240m██[38;2;248;245;240m██[38;2;248;245;240m██[38;2;248;245;240m██[38;2;248;245;240m██[38;2;248;245;240m██[38;2;98;106;115m██[38;2;248;245;240m██[38;2;248;245;240m██[38;2;105;112;104m██[38;2;105;112;104m██[38;2;105;112;104m██                                [38;2;105;112;104m██[38;2;248;245;240m██[38;2;105;112;104m██                    
            [38;2;105;112;104m██[38;2;248;245;240m██[38;2;105;112;104m██                              [38;2;98;106;115m██[38;2;139;150;160m██[38;2;105;112;104m██[38;2;248;245;240m██[38;2;248;245;240m██[38;2;248;245;240m██[38;2;139;150;160m██[38;2;248;245;240m██[38;2;139;150;160m██[38;2;248;245;240m██[38;2;248;245;240m██[38;2;139;150;160m██[38;2;189;189;193m██[38;2;139;150;160m██[38;2;248;245;240m██[38;2;248;245;240m██[38;2;248;245;240m██[38;2;248;245;240m██[38;2;105;112;104m██[38;2;105;112;104m██                              [38;2;105;112;104m██[38;2;248;245;240m██[38;2;105;112;104m██                  
          [38;2;105;112;104m██[38;2;248;245;240m██[38;2;105;112;104m██                                [38;2;98;106;115m██[38;2;139;150;160m██[38;2;248;245;240m██[38;2;248;245;240m██[38;2;139;150;160m██[38;2;248;245;240m██[38;2;189;189;193m██[38;2;139;150;160m██[38;2;189;189;193m██[38;2;139;150;160m██[38;2;139;150;160m██[38;2;189;189;193m██[38;2;189;189;193m██[38;2;139;150;160m██[38;2;248;245;240m██[38;2;248;245;240m██[38;2;248;245;240m██[38;2;248;245;240m██[38;2;248;245;240m██[38;2;248;245;240m██[38;2;105;112;104m██                              [38;2;105;112;104m██[38;2;248;245;240m██[38;2;105;112;104m██                
          [38;2;105;112;104m██[38;2;248;245;240m██[38;2;105;112;104m██                              [38;2;105;112;104m██[38;2;98;106;115m██[38;2;189;189;193m██[38;2;139;150;160m██[38;2;139;150;160m██[38;2;189;189;193m██[38;2;139;150;160m██[38;2;189;189;193m██[38;2;139;150;160m██[38;2;189;189;193m██[38;2;139;150;160m██[38;2;189;189;193m██[38;2;189;189;193m██[38;2;189;189;193m██[38;2;189;189;193m██[38;2;139;150;160m██[38;2;98;106;115m██[38;2;171;181;183m██[38;2;171;181;183m██[38;2;171;181;183m██[38;2;248;245;240m██[38;2;248;245;240m██[38;2;105;112;104m██                            [38;2;105;112;104m██[38;2;248;245;240m██[38;2;105;112;104m██                
        [38;2;105;112;104m██[38;2;248;245;240m██[38;2;105;112;104m██                              [38;2;105;112;104m██[38;2;248;245;240m██[38;2;98;106;115m██[38;2;189;189;193m██[38;2;189;189;193m██[38;2;189;189;193m██[38;2;189;189;193m██[38;2;189;189;193m██[38;2;189;189;193m██[38;2;189;189;193m██[38;2;189;189;193m██[38;2;189;189;193m██[38;2;189;189;193m██[38;2;139;150;160m██[38;2;139;150;160m██[38;2;98;106;115m██[38;2;98;106;115m██[38;2;105;112;104m██[38;2;215;215;215m██[38;2;215;215;215m██[38;2;215;215;215m██[38;2;171;181;183m██[38;2;171;181;183m██[38;2;248;245;240m██[38;2;105;112;104m██                            [38;2;105;112;104m██[38;2;248;245;240m██[38;2;105;112;104m██              
        [38;2;105;112;104m██[38;2;248;245;240m██[38;2;105;112;104m██                            [38;2;105;112;104m██[38;2;171;181;183m██[38;2;171;181;183m██[38;2;105;112;104m██[38;2;98;106;115m██[38;2;98;106;115m██[38;2;98;106;115m██[38;2;98;106;115m██[38;2;98;106;115m██[38;2;98;106;115m██[38;2;98;106;115m██[38;2;98;106;115m██[38;2;98;106;115m██[38;2;98;106;115m██[38;2;175;45;193m██[38;2;175;45;193m██[38;2;16;16;16m██[38;2;16;16;16m██[38;2;16;16;16m██[38;2;215;215;215m██[38;2;215;215;215m██[38;2;215;215;215m██[38;2;215;215;215m██[38;2;215;215;215m██[38;2;171;181;183m██[38;2;171;181;183m██[38;2;105;112;104m██                          [38;2;105;112;104m██[38;2;248;245;240m██[38;2;105;112;104m██              
      [38;2;105;112;104m██[38;2;248;245;240m██[38;2;105;112;104m██                            [38;2;105;112;104m██[38;2;171;181;183m██[38;2;215;215;215m██[38;2;16;16;16m██[38;2;16;16;16m██[38;2;175;45;193m██[38;2;40;158;230m██[38;2;248;245;240m██[38;2;171;181;183m██[38;2;248;245;240m██[38;2;248;245;240m██[38;2;171;181;183m██[38;2;175;45;193m██[38;2;248;245;240m██[38;2;40;158;230m██[38;2;175;45;193m██[38;2;248;245;240m██[38;2;16;16;16m██[38;2;171;181;183m██[38;2;105;112;104m██[38;2;171;181;183m██[38;2;215;215;215m██[38;2;215;215;215m██[38;2;215;215;215m██[38;2;215;215;215m██[38;2;215;215;215m██[38;2;215;215;215m██[38;2;171;181;183m██[38;2;105;112;104m██                          [38;2;105;112;104m██[38;2;248;245;240m██[38;2;105;112;104m██            
      [38;2;105;112;104m██[38;2;248;245;240m██[38;2;105;112;104m██                          [38;2;105;112;104m██[38;2;171;181;183m██[38;2;215;215;215m██[38;2;215;215;215m██[38;2;215;215;215m██[38;2;171;181;183m██[38;2;16;16;16m██[38;2;175;45;193m██[38;2;175;45;193m██[38;2;171;181;183m██[38;2;248;245;240m██[38;2;248;245;240m██[38;2;248;245;240m██[38;2;171;181;183m██[38;2;175;45;193m██[38;2;175;45;193m██[38;2;248;245;240m██[38;2;171;181;183m██[38;2;171;181;183m██[38;2;16;16;16m██[38;2;215;215;215m██[38;2;215;215;215m██[38;2;171;181;183m██[38;2;215;215;215m██[38;2;215;215;215m██[38;2;215;215;215m██[38;2;215;215;215m██[38;2;215;215;215m██[38;2;215;215;215m██[38;2;171;181;183m██[38;2;105;112;104m██                        [38;2;105;112;104m██[38;2;248;245;240m██[38;2;105;112;104m██            
      [38;2;105;112;104m██[38;2;248;245;240m██[38;2;105;112;104m██                          [38;2;105;112;104m██[38;2;215;215;215m██[38;2;215;215;215m██[38;2;215;215;215m██[38;2;171;181;183m██[38;2;215;215;215m██[38;2;215;215;215m██[38;2;105;112;104m██[38;2;248;245;240m██[38;2;248;245;240m██[38;2;248;245;240m██[38;2;248;245;240m██[38;2;248;245;240m██[38;2;248;245;240m██[38;2;248;245;240m██[38;2;248;245;240m██[38;2;171;181;183m██[38;2;171;181;183m██[38;2;16;16;16m██[38;2;215;215;215m██[38;2;215;215;215m██[38;2;215;215;215m██[38;2;171;181;183m██[38;2;215;215;215m██[38;2;215;215;215m██[38;2;215;215;215m██[38;2;215;215;215m██[38;2;215;215;215m██[38;2;215;215;215m██[38;2;215;215;215m██[38;2;105;112;104m██                          [38;2;105;112;104m██[38;2;248;245;240m██[38;2;105;112;104m██          
    [38;2;105;112;104m██[38;2;248;245;240m██[38;2;105;112;104m██                          [38;2;105;112;104m██[38;2;215;215;215m██[38;2;215;215;215m██[38;2;215;215;215m██[38;2;215;215;215m██[38;2;171;181;183m██[38;2;215;215;215m██[38;2;215;215;215m██[38;2;215;215;215m██[38;2;105;112;104m██[38;2;105;112;104m██[38;2;248;245;240m██[38;2;171;181;183m██[38;2;248;245;240m██[38;2;248;245;240m██[38;2;248;245;240m██[38;2;248;245;240m██[38;2;105;112;104m██[38;2;16;16;16m██[38;2;171;181;183m██[38;2;215;215;215m██[38;2;215;215;215m██[38;2;215;215;215m██[38;2;215;215;215m██[38;2;171;181;183m██[38;2;215;215;215m██[38;2;215;215;215m██[38;2;215;215;215m██[38;2;215;215;215m██[38;2;215;215;215m██[38;2;215;215;215m██[38;2;215;215;215m██[38;2;105;112;104m██                        [38;2;105;112;104m██[38;2;248;245;240m██[38;2;105;112;104m██          
    [38;2;105;112;104m██[38;2;248;245;240m██[38;2;105;112;104m██                          [38;2;105;112;104m██[38;2;215;215;215m██[38;2;215;215;215m██[38;2;215;215;215m██[38;2;171;181;183m██[38;2;215;215;215m██[38;2;215;215;215m██[38;2;215;215;215m██[38;2;171;181;183m██[38;2;215;215;215m██[38;2;215;215;215m██[38;2;105;112;104m██[38;2;105;112;104m██[38;2;105;112;104m██[38;2;105;112;104m██[38;2;16;16;16m██[38;2;16;16;16m██[38;2;215;215;215m██[38;2;215;215;215m██[38;2;171;181;183m██[38;2;215;215;215m██[38;2;215;215;215m██[38;2;215;215;215m██[38;2;215;215;215m██[38;2;171;181;183m██[38;2;215;215;215m██[38;2;215;215;215m██[38;2;215;215;215m██[38;2;215;215;215m██[38;2;215;215;215m██[38;2;215;215;215m██[38;2;215;215;215m██[38;2;215;215;215m██[38;2;105;112;104m██                        [38;2;105;112;104m██[38;2;248;245;240m██[38;2;105;112;104m██        
    [38;2;105;112;104m██[38;2;248;245;240m██[38;2;105;112;104m██                        [38;2;105;112;104m██[38;2;215;215;215m██[38;2;215;215;215m██[38;2;215;215;215m██[38;2;215;215;215m██[38;2;171;181;183m██[38;2;215;215;215m██[38;2;215;215;215m██[38;2;215;215;215m██[38;2;171;181;183m██[38;2;215;215;215m██[38;2;215;215;215m██[38;2;215;215;215m██[38;2;215;215;215m██[38;2;105;112;104m██[38;2;171;181;183m██[38;2;16;16;16m██[38;2;215;215;215m██[38;2;215;215;215m██[38;2;215;215;215m██[38;2;215;215;215m██[38;2;171;181;183m██[38;2;215;215;215m██[38;2;215;215;215m██[38;2;215;215;215m██[38;2;215;215;215m██[38;2;171;181;183m██[38;2;215;215;215m██[38;2;215;215;215m██[38;2;215;215;215m██[38;2;215;215;215m██[38;2;215;215;215m██[38;2;215;215;215m██[38;2;215;215;215m██[38;2;105;112;104m██                        [38;2;105;112;104m██[38;2;248;245;240m██[38;2;105;112;104m██        
    [38;2;105;112;104m██[38;2;248;245;240m██[38;2;105;112;104m██                        [38;2;105;112;104m██[38;2;215;215;215m██[38;2;215;215;215m██[38;2;215;215;215m██[38;2;171;181;183m██[38;2;215;215;215m██[38;2;215;215;215m██[38;2;215;215;215m██[38;2;171;181;183m██[38;2;215;215;215m██[38;2;215;215;215m██[38;2;215;215;215m██[38;2;215;215;215m██[38;2;215;215;215m██[38;2;105;112;104m██[38;2;248;245;240m██[38;2;16;16;16m██[38;2;215;215;215m██[38;2;215;215;215m██[38;2;215;215;215m██[38;2;215;215;215m██[38;2;171;181;183m██[38;2;215;215;215m██[38;2;215;215;215m██[38;2;215;215;215m██[38;2;215;215;215m██[38;2;171;181;183m██[38;2;215;215;215m██[38;2;215;215;215m██[38;2;215;215;215m██[38;2;215;215;215m██[38;2;215;215;215m██[38;2;215;215;215m██[38;2;215;215;215m██[38;2;215;215;215m██[38;2;105;112;104m██                      [38;2;105;112;104m██[38;2;248;245;240m██[38;2;105;112;104m██        
  [38;2;105;112;104m██[38;2;248;245;240m██[38;2;105;112;104m██                        [38;2;105;112;104m██[38;2;215;215;215m██[38;2;215;215;215m██[38;2;215;215;215m██[38;2;215;215;215m██[38;2;171;181;183m██[38;2;215;215;215m██[38;2;215;215;215m██[38;2;215;215;215m██[38;2;171;181;183m██[38;2;215;215;215m██[38;2;215;215;215m██[38;2;215;215;215m██[38;2;215;215;215m██[38;2;215;215;215m██[38;2;105;112;104m██[38;2;248;245;240m██[38;2;16;16;16m██[38;2;215;215;215m██[38;2;215;215;215m██[38;2;215;215;215m██[38;2;215;215;215m██[38;2;171;181;183m██[38;2;215;215;215m██[38;2;215;215;215m██[38;2;215;215;215m██[38;2;215;215;215m██[38;2;215;215;215m██[38;2;171;181;183m██[38;2;215;215;215m██[38;2;215;215;215m██[38;2;215;215;215m██[38;2;215;215;215m██[38;2;215;215;215m██[38;2;215;215;215m██[38;2;215;215;215m██[38;2;105;112;104m██                        [38;2;105;112;104m██[38;2;248;245;240m██[38;2;105;112;104m██      
  [38;2;105;112;104m██[38;2;248;245;240m██[38;2;105;112;104m██                        [38;2;105;112;104m██[38;2;215;215;215m██[38;2;215;215;215m██[38;2;215;215;215m██[38;2;215;215;215m██[38;2;171;181;183m██[38;2;215;215;215m██[38;2;215;215;215m██[38;2;215;215;215m██[38;2;171;181;183m██[38;2;215;215;215m██[38;2;215;215;215m██[38;2;215;215;215m██[38;2;215;215;215m██[38;2;98;106;115m██[38;2;105;112;104m██[38;2;248;245;240m██[38;2;105;112;104m██[38;2;98;106;115m██[38;2;215;215;215m██[38;2;215;215;215m██[38;2;215;215;215m██[38;2;215;215;215m██[38;2;171;181;183m██[38;2;215;215;215m██[38;2;215;215;215m██[38;2;215;215;215m██[38;2;215;215;215m██[38;2;171;181;183m██[38;2;215;215;215m██[38;2;215;215;215m██[38;2;215;215;215m██[38;2;215;215;215m██[38;2;215;215;215m██[38;2;215;215;215m██[38;2;215;215;215m██[38;2;105;112;104m██                        [38;2;105;112;104m██[38;2;248;245;240m██[38;2;105;112;104m██      
  [38;2;105;112;104m██[38;2;248;245;240m██[38;2;105;112;104m██                      [38;2;105;112;104m██[38;2;215;215;215m██[38;2;215;215;215m██[38;2;215;215;215m██[38;2;215;215;215m██[38;2;171;181;183m██[38;2;215;215;215m██[38;2;215;215;215m██[38;2;215;215;215m██[38;2;171;181;183m██[38;2;215;215;215m██[38;2;215;215;215m██[38;2;215;215;215m██[38;2;98;106;115m██[38;2;98;106;115m██[38;2;189;189;193m██[38;2;189;189;193m██[38;2;189;189;193m██[38;2;189;189;193m██[38;2;189;189;193m██[38;2;98;106;115m██[38;2;98;106;115m██[38;2;215;215;215m██[38;2;215;215;215m██[38;2;171;181;183m██[38;2;215;215;215m██[38;2;215;215;215m██[38;2;215;215;215m██[38;2;215;215;215m██[38;2;215;215;215m██[38;2;171;181;183m██[38;2;215;215;215m██[38;2;215;215;215m██[38;2;215;215;215m██[38;2;215;215;215m██[38;2;215;215;215m██[38;2;215;215;215m██[38;2;215;215;215m██[38;2;105;112;104m██                      [38;2;105;112;104m██[38;2;248;245;240m██[38;2;105;112;104m██      
  [38;2;105;112;104m██[38;2;248;245;240m██[38;2;105;112;104m██                      [38;2;105;112;104m██[38;2;215;215;215m██[38;2;215;215;215m██[38;2;215;215;215m██[38;2;215;215;215m██[38;2;171;181;183m██[38;2;215;215;215m██[38;2;215;215;215m██[38;2;215;215;215m██[38;2;171;181;183m██[38;2;215;215;215m██[38;2;105;112;104m██[38;2;105;112;104m██[38;2;171;181;183m██[38;2;171;181;183m██[38;2;171;181;183m██[38;2;171;181;183m██[38;2;171;181;183m██[38;2;171;181;183m██[38;2;171;181;183m██[38;2;171;181;183m██[38;2;171;181;183m██[38;2;105;112;104m██[38;2;105;112;104m██[38;2;171;181;183m██[38;2;215;215;215m██[38;2;215;215;215m██[38;2;215;215;215m██[38;2;215;215;215m██[38;2;215;215;215m██[38;2;171;181;183m██[38;2;215;215;215m██[38;2;215;215;215m██[38;2;215;215;215m██[38;2;215;215;215m██[38;2;215;215;215m██[38;2;215;215;215m██[38;2;215;215;215m██[38;2;105;112;104m██                        [38;2;105;112;104m██[38;2;248;245;240m██[38;2;105;112;104m██    
  [38;2;105;112;104m██[38;2;248;245;240m██[38;2;105;112;104m██                      [38;2;105;112;104m██[38;2;215;215;215m██[38;2;215;215;215m██[38;2;215;215;215m██[38;2;215;215;215m██[38;2;171;181;183m██[38;2;215;215;215m██[38;2;215;215;215m██[38;2;215;215;215m██[38;2;105;112;104m██[38;2;105;112;104m██[38;2;248;245;240m██[38;2;248;245;240m██[38;2;248;245;240m██[38;2;248;245;240m██[38;2;248;245;240m██[38;2;248;245;240m██[38;2;248;245;240m██[38;2;248;245;240m██[38;2;248;245;240m██[38;2;248;245;240m██[38;2;248;245;240m██[38;2;248;245;240m██[38;2;248;245;240m██[38;2;105;112;104m██[38;2;105;112;104m██[38;2;215;215;215m██[38;2;215;215;215m██[38;2;215;215;215m██[38;2;215;215;215m██[38;2;171;181;183m██[38;2;215;215;215m██[38;2;215;215;215m██[38;2;215;215;215m██[38;2;215;215;215m██[38;2;215;215;215m██[38;2;215;215;215m██[38;2;215;215;215m██[38;2;105;112;104m██                        [38;2;105;112;104m██[38;2;248;245;240m██[38;2;105;112;104m██    
[38;2;105;112;104m██[38;2;248;245;240m██[38;2;105;112;104m██                      [38;2;105;112;104m██[38;2;215;215;215m██[38;2;215;215;215m██[38;2;215;215;215m██[38;2;215;215;215m██[38;2;171;181;183m██[38;2;215;215;215m██[38;2;215;215;215m██[38;2;105;112;104m██[38;2;105;112;104m██[38;2;248;245;240m██[38;2;248;245;240m██[38;2;248;245;240m██[38;2;248;245;240m██[38;2;248;245;240m██[38;2;248;245;240m██[38;2;248;245;240m██[38;2;248;245;240m██[38;2;248;245;240m██[38;2;248;245;240m██[38;2;248;245;240m██[38;2;248;245;240m██[38;2;248;245;240m██[38;2;248;245;240m██[38;2;248;245;240m██[38;2;248;245;240m██[38;2;171;181;183m██[38;2;105;112;104m██[38;2;105;112;104m██[38;2;215;215;215m██[38;2;215;215;215m██[38;2;215;215;215m██[38;2;171;181;183m██[38;2;215;215;215m██[38;2;215;215;215m██[38;2;215;215;215m██[38;2;215;215;215m██[38;2;215;215;215m██[38;2;215;215;215m██[38;2;215;215;215m██[38;2;105;112;104m██                      [38;2;105;112;104m██[38;2;248;245;240m██[38;2;105;112;104m██    
[38;2;105;112;104m██[38;2;248;245;240m██[38;2;105;112;104m██                      [38;2;105;112;104m██[38;2;215;215;215m██[38;2;215;215;215m██[38;2;215;215;215m██[38;2;215;215;215m██[38;2;171;181;183m██[38;2;215;215;215m██[38;2;105;112;104m██[38;2;248;245;240m██[38;2;248;245;240m██[38;2;248;245;240m██[38;2;248;245;240m██[38;2;248;245;240m██[38;2;248;245;240m██[38;2;248;245;240m██[38;2;248;245;240m██[38;2;248;245;240m██[38;2;248;245;240m██[38;2;248;245;240m██[38;2;248;245;240m██[38;2;248;245;240m██[38;2;248;245;240m██[38;2;248;245;240m██[38;2;248;245;240m██[38;2;248;245;240m██[38;2;248;245;240m██[38;2;171;181;183m██[38;2;171;181;183m██[38;2;171;181;183m██[38;2;16;16;16m██[38;2;215;215;215m██[38;2;215;215;215m██[38;2;171;181;183m██[38;2;215;215;215m██[38;2;215;215;215m██[38;2;215;215;215m██[38;2;215;215;215m██[38;2;215;215;215m██[38;2;215;215;215m██[38;2;215;215;215m██[38;2;105;112;104m██                      [38;2;105;112;104m██[38;2;248;245;240m██[38;2;105;112;104m██    
[38;2;105;112;104m██[38;2;248;245;240m██[38;2;105;112;104m██                      [38;2;105;112;104m██[38;2;215;215;215m██[38;2;215;215;215m██[38;2;215;215;215m██[38;2;215;215;215m██[38;2;171;181;183m██[38;2;215;215;215m██[38;2;215;215;215m██[38;2;105;112;104m██[38;2;105;112;104m██[38;2;248;245;240m██[38;2;248;245;240m██[38;2;248;245;240m██[38;2;248;245;240m██[38;2;248;245;240m██[38;2;248;245;240m██[38;2;248;245;240m██[38;2;248;245;240m██[38;2;248;245;240m██[38;2;248;245;240m██[38;2;248;245;240m██[38;2;248;245;240m██[38;2;248;245;240m██[38;2;248;245;240m██[38;2;171;181;183m██[38;2;171;181;183m██[38;2;105;112;104m██[38;2;16;16;16m██[38;2;16;16;16m██[38;2;215;215;215m██[38;2;215;215;215m██[38;2;215;215;215m██[38;2;171;181;183m██[38;2;215;215;215m██[38;2;215;215;215m██[38;2;215;215;215m██[38;2;215;215;215m██[38;2;215;215;215m██[38;2;215;215;215m██[38;2;215;215;215m██[38;2;105;112;104m██                        [38;2;105;112;104m██[38;2;248;245;240m██[38;2;105;112;104m██  
[38;2;105;112;104m██[38;2;248;245;240m██[38;2;105;112;104m██                    [38;2;105;112;104m██[38;2;215;215;215m██[38;2;215;215;215m██[38;2;215;215;215m██[38;2;215;215;215m██[38;2;215;215;215m██[38;2;171;181;183m██[38;2;215;215;215m██[38;2;215;215;215m██[38;2;215;215;215m██[38;2;215;215;215m██[38;2;105;112;104m██[38;2;105;112;104m██[38;2;105;112;104m██[38;2;248;245;240m██[38;2;248;245;240m██[38;2;248;245;240m██[38;2;248;245;240m██[38;2;248;245;240m██[38;2;248;245;240m██[38;2;248;245;240m██[38;2;248;245;240m██[38;2;171;181;183m██[38;2;105;112;104m██[38;2;105;112;104m██[38;2;105;112;104m██[38;2;105;112;104m██[38;2;171;181;183m██[38;2;105;112;104m██[38;2;16;16;16m██[38;2;215;215;215m██[38;2;215;215;215m██[38;2;215;215;215m██[38;2;215;215;215m██[38;2;171;181;183m██[38;2;215;215;215m██[38;2;215;215;215m██[38;2;215;215;215m██[38;2;215;215;215m██[38;2;215;215;215m██[38;2;215;215;215m██[38;2;215;215;215m██[38;2;105;112;104m██                      [38;2;105;112;104m██[38;2;248;245;240m██[38;2;105;112;104m██  
[38;2;105;112;104m██[38;2;248;245;240m██[38;2;105;112;104m██                    [38;2;105;112;104m██[38;2;215;215;215m██[38;2;215;215;215m██[38;2;215;215;215m██[38;2;215;215;215m██[38;2;171;181;183m██[38;2;215;215;215m██[38;2;215;215;215m██[38;2;215;215;215m██[38;2;215;215;215m██[38;2;215;215;215m██[38;2;105;112;104m██[38;2;171;181;183m██[38;2;16;16;16m██[38;2;105;112;104m██[38;2;105;112;104m██[38;2;105;112;104m██[38;2;105;112;104m██[38;2;105;112;104m██[38;2;105;112;104m██[38;2;105;112;104m██[38;2;105;112;104m██[38;2;105;112;104m██[38;2;215;215;215m██[38;2;215;215;215m██[38;2;16;16;16m██[38;2;16;16;16m██[38;2;171;181;183m██[38;2;171;181;183m██[38;2;248;245;240m██[38;2;105;112;104m██[38;2;16;16;16m██[38;2;215;215;215m██[38;2;215;215;215m██[38;2;171;181;183m██[38;2;215;215;215m██[38;2;215;215;215m██[38;2;215;215;215m██[38;2;215;215;215m██[38;2;215;215;215m██[38;2;215;215;215m██[38;2;215;215;215m██[38;2;105;112;104m██                      [38;2;105;112;104m██[38;2;248;245;240m██[38;2;105;112;104m██  
[38;2;105;112;104m██[38;2;248;245;240m██[38;2;105;112;104m██                    [38;2;105;112;104m██[38;2;215;215;215m██[38;2;215;215;215m██[38;2;215;215;215m██[38;2;215;215;215m██[38;2;171;181;183m██[38;2;215;215;215m██[38;2;215;215;215m██[38;2;215;215;215m██[38;2;215;215;215m██[38;2;215;215;215m██[38;2;105;112;104m██[38;2;171;181;183m██[38;2;105;112;104m██[38;2;105;112;104m██[38;2;171;181;183m██[38;2;248;245;240m██[38;2;248;245;240m██[38;2;248;245;240m██[38;2;248;245;240m██[38;2;171;181;183m██[38;2;171;181;183m██[38;2;16;16;16m██[38;2;215;215;215m██[38;2;215;215;215m██[38;2;215;215;215m██[38;2;215;215;215m██[38;2;16;16;16m██[38;2;16;16;16m██[38;2;171;181;183m██[38;2;248;245;240m██[38;2;248;245;240m██[38;2;105;112;104m██[38;2;105;112;104m██[38;2;171;181;183m██[38;2;215;215;215m██[38;2;215;215;215m██[38;2;215;215;215m██[38;2;215;215;215m██[38;2;215;215;215m██[38;2;215;215;215m██[38;2;215;215;215m██[38;2;105;112;104m██                      [38;2;105;112;104m██[38;2;248;245;240m██[38;2;105;112;104m██  
[38;2;105;112;104m██[38;2;248;245;240m██[38;2;105;112;104m██                    [38;2;105;112;104m██[38;2;215;215;215m██[38;2;215;215;215m██[38;2;215;215;215m██[38;2;215;215;215m██[38;2;171;181;183m██[38;2;215;215;215m██[38;2;215;215;215m██[38;2;215;215;215m██[38;2;215;215;215m██[38;2;105;112;104m██[38;2;248;245;240m██[38;2;171;181;183m██[38;2;16;16;16m██[38;2;248;245;240m██[38;2;248;245;240m██[38;2;248;245;240m██[38;2;248;245;240m██[38;2;248;245;240m██[38;2;248;245;240m██[38;2;171;181;183m██[38;2;171;181;183m██[38;2;171;181;183m██[38;2;16;16;16m██[38;2;215;215;215m██[38;2;215;215;215m██[38;2;215;215;215m██[38;2;171;181;183m██[38;2;215;215;215m██[38;2;16;16;16m██[38;2;105;112;104m██[38;2;248;245;240m██[38;2;248;245;240m██[38;2;248;245;240m██[38;2;105;112;104m██[38;2;105;112;104m██[38;2;215;215;215m██[38;2;215;215;215m██[38;2;215;215;215m██[38;2;215;215;215m██[38;2;215;215;215m██[38;2;215;215;215m██[38;2;215;215;215m██[38;2;105;112;104m██                    [38;2;105;112;104m██[38;2;248;245;240m██[38;2;105;112;104m██  
[38;2;105;112;104m██[38;2;248;245;240m██[38;2;105;112;104m██                  [38;2;105;112;104m██[38;2;215;215;215m██[38;2;215;215;215m██[38;2;215;215;215m██[38;2;215;215;215m██[38;2;215;215;215m██[38;2;171;181;183m██[38;2;215;215;215m██[38;2;215;215;215m██[38;2;215;215;215m██[38;2;215;215;215m██[38;2;105;112;104m██[38;2;248;245;240m██[38;2;16;16;16m██[38;2;215;215;215m██[38;2;16;16;16m██[38;2;16;16;16m██[38;2;248;245;240m██[38;2;248;245;240m██[38;2;248;245;240m██[38;2;171;181;183m██[38;2;171;181;183m██[38;2;16;16;16m██[38;2;16;16;16m██[38;2;215;215;215m██[38;2;215;215;215m██[38;2;215;215;215m██[38;2;215;215;215m██[38;2;171;181;183m██[38;2;215;215;215m██[38;2;215;215;215m██[38;2;215;215;215m██[38;2;105;112;104m██[38;2;105;112;104m██[38;2;248;245;240m██[38;2;248;245;240m██[38;2;248;245;240m██[38;2;105;112;104m██[38;2;105;112;104m██[38;2;215;215;215m██[38;2;215;215;215m██[38;2;215;215;215m██[38;2;215;215;215m██[38;2;215;215;215m██[38;2;105;112;104m██                      [38;2;105;112;104m██[38;2;248;245;240m██[38;2;105;112;104m██
[38;2;105;112;104m██[38;2;248;245;240m██[38;2;105;112;104m██                  [38;2;105;112;104m██[38;2;215;215;215m██[38;2;215;215;215m██[38;2;215;215;215m██[38;2;215;215;215m██[38;2;215;215;215m██[38;2;171;181;183m██[38;2;215;215;215m██[38;2;215;215;215m██[38;2;215;215;215m██[38;2;105;112;104m██[38;2;248;245;240m██[38;2;171;181;183m██[38;2;16;16;16m██[38;2;215;215;215m██[38;2;215;215;215m██[38;2;32;38;38m██[38;2;16;16;16m██[38;2;16;16;16m██[38;2;16;16;16m██[38;2;16;16;16m██[38;2;16;16;16m██[38;2;32;38;38m██[38;2;215;215;215m██[38;2;215;215;215m██[38;2;215;215;215m██[38;2;215;215;215m██[38;2;215;215;215m██[38;2;171;181;183m██[38;2;215;215;215m██[38;2;215;215;215m██[38;2;215;215;215m██[38;2;215;215;215m██[38;2;215;215;215m██[38;2;105;112;104m██[38;2;105;112;104m██[38;2;248;245;240m██[38;2;248;245;240m██[38;2;248;245;240m██[38;2;105;112;104m██[38;2;105;112;104m██[38;2;215;215;215m██[38;2;215;215;215m██[38;2;215;215;215m██[38;2;105;112;104m██                      [38;2;105;112;104m██[38;2;248;245;240m██[38;2;105;112;104m██
[38;2;105;112;104m██[38;2;248;245;240m██[38;2;105;112;104m██                  [38;2;105;112;104m██[38;2;215;215;215m██[38;2;215;215;215m██[38;2;215;215;215m██[38;2;215;215;215m██[38;2;215;215;215m██[38;2;171;181;183m██[38;2;215;215;215m██[38;2;215;215;215m██[38;2;215;215;215m██[38;2;105;112;104m██[38;2;248;245;240m██[38;2;105;112;104m██[38;2;215;215;215m██[38;2;215;215;215m██[38;2;32;38;38m██[38;2;106;106;106m██[38;2;137;137;137m██[38;2;137;137;137m██[38;2;137;137;137m██[38;2;137;137;137m██[38;2;106;106;106m██[38;2;106;106;106m██[38;2;16;16;16m██[38;2;215;215;215m██[38;2;215;215;215m██[38;2;215;215;215m██[38;2;215;215;215m██[38;2;171;181;183m██[38;2;215;215;215m██[38;2;215;215;215m██[38;2;215;215;215m██[38;2;215;215;215m██[38;2;215;215;215m██[38;2;215;215;215m██[38;2;215;215;215m██[38;2;105;112;104m██[38;2;105;112;104m██[38;2;248;245;240m██[38;2;248;245;240m██[38;2;98;106;115m██[38;2;98;106;115m██[38;2;215;215;215m██[38;2;215;215;215m██[38;2;105;112;104m██                      [38;2;105;112;104m██[38;2;248;245;240m██[38;2;105;112;104m██
[38;2;105;112;104m██[38;2;248;245;240m██[38;2;105;112;104m██                  [38;2;105;112;104m██[38;2;215;215;215m██[38;2;215;215;215m██[38;2;215;215;215m██[38;2;215;215;215m██[38;2;215;215;215m██[38;2;171;181;183m██[38;2;215;215;215m██[38;2;215;215;215m██[38;2;215;215;215m██[38;2;105;112;104m██[38;2;171;181;183m██[38;2;16;16;16m██[38;2;215;215;215m██[38;2;32;38;38m██[38;2;137;137;137m██[38;2;137;137;137m██[38;2;137;137;137m██[38;2;137;137;137m██[38;2;137;137;137m██[38;2;137;137;137m██[38;2;106;106;106m██[38;2;106;106;106m██[38;2;106;106;106m██[38;2;16;16;16m██[38;2;215;215;215m██[38;2;215;215;215m██[38;2;215;215;215m██[38;2;171;181;183m██[38;2;215;215;215m██[38;2;215;215;215m██[38;2;215;215;215m██[38;2;215;215;215m██[38;2;215;215;215m██[38;2;215;215;215m██[38;2;215;215;215m██[38;2;171;181;183m██[38;2;215;215;215m██[38;2;105;112;104m██[38;2;98;106;115m██[38;2;189;189;193m██[38;2;189;189;193m██[38;2;98;106;115m██[38;2;215;215;215m██[38;2;105;112;104m██                      [38;2;105;112;104m██[38;2;248;245;240m██[38;2;105;112;104m██
[38;2;105;112;104m██[38;2;248;245;240m██[38;2;105;112;104m██                  [38;2;105;112;104m██[38;2;215;215;215m██[38;2;215;215;215m██[38;2;215;215;215m██[38;2;215;215;215m██[38;2;215;215;215m██[38;2;171;181;183m██[38;2;215;215;215m██[38;2;215;215;215m██[38;2;105;112;104m██[38;2;248;245;240m██[38;2;171;181;183m██[38;2;16;16;16m██[38;2;171;181;183m██[38;2;215;215;215m██[38;2;16;16;16m██[38;2;16;16;16m██[38;2;137;137;137m██[38;2;137;137;137m██[38;2;137;137;137m██[38;2;106;106;106m██[38;2;106;106;106m██[38;2;16;16;16m██[38;2;16;16;16m██[38;2;215;215;215m██[38;2;215;215;215m██[38;2;215;215;215m██[38;2;215;215;215m██[38;2;171;181;183m██[38;2;215;215;215m██[38;2;215;215;215m██[38;2;215;215;215m██[38;2;215;215;215m██[38;2;215;215;215m██[38;2;215;215;215m██[38;2;215;215;215m██[38;2;105;112;104m██[38;2;105;112;104m██[38;2;105;112;104m██[38;2;98;106;115m██[38;2;189;189;193m██[38;2;139;150;160m██[38;2;16;16;16m██[38;2;215;215;215m██[38;2;215;215;215m██[38;2;105;112;104m██                    [38;2;105;112;104m██[38;2;248;245;240m██[38;2;105;112;104m██
[38;2;105;112;104m██[38;2;248;245;240m██[38;2;105;112;104m██                [38;2;105;112;104m██[38;2;215;215;215m██[38;2;215;215;215m██[38;2;215;215;215m██[38;2;215;215;215m██[38;2;215;215;215m██[38;2;215;215;215m██[38;2;171;181;183m██[38;2;215;215;215m██[38;2;215;215;215m██[38;2;105;112;104m██[38;2;248;245;240m██[38;2;16;16;16m██[38;2;215;215;215m██[38;2;171;181;183m██[38;2;215;215;215m██[38;2;215;215;215m██[38;2;32;38;38m██[38;2;16;16;16m██[38;2;16;16;16m██[38;2;16;16;16m██[38;2;16;16;16m██[38;2;16;16;16m██[38;2;32;38;38m██[38;2;215;215;215m██[38;2;215;215;215m██[38;2;215;215;215m██[38;2;215;215;215m██[38;2;215;215;215m██[38;2;171;181;183m██[38;2;215;215;215m██[38;2;215;215;215m██[38;2;215;215;215m██[38;2;215;215;215m██[38;2;215;215;215m██[38;2;105;112;104m██[38;2;105;112;104m██[38;2;248;245;240m██[38;2;248;245;240m██[38;2;248;245;240m██[38;2;171;181;183m██[38;2;16;16;16m██[38;2;16;16;16m██[38;2;215;215;215m██[38;2;215;215;215m██[38;2;215;215;215m██[38;2;105;112;104m██                    [38;2;105;112;104m██[38;2;248;245;240m██[38;2;105;112;104m██
[38;2;105;112;104m██[38;2;248;245;240m██[38;2;16;16;16m██                [38;2;105;112;104m██[38;2;215;215;215m██[38;2;215;215;215m██[38;2;215;215;215m██[38;2;215;215;215m██[38;2;215;215;215m██[38;2;215;215;215m██[38;2;171;181;183m██[38;2;215;215;215m██[38;2;105;112;104m██[38;2;248;245;240m██[38;2;248;245;240m██[38;2;16;16;16m██[38;2;215;215;215m██[38;2;171;181;183m██[38;2;215;215;215m██[38;2;32;38;38m██[38;2;54;57;58m██[38;2;54;57;58m██[38;2;54;57;58m██[38;2;54;57;58m██[38;2;54;57;58m██[38;2;54;57;58m██[38;2;54;57;58m██[38;2;32;38;38m██[38;2;16;16;16m██[38;2;215;215;215m██[38;2;215;215;215m██[38;2;215;215;215m██[38;2;171;181;183m██[38;2;215;215;215m██[38;2;215;215;215m██[38;2;215;215;215m██[38;2;105;112;104m██[38;2;105;112;104m██[38;2;248;245;240m██[38;2;248;245;240m██[38;2;171;181;183m██[38;2;105;112;104m██[38;2;16;16;16m██[38;2;16;16;16m██[38;2;215;215;215m██[38;2;215;215;215m██[38;2;215;215;215m██[38;2;215;215;215m██[38;2;215;215;215m██[38;2;105;112;104m██                    [38;2;105;112;104m██[38;2;248;245;240m██[38;2;105;112;104m██
[38;2;105;112;104m██[38;2;248;245;240m██[38;2;16;16;16m██                [38;2;105;112;104m██[38;2;215;215;215m██[38;2;215;215;215m██[38;2;215;215;215m██[38;2;215;215;215m██[38;2;215;215;215m██[38;2;215;215;215m██[38;2;171;181;183m██[38;2;98;106;115m██[38;2;139;150;160m██[38;2;248;245;240m██[38;2;105;112;104m██[38;2;215;215;215m██[38;2;215;215;215m██[38;2;171;181;183m██[38;2;32;38;38m██[38;2;86;90;90m██[38;2;86;90;90m██[38;2;54;57;58m██[38;2;54;57;58m██[38;2;54;57;58m██[38;2;54;57;58m██[38;2;86;90;90m██[38;2;54;57;58m██[38;2;54;57;58m██[38;2;54;57;58m██[38;2;32;38;38m██[38;2;16;16;16m██[38;2;215;215;215m██[38;2;171;181;183m██[38;2;215;215;215m██[38;2;105;112;104m██[38;2;105;112;104m██[38;2;248;245;240m██[38;2;248;245;240m██[38;2;171;181;183m██[38;2;16;16;16m██[38;2;16;16;16m██[38;2;215;215;215m██[38;2;215;215;215m██[38;2;215;215;215m██[38;2;215;215;215m██[38;2;215;215;215m██[38;2;215;215;215m██[38;2;215;215;215m██[38;2;215;215;215m██[38;2;105;112;104m██                    [38;2;105;112;104m██[38;2;248;245;240m██[38;2;105;112;104m██
[38;2;105;112;104m██[38;2;248;245;240m██[38;2;16;16;16m██                [38;2;105;112;104m██[38;2;215;215;215m██[38;2;215;215;215m██[38;2;215;215;215m██[38;2;215;215;215m██[38;2;215;215;215m██[38;2;215;215;215m██[38;2;98;106;115m██[38;2;189;189;193m██[38;2;139;150;160m██[38;2;248;245;240m██[38;2;16;16;16m██[38;2;215;215;215m██[38;2;32;38;38m██[38;2;32;38;38m██[38;2;86;90;90m██[38;2;86;90;90m██[38;2;86;90;90m██[38;2;86;90;90m██[38;2;86;90;90m██[38;2;86;90;90m██[38;2;86;90;90m██[38;2;86;90;90m██[38;2;54;57;58m██[38;2;54;57;58m██[38;2;54;57;58m██[38;2;54;57;58m██[38;2;54;57;58m██[38;2;16;16;16m██[38;2;98;106;115m██[38;2;171;181;183m██[38;2;248;245;240m██[38;2;248;245;240m██[38;2;105;112;104m██[38;2;16;16;16m██[38;2;16;16;16m██[38;2;215;215;215m██[38;2;171;181;183m██[38;2;215;215;215m██[38;2;215;215;215m██[38;2;215;215;215m██[38;2;215;215;215m██[38;2;215;215;215m██[38;2;215;215;215m██[38;2;215;215;215m██[38;2;215;215;215m██[38;2;105;112;104m██                    [38;2;105;112;104m██[38;2;248;245;240m██[38;2;105;112;104m██
[38;2;105;112;104m██[38;2;248;245;240m██[38;2;16;16;16m██                [38;2;105;112;104m██[38;2;215;215;215m██[38;2;215;215;215m██[38;2;215;215;215m██[38;2;215;215;215m██[38;2;215;215;215m██[38;2;215;215;215m██[38;2;98;106;115m██[38;2;189;189;193m██[38;2;189;189;193m██[38;2;98;106;115m██[38;2;16;16;16m██[38;2;32;38;38m██[38;2;54;57;58m██[38;2;86;90;90m██[38;2;86;90;90m██[38;2;86;90;90m██[38;2;86;90;90m██[38;2;86;90;90m██[38;2;86;90;90m██[38;2;86;90;90m██[38;2;86;90;90m██[38;2;86;90;90m██[38;2;54;57;58m██[38;2;54;57;58m██[38;2;54;57;58m██[38;2;32;38;38m██[38;2;16;16;16m██[38;2;98;106;115m██[38;2;139;150;160m██[38;2;105;112;104m██[38;2;16;16;16m██[38;2;16;16;16m██[38;2;215;215;215m██[38;2;215;215;215m██[38;2;215;215;215m██[38;2;215;215;215m██[38;2;171;181;183m██[38;2;215;215;215m██[38;2;215;215;215m██[38;2;215;215;215m██[38;2;215;215;215m██[38;2;215;215;215m██[38;2;215;215;215m██[38;2;215;215;215m██[38;2;215;215;215m██[38;2;105;112;104m██                    [38;2;105;112;104m██[38;2;248;245;240m██[38;2;105;112;104m██
[38;2;105;112;104m██[38;2;171;181;183m██[38;2;16;16;16m██                [38;2;105;112;104m██[38;2;215;215;215m██[38;2;215;215;215m██[38;2;215;215;215m██[38;2;215;215;215m██[38;2;215;215;215m██[38;2;215;215;215m██[38;2;98;106;115m██[38;2;139;150;160m██[38;2;98;106;115m██[38;2;16;16;16m██[38;2;215;215;215m██[38;2;215;215;215m██[38;2;16;16;16m██[38;2;16;16;16m██[38;2;54;57;58m██[38;2;86;90;90m██[38;2;86;90;90m██[38;2;86;90;90m██[38;2;86;90;90m██[38;2;86;90;90m██[38;2;86;90;90m██[38;2;54;57;58m██[38;2;32;38;38m██[38;2;16;16;16m██[38;2;16;16;16m██[38;2;32;38;38m██[38;2;98;106;115m██[38;2;189;189;193m██[38;2;98;106;115m██[38;2;98;106;115m██[38;2;215;215;215m██[38;2;215;215;215m██[38;2;215;215;215m██[38;2;215;215;215m██[38;2;215;215;215m██[38;2;215;215;215m██[38;2;171;181;183m██[38;2;215;215;215m██[38;2;215;215;215m██[38;2;215;215;215m██[38;2;215;215;215m██[38;2;215;215;215m██[38;2;215;215;215m██[38;2;215;215;215m██[38;2;215;215;215m██[38;2;105;112;104m██                    [38;2;105;112;104m██[38;2;248;245;240m██[38;2;105;112;104m██
[38;2;105;112;104m██[38;2;171;181;183m██[38;2;16;16;16m██                [38;2;105;112;104m██[38;2;215;215;215m██[38;2;215;215;215m██[38;2;215;215;215m██[38;2;215;215;215m██[38;2;215;215;215m██[38;2;215;215;215m██[38;2;98;106;115m██[38;2;105;112;104m██[38;2;171;181;183m██[38;2;16;16;16m██[38;2;215;215;215m██[38;2;215;215;215m██[38;2;215;215;215m██[38;2;215;215;215m██[38;2;16;16;16m██[38;2;16;16;16m██[38;2;16;16;16m██[38;2;16;16;16m██[38;2;16;16;16m██[38;2;16;16;16m██[38;2;16;16;16m██[38;2;16;16;16m██[38;2;54;57;58m██[38;2;54;57;58m██[38;2;54;57;58m██[38;2;54;57;58m██[38;2;98;106;115m██[38;2;98;106;115m██[38;2;189;189;193m██[38;2;98;106;115m██[38;2;215;215;215m██[38;2;215;215;215m██[38;2;215;215;215m██[38;2;215;215;215m██[38;2;215;215;215m██[38;2;215;215;215m██[38;2;171;181;183m██[38;2;215;215;215m██[38;2;215;215;215m██[38;2;215;215;215m██[38;2;215;215;215m██[38;2;215;215;215m██[38;2;215;215;215m██[38;2;215;215;215m██[38;2;215;215;215m██[38;2;105;112;104m██                    [38;2;105;112;104m██[38;2;248;245;240m██[38;2;16;16;16m██
[38;2;105;112;104m██[38;2;171;181;183m██[38;2;16;16;16m██                [38;2;105;112;104m██[38;2;215;215;215m██[38;2;215;215;215m██[38;2;215;215;215m██[38;2;215;215;215m██[38;2;215;215;215m██[38;2;215;215;215m██[38;2;105;112;104m██[38;2;248;245;240m██[38;2;171;181;183m██[38;2;16;16;16m██[38;2;215;215;215m██[38;2;215;215;215m██[38;2;215;215;215m██[38;2;215;215;215m██[38;2;32;38;38m██[38;2;54;57;58m██[38;2;54;57;58m██[38;2;54;57;58m██[38;2;32;38;38m██[38;2;54;57;58m██[38;2;54;57;58m██[38;2;54;57;58m██[38;2;54;57;58m██[38;2;54;57;58m██[38;2;54;57;58m██[38;2;54;57;58m██[38;2;54;57;58m██[38;2;98;106;115m██[38;2;189;189;193m██[38;2;189;189;193m██[38;2;98;106;115m██[38;2;215;215;215m██[38;2;215;215;215m██[38;2;215;215;215m██[38;2;215;215;215m██[38;2;215;215;215m██[38;2;171;181;183m██[38;2;215;215;215m██[38;2;215;215;215m██[38;2;215;215;215m██[38;2;215;215;215m██[38;2;215;215;215m██[38;2;215;215;215m██[38;2;215;215;215m██[38;2;215;215;215m██[38;2;105;112;104m██                    [38;2;105;112;104m██[38;2;248;245;240m██[38;2;16;16;16m██
[38;2;105;112;104m██[38;2;171;181;183m██[38;2;16;16;16m██                [38;2;105;112;104m██[38;2;215;215;215m██[38;2;215;215;215m██[38;2;215;215;215m██[38;2;215;215;215m██[38;2;215;215;215m██[38;2;215;215;215m██[38;2;105;112;104m██[38;2;248;245;240m██[38;2;16;16;16m██[38;2;215;215;215m██[38;2;215;215;215m██[38;2;215;215;215m██[38;2;215;215;215m██[38;2;32;38;38m██[38;2;54;57;58m██[38;2;54;57;58m██[38;2;54;57;58m██[38;2;54;57;58m██[38;2;54;57;58m██[38;2;32;38;38m██[38;2;54;57;58m██[38;2;54;57;58m██[38;2;54;57;58m██[38;2;54;57;58m██[38;2;54;57;58m██[38;2;54;57;58m██[38;2;54;57;58m██[38;2;16;16;16m██[38;2;16;16;16m██[38;2;189;189;193m██[38;2;98;106;115m██[38;2;215;215;215m██[38;2;215;215;215m██[38;2;215;215;215m██[38;2;215;215;215m██[38;2;171;181;183m██[38;2;215;215;215m██[38;2;215;215;215m██[38;2;215;215;215m██[38;2;215;215;215m██[38;2;215;215;215m██[38;2;215;215;215m██[38;2;215;215;215m██[38;2;215;215;215m██[38;2;215;215;215m██[38;2;105;112;104m██                    [38;2;105;112;104m██[38;2;171;181;183m██[38;2;16;16;16m██
[38;2;105;112;104m██[38;2;171;181;183m██[38;2;16;16;16m██                [38;2;105;112;104m██[38;2;215;215;215m██[38;2;215;215;215m██[38;2;215;215;215m██[38;2;215;215;215m██[38;2;215;215;215m██[38;2;105;112;104m██[38;2;248;245;240m██[38;2;248;245;240m██[38;2;16;16;16m██[38;2;215;215;215m██[38;2;215;215;215m██[38;2;215;215;215m██[38;2;215;215;215m██[38;2;32;38;38m██[38;2;86;90;90m██[38;2;86;90;90m██[38;2;86;90;90m██[38;2;54;57;58m██[38;2;54;57;58m██[38;2;32;38;38m██[38;2;54;57;58m██[38;2;54;57;58m██[38;2;86;90;90m██[38;2;86;90;90m██[38;2;86;90;90m██[38;2;86;90;90m██[38;2;16;16;16m██[38;2;215;215;215m██[38;2;215;215;215m██[38;2;16;16;16m██[38;2;16;16;16m██[38;2;215;215;215m██[38;2;215;215;215m██[38;2;215;215;215m██[38;2;215;215;215m██[38;2;171;181;183m██[38;2;215;215;215m██[38;2;215;215;215m██[38;2;215;215;215m██[38;2;215;215;215m██[38;2;215;215;215m██[38;2;215;215;215m██[38;2;215;215;215m██[38;2;215;215;215m██[38;2;215;215;215m██[38;2;105;112;104m██                    [38;2;105;112;104m██[38;2;171;181;183m██[38;2;16;16;16m██
[38;2;105;112;104m██[38;2;171;181;183m██[38;2;16;16;16m██                [38;2;105;112;104m██[38;2;215;215;215m██[38;2;215;215;215m██[38;2;215;215;215m██[38;2;215;215;215m██[38;2;215;215;215m██[38;2;105;112;104m██[38;2;248;245;240m██[38;2;16;16;16m██[38;2;215;215;215m██[38;2;215;215;215m██[38;2;215;215;215m██[38;2;215;215;215m██[38;2;215;215;215m██[38;2;215;215;215m██[38;2;32;38;38m██[38;2;32;38;38m██[38;2;86;90;90m██[38;2;86;90;90m██[38;2;54;57;58m██[38;2;16;16;16m██[38;2;54;57;58m██[38;2;86;90;90m██[38;2;86;90;90m██[38;2;86;90;90m██[38;2;32;38;38m██[38;2;32;38;38m██[38;2;54;57;58m██[38;2;16;16;16m██[38;2;215;215;215m██[38;2;215;215;215m██[38;2;215;215;215m██[38;2;215;215;215m██[38;2;215;215;215m██[38;2;215;215;215m██[38;2;215;215;215m██[38;2;171;181;183m██[38;2;215;215;215m██[38;2;215;215;215m██[38;2;215;215;215m██[38;2;215;215;215m██[38;2;215;215;215m██[38;2;215;215;215m██[38;2;215;215;215m██[38;2;215;215;215m██[38;2;215;215;215m██[38;2;105;112;104m██                    [38;2;105;112;104m██[38;2;171;181;183m██[38;2;16;16;16m██
  [38;2;105;112;104m██[38;2;171;181;183m██[38;2;16;16;16m██                [38;2;105;112;104m██[38;2;215;215;215m██[38;2;215;215;215m██[38;2;215;215;215m██[38;2;105;112;104m██[38;2;248;245;240m██[38;2;248;245;240m██[38;2;16;16;16m██[38;2;215;215;215m██[38;2;215;215;215m██[38;2;215;215;215m██[38;2;215;215;215m██[38;2;215;215;215m██[38;2;32;38;38m██[38;2;54;57;58m██[38;2;54;57;58m██[38;2;16;16;16m██[38;2;16;16;16m██[38;2;16;16;16m██[38;2;215;215;215m██[38;2;16;16;16m██[38;2;16;16;16m██[38;2;16;16;16m██[38;2;32;38;38m██[38;2;54;57;58m██[38;2;54;57;58m██[38;2;54;57;58m██[38;2;16;16;16m██[38;2;215;215;215m██[38;2;215;215;215m██[38;2;215;215;215m██[38;2;215;215;215m██[38;2;215;215;215m██[38;2;215;215;215m██[38;2;215;215;215m██[38;2;171;181;183m██[38;2;215;215;215m██[38;2;215;215;215m██[38;2;215;215;215m██[38;2;215;215;215m██[38;2;215;215;215m██[38;2;215;215;215m██[38;2;215;215;215m██[38;2;215;215;215m██[38;2;105;112;104m██                      [38;2;105;112;104m██[38;2;171;181;183m██[38;2;16;16;16m██
  [38;2;105;112;104m██[38;2;171;181;183m██[38;2;16;16;16m██                [38;2;105;112;104m██[38;2;215;215;215m██[38;2;215;215;215m██[38;2;215;215;215m██[38;2;105;112;104m██[38;2;248;245;240m██[38;2;16;16;16m██[38;2;215;215;215m██[38;2;171;181;183m██[38;2;215;215;215m██[38;2;215;215;215m██[38;2;215;215;215m██[38;2;215;215;215m██[38;2;32;38;38m██[38;2;86;90;90m██[38;2;86;90;90m██[38;2;54;57;58m██[38;2;54;57;58m██[38;2;16;16;16m██[38;2;215;215;215m██[38;2;215;215;215m██[38;2;16;16;16m██[38;2;54;57;58m██[38;2;54;57;58m██[38;2;54;57;58m██[38;2;54;57;58m██[38;2;54;57;58m██[38;2;54;57;58m██[38;2;16;16;16m██[38;2;215;215;215m██[38;2;215;215;215m██[38;2;215;215;215m██[38;2;215;215;215m██[38;2;215;215;215m██[38;2;171;181;183m██[38;2;215;215;215m██[38;2;215;215;215m██[38;2;215;215;215m██[38;2;215;215;215m██[38;2;215;215;215m██[38;2;215;215;215m██[38;2;215;215;215m██[38;2;215;215;215m██[38;2;215;215;215m██[38;2;105;112;104m██                      [38;2;105;112;104m██[38;2;171;181;183m██[38;2;16;16;16m██
  [38;2;105;112;104m██[38;2;171;181;183m██[38;2;16;16;16m██                [38;2;105;112;104m██[38;2;215;215;215m██[38;2;215;215;215m██[38;2;215;215;215m██[38;2;105;112;104m██[38;2;248;245;240m██[38;2;16;16;16m██[38;2;215;215;215m██[38;2;171;181;183m██[38;2;215;215;215m██[38;2;215;215;215m██[38;2;215;215;215m██[38;2;215;215;215m██[38;2;32;38;38m██[38;2;86;90;90m██[38;2;86;90;90m██[38;2;86;90;90m██[38;2;54;57;58m██[38;2;16;16;16m██[38;2;215;215;215m██[38;2;215;215;215m██[38;2;16;16;16m██[38;2;54;57;58m██[38;2;54;57;58m██[38;2;54;57;58m██[38;2;54;57;58m██[38;2;54;57;58m██[38;2;54;57;58m██[38;2;16;16;16m██[38;2;215;215;215m██[38;2;215;215;215m██[38;2;215;215;215m██[38;2;215;215;215m██[38;2;215;215;215m██[38;2;171;181;183m██[38;2;215;215;215m██[38;2;215;215;215m██[38;2;215;215;215m██[38;2;215;215;215m██[38;2;215;215;215m██[38;2;215;215;215m██[38;2;215;215;215m██[38;2;215;215;215m██[38;2;215;215;215m██[38;2;105;112;104m██                      [38;2;105;112;104m██[38;2;171;181;183m██[38;2;16;16;16m██
  [38;2;105;112;104m██[38;2;171;181;183m██[38;2;16;16;16m██                [38;2;105;112;104m██[38;2;215;215;215m██[38;2;215;215;215m██[38;2;105;112;104m██[38;2;248;245;240m██[38;2;248;245;240m██[38;2;16;16;16m██[38;2;215;215;215m██[38;2;171;181;183m██[38;2;215;215;215m██[38;2;215;215;215m██[38;2;215;215;215m██[38;2;32;38;38m██[38;2;86;90;90m██[38;2;86;90;90m██[38;2;86;90;90m██[38;2;86;90;90m██[38;2;16;16;16m██[38;2;171;181;183m██[38;2;215;215;215m██[38;2;215;215;215m██[38;2;215;215;215m██[38;2;16;16;16m██[38;2;54;57;58m██[38;2;54;57;58m██[38;2;54;57;58m██[38;2;54;57;58m██[38;2;54;57;58m██[38;2;32;38;38m██[38;2;215;215;215m██[38;2;215;215;215m██[38;2;215;215;215m██[38;2;215;215;215m██[38;2;215;215;215m██[38;2;171;181;183m██[38;2;215;215;215m██[38;2;215;215;215m██[38;2;215;215;215m██[38;2;215;215;215m██[38;2;215;215;215m██[38;2;215;215;215m██[38;2;215;215;215m██[38;2;215;215;215m██[38;2;215;215;215m██[38;2;105;112;104m██                    [38;2;105;112;104m██[38;2;171;181;183m██[38;2;16;16;16m██  
  [38;2;105;112;104m██[38;2;171;181;183m██[38;2;16;16;16m██                  [38;2;105;112;104m██[38;2;215;215;215m██[38;2;105;112;104m██[38;2;248;245;240m██[38;2;16;16;16m██[38;2;215;215;215m██[38;2;215;215;215m██[38;2;215;215;215m██[38;2;171;181;183m██[38;2;215;215;215m██[38;2;215;215;215m██[38;2;32;38;38m██[38;2;86;90;90m██[38;2;86;90;90m██[38;2;86;90;90m██[38;2;86;90;90m██[38;2;16;16;16m██[38;2;215;215;215m██[38;2;171;181;183m██[38;2;215;215;215m██[38;2;215;215;215m██[38;2;16;16;16m██[38;2;54;57;58m██[38;2;54;57;58m██[38;2;54;57;58m██[38;2;54;57;58m██[38;2;54;57;58m██[38;2;54;57;58m██[38;2;16;16;16m██[38;2;215;215;215m██[38;2;215;215;215m██[38;2;215;215;215m██[38;2;171;181;183m██[38;2;215;215;215m██[38;2;215;215;215m██[38;2;215;215;215m██[38;2;215;215;215m██[38;2;215;215;215m██[38;2;215;215;215m██[38;2;215;215;215m██[38;2;215;215;215m██[38;2;215;215;215m██[38;2;105;112;104m██                      [38;2;105;112;104m██[38;2;171;181;183m██[38;2;16;16;16m██  
    [38;2;105;112;104m██[38;2;171;181;183m██[38;2;16;16;16m██                [38;2;105;112;104m██[38;2;105;112;104m██[38;2;248;245;240m██[38;2;248;245;240m██[38;2;16;16;16m██[38;2;215;215;215m██[38;2;215;215;215m██[38;2;215;215;215m██[38;2;171;181;183m██[38;2;215;215;215m██[38;2;215;215;215m██[38;2;32;38;38m██[38;2;86;90;90m██[38;2;86;90;90m██[38;2;86;90;90m██[38;2;54;57;58m██[38;2;16;16;16m██[38;2;215;215;215m██[38;2;171;181;183m██[38;2;215;215;215m██[38;2;215;215;215m██[38;2;215;215;215m██[38;2;16;16;16m██[38;2;54;57;58m██[38;2;54;57;58m██[38;2;54;57;58m██[38;2;54;57;58m██[38;2;54;57;58m██[38;2;16;16;16m██[38;2;215;215;215m██[38;2;215;215;215m██[38;2;215;215;215m██[38;2;171;181;183m██[38;2;215;215;215m██[38;2;215;215;215m██[38;2;215;215;215m██[38;2;215;215;215m██[38;2;215;215;215m██[38;2;215;215;215m██[38;2;215;215;215m██[38;2;215;215;215m██[38;2;215;215;215m██[38;2;105;112;104m██                      [38;2;105;112;104m██[38;2;171;181;183m██[38;2;16;16;16m██  
    [38;2;105;112;104m██[38;2;171;181;183m██[38;2;16;16;16m██                  [38;2;105;112;104m██[38;2;248;245;240m██[38;2;105;112;104m██[38;2;215;215;215m██[38;2;215;215;215m██[38;2;215;215;215m██[38;2;215;215;215m██[38;2;215;215;215m██[38;2;171;181;183m██[38;2;32;38;38m██[38;2;86;90;90m██[38;2;86;90;90m██[38;2;86;90;90m██[38;2;86;90;90m██[38;2;16;16;16m██[38;2;215;215;215m██[38;2;215;215;215m██[38;2;215;215;215m██[38;2;171;181;183m██[38;2;215;215;215m██[38;2;171;181;183m██[38;2;16;16;16m██[38;2;54;57;58m██[38;2;54;57;58m██[38;2;54;57;58m██[38;2;54;57;58m██[38;2;54;57;58m██[38;2;16;16;16m██[38;2;215;215;215m██[38;2;215;215;215m██[38;2;215;215;215m██[38;2;171;181;183m██[38;2;215;215;215m██[38;2;215;215;215m██[38;2;215;215;215m██[38;2;215;215;215m██[38;2;215;215;215m██[38;2;215;215;215m██[38;2;215;215;215m██[38;2;215;215;215m██[38;2;215;215;215m██[38;2;105;112;104m██                      [38;2;105;112;104m██[38;2;171;181;183m██[38;2;16;16;16m██  
    [38;2;105;112;104m██[38;2;171;181;183m██[38;2;16;16;16m██                  [38;2;105;112;104m██[38;2;248;245;240m██[38;2;16;16;16m██[38;2;215;215;215m██[38;2;215;215;215m██[38;2;215;215;215m██[38;2;215;215;215m██[38;2;215;215;215m██[38;2;171;181;183m██[38;2;32;38;38m██[38;2;86;90;90m██[38;2;86;90;90m██[38;2;86;90;90m██[38;2;86;90;90m██[38;2;16;16;16m██[38;2;215;215;215m██[38;2;215;215;215m██[38;2;215;215;215m██[38;2;171;181;183m██[38;2;171;181;183m██[38;2;171;181;183m██[38;2;215;215;215m██[38;2;16;16;16m██[38;2;54;57;58m██[38;2;54;57;58m██[38;2;54;57;58m██[38;2;54;57;58m██[38;2;32;38;38m██[38;2;215;215;215m██[38;2;215;215;215m██[38;2;171;181;183m██[38;2;215;215;215m██[38;2;215;215;215m██[38;2;215;215;215m██[38;2;215;215;215m██[38;2;215;215;215m██[38;2;215;215;215m██[38;2;215;215;215m██[38;2;215;215;215m██[38;2;215;215;215m██[38;2;105;112;104m██                        [38;2;105;112;104m██[38;2;171;181;183m██[38;2;16;16;16m██  
    [38;2;105;112;104m██[38;2;171;181;183m██[38;2;16;16;16m██                  [38;2;98;106;115m██[38;2;171;181;183m██[38;2;16;16;16m██[38;2;215;215;215m██[38;2;215;215;215m██[38;2;215;215;215m██[38;2;215;215;215m██[38;2;215;215;215m██[38;2;215;215;215m██[38;2;32;38;38m██[38;2;86;90;90m██[38;2;86;90;90m██[38;2;86;90;90m██[38;2;54;57;58m██[38;2;16;16;16m██[38;2;215;215;215m██[38;2;215;215;215m██[38;2;215;215;215m██[38;2;215;215;215m██[38;2;171;181;183m██[38;2;215;215;215m██[38;2;215;215;215m██[38;2;16;16;16m██[38;2;54;57;58m██[38;2;54;57;58m██[38;2;54;57;58m██[38;2;54;57;58m██[38;2;54;57;58m██[38;2;16;16;16m██[38;2;215;215;215m██[38;2;171;181;183m██[38;2;215;215;215m██[38;2;215;215;215m██[38;2;215;215;215m██[38;2;215;215;215m██[38;2;215;215;215m██[38;2;215;215;215m██[38;2;215;215;215m██[38;2;215;215;215m██[38;2;215;215;215m██[38;2;105;112;104m██                      [38;2;105;112;104m██[38;2;171;181;183m██[38;2;16;16;16m██    
      [38;2;105;112;104m██[38;2;171;181;183m██[38;2;16;16;16m██                [38;2;98;106;115m██[38;2;16;16;16m██[38;2;215;215;215m██[38;2;215;215;215m██[38;2;215;215;215m██[38;2;215;215;215m██[38;2;215;215;215m██[38;2;215;215;215m██[38;2;32;38;38m██[38;2;86;90;90m██[38;2;86;90;90m██[38;2;86;90;90m██[38;2;86;90;90m██[38;2;16;16;16m██[38;2;215;215;215m██[38;2;215;215;215m██[38;2;215;215;215m██[38;2;215;215;215m██[38;2;215;215;215m██[38;2;171;181;183m██[38;2;215;215;215m██[38;2;215;215;215m██[38;2;215;215;215m██[38;2;16;16;16m██[38;2;54;57;58m██[38;2;54;57;58m██[38;2;54;57;58m██[38;2;54;57;58m██[38;2;16;16;16m██[38;2;171;181;183m██[38;2;215;215;215m██[38;2;215;215;215m██[38;2;215;215;215m██[38;2;215;215;215m██[38;2;215;215;215m██[38;2;215;215;215m██[38;2;215;215;215m██[38;2;215;215;215m██[38;2;215;215;215m██[38;2;105;112;104m██                        [38;2;105;112;104m██[38;2;171;181;183m██[38;2;16;16;16m██    
      [38;2;105;112;104m██[38;2;171;181;183m██[38;2;16;16;16m██              [38;2;98;106;115m██[38;2;189;189;193m██[38;2;98;106;115m██[38;2;98;106;115m██[38;2;98;106;115m██[38;2;215;215;215m██[38;2;215;215;215m██[38;2;215;215;215m██[38;2;215;215;215m██[38;2;32;38;38m██[38;2;86;90;90m██[38;2;86;90;90m██[38;2;86;90;90m██[38;2;54;57;58m██[38;2;16;16;16m██[38;2;215;215;215m██[38;2;215;215;215m██[38;2;215;215;215m██[38;2;215;215;215m██[38;2;171;181;183m██[38;2;215;215;215m██[38;2;171;181;183m██[38;2;215;215;215m██[38;2;215;215;215m██[38;2;16;16;16m██[38;2;54;57;58m██[38;2;54;57;58m██[38;2;54;57;58m██[38;2;54;57;58m██[38;2;16;16;16m██[38;2;171;181;183m██[38;2;215;215;215m██[38;2;215;215;215m██[38;2;215;215;215m██[38;2;215;215;215m██[38;2;215;215;215m██[38;2;215;215;215m██[38;2;215;215;215m██[38;2;215;215;215m██[38;2;215;215;215m██[38;2;105;112;104m██                        [38;2;105;112;104m██[38;2;171;181;183m██[38;2;16;16;16m██    
      [38;2;105;112;104m██[38;2;171;181;183m██[38;2;16;16;16m██              [38;2;98;106;115m██[38;2;189;189;193m██[38;2;98;106;115m██[38;2;139;150;160m██[38;2;139;150;160m██[38;2;98;106;115m██[38;2;215;215;215m██[38;2;215;215;215m██[38;2;215;215;215m██[38;2;98;106;115m██[38;2;98;106;115m██[38;2;86;90;90m██[38;2;98;106;115m██[38;2;16;16;16m██[38;2;215;215;215m██[38;2;215;215;215m██[38;2;215;215;215m██[38;2;215;215;215m██[38;2;171;181;183m██[38;2;215;215;215m██[38;2;215;215;215m██[38;2;215;215;215m██[38;2;171;181;183m██[38;2;215;215;215m██[38;2;215;215;215m██[38;2;16;16;16m██[38;2;54;57;58m██[38;2;54;57;58m██[38;2;54;57;58m██[38;2;16;16;16m██[38;2;215;215;215m██[38;2;215;215;215m██[38;2;215;215;215m██[38;2;215;215;215m██[38;2;215;215;215m██[38;2;215;215;215m██[38;2;215;215;215m██[38;2;215;215;215m██[38;2;215;215;215m██[38;2;105;112;104m██                        [38;2;105;112;104m██[38;2;171;181;183m██[38;2;16;16;16m██      
        [38;2;105;112;104m██[38;2;171;181;183m██[38;2;16;16;16m██            [38;2;98;106;115m██[38;2;189;189;193m██[38;2;189;189;193m██[38;2;16;16;16m██[38;2;16;16;16m██[38;2;16;16;16m██[38;2;215;215;215m██[38;2;215;215;215m██[38;2;98;106;115m██[38;2;189;189;193m██[38;2;189;189;193m██[38;2;98;106;115m██[38;2;139;150;160m██[38;2;16;16;16m██[38;2;215;215;215m██[38;2;215;215;215m██[38;2;215;215;215m██[38;2;171;181;183m██[38;2;215;215;215m██[38;2;215;215;215m██[38;2;215;215;215m██[38;2;215;215;215m██[38;2;215;215;215m██[38;2;171;181;183m██[38;2;215;215;215m██[38;2;16;16;16m██[38;2;98;106;115m██[38;2;98;106;115m██[38;2;54;57;58m██[38;2;16;16;16m██[38;2;215;215;215m██[38;2;215;215;215m██[38;2;215;215;215m██[38;2;215;215;215m██[38;2;215;215;215m██[38;2;215;215;215m██[38;2;215;215;215m██[38;2;215;215;215m██[38;2;105;112;104m██                          [38;2;105;112;104m██[38;2;171;181;183m██[38;2;16;16;16m██      
        [38;2;105;112;104m██[38;2;171;181;183m██[38;2;16;16;16m██              [38;2;98;106;115m██[38;2;189;189;193m██[38;2;16;16;16m██  [38;2;105;112;104m██[38;2;215;215;215m██[38;2;215;215;215m██[38;2;98;106;115m██[38;2;189;189;193m██[38;2;189;189;193m██[38;2;189;189;193m██[38;2;139;150;160m██[38;2;139;150;160m██[38;2;16;16;16m██[38;2;215;215;215m██[38;2;171;181;183m██[38;2;215;215;215m██[38;2;215;215;215m██[38;2;215;215;215m██[38;2;215;215;215m██[38;2;215;215;215m██[38;2;215;215;215m██[38;2;215;215;215m██[38;2;171;181;183m██[38;2;98;106;115m██[38;2;189;189;193m██[38;2;189;189;193m██[38;2;98;106;115m██[38;2;139;150;160m██[38;2;16;16;16m██[38;2;215;215;215m██[38;2;215;215;215m██[38;2;215;215;215m██[38;2;215;215;215m██[38;2;215;215;215m██[38;2;215;215;215m██[38;2;105;112;104m██                            [38;2;105;112;104m██[38;2;16;16;16m██        
          [38;2;105;112;104m██[38;2;16;16;16m██                [38;2;98;106;115m██[38;2;16;16;16m██    [38;2;105;112;104m██[38;2;215;215;215m██[38;2;16;16;16m██[38;2;139;150;160m██[38;2;189;189;193m██[38;2;189;189;193m██[38;2;139;150;160m██[38;2;139;150;160m██[38;2;16;16;16m██[38;2;171;181;183m██[38;2;215;215;215m██[38;2;215;215;215m██[38;2;215;215;215m██[38;2;215;215;215m██[38;2;215;215;215m██[38;2;215;215;215m██[38;2;215;215;215m██[38;2;215;215;215m██[38;2;215;215;215m██[38;2;98;106;115m██[38;2;139;150;160m██[38;2;139;150;160m██[38;2;189;189;193m██[38;2;139;150;160m██[38;2;139;150;160m██[38;2;16;16;16m██[38;2;215;215;215m██[38;2;215;215;215m██[38;2;215;215;215m██[38;2;215;215;215m██[38;2;105;112;104m██                              [38;2;105;112;104m██[38;2;16;16;16m██        
          [38;2;105;112;104m██[38;2;16;16;16m██                          [38;2;105;112;104m██[38;2;215;215;215m██[38;2;16;16;16m██[38;2;139;150;160m██[38;2;139;150;160m██[38;2;16;16;16m██[38;2;139;150;160m██[38;2;16;16;16m██[38;2;16;16;16m██[38;2;171;181;183m██[38;2;215;215;215m██[38;2;215;215;215m██[38;2;215;215;215m██[38;2;215;215;215m██[38;2;215;215;215m██[38;2;215;215;215m██[38;2;215;215;215m██[38;2;215;215;215m██[38;2;16;16;16m██[38;2;139;150;160m██[38;2;139;150;160m██[38;2;139;150;160m██[38;2;139;150;160m██[38;2;139;150;160m██[38;2;16;16;16m██[38;2;215;215;215m██[38;2;215;215;215m██[38;2;105;112;104m██[38;2;105;112;104m██                                [38;2;105;112;104m██          
            [38;2;105;112;104m██                            [38;2;105;112;104m██[38;2;215;215;215m██[38;2;16;16;16m██[38;2;16;16;16m██[38;2;54;57;58m██[38;2;16;16;16m██[38;2;54;57;58m██[38;2;16;16;16m██[38;2;215;215;215m██[38;2;171;181;183m██[38;2;215;215;215m██[38;2;215;215;215m██[38;2;215;215;215m██[38;2;215;215;215m██[38;2;215;215;215m██[38;2;215;215;215m██[38;2;171;181;183m██[38;2;215;215;215m██[38;2;16;16;16m██[38;2;139;150;160m██[38;2;139;150;160m██[38;2;16;16;16m██[38;2;139;150;160m██[38;2;16;16;16m██[38;2;105;112;104m██[38;2;105;112;104m██                                  [38;2;98;106;115m██[38;2;98;106;115m██          
            [38;2;98;106;115m██[38;2;98;106;115m██                            [38;2;105;112;104m██[38;2;16;16;16m██[38;2;54;57;58m██[38;2;54;57;58m██[38;2;54;57;58m██[38;2;54;57;58m██[38;2;54;57;58m██[38;2;16;16;16m██[38;2;215;215;215m██[38;2;171;181;183m██[38;2;171;181;183m██[38;2;215;215;215m██[38;2;215;215;215m██[38;2;215;215;215m██[38;2;171;181;183m██[38;2;215;215;215m██[38;2;215;215;215m██[38;2;32;38;38m██[38;2;16;16;16m██[38;2;16;16;16m██[38;2;54;57;58m██[38;2;16;16;16m██[38;2;16;16;16m██[38;2;215;215;215m██[38;2;105;112;104m██                                [38;2;98;106;115m██[38;2;139;150;160m██[38;2;189;189;193m██[38;2;16;16;16m██        
          [38;2;98;106;115m██[38;2;189;189;193m██[38;2;139;150;160m██[38;2;98;106;115m██                            [38;2;105;112;104m██[38;2;16;16;16m██[38;2;54;57;58m██[38;2;54;57;58m██[38;2;54;57;58m██[38;2;54;57;58m██[38;2;54;57;58m██[38;2;16;16;16m██[38;2;215;215;215m██[38;2;215;215;215m██[38;2;171;181;183m██[38;2;171;181;183m██[38;2;171;181;183m██[38;2;215;215;215m██[38;2;215;215;215m██[38;2;215;215;215m██[38;2;32;38;38m██[38;2;54;57;58m██[38;2;54;57;58m██[38;2;54;57;58m██[38;2;54;57;58m██[38;2;16;16;16m██[38;2;215;215;215m██[38;2;215;215;215m██[38;2;105;112;104m██                              [38;2;98;106;115m██[38;2;189;189;193m██[38;2;189;189;193m██[38;2;16;16;16m██        
          [38;2;98;106;115m██[38;2;189;189;193m██[38;2;189;189;193m██[38;2;98;106;115m██                            [38;2;105;112;104m██[38;2;215;215;215m██[38;2;16;16;16m██[38;2;54;57;58m██[38;2;54;57;58m██[38;2;54;57;58m██[38;2;54;57;58m██[38;2;16;16;16m██[38;2;215;215;215m██[38;2;215;215;215m██[38;2;215;215;215m██[38;2;171;181;183m██[38;2;171;181;183m██[38;2;215;215;215m██[38;2;215;215;215m██[38;2;215;215;215m██[38;2;32;38;38m██[38;2;54;57;58m██[38;2;54;57;58m██[38;2;54;57;58m██[38;2;54;57;58m██[38;2;16;16;16m██[38;2;215;215;215m██[38;2;215;215;215m██[38;2;105;112;104m██                            [38;2;98;106;115m██[38;2;189;189;193m██[38;2;189;189;193m██[38;2;189;189;193m██[38;2;16;16;16m██        
          [38;2;98;106;115m██[38;2;189;189;193m██[38;2;189;189;193m██[38;2;189;189;193m██[38;2;98;106;115m██                        [38;2;105;112;104m██[38;2;215;215;215m██[38;2;215;215;215m██[38;2;215;215;215m██[38;2;16;16;16m██[38;2;54;57;58m██[38;2;54;57;58m██[38;2;54;57;58m██[38;2;54;57;58m██[38;2;16;16;16m██[38;2;171;181;183m██[38;2;171;181;183m██[38;2;215;215;215m██[38;2;215;215;215m██[38;2;171;181;183m██[38;2;171;181;183m██[38;2;215;215;215m██[38;2;215;215;215m██[38;2;32;38;38m██[38;2;54;57;58m██[38;2;54;57;58m██[38;2;54;57;58m██[38;2;16;16;16m██[38;2;215;215;215m██[38;2;215;215;215m██[38;2;215;215;215m██[38;2;105;112;104m██                          [38;2;98;106;115m██[38;2;189;189;193m██[38;2;189;189;193m██[38;2;189;189;193m██[38;2;16;16;16m██        
          [38;2;98;106;115m██[38;2;189;189;193m██[38;2;189;189;193m██[38;2;189;189;193m██[38;2;98;106;115m██                      [38;2;105;112;104m██[38;2;215;215;215m██[38;2;215;215;215m██[38;2;215;215;215m██[38;2;215;215;215m██[38;2;16;16;16m██[38;2;54;57;58m██[38;2;54;57;58m██[38;2;54;57;58m██[38;2;54;57;58m██[38;2;16;16;16m██[38;2;215;215;215m██[38;2;105;112;104m██[38;2;215;215;215m██[38;2;215;215;215m██[38;2;215;215;215m██[38;2;215;215;215m██[38;2;171;181;183m██[38;2;171;181;183m██[38;2;32;38;38m██[38;2;54;57;58m██[38;2;54;57;58m██[38;2;54;57;58m██[38;2;16;16;16m██[38;2;215;215;215m██[38;2;215;215;215m██[38;2;215;215;215m██[38;2;215;215;215m██[38;2;105;112;104m██                        [38;2;98;106;115m██[38;2;189;189;193m██[38;2;189;189;193m██[38;2;189;189;193m██[38;2;16;16;16m██        
          [38;2;98;106;115m██[38;2;189;189;193m██[38;2;189;189;193m██[38;2;189;189;193m██[38;2;16;16;16m██                    [38;2;105;112;104m██[38;2;215;215;215m██[38;2;215;215;215m██[38;2;215;215;215m██[38;2;215;215;215m██[38;2;215;215;215m██[38;2;215;215;215m██[38;2;16;16;16m██[38;2;54;57;58m██[38;2;54;57;58m██[38;2;54;57;58m██[38;2;16;16;16m██[38;2;215;215;215m██[38;2;105;112;104m██[38;2;215;215;215m██[38;2;215;215;215m██[38;2;215;215;215m██[38;2;215;215;215m██[38;2;215;215;215m██[38;2;215;215;215m██[38;2;32;38;38m██[38;2;54;57;58m██[38;2;54;57;58m██[38;2;54;57;58m██[38;2;16;16;16m██[38;2;215;215;215m██[38;2;215;215;215m██[38;2;215;215;215m██[38;2;215;215;215m██[38;2;215;215;215m██[38;2;105;112;104m██                      [38;2;16;16;16m██[38;2;189;189;193m██[38;2;189;189;193m██[38;2;98;106;115m██          
            [38;2;98;106;115m██[38;2;189;189;193m██[38;2;189;189;193m██[38;2;16;16;16m██                [38;2;105;112;104m██[38;2;105;112;104m██[38;2;215;215;215m██[38;2;215;215;215m██[38;2;215;215;215m██[38;2;215;215;215m██[38;2;215;215;215m██[38;2;215;215;215m██[38;2;171;181;183m██[38;2;171;181;183m██[38;2;16;16;16m██[38;2;54;57;58m██[38;2;54;57;58m██[38;2;54;57;58m██[38;2;16;16;16m██[38;2;105;112;104m██[38;2;105;112;104m██[38;2;215;215;215m██[38;2;215;215;215m██[38;2;215;215;215m██[38;2;215;215;215m██[38;2;215;215;215m██[38;2;32;38;38m██[38;2;54;57;58m██[38;2;54;57;58m██[38;2;54;57;58m██[38;2;16;16;16m██[38;2;215;215;215m██[38;2;215;215;215m██[38;2;215;215;215m██[38;2;215;215;215m██[38;2;215;215;215m██[38;2;215;215;215m██[38;2;105;112;104m██[38;2;105;112;104m██                  [38;2;16;16;16m██[38;2;189;189;193m██[38;2;139;150;160m██[38;2;16;16;16m██          
            [38;2;16;16;16m██[38;2;139;150;160m██[38;2;189;189;193m██[38;2;16;16;16m██            [38;2;105;112;104m██[38;2;105;112;104m██[38;2;215;215;215m██[38;2;215;215;215m██[38;2;215;215;215m██[38;2;215;215;215m██[38;2;215;215;215m██[38;2;171;181;183m██[38;2;171;181;183m██[38;2;171;181;183m██[38;2;215;215;215m██[38;2;215;215;215m██[38;2;16;16;16m██[38;2;54;57;58m██[38;2;54;57;58m██[38;2;54;57;58m██[38;2;16;16;16m██  [38;2;105;112;104m██[38;2;105;112;104m██[38;2;215;215;215m██[38;2;215;215;215m██[38;2;215;215;215m██[38;2;215;215;215m██[38;2;32;38;38m██[38;2;86;90;90m██[38;2;54;57;58m██[38;2;54;57;58m██[38;2;16;16;16m██[38;2;171;181;183m██[38;2;171;181;183m██[38;2;171;181;183m██[38;2;215;215;215m██[38;2;215;215;215m██[38;2;215;215;215m██[38;2;215;215;215m██[38;2;215;215;215m██[38;2;105;112;104m██[38;2;105;112;104m██                [38;2;16;16;16m██[38;2;16;16;16m██            
              [38;2;16;16;16m██[38;2;16;16;16m██        [38;2;105;112;104m██[38;2;105;112;104m██[38;2;105;112;104m██[38;2;215;215;215m██[38;2;215;215;215m██[38;2;215;215;215m██[38;2;215;215;215m██[38;2;171;181;183m██[38;2;171;181;183m██[38;2;171;181;183m██[38;2;215;215;215m██[38;2;215;215;215m██[38;2;215;215;215m██[38;2;215;215;215m██[38;2;215;215;215m██[38;2;215;215;215m██[38;2;16;16;16m██[38;2;54;57;58m██[38;2;54;57;58m██[38;2;16;16;16m██      [38;2;105;112;104m██[38;2;105;112;104m██[38;2;215;215;215m██[38;2;215;215;215m██[38;2;32;38;38m██[38;2;86;90;90m██[38;2;86;90;90m██[38;2;32;38;38m██[38;2;215;215;215m██[38;2;215;215;215m██[38;2;215;215;215m██[38;2;215;215;215m██[38;2;171;181;183m██[38;2;171;181;183m██[38;2;171;181;183m██[38;2;215;215;215m██[38;2;215;215;215m██[38;2;215;215;215m██[38;2;215;215;215m██[38;2;105;112;104m██[38;2;105;112;104m██[38;2;105;112;104m██                          
                        [38;2;105;112;104m██[38;2;215;215;215m██[38;2;215;215;215m██[38;2;215;215;215m██[38;2;171;181;183m██[38;2;171;181;183m██[38;2;171;181;183m██[38;2;171;181;183m██[38;2;215;215;215m██[38;2;215;215;215m██[38;2;215;215;215m██[38;2;215;215;215m██[38;2;215;215;215m██[38;2;215;215;215m██[38;2;215;215;215m██[38;2;105;112;104m██[38;2;105;112;104m██[38;2;16;16;16m██[38;2;54;57;58m██[38;2;54;57;58m██[38;2;16;16;16m██          [38;2;105;112;104m██[38;2;105;112;104m██[38;2;32;38;38m██[38;2;86;90;90m██[38;2;86;90;90m██[38;2;16;16;16m██[38;2;215;215;215m██[38;2;215;215;215m██[38;2;215;215;215m██[38;2;215;215;215m██[38;2;215;215;215m██[38;2;215;215;215m██[38;2;215;215;215m██[38;2;171;181;183m██[38;2;171;181;183m██[38;2;171;181;183m██[38;2;171;181;183m██[38;2;215;215;215m██[38;2;215;215;215m██[38;2;215;215;215m██[38;2;105;112;104m██                        
                          [38;2;105;112;104m██[38;2;105;112;104m██[38;2;215;215;215m██[38;2;215;215;215m██[38;2;215;215;215m██[38;2;215;215;215m██[38;2;215;215;215m██[38;2;215;215;215m██[38;2;215;215;215m██[38;2;215;215;215m██[38;2;215;215;215m██[38;2;105;112;104m██[38;2;105;112;104m██[38;2;105;112;104m██      [38;2;16;16;16m██[38;2;54;57;58m██[38;2;54;57;58m██[38;2;16;16;16m██            [38;2;32;38;38m██[38;2;86;90;90m██[38;2;86;90;90m██[38;2;16;16;16m██[38;2;105;112;104m██[38;2;105;112;104m██[38;2;105;112;104m██[38;2;215;215;215m██[38;2;215;215;215m██[38;2;215;215;215m██[38;2;215;215;215m██[38;2;215;215;215m██[38;2;215;215;215m██[38;2;215;215;215m██[38;2;215;215;215m██[38;2;215;215;215m██[38;2;105;112;104m██[38;2;105;112;104m██                          
                              [38;2;105;112;104m██[38;2;105;112;104m██[38;2;105;112;104m██[38;2;105;112;104m██[38;2;105;112;104m██[38;2;105;112;104m██[38;2;105;112;104m██[38;2;105;112;104m██[38;2;105;112;104m██            [38;2;16;16;16m██[38;2;54;57;58m██[38;2;54;57;58m██[38;2;16;16;16m██            [38;2;32;38;38m██[38;2;86;90;90m██[38;2;86;90;90m██[38;2;16;16;16m██      [38;2;105;112;104m██[38;2;105;112;104m██[38;2;105;112;104m██[38;2;105;112;104m██[38;2;105;112;104m██[38;2;105;112;104m██[38;2;105;112;104m██[38;2;105;112;104m██[38;2;105;112;104m██                              
                                                            [38;2;16;16;16m██[38;2;54;57;58m██[38;2;54;57;58m██[38;2;16;16;16m██            [38;2;32;38;38m██[38;2;86;90;90m██[38;2;54;57;58m██[38;2;16;16;16m██                                                      
                                                              [38;2;16;16;16m██[38;2;54;57;58m██[38;2;16;16;16m██            [38;2;32;38;38m██[38;2;86;90;90m██[38;2;32;38;38m██                                                        
                                                              [38;2;16;16;16m██[38;2;54;57;58m██[38;2;16;16;16m██          [38;2;32;38;38m██[38;2;86;90;90m██[38;2;86;90;90m██[38;2;16;16;16m██                                                        
                                                              [38;2;98;106;115m██[38;2;16;16;16m██[38;2;16;16;16m██          [38;2;32;38;38m██[38;2;86;90;90m██[38;2;86;90;90m██[38;2;16;16;16m██                                                        
                                                            [38;2;98;106;115m██[38;2;139;150;160m██[38;2;98;106;115m██[38;2;16;16;16m██          [38;2;98;106;115m██[38;2;16;16;16m██[38;2;54;57;58m██[38;2;16;16;16m██                                                        
                                                            [38;2;98;106;115m██[38;2;139;150;160m██[38;2;98;106;115m██[38;2;139;150;160m██[38;2;16;16;16m██      [38;2;98;106;115m██[38;2;189;189;193m██[38;2;98;106;115m██[38;2;16;16;16m██[38;2;16;16;16m██                                                        
                                                            [38;2;98;106;115m██[38;2;189;189;193m██[38;2;98;106;115m██[38;2;139;150;160m██[38;2;16;16;16m██      [38;2;98;106;115m██[38;2;189;189;193m██[38;2;98;106;115m██[38;2;139;150;160m██[38;2;16;16;16m██                                                        
                                                          [38;2;98;106;115m██[38;2;189;189;193m██[38;2;16;16;16m██  [38;2;16;16;16m██[38;2;139;150;160m██[38;2;16;16;16m██    [38;2;98;106;115m██[38;2;189;189;193m██[38;2;98;106;115m██[38;2;139;150;160m██[38;2;16;16;16m██                                                        
                                                          [38;2;98;106;115m██[38;2;189;189;193m██[38;2;16;16;16m██  [38;2;16;16;16m██[38;2;139;150;160m██[38;2;16;16;16m██  [38;2;98;106;115m██[38;2;189;189;193m██[38;2;16;16;16m██  [38;2;16;16;16m██[38;2;139;150;160m██[38;2;16;16;16m██                                                      
                                                        [38;2;98;106;115m██[38;2;189;189;193m██[38;2;16;16;16m██      [38;2;16;16;16m██[38;2;139;150;160m██[38;2;16;16;16m██[38;2;98;106;115m██[38;2;189;189;193m██[38;2;16;16;16m██  [38;2;16;16;16m██[38;2;139;150;160m██[38;2;16;16;16m██                                                      
                                                      [38;2;98;106;115m██[38;2;189;189;193m██[38;2;16;16;16m██          [38;2;16;16;16m██[38;2;98;106;115m██[38;2;189;189;193m██[38;2;16;16;16m██      [38;2;16;16;16m██[38;2;139;150;160m██[38;2;16;16;16m██                                                    
                                                      [38;2;16;16;16m██[38;2;16;16;16m██            [38;2;98;106;115m██[38;2;189;189;193m██[38;2;16;16;16m██          [38;2;16;16;16m██[38;2;16;16;16m██                                                    
                                                                      [38;2;16;16;16m██[38;2;16;16;16m██                                                                    
