                                                                            [38;2;1;47;25m██[38;2;1;47;25m██                                                                                  
                                                                          [38;2;1;47;25m██[38;2;0;132;69m██[38;2;0;132;69m██[38;2;1;47;25m██                                                                                
                                                      [38;2;1;47;25m██[38;2;1;47;25m██[38;2;1;47;25m██            [38;2;1;47;25m██[38;2;0;132;69m██[38;2;0;89;47m██[38;2;0;132;69m██[38;2;1;47;25m██          [38;2;1;47;25m██[38;2;1;47;25m██[38;2;1;47;25m██[38;2;1;47;25m██[38;2;1;47;25m██                                                            
                                                      [38;2;1;47;25m██[38;2;0;132;69m██[38;2;0;132;69m██[38;2;1;47;25m██[38;2;1;47;25m██        [38;2;1;47;25m██[38;2;0;132;69m██[38;2;0;89;47m██[38;2;0;132;69m██[38;2;0;132;69m██[38;2;1;47;25m██    [38;2;1;47;25m██[38;2;1;47;25m██[38;2;0;132;69m██[38;2;0;132;69m██[38;2;0;132;69m██[38;2;0;132;69m██[38;2;1;47;25m██                                                            
                                                      [38;2;1;47;25m██[38;2;0;132;69m██[38;2;0;132;69m██[38;2;0;132;69m██[38;2;0;132;69m██[38;2;1;47;25m██[38;2;1;47;25m██  [38;2;1;47;25m██[38;2;0;132;69m██[38;2;0;132;69m██[38;2;0;89;47m██[38;2;0;132;69m██[38;2;0;132;69m██[38;2;1;47;25m██[38;2;1;47;25m██[38;2;1;47;25m██[38;2;0;132;69m██[38;2;0;132;69m██[38;2;0;132;69m██[38;2;0;132;69m██[38;2;0;132;69m██[38;2;0;132;69m██[38;2;1;47;25m██                                                            
                                                      [38;2;1;47;25m██[38;2;0;132;69m██[38;2;0;89;47m██[38;2;0;132;69m██[38;2;0;132;69m██[38;2;0;132;69m██[38;2;0;132;69m██[38;2;1;47;25m██[38;2;1;47;25m██[38;2;0;132;69m██[38;2;0;132;69m██[38;2;0;89;47m██[38;2;0;132;69m██[38;2;0;132;69m██[38;2;0;132;69m██[38;2;1;47;25m██[38;2;0;132;69m██[38;2;0;132;69m██[38;2;0;132;69m██[38;2;0;89;47m██[38;2;0;132;69m██[38;2;0;132;69m██[38;2;0;132;69m██[38;2;1;47;25m██                                                            
                                                        [38;2;1;47;25m██[38;2;0;132;69m██[38;2;0;89;47m██[38;2;0;89;47m██[38;2;0;132;69m██[38;2;0;132;69m██[38;2;0;132;69m██[38;2;1;47;25m██[38;2;0;132;69m██[38;2;0;132;69m██[38;2;0;89;47m██[38;2;0;132;69m██[38;2;0;132;69m██[38;2;0;132;69m██[38;2;1;47;25m██[38;2;0;132;69m██[38;2;0;132;69m██[38;2;0;89;47m██[38;2;0;132;69m██[38;2;0;132;69m██[38;2;0;132;69m██[38;2;1;47;25m██                                                              
                                            [38;2;1;47;25m██[38;2;1;47;25m██[38;2;1;47;25m██[38;2;1;47;25m██[38;2;1;47;25m██  [38;2;1;47;25m██[38;2;0;132;69m██[38;2;0;132;69m██[38;2;0;132;69m██[38;2;0;89;47m██[38;2;0;89;47m██[38;2;0;132;69m██[38;2;0;132;69m██[38;2;0;132;69m██[38;2;0;132;69m██[38;2;0;132;69m██[38;2;0;132;69m██[38;2;0;132;69m██[38;2;0;132;69m██[38;2;0;132;69m██[38;2;0;132;69m██[38;2;0;89;47m██[38;2;0;132;69m██[38;2;0;132;69m██[38;2;0;132;69m██[38;2;0;132;69m██[38;2;1;47;25m██[38;2;1;47;25m██[38;2;1;47;25m██[38;2;1;47;25m██[38;2;1;47;25m██[38;2;1;47;25m██[38;2;1;1;1m██                                                  
                                            [38;2;1;47;25m██[38;2;0;132;69m██[38;2;0;132;69m██[38;2;0;132;69m██[38;2;0;132;69m██[38;2;1;47;25m██[38;2;1;47;25m██[38;2;0;132;69m██[38;2;0;132;69m██[38;2;0;132;69m██[38;2;0;132;69m██[38;2;0;132;69m██[38;2;0;132;69m██[38;2;0;132;69m██[38;2;0;132;69m██[38;2;0;132;69m██[38;2;0;132;69m██[38;2;0;132;69m██[38;2;0;132;69m██[38;2;0;132;69m██[38;2;0;132;69m██[38;2;0;132;69m██[38;2;0;132;69m██[38;2;0;132;69m██[38;2;0;132;69m██[38;2;0;132;69m██[38;2;1;47;25m██[38;2;1;47;25m██[38;2;0;89;47m██[38;2;0;132;69m██[38;2;0;132;69m██[38;2;0;132;69m██[38;2;0;132;69m██[38;2;1;1;1m██                                                  
                                            [38;2;1;47;25m██[38;2;0;132;69m██[38;2;0;89;47m██[38;2;0;132;69m██[38;2;0;132;69m██[38;2;0;132;69m██[38;2;0;132;69m██[38;2;1;47;25m██[38;2;1;47;25m██[38;2;0;132;69m██[38;2;1;47;25m██[38;2;1;47;25m██[38;2;0;132;69m██[38;2;0;132;69m██[38;2;0;132;69m██[38;2;0;132;69m██[38;2;0;132;69m██[38;2;0;132;69m██[38;2;0;132;69m██[38;2;0;132;69m██[38;2;0;132;69m██[38;2;1;47;25m██[38;2;1;47;25m██[38;2;1;47;25m██[38;2;0;132;69m██[38;2;0;89;47m██[38;2;0;89;47m██[38;2;0;132;69m██[38;2;0;132;69m██[38;2;0;132;69m██[38;2;0;132;69m██[38;2;0;132;69m██[38;2;0;89;47m██[38;2;1;1;1m██                                                  
                                              [38;2;1;47;25m██[38;2;0;132;69m██[38;2;0;89;47m██[38;2;0;132;69m██[38;2;0;132;69m██[38;2;1;47;25m██[38;2;0;132;69m██[38;2;0;132;69m██[38;2;1;47;25m██[38;2;0;132;69m██[38;2;0;132;69m██[38;2;1;47;25m██[38;2;0;132;69m██[38;2;0;132;69m██[38;2;0;132;69m██[38;2;104;68;64m██[38;2;0;132;69m██[38;2;0;132;69m██[38;2;1;47;25m██[38;2;1;47;25m██[38;2;0;132;69m██[38;2;0;132;69m██[38;2;1;47;25m██[38;2;1;47;25m██[38;2;1;47;25m██[38;2;0;132;69m██[38;2;0;132;69m██[38;2;0;132;69m██[38;2;0;132;69m██[38;2;0;132;69m██[38;2;0;132;69m██[38;2;1;1;1m██                                                    
                                              [38;2;1;47;25m██[38;2;0;132;69m██[38;2;0;132;69m██[38;2;1;47;25m██[38;2;1;47;25m██[38;2;1;47;25m██[38;2;0;132;69m██[38;2;0;132;69m██[38;2;1;47;25m██[38;2;0;132;69m██[38;2;0;89;47m██[38;2;0;89;47m██[38;2;1;47;25m██[38;2;0;132;69m██[38;2;104;68;64m██[38;2;181;154;125m██[38;2;104;68;64m██[38;2;0;89;47m██[38;2;0;132;69m██[38;2;0;132;69m██[38;2;0;132;69m██[38;2;0;132;69m██[38;2;1;47;25m██[38;2;0;132;69m██[38;2;0;132;69m██[38;2;1;47;25m██[38;2;1;47;25m██[38;2;1;47;25m██[38;2;0;132;69m██[38;2;0;132;69m██[38;2;0;89;47m██[38;2;1;1;1m██                                                    
                                            [38;2;1;47;25m██[38;2;0;89;47m██[38;2;1;47;25m██[38;2;1;47;25m██[38;2;0;132;69m██[38;2;0;132;69m██[38;2;1;47;25m██[38;2;0;132;69m██[38;2;1;47;25m██[38;2;0;132;69m██[38;2;0;132;69m██[38;2;1;47;25m██[38;2;104;68;64m██[38;2;0;89;47m██[38;2;104;68;64m██[38;2;181;154;125m██[38;2;181;154;125m██[38;2;104;68;64m██[38;2;0;132;69m██[38;2;104;68;64m██[38;2;104;68;64m██[38;2;0;132;69m██[38;2;0;89;47m██[38;2;0;89;47m██[38;2;0;132;69m██[38;2;0;132;69m██[38;2;0;132;69m██[38;2;0;132;69m██[38;2;1;47;25m██[38;2;0;89;47m██[38;2;0;132;69m██[38;2;1;47;25m██[38;2;1;47;25m██[38;2;1;1;1m██[38;2;1;1;1m██                                                
                                        [38;2;1;47;25m██[38;2;1;47;25m██[38;2;0;132;69m██[38;2;1;47;25m██[38;2;0;132;69m██[38;2;0;132;69m██[38;2;0;132;69m██[38;2;0;132;69m██[38;2;0;132;69m██[38;2;104;68;64m██[38;2;1;47;25m██[38;2;0;132;69m██[38;2;0;132;69m██[38;2;1;47;25m██[38;2;181;154;125m██[38;2;104;68;64m██[38;2;181;154;125m██[38;2;181;154;125m██[38;2;104;68;64m██[38;2;104;68;64m██[38;2;104;68;64m██[38;2;181;154;125m██[38;2;181;154;125m██[38;2;104;68;64m██[38;2;1;47;25m██[38;2;0;132;69m██[38;2;0;132;69m██[38;2;0;132;69m██[38;2;0;132;69m██[38;2;0;89;47m██[38;2;1;47;25m██[38;2;0;89;47m██[38;2;0;89;47m██[38;2;0;89;47m██[38;2;0;89;47m██[38;2;0;89;47m██[38;2;0;89;47m██[38;2;1;1;1m██[38;2;1;1;1m██[38;2;1;1;1m██                                          
                                    [38;2;1;47;25m██[38;2;1;47;25m██[38;2;0;132;69m██[38;2;0;132;69m██[38;2;0;132;69m██[38;2;0;132;69m██[38;2;1;47;25m██[38;2;0;132;69m██[38;2;0;132;69m██[38;2;0;132;69m██[38;2;0;132;69m██[38;2;104;68;64m██[38;2;1;47;25m██[38;2;0;132;69m██[38;2;0;132;69m██[38;2;1;47;25m██[38;2;181;154;125m██[38;2;181;154;125m██[38;2;181;154;125m██[38;2;104;68;64m██[38;2;104;68;64m██[38;2;181;154;125m██[38;2;181;154;125m██[38;2;181;154;125m██[38;2;181;154;125m██[38;2;104;68;64m██[38;2;0;132;69m██[38;2;0;132;69m██[38;2;0;132;69m██[38;2;0;132;69m██[38;2;0;89;47m██[38;2;1;47;25m██[38;2;0;89;47m██[38;2;0;89;47m██[38;2;0;89;47m██[38;2;0;89;47m██[38;2;0;89;47m██[38;2;0;89;47m██[38;2;0;89;47m██[38;2;0;89;47m██[38;2;0;89;47m██[38;2;0;89;47m██[38;2;1;1;1m██                                        
                                    [38;2;1;1;1m██[38;2;0;132;69m██[38;2;0;132;69m██[38;2;0;132;69m██[38;2;0;132;69m██[38;2;1;47;25m██[38;2;1;47;25m██[38;2;1;47;25m██[38;2;0;132;69m██[38;2;0;132;69m██[38;2;104;68;64m██[38;2;181;154;125m██[38;2;181;154;125m██[38;2;1;47;25m██[38;2;0;132;69m██[38;2;0;132;69m██[38;2;1;47;25m██[38;2;181;154;125m██[38;2;181;154;125m██[38;2;181;154;125m██[38;2;181;154;125m██[38;2;181;154;125m██[38;2;181;154;125m██[38;2;181;154;125m██[38;2;181;154;125m██[38;2;104;68;64m██[38;2;1;1;1m██[38;2;1;1;1m██[38;2;1;1;1m██[38;2;0;89;47m██[38;2;0;89;47m██[38;2;1;47;25m██[38;2;1;47;25m██[38;2;0;89;47m██[38;2;0;89;47m██[38;2;0;89;47m██[38;2;0;89;47m██[38;2;0;89;47m██[38;2;0;89;47m██[38;2;0;89;47m██[38;2;0;89;47m██[38;2;1;47;25m██[38;2;1;1;1m██                                        
                                      [38;2;1;1;1m██[38;2;0;89;47m██[38;2;0;132;69m██[38;2;1;47;25m██[38;2;0;132;69m██[38;2;0;132;69m██[38;2;0;132;69m██[38;2;1;1;1m██[38;2;1;1;1m██[38;2;104;68;64m██[38;2;104;68;64m██[38;2;104;68;64m██[38;2;1;47;25m██[38;2;0;132;69m██[38;2;0;132;69m██[38;2;1;47;25m██[38;2;181;154;125m██[38;2;181;154;125m██[38;2;181;154;125m██[38;2;181;154;125m██[38;2;181;154;125m██[38;2;104;68;64m██[38;2;104;68;64m██[38;2;50;29;35m██[38;2;50;29;35m██[38;2;50;29;35m██[38;2;50;29;35m██[38;2;50;29;35m██[38;2;1;1;1m██[38;2;1;47;25m██[38;2;0;89;47m██[38;2;0;89;47m██[38;2;1;47;25m██[38;2;1;47;25m██[38;2;0;89;47m██[38;2;0;89;47m██[38;2;0;89;47m██[38;2;0;89;47m██[38;2;0;89;47m██[38;2;1;47;25m██[38;2;1;1;1m██                                          
                                      [38;2;1;47;25m██[38;2;1;1;1m██[38;2;0;89;47m██[38;2;1;47;25m██[38;2;0;132;69m██[38;2;0;132;69m██[38;2;1;1;1m██[38;2;50;29;35m██[38;2;50;29;35m██[38;2;50;29;35m██[38;2;104;68;64m██[38;2;252;252;252m██[38;2;104;68;64m██[38;2;1;47;25m██[38;2;0;132;69m██[38;2;0;89;47m██[38;2;1;47;25m██[38;2;181;154;125m██[38;2;104;68;64m██[38;2;104;68;64m██[38;2;104;68;64m██[38;2;252;252;252m██[38;2;50;29;35m██[38;2;50;29;35m██[38;2;50;29;35m██[38;2;1;1;1m██[38;2;50;29;35m██[38;2;50;29;35m██[38;2;1;1;1m██[38;2;0;89;47m██[38;2;0;89;47m██[38;2;0;89;47m██[38;2;0;89;47m██[38;2;0;89;47m██[38;2;1;47;25m██[38;2;0;89;47m██[38;2;0;89;47m██[38;2;0;89;47m██[38;2;0;89;47m██[38;2;0;89;47m██[38;2;0;89;47m██[38;2;1;1;1m██[38;2;1;1;1m██                                      
                                  [38;2;1;47;25m██[38;2;1;47;25m██[38;2;0;132;69m██[38;2;0;132;69m██[38;2;1;1;1m██[38;2;0;89;47m██[38;2;1;47;25m██[38;2;0;132;69m██[38;2;1;1;1m██[38;2;50;29;35m██[38;2;1;1;1m██[38;2;50;29;35m██[38;2;50;29;35m██[38;2;181;154;125m██[38;2;66;43;47m██[38;2;252;252;252m██[38;2;1;47;25m██[38;2;0;132;69m██[38;2;0;89;47m██[38;2;1;47;25m██[38;2;250;113;61m██[38;2;252;252;252m██[38;2;66;43;47m██[38;2;252;252;252m██[38;2;50;29;35m██[38;2;50;29;35m██[38;2;1;1;1m██[38;2;50;29;35m██[38;2;50;29;35m██[38;2;1;1;1m██[38;2;0;89;47m██[38;2;0;89;47m██[38;2;0;89;47m██[38;2;0;89;47m██[38;2;1;47;25m██[38;2;1;47;25m██[38;2;0;89;47m██[38;2;0;89;47m██[38;2;0;89;47m██[38;2;0;89;47m██[38;2;0;89;47m██[38;2;0;89;47m██[38;2;0;89;47m██[38;2;0;89;47m██[38;2;0;89;47m██[38;2;1;1;1m██[38;2;1;1;1m██                                  
                                [38;2;1;47;25m██[38;2;0;132;69m██[38;2;0;132;69m██[38;2;0;132;69m██[38;2;0;132;69m██[38;2;0;132;69m██[38;2;1;47;25m██[38;2;0;132;69m██[38;2;0;132;69m██[38;2;0;132;69m██[38;2;1;1;1m██[38;2;50;29;35m██[38;2;1;1;1m██[38;2;50;29;35m██[38;2;66;43;47m██[38;2;250;113;61m██[38;2;180;66;56m██[38;2;66;43;47m██[38;2;1;47;25m██[38;2;1;47;25m██[38;2;0;89;47m██[38;2;1;47;25m██[38;2;180;66;56m██[38;2;250;113;61m██[38;2;181;154;125m██[38;2;50;29;35m██[38;2;66;43;47m██[38;2;50;29;35m██[38;2;50;29;35m██[38;2;50;29;35m██[38;2;1;1;1m██[38;2;0;89;47m██[38;2;0;89;47m██[38;2;1;47;25m██[38;2;1;47;25m██[38;2;0;89;47m██[38;2;0;89;47m██[38;2;0;89;47m██[38;2;0;89;47m██[38;2;0;89;47m██[38;2;0;89;47m██[38;2;0;89;47m██[38;2;0;89;47m██[38;2;0;89;47m██[38;2;0;89;47m██[38;2;0;89;47m██[38;2;0;89;47m██[38;2;0;89;47m██[38;2;1;1;1m██                                
                              [38;2;1;1;1m██[38;2;0;89;47m██[38;2;0;132;69m██[38;2;0;132;69m██[38;2;0;132;69m██[38;2;0;132;69m██[38;2;0;132;69m██[38;2;1;47;25m██[38;2;0;132;69m██[38;2;0;132;69m██[38;2;0;89;47m██[38;2;1;1;1m██[38;2;50;29;35m██[38;2;50;29;35m██[38;2;50;29;35m██[38;2;104;68;64m██[38;2;50;29;35m██[38;2;66;43;47m██[38;2;250;113;61m██[38;2;250;113;61m██[38;2;250;113;61m██[38;2;1;47;25m██[38;2;0;89;47m██[38;2;1;47;25m██[38;2;1;1;1m██[38;2;50;29;35m██[38;2;66;43;47m██[38;2;104;68;64m██[38;2;1;1;1m██[38;2;50;29;35m██[38;2;1;1;1m██[38;2;66;43;47m██[38;2;1;47;25m██[38;2;1;47;25m██[38;2;0;89;47m██[38;2;0;89;47m██[38;2;0;89;47m██[38;2;0;89;47m██[38;2;0;132;69m██[38;2;1;47;25m██[38;2;1;47;25m██[38;2;0;89;47m██[38;2;0;89;47m██[38;2;0;89;47m██[38;2;0;89;47m██[38;2;0;89;47m██[38;2;0;89;47m██[38;2;0;89;47m██[38;2;0;89;47m██[38;2;0;89;47m██[38;2;1;1;1m██                              
                                [38;2;1;1;1m██[38;2;0;89;47m██[38;2;0;132;69m██[38;2;0;132;69m██[38;2;50;29;35m██[38;2;50;29;35m██[38;2;66;43;47m██[38;2;1;47;25m██[38;2;0;132;69m██[38;2;0;89;47m██[38;2;0;89;47m██[38;2;1;1;1m██[38;2;50;29;35m██[38;2;104;68;64m██[38;2;104;68;64m██[38;2;66;43;47m██[38;2;50;29;35m██[38;2;180;66;56m██[38;2;180;66;56m██[38;2;50;29;35m██[38;2;50;29;35m██[38;2;1;47;25m██[38;2;0;89;47m██[38;2;0;89;47m██[38;2;1;1;1m██[38;2;104;68;64m██[38;2;104;68;64m██[38;2;1;1;1m██[38;2;1;1;1m██[38;2;66;43;47m██[38;2;66;43;47m██[38;2;66;43;47m██[38;2;1;47;25m██[38;2;0;89;47m██[38;2;0;89;47m██[38;2;0;89;47m██[38;2;0;132;69m██[38;2;0;132;69m██[38;2;0;132;69m██[38;2;0;132;69m██[38;2;1;47;25m██[38;2;1;1;1m██[38;2;1;1;1m██[38;2;1;1;1m██[38;2;0;89;47m██[38;2;0;89;47m██[38;2;0;89;47m██[38;2;0;89;47m██[38;2;0;89;47m██[38;2;1;1;1m██                              
                                  [38;2;1;1;1m██[38;2;0;89;47m██[38;2;50;29;35m██[38;2;104;68;64m██[38;2;104;68;64m██[38;2;104;68;64m██[38;2;66;43;47m██[38;2;1;47;25m██[38;2;0;132;69m██[38;2;0;132;69m██[38;2;0;89;47m██[38;2;1;1;1m██[38;2;104;68;64m██[38;2;104;68;64m██[38;2;66;43;47m██[38;2;180;66;56m██[38;2;50;29;35m██[38;2;50;29;35m██[38;2;50;29;35m██[38;2;180;66;56m██[38;2;250;113;61m██[38;2;1;47;25m██[38;2;0;132;69m██[38;2;0;89;47m██[38;2;1;1;1m██[38;2;104;68;64m██[38;2;104;68;64m██[38;2;66;43;47m██[38;2;66;43;47m██[38;2;66;43;47m██[38;2;66;43;47m██[38;2;1;47;25m██[38;2;1;47;25m██[38;2;0;89;47m██[38;2;0;89;47m██[38;2;0;132;69m██[38;2;0;132;69m██[38;2;0;132;69m██[38;2;0;132;69m██[38;2;0;132;69m██[38;2;1;1;1m██[38;2;66;43;47m██[38;2;66;43;47m██[38;2;1;1;1m██[38;2;1;1;1m██[38;2;0;89;47m██[38;2;0;89;47m██[38;2;1;1;1m██                                
                                  [38;2;1;1;1m██[38;2;50;29;35m██[38;2;104;68;64m██[38;2;104;68;64m██[38;2;104;68;64m██[38;2;104;68;64m██[38;2;104;68;64m██[38;2;104;68;64m██[38;2;1;47;25m██[38;2;0;132;69m██[38;2;1;47;25m██[38;2;1;1;1m██[38;2;104;68;64m██[38;2;66;43;47m██[38;2;250;113;61m██[38;2;250;113;61m██[38;2;180;66;56m██[38;2;180;66;56m██[38;2;250;113;61m██[38;2;250;113;61m██[38;2;250;113;61m██[38;2;1;47;25m██[38;2;1;47;25m██[38;2;0;132;69m██[38;2;1;1;1m██[38;2;104;68;64m██[38;2;104;68;64m██[38;2;104;68;64m██[38;2;66;43;47m██[38;2;1;47;25m██[38;2;1;47;25m██[38;2;0;132;69m██[38;2;0;132;69m██[38;2;0;132;69m██[38;2;0;132;69m██[38;2;1;47;25m██[38;2;0;132;69m██[38;2;0;132;69m██[38;2;1;1;1m██[38;2;1;1;1m██[38;2;66;43;47m██[38;2;66;43;47m██[38;2;104;68;64m██[38;2;104;68;64m██[38;2;104;68;64m██[38;2;1;1;1m██[38;2;0;89;47m██[38;2;1;47;25m██[38;2;1;1;1m██                              
                                [38;2;1;1;1m██[38;2;0;89;47m██[38;2;50;29;35m██[38;2;104;68;64m██[38;2;66;43;47m██[38;2;66;43;47m██[38;2;104;68;64m██[38;2;104;68;64m██[38;2;104;68;64m██[38;2;1;47;25m██[38;2;0;132;69m██[38;2;0;132;69m██[38;2;1;1;1m██[38;2;104;68;64m██[38;2;66;43;47m██[38;2;250;113;61m██[38;2;250;113;61m██[38;2;250;113;61m██[38;2;250;113;61m██[38;2;250;113;61m██[38;2;250;113;61m██[38;2;1;47;25m██[38;2;0;132;69m██[38;2;0;132;69m██[38;2;0;132;69m██[38;2;1;1;1m██[38;2;104;68;64m██[38;2;104;68;64m██[38;2;104;68;64m██[38;2;104;68;64m██[38;2;1;47;25m██[38;2;0;132;69m██[38;2;0;132;69m██[38;2;0;89;47m██[38;2;0;132;69m██[38;2;0;132;69m██[38;2;1;1;1m██[38;2;1;1;1m██[38;2;1;1;1m██[38;2;104;68;64m██[38;2;104;68;64m██[38;2;104;68;64m██[38;2;104;68;64m██[38;2;104;68;64m██[38;2;104;68;64m██[38;2;104;68;64m██[38;2;104;68;64m██[38;2;1;1;1m██[38;2;0;89;47m██[38;2;0;89;47m██[38;2;1;1;1m██                            
                              [38;2;1;1;1m██[38;2;0;89;47m██[38;2;1;1;1m██[38;2;104;68;64m██[38;2;66;43;47m██[38;2;181;154;125m██[38;2;66;43;47m██[38;2;104;68;64m██[38;2;104;68;64m██[38;2;1;47;25m██[38;2;0;132;69m██[38;2;0;89;47m██[38;2;0;132;69m██[38;2;0;132;69m██[38;2;1;1;1m██[38;2;66;43;47m██[38;2;250;113;61m██[38;2;180;66;56m██[38;2;66;43;47m██[38;2;66;43;47m██[38;2;66;43;47m██[38;2;180;66;56m██[38;2;1;47;25m██[38;2;0;132;69m██[38;2;0;132;69m██[38;2;1;1;1m██[38;2;104;68;64m██[38;2;104;68;64m██[38;2;104;68;64m██[38;2;104;68;64m██[38;2;104;68;64m██[38;2;1;47;25m██[38;2;0;132;69m██[38;2;0;89;47m██[38;2;0;132;69m██[38;2;0;132;69m██[38;2;1;1;1m██[38;2;104;68;64m██[38;2;104;68;64m██[38;2;104;68;64m██[38;2;104;68;64m██[38;2;104;68;64m██[38;2;104;68;64m██[38;2;104;68;64m██[38;2;104;68;64m██[38;2;104;68;64m██[38;2;104;68;64m██[38;2;104;68;64m██[38;2;104;68;64m██[38;2;1;1;1m██[38;2;0;89;47m██[38;2;0;89;47m██[38;2;1;1;1m██                          
                              [38;2;1;1;1m██[38;2;0;89;47m██[38;2;1;1;1m██[38;2;66;43;47m██[38;2;181;154;125m██[38;2;66;43;47m██[38;2;104;68;64m██[38;2;104;68;64m██[38;2;104;68;64m██[38;2;1;47;25m██[38;2;0;132;69m██[38;2;0;89;47m██[38;2;0;132;69m██[38;2;0;132;69m██[38;2;1;1;1m██[38;2;104;68;64m██[38;2;66;43;47m██[38;2;180;66;56m██[38;2;250;113;61m██[38;2;250;113;61m██[38;2;250;113;61m██[38;2;180;66;56m██[38;2;66;43;47m██[38;2;1;1;1m██[38;2;1;1;1m██[38;2;104;68;64m██[38;2;66;43;47m██[38;2;66;43;47m██[38;2;104;68;64m██[38;2;104;68;64m██[38;2;104;68;64m██[38;2;1;47;25m██[38;2;0;89;47m██[38;2;0;89;47m██[38;2;0;132;69m██[38;2;0;132;69m██[38;2;1;1;1m██[38;2;104;68;64m██[38;2;104;68;64m██[38;2;104;68;64m██[38;2;104;68;64m██[38;2;104;68;64m██[38;2;104;68;64m██[38;2;66;43;47m██[38;2;66;43;47m██[38;2;104;68;64m██[38;2;104;68;64m██[38;2;104;68;64m██[38;2;104;68;64m██[38;2;1;1;1m██[38;2;0;89;47m██[38;2;1;1;1m██                            
                                [38;2;1;1;1m██[38;2;1;1;1m██[38;2;133;117;80m██[38;2;181;154;125m██[38;2;66;43;47m██[38;2;104;68;64m██[38;2;104;68;64m██[38;2;104;68;64m██[38;2;104;68;64m██[38;2;1;47;25m██[38;2;0;89;47m██[38;2;0;132;69m██[38;2;1;1;1m██[38;2;104;68;64m██[38;2;104;68;64m██[38;2;66;43;47m██[38;2;250;113;61m██[38;2;250;113;61m██[38;2;250;113;61m██[38;2;250;113;61m██[38;2;250;113;61m██[38;2;250;113;61m██[38;2;1;1;1m██[38;2;66;43;47m██[38;2;66;43;47m██[38;2;66;43;47m██[38;2;66;43;47m██[38;2;66;43;47m██[38;2;104;68;64m██[38;2;104;68;64m██[38;2;1;47;25m██[38;2;0;89;47m██[38;2;0;132;69m██[38;2;1;1;1m██[38;2;1;1;1m██[38;2;104;68;64m██[38;2;104;68;64m██[38;2;104;68;64m██[38;2;104;68;64m██[38;2;104;68;64m██[38;2;104;68;64m██[38;2;66;43;47m██[38;2;181;154;125m██[38;2;181;154;125m██[38;2;133;117;80m██[38;2;66;43;47m██[38;2;104;68;64m██[38;2;104;68;64m██[38;2;66;43;47m██[38;2;1;1;1m██                              
                                  [38;2;1;1;1m██[38;2;181;154;125m██[38;2;133;117;80m██[38;2;104;68;64m██[38;2;104;68;64m██[38;2;104;68;64m██[38;2;104;68;64m██[38;2;104;68;64m██[38;2;104;68;64m██[38;2;1;1;1m██[38;2;1;1;1m██[38;2;104;68;64m██[38;2;104;68;64m██[38;2;66;43;47m██[38;2;66;43;47m██[38;2;1;1;1m██[38;2;66;43;47m██[38;2;250;113;61m██[38;2;250;113;61m██[38;2;250;113;61m██[38;2;66;43;47m██[38;2;66;43;47m██[38;2;66;43;47m██[38;2;66;43;47m██[38;2;66;43;47m██[38;2;66;43;47m██[38;2;50;29;35m██[38;2;104;68;64m██[38;2;104;68;64m██[38;2;1;1;1m██[38;2;1;1;1m██[38;2;1;1;1m██[38;2;104;68;64m██[38;2;104;68;64m██[38;2;104;68;64m██[38;2;104;68;64m██[38;2;104;68;64m██[38;2;104;68;64m██[38;2;104;68;64m██[38;2;104;68;64m██[38;2;66;43;47m██[38;2;181;154;125m██[38;2;181;154;125m██[38;2;181;154;125m██[38;2;181;154;125m██[38;2;66;43;47m██[38;2;66;43;47m██[38;2;181;154;125m██[38;2;1;1;1m██                              
                                    [38;2;1;1;1m██[38;2;133;117;80m██[38;2;104;68;64m██[38;2;104;68;64m██[38;2;104;68;64m██[38;2;104;68;64m██[38;2;104;68;64m██[38;2;104;68;64m██[38;2;104;68;64m██[38;2;104;68;64m██[38;2;104;68;64m██[38;2;104;68;64m██[38;2;66;43;47m██[38;2;66;43;47m██[38;2;66;43;47m██[38;2;66;43;47m██[38;2;1;1;1m██[38;2;1;1;1m██[38;2;1;1;1m██[38;2;66;43;47m██[38;2;66;43;47m██[38;2;66;43;47m██[38;2;66;43;47m██[38;2;66;43;47m██[38;2;50;29;35m██[38;2;104;68;64m██[38;2;104;68;64m██[38;2;104;68;64m██[38;2;104;68;64m██[38;2;104;68;64m██[38;2;104;68;64m██[38;2;104;68;64m██[38;2;104;68;64m██[38;2;104;68;64m██[38;2;104;68;64m██[38;2;104;68;64m██[38;2;104;68;64m██[38;2;104;68;64m██[38;2;104;68;64m██[38;2;66;43;47m██[38;2;181;154;125m██[38;2;181;154;125m██[38;2;181;154;125m██[38;2;181;154;125m██[38;2;181;154;125m██[38;2;66;43;47m██[38;2;181;154;125m██[38;2;1;1;1m██                              
                                    [38;2;1;1;1m██[38;2;66;43;47m██[38;2;104;68;64m██[38;2;104;68;64m██[38;2;104;68;64m██[38;2;104;68;64m██[38;2;104;68;64m██[38;2;104;68;64m██[38;2;104;68;64m██[38;2;104;68;64m██[38;2;104;68;64m██[38;2;104;68;64m██[38;2;104;68;64m██[38;2;50;29;35m██[38;2;66;43;47m██[38;2;66;43;47m██[38;2;66;43;47m██[38;2;66;43;47m██[38;2;66;43;47m██[38;2;66;43;47m██[38;2;66;43;47m██[38;2;66;43;47m██[38;2;50;29;35m██[38;2;50;29;35m██[38;2;104;68;64m██[38;2;104;68;64m██[38;2;104;68;64m██[38;2;104;68;64m██[38;2;104;68;64m██[38;2;104;68;64m██[38;2;104;68;64m██[38;2;104;68;64m██[38;2;104;68;64m██[38;2;104;68;64m██[38;2;104;68;64m██[38;2;104;68;64m██[38;2;104;68;64m██[38;2;104;68;64m██[38;2;104;68;64m██[38;2;104;68;64m██[38;2;133;117;80m██[38;2;181;154;125m██[38;2;181;154;125m██[38;2;181;154;125m██[38;2;181;154;125m██[38;2;181;154;125m██[38;2;181;154;125m██[38;2;50;29;35m██[38;2;1;1;1m██                            
                                  [38;2;1;1;1m██[38;2;66;43;47m██[38;2;66;43;47m██[38;2;104;68;64m██[38;2;104;68;64m██[38;2;104;68;64m██[38;2;104;68;64m██[38;2;104;68;64m██[38;2;104;68;64m██[38;2;104;68;64m██[38;2;104;68;64m██[38;2;104;68;64m██[38;2;104;68;64m██[38;2;104;68;64m██[38;2;104;68;64m██[38;2;50;29;35m██[38;2;50;29;35m██[38;2;66;43;47m██[38;2;66;43;47m██[38;2;66;43;47m██[38;2;66;43;47m██[38;2;66;43;47m██[38;2;50;29;35m██[38;2;66;43;47m██[38;2;104;68;64m██[38;2;104;68;64m██[38;2;104;68;64m██[38;2;104;68;64m██[38;2;104;68;64m██[38;2;104;68;64m██[38;2;104;68;64m██[38;2;104;68;64m██[38;2;104;68;64m██[38;2;104;68;64m██[38;2;104;68;64m██[38;2;104;68;64m██[38;2;104;68;64m██[38;2;104;68;64m██[38;2;104;68;64m██[38;2;104;68;64m██[38;2;104;68;64m██[38;2;66;43;47m██[38;2;181;154;125m██[38;2;181;154;125m██[38;2;181;154;125m██[38;2;181;154;125m██[38;2;66;43;47m██[38;2;181;154;125m██[38;2;50;29;35m██[38;2;66;43;47m██[38;2;1;1;1m██                          
                                [38;2;1;1;1m██[38;2;104;68;64m██[38;2;104;68;64m██[38;2;66;43;47m██[38;2;104;68;64m██[38;2;104;68;64m██[38;2;104;68;64m██[38;2;104;68;64m██[38;2;66;43;47m██[38;2;104;68;64m██[38;2;104;68;64m██[38;2;104;68;64m██[38;2;104;68;64m██[38;2;104;68;64m██[38;2;104;68;64m██[38;2;104;68;64m██[38;2;104;68;64m██[38;2;66;43;47m██[38;2;66;43;47m██[38;2;66;43;47m██[38;2;66;43;47m██[38;2;66;43;47m██[38;2;66;43;47m██[38;2;66;43;47m██[38;2;104;68;64m██[38;2;104;68;64m██[38;2;66;43;47m██[38;2;66;43;47m██[38;2;104;68;64m██[38;2;104;68;64m██[38;2;104;68;64m██[38;2;104;68;64m██[38;2;104;68;64m██[38;2;104;68;64m██[38;2;104;68;64m██[38;2;104;68;64m██[38;2;104;68;64m██[38;2;104;68;64m██[38;2;104;68;64m██[38;2;104;68;64m██[38;2;104;68;64m██[38;2;104;68;64m██[38;2;104;68;64m██[38;2;133;117;80m██[38;2;181;154;125m██[38;2;181;154;125m██[38;2;133;117;80m██[38;2;66;43;47m██[38;2;181;154;125m██[38;2;50;29;35m██[38;2;66;43;47m██[38;2;1;1;1m██                          
                                [38;2;50;29;35m██[38;2;104;68;64m██[38;2;104;68;64m██[38;2;104;68;64m██[38;2;104;68;64m██[38;2;104;68;64m██[38;2;104;68;64m██[38;2;104;68;64m██[38;2;50;29;35m██[38;2;104;68;64m██[38;2;104;68;64m██[38;2;104;68;64m██[38;2;104;68;64m██[38;2;104;68;64m██[38;2;104;68;64m██[38;2;104;68;64m██[38;2;66;43;47m██[38;2;66;43;47m██[38;2;104;68;64m██[38;2;104;68;64m██[38;2;104;68;64m██[38;2;104;68;64m██[38;2;104;68;64m██[38;2;104;68;64m██[38;2;66;43;47m██[38;2;133;117;80m██[38;2;181;154;125m██[38;2;66;43;47m██[38;2;104;68;64m██[38;2;104;68;64m██[38;2;104;68;64m██[38;2;104;68;64m██[38;2;104;68;64m██[38;2;104;68;64m██[38;2;104;68;64m██[38;2;104;68;64m██[38;2;104;68;64m██[38;2;104;68;64m██[38;2;66;43;47m██[38;2;104;68;64m██[38;2;104;68;64m██[38;2;104;68;64m██[38;2;104;68;64m██[38;2;66;43;47m██[38;2;181;154;125m██[38;2;181;154;125m██[38;2;66;43;47m██[38;2;104;68;64m██[38;2;66;43;47m██[38;2;104;68;64m██[38;2;104;68;64m██[38;2;66;43;47m██[38;2;1;1;1m██                        
                              [38;2;50;29;35m██[38;2;104;68;64m██[38;2;104;68;64m██[38;2;104;68;64m██[38;2;104;68;64m██[38;2;104;68;64m██[38;2;104;68;64m██[38;2;104;68;64m██[38;2;104;68;64m██[38;2;50;29;35m██[38;2;104;68;64m██[38;2;104;68;64m██[38;2;104;68;64m██[38;2;104;68;64m██[38;2;104;68;64m██[38;2;104;68;64m██[38;2;104;68;64m██[38;2;66;43;47m██[38;2;181;154;125m██[38;2;133;117;80m██[38;2;66;43;47m██[38;2;104;68;64m██[38;2;104;68;64m██[38;2;104;68;64m██[38;2;66;43;47m██[38;2;181;154;125m██[38;2;181;154;125m██[38;2;133;117;80m██[38;2;66;43;47m██[38;2;104;68;64m██[38;2;104;68;64m██[38;2;104;68;64m██[38;2;104;68;64m██[38;2;66;43;47m██[38;2;66;43;47m██[38;2;66;43;47m██[38;2;66;43;47m██[38;2;104;68;64m██[38;2;104;68;64m██[38;2;50;29;35m██[38;2;104;68;64m██[38;2;104;68;64m██[38;2;104;68;64m██[38;2;104;68;64m██[38;2;104;68;64m██[38;2;66;43;47m██[38;2;66;43;47m██[38;2;104;68;64m██[38;2;104;68;64m██[38;2;104;68;64m██[38;2;104;68;64m██[38;2;104;68;64m██[38;2;66;43;47m██[38;2;1;1;1m██                        
                              [38;2;50;29;35m██[38;2;104;68;64m██[38;2;104;68;64m██[38;2;104;68;64m██[38;2;104;68;64m██[38;2;104;68;64m██[38;2;104;68;64m██[38;2;104;68;64m██[38;2;104;68;64m██[38;2;66;43;47m██[38;2;1;1;1m██[38;2;66;43;47m██[38;2;66;43;47m██[38;2;66;43;47m██[38;2;66;43;47m██[38;2;66;43;47m██[38;2;104;68;64m██[38;2;104;68;64m██[38;2;66;43;47m██[38;2;181;154;125m██[38;2;181;154;125m██[38;2;66;43;47m██[38;2;104;68;64m██[38;2;66;43;47m██[38;2;181;154;125m██[38;2;181;154;125m██[38;2;181;154;125m██[38;2;66;43;47m██[38;2;104;68;64m██[38;2;66;43;47m██[38;2;66;43;47m██[38;2;133;117;80m██[38;2;181;154;125m██[38;2;181;154;125m██[38;2;181;154;125m██[38;2;181;154;125m██[38;2;181;154;125m██[38;2;66;43;47m██[38;2;1;1;1m██[38;2;50;29;35m██[38;2;104;68;64m██[38;2;104;68;64m██[38;2;104;68;64m██[38;2;104;68;64m██[38;2;104;68;64m██[38;2;104;68;64m██[38;2;104;68;64m██[38;2;104;68;64m██[38;2;104;68;64m██[38;2;104;68;64m██[38;2;104;68;64m██[38;2;104;68;64m██[38;2;104;68;64m██[38;2;66;43;47m██[38;2;1;1;1m██                      
            [38;2;104;68;64m██[38;2;104;68;64m██[38;2;104;68;64m██[38;2;104;68;64m██          [38;2;50;29;35m██[38;2;104;68;64m██[38;2;104;68;64m██[38;2;104;68;64m██[38;2;104;68;64m██[38;2;104;68;64m██[38;2;104;68;64m██[38;2;104;68;64m██[38;2;104;68;64m██[38;2;66;43;47m██[38;2;1;1;1m██[38;2;181;154;125m██[38;2;181;154;125m██[38;2;181;154;125m██[38;2;181;154;125m██[38;2;181;154;125m██[38;2;66;43;47m██[38;2;66;43;47m██[38;2;66;43;47m██[38;2;66;43;47m██[38;2;181;154;125m██[38;2;181;154;125m██[38;2;66;43;47m██[38;2;181;154;125m██[38;2;181;154;125m██[38;2;181;154;125m██[38;2;66;43;47m██[38;2;66;43;47m██[38;2;133;117;80m██[38;2;181;154;125m██[38;2;181;154;125m██[38;2;181;154;125m██[38;2;181;154;125m██[38;2;181;154;125m██[38;2;181;154;125m██[38;2;181;154;125m██[38;2;181;154;125m██[38;2;66;43;47m██[38;2;1;1;1m██[38;2;1;1;1m██[38;2;66;43;47m██[38;2;104;68;64m██[38;2;104;68;64m██[38;2;104;68;64m██[38;2;104;68;64m██[38;2;104;68;64m██[38;2;104;68;64m██[38;2;104;68;64m██[38;2;104;68;64m██[38;2;104;68;64m██[38;2;104;68;64m██[38;2;104;68;64m██[38;2;104;68;64m██[38;2;66;43;47m██[38;2;66;43;47m██[38;2;1;1;1m██                    
        [38;2;104;68;64m██[38;2;104;68;64m██[38;2;246;226;161m██[38;2;246;226;161m██[38;2;246;226;161m██[38;2;246;226;161m██[38;2;1;1;1m██        [38;2;50;29;35m██[38;2;104;68;64m██[38;2;104;68;64m██[38;2;104;68;64m██[38;2;104;68;64m██[38;2;104;68;64m██[38;2;104;68;64m██[38;2;104;68;64m██[38;2;104;68;64m██[38;2;66;43;47m██[38;2;66;43;47m██[38;2;1;1;1m██[38;2;181;154;125m██[38;2;181;154;125m██[38;2;181;154;125m██[38;2;104;68;64m██[38;2;246;226;161m██[38;2;246;226;161m██[38;2;246;226;161m██[38;2;104;68;64m██[38;2;104;68;64m██[38;2;181;154;125m██[38;2;181;154;125m██[38;2;181;154;125m██[38;2;181;154;125m██[38;2;181;154;125m██[38;2;181;154;125m██[38;2;181;154;125m██[38;2;181;154;125m██[38;2;181;154;125m██[38;2;181;154;125m██[38;2;181;154;125m██[38;2;181;154;125m██[38;2;181;154;125m██[38;2;181;154;125m██[38;2;181;154;125m██[38;2;181;154;125m██[38;2;1;1;1m██[38;2;66;43;47m██[38;2;66;43;47m██[38;2;1;1;1m██[38;2;104;68;64m██[38;2;104;68;64m██[38;2;104;68;64m██[38;2;104;68;64m██[38;2;104;68;64m██[38;2;104;68;64m██[38;2;104;68;64m██[38;2;104;68;64m██[38;2;104;68;64m██[38;2;104;68;64m██[38;2;104;68;64m██[38;2;104;68;64m██[38;2;104;68;64m██[38;2;104;68;64m██[38;2;66;43;47m██[38;2;50;29;35m██[38;2;1;1;1m██                
      [38;2;104;68;64m██[38;2;246;226;161m██[38;2;246;226;161m██[38;2;246;226;161m██[38;2;246;226;161m██[38;2;181;154;125m██[38;2;181;154;125m██[38;2;1;1;1m██      [38;2;50;29;35m██[38;2;66;43;47m██[38;2;104;68;64m██[38;2;104;68;64m██[38;2;104;68;64m██[38;2;104;68;64m██[38;2;104;68;64m██[38;2;104;68;64m██[38;2;104;68;64m██[38;2;66;43;47m██[38;2;66;43;47m██[38;2;66;43;47m██[38;2;1;1;1m██[38;2;1;1;1m██[38;2;181;154;125m██[38;2;104;68;64m██[38;2;246;226;161m██[38;2;246;226;161m██[38;2;246;226;161m██[38;2;181;154;125m██[38;2;181;154;125m██[38;2;246;226;161m██[38;2;104;68;64m██[38;2;104;68;64m██[38;2;181;154;125m██[38;2;181;154;125m██[38;2;181;154;125m██[38;2;181;154;125m██[38;2;181;154;125m██[38;2;181;154;125m██[38;2;181;154;125m██[38;2;181;154;125m██[38;2;181;154;125m██[38;2;181;154;125m██[38;2;181;154;125m██[38;2;181;154;125m██[38;2;181;154;125m██[38;2;133;117;80m██[38;2;1;1;1m██[38;2;66;43;47m██[38;2;66;43;47m██[38;2;1;1;1m██[38;2;66;43;47m██[38;2;104;68;64m██[38;2;104;68;64m██[38;2;104;68;64m██[38;2;104;68;64m██[38;2;104;68;64m██[38;2;104;68;64m██[38;2;104;68;64m██[38;2;104;68;64m██[38;2;104;68;64m██[38;2;104;68;64m██[38;2;104;68;64m██[38;2;104;68;64m██[38;2;104;68;64m██[38;2;104;68;64m██[38;2;104;68;64m██[38;2;104;68;64m██[38;2;1;1;1m██              
    [38;2;104;68;64m██[38;2;246;226;161m██[38;2;246;226;161m██[38;2;246;226;161m██[38;2;181;154;125m██[38;2;181;154;125m██[38;2;182;127;76m██[38;2;182;127;76m██[38;2;182;127;76m██[38;2;1;1;1m██    [38;2;50;29;35m██[38;2;66;43;47m██[38;2;104;68;64m██[38;2;104;68;64m██[38;2;104;68;64m██[38;2;104;68;64m██[38;2;104;68;64m██[38;2;104;68;64m██[38;2;104;68;64m██[38;2;66;43;47m██[38;2;66;43;47m██[38;2;1;1;1m██    [38;2;104;68;64m██[38;2;181;154;125m██[38;2;246;226;161m██[38;2;246;226;161m██[38;2;181;154;125m██[38;2;246;226;161m██[38;2;246;226;161m██[38;2;246;226;161m██[38;2;246;226;161m██[38;2;246;226;161m██[38;2;104;68;64m██[38;2;1;1;1m██[38;2;181;154;125m██[38;2;181;154;125m██[38;2;181;154;125m██[38;2;181;154;125m██[38;2;181;154;125m██[38;2;181;154;125m██[38;2;181;154;125m██[38;2;181;154;125m██[38;2;181;154;125m██[38;2;181;154;125m██[38;2;181;154;125m██[38;2;1;1;1m██[38;2;66;43;47m██[38;2;66;43;47m██[38;2;66;43;47m██[38;2;66;43;47m██[38;2;1;1;1m██[38;2;104;68;64m██[38;2;104;68;64m██[38;2;104;68;64m██[38;2;104;68;64m██[38;2;104;68;64m██[38;2;104;68;64m██[38;2;66;43;47m██[38;2;104;68;64m██[38;2;104;68;64m██[38;2;104;68;64m██[38;2;104;68;64m██[38;2;104;68;64m██[38;2;104;68;64m██[38;2;104;68;64m██[38;2;104;68;64m██[38;2;104;68;64m██[38;2;104;68;64m██[38;2;1;1;1m██            
  [38;2;104;68;64m██[38;2;246;226;161m██[38;2;246;226;161m██[38;2;246;226;161m██[38;2;181;154;125m██[38;2;182;127;76m██[38;2;182;127;76m██[38;2;182;127;76m██[38;2;182;127;76m██[38;2;182;127;76m██[38;2;1;1;1m██  [38;2;50;29;35m██[38;2;66;43;47m██[38;2;66;43;47m██[38;2;66;43;47m██[38;2;104;68;64m██[38;2;104;68;64m██[38;2;104;68;64m██[38;2;104;68;64m██[38;2;104;68;64m██[38;2;66;43;47m██[38;2;66;43;47m██[38;2;1;1;1m██      [38;2;104;68;64m██[38;2;181;154;125m██[38;2;246;226;161m██[38;2;246;226;161m██[38;2;181;154;125m██[38;2;246;226;161m██[38;2;246;226;161m██[38;2;246;226;161m██[38;2;181;154;125m██[38;2;246;226;161m██[38;2;246;226;161m██[38;2;104;68;64m██[38;2;1;1;1m██[38;2;181;154;125m██[38;2;181;154;125m██[38;2;181;154;125m██[38;2;181;154;125m██[38;2;181;154;125m██[38;2;181;154;125m██[38;2;181;154;125m██[38;2;181;154;125m██[38;2;181;154;125m██[38;2;1;1;1m██[38;2;66;43;47m██[38;2;50;29;35m██[38;2;50;29;35m██[38;2;66;43;47m██[38;2;66;43;47m██[38;2;66;43;47m██[38;2;1;1;1m██[38;2;66;43;47m██[38;2;104;68;64m██[38;2;104;68;64m██[38;2;104;68;64m██[38;2;66;43;47m██[38;2;66;43;47m██[38;2;104;68;64m██[38;2;104;68;64m██[38;2;104;68;64m██[38;2;104;68;64m██[38;2;104;68;64m██[38;2;104;68;64m██[38;2;104;68;64m██[38;2;104;68;64m██[38;2;104;68;64m██[38;2;104;68;64m██[38;2;50;29;35m██            
  [38;2;104;68;64m██[38;2;246;226;161m██[38;2;246;226;161m██[38;2;181;154;125m██[38;2;182;127;76m██[38;2;182;127;76m██[38;2;182;127;76m██[38;2;182;127;76m██[38;2;182;127;76m██[38;2;182;127;76m██[38;2;182;127;76m██[38;2;1;1;1m██[38;2;50;29;35m██[38;2;104;68;64m██[38;2;104;68;64m██[38;2;66;43;47m██[38;2;104;68;64m██[38;2;104;68;64m██[38;2;104;68;64m██[38;2;104;68;64m██[38;2;66;43;47m██[38;2;1;1;1m██[38;2;1;1;1m██[38;2;1;1;1m██[38;2;1;1;1m██[38;2;1;1;1m██[38;2;104;68;64m██[38;2;181;154;125m██[38;2;181;154;125m██[38;2;181;154;125m██[38;2;246;226;161m██[38;2;246;226;161m██[38;2;181;154;125m██[38;2;246;226;161m██[38;2;246;226;161m██[38;2;246;226;161m██[38;2;181;154;125m██[38;2;246;226;161m██[38;2;246;226;161m██[38;2;1;1;1m██[38;2;1;1;1m██[38;2;1;1;1m██[38;2;181;154;125m██[38;2;181;154;125m██[38;2;181;154;125m██[38;2;181;154;125m██[38;2;181;154;125m██[38;2;1;1;1m██[38;2;1;1;1m██[38;2;50;29;35m██[38;2;50;29;35m██[38;2;133;117;80m██[38;2;1;1;1m██[38;2;66;43;47m██[38;2;66;43;47m██[38;2;66;43;47m██[38;2;66;43;47m██[38;2;1;1;1m██[38;2;66;43;47m██[38;2;66;43;47m██[38;2;66;43;47m██[38;2;66;43;47m██[38;2;50;29;35m██[38;2;104;68;64m██[38;2;104;68;64m██[38;2;104;68;64m██[38;2;104;68;64m██[38;2;104;68;64m██[38;2;104;68;64m██[38;2;104;68;64m██[38;2;104;68;64m██[38;2;104;68;64m██[38;2;104;68;64m██[38;2;104;68;64m██[38;2;50;29;35m██          
[38;2;104;68;64m██[38;2;246;226;161m██[38;2;246;226;161m██[38;2;181;154;125m██[38;2;182;127;76m██[38;2;182;127;76m██[38;2;182;127;76m██[38;2;182;127;76m██[38;2;182;127;76m██[38;2;182;127;76m██[38;2;182;127;76m██[38;2;182;127;76m██[38;2;1;1;1m██[38;2;104;68;64m██[38;2;104;68;64m██[38;2;104;68;64m██[38;2;104;68;64m██[38;2;104;68;64m██[38;2;104;68;64m██[38;2;1;1;1m██[38;2;1;1;1m██[38;2;1;1;1m██[38;2;182;127;76m██[38;2;104;68;64m██[38;2;104;68;64m██[38;2;147;108;66m██[38;2;182;127;76m██[38;2;104;68;64m██[38;2;182;127;76m██[38;2;181;154;125m██[38;2;181;154;125m██[38;2;246;226;161m██[38;2;246;226;161m██[38;2;246;226;161m██[38;2;181;154;125m██[38;2;246;226;161m██[38;2;246;226;161m██[38;2;181;154;125m██[38;2;246;226;161m██[38;2;246;226;161m██[38;2;1;1;1m██[38;2;66;43;47m██[38;2;66;43;47m██[38;2;1;1;1m██[38;2;1;1;1m██[38;2;1;1;1m██[38;2;1;1;1m██[38;2;1;1;1m██[38;2;66;43;47m██[38;2;50;29;35m██[38;2;133;117;80m██[38;2;133;117;80m██[38;2;1;1;1m██[38;2;66;43;47m██[38;2;66;43;47m██[38;2;66;43;47m██[38;2;66;43;47m██[38;2;66;43;47m██[38;2;1;1;1m██[38;2;1;1;1m██[38;2;1;1;1m██[38;2;66;43;47m██[38;2;66;43;47m██[38;2;50;29;35m██[38;2;104;68;64m██[38;2;104;68;64m██[38;2;104;68;64m██[38;2;104;68;64m██[38;2;104;68;64m██[38;2;104;68;64m██[38;2;104;68;64m██[38;2;104;68;64m██[38;2;104;68;64m██[38;2;104;68;64m██[38;2;104;68;64m██[38;2;50;29;35m██          
[38;2;104;68;64m██[38;2;246;226;161m██[38;2;246;226;161m██[38;2;181;154;125m██[38;2;182;127;76m██[38;2;182;127;76m██[38;2;182;127;76m██[38;2;182;127;76m██[38;2;182;127;76m██[38;2;182;127;76m██[38;2;182;127;76m██[38;2;182;127;76m██[38;2;182;127;76m██[38;2;1;1;1m██[38;2;104;68;64m██[38;2;104;68;64m██[38;2;1;1;1m██[38;2;1;1;1m██[38;2;1;1;1m██[38;2;182;127;76m██[38;2;182;127;76m██[38;2;182;127;76m██[38;2;147;108;66m██[38;2;104;68;64m██[38;2;104;68;64m██[38;2;182;127;76m██[38;2;147;108;66m██[38;2;147;108;66m██[38;2;182;127;76m██[38;2;181;154;125m██[38;2;181;154;125m██[38;2;181;154;125m██[38;2;246;226;161m██[38;2;246;226;161m██[38;2;246;226;161m██[38;2;181;154;125m██[38;2;181;154;125m██[38;2;246;226;161m██[38;2;246;226;161m██[38;2;246;226;161m██[38;2;246;226;161m██[38;2;1;1;1m██[38;2;66;43;47m██[38;2;66;43;47m██[38;2;66;43;47m██[38;2;66;43;47m██[38;2;66;43;47m██[38;2;66;43;47m██[38;2;50;29;35m██[38;2;133;117;80m██[38;2;133;117;80m██[38;2;1;1;1m██[38;2;50;29;35m██[38;2;50;29;35m██[38;2;66;43;47m██[38;2;66;43;47m██[38;2;66;43;47m██[38;2;1;1;1m██    [38;2;50;29;35m██[38;2;1;1;1m██[38;2;1;1;1m██[38;2;66;43;47m██[38;2;104;68;64m██[38;2;104;68;64m██[38;2;104;68;64m██[38;2;104;68;64m██[38;2;104;68;64m██[38;2;104;68;64m██[38;2;104;68;64m██[38;2;104;68;64m██[38;2;104;68;64m██[38;2;104;68;64m██[38;2;104;68;64m██[38;2;50;29;35m██          
[38;2;104;68;64m██[38;2;246;226;161m██[38;2;181;154;125m██[38;2;182;127;76m██[38;2;182;127;76m██[38;2;182;127;76m██[38;2;182;127;76m██[38;2;182;127;76m██[38;2;182;127;76m██[38;2;182;127;76m██[38;2;182;127;76m██[38;2;182;127;76m██[38;2;182;127;76m██[38;2;1;1;1m██[38;2;1;1;1m██[38;2;1;1;1m██[38;2;147;108;66m██[38;2;104;68;64m██[38;2;104;68;64m██[38;2;182;127;76m██[38;2;182;127;76m██[38;2;182;127;76m██[38;2;182;127;76m██[38;2;182;127;76m██[38;2;182;127;76m██[38;2;182;127;76m██[38;2;104;68;64m██[38;2;182;127;76m██[38;2;182;127;76m██[38;2;182;127;76m██[38;2;181;154;125m██[38;2;181;154;125m██[38;2;181;154;125m██[38;2;246;226;161m██[38;2;246;226;161m██[38;2;246;226;161m██[38;2;246;226;161m██[38;2;246;226;161m██[38;2;246;226;161m██[38;2;246;226;161m██[38;2;246;226;161m██[38;2;1;1;1m██[38;2;66;43;47m██[38;2;66;43;47m██[38;2;66;43;47m██[38;2;66;43;47m██[38;2;104;68;64m██[38;2;104;68;64m██[38;2;104;68;64m██[38;2;50;29;35m██[38;2;50;29;35m██[38;2;181;154;125m██[38;2;133;117;80m██[38;2;1;1;1m██[38;2;66;43;47m██[38;2;66;43;47m██[38;2;1;47;25m██[38;2;1;1;1m██    [38;2;50;29;35m██[38;2;104;68;64m██[38;2;66;43;47m██[38;2;66;43;47m██[38;2;104;68;64m██[38;2;104;68;64m██[38;2;104;68;64m██[38;2;104;68;64m██[38;2;104;68;64m██[38;2;104;68;64m██[38;2;104;68;64m██[38;2;104;68;64m██[38;2;104;68;64m██[38;2;104;68;64m██[38;2;104;68;64m██[38;2;104;68;64m██[38;2;50;29;35m██        
  [38;2;104;68;64m██[38;2;181;154;125m██[38;2;147;108;66m██[38;2;182;127;76m██[38;2;182;127;76m██[38;2;182;127;76m██[38;2;182;127;76m██[38;2;182;127;76m██[38;2;182;127;76m██[38;2;182;127;76m██[38;2;182;127;76m██[38;2;104;68;64m██[38;2;104;68;64m██[38;2;182;127;76m██[38;2;182;127;76m██[38;2;104;68;64m██[38;2;104;68;64m██[38;2;147;108;66m██[38;2;182;127;76m██[38;2;182;127;76m██[38;2;147;108;66m██[38;2;147;108;66m██[38;2;182;127;76m██[38;2;182;127;76m██[38;2;182;127;76m██[38;2;147;108;66m██[38;2;182;127;76m██[38;2;182;127;76m██[38;2;182;127;76m██[38;2;182;127;76m██[38;2;181;154;125m██[38;2;181;154;125m██[38;2;181;154;125m██[38;2;181;154;125m██[38;2;246;226;161m██[38;2;246;226;161m██[38;2;246;226;161m██[38;2;246;226;161m██[38;2;246;226;161m██[38;2;1;1;1m██[38;2;66;43;47m██[38;2;66;43;47m██[38;2;66;43;47m██[38;2;66;43;47m██[38;2;104;68;64m██[38;2;246;226;161m██[38;2;246;226;161m██[38;2;246;226;161m██[38;2;104;68;64m██[38;2;133;117;80m██[38;2;133;117;80m██[38;2;1;1;1m██[38;2;66;43;47m██[38;2;66;43;47m██[38;2;1;47;25m██[38;2;0;89;47m██[38;2;0;89;47m██[38;2;1;1;1m██  [38;2;50;29;35m██[38;2;104;68;64m██[38;2;104;68;64m██[38;2;66;43;47m██[38;2;104;68;64m██[38;2;104;68;64m██[38;2;104;68;64m██[38;2;104;68;64m██[38;2;104;68;64m██[38;2;104;68;64m██[38;2;104;68;64m██[38;2;104;68;64m██[38;2;104;68;64m██[38;2;104;68;64m██[38;2;104;68;64m██[38;2;104;68;64m██[38;2;50;29;35m██        
    [38;2;104;68;64m██[38;2;147;108;66m██[38;2;147;108;66m██[38;2;182;127;76m██[38;2;182;127;76m██[38;2;182;127;76m██[38;2;182;127;76m██[38;2;182;127;76m██[38;2;182;127;76m██[38;2;104;68;64m██[38;2;181;154;125m██[38;2;181;154;125m██[38;2;181;154;125m██[38;2;181;154;125m██[38;2;181;154;125m██[38;2;182;127;76m██[38;2;182;127;76m██[38;2;147;108;66m██[38;2;147;108;66m██[38;2;182;127;76m██[38;2;182;127;76m██[38;2;182;127;76m██[38;2;182;127;76m██[38;2;182;127;76m██[38;2;182;127;76m██[38;2;182;127;76m██[38;2;182;127;76m██[38;2;182;127;76m██[38;2;182;127;76m██[38;2;182;127;76m██[38;2;181;154;125m██[38;2;181;154;125m██[38;2;181;154;125m██[38;2;181;154;125m██[38;2;181;154;125m██[38;2;181;154;125m██[38;2;181;154;125m██[38;2;1;1;1m██[38;2;50;29;35m██[38;2;50;29;35m██[38;2;50;29;35m██[38;2;66;43;47m██[38;2;1;1;1m██[38;2;246;226;161m██[38;2;246;226;161m██[38;2;246;226;161m██[38;2;246;226;161m██[38;2;246;226;161m██[38;2;104;68;64m██[38;2;1;1;1m██[38;2;66;43;47m██[38;2;66;43;47m██[38;2;66;43;47m██[38;2;1;47;25m██[38;2;0;89;47m██[38;2;1;47;25m██[38;2;1;1;1m██    [38;2;50;29;35m██[38;2;104;68;64m██[38;2;104;68;64m██[38;2;104;68;64m██[38;2;104;68;64m██[38;2;104;68;64m██[38;2;104;68;64m██[38;2;104;68;64m██[38;2;104;68;64m██[38;2;104;68;64m██[38;2;104;68;64m██[38;2;104;68;64m██[38;2;104;68;64m██[38;2;104;68;64m██[38;2;104;68;64m██[38;2;50;29;35m██        
      [38;2;104;68;64m██[38;2;147;108;66m██[38;2;147;108;66m██[38;2;182;127;76m██[38;2;182;127;76m██[38;2;182;127;76m██[38;2;104;68;64m██[38;2;104;68;64m██[38;2;246;226;161m██[38;2;246;226;161m██[38;2;246;226;161m██[38;2;246;226;161m██[38;2;246;226;161m██[38;2;246;226;161m██[38;2;181;154;125m██[38;2;181;154;125m██[38;2;182;127;76m██[38;2;182;127;76m██[38;2;182;127;76m██[38;2;182;127;76m██[38;2;182;127;76m██[38;2;182;127;76m██[38;2;182;127;76m██[38;2;182;127;76m██[38;2;182;127;76m██[38;2;182;127;76m██[38;2;182;127;76m██[38;2;182;127;76m██[38;2;182;127;76m██[38;2;182;127;76m██[38;2;182;127;76m██[38;2;182;127;76m██[38;2;181;154;125m██[38;2;181;154;125m██[38;2;181;154;125m██[38;2;1;1;1m██[38;2;133;117;80m██[38;2;133;117;80m██[38;2;50;29;35m██[38;2;66;43;47m██[38;2;66;43;47m██[38;2;1;1;1m██[38;2;246;226;161m██[38;2;246;226;161m██[38;2;246;226;161m██[38;2;246;226;161m██[38;2;246;226;161m██[38;2;104;68;64m██[38;2;66;43;47m██[38;2;1;47;25m██[38;2;1;47;25m██[38;2;1;47;25m██[38;2;0;89;47m██[38;2;1;47;25m██[38;2;0;89;47m██[38;2;1;1;1m██    [38;2;50;29;35m██[38;2;104;68;64m██[38;2;104;68;64m██[38;2;104;68;64m██[38;2;104;68;64m██[38;2;104;68;64m██[38;2;104;68;64m██[38;2;104;68;64m██[38;2;104;68;64m██[38;2;104;68;64m██[38;2;104;68;64m██[38;2;104;68;64m██[38;2;104;68;64m██[38;2;104;68;64m██[38;2;104;68;64m██[38;2;50;29;35m██        
        [38;2;104;68;64m██[38;2;147;108;66m██[38;2;147;108;66m██[38;2;182;127;76m██[38;2;104;68;64m██[38;2;246;226;161m██[38;2;246;226;161m██[38;2;246;226;161m██[38;2;246;226;161m██[38;2;246;226;161m██[38;2;246;226;161m██[38;2;246;226;161m██[38;2;246;226;161m██[38;2;246;226;161m██[38;2;246;226;161m██[38;2;181;154;125m██[38;2;182;127;76m██[38;2;182;127;76m██[38;2;182;127;76m██[38;2;182;127;76m██[38;2;182;127;76m██[38;2;182;127;76m██[38;2;182;127;76m██[38;2;182;127;76m██[38;2;182;127;76m██[38;2;182;127;76m██[38;2;182;127;76m██[38;2;182;127;76m██[38;2;182;127;76m██[38;2;182;127;76m██[38;2;182;127;76m██[38;2;182;127;76m██[38;2;182;127;76m██[38;2;1;1;1m██[38;2;0;89;47m██[38;2;1;47;25m██[38;2;1;1;1m██[38;2;1;1;1m██[38;2;66;43;47m██[38;2;66;43;47m██[38;2;1;1;1m██[38;2;181;154;125m██[38;2;246;226;161m██[38;2;246;226;161m██[38;2;246;226;161m██[38;2;181;154;125m██[38;2;104;68;64m██[38;2;104;68;64m██[38;2;0;89;47m██[38;2;0;89;47m██[38;2;0;89;47m██[38;2;0;89;47m██[38;2;1;1;1m██[38;2;1;1;1m██[38;2;66;43;47m██[38;2;1;1;1m██  [38;2;50;29;35m██[38;2;104;68;64m██[38;2;104;68;64m██[38;2;104;68;64m██[38;2;104;68;64m██[38;2;104;68;64m██[38;2;104;68;64m██[38;2;104;68;64m██[38;2;104;68;64m██[38;2;104;68;64m██[38;2;104;68;64m██[38;2;104;68;64m██[38;2;104;68;64m██[38;2;104;68;64m██[38;2;104;68;64m██[38;2;104;68;64m██[38;2;50;29;35m██      
          [38;2;104;68;64m██[38;2;147;108;66m██[38;2;104;68;64m██[38;2;246;226;161m██[38;2;246;226;161m██[38;2;246;226;161m██[38;2;246;226;161m██[38;2;246;226;161m██[38;2;246;226;161m██[38;2;246;226;161m██[38;2;246;226;161m██[38;2;246;226;161m██[38;2;246;226;161m██[38;2;246;226;161m██[38;2;246;226;161m██[38;2;181;154;125m██[38;2;182;127;76m██[38;2;182;127;76m██[38;2;182;127;76m██[38;2;182;127;76m██[38;2;182;127;76m██[38;2;182;127;76m██[38;2;182;127;76m██[38;2;147;108;66m██[38;2;182;127;76m██[38;2;182;127;76m██[38;2;182;127;76m██[38;2;182;127;76m██[38;2;182;127;76m██[38;2;182;127;76m██[38;2;182;127;76m██[38;2;1;1;1m██[38;2;0;89;47m██[38;2;0;89;47m██[38;2;0;89;47m██[38;2;1;1;1m██[38;2;66;43;47m██[38;2;66;43;47m██[38;2;66;43;47m██[38;2;66;43;47m██[38;2;1;1;1m██[38;2;181;154;125m██[38;2;181;154;125m██[38;2;181;154;125m██[38;2;181;154;125m██[38;2;181;154;125m██[38;2;181;154;125m██[38;2;104;68;64m██[38;2;0;89;47m██[38;2;0;89;47m██[38;2;1;1;1m██[38;2;66;43;47m██[38;2;66;43;47m██[38;2;66;43;47m██[38;2;66;43;47m██[38;2;50;29;35m██[38;2;104;68;64m██[38;2;104;68;64m██[38;2;0;89;47m██[38;2;0;132;69m██[38;2;0;132;69m██[38;2;0;132;69m██[38;2;0;132;69m██[38;2;0;132;69m██[38;2;0;89;47m██[38;2;104;68;64m██[38;2;104;68;64m██[38;2;104;68;64m██[38;2;104;68;64m██[38;2;104;68;64m██[38;2;104;68;64m██[38;2;104;68;64m██[38;2;50;29;35m██      
            [38;2;104;68;64m██[38;2;246;226;161m██[38;2;246;226;161m██[38;2;246;226;161m██[38;2;246;226;161m██[38;2;246;226;161m██[38;2;246;226;161m██[38;2;246;226;161m██[38;2;246;226;161m██[38;2;246;226;161m██[38;2;246;226;161m██[38;2;246;226;161m██[38;2;246;226;161m██[38;2;246;226;161m██[38;2;246;226;161m██[38;2;181;154;125m██[38;2;182;127;76m██[38;2;182;127;76m██[38;2;182;127;76m██[38;2;182;127;76m██[38;2;182;127;76m██[38;2;182;127;76m██[38;2;182;127;76m██[38;2;147;108;66m██[38;2;147;108;66m██[38;2;182;127;76m██[38;2;182;127;76m██[38;2;182;127;76m██[38;2;104;68;64m██[38;2;1;1;1m██[38;2;1;1;1m██[38;2;1;1;1m██[38;2;0;89;47m██[38;2;0;89;47m██[38;2;1;1;1m██[38;2;66;43;47m██[38;2;66;43;47m██[38;2;66;43;47m██[38;2;66;43;47m██[38;2;66;43;47m██[38;2;1;1;1m██[38;2;1;1;1m██[38;2;1;1;1m██[38;2;104;68;64m██[38;2;181;154;125m██[38;2;181;154;125m██[38;2;246;226;161m██[38;2;104;68;64m██[38;2;1;1;1m██[38;2;66;43;47m██[38;2;66;43;47m██[38;2;66;43;47m██[38;2;66;43;47m██[38;2;66;43;47m██[38;2;1;47;25m██[38;2;0;89;47m██[38;2;0;132;69m██[38;2;0;132;69m██[38;2;0;132;69m██[38;2;0;132;69m██[38;2;0;132;69m██[38;2;0;132;69m██[38;2;0;132;69m██[38;2;0;132;69m██[38;2;0;132;69m██[38;2;0;132;69m██[38;2;0;89;47m██[38;2;104;68;64m██[38;2;104;68;64m██[38;2;104;68;64m██[38;2;104;68;64m██[38;2;50;29;35m██      
          [38;2;104;68;64m██[38;2;246;226;161m██[38;2;246;226;161m██[38;2;246;226;161m██[38;2;246;226;161m██[38;2;246;226;161m██[38;2;181;154;125m██[38;2;181;154;125m██[38;2;181;154;125m██[38;2;181;154;125m██[38;2;181;154;125m██[38;2;246;226;161m██[38;2;246;226;161m██[38;2;246;226;161m██[38;2;246;226;161m██[38;2;246;226;161m██[38;2;246;226;161m██[38;2;181;154;125m██[38;2;182;127;76m██[38;2;182;127;76m██[38;2;182;127;76m██[38;2;182;127;76m██[38;2;182;127;76m██[38;2;182;127;76m██[38;2;182;127;76m██[38;2;147;108;66m██[38;2;104;68;64m██[38;2;104;68;64m██[38;2;104;68;64m██[38;2;182;127;76m██[38;2;147;108;66m██[38;2;1;1;1m██[38;2;66;43;47m██[38;2;1;1;1m██[38;2;1;1;1m██[38;2;1;1;1m██[38;2;66;43;47m██[38;2;66;43;47m██[38;2;66;43;47m██[38;2;66;43;47m██[38;2;66;43;47m██[38;2;66;43;47m██[38;2;66;43;47m██[38;2;66;43;47m██[38;2;66;43;47m██[38;2;1;1;1m██[38;2;246;226;161m██[38;2;246;226;161m██[38;2;246;226;161m██[38;2;104;68;64m██[38;2;66;43;47m██[38;2;66;43;47m██[38;2;66;43;47m██[38;2;66;43;47m██[38;2;66;43;47m██[38;2;1;47;25m██[38;2;0;132;69m██[38;2;0;132;69m██[38;2;0;132;69m██[38;2;0;132;69m██[38;2;0;132;69m██[38;2;0;132;69m██[38;2;0;132;69m██[38;2;0;132;69m██[38;2;0;132;69m██[38;2;0;132;69m██[38;2;0;132;69m██[38;2;0;132;69m██[38;2;0;132;69m██[38;2;0;89;47m██[38;2;104;68;64m██[38;2;104;68;64m██[38;2;50;29;35m██      
          [38;2;104;68;64m██[38;2;246;226;161m██[38;2;246;226;161m██[38;2;246;226;161m██[38;2;181;154;125m██[38;2;181;154;125m██[38;2;246;226;161m██[38;2;246;226;161m██[38;2;246;226;161m██[38;2;246;226;161m██[38;2;246;226;161m██[38;2;181;154;125m██[38;2;181;154;125m██[38;2;246;226;161m██[38;2;246;226;161m██[38;2;246;226;161m██[38;2;246;226;161m██[38;2;181;154;125m██[38;2;182;127;76m██[38;2;182;127;76m██[38;2;182;127;76m██[38;2;182;127;76m██[38;2;182;127;76m██[38;2;182;127;76m██[38;2;182;127;76m██[38;2;182;127;76m██[38;2;182;127;76m██[38;2;182;127;76m██[38;2;182;127;76m██[38;2;182;127;76m██[38;2;182;127;76m██[38;2;147;108;66m██[38;2;1;1;1m██[38;2;66;43;47m██[38;2;66;43;47m██[38;2;66;43;47m██[38;2;66;43;47m██[38;2;66;43;47m██[38;2;66;43;47m██[38;2;66;43;47m██[38;2;66;43;47m██[38;2;66;43;47m██[38;2;66;43;47m██[38;2;66;43;47m██[38;2;66;43;47m██[38;2;66;43;47m██[38;2;1;1;1m██[38;2;246;226;161m██[38;2;246;226;161m██[38;2;246;226;161m██[38;2;104;68;64m██[38;2;66;43;47m██[38;2;66;43;47m██[38;2;66;43;47m██[38;2;1;47;25m██[38;2;0;89;47m██[38;2;0;132;69m██[38;2;0;132;69m██[38;2;0;132;69m██[38;2;0;132;69m██[38;2;0;132;69m██[38;2;0;132;69m██[38;2;0;89;47m██[38;2;0;132;69m██[38;2;0;132;69m██[38;2;0;132;69m██[38;2;0;132;69m██[38;2;0;132;69m██[38;2;0;132;69m██[38;2;0;132;69m██[38;2;0;132;69m██[38;2;0;89;47m██[38;2;104;68;64m██[38;2;1;1;1m██    
        [38;2;104;68;64m██[38;2;246;226;161m██[38;2;246;226;161m██[38;2;246;226;161m██[38;2;181;154;125m██[38;2;246;226;161m██[38;2;246;226;161m██[38;2;246;226;161m██[38;2;246;226;161m██[38;2;246;226;161m██[38;2;246;226;161m██[38;2;246;226;161m██[38;2;246;226;161m██[38;2;246;226;161m██[38;2;181;154;125m██[38;2;246;226;161m██[38;2;246;226;161m██[38;2;246;226;161m██[38;2;246;226;161m██[38;2;181;154;125m██[38;2;182;127;76m██[38;2;182;127;76m██[38;2;182;127;76m██[38;2;182;127;76m██[38;2;182;127;76m██[38;2;182;127;76m██[38;2;182;127;76m██[38;2;182;127;76m██[38;2;182;127;76m██[38;2;182;127;76m██[38;2;182;127;76m██[38;2;182;127;76m██[38;2;182;127;76m██[38;2;1;1;1m██[38;2;66;43;47m██[38;2;66;43;47m██[38;2;66;43;47m██[38;2;66;43;47m██[38;2;66;43;47m██[38;2;66;43;47m██[38;2;66;43;47m██[38;2;66;43;47m██[38;2;66;43;47m██[38;2;66;43;47m██[38;2;66;43;47m██[38;2;66;43;47m██[38;2;66;43;47m██[38;2;66;43;47m██[38;2;1;1;1m██[38;2;246;226;161m██[38;2;246;226;161m██[38;2;246;226;161m██[38;2;104;68;64m██[38;2;66;43;47m██[38;2;66;43;47m██[38;2;1;47;25m██[38;2;0;89;47m██[38;2;1;47;25m██[38;2;0;132;69m██[38;2;0;132;69m██[38;2;0;132;69m██[38;2;0;132;69m██[38;2;1;47;25m██[38;2;1;47;25m██[38;2;0;132;69m██[38;2;0;132;69m██[38;2;0;132;69m██[38;2;0;132;69m██[38;2;0;132;69m██[38;2;0;132;69m██[38;2;0;132;69m██[38;2;0;132;69m██[38;2;0;132;69m██[38;2;0;89;47m██[38;2;1;1;1m██    
        [38;2;104;68;64m██[38;2;246;226;161m██[38;2;246;226;161m██[38;2;246;226;161m██[38;2;246;226;161m██[38;2;246;226;161m██[38;2;246;226;161m██[38;2;246;226;161m██[38;2;246;226;161m██[38;2;246;226;161m██[38;2;246;226;161m██[38;2;246;226;161m██[38;2;246;226;161m██[38;2;246;226;161m██[38;2;246;226;161m██[38;2;181;154;125m██[38;2;246;226;161m██[38;2;246;226;161m██[38;2;246;226;161m██[38;2;181;154;125m██[38;2;182;127;76m██[38;2;182;127;76m██[38;2;182;127;76m██[38;2;182;127;76m██[38;2;182;127;76m██[38;2;182;127;76m██[38;2;182;127;76m██[38;2;182;127;76m██[38;2;182;127;76m██[38;2;182;127;76m██[38;2;147;108;66m██[38;2;147;108;66m██[38;2;147;108;66m██[38;2;104;68;64m██[38;2;66;43;47m██[38;2;66;43;47m██[38;2;66;43;47m██[38;2;66;43;47m██[38;2;66;43;47m██[38;2;66;43;47m██[38;2;50;29;35m██[38;2;50;29;35m██[38;2;66;43;47m██[38;2;66;43;47m██[38;2;66;43;47m██[38;2;66;43;47m██[38;2;66;43;47m██[38;2;66;43;47m██[38;2;66;43;47m██[38;2;1;1;1m██[38;2;246;226;161m██[38;2;246;226;161m██[38;2;246;226;161m██[38;2;104;68;64m██[38;2;1;47;25m██[38;2;0;89;47m██[38;2;1;47;25m██[38;2;1;47;25m██[38;2;0;89;47m██[38;2;0;132;69m██[38;2;0;132;69m██[38;2;1;47;25m██[38;2;181;154;125m██[38;2;133;117;80m██[38;2;0;89;47m██[38;2;0;132;69m██[38;2;0;132;69m██[38;2;0;132;69m██[38;2;0;132;69m██[38;2;0;89;47m██[38;2;0;132;69m██[38;2;0;132;69m██[38;2;0;132;69m██[38;2;0;132;69m██[38;2;1;1;1m██    
        [38;2;104;68;64m██[38;2;246;226;161m██[38;2;246;226;161m██[38;2;246;226;161m██[38;2;246;226;161m██[38;2;246;226;161m██[38;2;246;226;161m██[38;2;246;226;161m██[38;2;246;226;161m██[38;2;246;226;161m██[38;2;246;226;161m██[38;2;246;226;161m██[38;2;246;226;161m██[38;2;246;226;161m██[38;2;246;226;161m██[38;2;181;154;125m██[38;2;246;226;161m██[38;2;246;226;161m██[38;2;246;226;161m██[38;2;246;226;161m██[38;2;181;154;125m██[38;2;182;127;76m██[38;2;182;127;76m██[38;2;182;127;76m██[38;2;182;127;76m██[38;2;182;127;76m██[38;2;182;127;76m██[38;2;147;108;66m██[38;2;147;108;66m██[38;2;147;108;66m██[38;2;182;127;76m██[38;2;182;127;76m██[38;2;182;127;76m██[38;2;147;108;66m██[38;2;1;1;1m██[38;2;66;43;47m██[38;2;66;43;47m██[38;2;66;43;47m██[38;2;66;43;47m██[38;2;66;43;47m██[38;2;66;43;47m██[38;2;66;43;47m██[38;2;1;1;1m██[38;2;1;1;1m██[38;2;1;1;1m██[38;2;1;1;1m██[38;2;1;1;1m██[38;2;1;1;1m██[38;2;66;43;47m██[38;2;66;43;47m██[38;2;1;1;1m██[38;2;246;226;161m██[38;2;246;226;161m██[38;2;246;226;161m██[38;2;104;68;64m██[38;2;1;47;25m██[38;2;133;117;80m██[38;2;1;47;25m██[38;2;0;89;47m██[38;2;0;132;69m██[38;2;1;47;25m██[38;2;181;154;125m██[38;2;181;154;125m██[38;2;181;154;125m██[38;2;1;47;25m██[38;2;0;132;69m██[38;2;0;132;69m██[38;2;0;132;69m██[38;2;0;89;47m██[38;2;1;47;25m██[38;2;0;132;69m██[38;2;0;132;69m██[38;2;0;132;69m██[38;2;0;132;69m██[38;2;0;132;69m██[38;2;1;1;1m██  
      [38;2;104;68;64m██[38;2;246;226;161m██[38;2;246;226;161m██[38;2;246;226;161m██[38;2;246;226;161m██[38;2;246;226;161m██[38;2;246;226;161m██[38;2;246;226;161m██[38;2;181;154;125m██[38;2;0;132;69m██[38;2;0;132;69m██[38;2;0;132;69m██[38;2;181;154;125m██[38;2;246;226;161m██[38;2;246;226;161m██[38;2;246;226;161m██[38;2;246;226;161m██[38;2;181;154;125m██[38;2;246;226;161m██[38;2;246;226;161m██[38;2;246;226;161m██[38;2;181;154;125m██[38;2;182;127;76m██[38;2;182;127;76m██[38;2;182;127;76m██[38;2;182;127;76m██[38;2;182;127;76m██[38;2;182;127;76m██[38;2;182;127;76m██[38;2;182;127;76m██[38;2;182;127;76m██[38;2;182;127;76m██[38;2;182;127;76m██[38;2;182;127;76m██[38;2;182;127;76m██[38;2;1;1;1m██[38;2;66;43;47m██[38;2;66;43;47m██[38;2;66;43;47m██[38;2;66;43;47m██[38;2;1;1;1m██[38;2;1;1;1m██[38;2;1;1;1m██            [38;2;1;1;1m██[38;2;66;43;47m██[38;2;66;43;47m██[38;2;1;1;1m██[38;2;182;127;76m██[38;2;246;226;161m██[38;2;181;154;125m██[38;2;104;68;64m██[38;2;181;154;125m██[38;2;133;117;80m██[38;2;1;47;25m██[38;2;1;47;25m██[38;2;181;154;125m██[38;2;181;154;125m██[38;2;181;154;125m██[38;2;181;154;125m██[38;2;133;117;80m██[38;2;1;47;25m██[38;2;0;132;69m██[38;2;1;47;25m██[38;2;1;47;25m██[38;2;1;47;25m██[38;2;0;132;69m██[38;2;0;132;69m██[38;2;0;132;69m██[38;2;0;132;69m██[38;2;0;132;69m██[38;2;1;1;1m██  
      [38;2;104;68;64m██[38;2;246;226;161m██[38;2;246;226;161m██[38;2;246;226;161m██[38;2;246;226;161m██[38;2;246;226;161m██[38;2;246;226;161m██[38;2;181;154;125m██[38;2;0;132;69m██[38;2;0;132;69m██[38;2;0;132;69m██[38;2;0;132;69m██[38;2;0;132;69m██[38;2;181;154;125m██[38;2;246;226;161m██[38;2;246;226;161m██[38;2;246;226;161m██[38;2;181;154;125m██[38;2;246;226;161m██[38;2;246;226;161m██[38;2;246;226;161m██[38;2;181;154;125m██[38;2;104;68;64m██[38;2;104;68;64m██[38;2;104;68;64m██[38;2;104;68;64m██[38;2;147;108;66m██[38;2;182;127;76m██[38;2;182;127;76m██[38;2;182;127;76m██[38;2;182;127;76m██[38;2;182;127;76m██[38;2;182;127;76m██[38;2;182;127;76m██[38;2;182;127;76m██[38;2;1;1;1m██[38;2;66;43;47m██[38;2;66;43;47m██[38;2;1;1;1m██[38;2;1;1;1m██                    [38;2;1;1;1m██[38;2;66;43;47m██[38;2;66;43;47m██[38;2;1;1;1m██[38;2;182;127;76m██[38;2;182;127;76m██[38;2;182;127;76m██[38;2;104;68;64m██[38;2;181;154;125m██[38;2;181;154;125m██[38;2;181;154;125m██[38;2;133;117;80m██[38;2;181;154;125m██[38;2;181;154;125m██[38;2;181;154;125m██[38;2;181;154;125m██[38;2;1;47;25m██[38;2;1;47;25m██[38;2;181;154;125m██[38;2;133;117;80m██[38;2;1;47;25m██[38;2;0;132;69m██[38;2;0;132;69m██[38;2;0;132;69m██[38;2;0;132;69m██[38;2;0;132;69m██[38;2;1;1;1m██  
      [38;2;104;68;64m██[38;2;246;226;161m██[38;2;246;226;161m██[38;2;246;226;161m██[38;2;246;226;161m██[38;2;246;226;161m██[38;2;246;226;161m██[38;2;0;132;69m██[38;2;0;132;69m██[38;2;0;132;69m██[38;2;0;132;69m██[38;2;0;132;69m██[38;2;0;132;69m██[38;2;0;132;69m██[38;2;246;226;161m██[38;2;246;226;161m██[38;2;246;226;161m██[38;2;181;154;125m██[38;2;246;226;161m██[38;2;246;226;161m██[38;2;246;226;161m██[38;2;246;226;161m██[38;2;147;108;66m██[38;2;104;68;64m██[38;2;104;68;64m██[38;2;104;68;64m██[38;2;104;68;64m██[38;2;182;127;76m██[38;2;182;127;76m██[38;2;182;127;76m██[38;2;182;127;76m██[38;2;182;127;76m██[38;2;182;127;76m██[38;2;182;127;76m██[38;2;182;127;76m██[38;2;1;1;1m██[38;2;1;1;1m██[38;2;1;1;1m██                          [38;2;1;1;1m██[38;2;66;43;47m██[38;2;66;43;47m██[38;2;1;1;1m██[38;2;182;127;76m██[38;2;182;127;76m██[38;2;182;127;76m██[38;2;104;68;64m██[38;2;181;154;125m██[38;2;181;154;125m██[38;2;104;68;64m██[38;2;181;154;125m██[38;2;181;154;125m██[38;2;181;154;125m██[38;2;181;154;125m██[38;2;181;154;125m██[38;2;181;154;125m██[38;2;181;154;125m██[38;2;181;154;125m██[38;2;1;47;25m██[38;2;0;89;47m██[38;2;0;132;69m██[38;2;0;132;69m██[38;2;0;132;69m██[38;2;0;132;69m██[38;2;0;89;47m██[38;2;1;1;1m██
      [38;2;104;68;64m██[38;2;246;226;161m██[38;2;246;226;161m██[38;2;181;154;125m██[38;2;246;226;161m██[38;2;246;226;161m██[38;2;246;226;161m██[38;2;0;132;69m██[38;2;0;132;69m██[38;2;0;132;69m██[38;2;0;132;69m██[38;2;0;132;69m██[38;2;0;132;69m██[38;2;0;132;69m██[38;2;246;226;161m██[38;2;246;226;161m██[38;2;246;226;161m██[38;2;246;226;161m██[38;2;246;226;161m██[38;2;246;226;161m██[38;2;246;226;161m██[38;2;246;226;161m██[38;2;147;108;66m██[38;2;104;68;64m██[38;2;104;68;64m██[38;2;147;108;66m██[38;2;182;127;76m██[38;2;182;127;76m██[38;2;182;127;76m██[38;2;182;127;76m██[38;2;182;127;76m██[38;2;182;127;76m██[38;2;182;127;76m██[38;2;182;127;76m██[38;2;182;127;76m██[38;2;1;1;1m██                                [38;2;1;1;1m██[38;2;66;43;47m██[38;2;104;68;64m██[38;2;1;1;1m██[38;2;182;127;76m██[38;2;182;127;76m██[38;2;182;127;76m██[38;2;104;68;64m██[38;2;133;117;80m██[38;2;133;117;80m██[38;2;181;154;125m██[38;2;181;154;125m██[38;2;181;154;125m██[38;2;181;154;125m██[38;2;181;154;125m██[38;2;181;154;125m██[38;2;181;154;125m██[38;2;181;154;125m██[38;2;133;117;80m██[38;2;1;47;25m██[38;2;0;132;69m██[38;2;0;132;69m██[38;2;0;132;69m██[38;2;1;47;25m██[38;2;0;89;47m██[38;2;1;1;1m██
      [38;2;1;1;1m██[38;2;246;226;161m██[38;2;246;226;161m██[38;2;181;154;125m██[38;2;246;226;161m██[38;2;246;226;161m██[38;2;246;226;161m██[38;2;0;132;69m██[38;2;0;132;69m██[38;2;0;132;69m██[38;2;0;132;69m██[38;2;0;132;69m██[38;2;0;132;69m██[38;2;0;132;69m██[38;2;246;226;161m██[38;2;246;226;161m██[38;2;246;226;161m██[38;2;246;226;161m██[38;2;246;226;161m██[38;2;246;226;161m██[38;2;246;226;161m██[38;2;246;226;161m██[38;2;181;154;125m██[38;2;182;127;76m██[38;2;182;127;76m██[38;2;182;127;76m██[38;2;182;127;76m██[38;2;182;127;76m██[38;2;182;127;76m██[38;2;182;127;76m██[38;2;182;127;76m██[38;2;182;127;76m██[38;2;182;127;76m██[38;2;182;127;76m██[38;2;182;127;76m██[38;2;1;1;1m██                                  [38;2;1;1;1m██[38;2;104;68;64m██[38;2;181;154;125m██[38;2;1;1;1m██[38;2;182;127;76m██[38;2;182;127;76m██[38;2;182;127;76m██[38;2;104;68;64m██[38;2;181;154;125m██[38;2;133;117;80m██[38;2;133;117;80m██[38;2;181;154;125m██[38;2;181;154;125m██[38;2;181;154;125m██[38;2;181;154;125m██[38;2;181;154;125m██[38;2;181;154;125m██[38;2;181;154;125m██[38;2;1;47;25m██[38;2;0;132;69m██[38;2;0;132;69m██[38;2;1;47;25m██[38;2;0;89;47m██[38;2;0;89;47m██[38;2;1;1;1m██
      [38;2;1;1;1m██[38;2;246;226;161m██[38;2;246;226;161m██[38;2;181;154;125m██[38;2;246;226;161m██[38;2;246;226;161m██[38;2;246;226;161m██[38;2;0;132;69m██[38;2;0;132;69m██[38;2;0;132;69m██[38;2;0;132;69m██[38;2;0;132;69m██[38;2;0;132;69m██[38;2;0;132;69m██[38;2;246;226;161m██[38;2;246;226;161m██[38;2;246;226;161m██[38;2;246;226;161m██[38;2;246;226;161m██[38;2;246;226;161m██[38;2;246;226;161m██[38;2;246;226;161m██[38;2;181;154;125m██[38;2;182;127;76m██[38;2;182;127;76m██[38;2;182;127;76m██[38;2;182;127;76m██[38;2;147;108;66m██[38;2;104;68;64m██[38;2;104;68;64m██[38;2;104;68;64m██[38;2;147;108;66m██[38;2;182;127;76m██[38;2;182;127;76m██[38;2;182;127;76m██[38;2;1;1;1m██                                    [38;2;1;1;1m██[38;2;1;1;1m██[38;2;104;68;64m██[38;2;1;1;1m██[38;2;182;127;76m██[38;2;104;68;64m██[38;2;181;154;125m██[38;2;133;117;80m██[38;2;133;117;80m██[38;2;133;117;80m██[38;2;133;117;80m██[38;2;181;154;125m██[38;2;181;154;125m██[38;2;181;154;125m██[38;2;181;154;125m██[38;2;181;154;125m██[38;2;181;154;125m██[38;2;1;47;25m██[38;2;1;47;25m██[38;2;1;47;25m██[38;2;1;47;25m██[38;2;1;1;1m██[38;2;0;89;47m██[38;2;1;1;1m██
      [38;2;1;1;1m██[38;2;246;226;161m██[38;2;246;226;161m██[38;2;181;154;125m██[38;2;246;226;161m██[38;2;246;226;161m██[38;2;246;226;161m██[38;2;0;132;69m██[38;2;0;132;69m██[38;2;0;132;69m██[38;2;0;132;69m██[38;2;0;132;69m██[38;2;0;132;69m██[38;2;0;132;69m██[38;2;246;226;161m██[38;2;246;226;161m██[38;2;246;226;161m██[38;2;246;226;161m██[38;2;246;226;161m██[38;2;246;226;161m██[38;2;246;226;161m██[38;2;246;226;161m██[38;2;181;154;125m██[38;2;182;127;76m██[38;2;182;127;76m██[38;2;182;127;76m██[38;2;182;127;76m██[38;2;104;68;64m██[38;2;104;68;64m██[38;2;104;68;64m██[38;2;104;68;64m██[38;2;104;68;64m██[38;2;147;108;66m██[38;2;147;108;66m██[38;2;147;108;66m██[38;2;1;1;1m██[38;2;1;1;1m██                                  [38;2;1;1;1m██[38;2;66;43;47m██[38;2;1;1;1m██[38;2;181;154;125m██[38;2;104;68;64m██[38;2;181;154;125m██[38;2;133;117;80m██[38;2;133;117;80m██[38;2;133;117;80m██[38;2;133;117;80m██[38;2;104;68;64m██[38;2;104;68;64m██[38;2;181;154;125m██[38;2;181;154;125m██[38;2;181;154;125m██[38;2;181;154;125m██[38;2;181;154;125m██[38;2;181;154;125m██[38;2;133;117;80m██[38;2;1;1;1m██[38;2;1;47;25m██[38;2;1;1;1m██[38;2;1;1;1m██[38;2;1;1;1m██
        [38;2;104;68;64m██[38;2;246;226;161m██[38;2;246;226;161m██[38;2;246;226;161m██[38;2;246;226;161m██[38;2;246;226;161m██[38;2;181;154;125m██[38;2;0;132;69m██[38;2;0;132;69m██[38;2;0;132;69m██[38;2;0;132;69m██[38;2;0;132;69m██[38;2;181;154;125m██[38;2;246;226;161m██[38;2;246;226;161m██[38;2;246;226;161m██[38;2;246;226;161m██[38;2;246;226;161m██[38;2;246;226;161m██[38;2;246;226;161m██[38;2;246;226;161m██[38;2;181;154;125m██[38;2;182;127;76m██[38;2;182;127;76m██[38;2;182;127;76m██[38;2;182;127;76m██[38;2;104;68;64m██[38;2;104;68;64m██[38;2;104;68;64m██[38;2;104;68;64m██[38;2;147;108;66m██[38;2;147;108;66m██[38;2;147;108;66m██[38;2;50;29;35m██[38;2;66;43;47m██[38;2;1;1;1m██                                    [38;2;1;1;1m██[38;2;1;1;1m██[38;2;133;117;80m██[38;2;133;117;80m██[38;2;133;117;80m██[38;2;133;117;80m██[38;2;133;117;80m██[38;2;133;117;80m██[38;2;104;68;64m██[38;2;133;117;80m██[38;2;133;117;80m██[38;2;133;117;80m██[38;2;133;117;80m██[38;2;181;154;125m██[38;2;181;154;125m██[38;2;181;154;125m██[38;2;181;154;125m██[38;2;181;154;125m██[38;2;1;1;1m██[38;2;1;47;25m██[38;2;1;1;1m██    
        [38;2;1;1;1m██[38;2;246;226;161m██[38;2;246;226;161m██[38;2;181;154;125m██[38;2;246;226;161m██[38;2;246;226;161m██[38;2;246;226;161m██[38;2;181;154;125m██[38;2;0;132;69m██[38;2;0;132;69m██[38;2;0;132;69m██[38;2;181;154;125m██[38;2;246;226;161m██[38;2;246;226;161m██[38;2;246;226;161m██[38;2;246;226;161m██[38;2;246;226;161m██[38;2;246;226;161m██[38;2;246;226;161m██[38;2;246;226;161m██[38;2;246;226;161m██[38;2;181;154;125m██[38;2;182;127;76m██[38;2;182;127;76m██[38;2;147;108;66m██[38;2;147;108;66m██[38;2;147;108;66m██[38;2;147;108;66m██[38;2;147;108;66m██[38;2;147;108;66m██[38;2;147;108;66m██[38;2;147;108;66m██[38;2;147;108;66m██[38;2;1;1;1m██[38;2;66;43;47m██[38;2;66;43;47m██[38;2;1;1;1m██                                  [38;2;1;1;1m██[38;2;66;43;47m██[38;2;1;1;1m██[38;2;133;117;80m██[38;2;133;117;80m██[38;2;133;117;80m██[38;2;133;117;80m██[38;2;104;68;64m██[38;2;133;117;80m██[38;2;133;117;80m██[38;2;133;117;80m██[38;2;133;117;80m██[38;2;104;68;64m██[38;2;104;68;64m██[38;2;181;154;125m██[38;2;181;154;125m██[38;2;181;154;125m██[38;2;181;154;125m██[38;2;1;1;1m██[38;2;1;1;1m██[38;2;1;1;1m██    
        [38;2;1;1;1m██[38;2;246;226;161m██[38;2;246;226;161m██[38;2;181;154;125m██[38;2;246;226;161m██[38;2;246;226;161m██[38;2;246;226;161m██[38;2;246;226;161m██[38;2;246;226;161m██[38;2;246;226;161m██[38;2;246;226;161m██[38;2;246;226;161m██[38;2;246;226;161m██[38;2;246;226;161m██[38;2;246;226;161m██[38;2;246;226;161m██[38;2;246;226;161m██[38;2;246;226;161m██[38;2;246;226;161m██[38;2;246;226;161m██[38;2;181;154;125m██[38;2;147;108;66m██[38;2;147;108;66m██[38;2;147;108;66m██[38;2;147;108;66m██[38;2;147;108;66m██[38;2;147;108;66m██[38;2;147;108;66m██[38;2;147;108;66m██[38;2;147;108;66m██[38;2;147;108;66m██[38;2;147;108;66m██[38;2;147;108;66m██[38;2;1;1;1m██[38;2;66;43;47m██[38;2;66;43;47m██[38;2;1;1;1m██                                  [38;2;1;1;1m██[38;2;66;43;47m██[38;2;66;43;47m██[38;2;1;1;1m██[38;2;133;117;80m██[38;2;133;117;80m██[38;2;104;68;64m██[38;2;133;117;80m██[38;2;133;117;80m██[38;2;133;117;80m██[38;2;133;117;80m██[38;2;104;68;64m██[38;2;133;117;80m██[38;2;133;117;80m██[38;2;133;117;80m██[38;2;133;117;80m██[38;2;181;154;125m██[38;2;181;154;125m██[38;2;1;1;1m██        
          [38;2;104;68;64m██[38;2;246;226;161m██[38;2;246;226;161m██[38;2;181;154;125m██[38;2;246;226;161m██[38;2;246;226;161m██[38;2;246;226;161m██[38;2;246;226;161m██[38;2;246;226;161m██[38;2;246;226;161m██[38;2;246;226;161m██[38;2;246;226;161m██[38;2;246;226;161m██[38;2;246;226;161m██[38;2;246;226;161m██[38;2;246;226;161m██[38;2;246;226;161m██[38;2;246;226;161m██[38;2;246;226;161m██[38;2;181;154;125m██[38;2;147;108;66m██[38;2;147;108;66m██[38;2;147;108;66m██[38;2;147;108;66m██[38;2;104;68;64m██[38;2;104;68;64m██[38;2;104;68;64m██[38;2;104;68;64m██[38;2;147;108;66m██[38;2;147;108;66m██[38;2;147;108;66m██[38;2;1;1;1m██[38;2;66;43;47m██[38;2;66;43;47m██[38;2;66;43;47m██[38;2;66;43;47m██[38;2;1;1;1m██                                  [38;2;1;1;1m██[38;2;66;43;47m██[38;2;66;43;47m██[38;2;1;1;1m██[38;2;1;1;1m██[38;2;133;117;80m██[38;2;133;117;80m██[38;2;133;117;80m██[38;2;133;117;80m██[38;2;104;68;64m██[38;2;133;117;80m██[38;2;133;117;80m██[38;2;104;68;64m██[38;2;104;68;64m██[38;2;133;117;80m██[38;2;133;117;80m██[38;2;1;1;1m██          
          [38;2;1;1;1m██[38;2;246;226;161m██[38;2;246;226;161m██[38;2;246;226;161m██[38;2;181;154;125m██[38;2;246;226;161m██[38;2;246;226;161m██[38;2;246;226;161m██[38;2;246;226;161m██[38;2;246;226;161m██[38;2;246;226;161m██[38;2;246;226;161m██[38;2;246;226;161m██[38;2;246;226;161m██[38;2;181;154;125m██[38;2;246;226;161m██[38;2;246;226;161m██[38;2;246;226;161m██[38;2;246;226;161m██[38;2;181;154;125m██[38;2;147;108;66m██[38;2;147;108;66m██[38;2;147;108;66m██[38;2;147;108;66m██[38;2;147;108;66m██[38;2;147;108;66m██[38;2;147;108;66m██[38;2;147;108;66m██[38;2;147;108;66m██[38;2;147;108;66m██[38;2;147;108;66m██[38;2;1;1;1m██[38;2;66;43;47m██[38;2;66;43;47m██[38;2;66;43;47m██[38;2;66;43;47m██[38;2;1;1;1m██                                  [38;2;1;1;1m██[38;2;66;43;47m██[38;2;66;43;47m██[38;2;66;43;47m██[38;2;66;43;47m██[38;2;1;1;1m██[38;2;133;117;80m██[38;2;133;117;80m██[38;2;104;68;64m██[38;2;133;117;80m██[38;2;133;117;80m██[38;2;104;68;64m██[38;2;133;117;80m██[38;2;133;117;80m██[38;2;133;117;80m██[38;2;1;1;1m██            
            [38;2;1;1;1m██[38;2;246;226;161m██[38;2;246;226;161m██[38;2;246;226;161m██[38;2;181;154;125m██[38;2;181;154;125m██[38;2;246;226;161m██[38;2;246;226;161m██[38;2;246;226;161m██[38;2;246;226;161m██[38;2;246;226;161m██[38;2;181;154;125m██[38;2;181;154;125m██[38;2;246;226;161m██[38;2;246;226;161m██[38;2;246;226;161m██[38;2;246;226;161m██[38;2;181;154;125m██[38;2;147;108;66m██[38;2;147;108;66m██[38;2;147;108;66m██[38;2;147;108;66m██[38;2;147;108;66m██[38;2;147;108;66m██[38;2;147;108;66m██[38;2;104;68;64m██[38;2;104;68;64m██[38;2;104;68;64m██[38;2;147;108;66m██[38;2;1;1;1m██[38;2;133;117;80m██[38;2;133;117;80m██[38;2;66;43;47m██[38;2;66;43;47m██[38;2;66;43;47m██[38;2;66;43;47m██[38;2;1;1;1m██                                [38;2;1;1;1m██[38;2;66;43;47m██[38;2;66;43;47m██[38;2;133;117;80m██[38;2;181;154;125m██[38;2;181;154;125m██[38;2;1;1;1m██[38;2;1;1;1m██[38;2;133;117;80m██[38;2;133;117;80m██[38;2;104;68;64m██[38;2;133;117;80m██[38;2;133;117;80m██[38;2;1;1;1m██[38;2;1;1;1m██[38;2;1;1;1m██            
            [38;2;1;1;1m██[38;2;246;226;161m██[38;2;246;226;161m██[38;2;246;226;161m██[38;2;246;226;161m██[38;2;246;226;161m██[38;2;181;154;125m██[38;2;181;154;125m██[38;2;181;154;125m██[38;2;181;154;125m██[38;2;181;154;125m██[38;2;246;226;161m██[38;2;246;226;161m██[38;2;246;226;161m██[38;2;246;226;161m██[38;2;246;226;161m██[38;2;246;226;161m██[38;2;181;154;125m██[38;2;147;108;66m██[38;2;147;108;66m██[38;2;147;108;66m██[38;2;147;108;66m██[38;2;147;108;66m██[38;2;147;108;66m██[38;2;104;68;64m██[38;2;147;108;66m██[38;2;147;108;66m██[38;2;147;108;66m██[38;2;1;1;1m██[38;2;133;117;80m██[38;2;133;117;80m██[38;2;133;117;80m██[38;2;133;117;80m██[38;2;133;117;80m██[38;2;133;117;80m██[38;2;133;117;80m██[38;2;1;1;1m██                                [38;2;104;68;64m██[38;2;133;117;80m██[38;2;181;154;125m██[38;2;181;154;125m██[38;2;181;154;125m██[38;2;181;154;125m██[38;2;181;154;125m██[38;2;181;154;125m██[38;2;1;1;1m██[38;2;1;1;1m██[38;2;133;117;80m██[38;2;133;117;80m██[38;2;1;1;1m██[38;2;104;68;64m██[38;2;104;68;64m██[38;2;1;1;1m██            
            [38;2;104;68;64m██[38;2;1;1;1m██[38;2;246;226;161m██[38;2;246;226;161m██[38;2;246;226;161m██[38;2;246;226;161m██[38;2;246;226;161m██[38;2;246;226;161m██[38;2;246;226;161m██[38;2;246;226;161m██[38;2;246;226;161m██[38;2;246;226;161m██[38;2;246;226;161m██[38;2;246;226;161m██[38;2;246;226;161m██[38;2;246;226;161m██[38;2;181;154;125m██[38;2;147;108;66m██[38;2;147;108;66m██[38;2;147;108;66m██[38;2;147;108;66m██[38;2;147;108;66m██[38;2;147;108;66m██[38;2;147;108;66m██[38;2;147;108;66m██[38;2;147;108;66m██[38;2;147;108;66m██[38;2;104;68;64m██[38;2;1;1;1m██[38;2;133;117;80m██[38;2;133;117;80m██[38;2;133;117;80m██[38;2;133;117;80m██[38;2;133;117;80m██[38;2;133;117;80m██[38;2;133;117;80m██[38;2;1;1;1m██                              [38;2;1;1;1m██[38;2;133;117;80m██[38;2;181;154;125m██[38;2;181;154;125m██[38;2;181;154;125m██[38;2;181;154;125m██[38;2;181;154;125m██[38;2;181;154;125m██[38;2;181;154;125m██[38;2;181;154;125m██[38;2;181;154;125m██[38;2;1;1;1m██[38;2;1;1;1m██[38;2;104;68;64m██[38;2;1;1;1m██[38;2;1;1;1m██              
            [38;2;104;68;64m██[38;2;147;108;66m██[38;2;1;1;1m██[38;2;246;226;161m██[38;2;246;226;161m██[38;2;246;226;161m██[38;2;246;226;161m██[38;2;246;226;161m██[38;2;246;226;161m██[38;2;246;226;161m██[38;2;246;226;161m██[38;2;246;226;161m██[38;2;246;226;161m██[38;2;246;226;161m██[38;2;181;154;125m██[38;2;181;154;125m██[38;2;147;108;66m██[38;2;147;108;66m██[38;2;147;108;66m██[38;2;147;108;66m██[38;2;147;108;66m██[38;2;147;108;66m██[38;2;147;108;66m██[38;2;147;108;66m██[38;2;147;108;66m██[38;2;147;108;66m██[38;2;147;108;66m██[38;2;104;68;64m██[38;2;1;1;1m██[38;2;133;117;80m██[38;2;133;117;80m██[38;2;133;117;80m██[38;2;50;29;35m██[38;2;1;1;1m██[38;2;1;1;1m██[38;2;1;1;1m██                                [38;2;1;1;1m██[38;2;133;117;80m██[38;2;104;68;64m██[38;2;181;154;125m██[38;2;181;154;125m██[38;2;181;154;125m██[38;2;181;154;125m██[38;2;133;117;80m██[38;2;181;154;125m██[38;2;181;154;125m██[38;2;181;154;125m██[38;2;181;154;125m██[38;2;181;154;125m██[38;2;104;68;64m██                  
          [38;2;104;68;64m██[38;2;147;108;66m██[38;2;147;108;66m██[38;2;147;108;66m██[38;2;1;1;1m██[38;2;1;1;1m██[38;2;246;226;161m██[38;2;246;226;161m██[38;2;246;226;161m██[38;2;246;226;161m██[38;2;246;226;161m██[38;2;246;226;161m██[38;2;246;226;161m██[38;2;181;154;125m██[38;2;181;154;125m██[38;2;147;108;66m██[38;2;147;108;66m██[38;2;147;108;66m██[38;2;147;108;66m██[38;2;147;108;66m██[38;2;147;108;66m██[38;2;147;108;66m██[38;2;147;108;66m██[38;2;147;108;66m██[38;2;104;68;64m██[38;2;147;108;66m██[38;2;147;108;66m██[38;2;147;108;66m██[38;2;104;68;64m██[38;2;147;108;66m██[38;2;1;1;1m██[38;2;1;1;1m██[38;2;1;1;1m██                                        [38;2;1;1;1m██[38;2;133;117;80m██[38;2;104;68;64m██[38;2;181;154;125m██[38;2;104;68;64m██[38;2;181;154;125m██[38;2;181;154;125m██[38;2;133;117;80m██[38;2;181;154;125m██[38;2;181;154;125m██[38;2;133;117;80m██[38;2;181;154;125m██[38;2;133;117;80m██[38;2;181;154;125m██[38;2;1;1;1m██                
          [38;2;104;68;64m██[38;2;147;108;66m██[38;2;147;108;66m██[38;2;147;108;66m██[38;2;104;68;64m██[38;2;147;108;66m██[38;2;1;1;1m██[38;2;1;1;1m██[38;2;1;1;1m██[38;2;1;1;1m██[38;2;181;154;125m██[38;2;181;154;125m██[38;2;181;154;125m██[38;2;147;108;66m██[38;2;147;108;66m██[38;2;104;68;64m██[38;2;104;68;64m██[38;2;104;68;64m██[38;2;147;108;66m██[38;2;147;108;66m██[38;2;147;108;66m██[38;2;104;68;64m██[38;2;147;108;66m██[38;2;147;108;66m██[38;2;104;68;64m██[38;2;147;108;66m██[38;2;147;108;66m██[38;2;147;108;66m██[38;2;147;108;66m██[38;2;104;68;64m██[38;2;1;1;1m██                                              [38;2;50;29;35m██[38;2;181;154;125m██[38;2;181;154;125m██[38;2;181;154;125m██[38;2;104;68;64m██[38;2;181;154;125m██[38;2;181;154;125m██[38;2;104;68;64m██[38;2;181;154;125m██[38;2;133;117;80m██[38;2;181;154;125m██[38;2;133;117;80m██[38;2;181;154;125m██[38;2;104;68;64m██[38;2;1;1;1m██              
          [38;2;104;68;64m██[38;2;147;108;66m██[38;2;147;108;66m██[38;2;147;108;66m██[38;2;104;68;64m██[38;2;147;108;66m██[38;2;147;108;66m██[38;2;147;108;66m██[38;2;1;1;1m██  [38;2;1;1;1m██[38;2;1;1;1m██[38;2;1;1;1m██[38;2;1;1;1m██[38;2;147;108;66m██[38;2;147;108;66m██[38;2;104;68;64m██[38;2;104;68;64m██[38;2;104;68;64m██[38;2;147;108;66m██[38;2;147;108;66m██[38;2;1;1;1m██[38;2;147;108;66m██[38;2;147;108;66m██[38;2;147;108;66m██[38;2;104;68;64m██[38;2;147;108;66m██[38;2;147;108;66m██[38;2;147;108;66m██[38;2;104;68;64m██[38;2;1;1;1m██                                              [38;2;1;1;1m██[38;2;133;117;80m██[38;2;133;117;80m██[38;2;133;117;80m██[38;2;1;1;1m██[38;2;1;1;1m██[38;2;133;117;80m██[38;2;181;154;125m██[38;2;104;68;64m██[38;2;181;154;125m██[38;2;104;68;64m██[38;2;181;154;125m██[38;2;104;68;64m██[38;2;181;154;125m██[38;2;1;1;1m██              
        [38;2;104;68;64m██[38;2;147;108;66m██[38;2;147;108;66m██[38;2;147;108;66m██[38;2;104;68;64m██[38;2;147;108;66m██[38;2;147;108;66m██[38;2;147;108;66m██[38;2;1;1;1m██            [38;2;1;1;1m██[38;2;1;1;1m██[38;2;1;1;1m██[38;2;1;1;1m██[38;2;1;1;1m██[38;2;1;1;1m██[38;2;1;1;1m██[38;2;1;1;1m██[38;2;1;1;1m██[38;2;147;108;66m██[38;2;147;108;66m██[38;2;104;68;64m██[38;2;147;108;66m██[38;2;147;108;66m██[38;2;147;108;66m██[38;2;104;68;64m██[38;2;147;108;66m██[38;2;1;1;1m██                                              [38;2;1;1;1m██[38;2;1;1;1m██[38;2;1;1;1m██[38;2;1;1;1m██  [38;2;1;1;1m██[38;2;1;1;1m██[38;2;1;1;1m██[38;2;1;1;1m██[38;2;1;1;1m██[38;2;1;1;1m██[38;2;1;1;1m██[38;2;1;1;1m██                
        [38;2;104;68;64m██[38;2;147;108;66m██[38;2;147;108;66m██[38;2;147;108;66m██[38;2;104;68;64m██[38;2;147;108;66m██[38;2;147;108;66m██[38;2;147;108;66m██[38;2;1;1;1m██                            [38;2;1;1;1m██[38;2;147;108;66m██[38;2;147;108;66m██[38;2;147;108;66m██[38;2;104;68;64m██[38;2;147;108;66m██[38;2;147;108;66m██[38;2;147;108;66m██[38;2;147;108;66m██[38;2;1;1;1m██                                                                                        
        [38;2;104;68;64m██[38;2;147;108;66m██[38;2;147;108;66m██[38;2;147;108;66m██[38;2;147;108;66m██[38;2;147;108;66m██[38;2;1;1;1m██[38;2;1;1;1m██                                [38;2;1;1;1m██[38;2;147;108;66m██[38;2;147;108;66m██[38;2;104;68;64m██[38;2;147;108;66m██[38;2;147;108;66m██[38;2;147;108;66m██[38;2;147;108;66m██[38;2;1;1;1m██                                                                                        
          [38;2;1;1;1m██[38;2;1;1;1m██[38;2;1;1;1m██[38;2;1;1;1m██[38;2;1;1;1m██                                    [38;2;1;1;1m██[38;2;147;108;66m██[38;2;147;108;66m██[38;2;147;108;66m██[38;2;147;108;66m██[38;2;147;108;66m██[38;2;1;1;1m██[38;2;1;1;1m██                                                                                          
                                                          [38;2;1;1;1m██[38;2;1;1;1m██[38;2;1;1;1m██[38;2;1;1;1m██[38;2;1;1;1m██                                                                                              
