                    [38;2;131;77;30m██[38;2;131;77;30m██                                          
                    [38;2;131;77;30m██[38;2;242;168;18m██[38;2;131;77;30m██                          [38;2;131;77;30m██[38;2;131;77;30m██[38;2;131;77;30m██        
                    [38;2;131;77;30m██[38;2;242;168;18m██[38;2;242;168;18m██[38;2;131;77;30m██                    [38;2;131;77;30m██[38;2;131;77;30m██[38;2;242;168;18m██[38;2;242;168;18m██[38;2;131;77;30m██        
                    [38;2;131;77;30m██[38;2;242;168;18m██[38;2;242;168;18m██[38;2;242;168;18m██[38;2;131;77;30m██                [38;2;131;77;30m██[38;2;242;168;18m██[38;2;242;168;18m██[38;2;242;168;18m██[38;2;242;168;18m██[38;2;131;77;30m██        
                    [38;2;131;77;30m██[38;2;242;168;18m██[38;2;242;168;18m██[38;2;242;168;18m██[38;2;242;168;18m██[38;2;131;77;30m██            [38;2;131;77;30m██[38;2;242;168;18m██[38;2;242;168;18m██[38;2;242;168;18m██[38;2;242;168;18m██[38;2;242;168;18m██[38;2;131;77;30m██        
                    [38;2;131;77;30m██[38;2;242;168;18m██[38;2;242;168;18m██[38;2;242;168;18m██[38;2;255;222;43m██[38;2;255;222;43m██[38;2;131;77;30m██        [38;2;131;77;30m██[38;2;242;168;18m██[38;2;242;168;18m██[38;2;242;168;18m██[38;2;242;168;18m██[38;2;242;168;18m██[38;2;242;168;18m██[38;2;24;24;24m██        
                    [38;2;131;77;30m██[38;2;242;168;18m██[38;2;255;222;43m██[38;2;255;222;43m██[38;2;255;222;43m██[38;2;255;222;43m██[38;2;131;77;30m██      [38;2;131;77;30m██[38;2;255;222;43m██[38;2;255;222;43m██[38;2;242;168;18m██[38;2;242;168;18m██[38;2;242;168;18m██[38;2;242;168;18m██[38;2;242;168;18m██[38;2;24;24;24m██        
                    [38;2;131;77;30m██[38;2;255;222;43m██[38;2;255;222;43m██[38;2;255;222;43m██[38;2;254;234;120m██[38;2;245;244;237m██[38;2;199;198;180m██[38;2;145;144;128m██    [38;2;131;77;30m██[38;2;255;222;43m██[38;2;255;222;43m██[38;2;255;222;43m██[38;2;255;222;43m██[38;2;242;168;18m██[38;2;242;168;18m██[38;2;131;77;30m██          
                    [38;2;145;144;128m██[38;2;255;222;43m██[38;2;245;244;237m██[38;2;254;234;120m██[38;2;254;234;120m██[38;2;254;240;165m██[38;2;245;244;237m██[38;2;145;144;128m██  [38;2;145;144;128m██[38;2;245;244;237m██[38;2;245;244;237m██[38;2;254;234;120m██[38;2;255;222;43m██[38;2;255;222;43m██[38;2;255;222;43m██[38;2;242;168;18m██[38;2;24;24;24m██          
                      [38;2;145;144;128m██[38;2;245;244;237m██[38;2;254;234;120m██[38;2;254;234;120m██[38;2;254;234;120m██[38;2;245;244;237m██[38;2;199;198;180m██[38;2;145;144;128m██[38;2;145;144;128m██[38;2;245;244;237m██[38;2;254;240;165m██[38;2;254;234;120m██[38;2;254;234;120m██[38;2;254;234;120m██[38;2;255;222;43m██[38;2;24;24;24m██            
                      [38;2;145;144;128m██[38;2;245;244;237m██[38;2;245;244;237m██[38;2;254;234;120m██[38;2;254;234;120m██[38;2;254;240;165m██[38;2;245;244;237m██[38;2;145;144;128m██[38;2;245;244;237m██[38;2;245;244;237m██[38;2;254;234;120m██[38;2;254;234;120m██[38;2;254;234;120m██[38;2;245;244;237m██[38;2;245;244;237m██[38;2;24;24;24m██            
                      [38;2;145;144;128m██[38;2;245;244;237m██[38;2;245;244;237m██[38;2;254;240;165m██[38;2;254;234;120m██[38;2;254;234;120m██[38;2;245;244;237m██[38;2;145;144;128m██[38;2;245;244;237m██[38;2;254;240;165m██[38;2;254;234;120m██[38;2;254;234;120m██[38;2;245;244;237m██[38;2;245;244;237m██[38;2;24;24;24m██              
                        [38;2;145;144;128m██[38;2;245;244;237m██[38;2;245;244;237m██[38;2;254;234;120m██[38;2;254;234;120m██[38;2;245;244;237m██[38;2;245;244;237m██[38;2;245;244;237m██[38;2;254;234;120m██[38;2;254;234;120m██[38;2;245;244;237m██[38;2;245;244;237m██[38;2;145;144;128m██[38;2;145;144;128m██[38;2;145;144;128m██            
                        [38;2;145;144;128m██[38;2;199;198;180m██[38;2;245;244;237m██[38;2;245;244;237m██[38;2;254;234;120m██[38;2;199;198;180m██[38;2;245;244;237m██[38;2;245;244;237m██[38;2;254;234;120m██[38;2;245;244;237m██[38;2;245;244;237m██[38;2;245;244;237m██[38;2;245;244;237m██[38;2;199;198;180m██[38;2;24;24;24m██            
                          [38;2;145;144;128m██[38;2;199;198;180m██[38;2;245;244;237m██[38;2;245;244;237m██[38;2;199;198;180m██[38;2;245;244;237m██[38;2;245;244;237m██[38;2;245;244;237m██[38;2;245;244;237m██[38;2;245;244;237m██[38;2;199;198;180m██[38;2;24;24;24m██[38;2;24;24;24m██              
                        [38;2;145;144;128m██[38;2;145;144;128m██[38;2;145;144;128m██[38;2;199;198;180m██[38;2;199;198;180m██[38;2;199;198;180m██[38;2;245;244;237m██[38;2;245;244;237m██[38;2;145;144;128m██[38;2;145;144;128m██[38;2;24;24;24m██[38;2;24;24;24m██                  
                    [38;2;145;144;128m██[38;2;145;144;128m██[38;2;199;198;180m██[38;2;245;244;237m██[38;2;245;244;237m██[38;2;245;244;237m██[38;2;245;244;237m██[38;2;245;244;237m██[38;2;245;244;237m██[38;2;245;244;237m██[38;2;245;244;237m██[38;2;145;144;128m██[38;2;145;144;128m██                    
                  [38;2;145;144;128m██[38;2;199;198;180m██[38;2;245;244;237m██[38;2;245;244;237m██[38;2;245;244;237m██[38;2;245;244;237m██[38;2;245;244;237m██[38;2;245;244;237m██[38;2;245;244;237m██[38;2;245;244;237m██[38;2;245;244;237m██[38;2;245;244;237m██[38;2;245;244;237m██[38;2;199;198;180m██[38;2;145;144;128m██                  
      [38;2;145;144;128m██[38;2;145;144;128m██      [38;2;145;144;128m██[38;2;245;244;237m██[38;2;245;244;237m██[38;2;245;244;237m██[38;2;245;244;237m██[38;2;245;244;237m██[38;2;245;244;237m██[38;2;245;244;237m██[38;2;245;244;237m██[38;2;245;244;237m██[38;2;245;244;237m██[38;2;245;244;237m██[38;2;245;244;237m██[38;2;245;244;237m██[38;2;245;244;237m██[38;2;199;198;180m██[38;2;145;144;128m██                
      [38;2;145;144;128m██[38;2;245;244;237m██[38;2;145;144;128m██  [38;2;145;144;128m██[38;2;245;244;237m██[38;2;245;244;237m██[38;2;245;244;237m██[38;2;245;244;237m██[38;2;245;244;237m██[38;2;245;244;237m██[38;2;245;244;237m██[38;2;245;244;237m██[38;2;245;244;237m██[38;2;245;244;237m██[38;2;245;244;237m██[38;2;245;244;237m██[38;2;245;244;237m██[38;2;245;244;237m██[38;2;245;244;237m██[38;2;245;244;237m██[38;2;145;144;128m██                
[38;2;145;144;128m██[38;2;145;144;128m██  [38;2;145;144;128m██[38;2;245;244;237m██[38;2;245;244;237m██[38;2;145;144;128m██[38;2;145;144;128m██[38;2;245;244;237m██[38;2;245;244;237m██[38;2;245;244;237m██[38;2;245;244;237m██[38;2;254;234;120m██[38;2;254;234;120m██[38;2;254;240;165m██[38;2;254;240;165m██[38;2;245;244;237m██[38;2;245;244;237m██[38;2;245;244;237m██[38;2;245;244;237m██[38;2;245;244;237m██[38;2;245;244;237m██[38;2;245;244;237m██[38;2;245;244;237m██[38;2;245;244;237m██[38;2;145;144;128m██    [38;2;145;144;128m██[38;2;145;144;128m██      
[38;2;145;144;128m██[38;2;245;244;237m██[38;2;145;144;128m██[38;2;145;144;128m██[38;2;199;198;180m██[38;2;245;244;237m██[38;2;245;244;237m██[38;2;245;244;237m██[38;2;245;244;237m██[38;2;199;198;180m██[38;2;24;24;24m██[38;2;199;198;180m██[38;2;254;234;120m██[38;2;254;234;120m██[38;2;254;234;120m██[38;2;254;234;120m██[38;2;254;234;120m██[38;2;254;234;120m██[38;2;245;244;237m██[38;2;245;244;237m██[38;2;245;244;237m██[38;2;245;244;237m██[38;2;245;244;237m██[38;2;245;244;237m██[38;2;245;244;237m██[38;2;145;144;128m██  [38;2;145;144;128m██[38;2;245;244;237m██[38;2;145;144;128m██      
  [38;2;145;144;128m██[38;2;245;244;237m██[38;2;245;244;237m██[38;2;199;198;180m██[38;2;145;144;128m██[38;2;245;244;237m██[38;2;245;244;237m██[38;2;245;244;237m██[38;2;24;24;24m██[38;2;251;251;251m██[38;2;24;24;24m██[38;2;254;234;120m██[38;2;254;234;120m██[38;2;254;234;120m██[38;2;254;234;120m██[38;2;254;234;120m██[38;2;254;234;120m██[38;2;245;244;237m██[38;2;199;198;180m██[38;2;24;24;24m██[38;2;199;198;180m██[38;2;245;244;237m██[38;2;245;244;237m██[38;2;245;244;237m██[38;2;145;144;128m██[38;2;145;144;128m██[38;2;245;244;237m██[38;2;245;244;237m██[38;2;145;144;128m██  [38;2;145;144;128m██[38;2;145;144;128m██
  [38;2;24;24;24m██[38;2;199;198;180m██[38;2;245;244;237m██[38;2;245;244;237m██[38;2;245;244;237m██[38;2;245;244;237m██[38;2;245;244;237m██[38;2;245;244;237m██[38;2;24;24;24m██[38;2;242;168;18m██[38;2;24;24;24m██[38;2;254;234;120m██[38;2;254;234;120m██[38;2;254;234;120m██[38;2;254;234;120m██[38;2;254;234;120m██[38;2;254;234;120m██[38;2;245;244;237m██[38;2;24;24;24m██[38;2;251;251;251m██[38;2;24;24;24m██[38;2;245;244;237m██[38;2;245;244;237m██[38;2;245;244;237m██[38;2;145;144;128m██[38;2;245;244;237m██[38;2;245;244;237m██[38;2;199;198;180m██[38;2;145;144;128m██[38;2;145;144;128m██[38;2;245;244;237m██[38;2;145;144;128m██
    [38;2;24;24;24m██[38;2;24;24;24m██[38;2;245;244;237m██[38;2;245;244;237m██[38;2;145;144;128m██[38;2;245;244;237m██[38;2;245;244;237m██[38;2;199;198;180m██[38;2;24;24;24m██[38;2;199;198;180m██[38;2;245;244;237m██[38;2;255;172;116m██[38;2;255;172;116m██[38;2;255;172;116m██[38;2;254;234;120m██[38;2;254;234;120m██[38;2;245;244;237m██[38;2;24;24;24m██[38;2;242;168;18m██[38;2;24;24;24m██[38;2;245;244;237m██[38;2;245;244;237m██[38;2;245;244;237m██[38;2;245;244;237m██[38;2;245;244;237m██[38;2;145;144;128m██[38;2;199;198;180m██[38;2;245;244;237m██[38;2;245;244;237m██[38;2;145;144;128m██  
        [38;2;24;24;24m██[38;2;24;24;24m██[38;2;24;24;24m██[38;2;199;198;180m██[38;2;245;244;237m██[38;2;245;244;237m██[38;2;245;244;237m██[38;2;245;244;237m██[38;2;245;244;237m██[38;2;245;244;237m██[38;2;255;172;116m██[38;2;255;172;116m██[38;2;245;244;237m██[38;2;245;244;237m██[38;2;245;244;237m██[38;2;199;198;180m██[38;2;24;24;24m██[38;2;199;198;180m██[38;2;245;244;237m██[38;2;245;244;237m██[38;2;199;198;180m██[38;2;245;244;237m██[38;2;245;244;237m██[38;2;245;244;237m██[38;2;245;244;237m██[38;2;245;244;237m██[38;2;199;198;180m██[38;2;24;24;24m██  
              [38;2;24;24;24m██[38;2;245;244;237m██[38;2;245;244;237m██[38;2;245;244;237m██[38;2;245;244;237m██[38;2;145;144;128m██[38;2;245;244;237m██[38;2;199;198;180m██[38;2;245;244;237m██[38;2;245;244;237m██[38;2;145;144;128m██[38;2;245;244;237m██[38;2;245;244;237m██[38;2;245;244;237m██[38;2;245;244;237m██[38;2;245;244;237m██[38;2;245;244;237m██[38;2;199;198;180m██[38;2;145;144;128m██[38;2;245;244;237m██[38;2;245;244;237m██[38;2;245;244;237m██[38;2;24;24;24m██[38;2;24;24;24m██    
                [38;2;24;24;24m██[38;2;245;244;237m██[38;2;245;244;237m██[38;2;245;244;237m██[38;2;245;244;237m██[38;2;199;198;180m██[38;2;145;144;128m██[38;2;145;144;128m██[38;2;199;198;180m██[38;2;245;244;237m██[38;2;245;244;237m██[38;2;245;244;237m██[38;2;245;244;237m██[38;2;245;244;237m██[38;2;199;198;180m██[38;2;199;198;180m██[38;2;24;24;24m██[38;2;24;24;24m██[38;2;24;24;24m██[38;2;24;24;24m██[38;2;24;24;24m██        
                  [38;2;24;24;24m██[38;2;199;198;180m██[38;2;245;244;237m██[38;2;245;244;237m██[38;2;245;244;237m██[38;2;245;244;237m██[38;2;245;244;237m██[38;2;245;244;237m██[38;2;245;244;237m██[38;2;245;244;237m██[38;2;199;198;180m██[38;2;199;198;180m██[38;2;199;198;180m██[38;2;199;198;180m██[38;2;24;24;24m██                  
                    [38;2;24;24;24m██[38;2;24;24;24m██[38;2;199;198;180m██[38;2;199;198;180m██[38;2;199;198;180m██[38;2;199;198;180m██[38;2;199;198;180m██[38;2;199;198;180m██[38;2;199;198;180m██[38;2;199;198;180m██[38;2;199;198;180m██[38;2;24;24;24m██[38;2;24;24;24m██                    
                        [38;2;24;24;24m██[38;2;145;144;128m██[38;2;199;198;180m██[38;2;199;198;180m██[38;2;199;198;180m██[38;2;199;198;180m██[38;2;145;144;128m██[38;2;24;24;24m██[38;2;24;24;24m██                        
                        [38;2;131;77;30m██[38;2;209;125;44m██[38;2;199;198;180m██[38;2;199;198;180m██[38;2;199;198;180m██[38;2;209;125;44m██[38;2;209;125;44m██[38;2;131;77;30m██                          
                    [38;2;145;144;128m██[38;2;145;144;128m██[38;2;131;77;30m██[38;2;242;168;18m██[38;2;242;168;18m██[38;2;199;198;180m██[38;2;242;168;18m██[38;2;242;168;18m██[38;2;131;77;30m██[38;2;145;144;128m██[38;2;145;144;128m██[38;2;145;144;128m██[38;2;145;144;128m██                    
                [38;2;145;144;128m██[38;2;145;144;128m██[38;2;245;244;237m██[38;2;199;198;180m██[38;2;145;144;128m██[38;2;199;198;180m██[38;2;245;244;237m██[38;2;245;244;237m██[38;2;245;244;237m██[38;2;245;244;237m██[38;2;199;198;180m██[38;2;199;198;180m██[38;2;199;198;180m██[38;2;245;244;237m██[38;2;245;244;237m██[38;2;145;144;128m██[38;2;145;144;128m██                
              [38;2;145;144;128m██[38;2;245;244;237m██[38;2;245;244;237m██[38;2;145;144;128m██[38;2;24;24;24m██[38;2;145;144;128m██[38;2;245;244;237m██[38;2;245;244;237m██[38;2;245;244;237m██[38;2;245;244;237m██[38;2;245;244;237m██[38;2;245;244;237m██[38;2;145;144;128m██[38;2;24;24;24m██[38;2;24;24;24m██[38;2;145;144;128m██[38;2;245;244;237m██[38;2;245;244;237m██[38;2;145;144;128m██              
              [38;2;145;144;128m██[38;2;245;244;237m██[38;2;245;244;237m██[38;2;145;144;128m██  [38;2;145;144;128m██[38;2;245;244;237m██[38;2;245;244;237m██[38;2;245;244;237m██[38;2;245;244;237m██[38;2;245;244;237m██[38;2;245;244;237m██[38;2;245;244;237m██[38;2;24;24;24m██  [38;2;145;144;128m██[38;2;245;244;237m██[38;2;245;244;237m██[38;2;145;144;128m██              
              [38;2;145;144;128m██[38;2;245;244;237m██[38;2;245;244;237m██[38;2;245;244;237m██[38;2;145;144;128m██[38;2;245;244;237m██[38;2;245;244;237m██[38;2;245;244;237m██[38;2;245;244;237m██[38;2;245;244;237m██[38;2;245;244;237m██[38;2;245;244;237m██[38;2;245;244;237m██[38;2;24;24;24m██[38;2;145;144;128m██[38;2;245;244;237m██[38;2;245;244;237m██[38;2;245;244;237m██[38;2;145;144;128m██              
              [38;2;145;144;128m██[38;2;245;244;237m██[38;2;245;244;237m██[38;2;245;244;237m██[38;2;145;144;128m██[38;2;245;244;237m██[38;2;245;244;237m██[38;2;245;244;237m██[38;2;245;244;237m██[38;2;245;244;237m██[38;2;245;244;237m██[38;2;245;244;237m██[38;2;245;244;237m██[38;2;24;24;24m██[38;2;145;144;128m██[38;2;245;244;237m██[38;2;245;244;237m██[38;2;245;244;237m██[38;2;145;144;128m██              
                [38;2;145;144;128m██[38;2;245;244;237m██[38;2;245;244;237m██[38;2;24;24;24m██[38;2;199;198;180m██[38;2;245;244;237m██[38;2;245;244;237m██[38;2;245;244;237m██[38;2;245;244;237m██[38;2;245;244;237m██[38;2;245;244;237m██[38;2;199;198;180m██[38;2;24;24;24m██[38;2;245;244;237m██[38;2;245;244;237m██[38;2;245;244;237m██[38;2;24;24;24m██                
                [38;2;145;144;128m██[38;2;245;244;237m██[38;2;245;244;237m██[38;2;24;24;24m██[38;2;199;198;180m██[38;2;199;198;180m██[38;2;199;198;180m██[38;2;199;198;180m██[38;2;199;198;180m██[38;2;199;198;180m██[38;2;199;198;180m██[38;2;199;198;180m██[38;2;24;24;24m██[38;2;245;244;237m██[38;2;245;244;237m██[38;2;199;198;180m██[38;2;24;24;24m██                
              [38;2;24;24;24m██[38;2;245;244;237m██[38;2;145;144;128m██[38;2;199;198;180m██[38;2;24;24;24m██[38;2;145;144;128m██[38;2;199;198;180m██[38;2;199;198;180m██[38;2;199;198;180m██[38;2;199;198;180m██[38;2;199;198;180m██[38;2;199;198;180m██[38;2;24;24;24m██[38;2;24;24;24m██[38;2;145;144;128m██[38;2;245;244;237m██[38;2;145;144;128m██                  
              [38;2;24;24;24m██[38;2;199;198;180m██[38;2;145;144;128m██[38;2;24;24;24m██  [38;2;24;24;24m██[38;2;199;198;180m██[38;2;145;144;128m██[38;2;24;24;24m██[38;2;24;24;24m██[38;2;24;24;24m██[38;2;145;144;128m██[38;2;199;198;180m██[38;2;24;24;24m██[38;2;145;144;128m██[38;2;199;198;180m██[38;2;24;24;24m██                  
                [38;2;24;24;24m██[38;2;24;24;24m██    [38;2;24;24;24m██[38;2;199;198;180m██[38;2;24;24;24m██      [38;2;24;24;24m██[38;2;199;198;180m██[38;2;145;144;128m██[38;2;24;24;24m██[38;2;24;24;24m██                    
                          [38;2;145;144;128m██[38;2;199;198;180m██[38;2;24;24;24m██  [38;2;24;24;24m██[38;2;199;198;180m██[38;2;145;144;128m██                          
                          [38;2;145;144;128m██[38;2;199;198;180m██[38;2;245;244;237m██[38;2;24;24;24m██[38;2;245;244;237m██[38;2;199;198;180m██[38;2;145;144;128m██                          
                  [38;2;145;144;128m██[38;2;145;144;128m██[38;2;145;144;128m██[38;2;145;144;128m██[38;2;245;244;237m██[38;2;245;244;237m██[38;2;245;244;237m██[38;2;145;144;128m██[38;2;245;244;237m██[38;2;245;244;237m██[38;2;245;244;237m██[38;2;145;144;128m██[38;2;145;144;128m██[38;2;145;144;128m██[38;2;145;144;128m██                  
              [38;2;131;77;30m██[38;2;209;125;44m██[38;2;255;222;43m██[38;2;255;222;43m██[38;2;255;222;43m██[38;2;245;244;237m██[38;2;245;244;237m██[38;2;245;244;237m██[38;2;199;198;180m██[38;2;24;24;24m██[38;2;145;144;128m██[38;2;245;244;237m██[38;2;245;244;237m██[38;2;245;244;237m██[38;2;245;244;237m██[38;2;255;222;43m██[38;2;255;222;43m██[38;2;209;125;44m██[38;2;131;77;30m██              
            [38;2;131;77;30m██[38;2;242;168;18m██[38;2;209;125;44m██[38;2;242;168;18m██[38;2;209;125;44m██[38;2;242;168;18m██[38;2;255;222;43m██[38;2;245;244;237m██[38;2;199;198;180m██[38;2;24;24;24m██[38;2;24;24;24m██[38;2;24;24;24m██[38;2;199;198;180m██[38;2;245;244;237m██[38;2;245;244;237m██[38;2;255;222;43m██[38;2;209;125;44m██[38;2;242;168;18m██[38;2;209;125;44m██[38;2;242;168;18m██[38;2;131;77;30m██            
            [38;2;131;77;30m██[38;2;209;125;44m██[38;2;242;168;18m██[38;2;242;168;18m██[38;2;209;125;44m██[38;2;242;168;18m██[38;2;242;168;18m██[38;2;255;222;43m██[38;2;24;24;24m██      [38;2;24;24;24m██[38;2;199;198;180m██[38;2;255;222;43m██[38;2;242;168;18m██[38;2;209;125;44m██[38;2;242;168;18m██[38;2;242;168;18m██[38;2;209;125;44m██[38;2;131;77;30m██            
            [38;2;131;77;30m██[38;2;131;77;30m██[38;2;242;168;18m██[38;2;242;168;18m██[38;2;131;77;30m██[38;2;242;168;18m██[38;2;24;24;24m██[38;2;24;24;24m██          [38;2;24;24;24m██[38;2;24;24;24m██[38;2;242;168;18m██[38;2;131;77;30m██[38;2;242;168;18m██[38;2;242;168;18m██[38;2;131;77;30m██[38;2;131;77;30m██            
              [38;2;24;24;24m██[38;2;24;24;24m██[38;2;24;24;24m██[38;2;24;24;24m██[38;2;24;24;24m██                  [38;2;24;24;24m██[38;2;24;24;24m██[38;2;24;24;24m██[38;2;24;24;24m██[38;2;24;24;24m██              
