                                                        [38;2;0;62;106m██[38;2;0;62;106m██[38;2;136;99;43m██[38;2;136;99;43m██                                                
                                                    [38;2;0;62;106m██[38;2;0;62;106m██[38;2;28;123;193m██[38;2;233;205;95m██[38;2;242;248;137m██[38;2;242;248;137m██[38;2;136;99;43m██                                              
                                                  [38;2;0;62;106m██[38;2;28;123;193m██[38;2;28;123;193m██[38;2;233;205;95m██[38;2;242;248;137m██[38;2;242;248;137m██[38;2;242;248;137m██[38;2;242;248;137m██[38;2;136;99;43m██                                            
                                                [38;2;0;62;106m██[38;2;28;123;193m██[38;2;28;123;193m██[38;2;233;205;95m██[38;2;242;248;137m██[38;2;242;248;137m██[38;2;242;248;137m██[38;2;242;248;137m██[38;2;242;248;137m██[38;2;136;99;43m██                                            
                                                [38;2;0;62;106m██[38;2;28;123;193m██[38;2;233;205;95m██[38;2;242;248;137m██[38;2;242;248;137m██[38;2;242;248;137m██[38;2;242;248;137m██[38;2;242;248;137m██[38;2;242;248;137m██[38;2;136;99;43m██                                            
                                              [38;2;0;62;106m██[38;2;28;123;193m██[38;2;28;123;193m██[38;2;242;248;137m██[38;2;242;248;137m██[38;2;242;248;137m██[38;2;242;248;137m██[38;2;242;248;137m██[38;2;242;248;137m██[38;2;136;99;43m██                                              
                                              [38;2;0;62;106m██[38;2;28;123;193m██[38;2;233;205;95m██[38;2;242;248;137m██[38;2;242;248;137m██[38;2;242;248;137m██[38;2;242;248;137m██[38;2;242;248;137m██[38;2;242;248;137m██[38;2;136;99;43m██                                              
                                            [38;2;0;62;106m██[38;2;28;123;193m██[38;2;28;123;193m██[38;2;242;248;137m██[38;2;242;248;137m██[38;2;242;248;137m██[38;2;242;248;137m██[38;2;242;248;137m██[38;2;242;248;137m██[38;2;136;99;43m██                                                
                                            [38;2;0;62;106m██[38;2;28;123;193m██[38;2;233;205;95m██[38;2;242;248;137m██[38;2;242;248;137m██[38;2;242;248;137m██[38;2;242;248;137m██[38;2;242;248;137m██[38;2;136;99;43m██                                                  
                                            [38;2;0;62;106m██[38;2;28;123;193m██[38;2;233;205;95m██[38;2;242;248;137m██[38;2;242;248;137m██[38;2;242;248;137m██[38;2;242;248;137m██[38;2;242;248;137m██[38;2;136;99;43m██                                                  
                                          [38;2;0;62;106m██[38;2;28;123;193m██[38;2;28;123;193m██[38;2;233;205;95m██[38;2;242;248;137m██[38;2;242;248;137m██[38;2;242;248;137m██[38;2;242;248;137m██[38;2;242;248;137m██[38;2;242;248;137m██[38;2;136;99;43m██                                                
                                          [38;2;0;62;106m██[38;2;28;123;193m██[38;2;28;123;193m██[38;2;233;205;95m██[38;2;242;248;137m██[38;2;242;248;137m██[38;2;242;248;137m██[38;2;242;248;137m██[38;2;242;248;137m██[38;2;242;248;137m██[38;2;233;205;95m██[38;2;136;99;43m██                                              
                                        [38;2;0;62;106m██[38;2;28;123;193m██[38;2;28;123;193m██[38;2;28;123;193m██[38;2;28;123;193m██[38;2;233;205;95m██[38;2;242;248;137m██[38;2;242;248;137m██[38;2;242;248;137m██[38;2;242;248;137m██[38;2;242;248;137m██[38;2;233;205;95m██[38;2;136;99;43m██                                              
                                      [38;2;0;62;106m██[38;2;28;123;193m██[38;2;28;123;193m██[38;2;1;89;154m██[38;2;1;89;154m██[38;2;1;89;154m██[38;2;1;89;154m██[38;2;242;248;137m██[38;2;242;248;137m██[38;2;242;248;137m██[38;2;242;248;137m██[38;2;233;205;95m██[38;2;233;205;95m██[38;2;136;99;43m██                                              
                                    [38;2;0;62;106m██[38;2;28;123;193m██[38;2;84;155;195m██[38;2;84;155;195m██[38;2;156;210;226m██[38;2;156;210;226m██[38;2;156;210;226m██[38;2;156;210;226m██[38;2;0;62;106m██[38;2;0;62;106m██[38;2;233;205;95m██[38;2;233;205;95m██[38;2;233;205;95m██[38;2;136;99;43m██                                                
                                [38;2;136;99;43m██[38;2;0;62;106m██[38;2;28;123;193m██[38;2;84;155;195m██[38;2;156;210;226m██[38;2;156;210;226m██[38;2;136;99;43m██[38;2;136;99;43m██[38;2;136;99;43m██[38;2;156;210;226m██[38;2;156;210;226m██[38;2;84;155;195m██[38;2;0;62;106m██[38;2;233;205;95m██[38;2;233;205;95m██[38;2;136;99;43m██                                                
                              [38;2;136;99;43m██[38;2;233;205;95m██[38;2;1;89;154m██[38;2;1;89;154m██[38;2;156;210;226m██[38;2;156;210;226m██[38;2;136;99;43m██[38;2;242;248;137m██[38;2;242;248;137m██[38;2;242;248;137m██[38;2;136;99;43m██[38;2;156;210;226m██[38;2;156;210;226m██[38;2;0;62;106m██[38;2;233;205;95m██[38;2;136;99;43m██                                                  
                            [38;2;136;99;43m██[38;2;242;248;137m██[38;2;156;210;226m██[38;2;1;89;154m██[38;2;156;210;226m██[38;2;156;210;226m██[38;2;136;99;43m██[38;2;242;248;137m██[38;2;242;248;137m██[38;2;242;248;137m██[38;2;242;248;137m██[38;2;242;248;137m██[38;2;136;99;43m██[38;2;156;210;226m██[38;2;156;210;226m██[38;2;0;62;106m██[38;2;136;99;43m██                                                  
                          [38;2;136;99;43m██[38;2;242;248;137m██[38;2;233;205;95m██[38;2;156;210;226m██[38;2;156;210;226m██[38;2;156;210;226m██[38;2;156;210;226m██[38;2;136;99;43m██[38;2;242;248;137m██[38;2;242;248;137m██[38;2;242;248;137m██[38;2;242;248;137m██[38;2;233;205;95m██[38;2;136;99;43m██[38;2;156;210;226m██[38;2;156;210;226m██[38;2;0;62;106m██[38;2;136;99;43m██                                                  
                          [38;2;136;99;43m██[38;2;242;248;137m██[38;2;156;210;226m██[38;2;156;210;226m██[38;2;156;210;226m██[38;2;156;210;226m██[38;2;136;99;43m██[38;2;242;248;137m██[38;2;233;205;95m██[38;2;253;253;253m██[38;2;227;163;43m██[38;2;253;253;253m██[38;2;16;16;16m██[38;2;0;62;106m██[38;2;156;210;226m██[38;2;156;210;226m██[38;2;0;62;106m██[38;2;233;205;95m██[38;2;136;99;43m██                                                
                          [38;2;136;99;43m██[38;2;0;62;106m██[38;2;156;210;226m██[38;2;156;210;226m██[38;2;156;210;226m██[38;2;156;210;226m██[38;2;136;99;43m██[38;2;253;253;253m██[38;2;227;163;43m██[38;2;253;253;253m██[38;2;227;163;43m██[38;2;253;253;253m██[38;2;16;16;16m██[38;2;156;210;226m██[38;2;156;210;226m██[38;2;156;210;226m██[38;2;0;62;106m██[38;2;233;205;95m██[38;2;136;99;43m██                                                
                            [38;2;0;62;106m██[38;2;156;210;226m██[38;2;156;210;226m██[38;2;156;210;226m██[38;2;84;155;195m██[38;2;84;155;195m██[38;2;156;210;226m██[38;2;227;163;43m██[38;2;227;163;43m██[38;2;253;253;253m██[38;2;16;16;16m██[38;2;156;210;226m██[38;2;156;210;226m██[38;2;156;210;226m██[38;2;84;155;195m██[38;2;0;62;106m██[38;2;233;205;95m██[38;2;242;248;137m██[38;2;136;99;43m██                                              
                          [38;2;0;62;106m██[38;2;156;210;226m██[38;2;156;210;226m██[38;2;84;155;195m██[38;2;84;155;195m██[38;2;156;210;226m██[38;2;156;210;226m██[38;2;156;210;226m██[38;2;156;210;226m██[38;2;156;210;226m██[38;2;156;210;226m██[38;2;156;210;226m██[38;2;0;62;106m██[38;2;156;210;226m██[38;2;156;210;226m██[38;2;0;62;106m██[38;2;233;205;95m██[38;2;233;205;95m██[38;2;242;248;137m██[38;2;242;248;137m██[38;2;136;99;43m██                                            
                          [38;2;0;62;106m██[38;2;84;155;195m██[38;2;84;155;195m██[38;2;156;210;226m██[38;2;156;210;226m██[38;2;156;210;226m██[38;2;156;210;226m██[38;2;156;210;226m██[38;2;156;210;226m██[38;2;156;210;226m██[38;2;84;155;195m██[38;2;0;62;106m██[38;2;156;210;226m██[38;2;156;210;226m██[38;2;84;155;195m██[38;2;16;16;16m██[38;2;233;205;95m██[38;2;233;205;95m██[38;2;233;205;95m██[38;2;242;248;137m██[38;2;242;248;137m██[38;2;136;99;43m██                                          
  [38;2;49;48;47m██[38;2;49;48;47m██                    [38;2;0;62;106m██[38;2;156;210;226m██[38;2;0;62;106m██[38;2;156;210;226m██[38;2;156;210;226m██[38;2;156;210;226m██[38;2;156;210;226m██[38;2;84;155;195m██[38;2;0;62;106m██[38;2;0;62;106m██[38;2;156;210;226m██[38;2;156;210;226m██[38;2;156;210;226m██[38;2;84;155;195m██[38;2;16;16;16m██[38;2;233;205;95m██[38;2;233;205;95m██[38;2;233;205;95m██[38;2;233;205;95m██[38;2;233;205;95m██[38;2;242;248;137m██[38;2;136;99;43m██                                          
  [38;2;49;48;47m██[38;2;100;101;101m██[38;2;49;48;47m██                  [38;2;0;62;106m██[38;2;156;210;226m██[38;2;156;210;226m██[38;2;156;210;226m██[38;2;84;155;195m██[38;2;0;62;106m██[38;2;0;62;106m██[38;2;156;210;226m██[38;2;156;210;226m██[38;2;156;210;226m██[38;2;0;62;106m██[38;2;0;62;106m██[38;2;84;155;195m██[38;2;0;62;106m██[38;2;233;205;95m██[38;2;233;205;95m██[38;2;233;205;95m██[38;2;233;205;95m██[38;2;233;205;95m██[38;2;233;205;95m██[38;2;242;248;137m██[38;2;16;16;16m██                                          
  [38;2;49;48;47m██[38;2;100;101;101m██[38;2;49;48;47m██                    [38;2;0;62;106m██[38;2;0;62;106m██[38;2;0;62;106m██[38;2;16;16;16m██[38;2;16;16;16m██[38;2;16;16;16m██[38;2;16;16;16m██[38;2;16;16;16m██[38;2;16;16;16m██[38;2;0;62;106m██[38;2;84;155;195m██[38;2;84;155;195m██[38;2;16;16;16m██[38;2;233;205;95m██[38;2;233;205;95m██[38;2;233;205;95m██[38;2;233;205;95m██[38;2;233;205;95m██[38;2;16;16;16m██[38;2;16;16;16m██                                            
  [38;2;49;48;47m██[38;2;100;101;101m██[38;2;100;101;101m██[38;2;49;48;47m██                                    [38;2;16;16;16m██[38;2;84;155;195m██[38;2;1;89;154m██[38;2;16;16;16m██[38;2;233;205;95m██[38;2;233;205;95m██[38;2;233;205;95m██[38;2;16;16;16m██[38;2;16;16;16m██                                                
    [38;2;16;16;16m██[38;2;100;101;101m██[38;2;49;48;47m██      [38;2;49;48;47m██[38;2;49;48;47m██                          [38;2;16;16;16m██[38;2;1;89;154m██[38;2;1;89;154m██[38;2;0;62;106m██[38;2;233;205;95m██[38;2;233;205;95m██[38;2;16;16;16m██                                                    
  [38;2;49;48;47m██[38;2;49;48;47m██[38;2;49;48;47m██[38;2;100;101;101m██[38;2;49;48;47m██  [38;2;49;48;47m██[38;2;100;101;101m██[38;2;49;48;47m██                        [38;2;0;62;106m██[38;2;1;89;154m██[38;2;1;89;154m██[38;2;1;89;154m██[38;2;0;62;106m██[38;2;233;205;95m██[38;2;136;99;43m██                                                      
[38;2;49;48;47m██[38;2;100;101;101m██[38;2;74;74;77m██[38;2;16;16;16m██[38;2;100;101;101m██[38;2;74;74;77m██[38;2;49;48;47m██[38;2;49;48;47m██[38;2;100;101;101m██[38;2;49;48;47m██                        [38;2;0;62;106m██[38;2;1;89;154m██[38;2;1;89;154m██[38;2;1;89;154m██[38;2;0;62;106m██[38;2;233;205;95m██[38;2;16;16;16m██                                                      
[38;2;49;48;47m██[38;2;100;101;101m██[38;2;49;48;47m██[38;2;74;74;77m██[38;2;16;16;16m██[38;2;74;74;77m██[38;2;74;74;77m██[38;2;49;48;47m██[38;2;100;101;101m██[38;2;100;101;101m██[38;2;16;16;16m██                    [38;2;0;62;106m██[38;2;0;62;106m██[38;2;28;123;193m██[38;2;1;89;154m██[38;2;1;89;154m██[38;2;0;62;106m██[38;2;0;62;106m██                                                        
[38;2;49;48;47m██[38;2;100;101;101m██[38;2;16;16;16m██[38;2;74;74;77m██[38;2;74;74;77m██[38;2;74;74;77m██[38;2;74;74;77m██[38;2;74;74;77m██[38;2;74;74;77m██[38;2;100;101;101m██[38;2;16;16;16m██                  [38;2;0;62;106m██[38;2;84;155;195m██[38;2;0;62;106m██[38;2;28;123;193m██[38;2;1;89;154m██[38;2;1;89;154m██[38;2;156;210;226m██[38;2;156;210;226m██[38;2;0;62;106m██                                                      
[38;2;49;48;47m██[38;2;16;16;16m██[38;2;16;16;16m██[38;2;16;16;16m██[38;2;74;74;77m██[38;2;49;48;47m██[38;2;74;74;77m██[38;2;74;74;77m██[38;2;74;74;77m██[38;2;100;101;101m██[38;2;16;16;16m██                [38;2;0;62;106m██[38;2;156;210;226m██[38;2;0;62;106m██[38;2;28;123;193m██[38;2;28;123;193m██[38;2;1;89;154m██[38;2;1;89;154m██[38;2;84;155;195m██[38;2;156;210;226m██[38;2;156;210;226m██[38;2;0;62;106m██                                                    
  [38;2;49;48;47m██[38;2;100;101;101m██[38;2;49;48;47m██[38;2;16;16;16m██[38;2;49;48;47m██[38;2;74;74;77m██[38;2;74;74;77m██[38;2;74;74;77m██[38;2;16;16;16m██                [38;2;0;62;106m██[38;2;156;210;226m██[38;2;156;210;226m██[38;2;0;62;106m██[38;2;28;123;193m██[38;2;28;123;193m██[38;2;28;123;193m██[38;2;1;89;154m██[38;2;0;62;106m██[38;2;84;155;195m██[38;2;156;210;226m██[38;2;156;210;226m██[38;2;0;62;106m██                                                  
    [38;2;16;16;16m██[38;2;74;74;77m██[38;2;49;48;47m██[38;2;16;16;16m██[38;2;74;74;77m██[38;2;74;74;77m██[38;2;49;48;47m██[38;2;16;16;16m██              [38;2;0;62;106m██[38;2;156;210;226m██[38;2;156;210;226m██[38;2;16;16;16m██[38;2;1;89;154m██[38;2;28;123;193m██[38;2;28;123;193m██[38;2;28;123;193m██[38;2;1;89;154m██[38;2;16;16;16m██[38;2;16;16;16m██[38;2;0;62;106m██[38;2;156;210;226m██[38;2;156;210;226m██[38;2;0;62;106m██                                                
    [38;2;16;16;16m██[38;2;16;16;16m██[38;2;16;16;16m██  [38;2;16;16;16m██[38;2;16;16;16m██[38;2;74;74;77m██[38;2;74;74;77m██[38;2;49;48;47m██          [38;2;0;62;106m██[38;2;156;210;226m██[38;2;156;210;226m██[38;2;16;16;16m██[38;2;0;62;106m██[38;2;28;123;193m██[38;2;28;123;193m██[38;2;28;123;193m██[38;2;28;123;193m██[38;2;1;89;154m██[38;2;16;16;16m██[38;2;233;205;95m██[38;2;16;16;16m██[38;2;0;62;106m██[38;2;156;210;226m██[38;2;156;210;226m██[38;2;0;62;106m██                                              
                [38;2;16;16;16m██[38;2;74;74;77m██[38;2;156;210;226m██[38;2;0;62;106m██      [38;2;0;62;106m██[38;2;156;210;226m██[38;2;156;210;226m██[38;2;16;16;16m██  [38;2;0;62;106m██[38;2;28;123;193m██[38;2;28;123;193m██[38;2;28;123;193m██[38;2;28;123;193m██[38;2;1;89;154m██[38;2;16;16;16m██[38;2;233;205;95m██[38;2;233;205;95m██[38;2;16;16;16m██[38;2;0;62;106m██[38;2;156;210;226m██[38;2;156;210;226m██[38;2;0;62;106m██                                            
                  [38;2;16;16;16m██[38;2;84;155;195m██[38;2;156;210;226m██[38;2;0;62;106m██[38;2;0;62;106m██[38;2;0;62;106m██[38;2;156;210;226m██[38;2;156;210;226m██[38;2;16;16;16m██    [38;2;0;62;106m██[38;2;28;123;193m██[38;2;28;123;193m██[38;2;28;123;193m██[38;2;28;123;193m██[38;2;1;89;154m██[38;2;16;16;16m██[38;2;233;205;95m██[38;2;233;205;95m██[38;2;16;16;16m██  [38;2;0;62;106m██[38;2;156;210;226m██[38;2;156;210;226m██[38;2;0;62;106m██                                          
                    [38;2;16;16;16m██[38;2;84;155;195m██[38;2;156;210;226m██[38;2;84;155;195m██[38;2;156;210;226m██[38;2;156;210;226m██[38;2;16;16;16m██    [38;2;0;62;106m██[38;2;28;123;193m██[38;2;28;123;193m██[38;2;28;123;193m██[38;2;28;123;193m██[38;2;28;123;193m██[38;2;1;89;154m██[38;2;16;16;16m██[38;2;233;205;95m██[38;2;233;205;95m██[38;2;233;205;95m██[38;2;16;16;16m██  [38;2;16;16;16m██[38;2;156;210;226m██[38;2;156;210;226m██[38;2;0;62;106m██                                        
                      [38;2;16;16;16m██[38;2;84;155;195m██[38;2;156;210;226m██[38;2;156;210;226m██[38;2;16;16;16m██      [38;2;0;62;106m██[38;2;28;123;193m██[38;2;1;89;154m██[38;2;28;123;193m██[38;2;28;123;193m██[38;2;28;123;193m██[38;2;1;89;154m██[38;2;16;16;16m██[38;2;233;205;95m██[38;2;233;205;95m██[38;2;233;205;95m██[38;2;16;16;16m██    [38;2;16;16;16m██[38;2;156;210;226m██[38;2;156;210;226m██[38;2;0;62;106m██                                      
                        [38;2;16;16;16m██[38;2;16;16;16m██[38;2;16;16;16m██      [38;2;0;62;106m██[38;2;28;123;193m██[38;2;1;89;154m██[38;2;252;252;252m██[38;2;1;89;154m██[38;2;28;123;193m██[38;2;28;123;193m██[38;2;1;89;154m██[38;2;16;16;16m██[38;2;233;205;95m██[38;2;233;205;95m██[38;2;233;205;95m██[38;2;233;205;95m██[38;2;16;16;16m██    [38;2;16;16;16m██[38;2;0;62;106m██[38;2;156;210;226m██[38;2;16;16;16m██                                    
                                    [38;2;0;62;106m██[38;2;1;89;154m██[38;2;252;252;252m██[38;2;252;252;252m██[38;2;1;89;154m██[38;2;28;123;193m██[38;2;28;123;193m██[38;2;1;89;154m██[38;2;49;48;47m██[38;2;49;48;47m██[38;2;49;48;47m██[38;2;233;205;95m██[38;2;233;205;95m██[38;2;16;16;16m██  [38;2;0;62;106m██[38;2;0;62;106m██[38;2;156;210;226m██[38;2;84;155;195m██[38;2;16;16;16m██                                    
                                    [38;2;0;62;106m██[38;2;1;89;154m██[38;2;252;252;252m██[38;2;252;252;252m██[38;2;252;252;252m██[38;2;1;89;154m██[38;2;28;123;193m██[38;2;49;48;47m██[38;2;100;101;101m██[38;2;100;101;101m██[38;2;49;48;47m██[38;2;49;48;47m██[38;2;0;62;106m██[38;2;0;62;106m██[38;2;0;62;106m██[38;2;84;155;195m██[38;2;156;210;226m██[38;2;84;155;195m██[38;2;16;16;16m██                                      
                                  [38;2;0;62;106m██[38;2;1;89;154m██[38;2;252;252;252m██[38;2;252;252;252m██[38;2;252;252;252m██[38;2;252;252;252m██[38;2;1;89;154m██[38;2;49;48;47m██[38;2;100;101;101m██[38;2;49;48;47m██[38;2;49;48;47m██[38;2;100;101;101m██[38;2;100;101;101m██[38;2;74;74;77m██[38;2;74;74;77m██[38;2;74;74;77m██[38;2;156;210;226m██[38;2;84;155;195m██[38;2;16;16;16m██                                        
                                  [38;2;0;62;106m██[38;2;252;252;252m██[38;2;252;252;252m██[38;2;252;252;252m██[38;2;252;252;252m██[38;2;252;252;252m██[38;2;49;48;47m██[38;2;100;101;101m██[38;2;49;48;47m██[38;2;100;101;101m██[38;2;100;101;101m██[38;2;49;48;47m██[38;2;49;48;47m██[38;2;74;74;77m██[38;2;74;74;77m██[38;2;74;74;77m██[38;2;16;16;16m██[38;2;16;16;16m██                  [38;2;0;62;106m██[38;2;0;62;106m██[38;2;0;62;106m██[38;2;0;62;106m██[38;2;0;62;106m██[38;2;0;62;106m██[38;2;0;62;106m██          
                                  [38;2;0;62;106m██[38;2;252;252;252m██[38;2;252;252;252m██[38;2;252;252;252m██[38;2;252;252;252m██[38;2;252;252;252m██[38;2;49;48;47m██[38;2;49;48;47m██[38;2;100;101;101m██[38;2;49;48;47m██[38;2;49;48;47m██[38;2;100;101;101m██[38;2;100;101;101m██[38;2;49;48;47m██[38;2;74;74;77m██[38;2;16;16;16m██[38;2;16;16;16m██                [38;2;0;62;106m██[38;2;0;62;106m██[38;2;1;89;154m██[38;2;1;89;154m██[38;2;84;155;195m██[38;2;84;155;195m██[38;2;84;155;195m██[38;2;84;155;195m██[38;2;84;155;195m██[38;2;0;62;106m██[38;2;0;62;106m██      
                                [38;2;49;48;47m██[38;2;1;89;154m██[38;2;74;74;77m██[38;2;252;252;252m██[38;2;252;252;252m██[38;2;252;252;252m██[38;2;252;252;252m██[38;2;49;48;47m██[38;2;100;101;101m██[38;2;16;16;16m██[38;2;16;16;16m██[38;2;100;101;101m██[38;2;49;48;47m██[38;2;49;48;47m██[38;2;49;48;47m██[38;2;16;16;16m██[38;2;233;205;95m██[38;2;16;16;16m██              [38;2;0;62;106m██[38;2;1;89;154m██[38;2;84;155;195m██[38;2;84;155;195m██[38;2;84;155;195m██[38;2;16;16;16m██[38;2;16;16;16m██[38;2;16;16;16m██[38;2;16;16;16m██[38;2;16;16;16m██[38;2;84;155;195m██[38;2;84;155;195m██[38;2;0;62;106m██    
                                [38;2;49;48;47m██[38;2;1;89;154m██[38;2;74;74;77m██[38;2;252;252;252m██[38;2;252;252;252m██[38;2;252;252;252m██[38;2;74;74;77m██[38;2;49;48;47m██[38;2;49;48;47m██[38;2;1;89;154m██[38;2;16;16;16m██[38;2;16;16;16m██[38;2;100;101;101m██[38;2;100;101;101m██[38;2;16;16;16m██[38;2;233;205;95m██[38;2;233;205;95m██[38;2;233;205;95m██[38;2;16;16;16m██          [38;2;0;62;106m██[38;2;1;89;154m██[38;2;84;155;195m██[38;2;84;155;195m██[38;2;16;16;16m██[38;2;16;16;16m██          [38;2;16;16;16m██[38;2;16;16;16m██[38;2;84;155;195m██[38;2;0;62;106m██  
                                [38;2;49;48;47m██[38;2;100;101;101m██[38;2;100;101;101m██[38;2;74;74;77m██[38;2;252;252;252m██[38;2;74;74;77m██[38;2;100;101;101m██[38;2;100;101;101m██[38;2;100;101;101m██[38;2;100;101;101m██[38;2;1;89;154m██[38;2;16;16;16m██[38;2;16;16;16m██[38;2;16;16;16m██[38;2;233;205;95m██[38;2;233;205;95m██[38;2;233;205;95m██[38;2;242;248;137m██[38;2;16;16;16m██          [38;2;0;62;106m██[38;2;84;155;195m██[38;2;84;155;195m██[38;2;16;16;16m██                  [38;2;0;62;106m██[38;2;84;155;195m██[38;2;16;16;16m██
                                [38;2;49;48;47m██[38;2;74;74;77m██[38;2;100;101;101m██[38;2;74;74;77m██[38;2;74;74;77m██[38;2;100;101;101m██[38;2;100;101;101m██[38;2;100;101;101m██[38;2;100;101;101m██[38;2;100;101;101m██[38;2;100;101;101m██[38;2;16;16;16m██[38;2;16;16;16m██[38;2;233;205;95m██[38;2;233;205;95m██[38;2;233;205;95m██[38;2;233;205;95m██[38;2;242;248;137m██[38;2;233;205;95m██[38;2;16;16;16m██      [38;2;0;62;106m██[38;2;1;89;154m██[38;2;84;155;195m██[38;2;16;16;16m██                    [38;2;0;62;106m██[38;2;84;155;195m██[38;2;16;16;16m██
                                [38;2;49;48;47m██[38;2;74;74;77m██[38;2;74;74;77m██[38;2;100;101;101m██[38;2;100;101;101m██[38;2;100;101;101m██[38;2;100;101;101m██[38;2;100;101;101m██[38;2;100;101;101m██[38;2;100;101;101m██[38;2;100;101;101m██[38;2;16;16;16m██[38;2;16;16;16m██[38;2;233;205;95m██[38;2;233;205;95m██[38;2;233;205;95m██[38;2;233;205;95m██[38;2;242;248;137m██[38;2;242;248;137m██[38;2;16;16;16m██      [38;2;0;62;106m██[38;2;1;89;154m██[38;2;84;155;195m██[38;2;16;16;16m██        [38;2;0;62;106m██[38;2;0;62;106m██      [38;2;0;62;106m██[38;2;84;155;195m██[38;2;84;155;195m██[38;2;16;16;16m██
                                [38;2;49;48;47m██[38;2;74;74;77m██[38;2;74;74;77m██[38;2;74;74;77m██[38;2;100;101;101m██[38;2;100;101;101m██[38;2;74;74;77m██[38;2;100;101;101m██[38;2;100;101;101m██[38;2;100;101;101m██[38;2;100;101;101m██[38;2;16;16;16m██[38;2;16;16;16m██[38;2;233;205;95m██[38;2;233;205;95m██[38;2;233;205;95m██[38;2;233;205;95m██[38;2;233;205;95m██[38;2;242;248;137m██[38;2;16;16;16m██      [38;2;0;62;106m██[38;2;1;89;154m██[38;2;84;155;195m██[38;2;16;16;16m██        [38;2;16;16;16m██[38;2;84;155;195m██[38;2;0;62;106m██[38;2;0;62;106m██[38;2;0;62;106m██[38;2;84;155;195m██[38;2;84;155;195m██[38;2;16;16;16m██  
                                [38;2;49;48;47m██[38;2;74;74;77m██[38;2;74;74;77m██[38;2;28;123;193m██[38;2;16;16;16m██[38;2;16;16;16m██[38;2;49;48;47m██[38;2;100;101;101m██[38;2;100;101;101m██[38;2;100;101;101m██[38;2;100;101;101m██[38;2;16;16;16m██[38;2;84;155;195m██[38;2;16;16;16m██[38;2;233;205;95m██[38;2;233;205;95m██[38;2;233;205;95m██[38;2;233;205;95m██[38;2;242;248;137m██[38;2;233;205;95m██[38;2;16;16;16m██    [38;2;0;62;106m██[38;2;1;89;154m██[38;2;84;155;195m██[38;2;16;16;16m██          [38;2;16;16;16m██[38;2;84;155;195m██[38;2;84;155;195m██[38;2;84;155;195m██[38;2;0;62;106m██[38;2;16;16;16m██    
                                [38;2;49;48;47m██[38;2;74;74;77m██[38;2;1;89;154m██[38;2;28;123;193m██[38;2;16;16;16m██[38;2;233;205;95m██[38;2;49;48;47m██[38;2;100;101;101m██[38;2;100;101;101m██[38;2;100;101;101m██[38;2;100;101;101m██[38;2;0;62;106m██[38;2;84;155;195m██[38;2;16;16;16m██[38;2;233;205;95m██[38;2;233;205;95m██[38;2;233;205;95m██[38;2;233;205;95m██[38;2;242;248;137m██[38;2;242;248;137m██[38;2;16;16;16m██    [38;2;0;62;106m██[38;2;1;89;154m██[38;2;84;155;195m██[38;2;16;16;16m██            [38;2;16;16;16m██[38;2;16;16;16m██[38;2;16;16;16m██        
                                [38;2;49;48;47m██[38;2;74;74;77m██[38;2;1;89;154m██[38;2;16;16;16m██[38;2;233;205;95m██[38;2;233;205;95m██[38;2;233;205;95m██[38;2;49;48;47m██[38;2;100;101;101m██[38;2;100;101;101m██[38;2;100;101;101m██[38;2;0;62;106m██[38;2;84;155;195m██[38;2;16;16;16m██[38;2;233;205;95m██[38;2;233;205;95m██[38;2;233;205;95m██[38;2;233;205;95m██[38;2;233;205;95m██[38;2;242;248;137m██[38;2;16;16;16m██    [38;2;0;62;106m██[38;2;1;89;154m██[38;2;84;155;195m██[38;2;84;155;195m██[38;2;16;16;16m██                        
                              [38;2;49;48;47m██[38;2;74;74;77m██[38;2;74;74;77m██[38;2;28;123;193m██[38;2;16;16;16m██[38;2;233;205;95m██[38;2;233;205;95m██[38;2;233;205;95m██[38;2;16;16;16m██[38;2;100;101;101m██[38;2;100;101;101m██[38;2;100;101;101m██[38;2;28;123;193m██[38;2;16;16;16m██[38;2;84;155;195m██[38;2;0;62;106m██[38;2;233;205;95m██[38;2;233;205;95m██[38;2;233;205;95m██[38;2;233;205;95m██[38;2;242;248;137m██[38;2;136;99;43m██      [38;2;0;62;106m██[38;2;1;89;154m██[38;2;84;155;195m██[38;2;16;16;16m██                        
                              [38;2;49;48;47m██[38;2;74;74;77m██[38;2;1;89;154m██[38;2;28;123;193m██[38;2;16;16;16m██[38;2;233;205;95m██[38;2;233;205;95m██[38;2;233;205;95m██[38;2;16;16;16m██[38;2;100;101;101m██[38;2;100;101;101m██[38;2;100;101;101m██[38;2;28;123;193m██[38;2;16;16;16m██[38;2;84;155;195m██[38;2;0;62;106m██[38;2;233;205;95m██[38;2;233;205;95m██[38;2;233;205;95m██[38;2;233;205;95m██[38;2;242;248;137m██[38;2;233;205;95m██[38;2;16;16;16m██    [38;2;0;62;106m██[38;2;1;89;154m██[38;2;84;155;195m██[38;2;16;16;16m██                        
                              [38;2;49;48;47m██[38;2;74;74;77m██[38;2;1;89;154m██[38;2;16;16;16m██[38;2;233;205;95m██[38;2;233;205;95m██[38;2;233;205;95m██[38;2;233;205;95m██[38;2;233;205;95m██[38;2;49;48;47m██[38;2;100;101;101m██[38;2;100;101;101m██[38;2;28;123;193m██[38;2;16;16;16m██[38;2;84;155;195m██[38;2;0;62;106m██[38;2;233;205;95m██[38;2;233;205;95m██[38;2;136;99;43m██[38;2;233;205;95m██[38;2;242;248;137m██[38;2;242;248;137m██[38;2;16;16;16m██    [38;2;0;62;106m██[38;2;84;155;195m██[38;2;1;89;154m██[38;2;84;155;195m██[38;2;16;16;16m██                      
                            [38;2;49;48;47m██[38;2;74;74;77m██[38;2;74;74;77m██[38;2;28;123;193m██[38;2;16;16;16m██[38;2;233;205;95m██[38;2;233;205;95m██[38;2;233;205;95m██[38;2;233;205;95m██[38;2;233;205;95m██[38;2;16;16;16m██[38;2;100;101;101m██[38;2;100;101;101m██[38;2;28;123;193m██[38;2;16;16;16m██[38;2;84;155;195m██[38;2;84;155;195m██[38;2;0;62;106m██[38;2;233;205;95m██[38;2;136;99;43m██[38;2;233;205;95m██[38;2;233;205;95m██[38;2;242;248;137m██[38;2;16;16;16m██      [38;2;0;62;106m██[38;2;1;89;154m██[38;2;84;155;195m██[38;2;16;16;16m██                      
                            [38;2;49;48;47m██[38;2;74;74;77m██[38;2;74;74;77m██[38;2;1;89;154m██[38;2;16;16;16m██[38;2;233;205;95m██[38;2;233;205;95m██[38;2;233;205;95m██[38;2;233;205;95m██[38;2;233;205;95m██[38;2;16;16;16m██[38;2;100;101;101m██[38;2;100;101;101m██[38;2;28;123;193m██[38;2;16;16;16m██[38;2;84;155;195m██[38;2;84;155;195m██[38;2;0;62;106m██[38;2;233;205;95m██[38;2;16;16;16m██[38;2;233;205;95m██[38;2;233;205;95m██[38;2;242;248;137m██[38;2;233;205;95m██[38;2;16;16;16m██    [38;2;0;62;106m██[38;2;84;155;195m██[38;2;1;89;154m██[38;2;84;155;195m██[38;2;16;16;16m██                    
                            [38;2;49;48;47m██[38;2;74;74;77m██[38;2;74;74;77m██[38;2;1;89;154m██[38;2;16;16;16m██[38;2;233;205;95m██[38;2;233;205;95m██[38;2;233;205;95m██[38;2;233;205;95m██[38;2;233;205;95m██[38;2;16;16;16m██[38;2;100;101;101m██[38;2;100;101;101m██[38;2;28;123;193m██[38;2;16;16;16m██[38;2;84;155;195m██[38;2;84;155;195m██[38;2;0;62;106m██[38;2;136;99;43m██[38;2;16;16;16m██[38;2;233;205;95m██[38;2;233;205;95m██[38;2;233;205;95m██[38;2;242;248;137m██[38;2;16;16;16m██      [38;2;0;62;106m██[38;2;1;89;154m██[38;2;84;155;195m██[38;2;16;16;16m██                    
                              [38;2;16;16;16m██[38;2;74;74;77m██[38;2;1;89;154m██[38;2;16;16;16m██[38;2;233;205;95m██[38;2;233;205;95m██[38;2;233;205;95m██[38;2;233;205;95m██[38;2;233;205;95m██[38;2;233;205;95m██[38;2;49;48;47m██[38;2;100;101;101m██[38;2;1;89;154m██[38;2;16;16;16m██[38;2;84;155;195m██[38;2;84;155;195m██[38;2;84;155;195m██[38;2;0;62;106m██  [38;2;16;16;16m██[38;2;233;205;95m██[38;2;233;205;95m██[38;2;242;248;137m██[38;2;136;99;43m██      [38;2;0;62;106m██[38;2;1;89;154m██[38;2;84;155;195m██[38;2;84;155;195m██[38;2;16;16;16m██                  
                              [38;2;16;16;16m██[38;2;74;74;77m██[38;2;74;74;77m██[38;2;1;89;154m██[38;2;16;16;16m██[38;2;233;205;95m██[38;2;233;205;95m██[38;2;16;16;16m██[38;2;16;16;16m██[38;2;16;16;16m██[38;2;16;16;16m██[38;2;74;74;77m██[38;2;1;89;154m██[38;2;0;62;106m██[38;2;84;155;195m██[38;2;84;155;195m██[38;2;84;155;195m██[38;2;0;62;106m██  [38;2;16;16;16m██[38;2;136;99;43m██[38;2;233;205;95m██[38;2;233;205;95m██[38;2;233;205;95m██[38;2;16;16;16m██    [38;2;0;62;106m██[38;2;1;89;154m██[38;2;84;155;195m██[38;2;84;155;195m██[38;2;16;16;16m██                  
                                [38;2;16;16;16m██[38;2;74;74;77m██[38;2;1;89;154m██[38;2;16;16;16m██[38;2;16;16;16m██[38;2;16;16;16m██      [38;2;16;16;16m██[38;2;74;74;77m██[38;2;1;89;154m██[38;2;0;62;106m██[38;2;84;155;195m██[38;2;84;155;195m██[38;2;84;155;195m██[38;2;84;155;195m██[38;2;0;62;106m██    [38;2;16;16;16m██[38;2;16;16;16m██[38;2;16;16;16m██[38;2;16;16;16m██  [38;2;0;62;106m██[38;2;84;155;195m██[38;2;1;89;154m██[38;2;84;155;195m██[38;2;84;155;195m██[38;2;16;16;16m██                  
                                [38;2;16;16;16m██[38;2;74;74;77m██[38;2;74;74;77m██[38;2;16;16;16m██            [38;2;16;16;16m██[38;2;74;74;77m██[38;2;1;89;154m██[38;2;16;16;16m██[38;2;84;155;195m██[38;2;84;155;195m██[38;2;84;155;195m██[38;2;84;155;195m██[38;2;0;62;106m██            [38;2;0;62;106m██[38;2;1;89;154m██[38;2;84;155;195m██[38;2;84;155;195m██[38;2;84;155;195m██[38;2;16;16;16m██                  
                                  [38;2;16;16;16m██[38;2;74;74;77m██[38;2;0;62;106m██            [38;2;16;16;16m██[38;2;74;74;77m██[38;2;1;89;154m██[38;2;16;16;16m██[38;2;84;155;195m██[38;2;84;155;195m██[38;2;84;155;195m██[38;2;84;155;195m██[38;2;84;155;195m██[38;2;0;62;106m██[38;2;0;62;106m██      [38;2;0;62;106m██[38;2;84;155;195m██[38;2;1;89;154m██[38;2;84;155;195m██[38;2;84;155;195m██[38;2;16;16;16m██                    
                                  [38;2;16;16;16m██[38;2;74;74;77m██[38;2;1;89;154m██[38;2;16;16;16m██          [38;2;16;16;16m██[38;2;74;74;77m██[38;2;1;89;154m██[38;2;16;16;16m██[38;2;16;16;16m██[38;2;84;155;195m██[38;2;84;155;195m██[38;2;84;155;195m██[38;2;84;155;195m██[38;2;84;155;195m██[38;2;1;89;154m██[38;2;0;62;106m██[38;2;0;62;106m██[38;2;0;62;106m██[38;2;84;155;195m██[38;2;1;89;154m██[38;2;84;155;195m██[38;2;84;155;195m██[38;2;84;155;195m██[38;2;16;16;16m██                    
                                    [38;2;49;48;47m██[38;2;74;74;77m██[38;2;16;16;16m██            [38;2;49;48;47m██[38;2;74;74;77m██[38;2;16;16;16m██  [38;2;16;16;16m██[38;2;84;155;195m██[38;2;84;155;195m██[38;2;84;155;195m██[38;2;84;155;195m██[38;2;84;155;195m██[38;2;1;89;154m██[38;2;1;89;154m██[38;2;1;89;154m██[38;2;1;89;154m██[38;2;84;155;195m██[38;2;84;155;195m██[38;2;84;155;195m██[38;2;16;16;16m██                      
                                    [38;2;16;16;16m██[38;2;74;74;77m██[38;2;0;62;106m██            [38;2;16;16;16m██[38;2;74;74;77m██[38;2;0;62;106m██    [38;2;16;16;16m██[38;2;84;155;195m██[38;2;84;155;195m██[38;2;84;155;195m██[38;2;84;155;195m██[38;2;84;155;195m██[38;2;84;155;195m██[38;2;84;155;195m██[38;2;84;155;195m██[38;2;84;155;195m██[38;2;84;155;195m██[38;2;16;16;16m██                        
                                    [38;2;16;16;16m██[38;2;74;74;77m██[38;2;1;89;154m██[38;2;16;16;16m██          [38;2;16;16;16m██[38;2;74;74;77m██[38;2;0;62;106m██      [38;2;16;16;16m██[38;2;16;16;16m██[38;2;84;155;195m██[38;2;84;155;195m██[38;2;84;155;195m██[38;2;84;155;195m██[38;2;84;155;195m██[38;2;84;155;195m██[38;2;16;16;16m██[38;2;16;16;16m██                          
                                  [38;2;16;16;16m██[38;2;100;101;101m██[38;2;74;74;77m██[38;2;1;89;154m██[38;2;16;16;16m██          [38;2;16;16;16m██[38;2;74;74;77m██[38;2;74;74;77m██[38;2;16;16;16m██        [38;2;16;16;16m██[38;2;16;16;16m██[38;2;16;16;16m██[38;2;16;16;16m██[38;2;16;16;16m██[38;2;16;16;16m██                              
                    [38;2;49;48;47m██[38;2;49;48;47m██[38;2;49;48;47m██[38;2;49;48;47m██[38;2;49;48;47m██[38;2;49;48;47m██[38;2;49;48;47m██[38;2;100;101;101m██[38;2;100;101;101m██[38;2;74;74;77m██[38;2;1;89;154m██[38;2;16;16;16m██          [38;2;49;48;47m██[38;2;74;74;77m██[38;2;74;74;77m██[38;2;16;16;16m██                                                  
                  [38;2;49;48;47m██[38;2;100;101;101m██[38;2;74;74;77m██[38;2;74;74;77m██[38;2;100;101;101m██[38;2;100;101;101m██[38;2;100;101;101m██[38;2;100;101;101m██[38;2;100;101;101m██[38;2;74;74;77m██[38;2;74;74;77m██[38;2;1;89;154m██[38;2;1;89;154m██[38;2;16;16;16m██      [38;2;49;48;47m██[38;2;100;101;101m██[38;2;100;101;101m██[38;2;74;74;77m██[38;2;16;16;16m██                                                  
                [38;2;49;48;47m██[38;2;100;101;101m██[38;2;100;101;101m██[38;2;49;48;47m██[38;2;100;101;101m██[38;2;100;101;101m██[38;2;100;101;101m██[38;2;100;101;101m██[38;2;74;74;77m██[38;2;74;74;77m██[38;2;74;74;77m██[38;2;74;74;77m██[38;2;1;89;154m██[38;2;49;48;47m██[38;2;49;48;47m██[38;2;49;48;47m██[38;2;49;48;47m██[38;2;49;48;47m██[38;2;100;101;101m██[38;2;100;101;101m██[38;2;100;101;101m██[38;2;100;101;101m██[38;2;16;16;16m██                                                  
                [38;2;49;48;47m██[38;2;100;101;101m██[38;2;49;48;47m██[38;2;100;101;101m██[38;2;100;101;101m██[38;2;100;101;101m██[38;2;74;74;77m██[38;2;49;48;47m██[38;2;16;16;16m██[38;2;16;16;16m██[38;2;49;48;47m██[38;2;49;48;47m██[38;2;74;74;77m██[38;2;100;101;101m██[38;2;49;48;47m██[38;2;74;74;77m██[38;2;100;101;101m██[38;2;100;101;101m██[38;2;74;74;77m██[38;2;100;101;101m██[38;2;100;101;101m██[38;2;100;101;101m██[38;2;16;16;16m██                                                  
                [38;2;16;16;16m██[38;2;16;16;16m██[38;2;49;48;47m██[38;2;100;101;101m██[38;2;49;48;47m██[38;2;16;16;16m██[38;2;16;16;16m██      [38;2;49;48;47m██[38;2;100;101;101m██[38;2;100;101;101m██[38;2;49;48;47m██[38;2;100;101;101m██[38;2;100;101;101m██[38;2;100;101;101m██[38;2;49;48;47m██[38;2;100;101;101m██[38;2;100;101;101m██[38;2;100;101;101m██[38;2;74;74;77m██[38;2;16;16;16m██                                                  
                    [38;2;16;16;16m██[38;2;16;16;16m██            [38;2;49;48;47m██[38;2;74;74;77m██[38;2;16;16;16m██[38;2;49;48;47m██[38;2;100;101;101m██[38;2;100;101;101m██[38;2;74;74;77m██[38;2;49;48;47m██[38;2;100;101;101m██[38;2;74;74;77m██[38;2;16;16;16m██[38;2;16;16;16m██                                                    
                                    [38;2;49;48;47m██[38;2;16;16;16m██  [38;2;49;48;47m██[38;2;74;74;77m██[38;2;16;16;16m██[38;2;16;16;16m██[38;2;49;48;47m██[38;2;74;74;77m██[38;2;16;16;16m██                                                        
                                          [38;2;16;16;16m██[38;2;16;16;16m██    [38;2;16;16;16m██[38;2;16;16;16m██                                                          
