                        [38;2;29;28;22m██                                                                                                  
                      [38;2;29;28;22m██[38;2;46;46;39m██[38;2;11;11;11m██                          [38;2;29;28;22m██[38;2;29;28;22m██                                                                  
                    [38;2;29;28;22m██[38;2;46;46;39m██[38;2;46;46;39m██[38;2;11;11;11m██                      [38;2;29;28;22m██[38;2;29;28;22m██[38;2;46;46;39m██[38;2;11;11;11m██                                                                  
                    [38;2;29;28;22m██[38;2;46;46;39m██[38;2;46;46;39m██[38;2;11;11;11m██                  [38;2;29;28;22m██[38;2;29;28;22m██[38;2;46;46;39m██[38;2;46;46;39m██[38;2;29;28;22m██[38;2;11;11;11m██                                                                  
                  [38;2;29;28;22m██[38;2;46;46;39m██[38;2;46;46;39m██[38;2;46;46;39m██[38;2;11;11;11m██                [38;2;29;28;22m██[38;2;46;46;39m██[38;2;46;46;39m██[38;2;46;46;39m██[38;2;29;28;22m██[38;2;108;59;52m██[38;2;11;11;11m██                                                                  
                  [38;2;29;28;22m██[38;2;46;46;39m██[38;2;46;46;39m██[38;2;46;46;39m██[38;2;11;11;11m██              [38;2;29;28;22m██[38;2;46;46;39m██[38;2;46;46;39m██[38;2;46;46;39m██[38;2;29;28;22m██[38;2;108;59;52m██[38;2;108;59;52m██[38;2;11;11;11m██                                                                  
                [38;2;29;28;22m██[38;2;46;46;39m██[38;2;46;46;39m██[38;2;46;46;39m██[38;2;46;46;39m██[38;2;11;11;11m██            [38;2;29;28;22m██[38;2;46;46;39m██[38;2;46;46;39m██[38;2;46;46;39m██[38;2;29;28;22m██[38;2;108;59;52m██[38;2;108;59;52m██[38;2;108;59;52m██[38;2;11;11;11m██                                                                  
                [38;2;29;28;22m██[38;2;46;46;39m██[38;2;46;46;39m██[38;2;46;46;39m██[38;2;46;46;39m██[38;2;11;11;11m██          [38;2;29;28;22m██[38;2;46;46;39m██[38;2;46;46;39m██[38;2;46;46;39m██[38;2;46;46;39m██[38;2;29;28;22m██[38;2;108;59;52m██[38;2;108;59;52m██[38;2;11;11;11m██                                                                    
                [38;2;29;28;22m██[38;2;46;46;39m██[38;2;46;46;39m██[38;2;46;46;39m██[38;2;46;46;39m██[38;2;46;46;39m██[38;2;11;11;11m██        [38;2;29;28;22m██[38;2;46;46;39m██[38;2;46;46;39m██[38;2;46;46;39m██[38;2;29;28;22m██[38;2;108;59;52m██[38;2;108;59;52m██[38;2;108;59;52m██[38;2;11;11;11m██                                                                    
              [38;2;29;28;22m██[38;2;46;46;39m██[38;2;46;46;39m██[38;2;46;46;39m██[38;2;46;46;39m██[38;2;46;46;39m██[38;2;46;46;39m██[38;2;11;11;11m██      [38;2;29;28;22m██[38;2;46;46;39m██[38;2;46;46;39m██[38;2;46;46;39m██[38;2;46;46;39m██[38;2;29;28;22m██[38;2;108;59;52m██[38;2;108;59;52m██[38;2;108;59;52m██[38;2;11;11;11m██                                                                    
              [38;2;29;28;22m██[38;2;46;46;39m██[38;2;46;46;39m██[38;2;46;46;39m██[38;2;46;46;39m██[38;2;46;46;39m██[38;2;46;46;39m██[38;2;11;11;11m██    [38;2;29;28;22m██[38;2;46;46;39m██[38;2;46;46;39m██[38;2;46;46;39m██[38;2;46;46;39m██[38;2;29;28;22m██[38;2;108;59;52m██[38;2;108;59;52m██[38;2;108;59;52m██[38;2;11;11;11m██                                                                      
              [38;2;29;28;22m██[38;2;46;46;39m██[38;2;46;46;39m██[38;2;46;46;39m██[38;2;46;46;39m██[38;2;46;46;39m██[38;2;46;46;39m██[38;2;11;11;11m██    [38;2;29;28;22m██[38;2;46;46;39m██[38;2;46;46;39m██[38;2;46;46;39m██[38;2;46;46;39m██[38;2;29;28;22m██[38;2;108;59;52m██[38;2;108;59;52m██[38;2;108;59;52m██[38;2;11;11;11m██                                                                      
              [38;2;29;28;22m██[38;2;46;46;39m██[38;2;46;46;39m██[38;2;46;46;39m██[38;2;46;46;39m██[38;2;46;46;39m██[38;2;46;46;39m██[38;2;11;11;11m██  [38;2;29;28;22m██[38;2;46;46;39m██[38;2;46;46;39m██[38;2;46;46;39m██[38;2;46;46;39m██[38;2;29;28;22m██[38;2;108;59;52m██[38;2;108;59;52m██[38;2;108;59;52m██[38;2;108;59;52m██[38;2;11;11;11m██                                                                      
              [38;2;29;28;22m██[38;2;46;46;39m██[38;2;46;46;39m██[38;2;46;46;39m██[38;2;70;28;21m██[38;2;70;28;21m██[38;2;70;28;21m██[38;2;70;28;21m██  [38;2;29;28;22m██[38;2;46;46;39m██[38;2;46;46;39m██[38;2;46;46;39m██[38;2;46;46;39m██[38;2;29;28;22m██[38;2;108;59;52m██[38;2;108;59;52m██[38;2;108;59;52m██[38;2;11;11;11m██                                                                        
              [38;2;29;28;22m██[38;2;70;28;21m██[38;2;70;28;21m██[38;2;70;28;21m██[38;2;196;80;30m██[38;2;196;80;30m██[38;2;196;80;30m██[38;2;196;80;30m██[38;2;29;28;22m██[38;2;46;46;39m██[38;2;46;46;39m██[38;2;46;46;39m██[38;2;46;46;39m██[38;2;29;28;22m██[38;2;108;59;52m██[38;2;108;59;52m██[38;2;108;59;52m██[38;2;108;59;52m██[38;2;11;11;11m██                                                                        
            [38;2;70;28;21m██[38;2;70;28;21m██[38;2;196;80;30m██[38;2;196;80;30m██[38;2;196;80;30m██[38;2;196;80;30m██[38;2;196;80;30m██[38;2;196;80;30m██[38;2;196;80;30m██[38;2;29;28;22m██[38;2;46;46;39m██[38;2;46;46;39m██[38;2;46;46;39m██[38;2;46;46;39m██[38;2;29;28;22m██[38;2;108;59;52m██[38;2;108;59;52m██[38;2;108;59;52m██[38;2;108;59;52m██[38;2;11;11;11m██                                                                        
          [38;2;70;28;21m██[38;2;196;80;30m██[38;2;196;80;30m██[38;2;196;80;30m██[38;2;196;80;30m██[38;2;196;80;30m██[38;2;196;80;30m██[38;2;196;80;30m██[38;2;196;80;30m██[38;2;196;80;30m██[38;2;196;80;30m██[38;2;29;28;22m██[38;2;46;46;39m██[38;2;46;46;39m██[38;2;46;46;39m██[38;2;29;28;22m██[38;2;108;59;52m██[38;2;108;59;52m██[38;2;108;59;52m██[38;2;11;11;11m██                                                                          
        [38;2;70;28;21m██[38;2;196;80;30m██[38;2;196;80;30m██[38;2;196;80;30m██[38;2;196;80;30m██[38;2;196;80;30m██[38;2;196;80;30m██[38;2;196;80;30m██[38;2;196;80;30m██[38;2;196;80;30m██[38;2;196;80;30m██[38;2;196;80;30m██[38;2;196;80;30m██[38;2;29;28;22m██[38;2;46;46;39m██[38;2;29;28;22m██[38;2;142;66;55m██[38;2;108;59;52m██[38;2;108;59;52m██[38;2;108;59;52m██[38;2;11;11;11m██                                                                          
        [38;2;70;28;21m██[38;2;196;80;30m██[38;2;196;80;30m██[38;2;196;80;30m██[38;2;196;80;30m██[38;2;196;80;30m██[38;2;196;80;30m██[38;2;196;80;30m██[38;2;196;80;30m██[38;2;196;80;30m██[38;2;196;80;30m██[38;2;196;80;30m██[38;2;196;80;30m██[38;2;196;80;30m██[38;2;29;28;22m██[38;2;29;28;22m██[38;2;196;80;30m██[38;2;196;80;30m██[38;2;142;66;55m██[38;2;11;11;11m██                                                                            
      [38;2;70;28;21m██[38;2;196;80;30m██[38;2;141;121;142m██[38;2;196;80;30m██[38;2;196;80;30m██[38;2;196;80;30m██[38;2;141;121;142m██[38;2;196;80;30m██[38;2;196;80;30m██[38;2;196;80;30m██[38;2;196;80;30m██[38;2;196;80;30m██[38;2;196;80;30m██[38;2;196;80;30m██[38;2;196;80;30m██[38;2;196;80;30m██[38;2;196;80;30m██[38;2;196;80;30m██[38;2;196;80;30m██[38;2;196;80;30m██[38;2;11;11;11m██                                                                            
      [38;2;46;46;39m██[38;2;141;121;142m██[38;2;223;220;227m██[38;2;196;80;30m██[38;2;196;80;30m██[38;2;196;80;30m██[38;2;223;220;227m██[38;2;196;80;30m██[38;2;196;80;30m██[38;2;196;80;30m██[38;2;196;80;30m██[38;2;196;80;30m██[38;2;196;80;30m██[38;2;196;80;30m██[38;2;196;80;30m██[38;2;196;80;30m██[38;2;196;80;30m██[38;2;196;80;30m██[38;2;196;80;30m██[38;2;196;80;30m██[38;2;11;11;11m██                                                                            
      [38;2;46;46;39m██[38;2;108;59;52m██[38;2;223;220;227m██[38;2;196;80;30m██[38;2;196;80;30m██[38;2;196;80;30m██[38;2;223;220;227m██[38;2;223;220;227m██[38;2;196;80;30m██[38;2;196;80;30m██[38;2;196;80;30m██[38;2;196;80;30m██[38;2;196;80;30m██[38;2;196;80;30m██[38;2;196;80;30m██[38;2;196;80;30m██[38;2;196;80;30m██[38;2;196;80;30m██[38;2;196;80;30m██[38;2;196;80;30m██[38;2;196;80;30m██[38;2;11;11;11m██                                                                          
    [38;2;29;28;22m██[38;2;46;46;39m██[38;2;46;46;39m██[38;2;196;80;30m██[38;2;196;80;30m██[38;2;196;80;30m██[38;2;196;80;30m██[38;2;196;80;30m██[38;2;141;121;142m██[38;2;196;80;30m██[38;2;196;80;30m██[38;2;196;80;30m██[38;2;196;80;30m██[38;2;196;80;30m██[38;2;196;80;30m██[38;2;196;80;30m██[38;2;196;80;30m██[38;2;196;80;30m██[38;2;196;80;30m██[38;2;196;80;30m██[38;2;196;80;30m██[38;2;196;80;30m██[38;2;11;11;11m██                                                                          
    [38;2;29;28;22m██[38;2;141;121;142m██[38;2;46;46;39m██[38;2;196;80;30m██[38;2;196;80;30m██[38;2;196;80;30m██[38;2;108;59;52m██[38;2;46;46;39m██[38;2;46;46;39m██[38;2;46;46;39m██[38;2;108;59;52m██[38;2;196;80;30m██[38;2;196;80;30m██[38;2;196;80;30m██[38;2;196;80;30m██[38;2;196;80;30m██[38;2;196;80;30m██[38;2;196;80;30m██[38;2;196;80;30m██[38;2;196;80;30m██[38;2;196;80;30m██[38;2;196;80;30m██[38;2;11;11;11m██                                    [38;2;70;28;21m██[38;2;70;28;21m██[38;2;70;28;21m██[38;2;70;28;21m██[38;2;70;28;21m██[38;2;70;28;21m██[38;2;70;28;21m██                        
    [38;2;29;28;22m██[38;2;223;220;227m██[38;2;70;28;21m██[38;2;196;80;30m██[38;2;196;80;30m██[38;2;108;59;52m██[38;2;46;46;39m██[38;2;46;46;39m██[38;2;46;46;39m██[38;2;46;46;39m██[38;2;46;46;39m██[38;2;46;46;39m██[38;2;196;80;30m██[38;2;196;80;30m██[38;2;108;59;52m██[38;2;46;46;39m██[38;2;196;80;30m██[38;2;196;80;30m██[38;2;196;80;30m██[38;2;196;80;30m██[38;2;196;80;30m██[38;2;196;80;30m██[38;2;11;11;11m██                              [38;2;70;28;21m██[38;2;70;28;21m██[38;2;70;28;21m██[38;2;196;80;30m██[38;2;196;80;30m██[38;2;196;80;30m██[38;2;196;80;30m██[38;2;196;80;30m██[38;2;196;80;30m██[38;2;196;80;30m██[38;2;70;28;21m██[38;2;70;28;21m██                    
    [38;2;29;28;22m██[38;2;223;220;227m██[38;2;70;28;21m██[38;2;196;80;30m██[38;2;46;46;39m██[38;2;46;46;39m██[38;2;46;46;39m██[38;2;46;46;39m██[38;2;46;46;39m██[38;2;46;46;39m██[38;2;46;46;39m██[38;2;46;46;39m██[38;2;46;46;39m██[38;2;46;46;39m██[38;2;46;46;39m██[38;2;46;46;39m██[38;2;196;80;30m██[38;2;196;80;30m██[38;2;196;80;30m██[38;2;196;80;30m██[38;2;196;80;30m██[38;2;142;66;55m██[38;2;11;11;11m██                        [38;2;70;28;21m██[38;2;70;28;21m██[38;2;70;28;21m██[38;2;196;80;30m██[38;2;196;80;30m██[38;2;196;80;30m██[38;2;196;80;30m██[38;2;196;80;30m██[38;2;196;80;30m██[38;2;196;80;30m██[38;2;196;80;30m██[38;2;196;80;30m██[38;2;196;80;30m██[38;2;196;80;30m██[38;2;196;80;30m██[38;2;70;28;21m██[38;2;70;28;21m██                
      [38;2;70;28;21m██[38;2;196;80;30m██[38;2;196;80;30m██[38;2;46;46;39m██[38;2;46;46;39m██[38;2;108;59;52m██[38;2;217;141;0m██[38;2;11;11;11m██[38;2;141;121;142m██[38;2;108;59;52m██[38;2;46;46;39m██[38;2;46;46;39m██[38;2;46;46;39m██[38;2;46;46;39m██[38;2;108;59;52m██[38;2;196;80;30m██[38;2;196;80;30m██[38;2;196;80;30m██[38;2;196;80;30m██[38;2;196;80;30m██[38;2;11;11;11m██                      [38;2;70;28;21m██[38;2;70;28;21m██[38;2;196;80;30m██[38;2;196;80;30m██[38;2;196;80;30m██[38;2;196;80;30m██[38;2;196;80;30m██[38;2;196;80;30m██[38;2;196;80;30m██[38;2;196;80;30m██[38;2;196;80;30m██[38;2;196;80;30m██[38;2;196;80;30m██[38;2;196;80;30m██[38;2;196;80;30m██[38;2;196;80;30m██[38;2;196;80;30m██[38;2;196;80;30m██[38;2;196;80;30m██[38;2;11;11;11m██              
      [38;2;70;28;21m██[38;2;196;80;30m██[38;2;108;59;52m██[38;2;46;46;39m██[38;2;46;46;39m██[38;2;223;220;227m██[38;2;217;141;0m██[38;2;11;11;11m██[38;2;217;141;0m██[38;2;223;220;227m██[38;2;223;220;227m██[38;2;108;59;52m██[38;2;46;46;39m██[38;2;46;46;39m██[38;2;196;80;30m██[38;2;196;80;30m██[38;2;196;80;30m██[38;2;196;80;30m██[38;2;108;59;52m██[38;2;142;66;55m██[38;2;11;11;11m██                    [38;2;70;28;21m██[38;2;196;80;30m██[38;2;196;80;30m██[38;2;196;80;30m██[38;2;196;80;30m██[38;2;196;80;30m██[38;2;196;80;30m██[38;2;196;80;30m██[38;2;196;80;30m██[38;2;196;80;30m██[38;2;196;80;30m██[38;2;196;80;30m██[38;2;196;80;30m██[38;2;196;80;30m██[38;2;196;80;30m██[38;2;196;80;30m██[38;2;196;80;30m██[38;2;196;80;30m██[38;2;196;80;30m██[38;2;196;80;30m██[38;2;196;80;30m██[38;2;11;11;11m██            
    [38;2;70;28;21m██[38;2;196;80;30m██[38;2;196;80;30m██[38;2;46;46;39m██[38;2;46;46;39m██[38;2;46;46;39m██[38;2;46;46;39m██[38;2;223;220;227m██[38;2;217;141;0m██[38;2;223;220;227m██[38;2;223;220;227m██[38;2;141;121;142m██[38;2;46;46;39m██[38;2;108;59;52m██[38;2;196;80;30m██[38;2;223;220;227m██[38;2;141;121;142m██[38;2;196;80;30m██[38;2;196;80;30m██[38;2;196;80;30m██[38;2;11;11;11m██                    [38;2;70;28;21m██[38;2;108;59;52m██[38;2;108;59;52m██[38;2;196;80;30m██[38;2;196;80;30m██[38;2;196;80;30m██[38;2;196;80;30m██[38;2;196;80;30m██[38;2;196;80;30m██[38;2;196;80;30m██[38;2;196;80;30m██[38;2;196;80;30m██[38;2;196;80;30m██[38;2;196;80;30m██[38;2;196;80;30m██[38;2;196;80;30m██[38;2;196;80;30m██[38;2;196;80;30m██[38;2;196;80;30m██[38;2;196;80;30m██[38;2;196;80;30m██[38;2;196;80;30m██[38;2;196;80;30m██[38;2;11;11;11m██          
  [38;2;70;28;21m██[38;2;196;80;30m██[38;2;196;80;30m██[38;2;196;80;30m██[38;2;46;46;39m██[38;2;196;80;30m██[38;2;108;59;52m██[38;2;46;46;39m██[38;2;46;46;39m██[38;2;223;220;227m██[38;2;223;220;227m██[38;2;141;121;142m██[38;2;46;46;39m██[38;2;46;46;39m██[38;2;196;80;30m██[38;2;196;80;30m██[38;2;196;80;30m██[38;2;196;80;30m██[38;2;142;66;55m██[38;2;196;80;30m██[38;2;196;80;30m██[38;2;11;11;11m██        [38;2;70;28;21m██[38;2;70;28;21m██[38;2;70;28;21m██    [38;2;70;28;21m██[38;2;108;59;52m██[38;2;108;59;52m██[38;2;108;59;52m██[38;2;70;28;21m██[38;2;11;11;11m██[38;2;11;11;11m██[38;2;70;28;21m██[38;2;196;80;30m██[38;2;196;80;30m██[38;2;196;80;30m██[38;2;196;80;30m██[38;2;196;80;30m██[38;2;196;80;30m██[38;2;196;80;30m██[38;2;196;80;30m██[38;2;196;80;30m██[38;2;196;80;30m██[38;2;196;80;30m██[38;2;196;80;30m██[38;2;196;80;30m██[38;2;196;80;30m██[38;2;196;80;30m██[38;2;196;80;30m██[38;2;11;11;11m██          
[38;2;70;28;21m██[38;2;46;46;39m██[38;2;46;46;39m██[38;2;142;66;55m██[38;2;196;80;30m██[38;2;196;80;30m██[38;2;196;80;30m██[38;2;196;80;30m██[38;2;196;80;30m██[38;2;196;80;30m██[38;2;46;46;39m██[38;2;46;46;39m██[38;2;46;46;39m██[38;2;108;59;52m██[38;2;196;80;30m██[38;2;141;121;142m██[38;2;223;220;227m██[38;2;196;80;30m██[38;2;196;80;30m██[38;2;108;59;52m██[38;2;196;80;30m██[38;2;196;80;30m██[38;2;196;80;30m██[38;2;11;11;11m██  [38;2;70;28;21m██[38;2;70;28;21m██[38;2;196;80;30m██[38;2;196;80;30m██[38;2;196;80;30m██[38;2;70;28;21m██[38;2;70;28;21m██[38;2;108;59;52m██[38;2;108;59;52m██[38;2;108;59;52m██[38;2;11;11;11m██        [38;2;11;11;11m██[38;2;196;80;30m██[38;2;196;80;30m██[38;2;196;80;30m██[38;2;196;80;30m██[38;2;196;80;30m██[38;2;196;80;30m██[38;2;196;80;30m██[38;2;196;80;30m██[38;2;196;80;30m██[38;2;196;80;30m██[38;2;196;80;30m██[38;2;196;80;30m██[38;2;196;80;30m██[38;2;196;80;30m██[38;2;196;80;30m██[38;2;196;80;30m██[38;2;11;11;11m██        
[38;2;11;11;11m██[38;2;11;11;11m██[38;2;142;66;55m██[38;2;196;80;30m██[38;2;196;80;30m██[38;2;223;220;227m██[38;2;196;80;30m██[38;2;223;220;227m██[38;2;196;80;30m██[38;2;196;80;30m██[38;2;108;59;52m██[38;2;196;80;30m██[38;2;196;80;30m██[38;2;196;80;30m██[38;2;196;80;30m██[38;2;142;66;55m██[38;2;108;59;52m██[38;2;223;220;227m██[38;2;196;80;30m██[38;2;108;59;52m██[38;2;70;28;21m██[38;2;142;66;55m██[38;2;196;80;30m██[38;2;11;11;11m██[38;2;70;28;21m██[38;2;196;80;30m██[38;2;196;80;30m██[38;2;196;80;30m██[38;2;196;80;30m██[38;2;196;80;30m██[38;2;196;80;30m██[38;2;196;80;30m██[38;2;70;28;21m██[38;2;108;59;52m██[38;2;11;11;11m██        [38;2;11;11;11m██[38;2;108;59;52m██[38;2;70;28;21m██[38;2;196;80;30m██[38;2;196;80;30m██[38;2;196;80;30m██[38;2;196;80;30m██[38;2;196;80;30m██[38;2;196;80;30m██[38;2;196;80;30m██[38;2;196;80;30m██[38;2;196;80;30m██[38;2;196;80;30m██[38;2;196;80;30m██[38;2;196;80;30m██[38;2;196;80;30m██[38;2;196;80;30m██[38;2;196;80;30m██[38;2;11;11;11m██        
    [38;2;11;11;11m██[38;2;11;11;11m██[38;2;70;28;21m██[38;2;141;121;142m██[38;2;196;80;30m██[38;2;196;80;30m██[38;2;70;28;21m██[38;2;70;28;21m██[38;2;196;80;30m██[38;2;196;80;30m██[38;2;196;80;30m██[38;2;142;66;55m██[38;2;11;11;11m██[38;2;11;11;11m██[38;2;11;11;11m██[38;2;196;80;30m██[38;2;196;80;30m██[38;2;11;11;11m██[38;2;142;66;55m██[38;2;11;11;11m██[38;2;11;11;11m██[38;2;11;11;11m██[38;2;196;80;30m██[38;2;196;80;30m██[38;2;196;80;30m██[38;2;196;80;30m██[38;2;196;80;30m██[38;2;196;80;30m██[38;2;196;80;30m██[38;2;196;80;30m██[38;2;196;80;30m██[38;2;11;11;11m██          [38;2;11;11;11m██[38;2;196;80;30m██[38;2;108;59;52m██[38;2;196;80;30m██[38;2;196;80;30m██[38;2;196;80;30m██[38;2;196;80;30m██[38;2;196;80;30m██[38;2;196;80;30m██[38;2;196;80;30m██[38;2;196;80;30m██[38;2;196;80;30m██[38;2;196;80;30m██[38;2;196;80;30m██[38;2;196;80;30m██[38;2;196;80;30m██[38;2;196;80;30m██[38;2;196;80;30m██[38;2;196;80;30m██[38;2;11;11;11m██      
          [38;2;11;11;11m██[38;2;11;11;11m██[38;2;11;11;11m██[38;2;142;66;55m██[38;2;142;66;55m██[38;2;142;66;55m██[38;2;142;66;55m██[38;2;11;11;11m██[38;2;11;11;11m██[38;2;141;121;142m██[38;2;142;66;55m██[38;2;142;66;55m██[38;2;11;11;11m██[38;2;11;11;11m██[38;2;11;11;11m██[38;2;142;66;55m██[38;2;142;66;55m██[38;2;142;66;55m██[38;2;196;80;30m██[38;2;196;80;30m██[38;2;196;80;30m██[38;2;196;80;30m██[38;2;196;80;30m██[38;2;196;80;30m██[38;2;196;80;30m██[38;2;196;80;30m██[38;2;196;80;30m██[38;2;196;80;30m██[38;2;11;11;11m██          [38;2;11;11;11m██[38;2;196;80;30m██[38;2;196;80;30m██[38;2;196;80;30m██[38;2;196;80;30m██[38;2;196;80;30m██[38;2;196;80;30m██[38;2;196;80;30m██[38;2;196;80;30m██[38;2;196;80;30m██[38;2;196;80;30m██[38;2;196;80;30m██[38;2;196;80;30m██[38;2;196;80;30m██[38;2;196;80;30m██[38;2;196;80;30m██[38;2;196;80;30m██[38;2;196;80;30m██[38;2;196;80;30m██[38;2;11;11;11m██      
                [38;2;11;11;11m██[38;2;11;11;11m██[38;2;11;11;11m██[38;2;11;11;11m██[38;2;141;121;142m██[38;2;141;121;142m██[38;2;223;220;227m██[38;2;142;66;55m██[38;2;142;66;55m██[38;2;142;66;55m██[38;2;142;66;55m██[38;2;142;66;55m██[38;2;142;66;55m██[38;2;196;80;30m██[38;2;196;80;30m██[38;2;196;80;30m██[38;2;196;80;30m██[38;2;196;80;30m██[38;2;196;80;30m██[38;2;196;80;30m██[38;2;196;80;30m██[38;2;196;80;30m██[38;2;196;80;30m██[38;2;196;80;30m██[38;2;196;80;30m██[38;2;196;80;30m██[38;2;11;11;11m██      [38;2;11;11;11m██[38;2;196;80;30m██[38;2;196;80;30m██[38;2;196;80;30m██[38;2;196;80;30m██[38;2;196;80;30m██[38;2;196;80;30m██[38;2;196;80;30m██[38;2;196;80;30m██[38;2;196;80;30m██[38;2;196;80;30m██[38;2;196;80;30m██[38;2;196;80;30m██[38;2;196;80;30m██[38;2;196;80;30m██[38;2;196;80;30m██[38;2;196;80;30m██[38;2;196;80;30m██[38;2;196;80;30m██[38;2;196;80;30m██[38;2;11;11;11m██      
                      [38;2;70;28;21m██[38;2;11;11;11m██[38;2;223;220;227m██[38;2;223;220;227m██[38;2;141;121;142m██[38;2;142;66;55m██[38;2;142;66;55m██[38;2;196;80;30m██[38;2;196;80;30m██[38;2;196;80;30m██[38;2;196;80;30m██[38;2;196;80;30m██[38;2;196;80;30m██[38;2;196;80;30m██[38;2;196;80;30m██[38;2;196;80;30m██[38;2;196;80;30m██[38;2;196;80;30m██[38;2;196;80;30m██[38;2;196;80;30m██[38;2;196;80;30m██[38;2;196;80;30m██[38;2;196;80;30m██[38;2;11;11;11m██      [38;2;11;11;11m██[38;2;196;80;30m██[38;2;196;80;30m██[38;2;142;66;55m██[38;2;196;80;30m██[38;2;196;80;30m██[38;2;196;80;30m██[38;2;196;80;30m██[38;2;142;66;55m██[38;2;196;80;30m██[38;2;196;80;30m██[38;2;196;80;30m██[38;2;196;80;30m██[38;2;196;80;30m██[38;2;196;80;30m██[38;2;196;80;30m██[38;2;196;80;30m██[38;2;196;80;30m██[38;2;196;80;30m██[38;2;142;66;55m██[38;2;11;11;11m██      
                    [38;2;70;28;21m██[38;2;142;66;55m██[38;2;11;11;11m██[38;2;223;220;227m██[38;2;223;220;227m██[38;2;108;59;52m██[38;2;196;80;30m██[38;2;196;80;30m██[38;2;196;80;30m██[38;2;196;80;30m██[38;2;196;80;30m██[38;2;196;80;30m██[38;2;196;80;30m██[38;2;196;80;30m██[38;2;196;80;30m██[38;2;196;80;30m██[38;2;196;80;30m██[38;2;196;80;30m██[38;2;196;80;30m██[38;2;196;80;30m██[38;2;196;80;30m██[38;2;196;80;30m██[38;2;196;80;30m██[38;2;196;80;30m██[38;2;11;11;11m██      [38;2;11;11;11m██[38;2;108;59;52m██[38;2;108;59;52m██[38;2;108;59;52m██[38;2;196;80;30m██[38;2;196;80;30m██[38;2;196;80;30m██[38;2;196;80;30m██[38;2;108;59;52m██[38;2;142;66;55m██[38;2;196;80;30m██[38;2;196;80;30m██[38;2;196;80;30m██[38;2;196;80;30m██[38;2;196;80;30m██[38;2;196;80;30m██[38;2;196;80;30m██[38;2;196;80;30m██[38;2;142;66;55m██[38;2;108;59;52m██[38;2;11;11;11m██      
                  [38;2;70;28;21m██[38;2;142;66;55m██[38;2;142;66;55m██[38;2;142;66;55m██[38;2;11;11;11m██[38;2;223;220;227m██[38;2;70;28;21m██[38;2;196;80;30m██[38;2;196;80;30m██[38;2;196;80;30m██[38;2;196;80;30m██[38;2;196;80;30m██[38;2;196;80;30m██[38;2;196;80;30m██[38;2;196;80;30m██[38;2;196;80;30m██[38;2;196;80;30m██[38;2;196;80;30m██[38;2;108;59;52m██[38;2;196;80;30m██[38;2;196;80;30m██[38;2;196;80;30m██[38;2;196;80;30m██[38;2;196;80;30m██[38;2;196;80;30m██[38;2;11;11;11m██      [38;2;11;11;11m██[38;2;46;46;39m██[38;2;46;46;39m██[38;2;108;59;52m██[38;2;142;66;55m██[38;2;196;80;30m██[38;2;196;80;30m██[38;2;108;59;52m██[38;2;108;59;52m██[38;2;108;59;52m██[38;2;196;80;30m██[38;2;196;80;30m██[38;2;196;80;30m██[38;2;196;80;30m██[38;2;142;66;55m██[38;2;196;80;30m██[38;2;196;80;30m██[38;2;108;59;52m██[38;2;46;46;39m██[38;2;46;46;39m██[38;2;11;11;11m██      
                [38;2;70;28;21m██[38;2;142;66;55m██[38;2;142;66;55m██[38;2;142;66;55m██[38;2;11;11;11m██[38;2;11;11;11m██[38;2;141;121;142m██[38;2;70;28;21m██[38;2;196;80;30m██[38;2;196;80;30m██[38;2;196;80;30m██[38;2;196;80;30m██[38;2;196;80;30m██[38;2;108;59;52m██[38;2;196;80;30m██[38;2;196;80;30m██[38;2;196;80;30m██[38;2;141;121;142m██[38;2;141;121;142m██[38;2;70;28;21m██[38;2;196;80;30m██[38;2;196;80;30m██[38;2;196;80;30m██[38;2;196;80;30m██[38;2;196;80;30m██[38;2;11;11;11m██        [38;2;11;11;11m██[38;2;46;46;39m██[38;2;46;46;39m██[38;2;46;46;39m██[38;2;142;66;55m██[38;2;196;80;30m██[38;2;108;59;52m██[38;2;46;46;39m██[38;2;46;46;39m██[38;2;46;46;39m██[38;2;108;59;52m██[38;2;196;80;30m██[38;2;196;80;30m██[38;2;196;80;30m██[38;2;108;59;52m██[38;2;108;59;52m██[38;2;46;46;39m██[38;2;46;46;39m██[38;2;46;46;39m██[38;2;11;11;11m██        
              [38;2;29;28;22m██[38;2;29;28;22m██[38;2;142;66;55m██[38;2;142;66;55m██[38;2;11;11;11m██    [38;2;11;11;11m██[38;2;11;11;11m██[38;2;196;80;30m██[38;2;196;80;30m██[38;2;196;80;30m██[38;2;196;80;30m██[38;2;196;80;30m██[38;2;70;28;21m██[38;2;141;121;142m██[38;2;141;121;142m██[38;2;141;121;142m██[38;2;11;11;11m██[38;2;11;11;11m██[38;2;11;11;11m██[38;2;196;80;30m██[38;2;196;80;30m██[38;2;196;80;30m██[38;2;196;80;30m██[38;2;196;80;30m██[38;2;11;11;11m██        [38;2;11;11;11m██[38;2;46;46;39m██[38;2;46;46;39m██[38;2;46;46;39m██[38;2;46;46;39m██[38;2;196;80;30m██[38;2;46;46;39m██[38;2;46;46;39m██[38;2;46;46;39m██[38;2;46;46;39m██[38;2;46;46;39m██[38;2;196;80;30m██[38;2;196;80;30m██[38;2;196;80;30m██[38;2;108;59;52m██[38;2;46;46;39m██[38;2;46;46;39m██[38;2;46;46;39m██[38;2;46;46;39m██[38;2;11;11;11m██[38;2;29;28;22m██      
            [38;2;29;28;22m██[38;2;46;46;39m██[38;2;46;46;39m██[38;2;11;11;11m██[38;2;11;11;11m██        [38;2;11;11;11m██[38;2;196;80;30m██[38;2;196;80;30m██[38;2;196;80;30m██[38;2;196;80;30m██[38;2;196;80;30m██[38;2;11;11;11m██[38;2;11;11;11m██[38;2;11;11;11m██[38;2;11;11;11m██[38;2;108;59;52m██[38;2;108;59;52m██[38;2;11;11;11m██[38;2;196;80;30m██[38;2;196;80;30m██[38;2;196;80;30m██[38;2;196;80;30m██[38;2;196;80;30m██[38;2;142;66;55m██[38;2;11;11;11m██        [38;2;11;11;11m██[38;2;29;28;22m██[38;2;46;46;39m██[38;2;46;46;39m██[38;2;108;59;52m██[38;2;46;46;39m██[38;2;46;46;39m██[38;2;46;46;39m██[38;2;46;46;39m██[38;2;108;59;52m██[38;2;196;80;30m██[38;2;196;80;30m██[38;2;196;80;30m██[38;2;196;80;30m██[38;2;108;59;52m██[38;2;46;46;39m██[38;2;46;46;39m██[38;2;46;46;39m██[38;2;11;11;11m██[38;2;46;46;39m██[38;2;29;28;22m██    
            [38;2;29;28;22m██[38;2;46;46;39m██[38;2;46;46;39m██[38;2;46;46;39m██[38;2;46;46;39m██[38;2;11;11;11m██        [38;2;70;28;21m██[38;2;196;80;30m██[38;2;196;80;30m██[38;2;196;80;30m██[38;2;70;28;21m██      [38;2;70;28;21m██[38;2;108;59;52m██[38;2;108;59;52m██[38;2;108;59;52m██[38;2;11;11;11m██[38;2;196;80;30m██[38;2;196;80;30m██[38;2;196;80;30m██[38;2;142;66;55m██[38;2;142;66;55m██[38;2;142;66;55m██[38;2;11;11;11m██  [38;2;29;28;22m██[38;2;29;28;22m██[38;2;11;11;11m██[38;2;29;28;22m██[38;2;29;28;22m██[38;2;46;46;39m██[38;2;46;46;39m██[38;2;46;46;39m██[38;2;46;46;39m██[38;2;46;46;39m██[38;2;108;59;52m██[38;2;196;80;30m██[38;2;196;80;30m██[38;2;196;80;30m██[38;2;196;80;30m██[38;2;196;80;30m██[38;2;196;80;30m██[38;2;108;59;52m██[38;2;46;46;39m██[38;2;46;46;39m██[38;2;11;11;11m██[38;2;46;46;39m██[38;2;29;28;22m██    
              [38;2;11;11;11m██[38;2;46;46;39m██[38;2;46;46;39m██[38;2;46;46;39m██[38;2;11;11;11m██        [38;2;11;11;11m██[38;2;196;80;30m██[38;2;196;80;30m██[38;2;196;80;30m██[38;2;11;11;11m██        [38;2;70;28;21m██[38;2;108;59;52m██[38;2;108;59;52m██[38;2;108;59;52m██[38;2;11;11;11m██[38;2;142;66;55m██[38;2;142;66;55m██[38;2;142;66;55m██[38;2;142;66;55m██[38;2;142;66;55m██[38;2;11;11;11m██[38;2;29;28;22m██[38;2;46;46;39m██[38;2;46;46;39m██[38;2;46;46;39m██[38;2;11;11;11m██[38;2;29;28;22m██[38;2;29;28;22m██[38;2;29;28;22m██[38;2;46;46;39m██[38;2;46;46;39m██[38;2;46;46;39m██[38;2;46;46;39m██[38;2;46;46;39m██[38;2;108;59;52m██[38;2;196;80;30m██[38;2;108;59;52m██[38;2;46;46;39m██[38;2;46;46;39m██[38;2;46;46;39m██[38;2;46;46;39m██[38;2;29;28;22m██[38;2;29;28;22m██[38;2;29;28;22m██      
                [38;2;11;11;11m██[38;2;46;46;39m██[38;2;29;28;22m██[38;2;46;46;39m██[38;2;11;11;11m██      [38;2;11;11;11m██[38;2;196;80;30m██[38;2;196;80;30m██[38;2;196;80;30m██[38;2;11;11;11m██        [38;2;70;28;21m██[38;2;108;59;52m██[38;2;108;59;52m██[38;2;11;11;11m██  [38;2;11;11;11m██[38;2;11;11;11m██[38;2;142;66;55m██[38;2;142;66;55m██[38;2;142;66;55m██[38;2;142;66;55m██[38;2;11;11;11m██[38;2;46;46;39m██[38;2;46;46;39m██[38;2;46;46;39m██[38;2;46;46;39m██[38;2;46;46;39m██[38;2;46;46;39m██[38;2;29;28;22m██[38;2;29;28;22m██[38;2;29;28;22m██[38;2;29;28;22m██[38;2;29;28;22m██[38;2;46;46;39m██[38;2;46;46;39m██[38;2;29;28;22m██[38;2;29;28;22m██[38;2;46;46;39m██[38;2;46;46;39m██[38;2;46;46;39m██[38;2;46;46;39m██[38;2;46;46;39m██[38;2;46;46;39m██[38;2;46;46;39m██[38;2;29;28;22m██[38;2;29;28;22m██  
                  [38;2;11;11;11m██[38;2;46;46;39m██[38;2;46;46;39m██[38;2;11;11;11m██    [38;2;29;28;22m██[38;2;29;28;22m██[38;2;196;80;30m██[38;2;196;80;30m██[38;2;11;11;11m██          [38;2;70;28;21m██[38;2;29;28;22m██[38;2;108;59;52m██[38;2;11;11;11m██      [38;2;11;11;11m██[38;2;11;11;11m██[38;2;142;66;55m██[38;2;142;66;55m██[38;2;11;11;11m██[38;2;11;11;11m██[38;2;11;11;11m██[38;2;29;28;22m██[38;2;46;46;39m██[38;2;46;46;39m██[38;2;46;46;39m██[38;2;46;46;39m██[38;2;46;46;39m██[38;2;46;46;39m██[38;2;46;46;39m██[38;2;46;46;39m██[38;2;46;46;39m██[38;2;46;46;39m██[38;2;46;46;39m██[38;2;46;46;39m██[38;2;46;46;39m██[38;2;46;46;39m██[38;2;29;28;22m██[38;2;46;46;39m██[38;2;46;46;39m██[38;2;46;46;39m██[38;2;46;46;39m██[38;2;46;46;39m██[38;2;46;46;39m██[38;2;11;11;11m██
                  [38;2;11;11;11m██[38;2;29;28;22m██[38;2;46;46;39m██[38;2;11;11;11m██  [38;2;29;28;22m██[38;2;46;46;39m██[38;2;46;46;39m██[38;2;11;11;11m██[38;2;196;80;30m██[38;2;11;11;11m██      [38;2;11;11;11m██[38;2;11;11;11m██[38;2;29;28;22m██[38;2;29;28;22m██[38;2;11;11;11m██          [38;2;11;11;11m██[38;2;142;66;55m██[38;2;142;66;55m██[38;2;11;11;11m██  [38;2;11;11;11m██[38;2;46;46;39m██[38;2;46;46;39m██[38;2;46;46;39m██[38;2;46;46;39m██[38;2;29;28;22m██[38;2;46;46;39m██[38;2;46;46;39m██[38;2;46;46;39m██[38;2;46;46;39m██[38;2;46;46;39m██[38;2;29;28;22m██[38;2;46;46;39m██[38;2;46;46;39m██[38;2;46;46;39m██[38;2;46;46;39m██[38;2;46;46;39m██[38;2;29;28;22m██[38;2;11;11;11m██[38;2;29;28;22m██[38;2;46;46;39m██[38;2;46;46;39m██[38;2;29;28;22m██[38;2;11;11;11m██
                    [38;2;11;11;11m██[38;2;11;11;11m██    [38;2;29;28;22m██[38;2;46;46;39m██[38;2;46;46;39m██[38;2;46;46;39m██[38;2;11;11;11m██      [38;2;11;11;11m██[38;2;29;28;22m██[38;2;29;28;22m██[38;2;29;28;22m██[38;2;29;28;22m██[38;2;11;11;11m██          [38;2;11;11;11m██[38;2;29;28;22m██[38;2;11;11;11m██  [38;2;11;11;11m██[38;2;46;46;39m██[38;2;46;46;39m██[38;2;46;46;39m██[38;2;46;46;39m██[38;2;29;28;22m██[38;2;46;46;39m██[38;2;46;46;39m██[38;2;46;46;39m██[38;2;46;46;39m██[38;2;46;46;39m██[38;2;46;46;39m██[38;2;11;11;11m██[38;2;46;46;39m██[38;2;46;46;39m██[38;2;46;46;39m██[38;2;46;46;39m██[38;2;46;46;39m██[38;2;29;28;22m██  [38;2;11;11;11m██[38;2;11;11;11m██[38;2;11;11;11m██[38;2;11;11;11m██  
                              [38;2;29;28;22m██[38;2;46;46;39m██[38;2;46;46;39m██[38;2;11;11;11m██      [38;2;11;11;11m██[38;2;29;28;22m██[38;2;29;28;22m██[38;2;29;28;22m██[38;2;11;11;11m██          [38;2;11;11;11m██[38;2;29;28;22m██[38;2;29;28;22m██[38;2;11;11;11m██  [38;2;11;11;11m██[38;2;46;46;39m██[38;2;46;46;39m██[38;2;46;46;39m██[38;2;11;11;11m██[38;2;11;11;11m██[38;2;46;46;39m██[38;2;46;46;39m██[38;2;46;46;39m██[38;2;46;46;39m██[38;2;46;46;39m██[38;2;11;11;11m██  [38;2;11;11;11m██[38;2;46;46;39m██[38;2;46;46;39m██[38;2;46;46;39m██[38;2;46;46;39m██[38;2;46;46;39m██[38;2;11;11;11m██          
                              [38;2;29;28;22m██[38;2;46;46;39m██[38;2;46;46;39m██[38;2;11;11;11m██        [38;2;11;11;11m██[38;2;11;11;11m██[38;2;11;11;11m██        [38;2;11;11;11m██[38;2;11;11;11m██[38;2;29;28;22m██[38;2;29;28;22m██[38;2;29;28;22m██[38;2;11;11;11m██    [38;2;11;11;11m██[38;2;11;11;11m██[38;2;11;11;11m██  [38;2;11;11;11m██[38;2;46;46;39m██[38;2;46;46;39m██[38;2;46;46;39m██[38;2;29;28;22m██[38;2;11;11;11m██      [38;2;11;11;11m██[38;2;11;11;11m██[38;2;29;28;22m██[38;2;46;46;39m██[38;2;46;46;39m██[38;2;11;11;11m██          
                          [38;2;11;11;11m██[38;2;11;11;11m██[38;2;46;46;39m██[38;2;46;46;39m██[38;2;29;28;22m██                      [38;2;11;11;11m██[38;2;46;46;39m██[38;2;46;46;39m██[38;2;46;46;39m██[38;2;29;28;22m██[38;2;11;11;11m██                [38;2;11;11;11m██[38;2;11;11;11m██[38;2;11;11;11m██              [38;2;11;11;11m██[38;2;11;11;11m██[38;2;11;11;11m██            
                        [38;2;11;11;11m██[38;2;46;46;39m██[38;2;46;46;39m██[38;2;46;46;39m██[38;2;46;46;39m██[38;2;11;11;11m██                      [38;2;11;11;11m██[38;2;46;46;39m██[38;2;29;28;22m██[38;2;46;46;39m██[38;2;11;11;11m██                                                        
                        [38;2;11;11;11m██[38;2;46;46;39m██[38;2;29;28;22m██[38;2;46;46;39m██[38;2;11;11;11m██                          [38;2;11;11;11m██[38;2;11;11;11m██[38;2;11;11;11m██                                                          
                          [38;2;11;11;11m██[38;2;11;11;11m██[38;2;11;11;11m██                                                                                            
