                                        [38;2;81;76;73m██[38;2;81;76;73m██[38;2;81;76;73m██[38;2;81;76;73m██[38;2;54;49;47m██                                        
                                  [38;2;81;76;73m██[38;2;81;76;73m██[38;2;81;76;73m██[38;2;162;159;156m██[38;2;162;159;156m██[38;2;162;159;156m██[38;2;162;159;156m██[38;2;54;49;47m██                                        
                              [38;2;81;76;73m██[38;2;81;76;73m██[38;2;162;159;156m██[38;2;162;159;156m██[38;2;162;159;156m██[38;2;162;159;156m██[38;2;162;159;156m██[38;2;162;159;156m██[38;2;81;76;73m██[38;2;81;76;73m██[38;2;54;49;47m██          [38;2;81;76;73m██[38;2;81;76;73m██[38;2;81;76;73m██[38;2;81;76;73m██                    
                          [38;2;81;76;73m██[38;2;81;76;73m██[38;2;162;159;156m██[38;2;162;159;156m██[38;2;162;159;156m██[38;2;162;159;156m██[38;2;162;159;156m██[38;2;162;159;156m██[38;2;119;112;108m██[38;2;119;112;108m██[38;2;81;76;73m██[38;2;81;76;73m██[38;2;54;49;47m██      [38;2;54;49;47m██[38;2;54;49;47m██[38;2;162;159;156m██[38;2;162;159;156m██[38;2;162;159;156m██[38;2;81;76;73m██                    
                        [38;2;54;49;47m██[38;2;162;159;156m██[38;2;162;159;156m██[38;2;162;159;156m██[38;2;162;159;156m██[38;2;162;159;156m██[38;2;162;159;156m██[38;2;119;112;108m██[38;2;119;112;108m██[38;2;119;112;108m██[38;2;119;112;108m██[38;2;81;76;73m██[38;2;81;76;73m██[38;2;81;76;73m██[38;2;54;49;47m██[38;2;54;49;47m██[38;2;54;49;47m██[38;2;119;112;108m██[38;2;119;112;108m██[38;2;162;159;156m██[38;2;162;159;156m██[38;2;162;159;156m██[38;2;162;159;156m██[38;2;81;76;73m██                  
                        [38;2;54;49;47m██[38;2;119;112;108m██[38;2;119;112;108m██[38;2;119;112;108m██[38;2;119;112;108m██[38;2;119;112;108m██[38;2;119;112;108m██[38;2;119;112;108m██[38;2;119;112;108m██[38;2;119;112;108m██[38;2;119;112;108m██[38;2;119;112;108m██[38;2;119;112;108m██[38;2;119;112;108m██[38;2;119;112;108m██[38;2;119;112;108m██[38;2;119;112;108m██[38;2;119;112;108m██[38;2;119;112;108m██[38;2;119;112;108m██[38;2;162;159;156m██[38;2;162;159;156m██[38;2;162;159;156m██[38;2;81;76;73m██                  
                    [38;2;81;76;73m██[38;2;81;76;73m██[38;2;119;112;108m██[38;2;119;112;108m██[38;2;119;112;108m██[38;2;119;112;108m██[38;2;119;112;108m██[38;2;119;112;108m██[38;2;119;112;108m██[38;2;81;76;73m██[38;2;81;76;73m██[38;2;81;76;73m██[38;2;119;112;108m██[38;2;119;112;108m██[38;2;119;112;108m██[38;2;119;112;108m██[38;2;119;112;108m██[38;2;119;112;108m██[38;2;81;76;73m██[38;2;81;76;73m██[38;2;119;112;108m██[38;2;119;112;108m██[38;2;119;112;108m██[38;2;81;76;73m██[38;2;81;76;73m██[38;2;54;49;47m██                  
                  [38;2;81;76;73m██[38;2;162;159;156m██[38;2;162;159;156m██[38;2;119;112;108m██[38;2;119;112;108m██[38;2;119;112;108m██[38;2;119;112;108m██[38;2;81;76;73m██[38;2;81;76;73m██[38;2;81;76;73m██[38;2;162;159;156m██[38;2;162;159;156m██[38;2;162;159;156m██[38;2;81;76;73m██[38;2;119;112;108m██[38;2;119;112;108m██[38;2;119;112;108m██[38;2;81;76;73m██[38;2;81;76;73m██[38;2;162;159;156m██[38;2;162;159;156m██[38;2;81;76;73m██[38;2;81;76;73m██[38;2;119;112;108m██[38;2;81;76;73m██[38;2;81;76;73m██[38;2;54;49;47m██                  
                  [38;2;81;76;73m██[38;2;162;159;156m██[38;2;162;159;156m██[38;2;119;112;108m██[38;2;119;112;108m██[38;2;119;112;108m██[38;2;119;112;108m██[38;2;81;76;73m██[38;2;162;159;156m██[38;2;162;159;156m██[38;2;162;159;156m██[38;2;162;159;156m██[38;2;162;159;156m██[38;2;162;159;156m██[38;2;81;76;73m██[38;2;119;112;108m██[38;2;119;112;108m██[38;2;81;76;73m██[38;2;162;159;156m██[38;2;162;159;156m██[38;2;162;159;156m██[38;2;162;159;156m██[38;2;162;159;156m██[38;2;81;76;73m██[38;2;119;112;108m██[38;2;81;76;73m██[38;2;81;76;73m██[38;2;54;49;47m██[38;2;54;49;47m██              
            [38;2;81;76;73m██[38;2;81;76;73m██[38;2;81;76;73m██[38;2;119;112;108m██[38;2;119;112;108m██[38;2;119;112;108m██[38;2;119;112;108m██[38;2;119;112;108m██[38;2;119;112;108m██[38;2;119;112;108m██[38;2;81;76;73m██[38;2;162;159;156m██[38;2;162;159;156m██[38;2;162;159;156m██[38;2;162;159;156m██[38;2;162;159;156m██[38;2;162;159;156m██[38;2;81;76;73m██[38;2;119;112;108m██[38;2;119;112;108m██[38;2;119;112;108m██[38;2;81;76;73m██[38;2;81;76;73m██[38;2;162;159;156m██[38;2;162;159;156m██[38;2;162;159;156m██[38;2;81;76;73m██[38;2;119;112;108m██[38;2;119;112;108m██[38;2;119;112;108m██[38;2;119;112;108m██[38;2;119;112;108m██[38;2;54;49;47m██[38;2;54;49;47m██          
          [38;2;81;76;73m██[38;2;162;159;156m██[38;2;162;159;156m██[38;2;119;112;108m██[38;2;119;112;108m██[38;2;119;112;108m██[38;2;119;112;108m██[38;2;81;76;73m██[38;2;81;76;73m██[38;2;81;76;73m██[38;2;119;112;108m██[38;2;119;112;108m██[38;2;81;76;73m██[38;2;81;76;73m██[38;2;81;76;73m██[38;2;162;159;156m██[38;2;162;159;156m██[38;2;81;76;73m██[38;2;119;112;108m██[38;2;119;112;108m██[38;2;119;112;108m██[38;2;119;112;108m██[38;2;119;112;108m██[38;2;119;112;108m██[38;2;81;76;73m██[38;2;81;76;73m██[38;2;81;76;73m██[38;2;119;112;108m██[38;2;119;112;108m██[38;2;119;112;108m██[38;2;119;112;108m██[38;2;119;112;108m██[38;2;119;112;108m██[38;2;119;112;108m██[38;2;119;112;108m██[38;2;54;49;47m██        
          [38;2;81;76;73m██[38;2;162;159;156m██[38;2;42;41;40m██[38;2;42;41;40m██[38;2;42;41;40m██[38;2;42;41;40m██[38;2;42;41;40m██[38;2;42;41;40m██[38;2;162;159;156m██[38;2;162;159;156m██[38;2;81;76;73m██[38;2;119;112;108m██[38;2;119;112;108m██[38;2;119;112;108m██[38;2;119;112;108m██[38;2;81;76;73m██[38;2;81;76;73m██[38;2;81;76;73m██[38;2;119;112;108m██[38;2;119;112;108m██[38;2;119;112;108m██[38;2;81;76;73m██[38;2;81;76;73m██[38;2;119;112;108m██[38;2;119;112;108m██[38;2;119;112;108m██[38;2;119;112;108m██[38;2;119;112;108m██[38;2;119;112;108m██[38;2;119;112;108m██[38;2;119;112;108m██[38;2;81;76;73m██[38;2;81;76;73m██[38;2;81;76;73m██[38;2;119;112;108m██[38;2;54;49;47m██        
          [38;2;24;23;22m██[38;2;24;23;22m██[38;2;92;87;82m██[38;2;92;87;82m██[38;2;92;87;82m██[38;2;92;87;82m██[38;2;92;87;82m██[38;2;92;87;82m██[38;2;42;41;40m██[38;2;42;41;40m██[38;2;81;76;73m██[38;2;119;112;108m██[38;2;119;112;108m██[38;2;119;112;108m██[38;2;119;112;108m██[38;2;119;112;108m██[38;2;119;112;108m██[38;2;119;112;108m██[38;2;119;112;108m██[38;2;81;76;73m██[38;2;81;76;73m██[38;2;162;159;156m██[38;2;81;76;73m██[38;2;119;112;108m██[38;2;119;112;108m██[38;2;119;112;108m██[38;2;119;112;108m██[38;2;81;76;73m██[38;2;81;76;73m██[38;2;81;76;73m██[38;2;81;76;73m██[38;2;162;159;156m██[38;2;162;159;156m██[38;2;81;76;73m██[38;2;119;112;108m██[38;2;119;112;108m██[38;2;54;49;47m██      
        [38;2;24;23;22m██[38;2;64;59;58m██[38;2;64;59;58m██[38;2;42;41;40m██[38;2;42;41;40m██[38;2;92;87;82m██[38;2;92;87;82m██[38;2;92;87;82m██[38;2;92;87;82m██[38;2;92;87;82m██[38;2;92;87;82m██[38;2;42;41;40m██[38;2;42;41;40m██[38;2;119;112;108m██[38;2;119;112;108m██[38;2;119;112;108m██[38;2;81;76;73m██[38;2;119;112;108m██[38;2;119;112;108m██[38;2;119;112;108m██[38;2;81;76;73m██[38;2;162;159;156m██[38;2;162;159;156m██[38;2;81;76;73m██[38;2;119;112;108m██[38;2;119;112;108m██[38;2;119;112;108m██[38;2;119;112;108m██[38;2;81;76;73m██[38;2;162;159;156m██[38;2;162;159;156m██[38;2;162;159;156m██[38;2;162;159;156m██[38;2;162;159;156m██[38;2;162;159;156m██[38;2;81;76;73m██[38;2;119;112;108m██[38;2;119;112;108m██[38;2;8;8;8m██    
      [38;2;24;23;22m██[38;2;64;59;58m██[38;2;64;59;58m██[38;2;64;59;58m██[38;2;64;59;58m██[38;2;64;59;58m██[38;2;64;59;58m██[38;2;42;41;40m██[38;2;42;41;40m██[38;2;92;87;82m██[38;2;92;87;82m██[38;2;92;87;82m██[38;2;92;87;82m██[38;2;42;41;40m██[38;2;24;23;22m██[38;2;119;112;108m██[38;2;81;76;73m██[38;2;162;159;156m██[38;2;81;76;73m██[38;2;119;112;108m██[38;2;119;112;108m██[38;2;119;112;108m██[38;2;81;76;73m██[38;2;81;76;73m██[38;2;119;112;108m██[38;2;119;112;108m██[38;2;119;112;108m██[38;2;119;112;108m██[38;2;119;112;108m██[38;2;81;76;73m██[38;2;162;159;156m██[38;2;162;159;156m██[38;2;162;159;156m██[38;2;162;159;156m██[38;2;162;159;156m██[38;2;162;159;156m██[38;2;81;76;73m██[38;2;119;112;108m██[38;2;119;112;108m██[38;2;8;8;8m██    
    [38;2;24;23;22m██[38;2;64;59;58m██[38;2;64;59;58m██[38;2;64;59;58m██[38;2;64;59;58m██[38;2;64;59;58m██[38;2;64;59;58m██[38;2;64;59;58m██[38;2;64;59;58m██[38;2;64;59;58m██[38;2;64;59;58m██[38;2;42;41;40m██[38;2;92;87;82m██[38;2;92;87;82m██[38;2;42;41;40m██[38;2;64;59;58m██[38;2;24;23;22m██[38;2;162;159;156m██[38;2;162;159;156m██[38;2;162;159;156m██[38;2;81;76;73m██[38;2;119;112;108m██[38;2;119;112;108m██[38;2;119;112;108m██[38;2;119;112;108m██[38;2;119;112;108m██[38;2;119;112;108m██[38;2;119;112;108m██[38;2;119;112;108m██[38;2;119;112;108m██[38;2;119;112;108m██[38;2;81;76;73m██[38;2;81;76;73m██[38;2;81;76;73m██[38;2;162;159;156m██[38;2;162;159;156m██[38;2;81;76;73m██[38;2;119;112;108m██[38;2;119;112;108m██[38;2;119;112;108m██[38;2;8;8;8m██    
  [38;2;24;23;22m██[38;2;64;59;58m██[38;2;64;59;58m██[38;2;64;59;58m██[38;2;64;59;58m██[38;2;64;59;58m██[38;2;64;59;58m██[38;2;42;41;40m██[38;2;42;41;40m██[38;2;64;59;58m██[38;2;64;59;58m██[38;2;64;59;58m██[38;2;64;59;58m██[38;2;42;41;40m██[38;2;42;41;40m██[38;2;24;23;22m██[38;2;64;59;58m██[38;2;64;59;58m██[38;2;24;23;22m██[38;2;162;159;156m██[38;2;81;76;73m██[38;2;81;76;73m██[38;2;119;112;108m██[38;2;119;112;108m██[38;2;119;112;108m██[38;2;119;112;108m██[38;2;119;112;108m██[38;2;119;112;108m██[38;2;119;112;108m██[38;2;119;112;108m██[38;2;119;112;108m██[38;2;119;112;108m██[38;2;119;112;108m██[38;2;119;112;108m██[38;2;119;112;108m██[38;2;81;76;73m██[38;2;81;76;73m██[38;2;81;76;73m██[38;2;119;112;108m██[38;2;119;112;108m██[38;2;8;8;8m██      
[38;2;24;23;22m██[38;2;64;59;58m██[38;2;64;59;58m██[38;2;64;59;58m██[38;2;64;59;58m██[38;2;64;59;58m██[38;2;42;41;40m██[38;2;42;41;40m██[38;2;237;89;27m██[38;2;42;41;40m██[38;2;64;59;58m██[38;2;64;59;58m██[38;2;64;59;58m██[38;2;64;59;58m██[38;2;42;41;40m██[38;2;42;41;40m██[38;2;42;41;40m██[38;2;64;59;58m██[38;2;64;59;58m██[38;2;24;23;22m██[38;2;81;76;73m██[38;2;81;76;73m██[38;2;119;112;108m██[38;2;119;112;108m██[38;2;81;76;73m██[38;2;42;41;40m██[38;2;42;41;40m██[38;2;42;41;40m██[38;2;42;41;40m██[38;2;81;76;73m██[38;2;119;112;108m██[38;2;119;112;108m██[38;2;119;112;108m██[38;2;119;112;108m██[38;2;119;112;108m██[38;2;119;112;108m██[38;2;119;112;108m██[38;2;119;112;108m██[38;2;119;112;108m██[38;2;119;112;108m██[38;2;119;112;108m██[38;2;54;49;47m██[38;2;54;49;47m██    
[38;2;24;23;22m██[38;2;64;59;58m██[38;2;64;59;58m██[38;2;64;59;58m██[38;2;42;41;40m██[38;2;42;41;40m██[38;2;184;55;12m██[38;2;237;89;27m██[38;2;237;89;27m██[38;2;237;89;27m██[38;2;42;41;40m██[38;2;64;59;58m██[38;2;64;59;58m██[38;2;64;59;58m██[38;2;42;41;40m██[38;2;42;41;40m██[38;2;42;41;40m██[38;2;24;23;22m██[38;2;64;59;58m██[38;2;24;23;22m██[38;2;119;112;108m██[38;2;119;112;108m██[38;2;81;76;73m██[38;2;42;41;40m██[38;2;42;41;40m██[38;2;92;87;82m██[38;2;92;87;82m██[38;2;92;87;82m██[38;2;92;87;82m██[38;2;42;41;40m██[38;2;81;76;73m██[38;2;119;112;108m██[38;2;119;112;108m██[38;2;119;112;108m██[38;2;119;112;108m██[38;2;119;112;108m██[38;2;81;76;73m██[38;2;24;23;22m██[38;2;24;23;22m██[38;2;24;23;22m██[38;2;119;112;108m██[38;2;119;112;108m██[38;2;119;112;108m██[38;2;54;49;47m██[38;2;8;8;8m██
[38;2;24;23;22m██[38;2;64;59;58m██[38;2;42;41;40m██[38;2;42;41;40m██[38;2;237;89;27m██[38;2;184;55;12m██[38;2;166;162;159m██[38;2;184;55;12m██[38;2;237;89;27m██[38;2;237;89;27m██[38;2;42;41;40m██[38;2;64;59;58m██[38;2;64;59;58m██[38;2;64;59;58m██[38;2;42;41;40m██[38;2;42;41;40m██[38;2;42;41;40m██[38;2;42;41;40m██[38;2;24;23;22m██[38;2;24;23;22m██[38;2;81;76;73m██[38;2;119;112;108m██[38;2;42;41;40m██[38;2;92;87;82m██[38;2;92;87;82m██[38;2;42;41;40m██[38;2;42;41;40m██[38;2;92;87;82m██[38;2;92;87;82m██[38;2;42;41;40m██[38;2;24;23;22m██[38;2;81;76;73m██[38;2;119;112;108m██[38;2;119;112;108m██[38;2;81;76;73m██[38;2;42;41;40m██[38;2;42;41;40m██[38;2;64;59;58m██[38;2;64;59;58m██[38;2;64;59;58m██[38;2;24;23;22m██[38;2;119;112;108m██[38;2;119;112;108m██[38;2;81;76;73m██[38;2;8;8;8m██
[38;2;24;23;22m██[38;2;64;59;58m██[38;2;42;41;40m██[38;2;237;89;27m██[38;2;237;89;27m██[38;2;184;55;12m██[38;2;254;254;254m██[38;2;184;55;12m██[38;2;237;89;27m██[38;2;237;89;27m██[38;2;237;89;27m██[38;2;42;41;40m██[38;2;64;59;58m██[38;2;64;59;58m██[38;2;24;23;22m██[38;2;42;41;40m██[38;2;42;41;40m██[38;2;42;41;40m██[38;2;42;41;40m██[38;2;24;23;22m██[38;2;81;76;73m██[38;2;54;49;47m██[38;2;42;41;40m██[38;2;92;87;82m██[38;2;42;41;40m██[38;2;64;59;58m██[38;2;64;59;58m██[38;2;42;41;40m██[38;2;42;41;40m██[38;2;64;59;58m██[38;2;64;59;58m██[38;2;24;23;22m██[38;2;119;112;108m██[38;2;119;112;108m██[38;2;42;41;40m██[38;2;92;87;82m██[38;2;64;59;58m██[38;2;64;59;58m██[38;2;24;23;22m██[38;2;24;23;22m██[38;2;24;23;22m██[38;2;81;76;73m██[38;2;81;76;73m██[38;2;81;76;73m██[38;2;8;8;8m██
[38;2;24;23;22m██[38;2;42;41;40m██[38;2;237;89;27m██[38;2;237;89;27m██[38;2;237;89;27m██[38;2;184;55;12m██[38;2;254;254;254m██[38;2;184;55;12m██[38;2;237;89;27m██[38;2;237;89;27m██[38;2;237;89;27m██[38;2;42;41;40m██[38;2;64;59;58m██[38;2;64;59;58m██[38;2;24;23;22m██[38;2;24;23;22m██[38;2;42;41;40m██[38;2;42;41;40m██[38;2;42;41;40m██[38;2;8;8;8m██[38;2;81;76;73m██[38;2;24;23;22m██[38;2;42;41;40m██[38;2;24;23;22m██[38;2;64;59;58m██[38;2;64;59;58m██[38;2;64;59;58m██[38;2;64;59;58m██[38;2;42;41;40m██[38;2;64;59;58m██[38;2;64;59;58m██[38;2;24;23;22m██[38;2;81;76;73m██[38;2;54;49;47m██[38;2;42;41;40m██[38;2;92;87;82m██[38;2;92;87;82m██[38;2;42;41;40m██[38;2;42;41;40m██[38;2;42;41;40m██[38;2;42;41;40m██[38;2;24;23;22m██[38;2;81;76;73m██[38;2;81;76;73m██[38;2;8;8;8m██
[38;2;24;23;22m██[38;2;42;41;40m██[38;2;237;89;27m██[38;2;237;89;27m██[38;2;237;89;27m██[38;2;237;89;27m██[38;2;184;55;12m██[38;2;237;89;27m██[38;2;237;89;27m██[38;2;237;89;27m██[38;2;42;41;40m██[38;2;64;59;58m██[38;2;64;59;58m██[38;2;64;59;58m██[38;2;24;23;22m██[38;2;42;41;40m██[38;2;24;23;22m██[38;2;24;23;22m██[38;2;42;41;40m██[38;2;8;8;8m██[38;2;81;76;73m██[38;2;24;23;22m██[38;2;42;41;40m██[38;2;24;23;22m██[38;2;64;59;58m██[38;2;64;59;58m██[38;2;64;59;58m██[38;2;64;59;58m██[38;2;42;41;40m██[38;2;64;59;58m██[38;2;64;59;58m██[38;2;24;23;22m██[38;2;81;76;73m██[38;2;42;41;40m██[38;2;92;87;82m██[38;2;92;87;82m██[38;2;24;23;22m██[38;2;42;41;40m██[38;2;42;41;40m██[38;2;42;41;40m██[38;2;42;41;40m██[38;2;24;23;22m██[38;2;81;76;73m██[38;2;8;8;8m██  
[38;2;24;23;22m██[38;2;64;59;58m██[38;2;42;41;40m██[38;2;184;55;12m██[38;2;237;89;27m██[38;2;237;89;27m██[38;2;237;89;27m██[38;2;237;89;27m██[38;2;184;55;12m██[38;2;42;41;40m██[38;2;64;59;58m██[38;2;64;59;58m██[38;2;64;59;58m██[38;2;24;23;22m██[38;2;42;41;40m██[38;2;42;41;40m██[38;2;42;41;40m██[38;2;42;41;40m██[38;2;24;23;22m██[38;2;8;8;8m██[38;2;81;76;73m██[38;2;24;23;22m██[38;2;42;41;40m██[38;2;24;23;22m██[38;2;64;59;58m██[38;2;64;59;58m██[38;2;64;59;58m██[38;2;64;59;58m██[38;2;42;41;40m██[38;2;24;23;22m██[38;2;42;41;40m██[38;2;24;23;22m██[38;2;81;76;73m██[38;2;24;23;22m██[38;2;24;23;22m██[38;2;24;23;22m██[38;2;24;23;22m██[38;2;42;41;40m██[38;2;42;41;40m██[38;2;42;41;40m██[38;2;42;41;40m██[38;2;24;23;22m██[38;2;81;76;73m██[38;2;8;8;8m██  
[38;2;24;23;22m██[38;2;64;59;58m██[38;2;64;59;58m██[38;2;42;41;40m██[38;2;42;41;40m██[38;2;42;41;40m██[38;2;42;41;40m██[38;2;42;41;40m██[38;2;42;41;40m██[38;2;64;59;58m██[38;2;64;59;58m██[38;2;42;41;40m██[38;2;42;41;40m██[38;2;42;41;40m██[38;2;42;41;40m██[38;2;42;41;40m██[38;2;42;41;40m██[38;2;8;8;8m██[38;2;8;8;8m██[38;2;81;76;73m██[38;2;81;76;73m██[38;2;24;23;22m██[38;2;42;41;40m██[38;2;42;41;40m██[38;2;42;41;40m██[38;2;64;59;58m██[38;2;64;59;58m██[38;2;64;59;58m██[38;2;42;41;40m██[38;2;42;41;40m██[38;2;42;41;40m██[38;2;24;23;22m██[38;2;81;76;73m██[38;2;24;23;22m██[38;2;42;41;40m██[38;2;42;41;40m██[38;2;24;23;22m██[38;2;42;41;40m██[38;2;42;41;40m██[38;2;42;41;40m██[38;2;42;41;40m██[38;2;24;23;22m██[38;2;81;76;73m██[38;2;54;49;47m██[38;2;8;8;8m██
  [38;2;8;8;8m██[38;2;8;8;8m██[38;2;64;59;58m██[38;2;64;59;58m██[38;2;64;59;58m██[38;2;64;59;58m██[38;2;64;59;58m██[38;2;64;59;58m██[38;2;42;41;40m██[38;2;42;41;40m██[38;2;24;23;22m██[38;2;42;41;40m██[38;2;42;41;40m██[38;2;42;41;40m██[38;2;8;8;8m██[38;2;8;8;8m██[38;2;81;76;73m██[38;2;81;76;73m██[38;2;81;76;73m██[38;2;81;76;73m██[38;2;24;23;22m██[38;2;42;41;40m██[38;2;42;41;40m██[38;2;42;41;40m██[38;2;24;23;22m██[38;2;24;23;22m██[38;2;24;23;22m██[38;2;42;41;40m██[38;2;42;41;40m██[38;2;24;23;22m██[38;2;54;49;47m██[38;2;81;76;73m██[38;2;54;49;47m██[38;2;24;23;22m██[38;2;24;23;22m██[38;2;42;41;40m██[38;2;24;23;22m██[38;2;24;23;22m██[38;2;24;23;22m██[38;2;24;23;22m██[38;2;54;49;47m██[38;2;54;49;47m██[38;2;54;49;47m██[38;2;8;8;8m██
    [38;2;8;8;8m██[38;2;8;8;8m██[38;2;8;8;8m██[38;2;42;41;40m██[38;2;42;41;40m██[38;2;42;41;40m██[38;2;42;41;40m██[38;2;42;41;40m██[38;2;42;41;40m██[38;2;42;41;40m██[38;2;8;8;8m██[38;2;8;8;8m██[38;2;8;8;8m██[38;2;81;76;73m██[38;2;81;76;73m██[38;2;81;76;73m██[38;2;81;76;73m██[38;2;81;76;73m██[38;2;81;76;73m██[38;2;81;76;73m██[38;2;24;23;22m██[38;2;24;23;22m██[38;2;42;41;40m██[38;2;42;41;40m██[38;2;42;41;40m██[38;2;24;23;22m██[38;2;42;41;40m██[38;2;24;23;22m██[38;2;54;49;47m██[38;2;81;76;73m██[38;2;81;76;73m██[38;2;81;76;73m██[38;2;81;76;73m██[38;2;54;49;47m██[38;2;24;23;22m██[38;2;24;23;22m██[38;2;24;23;22m██[38;2;54;49;47m██[38;2;54;49;47m██[38;2;54;49;47m██[38;2;54;49;47m██[38;2;54;49;47m██[38;2;8;8;8m██
  [38;2;8;8;8m██[38;2;54;49;47m██[38;2;54;49;47m██[38;2;54;49;47m██[38;2;8;8;8m██[38;2;8;8;8m██[38;2;8;8;8m██[38;2;8;8;8m██[38;2;8;8;8m██[38;2;8;8;8m██[38;2;8;8;8m██[38;2;8;8;8m██[38;2;8;8;8m██[38;2;81;76;73m██[38;2;81;76;73m██[38;2;81;76;73m██[38;2;81;76;73m██[38;2;81;76;73m██[38;2;81;76;73m██[38;2;81;76;73m██[38;2;81;76;73m██[38;2;81;76;73m██[38;2;54;49;47m██[38;2;24;23;22m██[38;2;24;23;22m██[38;2;24;23;22m██[38;2;24;23;22m██[38;2;24;23;22m██[38;2;54;49;47m██[38;2;81;76;73m██[38;2;81;76;73m██[38;2;81;76;73m██[38;2;81;76;73m██[38;2;81;76;73m██[38;2;81;76;73m██[38;2;81;76;73m██[38;2;81;76;73m██[38;2;8;8;8m██[38;2;8;8;8m██[38;2;8;8;8m██[38;2;54;49;47m██[38;2;54;49;47m██[38;2;8;8;8m██  
    [38;2;8;8;8m██[38;2;8;8;8m██[38;2;8;8;8m██[38;2;54;49;47m██[38;2;54;49;47m██[38;2;54;49;47m██[38;2;54;49;47m██[38;2;54;49;47m██[38;2;8;8;8m██[38;2;24;23;22m██[38;2;64;59;58m██[38;2;64;59;58m██[38;2;8;8;8m██[38;2;81;76;73m██[38;2;81;76;73m██[38;2;81;76;73m██[38;2;81;76;73m██[38;2;81;76;73m██[38;2;81;76;73m██[38;2;81;76;73m██[38;2;81;76;73m██[38;2;81;76;73m██[38;2;81;76;73m██[38;2;81;76;73m██[38;2;81;76;73m██[38;2;81;76;73m██[38;2;81;76;73m██[38;2;81;76;73m██[38;2;81;76;73m██[38;2;81;76;73m██[38;2;81;76;73m██[38;2;81;76;73m██[38;2;81;76;73m██[38;2;81;76;73m██[38;2;8;8;8m██[38;2;8;8;8m██      [38;2;8;8;8m██[38;2;8;8;8m██    
        [38;2;8;8;8m██[38;2;54;49;47m██[38;2;54;49;47m██[38;2;54;49;47m██[38;2;8;8;8m██[38;2;8;8;8m██[38;2;24;23;22m██[38;2;24;23;22m██[38;2;64;59;58m██[38;2;64;59;58m██[38;2;8;8;8m██[38;2;81;76;73m██[38;2;81;76;73m██[38;2;81;76;73m██[38;2;81;76;73m██[38;2;81;76;73m██[38;2;8;8;8m██[38;2;8;8;8m██[38;2;81;76;73m██[38;2;81;76;73m██[38;2;81;76;73m██[38;2;81;76;73m██[38;2;81;76;73m██[38;2;81;76;73m██[38;2;81;76;73m██[38;2;54;49;47m██[38;2;81;76;73m██[38;2;54;49;47m██[38;2;54;49;47m██[38;2;81;76;73m██[38;2;81;76;73m██[38;2;8;8;8m██[38;2;24;23;22m██[38;2;8;8;8m██              
          [38;2;8;8;8m██[38;2;8;8;8m██[38;2;8;8;8m██  [38;2;8;8;8m██[38;2;24;23;22m██[38;2;24;23;22m██[38;2;24;23;22m██[38;2;64;59;58m██[38;2;64;59;58m██[38;2;8;8;8m██[38;2;8;8;8m██[38;2;8;8;8m██[38;2;8;8;8m██[38;2;8;8;8m██[38;2;24;23;22m██[38;2;42;41;40m██[38;2;8;8;8m██[38;2;81;76;73m██[38;2;81;76;73m██[38;2;81;76;73m██[38;2;81;76;73m██[38;2;54;49;47m██[38;2;54;49;47m██[38;2;81;76;73m██[38;2;81;76;73m██[38;2;81;76;73m██[38;2;81;76;73m██[38;2;54;49;47m██[38;2;8;8;8m██[38;2;24;23;22m██[38;2;8;8;8m██                
                    [38;2;8;8;8m██[38;2;8;8;8m██[38;2;24;23;22m██[38;2;64;59;58m██[38;2;64;59;58m██[38;2;64;59;58m██[38;2;64;59;58m██[38;2;64;59;58m██[38;2;64;59;58m██[38;2;64;59;58m██[38;2;24;23;22m██[38;2;42;41;40m██[38;2;42;41;40m██[38;2;8;8;8m██[38;2;8;8;8m██[38;2;54;49;47m██[38;2;54;49;47m██[38;2;81;76;73m██[38;2;81;76;73m██[38;2;81;76;73m██[38;2;81;76;73m██[38;2;81;76;73m██[38;2;81;76;73m██[38;2;81;76;73m██[38;2;8;8;8m██[38;2;24;23;22m██[38;2;8;8;8m██                
                        [38;2;8;8;8m██[38;2;64;59;58m██[38;2;64;59;58m██[38;2;64;59;58m██[38;2;64;59;58m██[38;2;64;59;58m██[38;2;64;59;58m██[38;2;64;59;58m██[38;2;42;41;40m██[38;2;42;41;40m██[38;2;42;41;40m██[38;2;42;41;40m██[38;2;42;41;40m██[38;2;8;8;8m██[38;2;81;76;73m██[38;2;81;76;73m██[38;2;81;76;73m██[38;2;81;76;73m██[38;2;81;76;73m██[38;2;81;76;73m██[38;2;8;8;8m██[38;2;8;8;8m██[38;2;24;23;22m██[38;2;8;8;8m██                  
                          [38;2;8;8;8m██[38;2;64;59;58m██[38;2;64;59;58m██[38;2;64;59;58m██[38;2;64;59;58m██[38;2;24;23;22m██[38;2;24;23;22m██[38;2;42;41;40m██[38;2;42;41;40m██[38;2;42;41;40m██[38;2;42;41;40m██[38;2;42;41;40m██[38;2;42;41;40m██[38;2;8;8;8m██[38;2;8;8;8m██[38;2;81;76;73m██[38;2;81;76;73m██[38;2;8;8;8m██[38;2;8;8;8m██[38;2;42;41;40m██[38;2;24;23;22m██[38;2;24;23;22m██[38;2;8;8;8m██                  
                            [38;2;8;8;8m██[38;2;24;23;22m██[38;2;24;23;22m██[38;2;24;23;22m██[38;2;42;41;40m██[38;2;42;41;40m██[38;2;42;41;40m██[38;2;24;23;22m██[38;2;42;41;40m██[38;2;42;41;40m██[38;2;42;41;40m██[38;2;42;41;40m██[38;2;42;41;40m██[38;2;42;41;40m██[38;2;8;8;8m██[38;2;8;8;8m██[38;2;42;41;40m██[38;2;42;41;40m██[38;2;24;23;22m██[38;2;24;23;22m██[38;2;8;8;8m██                    
                              [38;2;8;8;8m██[38;2;42;41;40m██[38;2;42;41;40m██[38;2;24;23;22m██[38;2;42;41;40m██[38;2;42;41;40m██[38;2;42;41;40m██[38;2;24;23;22m██[38;2;42;41;40m██[38;2;42;41;40m██[38;2;42;41;40m██[38;2;42;41;40m██[38;2;42;41;40m██[38;2;42;41;40m██[38;2;24;23;22m██[38;2;24;23;22m██[38;2;24;23;22m██[38;2;24;23;22m██[38;2;24;23;22m██[38;2;8;8;8m██                    
                                [38;2;8;8;8m██[38;2;8;8;8m██[38;2;42;41;40m██[38;2;42;41;40m██[38;2;42;41;40m██[38;2;42;41;40m██[38;2;42;41;40m██[38;2;24;23;22m██[38;2;24;23;22m██[38;2;24;23;22m██[38;2;24;23;22m██[38;2;24;23;22m██[38;2;24;23;22m██[38;2;24;23;22m██[38;2;24;23;22m██[38;2;8;8;8m██[38;2;8;8;8m██[38;2;8;8;8m██                      
                                    [38;2;8;8;8m██[38;2;8;8;8m██[38;2;42;41;40m██[38;2;42;41;40m██[38;2;42;41;40m██[38;2;24;23;22m██[38;2;24;23;22m██[38;2;24;23;22m██[38;2;24;23;22m██[38;2;8;8;8m██[38;2;8;8;8m██[38;2;8;8;8m██[38;2;8;8;8m██                            
                                        [38;2;8;8;8m██[38;2;8;8;8m██[38;2;8;8;8m██[38;2;8;8;8m██[38;2;8;8;8m██[38;2;8;8;8m██[38;2;8;8;8m██                                    
