            [38;2;53;121;18m██[38;2;53;121;18m██                        [38;2;53;121;18m██[38;2;53;121;18m██[38;2;53;121;18m██        
          [38;2;53;121;18m██[38;2;164;216;74m██[38;2;164;216;74m██[38;2;53;121;18m██                  [38;2;53;121;18m██[38;2;53;121;18m██[38;2;164;216;74m██[38;2;164;216;74m██[38;2;164;216;74m██[38;2;53;121;18m██      
        [38;2;53;121;18m██[38;2;164;216;74m██[38;2;164;216;74m██[38;2;164;216;74m██[38;2;164;216;74m██[38;2;53;121;18m██              [38;2;53;121;18m██[38;2;164;216;74m██[38;2;164;216;74m██[38;2;164;216;74m██[38;2;164;216;74m██[38;2;164;216;74m██[38;2;164;216;74m██[38;2;53;121;18m██    
        [38;2;53;121;18m██[38;2;164;216;74m██[38;2;164;216;74m██[38;2;164;216;74m██[38;2;164;216;74m██[38;2;53;121;18m██            [38;2;53;121;18m██[38;2;164;216;74m██[38;2;164;216;74m██[38;2;164;216;74m██[38;2;164;216;74m██[38;2;164;216;74m██[38;2;164;216;74m██[38;2;164;216;74m██[38;2;53;121;18m██    
        [38;2;53;121;18m██[38;2;164;216;74m██[38;2;164;216;74m██[38;2;164;216;74m██[38;2;164;216;74m██[38;2;164;216;74m██[38;2;53;121;18m██        [38;2;53;121;18m██[38;2;164;216;74m██[38;2;164;216;74m██[38;2;164;216;74m██[38;2;164;216;74m██[38;2;164;216;74m██[38;2;164;216;74m██[38;2;164;216;74m██[38;2;164;216;74m██[38;2;53;121;18m██    
        [38;2;53;121;18m██[38;2;164;216;74m██[38;2;164;216;74m██[38;2;164;216;74m██[38;2;164;216;74m██[38;2;164;216;74m██[38;2;53;121;18m██        [38;2;53;121;18m██[38;2;164;216;74m██[38;2;164;216;74m██[38;2;164;216;74m██[38;2;164;216;74m██[38;2;164;216;74m██[38;2;164;216;74m██[38;2;164;216;74m██[38;2;164;216;74m██[38;2;53;121;18m██    
        [38;2;53;121;18m██[38;2;164;216;74m██[38;2;95;171;29m██[38;2;16;16;16m██[38;2;95;171;29m██[38;2;164;216;74m██[38;2;53;121;18m██      [38;2;53;121;18m██[38;2;164;216;74m██[38;2;164;216;74m██[38;2;95;171;29m██[38;2;16;16;16m██[38;2;95;171;29m██[38;2;164;216;74m██[38;2;164;216;74m██[38;2;164;216;74m██[38;2;53;121;18m██      
        [38;2;53;121;18m██[38;2;164;216;74m██[38;2;16;16;16m██[38;2;254;254;254m██[38;2;16;16;16m██[38;2;164;216;74m██[38;2;164;216;74m██[38;2;53;121;18m██    [38;2;53;121;18m██[38;2;164;216;74m██[38;2;164;216;74m██[38;2;16;16;16m██[38;2;254;254;254m██[38;2;16;16;16m██[38;2;164;216;74m██[38;2;164;216;74m██[38;2;164;216;74m██[38;2;53;121;18m██      
        [38;2;53;121;18m██[38;2;164;216;74m██[38;2;16;16;16m██[38;2;254;254;254m██[38;2;16;16;16m██[38;2;164;216;74m██[38;2;164;216;74m██[38;2;53;121;18m██  [38;2;53;121;18m██[38;2;164;216;74m██[38;2;164;216;74m██[38;2;164;216;74m██[38;2;16;16;16m██[38;2;254;254;254m██[38;2;16;16;16m██[38;2;164;216;74m██[38;2;164;216;74m██[38;2;53;121;18m██        
          [38;2;53;121;18m██[38;2;95;171;29m██[38;2;16;16;16m██[38;2;95;171;29m██[38;2;164;216;74m██[38;2;164;216;74m██[38;2;53;121;18m██  [38;2;53;121;18m██[38;2;164;216;74m██[38;2;164;216;74m██[38;2;164;216;74m██[38;2;95;171;29m██[38;2;16;16;16m██[38;2;95;171;29m██[38;2;164;216;74m██[38;2;164;216;74m██[38;2;16;16;16m██        
          [38;2;16;16;16m██[38;2;164;216;74m██[38;2;164;216;74m██[38;2;164;216;74m██[38;2;164;216;74m██[38;2;164;216;74m██[38;2;53;121;18m██  [38;2;53;121;18m██[38;2;164;216;74m██[38;2;164;216;74m██[38;2;164;216;74m██[38;2;164;216;74m██[38;2;164;216;74m██[38;2;164;216;74m██[38;2;164;216;74m██[38;2;16;16;16m██          
            [38;2;16;16;16m██[38;2;164;216;74m██[38;2;164;216;74m██[38;2;164;216;74m██[38;2;164;216;74m██[38;2;95;171;29m██[38;2;53;121;18m██[38;2;164;216;74m██[38;2;164;216;74m██[38;2;164;216;74m██[38;2;164;216;74m██[38;2;164;216;74m██[38;2;164;216;74m██[38;2;95;171;29m██[38;2;16;16;16m██            
              [38;2;16;16;16m██[38;2;164;216;74m██[38;2;164;216;74m██[38;2;164;216;74m██[38;2;95;171;29m██[38;2;53;121;18m██[38;2;164;216;74m██[38;2;164;216;74m██[38;2;164;216;74m██[38;2;164;216;74m██[38;2;95;171;29m██[38;2;95;171;29m██[38;2;16;16;16m██              
                [38;2;16;16;16m██[38;2;95;171;29m██[38;2;164;216;74m██[38;2;95;171;29m██[38;2;53;121;18m██[38;2;164;216;74m██[38;2;164;216;74m██[38;2;95;171;29m██[38;2;95;171;29m██[38;2;95;171;29m██[38;2;16;16;16m██                
              [38;2;165;5;52m██[38;2;165;5;52m██[38;2;165;5;52m██[38;2;53;121;18m██[38;2;95;171;29m██[38;2;53;121;18m██[38;2;95;171;29m██[38;2;95;171;29m██[38;2;95;171;29m██[38;2;95;171;29m██[38;2;53;121;18m██[38;2;165;5;52m██[38;2;165;5;52m██[38;2;165;5;52m██            
          [38;2;165;5;52m██[38;2;165;5;52m██[38;2;254;69;92m██[38;2;227;43;80m██[38;2;227;43;80m██[38;2;254;69;92m██[38;2;53;121;18m██[38;2;53;121;18m██[38;2;227;43;80m██[38;2;227;43;80m██[38;2;227;43;80m██[38;2;53;121;18m██[38;2;254;69;92m██[38;2;227;43;80m██[38;2;227;43;80m██[38;2;254;69;92m██[38;2;165;5;52m██[38;2;165;5;52m██        
      [38;2;165;5;52m██[38;2;165;5;52m██[38;2;254;69;92m██[38;2;254;69;92m██[38;2;254;69;92m██[38;2;254;69;92m██[38;2;254;69;92m██[38;2;165;5;52m██[38;2;165;5;52m██[38;2;227;43;80m██[38;2;254;69;92m██[38;2;254;69;92m██[38;2;254;69;92m██[38;2;227;43;80m██[38;2;165;5;52m██[38;2;254;69;92m██[38;2;254;69;92m██[38;2;254;69;92m██[38;2;254;69;92m██[38;2;254;69;92m██[38;2;165;5;52m██      
    [38;2;165;5;52m██[38;2;254;69;92m██[38;2;254;69;92m██[38;2;254;69;92m██[38;2;254;69;92m██[38;2;254;69;92m██[38;2;254;69;92m██[38;2;254;69;92m██[38;2;254;69;92m██[38;2;254;69;92m██[38;2;254;69;92m██[38;2;254;69;92m██[38;2;254;69;92m██[38;2;254;69;92m██[38;2;254;69;92m██[38;2;254;69;92m██[38;2;254;69;92m██[38;2;254;69;92m██[38;2;254;69;92m██[38;2;254;69;92m██[38;2;254;69;92m██[38;2;254;69;92m██[38;2;16;16;16m██    
  [38;2;165;5;52m██[38;2;254;69;92m██[38;2;254;69;92m██[38;2;254;69;92m██[38;2;254;69;92m██[38;2;250;111;139m██[38;2;250;111;139m██[38;2;250;111;139m██[38;2;250;111;139m██[38;2;254;69;92m██[38;2;254;69;92m██[38;2;254;69;92m██[38;2;254;69;92m██[38;2;254;69;92m██[38;2;254;69;92m██[38;2;254;69;92m██[38;2;254;69;92m██[38;2;254;69;92m██[38;2;254;69;92m██[38;2;254;69;92m██[38;2;254;69;92m██[38;2;254;69;92m██[38;2;254;69;92m██[38;2;254;69;92m██[38;2;16;16;16m██  
  [38;2;165;5;52m██[38;2;254;69;92m██[38;2;254;69;92m██[38;2;254;69;92m██[38;2;250;111;139m██[38;2;254;254;254m██[38;2;250;111;139m██[38;2;250;111;139m██[38;2;250;111;139m██[38;2;250;111;139m██[38;2;254;69;92m██[38;2;254;69;92m██[38;2;254;69;92m██[38;2;254;69;92m██[38;2;254;69;92m██[38;2;254;69;92m██[38;2;254;69;92m██[38;2;254;69;92m██[38;2;254;69;92m██[38;2;254;69;92m██[38;2;254;69;92m██[38;2;254;69;92m██[38;2;254;69;92m██[38;2;254;69;92m██[38;2;16;16;16m██  
[38;2;165;5;52m██[38;2;254;69;92m██[38;2;254;69;92m██[38;2;254;69;92m██[38;2;254;69;92m██[38;2;254;69;92m██[38;2;250;111;139m██[38;2;250;111;139m██[38;2;250;111;139m██[38;2;250;111;139m██[38;2;254;69;92m██[38;2;254;69;92m██[38;2;254;69;92m██[38;2;254;69;92m██[38;2;254;69;92m██[38;2;254;69;92m██[38;2;254;69;92m██[38;2;254;69;92m██[38;2;254;69;92m██[38;2;226;36;74m██[38;2;226;36;74m██[38;2;254;69;92m██[38;2;254;69;92m██[38;2;254;69;92m██[38;2;254;69;92m██[38;2;254;69;92m██[38;2;16;16;16m██
[38;2;165;5;52m██[38;2;254;69;92m██[38;2;254;69;92m██[38;2;254;69;92m██[38;2;254;69;92m██[38;2;254;69;92m██[38;2;254;69;92m██[38;2;226;36;74m██[38;2;226;36;74m██[38;2;254;69;92m██[38;2;254;69;92m██[38;2;254;69;92m██[38;2;254;69;92m██[38;2;254;69;92m██[38;2;254;69;92m██[38;2;254;69;92m██[38;2;254;69;92m██[38;2;254;69;92m██[38;2;226;36;74m██[38;2;226;36;74m██[38;2;226;36;74m██[38;2;226;36;74m██[38;2;254;69;92m██[38;2;254;69;92m██[38;2;254;69;92m██[38;2;254;69;92m██[38;2;16;16;16m██
[38;2;165;5;52m██[38;2;226;36;74m██[38;2;254;69;92m██[38;2;254;69;92m██[38;2;254;69;92m██[38;2;226;36;74m██[38;2;226;36;74m██[38;2;226;36;74m██[38;2;226;36;74m██[38;2;226;36;74m██[38;2;226;36;74m██[38;2;254;69;92m██[38;2;254;69;92m██[38;2;254;69;92m██[38;2;254;69;92m██[38;2;254;69;92m██[38;2;226;36;74m██[38;2;226;36;74m██[38;2;226;36;74m██[38;2;226;36;74m██[38;2;226;36;74m██[38;2;226;36;74m██[38;2;226;36;74m██[38;2;226;36;74m██[38;2;254;69;92m██[38;2;254;69;92m██[38;2;16;16;16m██
[38;2;165;5;52m██[38;2;226;36;74m██[38;2;226;36;74m██[38;2;226;36;74m██[38;2;226;36;74m██[38;2;226;36;74m██[38;2;226;36;74m██[38;2;226;36;74m██[38;2;226;36;74m██[38;2;226;36;74m██[38;2;226;36;74m██[38;2;226;36;74m██[38;2;226;36;74m██[38;2;226;36;74m██[38;2;226;36;74m██[38;2;226;36;74m██[38;2;226;36;74m██[38;2;226;36;74m██[38;2;226;36;74m██[38;2;226;36;74m██[38;2;226;36;74m██[38;2;226;36;74m██[38;2;226;36;74m██[38;2;226;36;74m██[38;2;226;36;74m██[38;2;226;36;74m██[38;2;16;16;16m██
[38;2;16;16;16m██[38;2;226;36;74m██[38;2;226;36;74m██[38;2;226;36;74m██[38;2;226;36;74m██[38;2;226;36;74m██[38;2;226;36;74m██[38;2;226;36;74m██[38;2;226;36;74m██[38;2;226;36;74m██[38;2;226;36;74m██[38;2;226;36;74m██[38;2;226;36;74m██[38;2;226;36;74m██[38;2;226;36;74m██[38;2;226;36;74m██[38;2;226;36;74m██[38;2;226;36;74m██[38;2;226;36;74m██[38;2;226;36;74m██[38;2;226;36;74m██[38;2;226;36;74m██[38;2;226;36;74m██[38;2;226;36;74m██[38;2;226;36;74m██[38;2;226;36;74m██[38;2;16;16;16m██
[38;2;16;16;16m██[38;2;226;36;74m██[38;2;226;36;74m██[38;2;226;36;74m██[38;2;226;36;74m██[38;2;226;36;74m██[38;2;226;36;74m██[38;2;226;36;74m██[38;2;226;36;74m██[38;2;226;36;74m██[38;2;226;36;74m██[38;2;226;36;74m██[38;2;226;36;74m██[38;2;226;36;74m██[38;2;226;36;74m██[38;2;226;36;74m██[38;2;226;36;74m██[38;2;226;36;74m██[38;2;226;36;74m██[38;2;226;36;74m██[38;2;226;36;74m██[38;2;226;36;74m██[38;2;226;36;74m██[38;2;226;36;74m██[38;2;226;36;74m██[38;2;226;36;74m██[38;2;16;16;16m██
[38;2;16;16;16m██[38;2;226;36;74m██[38;2;226;36;74m██[38;2;226;36;74m██[38;2;226;36;74m██[38;2;226;36;74m██[38;2;226;36;74m██[38;2;226;36;74m██[38;2;226;36;74m██[38;2;226;36;74m██[38;2;226;36;74m██[38;2;226;36;74m██[38;2;226;36;74m██[38;2;226;36;74m██[38;2;226;36;74m██[38;2;226;36;74m██[38;2;226;36;74m██[38;2;226;36;74m██[38;2;226;36;74m██[38;2;226;36;74m██[38;2;226;36;74m██[38;2;226;36;74m██[38;2;226;36;74m██[38;2;226;36;74m██[38;2;226;36;74m██[38;2;226;36;74m██[38;2;16;16;16m██
  [38;2;16;16;16m██[38;2;226;36;74m██[38;2;226;36;74m██[38;2;226;36;74m██[38;2;226;36;74m██[38;2;226;36;74m██[38;2;226;36;74m██[38;2;226;36;74m██[38;2;226;36;74m██[38;2;226;36;74m██[38;2;226;36;74m██[38;2;226;36;74m██[38;2;226;36;74m██[38;2;226;36;74m██[38;2;226;36;74m██[38;2;226;36;74m██[38;2;226;36;74m██[38;2;226;36;74m██[38;2;226;36;74m██[38;2;226;36;74m██[38;2;226;36;74m██[38;2;226;36;74m██[38;2;226;36;74m██[38;2;226;36;74m██[38;2;226;36;74m██[38;2;16;16;16m██
  [38;2;16;16;16m██[38;2;226;36;74m██[38;2;226;36;74m██[38;2;226;36;74m██[38;2;226;36;74m██[38;2;226;36;74m██[38;2;226;36;74m██[38;2;226;36;74m██[38;2;226;36;74m██[38;2;226;36;74m██[38;2;226;36;74m██[38;2;226;36;74m██[38;2;226;36;74m██[38;2;226;36;74m██[38;2;226;36;74m██[38;2;226;36;74m██[38;2;226;36;74m██[38;2;226;36;74m██[38;2;226;36;74m██[38;2;226;36;74m██[38;2;226;36;74m██[38;2;226;36;74m██[38;2;242;193;113m██[38;2;226;36;74m██[38;2;16;16;16m██  
  [38;2;16;16;16m██[38;2;226;36;74m██[38;2;242;193;113m██[38;2;226;36;74m██[38;2;226;36;74m██[38;2;226;36;74m██[38;2;226;36;74m██[38;2;226;36;74m██[38;2;226;36;74m██[38;2;226;36;74m██[38;2;226;36;74m██[38;2;226;36;74m██[38;2;242;193;113m██[38;2;226;36;74m██[38;2;226;36;74m██[38;2;226;36;74m██[38;2;226;36;74m██[38;2;226;36;74m██[38;2;226;36;74m██[38;2;226;36;74m██[38;2;226;36;74m██[38;2;226;36;74m██[38;2;242;193;113m██[38;2;226;36;74m██[38;2;16;16;16m██  
    [38;2;16;16;16m██[38;2;242;193;113m██[38;2;226;36;74m██[38;2;226;36;74m██[38;2;226;36;74m██[38;2;226;36;74m██[38;2;226;36;74m██[38;2;226;36;74m██[38;2;226;36;74m██[38;2;226;36;74m██[38;2;226;36;74m██[38;2;242;193;113m██[38;2;226;36;74m██[38;2;226;36;74m██[38;2;226;36;74m██[38;2;226;36;74m██[38;2;226;36;74m██[38;2;211;154;82m██[38;2;211;154;82m██[38;2;211;154;82m██[38;2;226;36;74m██[38;2;242;193;113m██[38;2;211;154;82m██[38;2;16;16;16m██  
    [38;2;16;16;16m██[38;2;242;193;113m██[38;2;226;36;74m██[38;2;211;154;82m██[38;2;211;154;82m██[38;2;211;154;82m██[38;2;211;154;82m██[38;2;226;36;74m██[38;2;226;36;74m██[38;2;226;36;74m██[38;2;211;154;82m██[38;2;242;193;113m██[38;2;211;154;82m██[38;2;226;36;74m██[38;2;226;36;74m██[38;2;211;154;82m██[38;2;211;154;82m██[38;2;242;193;113m██[38;2;242;193;113m██[38;2;242;193;113m██[38;2;242;193;113m██[38;2;242;193;113m██[38;2;16;16;16m██    
      [38;2;16;16;16m██[38;2;242;193;113m██[38;2;242;193;113m██[38;2;242;193;113m██[38;2;242;193;113m██[38;2;242;193;113m██[38;2;242;193;113m██[38;2;211;154;82m██[38;2;226;36;74m██[38;2;242;193;113m██[38;2;242;193;113m██[38;2;242;193;113m██[38;2;226;36;74m██[38;2;211;154;82m██[38;2;242;193;113m██[38;2;242;193;113m██[38;2;242;193;113m██[38;2;242;193;113m██[38;2;242;193;113m██[38;2;242;193;113m██[38;2;211;154;82m██[38;2;16;16;16m██    
      [38;2;16;16;16m██[38;2;211;154;82m██[38;2;242;193;113m██[38;2;242;193;113m██[38;2;242;193;113m██[38;2;242;193;113m██[38;2;242;193;113m██[38;2;242;193;113m██[38;2;242;193;113m██[38;2;242;193;113m██[38;2;242;193;113m██[38;2;242;193;113m██[38;2;242;193;113m██[38;2;242;193;113m██[38;2;242;193;113m██[38;2;242;193;113m██[38;2;242;193;113m██[38;2;242;193;113m██[38;2;211;154;82m██[38;2;211;154;82m██[38;2;16;16;16m██[38;2;164;216;74m██[38;2;53;121;18m██  
        [38;2;16;16;16m██[38;2;242;193;113m██[38;2;242;193;113m██[38;2;242;193;113m██[38;2;242;193;113m██[38;2;242;193;113m██[38;2;242;193;113m██[38;2;242;193;113m██[38;2;242;193;113m██[38;2;242;193;113m██[38;2;242;193;113m██[38;2;242;193;113m██[38;2;242;193;113m██[38;2;242;193;113m██[38;2;242;193;113m██[38;2;211;154;82m██[38;2;211;154;82m██[38;2;211;154;82m██[38;2;211;154;82m██[38;2;16;16;16m██[38;2;95;171;29m██[38;2;16;16;16m██  
          [38;2;16;16;16m██[38;2;211;154;82m██[38;2;242;193;113m██[38;2;242;193;113m██[38;2;242;193;113m██[38;2;242;193;113m██[38;2;242;193;113m██[38;2;242;193;113m██[38;2;242;193;113m██[38;2;242;193;113m██[38;2;211;154;82m██[38;2;211;154;82m██[38;2;211;154;82m██[38;2;211;154;82m██[38;2;211;154;82m██[38;2;211;154;82m██[38;2;211;154;82m██[38;2;16;16;16m██[38;2;95;171;29m██[38;2;16;16;16m██    
            [38;2;16;16;16m██[38;2;211;154;82m██[38;2;211;154;82m██[38;2;211;154;82m██[38;2;211;154;82m██[38;2;211;154;82m██[38;2;211;154;82m██[38;2;211;154;82m██[38;2;211;154;82m██[38;2;211;154;82m██[38;2;211;154;82m██[38;2;211;154;82m██[38;2;211;154;82m██[38;2;211;154;82m██[38;2;16;16;16m██[38;2;16;16;16m██[38;2;16;16;16m██[38;2;16;16;16m██      
              [38;2;16;16;16m██[38;2;141;66;41m██[38;2;211;154;82m██[38;2;211;154;82m██[38;2;211;154;82m██[38;2;211;154;82m██[38;2;211;154;82m██[38;2;211;154;82m██[38;2;211;154;82m██[38;2;211;154;82m██[38;2;141;66;41m██[38;2;16;16;16m██[38;2;16;16;16m██              
                  [38;2;16;16;16m██[38;2;16;16;16m██[38;2;16;16;16m██[38;2;16;16;16m██[38;2;16;16;16m██[38;2;16;16;16m██[38;2;16;16;16m██[38;2;16;16;16m██                    
