                                                                                                          [38;2;129;118;128m██[38;2;129;118;128m██[38;2;129;118;128m██[38;2;16;16;16m██[38;2;16;16;16m██          
                                                                                                      [38;2;129;118;128m██[38;2;129;118;128m██[38;2;150;138;149m██[38;2;92;89;129m██[38;2;113;117;147m██[38;2;113;117;147m██[38;2;92;89;129m██[38;2;16;16;16m██        
                                                                                                    [38;2;129;118;128m██[38;2;187;185;186m██[38;2;150;138;149m██[38;2;113;117;147m██[38;2;92;89;129m██[38;2;113;117;147m██[38;2;92;89;129m██[38;2;113;117;147m██[38;2;113;117;147m██[38;2;16;16;16m██      
                                                                                                  [38;2;129;118;128m██[38;2;187;185;186m██[38;2;150;138;149m██[38;2;113;117;147m██[38;2;92;89;129m██[38;2;113;117;147m██[38;2;113;117;147m██[38;2;92;89;129m██[38;2;113;117;147m██[38;2;113;117;147m██[38;2;16;16;16m██      
                                                                                                [38;2;129;118;128m██[38;2;150;138;149m██[38;2;187;185;186m██[38;2;113;117;147m██[38;2;113;117;147m██[38;2;92;89;129m██[38;2;113;117;147m██[38;2;92;89;129m██[38;2;113;117;147m██[38;2;113;117;147m██[38;2;92;89;129m██[38;2;16;16;16m██      
                                                                                                [38;2;129;118;128m██[38;2;187;185;186m██[38;2;150;138;149m██[38;2;113;117;147m██[38;2;92;89;129m██[38;2;113;117;147m██[38;2;113;117;147m██[38;2;92;89;129m██[38;2;113;117;147m██[38;2;92;89;129m██[38;2;113;117;147m██[38;2;16;16;16m██      
                                                                                              [38;2;129;118;128m██[38;2;187;185;186m██[38;2;187;185;186m██[38;2;113;117;147m██[38;2;113;117;147m██[38;2;92;89;129m██[38;2;113;117;147m██[38;2;113;117;147m██[38;2;113;117;147m██[38;2;113;117;147m██[38;2;113;117;147m██[38;2;16;16;16m██        
                                                                              [38;2;168;136;158m██[38;2;168;136;158m██[38;2;168;136;158m██[38;2;168;136;158m██[38;2;16;16;16m██      [38;2;129;118;128m██[38;2;187;185;186m██[38;2;150;138;149m██[38;2;113;117;147m██[38;2;113;117;147m██[38;2;113;117;147m██[38;2;113;117;147m██[38;2;113;117;147m██[38;2;113;117;147m██[38;2;113;117;147m██[38;2;113;117;147m██[38;2;16;16;16m██        
                                                                          [38;2;168;136;158m██[38;2;168;136;158m██[38;2;198;166;188m██[38;2;240;205;227m██[38;2;240;205;227m██[38;2;198;166;188m██[38;2;240;205;227m██[38;2;16;16;16m██  [38;2;129;118;128m██[38;2;187;185;186m██[38;2;187;185;186m██[38;2;113;117;147m██[38;2;113;117;147m██[38;2;113;117;147m██[38;2;113;117;147m██[38;2;113;117;147m██[38;2;113;117;147m██[38;2;113;117;147m██[38;2;113;117;147m██[38;2;16;16;16m██          
                                                                        [38;2;168;136;158m██[38;2;240;205;227m██[38;2;198;166;188m██[38;2;240;205;227m██[38;2;198;166;188m██[38;2;168;136;158m██[38;2;198;166;188m██[38;2;198;166;188m██[38;2;16;16;16m██  [38;2;129;118;128m██[38;2;187;185;186m██[38;2;150;138;149m██[38;2;113;117;147m██[38;2;113;117;147m██[38;2;113;117;147m██[38;2;113;117;147m██[38;2;113;117;147m██[38;2;113;117;147m██[38;2;129;118;128m██[38;2;16;16;16m██[38;2;16;16;16m██[38;2;16;16;16m██        
                                                                        [38;2;168;136;158m██[38;2;240;205;227m██[38;2;168;136;158m██[38;2;198;166;188m██[38;2;198;166;188m██[38;2;168;136;158m██[38;2;198;166;188m██[38;2;16;16;16m██  [38;2;129;118;128m██[38;2;187;185;186m██[38;2;187;185;186m██[38;2;150;138;149m██[38;2;113;117;147m██[38;2;129;118;128m██[38;2;129;118;128m██[38;2;129;118;128m██[38;2;129;118;128m██[38;2;150;138;149m██[38;2;187;185;186m██[38;2;187;185;186m██[38;2;187;185;186m██[38;2;187;185;186m██[38;2;129;118;128m██[38;2;16;16;16m██    
                                                                      [38;2;168;136;158m██[38;2;240;205;227m██[38;2;198;166;188m██[38;2;198;166;188m██[38;2;198;166;188m██[38;2;198;166;188m██[38;2;198;166;188m██[38;2;198;166;188m██[38;2;16;16;16m██  [38;2;129;118;128m██[38;2;129;118;128m██[38;2;129;118;128m██[38;2;129;118;128m██[38;2;150;138;149m██[38;2;187;185;186m██[38;2;187;185;186m██[38;2;187;185;186m██[38;2;187;185;186m██[38;2;187;185;186m██[38;2;187;185;186m██[38;2;150;138;149m██[38;2;150;138;149m██[38;2;113;117;147m██[38;2;113;117;147m██[38;2;113;117;147m██[38;2;16;16;16m██  
                                                                      [38;2;168;136;158m██[38;2;240;205;227m██[38;2;198;166;188m██[38;2;198;166;188m██[38;2;198;166;188m██[38;2;198;166;188m██[38;2;198;166;188m██[38;2;16;16;16m██[38;2;56;54;79m██[38;2;56;54;79m██[38;2;56;54;79m██[38;2;187;185;186m██[38;2;187;185;186m██[38;2;187;185;186m██[38;2;187;185;186m██[38;2;187;185;186m██[38;2;187;185;186m██[38;2;187;185;186m██[38;2;150;138;149m██[38;2;150;138;149m██[38;2;113;117;147m██[38;2;113;117;147m██[38;2;113;117;147m██[38;2;113;117;147m██[38;2;113;117;147m██[38;2;92;89;129m██[38;2;92;89;129m██[38;2;16;16;16m██
                                                                    [38;2;168;136;158m██[38;2;240;205;227m██[38;2;198;166;188m██[38;2;198;166;188m██[38;2;198;166;188m██[38;2;92;89;129m██[38;2;92;89;129m██[38;2;92;89;129m██[38;2;92;89;129m██[38;2;113;117;147m██[38;2;113;117;147m██[38;2;113;117;147m██[38;2;113;117;147m██[38;2;113;117;147m██[38;2;187;185;186m██[38;2;187;185;186m██[38;2;150;138;149m██[38;2;150;138;149m██[38;2;113;117;147m██[38;2;113;117;147m██[38;2;113;117;147m██[38;2;113;117;147m██[38;2;113;117;147m██[38;2;92;89;129m██[38;2;92;89;129m██[38;2;113;117;147m██[38;2;113;117;147m██[38;2;113;117;147m██[38;2;16;16;16m██
                                            [38;2;56;54;79m██[38;2;56;54;79m██[38;2;56;54;79m██[38;2;56;54;79m██[38;2;56;54;79m██[38;2;56;54;79m██[38;2;56;54;79m██[38;2;56;54;79m██[38;2;56;54;79m██[38;2;56;54;79m██[38;2;56;54;79m██[38;2;56;54;79m██[38;2;92;89;129m██[38;2;92;89;129m██[38;2;92;89;129m██[38;2;92;89;129m██[38;2;92;89;129m██[38;2;113;117;147m██[38;2;113;117;147m██[38;2;113;117;147m██[38;2;113;117;147m██[38;2;113;117;147m██[38;2;113;117;147m██[38;2;113;117;147m██[38;2;113;117;147m██[38;2;113;117;147m██[38;2;113;117;147m██[38;2;187;185;186m██[38;2;187;185;186m██[38;2;187;185;186m██[38;2;187;185;186m██[38;2;150;138;149m██[38;2;113;117;147m██[38;2;113;117;147m██[38;2;113;117;147m██[38;2;113;117;147m██[38;2;113;117;147m██[38;2;92;89;129m██[38;2;92;89;129m██[38;2;92;89;129m██[38;2;16;16;16m██
                                    [38;2;56;54;79m██[38;2;56;54;79m██[38;2;56;54;79m██[38;2;56;54;79m██[38;2;113;117;147m██[38;2;113;117;147m██[38;2;113;117;147m██[38;2;113;117;147m██[38;2;113;117;147m██[38;2;113;117;147m██[38;2;113;117;147m██[38;2;113;117;147m██[38;2;113;117;147m██[38;2;113;117;147m██[38;2;113;117;147m██[38;2;113;117;147m██[38;2;113;117;147m██[38;2;113;117;147m██[38;2;113;117;147m██[38;2;113;117;147m██[38;2;113;117;147m██[38;2;113;117;147m██[38;2;113;117;147m██[38;2;240;205;227m██[38;2;240;205;227m██[38;2;198;166;188m██[38;2;113;117;147m██[38;2;113;117;147m██[38;2;113;117;147m██[38;2;113;117;147m██[38;2;187;185;186m██[38;2;16;16;16m██[38;2;16;16;16m██[38;2;187;185;186m██[38;2;187;185;186m██[38;2;187;185;186m██[38;2;187;185;186m██[38;2;187;185;186m██[38;2;150;138;149m██[38;2;150;138;149m██[38;2;150;138;149m██[38;2;113;117;147m██[38;2;113;117;147m██[38;2;16;16;16m██  
                              [38;2;56;54;79m██[38;2;56;54;79m██[38;2;56;54;79m██[38;2;113;117;147m██[38;2;113;117;147m██[38;2;113;117;147m██[38;2;113;117;147m██[38;2;113;117;147m██[38;2;113;117;147m██[38;2;113;117;147m██[38;2;113;117;147m██[38;2;113;117;147m██[38;2;113;117;147m██[38;2;113;117;147m██[38;2;113;117;147m██[38;2;113;117;147m██[38;2;113;117;147m██[38;2;113;117;147m██[38;2;113;117;147m██[38;2;113;117;147m██[38;2;113;117;147m██[38;2;240;205;227m██[38;2;240;205;227m██[38;2;198;166;188m██[38;2;113;117;147m██[38;2;113;117;147m██[38;2;113;117;147m██[38;2;198;166;188m██[38;2;240;205;227m██[38;2;240;205;227m██[38;2;198;166;188m██[38;2;92;89;129m██[38;2;187;185;186m██[38;2;16;16;16m██    [38;2;16;16;16m██[38;2;16;16;16m██[38;2;129;118;128m██[38;2;187;185;186m██[38;2;187;185;186m██[38;2;187;185;186m██[38;2;187;185;186m██[38;2;187;185;186m██[38;2;56;54;79m██[38;2;16;16;16m██    
                          [38;2;56;54;79m██[38;2;56;54;79m██[38;2;113;117;147m██[38;2;113;117;147m██[38;2;113;117;147m██[38;2;113;117;147m██[38;2;113;117;147m██[38;2;113;117;147m██[38;2;113;117;147m██[38;2;92;89;129m██[38;2;92;89;129m██[38;2;92;89;129m██[38;2;113;117;147m██[38;2;113;117;147m██[38;2;113;117;147m██[38;2;113;117;147m██[38;2;240;205;227m██[38;2;240;205;227m██[38;2;198;166;188m██[38;2;113;117;147m██[38;2;113;117;147m██[38;2;113;117;147m██[38;2;113;117;147m██[38;2;113;117;147m██[38;2;198;166;188m██[38;2;240;205;227m██[38;2;240;205;227m██[38;2;198;166;188m██[38;2;113;117;147m██[38;2;113;117;147m██[38;2;240;205;227m██[38;2;198;166;188m██[38;2;92;89;129m██[38;2;16;16;16m██[38;2;16;16;16m██            [38;2;16;16;16m██[38;2;16;16;16m██[38;2;16;16;16m██[38;2;16;16;16m██[38;2;16;16;16m██        
                      [38;2;56;54;79m██[38;2;56;54;79m██[38;2;113;117;147m██[38;2;113;117;147m██[38;2;214;210;190m██[38;2;251;251;251m██[38;2;251;251;251m██[38;2;214;210;190m██[38;2;113;117;147m██[38;2;113;117;147m██[38;2;150;138;149m██[38;2;150;138;149m██[38;2;239;55;29m██[38;2;173;51;37m██[38;2;92;89;129m██[38;2;92;89;129m██[38;2;113;117;147m██[38;2;113;117;147m██[38;2;113;117;147m██[38;2;198;166;188m██[38;2;240;205;227m██[38;2;240;205;227m██[38;2;198;166;188m██[38;2;113;117;147m██[38;2;113;117;147m██[38;2;113;117;147m██[38;2;113;117;147m██[38;2;198;166;188m██[38;2;240;205;227m██[38;2;240;205;227m██[38;2;92;89;129m██[38;2;240;205;227m██[38;2;198;166;188m██[38;2;16;16;16m██[38;2;16;16;16m██                                  
                    [38;2;56;54;79m██[38;2;113;117;147m██[38;2;113;117;147m██[38;2;113;117;147m██[38;2;214;210;190m██[38;2;251;251;251m██[38;2;251;251;251m██[38;2;251;251;251m██[38;2;251;251;251m██[38;2;214;210;190m██[38;2;150;138;149m██[38;2;187;185;186m██[38;2;187;185;186m██[38;2;150;138;149m██[38;2;239;55;29m██[38;2;239;55;29m██[38;2;239;55;29m██[38;2;92;89;129m██[38;2;113;117;147m██[38;2;113;117;147m██[38;2;113;117;147m██[38;2;198;166;188m██[38;2;240;205;227m██[38;2;240;205;227m██[38;2;240;205;227m██[38;2;113;117;147m██[38;2;113;117;147m██[38;2;113;117;147m██[38;2;240;205;227m██[38;2;198;166;188m██[38;2;92;89;129m██[38;2;92;89;129m██[38;2;92;89;129m██[38;2;16;16;16m██[38;2;198;166;188m██[38;2;198;166;188m██[38;2;16;16;16m██[38;2;16;16;16m██                              
                  [38;2;56;54;79m██[38;2;113;117;147m██[38;2;113;117;147m██[38;2;113;117;147m██[38;2;113;117;147m██[38;2;251;251;251m██[38;2;16;16;16m██[38;2;16;16;16m██[38;2;251;251;251m██[38;2;251;251;251m██[38;2;150;138;149m██[38;2;187;185;186m██[38;2;187;185;186m██[38;2;187;185;186m██[38;2;187;185;186m██[38;2;239;55;29m██[38;2;239;55;29m██[38;2;173;51;37m██[38;2;173;51;37m██[38;2;92;89;129m██[38;2;113;117;147m██[38;2;113;117;147m██[38;2;113;117;147m██[38;2;240;205;227m██[38;2;240;205;227m██[38;2;240;205;227m██[38;2;92;89;129m██[38;2;92;89;129m██[38;2;240;205;227m██[38;2;92;89;129m██[38;2;92;89;129m██[38;2;92;89;129m██[38;2;16;16;16m██[38;2;16;16;16m██[38;2;198;166;188m██[38;2;198;166;188m██[38;2;198;166;188m██[38;2;198;166;188m██[38;2;198;166;188m██[38;2;16;16;16m██                            
                  [38;2;56;54;79m██[38;2;113;117;147m██[38;2;113;117;147m██[38;2;113;117;147m██[38;2;113;117;147m██[38;2;251;251;251m██[38;2;16;16;16m██[38;2;16;16;16m██[38;2;251;251;251m██[38;2;251;251;251m██[38;2;150;138;149m██[38;2;129;118;128m██[38;2;187;185;186m██[38;2;187;185;186m██[38;2;187;185;186m██[38;2;173;51;37m██[38;2;173;51;37m██[38;2;239;55;29m██[38;2;239;55;29m██[38;2;92;89;129m██[38;2;113;117;147m██[38;2;113;117;147m██[38;2;92;89;129m██[38;2;240;205;227m██[38;2;240;205;227m██[38;2;92;89;129m██[38;2;92;89;129m██[38;2;92;89;129m██[38;2;92;89;129m██[38;2;92;89;129m██[38;2;16;16;16m██[38;2;16;16;16m██[38;2;16;16;16m██  [38;2;16;16;16m██[38;2;198;166;188m██[38;2;168;136;158m██[38;2;198;166;188m██[38;2;198;166;188m██[38;2;16;16;16m██                            
              [38;2;56;54;79m██[38;2;56;54;79m██[38;2;113;117;147m██[38;2;113;117;147m██[38;2;113;117;147m██[38;2;113;117;147m██[38;2;113;117;147m██[38;2;113;117;147m██[38;2;251;251;251m██[38;2;251;251;251m██[38;2;251;251;251m██[38;2;150;138;149m██[38;2;129;118;128m██[38;2;187;185;186m██[38;2;129;118;128m██[38;2;187;185;186m██[38;2;187;185;186m██[38;2;150;138;149m██[38;2;239;55;29m██[38;2;239;55;29m██[38;2;239;55;29m██[38;2;92;89;129m██[38;2;92;89;129m██[38;2;92;89;129m██[38;2;198;166;188m██[38;2;240;205;227m██[38;2;92;89;129m██[38;2;92;89;129m██[38;2;92;89;129m██[38;2;92;89;129m██[38;2;16;16;16m██[38;2;16;16;16m██[38;2;168;136;158m██[38;2;168;136;158m██[38;2;16;16;16m██    [38;2;16;16;16m██[38;2;198;166;188m██[38;2;168;136;158m██[38;2;16;16;16m██                              
          [38;2;56;54;79m██[38;2;56;54;79m██[38;2;113;117;147m██[38;2;113;117;147m██[38;2;113;117;147m██[38;2;113;117;147m██[38;2;113;117;147m██[38;2;113;117;147m██[38;2;150;138;149m██[38;2;187;185;186m██[38;2;187;185;186m██[38;2;150;138;149m██[38;2;150;138;149m██[38;2;187;185;186m██[38;2;187;185;186m██[38;2;187;185;186m██[38;2;129;118;128m██[38;2;187;185;186m██[38;2;187;185;186m██[38;2;150;138;149m██[38;2;173;51;37m██[38;2;173;51;37m██[38;2;173;51;37m██[38;2;92;89;129m██[38;2;92;89;129m██[38;2;92;89;129m██[38;2;240;205;227m██[38;2;92;89;129m██[38;2;92;89;129m██[38;2;92;89;129m██[38;2;16;16;16m██[38;2;16;16;16m██    [38;2;16;16;16m██[38;2;16;16;16m██        [38;2;16;16;16m██[38;2;16;16;16m██                                
        [38;2;56;54;79m██[38;2;113;117;147m██[38;2;113;117;147m██[38;2;113;117;147m██[38;2;92;89;129m██[38;2;92;89;129m██[38;2;113;117;147m██[38;2;150;138;149m██[38;2;187;185;186m██[38;2;187;185;186m██[38;2;150;138;149m██[38;2;187;185;186m██[38;2;187;185;186m██[38;2;187;185;186m██[38;2;187;185;186m██[38;2;150;138;149m██[38;2;129;118;128m██[38;2;187;185;186m██[38;2;187;185;186m██[38;2;150;138;149m██[38;2;150;138;149m██[38;2;239;55;29m██[38;2;173;51;37m██[38;2;92;89;129m██[38;2;92;89;129m██[38;2;92;89;129m██[38;2;92;89;129m██[38;2;92;89;129m██[38;2;92;89;129m██[38;2;16;16;16m██[38;2;16;16;16m██                                                        
      [38;2;56;54;79m██[38;2;113;117;147m██[38;2;113;117;147m██[38;2;113;117;147m██[38;2;92;89;129m██[38;2;113;117;147m██[38;2;150;138;149m██[38;2;187;185;186m██[38;2;187;185;186m██[38;2;187;185;186m██[38;2;150;138;149m██[38;2;251;251;251m██[38;2;150;138;149m██[38;2;150;138;149m██[38;2;129;118;128m██[38;2;129;118;128m██[38;2;150;138;149m██[38;2;187;185;186m██[38;2;187;185;186m██[38;2;150;138;149m██[38;2;150;138;149m██[38;2;173;51;37m██[38;2;173;51;37m██[38;2;92;89;129m██[38;2;92;89;129m██[38;2;92;89;129m██[38;2;92;89;129m██[38;2;16;16;16m██[38;2;16;16;16m██[38;2;16;16;16m██                                                            
  [38;2;56;54;79m██[38;2;56;54;79m██[38;2;113;117;147m██[38;2;113;117;147m██[38;2;113;117;147m██[38;2;150;138;149m██[38;2;150;138;149m██[38;2;187;185;186m██[38;2;187;185;186m██[38;2;187;185;186m██[38;2;150;138;149m██[38;2;129;118;128m██[38;2;129;118;128m██[38;2;129;118;128m██[38;2;129;118;128m██[38;2;150;138;149m██[38;2;187;185;186m██[38;2;187;185;186m██[38;2;187;185;186m██[38;2;150;138;149m██[38;2;150;138;149m██[38;2;150;138;149m██[38;2;150;138;149m██[38;2;92;89;129m██[38;2;92;89;129m██[38;2;92;89;129m██[38;2;16;16;16m██[38;2;16;16;16m██[38;2;16;16;16m██                                                                  
[38;2;16;16;16m██[38;2;187;185;186m██[38;2;187;185;186m██[38;2;56;54;79m██[38;2;56;54;79m██[38;2;56;54;79m██[38;2;129;118;128m██[38;2;129;118;128m██[38;2;129;118;128m██[38;2;129;118;128m██[38;2;150;138;149m██[38;2;150;138;149m██[38;2;187;185;186m██[38;2;187;185;186m██[38;2;187;185;186m██[38;2;187;185;186m██[38;2;187;185;186m██[38;2;187;185;186m██[38;2;150;138;149m██[38;2;150;138;149m██[38;2;150;138;149m██[38;2;150;138;149m██[38;2;150;138;149m██[38;2;16;16;16m██[38;2;16;16;16m██[38;2;16;16;16m██[38;2;16;16;16m██[38;2;168;136;158m██                                                                      
  [38;2;16;16;16m██[38;2;16;16;16m██[38;2;187;185;186m██[38;2;187;185;186m██[38;2;187;185;186m██[38;2;187;185;186m██[38;2;187;185;186m██[38;2;187;185;186m██[38;2;187;185;186m██[38;2;187;185;186m██[38;2;187;185;186m██[38;2;187;185;186m██[38;2;187;185;186m██[38;2;187;185;186m██[38;2;150;138;149m██[38;2;150;138;149m██[38;2;150;138;149m██[38;2;150;138;149m██[38;2;16;16;16m██[38;2;16;16;16m██[38;2;16;16;16m██[38;2;16;16;16m██[38;2;198;166;188m██[38;2;168;136;158m██[38;2;198;166;188m██[38;2;198;166;188m██[38;2;198;166;188m██[38;2;168;136;158m██[38;2;16;16;16m██                                                                  
      [38;2;16;16;16m██[38;2;16;16;16m██[38;2;16;16;16m██[38;2;16;16;16m██[38;2;16;16;16m██[38;2;16;16;16m██[38;2;16;16;16m██[38;2;16;16;16m██[38;2;16;16;16m██[38;2;16;16;16m██[38;2;16;16;16m██[38;2;16;16;16m██[38;2;16;16;16m██[38;2;16;16;16m██[38;2;16;16;16m██[38;2;16;16;16m██[38;2;198;166;188m██[38;2;198;166;188m██[38;2;198;166;188m██[38;2;198;166;188m██[38;2;198;166;188m██[38;2;168;136;158m██[38;2;240;205;227m██[38;2;198;166;188m██[38;2;198;166;188m██[38;2;198;166;188m██[38;2;240;205;227m██[38;2;168;136;158m██[38;2;16;16;16m██                                                              
                                  [38;2;168;136;158m██[38;2;198;166;188m██[38;2;168;136;158m██[38;2;198;166;188m██[38;2;168;136;158m██[38;2;198;166;188m██[38;2;16;16;16m██  [38;2;168;136;158m██[38;2;240;205;227m██[38;2;168;136;158m██[38;2;240;205;227m██[38;2;168;136;158m██[38;2;240;205;227m██[38;2;240;205;227m██[38;2;16;16;16m██                                                            
                                [38;2;168;136;158m██[38;2;198;166;188m██[38;2;198;166;188m██[38;2;168;136;158m██[38;2;198;166;188m██[38;2;168;136;158m██[38;2;16;16;16m██    [38;2;16;16;16m██[38;2;240;205;227m██[38;2;168;136;158m██[38;2;240;205;227m██[38;2;240;205;227m██[38;2;168;136;158m██[38;2;240;205;227m██[38;2;16;16;16m██                                                            
                                [38;2;168;136;158m██[38;2;198;166;188m██[38;2;168;136;158m██[38;2;198;166;188m██[38;2;16;16;16m██[38;2;16;16;16m██        [38;2;168;136;158m██[38;2;240;205;227m██[38;2;168;136;158m██[38;2;240;205;227m██[38;2;240;205;227m██[38;2;168;136;158m██[38;2;16;16;16m██                                                            
                                  [38;2;16;16;16m██[38;2;16;16;16m██[38;2;16;16;16m██            [38;2;16;16;16m██[38;2;240;205;227m██[38;2;168;136;158m██[38;2;240;205;227m██[38;2;240;205;227m██[38;2;16;16;16m██                                                              
                                                      [38;2;16;16;16m██[38;2;16;16;16m██[38;2;16;16;16m██[38;2;16;16;16m██                                                                
