                                          [38;2;69;75;106m██[38;2;69;75;106m██[38;2;69;75;106m██[38;2;69;75;106m██[38;2;69;75;106m██[38;2;69;75;106m██[38;2;69;75;106m██[38;2;69;75;106m██                                    
                                    [38;2;69;75;106m██[38;2;69;75;106m██[38;2;69;75;106m██[38;2;152;166;205m██[38;2;152;166;205m██[38;2;152;166;205m██[38;2;152;166;205m██[38;2;152;166;205m██[38;2;152;166;205m██[38;2;152;166;205m██[38;2;152;166;205m██[38;2;69;75;106m██[38;2;69;75;106m██[38;2;16;16;16m██                              
                                [38;2;69;75;106m██[38;2;69;75;106m██[38;2;152;166;205m██[38;2;152;166;205m██[38;2;152;166;205m██[38;2;152;166;205m██[38;2;152;166;205m██[38;2;152;166;205m██[38;2;152;166;205m██[38;2;152;166;205m██[38;2;152;166;205m██[38;2;152;166;205m██[38;2;152;166;205m██[38;2;152;166;205m██[38;2;152;166;205m██[38;2;152;166;205m██[38;2;69;75;106m██[38;2;16;16;16m██                          
                              [38;2;69;75;106m██[38;2;152;166;205m██[38;2;152;166;205m██[38;2;152;166;205m██[38;2;152;166;205m██[38;2;254;170;141m██[38;2;254;170;141m██[38;2;152;166;205m██[38;2;152;166;205m██[38;2;152;166;205m██[38;2;152;166;205m██[38;2;152;166;205m██[38;2;152;166;205m██[38;2;152;166;205m██[38;2;152;166;205m██[38;2;152;166;205m██[38;2;152;166;205m██[38;2;152;166;205m██[38;2;152;166;205m██[38;2;16;16;16m██                        
                            [38;2;69;75;106m██[38;2;152;166;205m██[38;2;152;166;205m██[38;2;152;166;205m██[38;2;152;166;205m██[38;2;254;170;141m██[38;2;253;118;71m██[38;2;254;170;141m██[38;2;152;166;205m██[38;2;152;166;205m██[38;2;152;166;205m██[38;2;152;166;205m██[38;2;152;166;205m██[38;2;152;166;205m██[38;2;152;166;205m██[38;2;152;166;205m██[38;2;152;166;205m██[38;2;152;166;205m██[38;2;152;166;205m██[38;2;152;166;205m██[38;2;152;166;205m██[38;2;16;16;16m██                      
                          [38;2;225;64;23m██[38;2;152;166;205m██[38;2;152;166;205m██[38;2;152;166;205m██[38;2;152;166;205m██[38;2;152;166;205m██[38;2;254;170;141m██[38;2;254;170;141m██[38;2;152;166;205m██[38;2;152;166;205m██[38;2;152;166;205m██[38;2;152;166;205m██[38;2;152;166;205m██[38;2;152;166;205m██[38;2;152;166;205m██[38;2;152;166;205m██[38;2;152;166;205m██[38;2;152;166;205m██[38;2;152;166;205m██[38;2;152;166;205m██[38;2;152;166;205m██[38;2;152;166;205m██[38;2;152;166;205m██[38;2;16;16;16m██                    
                        [38;2;225;64;23m██[38;2;254;170;141m██[38;2;152;166;205m██[38;2;152;166;205m██[38;2;152;166;205m██[38;2;152;166;205m██[38;2;152;166;205m██[38;2;152;166;205m██[38;2;152;166;205m██[38;2;152;166;205m██[38;2;152;166;205m██[38;2;152;166;205m██[38;2;152;166;205m██[38;2;152;166;205m██[38;2;152;166;205m██[38;2;152;166;205m██[38;2;152;166;205m██[38;2;152;166;205m██[38;2;152;166;205m██[38;2;152;166;205m██[38;2;152;166;205m██[38;2;152;166;205m██[38;2;152;166;205m██[38;2;152;166;205m██[38;2;16;16;16m██                    
                        [38;2;225;64;23m██[38;2;254;170;141m██[38;2;152;166;205m██[38;2;152;166;205m██[38;2;152;166;205m██[38;2;152;166;205m██[38;2;152;166;205m██[38;2;152;166;205m██[38;2;152;166;205m██[38;2;152;166;205m██[38;2;152;166;205m██[38;2;152;166;205m██[38;2;152;166;205m██[38;2;152;166;205m██[38;2;152;166;205m██[38;2;152;166;205m██[38;2;152;166;205m██[38;2;152;166;205m██[38;2;152;166;205m██[38;2;152;166;205m██[38;2;152;166;205m██[38;2;152;166;205m██[38;2;152;166;205m██[38;2;152;166;205m██[38;2;152;166;205m██[38;2;16;16;16m██                  
                      [38;2;69;75;106m██[38;2;254;170;141m██[38;2;152;166;205m██[38;2;152;166;205m██[38;2;152;166;205m██[38;2;152;166;205m██[38;2;152;166;205m██[38;2;152;166;205m██[38;2;152;166;205m██[38;2;152;166;205m██[38;2;152;166;205m██[38;2;152;166;205m██[38;2;152;166;205m██[38;2;152;166;205m██[38;2;152;166;205m██[38;2;152;166;205m██[38;2;152;166;205m██[38;2;152;166;205m██[38;2;152;166;205m██[38;2;152;166;205m██[38;2;152;166;205m██[38;2;152;166;205m██[38;2;152;166;205m██[38;2;152;166;205m██[38;2;152;166;205m██[38;2;152;166;205m██[38;2;16;16;16m██                  
                      [38;2;69;75;106m██[38;2;152;166;205m██[38;2;152;166;205m██[38;2;152;166;205m██[38;2;152;166;205m██[38;2;152;166;205m██[38;2;254;170;141m██[38;2;254;170;141m██[38;2;254;170;141m██[38;2;152;166;205m██[38;2;152;166;205m██[38;2;152;166;205m██[38;2;152;166;205m██[38;2;152;166;205m██[38;2;152;166;205m██[38;2;152;166;205m██[38;2;152;166;205m██[38;2;152;166;205m██[38;2;152;166;205m██[38;2;152;166;205m██[38;2;152;166;205m██[38;2;152;166;205m██[38;2;152;166;205m██[38;2;152;166;205m██[38;2;152;166;205m██[38;2;93;100;110m██[38;2;93;100;110m██[38;2;93;100;110m██[38;2;93;100;110m██[38;2;93;100;110m██[38;2;93;100;110m██          
                      [38;2;69;75;106m██[38;2;152;166;205m██[38;2;254;170;141m██[38;2;254;170;141m██[38;2;152;166;205m██[38;2;254;170;141m██[38;2;253;118;71m██[38;2;253;118;71m██[38;2;253;118;71m██[38;2;254;170;141m██[38;2;254;170;141m██[38;2;254;170;141m██[38;2;152;166;205m██[38;2;152;166;205m██[38;2;152;166;205m██[38;2;152;166;205m██[38;2;152;166;205m██[38;2;152;166;205m██[38;2;152;166;205m██[38;2;152;166;205m██[38;2;152;166;205m██[38;2;152;166;205m██[38;2;152;166;205m██[38;2;93;100;110m██[38;2;93;100;110m██[38;2;227;211;199m██[38;2;227;211;199m██[38;2;227;211;199m██[38;2;227;211;199m██[38;2;227;211;199m██[38;2;227;211;199m██[38;2;93;100;110m██[38;2;93;100;110m██      
                    [38;2;69;75;106m██[38;2;152;166;205m██[38;2;254;170;141m██[38;2;253;118;71m██[38;2;253;118;71m██[38;2;254;170;141m██[38;2;254;170;141m██[38;2;254;170;141m██[38;2;253;118;71m██[38;2;253;118;71m██[38;2;253;118;71m██[38;2;253;118;71m██[38;2;253;118;71m██[38;2;254;170;141m██[38;2;254;170;141m██[38;2;152;166;205m██[38;2;152;166;205m██[38;2;152;166;205m██[38;2;152;166;205m██[38;2;152;166;205m██[38;2;152;166;205m██[38;2;152;166;205m██[38;2;152;166;205m██[38;2;93;100;110m██[38;2;227;211;199m██[38;2;227;211;199m██[38;2;252;250;249m██[38;2;252;250;249m██[38;2;252;250;249m██[38;2;227;211;199m██[38;2;227;211;199m██[38;2;227;211;199m██[38;2;227;211;199m██[38;2;227;211;199m██[38;2;93;100;110m██    
                    [38;2;69;75;106m██[38;2;152;166;205m██[38;2;254;170;141m██[38;2;253;118;71m██[38;2;254;170;141m██[38;2;253;118;71m██[38;2;253;118;71m██[38;2;253;118;71m██[38;2;253;118;71m██[38;2;253;118;71m██[38;2;253;118;71m██[38;2;225;64;23m██[38;2;225;64;23m██[38;2;253;118;71m██[38;2;253;118;71m██[38;2;254;170;141m██[38;2;254;170;141m██[38;2;152;166;205m██[38;2;152;166;205m██[38;2;152;166;205m██[38;2;152;166;205m██[38;2;152;166;205m██[38;2;93;100;110m██[38;2;227;211;199m██[38;2;227;211;199m██[38;2;252;250;249m██[38;2;252;250;249m██[38;2;252;250;249m██[38;2;252;250;249m██[38;2;227;211;199m██[38;2;227;211;199m██[38;2;227;211;199m██[38;2;227;211;199m██[38;2;227;211;199m██[38;2;227;211;199m██[38;2;93;100;110m██  
                    [38;2;16;16;16m██[38;2;254;170;141m██[38;2;253;118;71m██[38;2;253;118;71m██[38;2;253;118;71m██[38;2;253;118;71m██[38;2;253;118;71m██[38;2;253;118;71m██[38;2;253;118;71m██[38;2;253;118;71m██[38;2;225;64;23m██[38;2;143;207;232m██[38;2;143;207;232m██[38;2;225;64;23m██[38;2;253;118;71m██[38;2;253;118;71m██[38;2;253;118;71m██[38;2;254;170;141m██[38;2;152;166;205m██[38;2;152;166;205m██[38;2;152;166;205m██[38;2;152;166;205m██[38;2;93;100;110m██[38;2;227;211;199m██[38;2;227;211;199m██[38;2;227;211;199m██[38;2;252;250;249m██[38;2;252;250;249m██[38;2;227;211;199m██[38;2;252;250;249m██[38;2;227;211;199m██[38;2;227;211;199m██[38;2;227;211;199m██[38;2;227;211;199m██[38;2;227;211;199m██[38;2;93;100;110m██  
                    [38;2;16;16;16m██[38;2;254;170;141m██[38;2;253;118;71m██[38;2;253;118;71m██[38;2;253;118;71m██[38;2;253;118;71m██[38;2;253;118;71m██[38;2;253;118;71m██[38;2;253;118;71m██[38;2;253;118;71m██[38;2;143;207;232m██[38;2;143;207;232m██[38;2;143;207;232m██[38;2;143;207;232m██[38;2;225;64;23m██[38;2;253;118;71m██[38;2;253;118;71m██[38;2;254;170;141m██[38;2;152;166;205m██[38;2;152;166;205m██[38;2;152;166;205m██[38;2;93;100;110m██[38;2;227;211;199m██[38;2;227;211;199m██[38;2;227;211;199m██[38;2;227;211;199m██[38;2;227;211;199m██[38;2;227;211;199m██[38;2;252;250;249m██[38;2;227;211;199m██[38;2;227;211;199m██[38;2;227;211;199m██[38;2;227;211;199m██[38;2;227;211;199m██[38;2;227;211;199m██[38;2;227;211;199m██[38;2;16;16;16m██
                      [38;2;16;16;16m██[38;2;253;118;71m██[38;2;253;118;71m██[38;2;253;118;71m██[38;2;253;118;71m██[38;2;253;118;71m██[38;2;253;118;71m██[38;2;253;118;71m██[38;2;225;64;23m██[38;2;143;207;232m██[38;2;143;207;232m██[38;2;143;207;232m██[38;2;143;207;232m██[38;2;143;207;232m██[38;2;253;118;71m██[38;2;253;118;71m██[38;2;253;118;71m██[38;2;254;170;141m██[38;2;152;166;205m██[38;2;152;166;205m██[38;2;93;100;110m██[38;2;227;211;199m██[38;2;227;211;199m██[38;2;227;211;199m██[38;2;227;211;199m██[38;2;253;118;71m██[38;2;253;118;71m██[38;2;253;118;71m██[38;2;253;118;71m██[38;2;227;211;199m██[38;2;227;211;199m██[38;2;227;211;199m██[38;2;227;211;199m██[38;2;227;211;199m██[38;2;227;211;199m██[38;2;16;16;16m██
                      [38;2;16;16;16m██[38;2;225;64;23m██[38;2;143;207;232m██[38;2;253;118;71m██[38;2;253;118;71m██[38;2;253;118;71m██[38;2;253;118;71m██[38;2;253;118;71m██[38;2;225;64;23m██[38;2;103;124;150m██[38;2;16;16;16m██[38;2;16;16;16m██[38;2;16;16;16m██[38;2;16;16;16m██[38;2;225;64;23m██[38;2;253;118;71m██[38;2;253;118;71m██[38;2;254;170;141m██[38;2;152;166;205m██[38;2;152;166;205m██[38;2;93;100;110m██[38;2;227;211;199m██[38;2;227;211;199m██[38;2;253;118;71m██[38;2;253;118;71m██[38;2;253;118;71m██[38;2;253;118;71m██[38;2;253;118;71m██[38;2;253;118;71m██[38;2;253;118;71m██[38;2;253;118;71m██[38;2;227;211;199m██[38;2;227;211;199m██[38;2;227;211;199m██[38;2;227;211;199m██[38;2;16;16;16m██
                      [38;2;16;16;16m██[38;2;143;207;232m██[38;2;103;124;150m██[38;2;253;118;71m██[38;2;253;118;71m██[38;2;253;118;71m██[38;2;253;118;71m██[38;2;253;118;71m██[38;2;225;64;23m██[38;2;16;16;16m██[38;2;16;16;16m██[38;2;16;16;16m██[38;2;16;16;16m██[38;2;103;124;150m██[38;2;225;64;23m██[38;2;253;118;71m██[38;2;253;118;71m██[38;2;254;170;141m██[38;2;152;166;205m██[38;2;152;166;205m██[38;2;93;100;110m██[38;2;227;211;199m██[38;2;253;118;71m██[38;2;253;118;71m██[38;2;253;118;71m██[38;2;253;118;71m██[38;2;253;118;71m██[38;2;253;118;71m██[38;2;253;118;71m██[38;2;253;118;71m██[38;2;253;118;71m██[38;2;227;211;199m██[38;2;227;211;199m██[38;2;227;211;199m██[38;2;227;211;199m██[38;2;16;16;16m██
          [38;2;93;100;110m██[38;2;93;100;110m██[38;2;93;100;110m██[38;2;93;100;110m██      [38;2;16;16;16m██[38;2;16;16;16m██[38;2;253;118;71m██[38;2;253;118;71m██[38;2;253;118;71m██[38;2;253;118;71m██[38;2;253;118;71m██[38;2;253;118;71m██[38;2;225;64;23m██[38;2;143;207;232m██[38;2;143;207;232m██[38;2;143;207;232m██[38;2;143;207;232m██[38;2;225;64;23m██[38;2;253;118;71m██[38;2;253;118;71m██[38;2;254;170;141m██[38;2;152;166;205m██[38;2;152;166;205m██[38;2;93;100;110m██[38;2;227;211;199m██[38;2;253;118;71m██[38;2;253;118;71m██[38;2;253;118;71m██[38;2;253;118;71m██[38;2;253;118;71m██[38;2;253;118;71m██[38;2;253;118;71m██[38;2;253;118;71m██[38;2;253;118;71m██[38;2;253;118;71m██[38;2;227;211;199m██[38;2;227;211;199m██[38;2;227;211;199m██[38;2;16;16;16m██
      [38;2;93;100;110m██[38;2;93;100;110m██[38;2;227;211;199m██[38;2;227;211;199m██[38;2;227;211;199m██[38;2;227;211;199m██[38;2;93;100;110m██[38;2;93;100;110m██  [38;2;16;16;16m██[38;2;16;16;16m██[38;2;225;64;23m██[38;2;253;118;71m██[38;2;253;118;71m██[38;2;253;118;71m██[38;2;253;118;71m██[38;2;253;118;71m██[38;2;225;64;23m██[38;2;143;207;232m██[38;2;143;207;232m██[38;2;143;207;232m██[38;2;143;207;232m██[38;2;225;64;23m██[38;2;253;118;71m██[38;2;254;170;141m██[38;2;152;166;205m██[38;2;152;166;205m██[38;2;152;166;205m██[38;2;69;75;106m██[38;2;227;211;199m██[38;2;253;118;71m██[38;2;253;118;71m██[38;2;253;118;71m██[38;2;253;118;71m██[38;2;253;118;71m██[38;2;253;118;71m██[38;2;253;118;71m██[38;2;253;118;71m██[38;2;253;118;71m██[38;2;253;118;71m██[38;2;227;211;199m██[38;2;227;211;199m██[38;2;16;16;16m██  
    [38;2;93;100;110m██[38;2;227;211;199m██[38;2;252;250;249m██[38;2;252;250;249m██[38;2;252;250;249m██[38;2;227;211;199m██[38;2;227;211;199m██[38;2;227;211;199m██[38;2;227;211;199m██[38;2;93;100;110m██[38;2;16;16;16m██[38;2;143;207;232m██[38;2;225;64;23m██[38;2;253;118;71m██[38;2;254;170;141m██[38;2;254;170;141m██[38;2;254;170;141m██[38;2;253;118;71m██[38;2;253;118;71m██[38;2;225;64;23m██[38;2;143;207;232m██[38;2;143;207;232m██[38;2;225;64;23m██[38;2;253;118;71m██[38;2;253;118;71m██[38;2;254;170;141m██[38;2;152;166;205m██[38;2;152;166;205m██[38;2;110;117;145m██[38;2;69;75;106m██[38;2;93;100;110m██[38;2;253;118;71m██[38;2;253;118;71m██[38;2;253;118;71m██[38;2;253;118;71m██[38;2;253;118;71m██[38;2;253;118;71m██[38;2;253;118;71m██[38;2;253;118;71m██[38;2;253;118;71m██[38;2;253;118;71m██[38;2;227;211;199m██[38;2;227;211;199m██[38;2;16;16;16m██  
  [38;2;93;100;110m██[38;2;227;211;199m██[38;2;252;250;249m██[38;2;252;250;249m██[38;2;252;250;249m██[38;2;252;250;249m██[38;2;227;211;199m██[38;2;227;211;199m██[38;2;227;211;199m██[38;2;227;211;199m██[38;2;227;211;199m██[38;2;16;16;16m██[38;2;225;64;23m██[38;2;253;118;71m██[38;2;253;118;71m██[38;2;254;170;141m██[38;2;152;166;205m██[38;2;152;166;205m██[38;2;254;170;141m██[38;2;254;170;141m██[38;2;253;118;71m██[38;2;225;64;23m██[38;2;225;64;23m██[38;2;253;118;71m██[38;2;253;118;71m██[38;2;254;170;141m██[38;2;152;166;205m██[38;2;152;166;205m██[38;2;110;117;145m██[38;2;16;16;16m██[38;2;152;166;205m██[38;2;69;75;106m██[38;2;227;211;199m██[38;2;253;118;71m██[38;2;253;118;71m██[38;2;253;118;71m██[38;2;253;118;71m██[38;2;253;118;71m██[38;2;253;118;71m██[38;2;253;118;71m██[38;2;253;118;71m██[38;2;227;211;199m██[38;2;227;211;199m██[38;2;16;16;16m██    
  [38;2;93;100;110m██[38;2;227;211;199m██[38;2;227;211;199m██[38;2;252;250;249m██[38;2;252;250;249m██[38;2;227;211;199m██[38;2;227;211;199m██[38;2;227;211;199m██[38;2;227;211;199m██[38;2;227;211;199m██[38;2;227;211;199m██[38;2;227;211;199m██[38;2;16;16;16m██[38;2;253;118;71m██[38;2;254;170;141m██[38;2;152;166;205m██[38;2;152;166;205m██[38;2;152;166;205m██[38;2;152;166;205m██[38;2;152;166;205m██[38;2;254;170;141m██[38;2;254;170;141m██[38;2;254;170;141m██[38;2;254;170;141m██[38;2;254;170;141m██[38;2;152;166;205m██[38;2;152;166;205m██[38;2;110;117;145m██[38;2;110;117;145m██[38;2;16;16;16m██[38;2;152;166;205m██[38;2;110;117;145m██[38;2;69;75;106m██[38;2;227;211;199m██[38;2;253;118;71m██[38;2;253;118;71m██[38;2;253;118;71m██[38;2;253;118;71m██[38;2;253;118;71m██[38;2;253;118;71m██[38;2;253;118;71m██[38;2;16;16;16m██[38;2;16;16;16m██      
[38;2;16;16;16m██[38;2;227;211;199m██[38;2;227;211;199m██[38;2;227;211;199m██[38;2;227;211;199m██[38;2;227;211;199m██[38;2;227;211;199m██[38;2;227;211;199m██[38;2;227;211;199m██[38;2;227;211;199m██[38;2;227;211;199m██[38;2;227;211;199m██[38;2;69;75;106m██[38;2;16;16;16m██[38;2;254;170;141m██[38;2;152;166;205m██[38;2;152;166;205m██[38;2;152;166;205m██[38;2;152;166;205m██[38;2;152;166;205m██[38;2;152;166;205m██[38;2;152;166;205m██[38;2;152;166;205m██[38;2;152;166;205m██[38;2;152;166;205m██[38;2;152;166;205m██[38;2;110;117;145m██[38;2;110;117;145m██[38;2;110;117;145m██[38;2;16;16;16m██[38;2;152;166;205m██[38;2;152;166;205m██[38;2;152;166;205m██[38;2;69;75;106m██[38;2;69;75;106m██[38;2;227;211;199m██[38;2;253;118;71m██[38;2;253;118;71m██[38;2;253;118;71m██[38;2;253;118;71m██[38;2;16;16;16m██[38;2;16;16;16m██          
[38;2;16;16;16m██[38;2;227;211;199m██[38;2;227;211;199m██[38;2;227;211;199m██[38;2;227;211;199m██[38;2;227;211;199m██[38;2;227;211;199m██[38;2;227;211;199m██[38;2;227;211;199m██[38;2;227;211;199m██[38;2;227;211;199m██[38;2;69;75;106m██[38;2;152;166;205m██[38;2;152;166;205m██[38;2;16;16;16m██[38;2;16;16;16m██[38;2;16;16;16m██[38;2;110;117;145m██[38;2;110;117;145m██[38;2;110;117;145m██[38;2;110;117;145m██[38;2;110;117;145m██[38;2;110;117;145m██[38;2;110;117;145m██[38;2;110;117;145m██[38;2;69;75;106m██[38;2;69;75;106m██[38;2;16;16;16m██[38;2;16;16;16m██[38;2;152;166;205m██[38;2;152;166;205m██[38;2;110;117;145m██[38;2;225;64;23m██[38;2;253;118;71m██[38;2;225;64;23m██[38;2;110;117;145m██[38;2;93;100;110m██[38;2;16;16;16m██[38;2;16;16;16m██[38;2;16;16;16m██              
[38;2;16;16;16m██[38;2;227;211;199m██[38;2;227;211;199m██[38;2;227;211;199m██[38;2;227;211;199m██[38;2;227;211;199m██[38;2;227;211;199m██[38;2;227;211;199m██[38;2;227;211;199m██[38;2;227;211;199m██[38;2;227;211;199m██[38;2;110;117;145m██[38;2;152;166;205m██[38;2;152;166;205m██[38;2;152;166;205m██[38;2;152;166;205m██[38;2;152;166;205m██[38;2;16;16;16m██[38;2;16;16;16m██[38;2;16;16;16m██[38;2;16;16;16m██[38;2;16;16;16m██[38;2;69;75;106m██[38;2;110;117;145m██[38;2;110;117;145m██[38;2;152;166;205m██[38;2;152;166;205m██[38;2;152;166;205m██[38;2;152;166;205m██[38;2;152;166;205m██[38;2;110;117;145m██[38;2;225;64;23m██[38;2;253;118;71m██[38;2;253;118;71m██[38;2;225;64;23m██[38;2;16;16;16m██                      
[38;2;16;16;16m██[38;2;227;211;199m██[38;2;227;211;199m██[38;2;252;250;249m██[38;2;252;250;249m██[38;2;252;250;249m██[38;2;252;250;249m██[38;2;227;211;199m██[38;2;227;211;199m██[38;2;227;211;199m██[38;2;69;75;106m██[38;2;152;166;205m██[38;2;152;166;205m██[38;2;152;166;205m██[38;2;152;166;205m██[38;2;152;166;205m██[38;2;152;166;205m██[38;2;110;117;145m██[38;2;152;166;205m██[38;2;152;166;205m██[38;2;152;166;205m██[38;2;152;166;205m██[38;2;152;166;205m██[38;2;152;166;205m██[38;2;152;166;205m██[38;2;152;166;205m██[38;2;152;166;205m██[38;2;152;166;205m██[38;2;152;166;205m██[38;2;16;16;16m██[38;2;16;16;16m██[38;2;16;16;16m██[38;2;16;16;16m██[38;2;16;16;16m██                          
[38;2;16;16;16m██[38;2;227;211;199m██[38;2;227;211;199m██[38;2;253;118;71m██[38;2;253;118;71m██[38;2;253;118;71m██[38;2;253;118;71m██[38;2;253;118;71m██[38;2;227;211;199m██[38;2;227;211;199m██[38;2;69;75;106m██[38;2;152;166;205m██[38;2;152;166;205m██[38;2;152;166;205m██[38;2;152;166;205m██[38;2;152;166;205m██[38;2;152;166;205m██[38;2;152;166;205m██[38;2;110;117;145m██[38;2;152;166;205m██[38;2;152;166;205m██[38;2;152;166;205m██[38;2;152;166;205m██[38;2;152;166;205m██[38;2;152;166;205m██[38;2;152;166;205m██[38;2;152;166;205m██[38;2;152;166;205m██[38;2;110;117;145m██[38;2;16;16;16m██                                  
  [38;2;93;100;110m██[38;2;253;118;71m██[38;2;253;118;71m██[38;2;253;118;71m██[38;2;253;118;71m██[38;2;253;118;71m██[38;2;253;118;71m██[38;2;253;118;71m██[38;2;227;211;199m██[38;2;69;75;106m██[38;2;152;166;205m██[38;2;152;166;205m██[38;2;225;64;23m██[38;2;152;166;205m██[38;2;152;166;205m██[38;2;69;75;106m██[38;2;16;16;16m██[38;2;69;75;106m██[38;2;152;166;205m██[38;2;152;166;205m██[38;2;152;166;205m██[38;2;152;166;205m██[38;2;152;166;205m██[38;2;152;166;205m██[38;2;152;166;205m██[38;2;152;166;205m██[38;2;152;166;205m██[38;2;152;166;205m██[38;2;110;117;145m██[38;2;16;16;16m██                                
  [38;2;16;16;16m██[38;2;253;118;71m██[38;2;253;118;71m██[38;2;253;118;71m██[38;2;253;118;71m██[38;2;253;118;71m██[38;2;253;118;71m██[38;2;253;118;71m██[38;2;253;118;71m██[38;2;227;211;199m██[38;2;69;75;106m██[38;2;225;64;23m██[38;2;253;118;71m██[38;2;225;64;23m██[38;2;225;64;23m██  [38;2;69;75;106m██[38;2;69;75;106m██[38;2;152;166;205m██[38;2;152;166;205m██[38;2;152;166;205m██[38;2;152;166;205m██[38;2;152;166;205m██[38;2;110;117;145m██[38;2;152;166;205m██[38;2;152;166;205m██[38;2;152;166;205m██[38;2;152;166;205m██[38;2;69;75;106m██[38;2;110;117;145m██[38;2;16;16;16m██[38;2;16;16;16m██                            
    [38;2;16;16;16m██[38;2;253;118;71m██[38;2;253;118;71m██[38;2;253;118;71m██[38;2;253;118;71m██[38;2;253;118;71m██[38;2;253;118;71m██[38;2;253;118;71m██[38;2;16;16;16m██    [38;2;225;64;23m██[38;2;225;64;23m██  [38;2;16;16;16m██[38;2;110;117;145m██[38;2;110;117;145m██[38;2;110;117;145m██[38;2;152;166;205m██[38;2;152;166;205m██[38;2;152;166;205m██[38;2;152;166;205m██[38;2;110;117;145m██[38;2;227;211;199m██[38;2;152;166;205m██[38;2;152;166;205m██[38;2;152;166;205m██[38;2;69;75;106m██[38;2;110;117;145m██[38;2;110;117;145m██[38;2;69;75;106m██[38;2;16;16;16m██                          
      [38;2;16;16;16m██[38;2;16;16;16m██[38;2;253;118;71m██[38;2;253;118;71m██[38;2;253;118;71m██[38;2;16;16;16m██[38;2;16;16;16m██          [38;2;16;16;16m██[38;2;110;117;145m██[38;2;110;117;145m██[38;2;110;117;145m██[38;2;69;75;106m██[38;2;152;166;205m██[38;2;152;166;205m██[38;2;152;166;205m██[38;2;152;166;205m██[38;2;227;211;199m██[38;2;227;211;199m██[38;2;227;211;199m██[38;2;152;166;205m██[38;2;152;166;205m██[38;2;152;166;205m██[38;2;93;100;110m██[38;2;110;117;145m██[38;2;110;117;145m██[38;2;69;75;106m██[38;2;16;16;16m██                        
          [38;2;16;16;16m██[38;2;16;16;16m██[38;2;16;16;16m██            [38;2;16;16;16m██[38;2;110;117;145m██[38;2;110;117;145m██[38;2;110;117;145m██[38;2;16;16;16m██[38;2;69;75;106m██[38;2;152;166;205m██[38;2;152;166;205m██[38;2;152;166;205m██[38;2;227;211;199m██[38;2;93;100;110m██[38;2;93;100;110m██[38;2;227;211;199m██[38;2;152;166;205m██[38;2;152;166;205m██[38;2;152;166;205m██[38;2;16;16;16m██[38;2;227;211;199m██[38;2;227;211;199m██[38;2;110;117;145m██[38;2;16;16;16m██                        
                            [38;2;16;16;16m██[38;2;16;16;16m██[38;2;16;16;16m██[38;2;16;16;16m██  [38;2;69;75;106m██[38;2;152;166;205m██[38;2;152;166;205m██[38;2;227;211;199m██[38;2;93;100;110m██    [38;2;93;100;110m██[38;2;227;211;199m██[38;2;152;166;205m██[38;2;152;166;205m██[38;2;16;16;16m██[38;2;16;16;16m██[38;2;16;16;16m██[38;2;16;16;16m██                          
                                        [38;2;16;16;16m██[38;2;16;16;16m██[38;2;93;100;110m██        [38;2;93;100;110m██[38;2;16;16;16m██[38;2;16;16;16m██                                  
