                                                                    [38;2;188;185;190m██[38;2;188;185;190m██                                                                                              
                                                                  [38;2;188;185;190m██[38;2;249;242;252m██[38;2;249;242;252m██[38;2;123;120;124m██                                                                                            
                                                                  [38;2;188;185;190m██[38;2;249;242;252m██[38;2;249;242;252m██[38;2;123;120;124m██                                                                                            
                                                                [38;2;188;185;190m██[38;2;249;242;252m██[38;2;249;242;252m██[38;2;249;242;252m██[38;2;123;120;124m██                                                [38;2;188;185;190m██[38;2;188;185;190m██[38;2;188;185;190m██                                      
                                                                [38;2;188;185;190m██[38;2;249;242;252m██[38;2;249;242;252m██[38;2;249;242;252m██[38;2;123;120;124m██  [38;2;123;120;124m██[38;2;123;120;124m██                                      [38;2;188;185;190m██[38;2;188;185;190m██[38;2;249;242;252m██[38;2;249;242;252m██[38;2;249;242;252m██[38;2;188;185;190m██                                    
                                                              [38;2;188;185;190m██[38;2;249;242;252m██[38;2;249;242;252m██[38;2;249;242;252m██[38;2;249;242;252m██[38;2;123;120;124m██[38;2;123;120;124m██[38;2;225;223;226m██[38;2;208;207;208m██[38;2;123;120;124m██                                  [38;2;188;185;190m██[38;2;249;242;252m██[38;2;249;242;252m██[38;2;249;242;252m██[38;2;249;242;252m██[38;2;249;242;252m██[38;2;188;185;190m██                                    
                                                    [38;2;188;185;190m██[38;2;188;185;190m██      [38;2;188;185;190m██[38;2;249;242;252m██[38;2;249;242;252m██[38;2;249;242;252m██[38;2;225;223;226m██[38;2;123;120;124m██[38;2;225;223;226m██[38;2;208;207;208m██[38;2;208;207;208m██[38;2;123;120;124m██                                  [38;2;188;185;190m██[38;2;249;242;252m██[38;2;249;242;252m██[38;2;249;242;252m██[38;2;249;242;252m██[38;2;249;242;252m██[38;2;188;185;190m██                                    
                                                  [38;2;188;185;190m██[38;2;249;242;252m██[38;2;249;242;252m██[38;2;188;185;190m██    [38;2;188;185;190m██[38;2;249;242;252m██[38;2;249;242;252m██[38;2;249;242;252m██[38;2;188;185;190m██[38;2;208;207;208m██[38;2;208;207;208m██[38;2;208;207;208m██[38;2;123;120;124m██                                  [38;2;188;185;190m██[38;2;249;242;252m██[38;2;249;242;252m██[38;2;249;242;252m██[38;2;249;242;252m██[38;2;249;242;252m██[38;2;188;185;190m██                                      
                                                  [38;2;188;185;190m██[38;2;249;242;252m██[38;2;249;242;252m██[38;2;188;185;190m██  [38;2;188;185;190m██[38;2;225;223;226m██[38;2;249;242;252m██[38;2;249;242;252m██[38;2;249;242;252m██[38;2;208;207;208m██[38;2;208;207;208m██[38;2;208;207;208m██[38;2;123;120;124m██                                    [38;2;188;185;190m██[38;2;249;242;252m██[38;2;249;242;252m██[38;2;249;242;252m██[38;2;249;242;252m██[38;2;249;242;252m██[38;2;188;185;190m██                                      
                                                  [38;2;188;185;190m██[38;2;249;242;252m██[38;2;249;242;252m██[38;2;188;185;190m██[38;2;188;185;190m██[38;2;188;185;190m██[38;2;225;223;226m██[38;2;249;242;252m██[38;2;249;242;252m██[38;2;249;242;252m██[38;2;188;185;190m██[38;2;208;207;208m██[38;2;208;207;208m██[38;2;123;120;124m██                                    [38;2;188;185;190m██[38;2;249;242;252m██[38;2;249;242;252m██[38;2;249;242;252m██[38;2;249;242;252m██[38;2;249;242;252m██[38;2;188;185;190m██                                      
                                                    [38;2;188;185;190m██[38;2;249;242;252m██[38;2;249;242;252m██[38;2;249;242;252m██[38;2;249;242;252m██[38;2;225;223;226m██[38;2;249;242;252m██[38;2;249;242;252m██[38;2;249;242;252m██[38;2;188;185;190m██[38;2;123;120;124m██[38;2;123;120;124m██                                    [38;2;188;185;190m██[38;2;249;242;252m██[38;2;249;242;252m██[38;2;249;242;252m██[38;2;249;242;252m██[38;2;249;242;252m██[38;2;188;185;190m██                                        
                                                    [38;2;188;185;190m██[38;2;249;242;252m██[38;2;249;242;252m██[38;2;249;242;252m██[38;2;249;242;252m██[38;2;249;242;252m██[38;2;249;242;252m██[38;2;249;242;252m██[38;2;249;242;252m██[38;2;188;185;190m██      [38;2;188;185;190m██[38;2;188;185;190m██                              [38;2;188;185;190m██[38;2;249;242;252m██[38;2;249;242;252m██[38;2;249;242;252m██[38;2;249;242;252m██[38;2;249;242;252m██[38;2;188;185;190m██      [38;2;188;185;190m██[38;2;188;185;190m██                              
                                                      [38;2;188;185;190m██[38;2;249;242;252m██[38;2;249;242;252m██[38;2;249;242;252m██[38;2;249;242;252m██[38;2;225;223;226m██[38;2;249;242;252m██[38;2;249;242;252m██[38;2;188;185;190m██    [38;2;188;185;190m██[38;2;249;242;252m██[38;2;249;242;252m██[38;2;123;120;124m██                          [38;2;188;185;190m██[38;2;249;242;252m██[38;2;249;242;252m██[38;2;249;242;252m██[38;2;249;242;252m██[38;2;249;242;252m██[38;2;225;223;226m██[38;2;188;185;190m██    [38;2;188;185;190m██[38;2;249;242;252m██[38;2;249;242;252m██[38;2;188;185;190m██                            
                                                        [38;2;188;185;190m██[38;2;188;185;190m██[38;2;249;242;252m██[38;2;249;242;252m██[38;2;188;185;190m██[38;2;249;242;252m██[38;2;249;242;252m██[38;2;249;242;252m██[38;2;188;185;190m██  [38;2;188;185;190m██[38;2;249;242;252m██[38;2;249;242;252m██[38;2;188;185;190m██                  [38;2;188;185;190m██[38;2;188;185;190m██    [38;2;188;185;190m██[38;2;249;242;252m██[38;2;249;242;252m██[38;2;249;242;252m██[38;2;249;242;252m██[38;2;188;185;190m██[38;2;188;185;190m██[38;2;188;185;190m██[38;2;188;185;190m██[38;2;188;185;190m██[38;2;249;242;252m██[38;2;249;242;252m██[38;2;249;242;252m██[38;2;188;185;190m██                            
                                                            [38;2;188;185;190m██[38;2;188;185;190m██[38;2;225;223;226m██[38;2;249;242;252m██[38;2;249;242;252m██[38;2;249;242;252m██[38;2;249;242;252m██[38;2;188;185;190m██[38;2;249;242;252m██[38;2;249;242;252m██[38;2;249;242;252m██[38;2;249;242;252m██[38;2;123;120;124m██              [38;2;188;185;190m██[38;2;249;242;252m██[38;2;249;242;252m██[38;2;188;185;190m██  [38;2;188;185;190m██[38;2;249;242;252m██[38;2;249;242;252m██[38;2;249;242;252m██[38;2;225;223;226m██[38;2;249;242;252m██[38;2;249;242;252m██[38;2;249;242;252m██[38;2;249;242;252m██[38;2;249;242;252m██[38;2;249;242;252m██[38;2;249;242;252m██[38;2;188;185;190m██                              
                                                            [38;2;123;120;124m██[38;2;188;185;190m██[38;2;249;242;252m██[38;2;249;242;252m██[38;2;249;242;252m██[38;2;249;242;252m██[38;2;249;242;252m██[38;2;188;185;190m██[38;2;249;242;252m██[38;2;249;242;252m██[38;2;249;242;252m██[38;2;249;242;252m██[38;2;188;185;190m██              [38;2;188;185;190m██[38;2;249;242;252m██[38;2;249;242;252m██[38;2;188;185;190m██[38;2;188;185;190m██[38;2;249;242;252m██[38;2;249;242;252m██[38;2;249;242;252m██[38;2;249;242;252m██[38;2;249;242;252m██[38;2;249;242;252m██[38;2;249;242;252m██[38;2;249;242;252m██[38;2;249;242;252m██[38;2;249;242;252m██[38;2;249;242;252m██[38;2;249;242;252m██[38;2;188;185;190m██                              
                                                          [38;2;123;120;124m██[38;2;225;223;226m██[38;2;123;120;124m██[38;2;249;242;252m██[38;2;249;242;252m██[38;2;249;242;252m██[38;2;249;242;252m██[38;2;249;242;252m██[38;2;188;185;190m██[38;2;249;242;252m██[38;2;249;242;252m██[38;2;249;242;252m██[38;2;249;242;252m██[38;2;225;223;226m██[38;2;123;120;124m██            [38;2;188;185;190m██[38;2;249;242;252m██[38;2;249;242;252m██[38;2;249;242;252m██[38;2;188;185;190m██[38;2;249;242;252m██[38;2;249;242;252m██[38;2;249;242;252m██[38;2;249;242;252m██[38;2;249;242;252m██[38;2;249;242;252m██[38;2;249;242;252m██[38;2;249;242;252m██[38;2;249;242;252m██[38;2;249;242;252m██[38;2;188;185;190m██[38;2;188;185;190m██                                
                                        [38;2;188;185;190m██[38;2;188;185;190m██              [38;2;123;120;124m██[38;2;225;223;226m██[38;2;225;223;226m██[38;2;123;120;124m██[38;2;249;242;252m██[38;2;249;242;252m██[38;2;249;242;252m██[38;2;249;242;252m██[38;2;249;242;252m██[38;2;188;185;190m██[38;2;249;242;252m██[38;2;249;242;252m██[38;2;249;242;252m██[38;2;225;223;226m██[38;2;123;120;124m██            [38;2;188;185;190m██[38;2;249;242;252m██[38;2;249;242;252m██[38;2;249;242;252m██[38;2;188;185;190m██[38;2;249;242;252m██[38;2;249;242;252m██[38;2;249;242;252m██[38;2;249;242;252m██[38;2;225;223;226m██[38;2;225;223;226m██[38;2;188;185;190m██[38;2;188;185;190m██[38;2;188;185;190m██[38;2;188;185;190m██                                    
                                      [38;2;188;185;190m██[38;2;249;242;252m██[38;2;249;242;252m██[38;2;188;185;190m██            [38;2;123;120;124m██[38;2;225;223;226m██[38;2;225;223;226m██[38;2;208;207;208m██[38;2;123;120;124m██[38;2;249;242;252m██[38;2;249;242;252m██[38;2;249;242;252m██[38;2;249;242;252m██[38;2;188;185;190m██[38;2;225;223;226m██[38;2;249;242;252m██[38;2;249;242;252m██[38;2;249;242;252m██[38;2;123;120;124m██            [38;2;188;185;190m██[38;2;249;242;252m██[38;2;249;242;252m██[38;2;225;223;226m██[38;2;188;185;190m██[38;2;249;242;252m██[38;2;249;242;252m██[38;2;249;242;252m██[38;2;249;242;252m██[38;2;225;223;226m██[38;2;188;185;190m██                                            
                                    [38;2;188;185;190m██[38;2;249;242;252m██[38;2;249;242;252m██[38;2;249;242;252m██[38;2;188;185;190m██              [38;2;123;120;124m██[38;2;208;207;208m██[38;2;225;223;226m██[38;2;123;120;124m██[38;2;249;242;252m██[38;2;249;242;252m██[38;2;249;242;252m██[38;2;249;242;252m██[38;2;249;242;252m██[38;2;188;185;190m██[38;2;225;223;226m██[38;2;249;242;252m██[38;2;249;242;252m██[38;2;188;185;190m██            [38;2;188;185;190m██[38;2;249;242;252m██[38;2;225;223;226m██[38;2;188;185;190m██[38;2;249;242;252m██[38;2;249;242;252m██[38;2;249;242;252m██[38;2;249;242;252m██[38;2;249;242;252m██[38;2;249;242;252m██[38;2;123;120;124m██                                            
                                    [38;2;188;185;190m██[38;2;249;242;252m██[38;2;249;242;252m██[38;2;225;223;226m██[38;2;188;185;190m██              [38;2;123;120;124m██[38;2;225;223;226m██[38;2;208;207;208m██[38;2;208;207;208m██[38;2;123;120;124m██[38;2;249;242;252m██[38;2;249;242;252m██[38;2;249;242;252m██[38;2;249;242;252m██[38;2;188;185;190m██[38;2;225;223;226m██[38;2;249;242;252m██[38;2;249;242;252m██[38;2;249;242;252m██[38;2;123;120;124m██          [38;2;188;185;190m██[38;2;225;223;226m██[38;2;188;185;190m██[38;2;249;242;252m██[38;2;249;242;252m██[38;2;249;242;252m██[38;2;249;242;252m██[38;2;249;242;252m██[38;2;249;242;252m██[38;2;249;242;252m██[38;2;123;120;124m██                                            
                                    [38;2;188;185;190m██[38;2;249;242;252m██[38;2;249;242;252m██[38;2;188;185;190m██                [38;2;123;120;124m██[38;2;208;207;208m██[38;2;208;207;208m██[38;2;208;207;208m██[38;2;123;120;124m██[38;2;249;242;252m██[38;2;249;242;252m██[38;2;249;242;252m██[38;2;188;185;190m██[38;2;249;242;252m██[38;2;249;242;252m██[38;2;249;242;252m██[38;2;249;242;252m██[38;2;249;242;252m██[38;2;123;120;124m██            [38;2;188;185;190m██[38;2;188;185;190m██[38;2;249;242;252m██[38;2;249;242;252m██[38;2;249;242;252m██[38;2;249;242;252m██[38;2;249;242;252m██[38;2;249;242;252m██[38;2;123;120;124m██[38;2;208;207;208m██[38;2;123;120;124m██          [38;2;123;120;124m██[38;2;123;120;124m██[38;2;123;120;124m██[38;2;123;120;124m██[38;2;123;120;124m██                      
      [38;2;188;185;190m██[38;2;188;185;190m██[38;2;188;185;190m██[38;2;188;185;190m██    [38;2;188;185;190m██[38;2;188;185;190m██[38;2;188;185;190m██[38;2;188;185;190m██        [38;2;188;185;190m██[38;2;225;223;226m██[38;2;249;242;252m██[38;2;249;242;252m██[38;2;188;185;190m██                [38;2;123;120;124m██[38;2;208;207;208m██[38;2;208;207;208m██[38;2;123;120;124m██[38;2;249;242;252m██[38;2;249;242;252m██[38;2;249;242;252m██[38;2;249;242;252m██[38;2;188;185;190m██[38;2;249;242;252m██[38;2;249;242;252m██[38;2;249;242;252m██[38;2;249;242;252m██[38;2;249;242;252m██[38;2;123;120;124m██            [38;2;188;185;190m██[38;2;225;223;226m██[38;2;249;242;252m██[38;2;249;242;252m██[38;2;249;242;252m██[38;2;249;242;252m██[38;2;249;242;252m██[38;2;249;242;252m██[38;2;123;120;124m██[38;2;208;207;208m██[38;2;123;120;124m██        [38;2;123;120;124m██[38;2;225;223;226m██[38;2;225;223;226m██[38;2;225;223;226m██[38;2;225;223;226m██[38;2;225;223;226m██[38;2;123;120;124m██[38;2;123;120;124m██                  
  [38;2;188;185;190m██[38;2;188;185;190m██[38;2;249;242;252m██[38;2;249;242;252m██[38;2;249;242;252m██[38;2;225;223;226m██[38;2;188;185;190m██[38;2;188;185;190m██[38;2;225;223;226m██[38;2;249;242;252m██[38;2;249;242;252m██[38;2;249;242;252m██[38;2;188;185;190m██[38;2;188;185;190m██    [38;2;188;185;190m██[38;2;249;242;252m██[38;2;249;242;252m██[38;2;249;242;252m██[38;2;225;223;226m██[38;2;188;185;190m██              [38;2;123;120;124m██[38;2;208;207;208m██[38;2;208;207;208m██[38;2;123;120;124m██[38;2;249;242;252m██[38;2;188;185;190m██[38;2;188;185;190m██[38;2;188;185;190m██[38;2;188;185;190m██[38;2;249;242;252m██[38;2;249;242;252m██[38;2;249;242;252m██[38;2;249;242;252m██[38;2;225;223;226m██[38;2;188;185;190m██[38;2;188;185;190m██[38;2;188;185;190m██      [38;2;188;185;190m██[38;2;225;223;226m██[38;2;225;223;226m██[38;2;249;242;252m██[38;2;249;242;252m██[38;2;249;242;252m██[38;2;249;242;252m██[38;2;249;242;252m██[38;2;249;242;252m██[38;2;123;120;124m██[38;2;208;207;208m██[38;2;123;120;124m██    [38;2;123;120;124m██[38;2;123;120;124m██[38;2;208;207;208m██[38;2;225;223;226m██[38;2;208;207;208m██[38;2;225;223;226m██[38;2;208;207;208m██[38;2;225;223;226m██[38;2;225;223;226m██[38;2;225;223;226m██[38;2;123;120;124m██                
[38;2;188;185;190m██[38;2;249;242;252m██[38;2;249;242;252m██[38;2;249;242;252m██[38;2;249;242;252m██[38;2;249;242;252m██[38;2;249;242;252m██[38;2;249;242;252m██[38;2;249;242;252m██[38;2;249;242;252m██[38;2;249;242;252m██[38;2;249;242;252m██[38;2;249;242;252m██[38;2;249;242;252m██[38;2;249;242;252m██[38;2;188;185;190m██[38;2;188;185;190m██[38;2;188;185;190m██[38;2;249;242;252m██[38;2;249;242;252m██[38;2;249;242;252m██[38;2;225;223;226m██[38;2;188;185;190m██                [38;2;123;120;124m██[38;2;208;207;208m██[38;2;123;120;124m██[38;2;123;120;124m██[38;2;249;242;252m██[38;2;249;242;252m██[38;2;249;242;252m██[38;2;188;185;190m██[38;2;249;242;252m██[38;2;249;242;252m██[38;2;249;242;252m██[38;2;225;223;226m██[38;2;225;223;226m██[38;2;188;185;190m██[38;2;249;242;252m██[38;2;249;242;252m██[38;2;188;185;190m██[38;2;188;185;190m██[38;2;188;185;190m██[38;2;225;223;226m██[38;2;249;242;252m██[38;2;249;242;252m██[38;2;249;242;252m██[38;2;249;242;252m██[38;2;249;242;252m██[38;2;249;242;252m██[38;2;249;242;252m██[38;2;123;120;124m██[38;2;208;207;208m██[38;2;123;120;124m██    [38;2;123;120;124m██[38;2;208;207;208m██[38;2;208;207;208m██[38;2;208;207;208m██[38;2;208;207;208m██[38;2;225;223;226m██[38;2;208;207;208m██[38;2;225;223;226m██[38;2;123;120;124m██[38;2;123;120;124m██[38;2;123;120;124m██                  
[38;2;188;185;190m██[38;2;249;242;252m██[38;2;249;242;252m██[38;2;249;242;252m██[38;2;249;242;252m██[38;2;249;242;252m██[38;2;249;242;252m██[38;2;249;242;252m██[38;2;249;242;252m██[38;2;249;242;252m██[38;2;249;242;252m██[38;2;249;242;252m██[38;2;249;242;252m██[38;2;249;242;252m██[38;2;249;242;252m██[38;2;249;242;252m██[38;2;225;223;226m██[38;2;188;185;190m██[38;2;249;242;252m██[38;2;249;242;252m██[38;2;249;242;252m██[38;2;188;185;190m██                  [38;2;123;120;124m██[38;2;123;120;124m██[38;2;249;242;252m██[38;2;249;242;252m██[38;2;249;242;252m██[38;2;249;242;252m██[38;2;249;242;252m██[38;2;249;242;252m██[38;2;249;242;252m██[38;2;225;223;226m██[38;2;225;223;226m██[38;2;225;223;226m██[38;2;188;185;190m██[38;2;249;242;252m██[38;2;249;242;252m██[38;2;249;242;252m██[38;2;249;242;252m██[38;2;188;185;190m██[38;2;249;242;252m██[38;2;249;242;252m██[38;2;249;242;252m██[38;2;249;242;252m██[38;2;249;242;252m██[38;2;249;242;252m██[38;2;249;242;252m██[38;2;249;242;252m██[38;2;249;242;252m██[38;2;123;120;124m██[38;2;208;207;208m██[38;2;123;120;124m██[38;2;123;120;124m██[38;2;123;120;124m██[38;2;208;207;208m██[38;2;208;207;208m██[38;2;208;207;208m██[38;2;208;207;208m██[38;2;208;207;208m██[38;2;208;207;208m██[38;2;123;120;124m██[38;2;123;120;124m██                        
  [38;2;188;185;190m██[38;2;188;185;190m██[38;2;188;185;190m██[38;2;188;185;190m██[38;2;225;223;226m██[38;2;249;242;252m██[38;2;249;242;252m██[38;2;249;242;252m██[38;2;249;242;252m██[38;2;249;242;252m██[38;2;249;242;252m██[38;2;249;242;252m██[38;2;249;242;252m██[38;2;249;242;252m██[38;2;249;242;252m██[38;2;188;185;190m██[38;2;249;242;252m██[38;2;249;242;252m██[38;2;249;242;252m██[38;2;249;242;252m██[38;2;188;185;190m██                  [38;2;123;120;124m██[38;2;249;242;252m██[38;2;249;242;252m██[38;2;249;242;252m██[38;2;249;242;252m██[38;2;249;242;252m██[38;2;249;242;252m██[38;2;249;242;252m██[38;2;249;242;252m██[38;2;249;242;252m██[38;2;249;242;252m██[38;2;249;242;252m██[38;2;249;242;252m██[38;2;249;242;252m██[38;2;249;242;252m██[38;2;249;242;252m██[38;2;188;185;190m██[38;2;249;242;252m██[38;2;249;242;252m██[38;2;249;242;252m██[38;2;249;242;252m██[38;2;249;242;252m██[38;2;249;242;252m██[38;2;249;242;252m██[38;2;249;242;252m██[38;2;249;242;252m██[38;2;123;120;124m██[38;2;208;207;208m██[38;2;208;207;208m██[38;2;208;207;208m██[38;2;208;207;208m██[38;2;208;207;208m██[38;2;208;207;208m██[38;2;208;207;208m██[38;2;208;207;208m██[38;2;208;207;208m██[38;2;123;120;124m██[38;2;123;120;124m██                            
          [38;2;188;185;190m██[38;2;188;185;190m██[38;2;225;223;226m██[38;2;249;242;252m██[38;2;249;242;252m██[38;2;249;242;252m██[38;2;249;242;252m██[38;2;249;242;252m██[38;2;249;242;252m██[38;2;249;242;252m██[38;2;249;242;252m██[38;2;188;185;190m██[38;2;249;242;252m██[38;2;249;242;252m██[38;2;249;242;252m██[38;2;249;242;252m██[38;2;225;223;226m██[38;2;123;120;124m██              [38;2;123;120;124m██[38;2;249;242;252m██[38;2;249;242;252m██[38;2;249;242;252m██[38;2;188;185;190m██[38;2;188;185;190m██[38;2;188;185;190m██[38;2;249;242;252m██[38;2;249;242;252m██[38;2;249;242;252m██[38;2;249;242;252m██[38;2;249;242;252m██[38;2;249;242;252m██[38;2;249;242;252m██[38;2;249;242;252m██[38;2;249;242;252m██[38;2;249;242;252m██[38;2;188;185;190m██[38;2;249;242;252m██[38;2;249;242;252m██[38;2;249;242;252m██[38;2;249;242;252m██[38;2;249;242;252m██[38;2;249;242;252m██[38;2;249;242;252m██[38;2;249;242;252m██[38;2;123;120;124m██[38;2;208;207;208m██[38;2;208;207;208m██[38;2;208;207;208m██[38;2;208;207;208m██[38;2;208;207;208m██[38;2;208;207;208m██[38;2;208;207;208m██[38;2;208;207;208m██[38;2;208;207;208m██[38;2;123;120;124m██                                
              [38;2;188;185;190m██[38;2;188;185;190m██[38;2;188;185;190m██[38;2;188;185;190m██[38;2;188;185;190m██[38;2;188;185;190m██[38;2;249;242;252m██[38;2;249;242;252m██[38;2;249;242;252m██[38;2;249;242;252m██[38;2;249;242;252m██[38;2;249;242;252m██[38;2;249;242;252m██[38;2;249;242;252m██[38;2;225;223;226m██[38;2;123;120;124m██      [38;2;123;120;124m██[38;2;123;120;124m██  [38;2;123;120;124m██[38;2;249;242;252m██[38;2;249;242;252m██[38;2;188;185;190m██[38;2;188;185;190m██[38;2;249;242;252m██[38;2;249;242;252m██[38;2;147;143;148m██[38;2;184;180;186m██[38;2;184;180;186m██[38;2;184;180;186m██[38;2;184;180;186m██[38;2;208;207;208m██[38;2;249;242;252m██[38;2;249;242;252m██[38;2;249;242;252m██[38;2;249;242;252m██[38;2;249;242;252m██[38;2;188;185;190m██[38;2;249;242;252m██[38;2;249;242;252m██[38;2;249;242;252m██[38;2;249;242;252m██[38;2;249;242;252m██[38;2;249;242;252m██[38;2;249;242;252m██[38;2;249;242;252m██[38;2;123;120;124m██[38;2;208;207;208m██[38;2;208;207;208m██[38;2;208;207;208m██[38;2;208;207;208m██[38;2;208;207;208m██[38;2;208;207;208m██[38;2;208;207;208m██[38;2;208;207;208m██[38;2;123;120;124m██          [38;2;188;185;190m██[38;2;188;185;190m██                    
                          [38;2;188;185;190m██[38;2;249;242;252m██[38;2;249;242;252m██[38;2;249;242;252m██[38;2;249;242;252m██[38;2;249;242;252m██[38;2;249;242;252m██[38;2;225;223;226m██[38;2;225;223;226m██[38;2;188;185;190m██    [38;2;123;120;124m██[38;2;208;207;208m██[38;2;208;207;208m██[38;2;123;120;124m██[38;2;188;185;190m██[38;2;249;242;252m██[38;2;249;242;252m██[38;2;249;242;252m██[38;2;147;143;148m██[38;2;147;143;148m██[38;2;147;143;148m██[38;2;184;180;186m██[38;2;184;180;186m██[38;2;184;180;186m██[38;2;184;180;186m██[38;2;184;180;186m██[38;2;184;180;186m██[38;2;184;180;186m██[38;2;147;143;148m██[38;2;147;143;148m██[38;2;249;242;252m██[38;2;249;242;252m██[38;2;249;242;252m██[38;2;249;242;252m██[38;2;249;242;252m██[38;2;249;242;252m██[38;2;249;242;252m██[38;2;249;242;252m██[38;2;249;242;252m██[38;2;249;242;252m██[38;2;123;120;124m██[38;2;208;207;208m██[38;2;208;207;208m██[38;2;208;207;208m██[38;2;208;207;208m██[38;2;208;207;208m██[38;2;208;207;208m██[38;2;208;207;208m██[38;2;208;207;208m██[38;2;208;207;208m██[38;2;123;120;124m██        [38;2;188;185;190m██[38;2;249;242;252m██[38;2;249;242;252m██[38;2;123;120;124m██                  
                        [38;2;123;120;124m██[38;2;123;120;124m██[38;2;188;185;190m██[38;2;249;242;252m██[38;2;249;242;252m██[38;2;249;242;252m██[38;2;249;242;252m██[38;2;249;242;252m██[38;2;249;242;252m██[38;2;249;242;252m██[38;2;225;223;226m██[38;2;188;185;190m██  [38;2;123;120;124m██[38;2;208;207;208m██[38;2;208;207;208m██[38;2;188;185;190m██[38;2;249;242;252m██[38;2;249;242;252m██[38;2;249;242;252m██[38;2;208;207;208m██[38;2;184;180;186m██[38;2;184;180;186m██[38;2;184;180;186m██[38;2;184;180;186m██[38;2;184;180;186m██[38;2;184;180;186m██[38;2;184;180;186m██[38;2;184;180;186m██[38;2;184;180;186m██[38;2;184;180;186m██[38;2;147;143;148m██[38;2;184;180;186m██[38;2;147;143;148m██[38;2;249;242;252m██[38;2;249;242;252m██[38;2;249;242;252m██[38;2;249;242;252m██[38;2;249;242;252m██[38;2;249;242;252m██[38;2;249;242;252m██[38;2;188;185;190m██[38;2;123;120;124m██[38;2;208;207;208m██[38;2;208;207;208m██[38;2;208;207;208m██[38;2;123;120;124m██[38;2;123;120;124m██[38;2;208;207;208m██[38;2;208;207;208m██[38;2;208;207;208m██[38;2;123;120;124m██[38;2;123;120;124m██      [38;2;188;185;190m██[38;2;188;185;190m██[38;2;249;242;252m██[38;2;249;242;252m██[38;2;249;242;252m██[38;2;123;120;124m██                  
                    [38;2;123;120;124m██[38;2;123;120;124m██[38;2;208;207;208m██[38;2;208;207;208m██[38;2;188;185;190m██[38;2;249;242;252m██[38;2;249;242;252m██[38;2;249;242;252m██[38;2;249;242;252m██[38;2;249;242;252m██[38;2;249;242;252m██[38;2;249;242;252m██[38;2;249;242;252m██[38;2;249;242;252m██[38;2;188;185;190m██[38;2;123;120;124m██[38;2;208;207;208m██[38;2;188;185;190m██[38;2;249;242;252m██[38;2;249;242;252m██[38;2;249;242;252m██[38;2;208;207;208m██[38;2;184;180;186m██[38;2;147;143;148m██[38;2;147;143;148m██[38;2;188;185;190m██[38;2;184;180;186m██[38;2;184;180;186m██[38;2;184;180;186m██[38;2;184;180;186m██[38;2;184;180;186m██[38;2;184;180;186m██[38;2;184;180;186m██[38;2;147;143;148m██[38;2;184;180;186m██[38;2;184;180;186m██[38;2;147;143;148m██[38;2;249;242;252m██[38;2;188;185;190m██[38;2;249;242;252m██[38;2;249;242;252m██[38;2;249;242;252m██[38;2;188;185;190m██[38;2;123;120;124m██[38;2;208;207;208m██[38;2;208;207;208m██[38;2;208;207;208m██[38;2;123;120;124m██    [38;2;123;120;124m██[38;2;123;120;124m██[38;2;123;120;124m██        [38;2;188;185;190m██[38;2;249;242;252m██[38;2;249;242;252m██[38;2;249;242;252m██[38;2;249;242;252m██[38;2;249;242;252m██[38;2;123;120;124m██                  
                [38;2;123;120;124m██[38;2;123;120;124m██[38;2;225;223;226m██[38;2;208;207;208m██[38;2;225;223;226m██[38;2;208;207;208m██[38;2;208;207;208m██[38;2;188;185;190m██[38;2;188;185;190m██[38;2;249;242;252m██[38;2;249;242;252m██[38;2;249;242;252m██[38;2;249;242;252m██[38;2;249;242;252m██[38;2;249;242;252m██[38;2;249;242;252m██[38;2;249;242;252m██[38;2;188;185;190m██[38;2;208;207;208m██[38;2;188;185;190m██[38;2;249;242;252m██[38;2;249;242;252m██[38;2;208;207;208m██[38;2;184;180;186m██[38;2;147;143;148m██[38;2;108;114;117m██[38;2;108;114;117m██[38;2;108;114;117m██[38;2;147;143;148m██[38;2;147;143;148m██[38;2;147;143;148m██[38;2;147;143;148m██[38;2;188;185;190m██[38;2;184;180;186m██[38;2;184;180;186m██[38;2;184;180;186m██[38;2;147;143;148m██[38;2;184;180;186m██[38;2;184;180;186m██[38;2;147;143;148m██[38;2;249;242;252m██[38;2;188;185;190m██[38;2;188;185;190m██[38;2;188;185;190m██[38;2;208;207;208m██[38;2;208;207;208m██[38;2;123;120;124m██[38;2;208;207;208m██[38;2;123;120;124m██                    [38;2;188;185;190m██[38;2;249;242;252m██[38;2;249;242;252m██[38;2;249;242;252m██[38;2;249;242;252m██[38;2;123;120;124m██                    
              [38;2;123;120;124m██[38;2;225;223;226m██[38;2;225;223;226m██[38;2;208;207;208m██[38;2;225;223;226m██[38;2;208;207;208m██[38;2;208;207;208m██[38;2;208;207;208m██[38;2;208;207;208m██[38;2;208;207;208m██[38;2;188;185;190m██[38;2;249;242;252m██[38;2;249;242;252m██[38;2;249;242;252m██[38;2;249;242;252m██[38;2;249;242;252m██[38;2;249;242;252m██[38;2;249;242;252m██[38;2;208;207;208m██[38;2;208;207;208m██[38;2;188;185;190m██[38;2;249;242;252m██[38;2;249;242;252m██[38;2;184;180;186m██[38;2;184;180;186m██[38;2;147;143;148m██[38;2;108;114;117m██[38;2;230;98;148m██[38;2;108;114;117m██[38;2;108;114;117m██[38;2;108;114;117m██[38;2;108;114;117m██[38;2;108;114;117m██[38;2;108;114;117m██[38;2;147;143;148m██[38;2;147;143;148m██[38;2;184;180;186m██[38;2;184;180;186m██[38;2;147;143;148m██[38;2;147;143;148m██[38;2;147;143;148m██[38;2;249;242;252m██[38;2;249;242;252m██[38;2;249;242;252m██[38;2;249;242;252m██[38;2;225;223;226m██[38;2;208;207;208m██[38;2;123;120;124m██[38;2;123;120;124m██                    [38;2;188;185;190m██[38;2;249;242;252m██[38;2;249;242;252m██[38;2;249;242;252m██[38;2;249;242;252m██[38;2;123;120;124m██        [38;2;188;185;190m██[38;2;188;185;190m██[38;2;188;185;190m██        
              [38;2;123;120;124m██[38;2;225;223;226m██[38;2;225;223;226m██[38;2;123;120;124m██[38;2;123;120;124m██[38;2;225;223;226m██[38;2;208;207;208m██[38;2;208;207;208m██[38;2;208;207;208m██[38;2;123;120;124m██[38;2;123;120;124m██[38;2;123;120;124m██[38;2;249;242;252m██[38;2;249;242;252m██[38;2;249;242;252m██[38;2;249;242;252m██[38;2;249;242;252m██[38;2;249;242;252m██[38;2;208;207;208m██[38;2;188;185;190m██[38;2;249;242;252m██[38;2;249;242;252m██[38;2;208;207;208m██[38;2;147;143;148m██[38;2;147;143;148m██[38;2;108;114;117m██[38;2;230;98;148m██[38;2;252;252;252m██[38;2;74;73;78m██[38;2;108;114;117m██[38;2;108;114;117m██[38;2;108;114;117m██[38;2;108;114;117m██[38;2;108;114;117m██[38;2;108;114;117m██[38;2;108;114;117m██[38;2;147;143;148m██[38;2;184;180;186m██[38;2;184;180;186m██[38;2;184;180;186m██[38;2;184;180;186m██[38;2;249;242;252m██[38;2;249;242;252m██[38;2;249;242;252m██[38;2;249;242;252m██[38;2;249;242;252m██[38;2;225;223;226m██[38;2;208;207;208m██[38;2;123;120;124m██                    [38;2;188;185;190m██[38;2;249;242;252m██[38;2;249;242;252m██[38;2;249;242;252m██[38;2;249;242;252m██[38;2;123;120;124m██    [38;2;188;185;190m██[38;2;188;185;190m██[38;2;249;242;252m██[38;2;249;242;252m██[38;2;249;242;252m██[38;2;188;185;190m██[38;2;188;185;190m██[38;2;188;185;190m██  
                [38;2;123;120;124m██[38;2;123;120;124m██    [38;2;123;120;124m██[38;2;123;120;124m██[38;2;123;120;124m██[38;2;123;120;124m██      [38;2;123;120;124m██[38;2;249;242;252m██[38;2;249;242;252m██[38;2;249;242;252m██[38;2;249;242;252m██[38;2;249;242;252m██[38;2;208;207;208m██[38;2;188;185;190m██[38;2;249;242;252m██[38;2;249;242;252m██[38;2;147;143;148m██[38;2;108;114;117m██[38;2;108;114;117m██[38;2;74;73;78m██[38;2;230;98;148m██[38;2;255;164;197m██[38;2;74;73;78m██[38;2;108;114;117m██[38;2;108;114;117m██[38;2;108;114;117m██[38;2;230;98;148m██[38;2;108;114;117m██[38;2;108;114;117m██[38;2;108;114;117m██[38;2;108;114;117m██[38;2;147;143;148m██[38;2;184;180;186m██[38;2;184;180;186m██[38;2;184;180;186m██[38;2;208;207;208m██[38;2;249;242;252m██[38;2;249;242;252m██[38;2;249;242;252m██[38;2;249;242;252m██[38;2;249;242;252m██[38;2;208;207;208m██[38;2;123;120;124m██                    [38;2;188;185;190m██[38;2;249;242;252m██[38;2;249;242;252m██[38;2;249;242;252m██[38;2;249;242;252m██[38;2;225;223;226m██[38;2;188;185;190m██[38;2;188;185;190m██[38;2;249;242;252m██[38;2;249;242;252m██[38;2;249;242;252m██[38;2;249;242;252m██[38;2;249;242;252m██[38;2;249;242;252m██[38;2;249;242;252m██[38;2;249;242;252m██[38;2;123;120;124m██
                                        [38;2;123;120;124m██[38;2;123;120;124m██[38;2;249;242;252m██[38;2;249;242;252m██[38;2;225;223;226m██[38;2;208;207;208m██[38;2;188;185;190m██[38;2;249;242;252m██[38;2;249;242;252m██[38;2;147;143;148m██[38;2;108;114;117m██[38;2;108;114;117m██[38;2;74;73;78m██[38;2;108;114;117m██[38;2;230;98;148m██[38;2;16;16;16m██[38;2;74;73;78m██[38;2;108;114;117m██[38;2;230;98;148m██[38;2;252;252;252m██[38;2;230;98;148m██[38;2;108;114;117m██[38;2;108;114;117m██[38;2;108;114;117m██[38;2;147;143;148m██[38;2;184;180;186m██[38;2;184;180;186m██[38;2;184;180;186m██[38;2;184;180;186m██[38;2;249;242;252m██[38;2;249;242;252m██[38;2;249;242;252m██[38;2;249;242;252m██[38;2;249;242;252m██[38;2;225;223;226m██[38;2;123;120;124m██      [38;2;188;185;190m██[38;2;188;185;190m██          [38;2;188;185;190m██[38;2;249;242;252m██[38;2;249;242;252m██[38;2;249;242;252m██[38;2;249;242;252m██[38;2;249;242;252m██[38;2;225;223;226m██[38;2;249;242;252m██[38;2;249;242;252m██[38;2;249;242;252m██[38;2;249;242;252m██[38;2;249;242;252m██[38;2;249;242;252m██[38;2;249;242;252m██[38;2;249;242;252m██[38;2;249;242;252m██[38;2;123;120;124m██
                                            [38;2;123;120;124m██[38;2;249;242;252m██[38;2;208;207;208m██[38;2;208;207;208m██[38;2;249;242;252m██[38;2;249;242;252m██[38;2;249;242;252m██[38;2;147;143;148m██[38;2;108;114;117m██[38;2;108;114;117m██[38;2;108;114;117m██[38;2;108;114;117m██[38;2;16;16;16m██[38;2;108;114;117m██[38;2;16;16;16m██[38;2;108;114;117m██[38;2;230;98;148m██[38;2;255;164;197m██[38;2;230;98;148m██[38;2;74;73;78m██[38;2;108;114;117m██[38;2;147;143;148m██[38;2;184;180;186m██[38;2;184;180;186m██[38;2;184;180;186m██[38;2;184;180;186m██[38;2;184;180;186m██[38;2;249;242;252m██[38;2;249;242;252m██[38;2;249;242;252m██[38;2;249;242;252m██[38;2;249;242;252m██[38;2;249;242;252m██[38;2;123;120;124m██    [38;2;188;185;190m██[38;2;249;242;252m██[38;2;249;242;252m██[38;2;188;185;190m██        [38;2;188;185;190m██[38;2;249;242;252m██[38;2;249;242;252m██[38;2;249;242;252m██[38;2;249;242;252m██[38;2;249;242;252m██[38;2;225;223;226m██[38;2;249;242;252m██[38;2;249;242;252m██[38;2;249;242;252m██[38;2;249;242;252m██[38;2;249;242;252m██[38;2;249;242;252m██[38;2;249;242;252m██[38;2;249;242;252m██[38;2;123;120;124m██  
                                            [38;2;123;120;124m██[38;2;225;223;226m██[38;2;208;207;208m██[38;2;208;207;208m██[38;2;249;242;252m██[38;2;249;242;252m██[38;2;249;242;252m██[38;2;147;143;148m██[38;2;108;114;117m██[38;2;108;114;117m██[38;2;108;114;117m██[38;2;16;16;16m██[38;2;108;114;117m██[38;2;108;114;117m██[38;2;59;58;63m██[38;2;59;58;63m██[38;2;108;114;117m██[38;2;230;98;148m██[38;2;108;114;117m██[38;2;74;73;78m██[38;2;108;114;117m██[38;2;147;143;148m██[38;2;184;180;186m██[38;2;184;180;186m██[38;2;184;180;186m██[38;2;184;180;186m██[38;2;184;180;186m██[38;2;249;242;252m██[38;2;249;242;252m██[38;2;249;242;252m██[38;2;249;242;252m██[38;2;249;242;252m██[38;2;249;242;252m██[38;2;123;120;124m██  [38;2;188;185;190m██[38;2;249;242;252m██[38;2;249;242;252m██[38;2;249;242;252m██[38;2;188;185;190m██      [38;2;188;185;190m██[38;2;225;223;226m██[38;2;249;242;252m██[38;2;249;242;252m██[38;2;249;242;252m██[38;2;249;242;252m██[38;2;225;223;226m██[38;2;249;242;252m██[38;2;249;242;252m██[38;2;249;242;252m██[38;2;249;242;252m██[38;2;249;242;252m██[38;2;249;242;252m██[38;2;225;223;226m██[38;2;123;120;124m██[38;2;123;120;124m██    
                                              [38;2;123;120;124m██[38;2;208;207;208m██[38;2;188;185;190m██[38;2;249;242;252m██[38;2;249;242;252m██[38;2;249;242;252m██[38;2;184;180;186m██[38;2;147;143;148m██[38;2;108;114;117m██[38;2;108;114;117m██[38;2;108;114;117m██[38;2;188;185;190m██[38;2;147;143;148m██[38;2;108;114;117m██[38;2;16;16;16m██[38;2;108;114;117m██[38;2;108;114;117m██[38;2;74;73;78m██[38;2;108;114;117m██[38;2;108;114;117m██[38;2;108;114;117m██[38;2;147;143;148m██[38;2;147;143;148m██[38;2;184;180;186m██[38;2;184;180;186m██[38;2;184;180;186m██[38;2;249;242;252m██[38;2;249;242;252m██[38;2;249;242;252m██[38;2;249;242;252m██[38;2;249;242;252m██[38;2;249;242;252m██[38;2;123;120;124m██[38;2;188;185;190m██[38;2;249;242;252m██[38;2;249;242;252m██[38;2;249;242;252m██[38;2;188;185;190m██        [38;2;188;185;190m██[38;2;225;223;226m██[38;2;225;223;226m██[38;2;225;223;226m██[38;2;249;242;252m██[38;2;249;242;252m██[38;2;249;242;252m██[38;2;249;242;252m██[38;2;249;242;252m██[38;2;225;223;226m██[38;2;225;223;226m██[38;2;188;185;190m██[38;2;123;120;124m██[38;2;123;120;124m██        
                                                [38;2;123;120;124m██[38;2;188;185;190m██[38;2;249;242;252m██[38;2;249;242;252m██[38;2;249;242;252m██[38;2;208;207;208m██[38;2;184;180;186m██[38;2;147;143;148m██[38;2;147;143;148m██[38;2;188;185;190m██[38;2;184;180;186m██[38;2;184;180;186m██[38;2;147;143;148m██[38;2;108;114;117m██[38;2;108;114;117m██[38;2;108;114;117m██[38;2;108;114;117m██[38;2;108;114;117m██[38;2;108;114;117m██[38;2;108;114;117m██[38;2;108;114;117m██[38;2;147;143;148m██[38;2;184;180;186m██[38;2;184;180;186m██[38;2;208;207;208m██[38;2;249;242;252m██[38;2;249;242;252m██[38;2;225;223;226m██[38;2;225;223;226m██[38;2;188;185;190m██[38;2;188;185;190m██[38;2;188;185;190m██[38;2;249;242;252m██[38;2;249;242;252m██[38;2;249;242;252m██[38;2;249;242;252m██[38;2;188;185;190m██      [38;2;188;185;190m██[38;2;249;242;252m██[38;2;249;242;252m██[38;2;249;242;252m██[38;2;249;242;252m██[38;2;249;242;252m██[38;2;249;242;252m██[38;2;249;242;252m██[38;2;225;223;226m██[38;2;225;223;226m██[38;2;123;120;124m██[38;2;123;120;124m██              
                                                  [38;2;188;185;190m██[38;2;249;242;252m██[38;2;249;242;252m██[38;2;249;242;252m██[38;2;249;242;252m██[38;2;184;180;186m██[38;2;184;180;186m██[38;2;184;180;186m██[38;2;184;180;186m██[38;2;184;180;186m██[38;2;184;180;186m██[38;2;184;180;186m██[38;2;147;143;148m██[38;2;108;114;117m██[38;2;108;114;117m██[38;2;108;114;117m██[38;2;108;114;117m██[38;2;108;114;117m██[38;2;108;114;117m██[38;2;108;114;117m██[38;2;147;143;148m██[38;2;184;180;186m██[38;2;184;180;186m██[38;2;249;242;252m██[38;2;249;242;252m██[38;2;225;223;226m██[38;2;225;223;226m██[38;2;249;242;252m██[38;2;249;242;252m██[38;2;249;242;252m██[38;2;225;223;226m██[38;2;249;242;252m██[38;2;249;242;252m██[38;2;249;242;252m██[38;2;188;185;190m██    [38;2;188;185;190m██[38;2;188;185;190m██[38;2;249;242;252m██[38;2;249;242;252m██[38;2;249;242;252m██[38;2;249;242;252m██[38;2;249;242;252m██[38;2;249;242;252m██[38;2;249;242;252m██[38;2;225;223;226m██[38;2;225;223;226m██[38;2;123;120;124m██                  
                                                  [38;2;188;185;190m██[38;2;249;242;252m██[38;2;249;242;252m██[38;2;249;242;252m██[38;2;249;242;252m██[38;2;208;207;208m██[38;2;184;180;186m██[38;2;184;180;186m██[38;2;184;180;186m██[38;2;184;180;186m██[38;2;184;180;186m██[38;2;184;180;186m██[38;2;184;180;186m██[38;2;147;143;148m██[38;2;108;114;117m██[38;2;108;114;117m██[38;2;108;114;117m██[38;2;108;114;117m██[38;2;108;114;117m██[38;2;147;143;148m██[38;2;184;180;186m██[38;2;184;180;186m██[38;2;208;207;208m██[38;2;249;242;252m██[38;2;249;242;252m██[38;2;249;242;252m██[38;2;249;242;252m██[38;2;249;242;252m██[38;2;249;242;252m██[38;2;249;242;252m██[38;2;249;242;252m██[38;2;249;242;252m██[38;2;225;223;226m██[38;2;188;185;190m██[38;2;188;185;190m██[38;2;188;185;190m██[38;2;188;185;190m██[38;2;249;242;252m██[38;2;249;242;252m██[38;2;249;242;252m██[38;2;249;242;252m██[38;2;249;242;252m██[38;2;249;242;252m██[38;2;249;242;252m██[38;2;249;242;252m██[38;2;225;223;226m██[38;2;123;120;124m██[38;2;123;120;124m██                    
                                                  [38;2;188;185;190m██[38;2;249;242;252m██[38;2;249;242;252m██[38;2;249;242;252m██[38;2;249;242;252m██[38;2;249;242;252m██[38;2;208;207;208m██[38;2;184;180;186m██[38;2;184;180;186m██[38;2;184;180;186m██[38;2;184;180;186m██[38;2;184;180;186m██[38;2;184;180;186m██[38;2;184;180;186m██[38;2;147;143;148m██[38;2;147;143;148m██[38;2;108;114;117m██[38;2;147;143;148m██[38;2;147;143;148m██[38;2;184;180;186m██[38;2;184;180;186m██[38;2;208;207;208m██[38;2;249;242;252m██[38;2;249;242;252m██[38;2;249;242;252m██[38;2;249;242;252m██[38;2;249;242;252m██[38;2;249;242;252m██[38;2;249;242;252m██[38;2;249;242;252m██[38;2;249;242;252m██[38;2;249;242;252m██[38;2;249;242;252m██[38;2;249;242;252m██[38;2;249;242;252m██[38;2;249;242;252m██[38;2;249;242;252m██[38;2;249;242;252m██[38;2;249;242;252m██[38;2;249;242;252m██[38;2;249;242;252m██[38;2;249;242;252m██[38;2;249;242;252m██[38;2;249;242;252m██[38;2;249;242;252m██[38;2;123;120;124m██                        
                                                [38;2;188;185;190m██[38;2;225;223;226m██[38;2;225;223;226m██[38;2;249;242;252m██[38;2;249;242;252m██[38;2;249;242;252m██[38;2;249;242;252m██[38;2;249;242;252m██[38;2;208;207;208m██[38;2;184;180;186m██[38;2;184;180;186m██[38;2;184;180;186m██[38;2;184;180;186m██[38;2;184;180;186m██[38;2;184;180;186m██[38;2;184;180;186m██[38;2;147;143;148m██[38;2;108;114;117m██[38;2;147;143;148m██[38;2;184;180;186m██[38;2;184;180;186m██[38;2;208;207;208m██[38;2;249;242;252m██[38;2;249;242;252m██[38;2;249;242;252m██[38;2;249;242;252m██[38;2;249;242;252m██[38;2;249;242;252m██[38;2;249;242;252m██[38;2;249;242;252m██[38;2;249;242;252m██[38;2;249;242;252m██[38;2;249;242;252m██[38;2;249;242;252m██[38;2;249;242;252m██[38;2;249;242;252m██[38;2;249;242;252m██[38;2;249;242;252m██[38;2;249;242;252m██[38;2;249;242;252m██[38;2;249;242;252m██[38;2;249;242;252m██[38;2;249;242;252m██[38;2;225;223;226m██[38;2;188;185;190m██[38;2;188;185;190m██[38;2;123;120;124m██                        
                                          [38;2;188;185;190m██[38;2;188;185;190m██[38;2;188;185;190m██[38;2;249;242;252m██[38;2;249;242;252m██[38;2;249;242;252m██[38;2;225;223;226m██[38;2;249;242;252m██[38;2;249;242;252m██[38;2;249;242;252m██[38;2;249;242;252m██[38;2;249;242;252m██[38;2;208;207;208m██[38;2;184;180;186m██[38;2;184;180;186m██[38;2;184;180;186m██[38;2;184;180;186m██[38;2;184;180;186m██[38;2;184;180;186m██[38;2;147;143;148m██[38;2;108;114;117m██[38;2;147;143;148m██[38;2;184;180;186m██[38;2;208;207;208m██[38;2;249;242;252m██[38;2;249;242;252m██[38;2;249;242;252m██[38;2;225;223;226m██[38;2;249;242;252m██[38;2;249;242;252m██[38;2;249;242;252m██[38;2;249;242;252m██[38;2;249;242;252m██[38;2;249;242;252m██[38;2;249;242;252m██[38;2;249;242;252m██[38;2;249;242;252m██[38;2;249;242;252m██[38;2;249;242;252m██[38;2;249;242;252m██[38;2;249;242;252m██[38;2;249;242;252m██[38;2;249;242;252m██[38;2;249;242;252m██[38;2;249;242;252m██[38;2;249;242;252m██[38;2;249;242;252m██[38;2;249;242;252m██[38;2;249;242;252m██[38;2;188;185;190m██[38;2;188;185;190m██[38;2;188;185;190m██                    
                                        [38;2;188;185;190m██[38;2;249;242;252m██[38;2;249;242;252m██[38;2;249;242;252m██[38;2;249;242;252m██[38;2;249;242;252m██[38;2;249;242;252m██[38;2;249;242;252m██[38;2;249;242;252m██[38;2;249;242;252m██[38;2;249;242;252m██[38;2;249;242;252m██[38;2;249;242;252m██[38;2;249;242;252m██[38;2;249;242;252m██[38;2;208;207;208m██[38;2;184;180;186m██[38;2;184;180;186m██[38;2;184;180;186m██[38;2;184;180;186m██[38;2;184;180;186m██[38;2;147;143;148m██[38;2;208;207;208m██[38;2;249;242;252m██[38;2;249;242;252m██[38;2;249;242;252m██[38;2;249;242;252m██[38;2;249;242;252m██[38;2;188;185;190m██[38;2;225;223;226m██[38;2;249;242;252m██[38;2;249;242;252m██[38;2;249;242;252m██[38;2;249;242;252m██[38;2;249;242;252m██[38;2;249;242;252m██[38;2;249;242;252m██[38;2;249;242;252m██[38;2;249;242;252m██[38;2;249;242;252m██[38;2;249;242;252m██[38;2;249;242;252m██[38;2;225;223;226m██[38;2;249;242;252m██[38;2;249;242;252m██[38;2;249;242;252m██[38;2;249;242;252m██[38;2;249;242;252m██[38;2;249;242;252m██[38;2;249;242;252m██[38;2;249;242;252m██[38;2;249;242;252m██[38;2;249;242;252m██[38;2;188;185;190m██[38;2;188;185;190m██                
                                        [38;2;188;185;190m██[38;2;249;242;252m██[38;2;249;242;252m██[38;2;249;242;252m██[38;2;249;242;252m██[38;2;249;242;252m██[38;2;249;242;252m██[38;2;225;223;226m██[38;2;249;242;252m██[38;2;249;242;252m██[38;2;249;242;252m██[38;2;249;242;252m██[38;2;249;242;252m██[38;2;249;242;252m██[38;2;249;242;252m██[38;2;249;242;252m██[38;2;249;242;252m██[38;2;249;242;252m██[38;2;249;242;252m██[38;2;249;242;252m██[38;2;249;242;252m██[38;2;249;242;252m██[38;2;249;242;252m██[38;2;249;242;252m██[38;2;249;242;252m██[38;2;249;242;252m██[38;2;249;242;252m██[38;2;249;242;252m██[38;2;249;242;252m██[38;2;188;185;190m██[38;2;225;223;226m██[38;2;249;242;252m██[38;2;249;242;252m██[38;2;249;242;252m██[38;2;249;242;252m██[38;2;249;242;252m██[38;2;249;242;252m██[38;2;249;242;252m██[38;2;225;223;226m██[38;2;225;223;226m██[38;2;249;242;252m██[38;2;188;185;190m██[38;2;225;223;226m██[38;2;249;242;252m██[38;2;249;242;252m██[38;2;249;242;252m██[38;2;249;242;252m██[38;2;249;242;252m██[38;2;249;242;252m██[38;2;249;242;252m██[38;2;249;242;252m██[38;2;249;242;252m██[38;2;249;242;252m██[38;2;249;242;252m██[38;2;249;242;252m██[38;2;188;185;190m██              
                                          [38;2;123;120;124m██[38;2;123;120;124m██[38;2;123;120;124m██[38;2;225;223;226m██[38;2;225;223;226m██[38;2;225;223;226m██[38;2;188;185;190m██[38;2;249;242;252m██[38;2;249;242;252m██[38;2;249;242;252m██[38;2;249;242;252m██[38;2;249;242;252m██[38;2;249;242;252m██[38;2;249;242;252m██[38;2;249;242;252m██[38;2;249;242;252m██[38;2;249;242;252m██[38;2;249;242;252m██[38;2;225;223;226m██[38;2;225;223;226m██[38;2;249;242;252m██[38;2;249;242;252m██[38;2;249;242;252m██[38;2;249;242;252m██[38;2;249;242;252m██[38;2;249;242;252m██[38;2;249;242;252m██[38;2;249;242;252m██[38;2;249;242;252m██[38;2;188;185;190m██[38;2;188;185;190m██[38;2;188;185;190m██[38;2;123;120;124m██[38;2;123;120;124m██[38;2;123;120;124m██[38;2;123;120;124m██[38;2;188;185;190m██[38;2;225;223;226m██[38;2;249;242;252m██[38;2;249;242;252m██[38;2;249;242;252m██[38;2;123;120;124m██[38;2;123;120;124m██[38;2;123;120;124m██[38;2;188;185;190m██[38;2;249;242;252m██[38;2;249;242;252m██[38;2;249;242;252m██[38;2;249;242;252m██[38;2;249;242;252m██[38;2;249;242;252m██[38;2;249;242;252m██[38;2;249;242;252m██[38;2;249;242;252m██[38;2;249;242;252m██[38;2;188;185;190m██[38;2;188;185;190m██          
                                                [38;2;123;120;124m██[38;2;123;120;124m██[38;2;123;120;124m██[38;2;188;185;190m██[38;2;249;242;252m██[38;2;249;242;252m██[38;2;249;242;252m██[38;2;249;242;252m██[38;2;249;242;252m██[38;2;249;242;252m██[38;2;249;242;252m██[38;2;249;242;252m██[38;2;249;242;252m██[38;2;249;242;252m██[38;2;249;242;252m██[38;2;249;242;252m██[38;2;225;223;226m██[38;2;225;223;226m██[38;2;249;242;252m██[38;2;249;242;252m██[38;2;249;242;252m██[38;2;249;242;252m██[38;2;249;242;252m██[38;2;249;242;252m██[38;2;249;242;252m██[38;2;249;242;252m██[38;2;188;185;190m██[38;2;208;207;208m██[38;2;123;120;124m██          [38;2;123;120;124m██[38;2;123;120;124m██[38;2;249;242;252m██[38;2;249;242;252m██[38;2;123;120;124m██      [38;2;123;120;124m██[38;2;123;120;124m██[38;2;249;242;252m██[38;2;249;242;252m██[38;2;249;242;252m██[38;2;249;242;252m██[38;2;249;242;252m██[38;2;249;242;252m██[38;2;249;242;252m██[38;2;249;242;252m██[38;2;249;242;252m██[38;2;249;242;252m██[38;2;188;185;190m██        
                                                      [38;2;188;185;190m██[38;2;249;242;252m██[38;2;249;242;252m██[38;2;249;242;252m██[38;2;249;242;252m██[38;2;249;242;252m██[38;2;249;242;252m██[38;2;249;242;252m██[38;2;249;242;252m██[38;2;249;242;252m██[38;2;225;223;226m██[38;2;249;242;252m██[38;2;249;242;252m██[38;2;249;242;252m██[38;2;188;185;190m██[38;2;249;242;252m██[38;2;249;242;252m██[38;2;249;242;252m██[38;2;249;242;252m██[38;2;249;242;252m██[38;2;249;242;252m██[38;2;249;242;252m██[38;2;188;185;190m██[38;2;123;120;124m██[38;2;123;120;124m██                [38;2;123;120;124m██[38;2;249;242;252m██[38;2;249;242;252m██[38;2;123;120;124m██        [38;2;123;120;124m██[38;2;123;120;124m██[38;2;123;120;124m██[38;2;188;185;190m██[38;2;249;242;252m██[38;2;249;242;252m██[38;2;249;242;252m██[38;2;249;242;252m██[38;2;249;242;252m██[38;2;249;242;252m██[38;2;188;185;190m██        
                                                      [38;2;188;185;190m██[38;2;249;242;252m██[38;2;249;242;252m██[38;2;249;242;252m██[38;2;249;242;252m██[38;2;249;242;252m██[38;2;249;242;252m██[38;2;249;242;252m██[38;2;249;242;252m██[38;2;249;242;252m██[38;2;188;185;190m██[38;2;249;242;252m██[38;2;249;242;252m██[38;2;249;242;252m██[38;2;188;185;190m██[38;2;249;242;252m██[38;2;249;242;252m██[38;2;249;242;252m██[38;2;249;242;252m██[38;2;249;242;252m██[38;2;249;242;252m██[38;2;188;185;190m██[38;2;123;120;124m██                      [38;2;123;120;124m██[38;2;249;242;252m██[38;2;123;120;124m██                [38;2;123;120;124m██[38;2;123;120;124m██[38;2;188;185;190m██[38;2;249;242;252m██[38;2;249;242;252m██[38;2;249;242;252m██[38;2;188;185;190m██        
                                                        [38;2;188;185;190m██[38;2;249;242;252m██[38;2;249;242;252m██[38;2;249;242;252m██[38;2;249;242;252m██[38;2;249;242;252m██[38;2;249;242;252m██[38;2;249;242;252m██[38;2;249;242;252m██[38;2;188;185;190m██[38;2;225;223;226m██[38;2;249;242;252m██[38;2;249;242;252m██[38;2;188;185;190m██[38;2;249;242;252m██[38;2;249;242;252m██[38;2;249;242;252m██[38;2;249;242;252m██[38;2;249;242;252m██[38;2;188;185;190m██[38;2;123;120;124m██                          [38;2;123;120;124m██                        [38;2;123;120;124m██[38;2;123;120;124m██[38;2;123;120;124m██          
                                                        [38;2;188;185;190m██[38;2;249;242;252m██[38;2;249;242;252m██[38;2;249;242;252m██[38;2;249;242;252m██[38;2;249;242;252m██[38;2;249;242;252m██[38;2;249;242;252m██[38;2;249;242;252m██[38;2;188;185;190m██[38;2;225;223;226m██[38;2;249;242;252m██[38;2;249;242;252m██[38;2;188;185;190m██[38;2;249;242;252m██[38;2;249;242;252m██[38;2;249;242;252m██[38;2;249;242;252m██[38;2;225;223;226m██[38;2;208;207;208m██[38;2;123;120;124m██                                                                    
                                                          [38;2;188;185;190m██[38;2;249;242;252m██[38;2;249;242;252m██[38;2;249;242;252m██[38;2;249;242;252m██[38;2;249;242;252m██[38;2;249;242;252m██[38;2;249;242;252m██[38;2;188;185;190m██[38;2;249;242;252m██[38;2;249;242;252m██[38;2;188;185;190m██[38;2;249;242;252m██[38;2;249;242;252m██[38;2;249;242;252m██[38;2;249;242;252m██[38;2;188;185;190m██[38;2;208;207;208m██[38;2;208;207;208m██[38;2;123;120;124m██                                                                    
                                                          [38;2;123;120;124m██[38;2;249;242;252m██[38;2;249;242;252m██[38;2;249;242;252m██[38;2;249;242;252m██[38;2;249;242;252m██[38;2;249;242;252m██[38;2;249;242;252m██[38;2;188;185;190m██[38;2;249;242;252m██[38;2;249;242;252m██[38;2;188;185;190m██[38;2;249;242;252m██[38;2;249;242;252m██[38;2;249;242;252m██[38;2;123;120;124m██[38;2;123;120;124m██[38;2;123;120;124m██[38;2;123;120;124m██                                                                      
                                                            [38;2;188;185;190m██[38;2;249;242;252m██[38;2;249;242;252m██[38;2;249;242;252m██[38;2;249;242;252m██[38;2;249;242;252m██[38;2;249;242;252m██[38;2;249;242;252m██[38;2;188;185;190m██[38;2;188;185;190m██[38;2;249;242;252m██[38;2;249;242;252m██[38;2;249;242;252m██[38;2;123;120;124m██                                                                              
                                                            [38;2;123;120;124m██[38;2;225;223;226m██[38;2;249;242;252m██[38;2;249;242;252m██[38;2;249;242;252m██[38;2;249;242;252m██[38;2;249;242;252m██[38;2;249;242;252m██[38;2;249;242;252m██[38;2;249;242;252m██[38;2;249;242;252m██[38;2;249;242;252m██[38;2;188;185;190m██[38;2;123;120;124m██                                                                              
                                                              [38;2;123;120;124m██[38;2;249;242;252m██[38;2;249;242;252m██[38;2;249;242;252m██[38;2;249;242;252m██[38;2;249;242;252m██[38;2;249;242;252m██[38;2;249;242;252m██[38;2;249;242;252m██[38;2;249;242;252m██[38;2;249;242;252m██[38;2;188;185;190m██[38;2;208;207;208m██[38;2;123;120;124m██                                                                            
                                                                [38;2;123;120;124m██[38;2;249;242;252m██[38;2;249;242;252m██[38;2;249;242;252m██[38;2;249;242;252m██[38;2;249;242;252m██[38;2;249;242;252m██[38;2;249;242;252m██[38;2;249;242;252m██[38;2;225;223;226m██[38;2;208;207;208m██[38;2;208;207;208m██[38;2;123;120;124m██                                                                            
                                                                  [38;2;123;120;124m██[38;2;249;242;252m██[38;2;249;242;252m██[38;2;249;242;252m██[38;2;249;242;252m██[38;2;249;242;252m██[38;2;249;242;252m██[38;2;249;242;252m██[38;2;208;207;208m██[38;2;123;120;124m██[38;2;123;120;124m██                                                                              
                                                                    [38;2;188;185;190m██[38;2;249;242;252m██[38;2;249;242;252m██[38;2;249;242;252m██[38;2;249;242;252m██[38;2;249;242;252m██[38;2;249;242;252m██[38;2;123;120;124m██                                                                                  
                                                                    [38;2;123;120;124m██[38;2;225;223;226m██[38;2;249;242;252m██[38;2;249;242;252m██[38;2;249;242;252m██[38;2;249;242;252m██[38;2;225;223;226m██[38;2;123;120;124m██                                                                                  
                                                                      [38;2;123;120;124m██[38;2;225;223;226m██[38;2;249;242;252m██[38;2;249;242;252m██[38;2;225;223;226m██[38;2;208;207;208m██[38;2;123;120;124m██                                                                                  
                                                                      [38;2;123;120;124m██[38;2;208;207;208m██[38;2;208;207;208m██[38;2;225;223;226m██[38;2;208;207;208m██[38;2;225;223;226m██[38;2;208;207;208m██[38;2;123;120;124m██                                                                                
                                                                    [38;2;123;120;124m██[38;2;208;207;208m██[38;2;208;207;208m██[38;2;208;207;208m██[38;2;208;207;208m██[38;2;225;223;226m██[38;2;208;207;208m██[38;2;225;223;226m██[38;2;208;207;208m██[38;2;123;120;124m██                                                                              
                                                                    [38;2;123;120;124m██[38;2;208;207;208m██[38;2;208;207;208m██[38;2;208;207;208m██[38;2;208;207;208m██[38;2;208;207;208m██[38;2;208;207;208m██[38;2;208;207;208m██[38;2;208;207;208m██[38;2;208;207;208m██[38;2;123;120;124m██                                                                            
                                                                      [38;2;123;120;124m██[38;2;208;207;208m██[38;2;208;207;208m██[38;2;208;207;208m██[38;2;208;207;208m██[38;2;208;207;208m██[38;2;208;207;208m██[38;2;208;207;208m██[38;2;208;207;208m██[38;2;123;120;124m██                                                                            
                                                                        [38;2;123;120;124m██[38;2;208;207;208m██[38;2;208;207;208m██[38;2;208;207;208m██[38;2;208;207;208m██[38;2;208;207;208m██[38;2;208;207;208m██[38;2;123;120;124m██                                                                              
                                                        [38;2;59;58;63m██[38;2;59;58;63m██[38;2;16;16;16m██[38;2;16;16;16m██        [38;2;123;120;124m██[38;2;208;207;208m██[38;2;208;207;208m██[38;2;208;207;208m██[38;2;208;207;208m██[38;2;208;207;208m██[38;2;208;207;208m██[38;2;123;120;124m██                                                                              
                                                      [38;2;59;58;63m██[38;2;108;114;117m██[38;2;108;114;117m██[38;2;74;73;78m██[38;2;59;58;63m██[38;2;59;58;63m██[38;2;16;16;16m██[38;2;16;16;16m██[38;2;123;120;124m██[38;2;208;207;208m██[38;2;208;207;208m██[38;2;208;207;208m██[38;2;208;207;208m██[38;2;208;207;208m██[38;2;208;207;208m██[38;2;208;207;208m██[38;2;225;223;226m██[38;2;123;120;124m██[38;2;59;58;63m██[38;2;59;58;63m██[38;2;16;16;16m██[38;2;16;16;16m██                                                                    
                                                    [38;2;59;58;63m██[38;2;108;114;117m██[38;2;108;114;117m██[38;2;74;73;78m██[38;2;59;58;63m██[38;2;59;58;63m██[38;2;59;58;63m██[38;2;123;120;124m██[38;2;123;120;124m██[38;2;225;223;226m██[38;2;208;207;208m██[38;2;208;207;208m██[38;2;208;207;208m██[38;2;208;207;208m██[38;2;225;223;226m██[38;2;225;223;226m██[38;2;59;58;63m██[38;2;59;58;63m██[38;2;59;58;63m██[38;2;108;114;117m██[38;2;108;114;117m██[38;2;108;114;117m██[38;2;108;114;117m██[38;2;59;58;63m██[38;2;16;16;16m██                                                                
                                                    [38;2;59;58;63m██[38;2;108;114;117m██[38;2;108;114;117m██[38;2;59;58;63m██[38;2;16;16;16m██[38;2;16;16;16m██[38;2;16;16;16m██[38;2;225;223;226m██[38;2;225;223;226m██[38;2;225;223;226m██[38;2;225;223;226m██[38;2;225;223;226m██[38;2;225;223;226m██[38;2;59;58;63m██[38;2;59;58;63m██[38;2;59;58;63m██[38;2;74;73;78m██[38;2;108;114;117m██[38;2;108;114;117m██[38;2;108;114;117m██[38;2;108;114;117m██[38;2;108;114;117m██[38;2;108;114;117m██[38;2;108;114;117m██[38;2;108;114;117m██[38;2;59;58;63m██[38;2;16;16;16m██                                                            
                                                    [38;2;59;58;63m██[38;2;108;114;117m██[38;2;16;16;16m██[38;2;16;16;16m██[38;2;108;114;117m██[38;2;108;114;117m██[38;2;74;73;78m██[38;2;16;16;16m██[38;2;16;16;16m██[38;2;208;207;208m██[38;2;208;207;208m██[38;2;16;16;16m██[38;2;59;58;63m██[38;2;74;73;78m██[38;2;108;114;117m██[38;2;108;114;117m██[38;2;108;114;117m██[38;2;108;114;117m██[38;2;108;114;117m██[38;2;108;114;117m██[38;2;108;114;117m██[38;2;108;114;117m██[38;2;108;114;117m██[38;2;108;114;117m██[38;2;108;114;117m██[38;2;74;73;78m██[38;2;59;58;63m██[38;2;16;16;16m██                                                          
                                                    [38;2;16;16;16m██[38;2;175;158;158m██[38;2;108;114;117m██[38;2;108;114;117m██[38;2;108;114;117m██[38;2;108;114;117m██[38;2;108;114;117m██[38;2;74;73;78m██[38;2;74;73;78m██[38;2;16;16;16m██[38;2;16;16;16m██[38;2;74;73;78m██[38;2;175;158;158m██[38;2;175;158;158m██[38;2;175;158;158m██[38;2;108;114;117m██[38;2;108;114;117m██[38;2;108;114;117m██[38;2;108;114;117m██[38;2;108;114;117m██[38;2;108;114;117m██[38;2;108;114;117m██[38;2;108;114;117m██[38;2;108;114;117m██[38;2;108;114;117m██[38;2;74;73;78m██[38;2;74;73;78m██[38;2;16;16;16m██                                                          
                                                    [38;2;16;16;16m██[38;2;175;158;158m██[38;2;175;158;158m██[38;2;108;114;117m██[38;2;108;114;117m██[38;2;108;114;117m██[38;2;108;114;117m██[38;2;108;114;117m██[38;2;108;114;117m██[38;2;74;73;78m██[38;2;74;73;78m██[38;2;175;158;158m██[38;2;175;158;158m██[38;2;175;158;158m██[38;2;175;158;158m██[38;2;175;158;158m██[38;2;108;114;117m██[38;2;108;114;117m██[38;2;108;114;117m██[38;2;108;114;117m██[38;2;108;114;117m██[38;2;108;114;117m██[38;2;108;114;117m██[38;2;108;114;117m██[38;2;108;114;117m██[38;2;74;73;78m██[38;2;74;73;78m██[38;2;16;16;16m██                                                          
                                                    [38;2;16;16;16m██[38;2;175;158;158m██[38;2;175;158;158m██[38;2;108;114;117m██[38;2;108;114;117m██[38;2;108;114;117m██[38;2;108;114;117m██[38;2;108;114;117m██[38;2;108;114;117m██[38;2;108;114;117m██[38;2;175;158;158m██[38;2;175;158;158m██[38;2;175;158;158m██[38;2;175;158;158m██[38;2;175;158;158m██[38;2;175;158;158m██[38;2;108;114;117m██[38;2;108;114;117m██[38;2;108;114;117m██[38;2;108;114;117m██[38;2;108;114;117m██[38;2;108;114;117m██[38;2;108;114;117m██[38;2;108;114;117m██[38;2;74;73;78m██[38;2;74;73;78m██[38;2;74;73;78m██[38;2;16;16;16m██                                                          
                                                      [38;2;16;16;16m██[38;2;175;158;158m██[38;2;108;114;117m██[38;2;108;114;117m██[38;2;108;114;117m██[38;2;108;114;117m██[38;2;108;114;117m██[38;2;108;114;117m██[38;2;108;114;117m██[38;2;175;158;158m██[38;2;175;158;158m██[38;2;175;158;158m██[38;2;175;158;158m██[38;2;175;158;158m██[38;2;108;114;117m██[38;2;108;114;117m██[38;2;108;114;117m██[38;2;108;114;117m██[38;2;108;114;117m██[38;2;108;114;117m██[38;2;108;114;117m██[38;2;108;114;117m██[38;2;108;114;117m██[38;2;74;73;78m██[38;2;74;73;78m██[38;2;59;58;63m██                                                            
                                                      [38;2;16;16;16m██[38;2;74;73;78m██[38;2;108;114;117m██[38;2;108;114;117m██[38;2;108;114;117m██[38;2;108;114;117m██[38;2;108;114;117m██[38;2;108;114;117m██[38;2;108;114;117m██[38;2;108;114;117m██[38;2;175;158;158m██[38;2;175;158;158m██[38;2;175;158;158m██[38;2;108;114;117m██[38;2;108;114;117m██[38;2;108;114;117m██[38;2;108;114;117m██[38;2;108;114;117m██[38;2;108;114;117m██[38;2;108;114;117m██[38;2;108;114;117m██[38;2;108;114;117m██[38;2;74;73;78m██[38;2;74;73;78m██[38;2;74;73;78m██[38;2;16;16;16m██                                                            
                                                        [38;2;16;16;16m██[38;2;74;73;78m██[38;2;108;114;117m██[38;2;108;114;117m██[38;2;108;114;117m██[38;2;108;114;117m██[38;2;108;114;117m██[38;2;108;114;117m██[38;2;108;114;117m██[38;2;108;114;117m██[38;2;108;114;117m██[38;2;108;114;117m██[38;2;108;114;117m██[38;2;108;114;117m██[38;2;108;114;117m██[38;2;108;114;117m██[38;2;108;114;117m██[38;2;108;114;117m██[38;2;108;114;117m██[38;2;108;114;117m██[38;2;74;73;78m██[38;2;74;73;78m██[38;2;74;73;78m██[38;2;59;58;63m██[38;2;16;16;16m██                                                            
                                                          [38;2;59;58;63m██[38;2;74;73;78m██[38;2;74;73;78m██[38;2;108;114;117m██[38;2;108;114;117m██[38;2;108;114;117m██[38;2;108;114;117m██[38;2;108;114;117m██[38;2;108;114;117m██[38;2;108;114;117m██[38;2;108;114;117m██[38;2;108;114;117m██[38;2;108;114;117m██[38;2;108;114;117m██[38;2;108;114;117m██[38;2;108;114;117m██[38;2;108;114;117m██[38;2;74;73;78m██[38;2;74;73;78m██[38;2;74;73;78m██[38;2;59;58;63m██[38;2;16;16;16m██[38;2;74;73;78m██[38;2;16;16;16m██                                                            
                                                          [38;2;16;16;16m██[38;2;59;58;63m██[38;2;74;73;78m██[38;2;74;73;78m██[38;2;74;73;78m██[38;2;74;73;78m██[38;2;74;73;78m██[38;2;74;73;78m██[38;2;74;73;78m██[38;2;74;73;78m██[38;2;108;114;117m██[38;2;108;114;117m██[38;2;108;114;117m██[38;2;108;114;117m██[38;2;108;114;117m██[38;2;74;73;78m██[38;2;74;73;78m██[38;2;74;73;78m██[38;2;16;16;16m██[38;2;16;16;16m██[38;2;16;16;16m██[38;2;74;73;78m██[38;2;74;73;78m██[38;2;16;16;16m██                                                            
                                                          [38;2;16;16;16m██[38;2;74;73;78m██[38;2;74;73;78m██[38;2;16;16;16m██[38;2;16;16;16m██[38;2;59;58;63m██[38;2;74;73;78m██[38;2;74;73;78m██[38;2;74;73;78m██[38;2;74;73;78m██[38;2;59;58;63m██[38;2;108;114;117m██[38;2;108;114;117m██[38;2;108;114;117m██[38;2;108;114;117m██[38;2;59;58;63m██[38;2;16;16;16m██[38;2;16;16;16m██    [38;2;16;16;16m██[38;2;74;73;78m██[38;2;74;73;78m██[38;2;16;16;16m██                                                            
                                                          [38;2;16;16;16m██[38;2;74;73;78m██[38;2;74;73;78m██[38;2;74;73;78m██[38;2;16;16;16m██  [38;2;16;16;16m██[38;2;16;16;16m██[38;2;16;16;16m██[38;2;16;16;16m██[38;2;16;16;16m██[38;2;108;114;117m██[38;2;108;114;117m██[38;2;108;114;117m██[38;2;108;114;117m██[38;2;16;16;16m██          [38;2;16;16;16m██[38;2;16;16;16m██                                                              
                                                            [38;2;16;16;16m██[38;2;16;16;16m██[38;2;16;16;16m██              [38;2;16;16;16m██[38;2;108;114;117m██[38;2;108;114;117m██[38;2;108;114;117m██[38;2;16;16;16m██                                                                            
                                                                                [38;2;16;16;16m██[38;2;108;114;117m██[38;2;108;114;117m██[38;2;108;114;117m██[38;2;16;16;16m██                                                                            
                                                                                  [38;2;16;16;16m██[38;2;16;16;16m██[38;2;16;16;16m██                                                                              
