                          [38;2;133;84;89m██[38;2;133;84;89m██[38;2;133;84;89m██[38;2;133;84;89m██[38;2;133;84;89m██[38;2;133;84;89m██                                        
                        [38;2;133;84;89m██[38;2;252;227;207m██[38;2;252;227;207m██[38;2;252;227;207m██[38;2;252;227;207m██[38;2;252;227;207m██[38;2;252;227;207m██[38;2;133;84;89m██[38;2;133;84;89m██[38;2;133;84;89m██                                  
                          [38;2;133;84;89m██[38;2;133;84;89m██[38;2;242;138;149m██[38;2;242;138;149m██[38;2;242;138;149m██[38;2;252;227;207m██[38;2;252;227;207m██[38;2;252;227;207m██[38;2;252;227;207m██[38;2;133;84;89m██[38;2;133;84;89m██                              
                              [38;2;133;84;89m██[38;2;252;227;207m██[38;2;242;138;149m██[38;2;242;138;149m██[38;2;252;227;207m██[38;2;252;227;207m██[38;2;252;227;207m██[38;2;252;227;207m██[38;2;252;227;207m██[38;2;133;84;89m██                            
                                [38;2;133;84;89m██[38;2;252;227;207m██[38;2;242;138;149m██[38;2;252;227;207m██[38;2;252;227;207m██[38;2;252;227;207m██[38;2;252;227;207m██[38;2;252;227;207m██[38;2;252;227;207m██[38;2;133;84;89m██                          
                                [38;2;133;84;89m██[38;2;252;227;207m██[38;2;242;138;149m██[38;2;252;227;207m██[38;2;252;227;207m██[38;2;252;227;207m██[38;2;252;227;207m██[38;2;252;227;207m██[38;2;253;228;208m██[38;2;253;228;208m██[38;2;133;84;89m██                        
                              [38;2;133;84;89m██[38;2;252;227;207m██[38;2;242;138;149m██[38;2;242;138;149m██[38;2;252;227;207m██[38;2;252;227;207m██[38;2;252;227;207m██[38;2;253;228;208m██[38;2;253;228;208m██[38;2;253;228;208m██[38;2;253;228;208m██[38;2;253;228;208m██[38;2;16;16;16m██                      
                          [38;2;133;84;89m██[38;2;133;84;89m██[38;2;214;164;176m██[38;2;214;164;176m██[38;2;242;138;149m██[38;2;253;228;208m██[38;2;253;228;208m██[38;2;253;228;208m██[38;2;242;138;149m██[38;2;253;228;208m██[38;2;253;228;208m██[38;2;253;228;208m██[38;2;253;228;208m██[38;2;253;228;208m██[38;2;133;84;89m██                      
                        [38;2;133;84;89m██[38;2;214;164;176m██[38;2;253;228;208m██[38;2;253;228;208m██[38;2;242;138;149m██[38;2;253;228;208m██[38;2;253;228;208m██[38;2;253;228;208m██[38;2;253;228;208m██[38;2;253;228;208m██[38;2;242;138;149m██[38;2;253;228;208m██[38;2;253;228;208m██[38;2;253;228;208m██[38;2;253;228;208m██[38;2;253;228;208m██[38;2;16;16;16m██                    
                      [38;2;133;84;89m██[38;2;253;228;208m██[38;2;253;228;208m██[38;2;253;228;208m██[38;2;242;138;149m██[38;2;253;228;208m██[38;2;253;228;208m██[38;2;253;228;208m██[38;2;253;228;208m██[38;2;253;228;208m██[38;2;253;228;208m██[38;2;242;138;149m██[38;2;242;138;149m██[38;2;253;228;208m██[38;2;253;228;208m██[38;2;253;228;208m██[38;2;253;228;208m██[38;2;16;16;16m██                    
                    [38;2;133;84;89m██[38;2;253;228;208m██[38;2;255;254;253m██[38;2;255;254;253m██[38;2;253;228;208m██[38;2;253;228;208m██[38;2;253;228;208m██[38;2;253;228;208m██[38;2;253;228;208m██[38;2;253;228;208m██[38;2;253;228;208m██[38;2;253;228;208m██[38;2;253;228;208m██[38;2;242;138;149m██[38;2;253;228;208m██[38;2;253;228;208m██[38;2;253;228;208m██[38;2;253;228;208m██[38;2;214;164;176m██[38;2;16;16;16m██                  
                  [38;2;133;84;89m██[38;2;253;228;208m██[38;2;255;254;253m██[38;2;253;228;208m██[38;2;253;228;208m██[38;2;253;228;208m██[38;2;253;228;208m██[38;2;253;228;208m██[38;2;253;228;208m██[38;2;253;228;208m██[38;2;253;228;208m██[38;2;253;228;208m██[38;2;253;228;208m██[38;2;253;228;208m██[38;2;242;138;149m██[38;2;242;138;149m██[38;2;253;228;208m██[38;2;253;228;208m██[38;2;253;228;208m██[38;2;214;164;176m██[38;2;16;16;16m██                  
                  [38;2;133;84;89m██[38;2;253;228;208m██[38;2;253;228;208m██[38;2;253;228;208m██[38;2;253;228;208m██[38;2;253;228;208m██[38;2;253;228;208m██[38;2;253;228;208m██[38;2;253;228;208m██[38;2;253;228;208m██[38;2;253;228;208m██[38;2;253;228;208m██[38;2;253;228;208m██[38;2;253;228;208m██[38;2;242;138;149m██[38;2;242;138;149m██[38;2;253;228;208m██[38;2;253;228;208m██[38;2;253;228;208m██[38;2;214;164;176m██[38;2;214;164;176m██[38;2;16;16;16m██                
                [38;2;133;84;89m██[38;2;253;228;208m██[38;2;253;228;208m██[38;2;253;228;208m██[38;2;253;228;208m██[38;2;253;228;208m██[38;2;253;228;208m██[38;2;253;228;208m██[38;2;253;228;208m██[38;2;253;228;208m██[38;2;253;228;208m██[38;2;253;228;208m██[38;2;253;228;208m██[38;2;253;228;208m██[38;2;253;228;208m██[38;2;242;138;149m██[38;2;242;138;149m██[38;2;253;228;208m██[38;2;253;228;208m██[38;2;253;228;208m██[38;2;214;164;176m██[38;2;214;164;176m██[38;2;16;16;16m██                
                [38;2;133;84;89m██[38;2;253;228;208m██[38;2;253;228;208m██[38;2;253;228;208m██[38;2;253;228;208m██[38;2;253;228;208m██[38;2;253;228;208m██[38;2;253;228;208m██[38;2;253;228;208m██[38;2;253;228;208m██[38;2;253;228;208m██[38;2;253;228;208m██[38;2;253;228;208m██[38;2;253;228;208m██[38;2;253;228;208m██[38;2;242;138;149m██[38;2;242;138;149m██[38;2;253;228;208m██[38;2;253;228;208m██[38;2;214;164;176m██[38;2;214;164;176m██[38;2;214;164;176m██[38;2;16;16;16m██                
              [38;2;133;84;89m██[38;2;133;84;89m██[38;2;133;84;89m██[38;2;133;84;89m██[38;2;253;228;208m██[38;2;253;228;208m██[38;2;253;228;208m██[38;2;253;228;208m██[38;2;253;228;208m██[38;2;253;228;208m██[38;2;253;228;208m██[38;2;253;228;208m██[38;2;253;228;208m██[38;2;253;228;208m██[38;2;253;228;208m██[38;2;242;138;149m██[38;2;242;138;149m██[38;2;253;228;208m██[38;2;253;228;208m██[38;2;253;228;208m██[38;2;214;164;176m██[38;2;214;164;176m██[38;2;214;164;176m██[38;2;214;164;176m██[38;2;16;16;16m██              
        [38;2;138;32;57m██[38;2;138;32;57m██[38;2;138;32;57m██[38;2;138;32;57m██[38;2;253;228;208m██[38;2;253;228;208m██[38;2;253;228;208m██[38;2;214;164;176m██[38;2;133;84;89m██[38;2;253;228;208m██[38;2;253;228;208m██[38;2;253;228;208m██[38;2;253;228;208m██[38;2;253;228;208m██[38;2;253;228;208m██[38;2;253;228;208m██[38;2;253;228;208m██[38;2;242;138;149m██[38;2;242;138;149m██[38;2;253;228;208m██[38;2;253;228;208m██[38;2;133;84;89m██[38;2;133;84;89m██[38;2;133;84;89m██[38;2;133;84;89m██[38;2;133;84;89m██[38;2;214;164;176m██[38;2;16;16;16m██              
      [38;2;138;32;57m██[38;2;251;93;116m██[38;2;251;93;116m██[38;2;251;93;116m██[38;2;251;93;116m██[38;2;138;32;57m██[38;2;138;32;57m██[38;2;253;228;208m██[38;2;253;228;208m██[38;2;253;228;208m██[38;2;133;84;89m██[38;2;253;228;208m██[38;2;253;228;208m██[38;2;253;228;208m██[38;2;253;228;208m██[38;2;253;228;208m██[38;2;253;228;208m██[38;2;242;138;149m██[38;2;242;138;149m██[38;2;253;228;208m██[38;2;133;84;89m██[38;2;133;84;89m██[38;2;253;228;208m██[38;2;253;228;208m██[38;2;253;228;208m██[38;2;253;228;208m██[38;2;253;228;208m██[38;2;138;32;57m██[38;2;138;32;57m██[38;2;138;32;57m██            
      [38;2;138;32;57m██[38;2;199;51;78m██[38;2;251;93;116m██[38;2;251;93;116m██[38;2;199;51;78m██[38;2;251;93;116m██[38;2;199;51;78m██[38;2;138;32;57m██[38;2;255;254;253m██[38;2;253;228;208m██[38;2;133;84;89m██[38;2;253;228;208m██[38;2;253;228;208m██[38;2;253;228;208m██[38;2;253;228;208m██[38;2;242;138;149m██[38;2;242;138;149m██[38;2;253;228;208m██[38;2;253;228;208m██[38;2;133;84;89m██[38;2;242;138;149m██[38;2;253;228;208m██[38;2;255;254;253m██[38;2;255;254;253m██[38;2;253;228;208m██[38;2;138;32;57m██[38;2;138;32;57m██[38;2;251;93;116m██[38;2;251;93;116m██[38;2;199;51;78m██[38;2;138;32;57m██          
      [38;2;138;32;57m██[38;2;251;93;116m██[38;2;251;93;116m██[38;2;251;93;116m██[38;2;251;93;116m██[38;2;199;51;78m██[38;2;199;51;78m██[38;2;138;32;57m██[38;2;255;254;253m██[38;2;242;138;149m██[38;2;253;228;208m██[38;2;133;84;89m██[38;2;253;228;208m██[38;2;253;228;208m██[38;2;253;228;208m██[38;2;253;228;208m██[38;2;253;228;208m██[38;2;253;228;208m██[38;2;253;228;208m██[38;2;242;138;149m██[38;2;242;138;149m██[38;2;242;138;149m██[38;2;253;228;208m██[38;2;253;228;208m██[38;2;138;32;57m██[38;2;251;93;116m██[38;2;251;93;116m██[38;2;251;93;116m██[38;2;199;51;78m██[38;2;199;51;78m██[38;2;138;32;57m██          
      [38;2;138;32;57m██[38;2;251;93;116m██[38;2;251;93;116m██[38;2;199;51;78m██[38;2;199;51;78m██[38;2;199;51;78m██[38;2;138;32;57m██[38;2;255;254;253m██[38;2;253;228;208m██[38;2;242;138;149m██[38;2;253;228;208m██[38;2;133;84;89m██[38;2;253;228;208m██[38;2;253;228;208m██[38;2;253;228;208m██[38;2;253;228;208m██[38;2;253;228;208m██[38;2;253;228;208m██[38;2;133;84;89m██[38;2;253;228;208m██[38;2;253;228;208m██[38;2;242;138;149m██[38;2;242;138;149m██[38;2;253;228;208m██[38;2;138;32;57m██[38;2;251;93;116m██[38;2;199;51;78m██[38;2;251;93;116m██[38;2;251;93;116m██[38;2;199;51;78m██[38;2;138;32;57m██          
    [38;2;133;84;89m██[38;2;138;32;57m██[38;2;199;51;78m██[38;2;199;51;78m██[38;2;199;51;78m██[38;2;199;51;78m██[38;2;138;32;57m██[38;2;253;228;208m██[38;2;253;228;208m██[38;2;242;138;149m██[38;2;242;138;149m██[38;2;253;228;208m██[38;2;133;84;89m██[38;2;253;228;208m██[38;2;253;228;208m██[38;2;253;228;208m██[38;2;253;228;208m██[38;2;253;228;208m██[38;2;253;228;208m██[38;2;133;84;89m██[38;2;253;228;208m██[38;2;253;228;208m██[38;2;253;228;208m██[38;2;242;138;149m██[38;2;242;138;149m██[38;2;253;228;208m██[38;2;138;32;57m██[38;2;251;93;116m██[38;2;251;93;116m██[38;2;199;51;78m██[38;2;199;51;78m██[38;2;138;32;57m██          
    [38;2;133;84;89m██[38;2;253;228;208m██[38;2;138;32;57m██[38;2;138;32;57m██[38;2;138;32;57m██[38;2;242;138;149m██[38;2;253;228;208m██[38;2;253;228;208m██[38;2;242;138;149m██[38;2;242;138;149m██[38;2;253;228;208m██[38;2;214;164;176m██[38;2;214;164;176m██[38;2;253;228;208m██[38;2;253;228;208m██[38;2;253;228;208m██[38;2;253;228;208m██[38;2;253;228;208m██[38;2;253;228;208m██[38;2;133;84;89m██[38;2;253;228;208m██[38;2;253;228;208m██[38;2;253;228;208m██[38;2;253;228;208m██[38;2;253;228;208m██[38;2;242;138;149m██[38;2;242;138;149m██[38;2;199;51;78m██[38;2;199;51;78m██[38;2;199;51;78m██[38;2;199;51;78m██[38;2;138;32;57m██[38;2;16;16;16m██        
    [38;2;133;84;89m██[38;2;253;228;208m██[38;2;242;138;149m██[38;2;253;228;208m██[38;2;253;228;208m██[38;2;253;228;208m██[38;2;242;138;149m██[38;2;242;138;149m██[38;2;253;228;208m██[38;2;253;228;208m██[38;2;214;164;176m██[38;2;133;84;89m██[38;2;253;228;208m██[38;2;253;228;208m██[38;2;253;228;208m██[38;2;253;228;208m██[38;2;253;228;208m██[38;2;253;228;208m██[38;2;253;228;208m██[38;2;133;84;89m██[38;2;253;228;208m██[38;2;253;228;208m██[38;2;253;228;208m██[38;2;253;228;208m██[38;2;253;228;208m██[38;2;253;228;208m██[38;2;253;228;208m██[38;2;253;228;208m██[38;2;138;32;57m██[38;2;138;32;57m██[38;2;138;32;57m██[38;2;214;164;176m██[38;2;16;16;16m██        
      [38;2;133;84;89m██[38;2;242;138;149m██[38;2;242;138;149m██[38;2;253;228;208m██[38;2;253;228;208m██[38;2;253;228;208m██[38;2;214;164;176m██[38;2;214;164;176m██[38;2;214;164;176m██[38;2;16;16;16m██[38;2;253;228;208m██[38;2;214;164;176m██[38;2;253;228;208m██[38;2;253;228;208m██[38;2;253;228;208m██[38;2;253;228;208m██[38;2;253;228;208m██[38;2;253;228;208m██[38;2;253;228;208m██[38;2;16;16;16m██[38;2;214;164;176m██[38;2;253;228;208m██[38;2;253;228;208m██[38;2;253;228;208m██[38;2;253;228;208m██[38;2;253;228;208m██[38;2;253;228;208m██[38;2;242;138;149m██[38;2;253;228;208m██[38;2;214;164;176m██[38;2;242;138;149m██[38;2;16;16;16m██        
        [38;2;16;16;16m██[38;2;133;84;89m██[38;2;242;138;149m██[38;2;214;164;176m██[38;2;214;164;176m██[38;2;214;164;176m██[38;2;16;16;16m██[38;2;16;16;16m██[38;2;214;164;176m██[38;2;133;84;89m██[38;2;133;84;89m██[38;2;253;228;208m██[38;2;253;228;208m██[38;2;214;164;176m██[38;2;253;228;208m██[38;2;253;228;208m██[38;2;214;164;176m██[38;2;253;228;208m██[38;2;253;228;208m██[38;2;16;16;16m██[38;2;214;164;176m██[38;2;214;164;176m██[38;2;253;228;208m██[38;2;253;228;208m██[38;2;242;138;149m██[38;2;242;138;149m██[38;2;214;164;176m██[38;2;214;164;176m██[38;2;214;164;176m██[38;2;16;16;16m██          
        [38;2;133;84;89m██[38;2;253;228;208m██[38;2;16;16;16m██[38;2;16;16;16m██[38;2;16;16;16m██[38;2;133;84;89m██[38;2;133;84;89m██[38;2;253;228;208m██[38;2;133;84;89m██[38;2;253;228;208m██[38;2;253;228;208m██[38;2;133;84;89m██[38;2;133;84;89m██[38;2;214;164;176m██[38;2;253;228;208m██[38;2;214;164;176m██[38;2;133;84;89m██[38;2;133;84;89m██[38;2;214;164;176m██[38;2;214;164;176m██[38;2;16;16;16m██[38;2;133;84;89m██[38;2;242;138;149m██[38;2;242;138;149m██[38;2;242;138;149m██[38;2;214;164;176m██[38;2;214;164;176m██[38;2;133;84;89m██[38;2;16;16;16m██[38;2;214;164;176m██[38;2;133;84;89m██        
      [38;2;133;84;89m██[38;2;253;228;208m██[38;2;253;228;208m██[38;2;253;228;208m██[38;2;242;138;149m██[38;2;242;138;149m██[38;2;214;164;176m██[38;2;133;84;89m██[38;2;253;228;208m██[38;2;214;164;176m██[38;2;251;93;116m██[38;2;253;228;208m██[38;2;253;228;208m██[38;2;253;228;208m██[38;2;214;164;176m██[38;2;133;84;89m██[38;2;133;84;89m██[38;2;253;228;208m██[38;2;253;228;208m██[38;2;133;84;89m██[38;2;133;84;89m██[38;2;214;164;176m██[38;2;214;164;176m██[38;2;16;16;16m██[38;2;16;16;16m██[38;2;16;16;16m██[38;2;16;16;16m██[38;2;16;16;16m██[38;2;214;164;176m██[38;2;214;164;176m██[38;2;253;228;208m██[38;2;253;228;208m██[38;2;133;84;89m██      
    [38;2;133;84;89m██[38;2;253;228;208m██[38;2;253;228;208m██[38;2;253;228;208m██[38;2;242;138;149m██[38;2;242;138;149m██[38;2;253;228;208m██[38;2;214;164;176m██[38;2;16;16;16m██[38;2;253;228;208m██[38;2;251;93;116m██[38;2;255;254;253m██[38;2;251;93;116m██[38;2;253;228;208m██[38;2;253;228;208m██[38;2;253;228;208m██[38;2;253;228;208m██[38;2;253;228;208m██[38;2;251;93;116m██[38;2;214;164;176m██[38;2;214;164;176m██[38;2;133;84;89m██[38;2;253;228;208m██[38;2;214;164;176m██[38;2;214;164;176m██[38;2;242;138;149m██[38;2;242;138;149m██[38;2;214;164;176m██[38;2;214;164;176m██[38;2;214;164;176m██[38;2;253;228;208m██[38;2;253;228;208m██[38;2;253;228;208m██[38;2;133;84;89m██      
    [38;2;133;84;89m██[38;2;255;254;253m██[38;2;253;228;208m██[38;2;242;138;149m██[38;2;253;228;208m██[38;2;253;228;208m██[38;2;253;228;208m██[38;2;214;164;176m██[38;2;16;16;16m██[38;2;253;228;208m██[38;2;251;93;116m██[38;2;16;16;16m██[38;2;251;93;116m██[38;2;253;228;208m██[38;2;253;228;208m██[38;2;253;228;208m██[38;2;253;228;208m██[38;2;251;93;116m██[38;2;255;254;253m██[38;2;251;93;116m██[38;2;214;164;176m██[38;2;133;84;89m██[38;2;253;228;208m██[38;2;255;254;253m██[38;2;253;228;208m██[38;2;242;138;149m██[38;2;242;138;149m██[38;2;253;228;208m██[38;2;253;228;208m██[38;2;253;228;208m██[38;2;253;228;208m██[38;2;253;228;208m██[38;2;253;228;208m██[38;2;253;228;208m██[38;2;16;16;16m██    
  [38;2;133;84;89m██[38;2;251;226;206m██[38;2;255;254;253m██[38;2;242;138;149m██[38;2;253;228;208m██[38;2;253;228;208m██[38;2;253;228;208m██[38;2;214;164;176m██[38;2;214;164;176m██[38;2;214;164;176m██[38;2;133;84;89m██[38;2;251;93;116m██[38;2;199;51;78m██[38;2;251;93;116m██[38;2;253;228;208m██[38;2;253;228;208m██[38;2;253;228;208m██[38;2;253;228;208m██[38;2;251;93;116m██[38;2;16;16;16m██[38;2;251;93;116m██[38;2;214;164;176m██[38;2;133;84;89m██[38;2;253;228;208m██[38;2;255;254;253m██[38;2;253;228;208m██[38;2;253;228;208m██[38;2;242;138;149m██[38;2;242;138;149m██[38;2;253;228;208m██[38;2;253;228;208m██[38;2;253;228;208m██[38;2;253;228;208m██[38;2;251;226;206m██[38;2;251;226;206m██[38;2;16;16;16m██    
  [38;2;133;84;89m██[38;2;251;226;206m██[38;2;253;228;208m██[38;2;253;228;208m██[38;2;253;228;208m██[38;2;253;228;208m██[38;2;253;228;208m██[38;2;214;164;176m██[38;2;242;138;149m██[38;2;214;164;176m██[38;2;16;16;16m██[38;2;214;164;176m██[38;2;214;164;176m██[38;2;253;228;208m██[38;2;253;228;208m██[38;2;253;228;208m██[38;2;253;228;208m██[38;2;253;228;208m██[38;2;251;93;116m██[38;2;199;51;78m██[38;2;251;93;116m██[38;2;214;164;176m██[38;2;16;16;16m██[38;2;253;228;208m██[38;2;253;228;208m██[38;2;253;228;208m██[38;2;253;228;208m██[38;2;253;228;208m██[38;2;242;138;149m██[38;2;253;228;208m██[38;2;255;254;253m██[38;2;251;226;206m██[38;2;251;226;206m██[38;2;251;226;206m██[38;2;212;162;174m██[38;2;16;16;16m██    
  [38;2;133;84;89m██[38;2;133;84;89m██[38;2;251;226;206m██[38;2;253;228;208m██[38;2;253;228;208m██[38;2;253;228;208m██[38;2;214;164;176m██[38;2;214;164;176m██[38;2;242;138;149m██[38;2;214;164;176m██[38;2;133;84;89m██[38;2;16;16;16m██[38;2;253;228;208m██[38;2;253;228;208m██[38;2;253;228;208m██[38;2;251;93;116m██[38;2;253;228;208m██[38;2;253;228;208m██[38;2;253;228;208m██[38;2;214;164;176m██[38;2;214;164;176m██[38;2;214;164;176m██[38;2;16;16;16m██[38;2;214;164;176m██[38;2;253;228;208m██[38;2;253;228;208m██[38;2;253;228;208m██[38;2;253;228;208m██[38;2;253;228;208m██[38;2;242;138;149m██[38;2;255;254;253m██[38;2;255;254;253m██[38;2;251;226;206m██[38;2;212;162;174m██[38;2;212;162;174m██[38;2;16;16;16m██[38;2;16;16;16m██  
  [38;2;133;84;89m██[38;2;251;226;206m██[38;2;251;226;206m██[38;2;253;228;208m██[38;2;253;228;208m██[38;2;214;164;176m██[38;2;214;164;176m██[38;2;242;138;149m██[38;2;242;138;149m██[38;2;133;84;89m██[38;2;253;228;208m██[38;2;253;228;208m██[38;2;16;16;16m██[38;2;133;84;89m██[38;2;253;228;208m██[38;2;253;228;208m██[38;2;253;228;208m██[38;2;253;228;208m██[38;2;214;164;176m██[38;2;214;164;176m██[38;2;133;84;89m██[38;2;16;16;16m██[38;2;16;16;16m██[38;2;16;16;16m██[38;2;253;228;208m██[38;2;242;138;149m██[38;2;253;228;208m██[38;2;253;228;208m██[38;2;251;226;206m██[38;2;251;226;206m██[38;2;212;162;174m██[38;2;212;162;174m██[38;2;212;162;174m██[38;2;212;162;174m██[38;2;133;84;89m██[38;2;212;162;174m██[38;2;16;16;16m██  
[38;2;133;84;89m██[38;2;251;226;206m██[38;2;251;226;206m██[38;2;251;226;206m██[38;2;251;226;206m██[38;2;214;164;176m██[38;2;214;164;176m██[38;2;214;164;176m██[38;2;242;138;149m██[38;2;214;164;176m██[38;2;133;84;89m██[38;2;253;228;208m██[38;2;253;228;208m██[38;2;242;138;149m██[38;2;242;138;149m██[38;2;133;84;89m██[38;2;133;84;89m██[38;2;133;84;89m██[38;2;133;84;89m██[38;2;16;16;16m██[38;2;16;16;16m██[38;2;214;164;176m██[38;2;214;164;176m██[38;2;242;138;149m██[38;2;16;16;16m██[38;2;214;164;176m██[38;2;242;138;149m██[38;2;253;228;208m██[38;2;251;226;206m██[38;2;251;226;206m██[38;2;251;226;206m██[38;2;251;226;206m██[38;2;133;84;89m██[38;2;133;84;89m██[38;2;133;84;89m██[38;2;251;226;206m██[38;2;212;162;174m██[38;2;212;162;174m██[38;2;16;16;16m██
[38;2;133;84;89m██[38;2;251;226;206m██[38;2;251;226;206m██[38;2;212;162;174m██[38;2;212;162;174m██[38;2;212;162;174m██[38;2;214;164;176m██[38;2;242;138;149m██[38;2;242;138;149m██[38;2;214;164;176m██[38;2;133;84;89m██[38;2;133;84;89m██[38;2;242;138;149m██[38;2;253;228;208m██[38;2;214;164;176m██[38;2;214;164;176m██[38;2;214;164;176m██[38;2;214;164;176m██[38;2;214;164;176m██[38;2;214;164;176m██[38;2;214;164;176m██[38;2;242;138;149m██[38;2;242;138;149m██[38;2;253;228;208m██[38;2;253;228;208m██[38;2;16;16;16m██[38;2;214;164;176m██[38;2;242;138;149m██[38;2;251;226;206m██[38;2;251;226;206m██[38;2;251;226;206m██[38;2;251;226;206m██[38;2;251;226;206m██[38;2;251;226;206m██[38;2;251;226;206m██[38;2;251;226;206m██[38;2;212;162;174m██[38;2;212;162;174m██[38;2;16;16;16m██
[38;2;16;16;16m██[38;2;212;162;174m██[38;2;212;162;174m██[38;2;212;162;174m██[38;2;133;84;89m██[38;2;133;84;89m██[38;2;242;138;149m██[38;2;242;138;149m██[38;2;212;162;174m██[38;2;133;84;89m██[38;2;214;164;176m██[38;2;133;84;89m██[38;2;214;164;176m██[38;2;253;228;208m██[38;2;255;254;253m██[38;2;255;254;253m██[38;2;253;228;208m██[38;2;253;228;208m██[38;2;253;228;208m██[38;2;253;228;208m██[38;2;242;138;149m██[38;2;242;138;149m██[38;2;253;228;208m██[38;2;253;228;208m██[38;2;133;84;89m██[38;2;133;84;89m██[38;2;16;16;16m██[38;2;242;138;149m██[38;2;242;138;149m██[38;2;251;226;206m██[38;2;251;226;206m██[38;2;251;226;206m██[38;2;251;226;206m██[38;2;251;226;206m██[38;2;251;226;206m██[38;2;212;162;174m██[38;2;212;162;174m██[38;2;212;162;174m██[38;2;16;16;16m██
  [38;2;16;16;16m██[38;2;212;162;174m██[38;2;16;16;16m██[38;2;253;228;208m██[38;2;253;228;208m██[38;2;133;84;89m██[38;2;133;84;89m██[38;2;133;84;89m██[38;2;253;228;208m██[38;2;214;164;176m██[38;2;214;164;176m██[38;2;133;84;89m██[38;2;214;164;176m██[38;2;253;228;208m██[38;2;253;228;208m██[38;2;253;228;208m██[38;2;253;228;208m██[38;2;242;138;149m██[38;2;242;138;149m██[38;2;253;228;208m██[38;2;214;164;176m██[38;2;214;164;176m██[38;2;133;84;89m██[38;2;214;164;176m██[38;2;214;164;176m██[38;2;133;84;89m██[38;2;133;84;89m██[38;2;133;84;89m██[38;2;242;138;149m██[38;2;251;226;206m██[38;2;251;226;206m██[38;2;251;226;206m██[38;2;212;162;174m██[38;2;212;162;174m██[38;2;212;162;174m██[38;2;212;162;174m██[38;2;212;162;174m██[38;2;16;16;16m██
    [38;2;16;16;16m██[38;2;16;16;16m██[38;2;214;164;176m██[38;2;253;228;208m██[38;2;253;228;208m██[38;2;253;228;208m██[38;2;253;228;208m██[38;2;253;228;208m██[38;2;214;164;176m██[38;2;133;84;89m██[38;2;214;164;176m██[38;2;133;84;89m██[38;2;133;84;89m██[38;2;242;138;149m██[38;2;242;138;149m██[38;2;242;138;149m██[38;2;214;164;176m██[38;2;214;164;176m██[38;2;214;164;176m██[38;2;133;84;89m██[38;2;16;16;16m██[38;2;214;164;176m██[38;2;214;164;176m██[38;2;253;228;208m██[38;2;253;228;208m██[38;2;253;228;208m██[38;2;253;228;208m██[38;2;16;16;16m██[38;2;242;138;149m██[38;2;212;162;174m██[38;2;212;162;174m██[38;2;212;162;174m██[38;2;212;162;174m██[38;2;212;162;174m██[38;2;212;162;174m██[38;2;16;16;16m██  
        [38;2;16;16;16m██[38;2;16;16;16m██[38;2;253;228;208m██[38;2;253;228;208m██[38;2;253;228;208m██[38;2;214;164;176m██[38;2;133;84;89m██[38;2;214;164;176m██[38;2;253;228;208m██[38;2;253;228;208m██[38;2;214;164;176m██[38;2;214;164;176m██[38;2;133;84;89m██[38;2;133;84;89m██[38;2;133;84;89m██[38;2;16;16;16m██[38;2;16;16;16m██[38;2;253;228;208m██[38;2;253;228;208m██[38;2;16;16;16m██[38;2;16;16;16m██[38;2;214;164;176m██[38;2;253;228;208m██[38;2;253;228;208m██[38;2;253;228;208m██[38;2;16;16;16m██[38;2;16;16;16m██[38;2;242;138;149m██[38;2;212;162;174m██[38;2;212;162;174m██[38;2;212;162;174m██[38;2;16;16;16m██[38;2;16;16;16m██    
            [38;2;16;16;16m██[38;2;16;16;16m██[38;2;16;16;16m██[38;2;133;84;89m██[38;2;253;228;208m██[38;2;253;228;208m██[38;2;255;254;253m██[38;2;253;228;208m██[38;2;253;228;208m██[38;2;253;228;208m██[38;2;253;228;208m██[38;2;253;228;208m██[38;2;242;138;149m██[38;2;242;138;149m██[38;2;253;228;208m██[38;2;253;228;208m██[38;2;253;228;208m██[38;2;253;228;208m██[38;2;253;228;208m██[38;2;16;16;16m██[38;2;16;16;16m██[38;2;16;16;16m██[38;2;16;16;16m██    [38;2;16;16;16m██[38;2;16;16;16m██[38;2;16;16;16m██[38;2;16;16;16m██        
                  [38;2;133;84;89m██[38;2;253;228;208m██[38;2;255;254;253m██[38;2;255;254;253m██[38;2;253;228;208m██[38;2;253;228;208m██[38;2;253;228;208m██[38;2;253;228;208m██[38;2;242;138;149m██[38;2;242;138;149m██[38;2;253;228;208m██[38;2;253;228;208m██[38;2;253;228;208m██[38;2;253;228;208m██[38;2;253;228;208m██[38;2;253;228;208m██[38;2;253;228;208m██[38;2;242;138;149m██[38;2;16;16;16m██                      
                [38;2;133;84;89m██[38;2;253;228;208m██[38;2;242;138;149m██[38;2;255;254;253m██[38;2;253;228;208m██[38;2;253;228;208m██[38;2;253;228;208m██[38;2;253;228;208m██[38;2;242;138;149m██[38;2;253;228;208m██[38;2;253;228;208m██[38;2;253;228;208m██[38;2;253;228;208m██[38;2;253;228;208m██[38;2;253;228;208m██[38;2;253;228;208m██[38;2;253;228;208m██[38;2;253;228;208m██[38;2;242;138;149m██[38;2;242;138;149m██[38;2;16;16;16m██                    
                [38;2;133;84;89m██[38;2;242;138;149m██[38;2;242;138;149m██[38;2;253;228;208m██[38;2;253;228;208m██[38;2;253;228;208m██[38;2;253;228;208m██[38;2;242;138;149m██[38;2;253;228;208m██[38;2;253;228;208m██[38;2;253;228;208m██[38;2;253;228;208m██[38;2;253;228;208m██[38;2;253;228;208m██[38;2;253;228;208m██[38;2;253;228;208m██[38;2;253;228;208m██[38;2;253;228;208m██[38;2;242;138;149m██[38;2;253;228;208m██[38;2;16;16;16m██                    
              [38;2;16;16;16m██[38;2;250;225;205m██[38;2;242;138;149m██[38;2;253;228;208m██[38;2;253;228;208m██[38;2;253;228;208m██[38;2;253;228;208m██[38;2;242;138;149m██[38;2;253;228;208m██[38;2;253;228;208m██[38;2;253;228;208m██[38;2;253;228;208m██[38;2;253;228;208m██[38;2;253;228;208m██[38;2;253;228;208m██[38;2;253;228;208m██[38;2;253;228;208m██[38;2;253;228;208m██[38;2;242;138;149m██[38;2;242;138;149m██[38;2;250;225;205m██[38;2;211;161;173m██[38;2;16;16;16m██                  
              [38;2;16;16;16m██[38;2;242;138;149m██[38;2;242;138;149m██[38;2;250;225;205m██[38;2;253;228;208m██[38;2;253;228;208m██[38;2;242;138;149m██[38;2;242;138;149m██[38;2;253;228;208m██[38;2;253;228;208m██[38;2;253;228;208m██[38;2;253;228;208m██[38;2;253;228;208m██[38;2;253;228;208m██[38;2;253;228;208m██[38;2;253;228;208m██[38;2;253;228;208m██[38;2;253;228;208m██[38;2;242;138;149m██[38;2;250;225;205m██[38;2;211;161;173m██[38;2;211;161;173m██[38;2;16;16;16m██                  
              [38;2;16;16;16m██[38;2;242;138;149m██[38;2;250;225;205m██[38;2;250;225;205m██[38;2;250;225;205m██[38;2;250;225;205m██[38;2;242;138;149m██[38;2;253;228;208m██[38;2;253;228;208m██[38;2;253;228;208m██[38;2;253;228;208m██[38;2;253;228;208m██[38;2;253;228;208m██[38;2;253;228;208m██[38;2;253;228;208m██[38;2;250;225;205m██[38;2;250;225;205m██[38;2;242;138;149m██[38;2;242;138;149m██[38;2;250;225;205m██[38;2;211;161;173m██[38;2;211;161;173m██[38;2;16;16;16m██                  
            [38;2;133;84;89m██[38;2;133;84;89m██[38;2;133;84;89m██[38;2;211;161;173m██[38;2;250;225;205m██[38;2;250;225;205m██[38;2;242;138;149m██[38;2;242;138;149m██[38;2;250;225;205m██[38;2;250;225;205m██[38;2;250;225;205m██[38;2;250;225;205m██[38;2;250;225;205m██[38;2;250;225;205m██[38;2;250;225;205m██[38;2;250;225;205m██[38;2;250;225;205m██[38;2;250;225;205m██[38;2;242;138;149m██[38;2;250;225;205m██[38;2;211;161;173m██[38;2;211;161;173m██[38;2;211;161;173m██[38;2;133;84;89m██[38;2;133;84;89m██[38;2;133;84;89m██              
          [38;2;133;84;89m██[38;2;250;225;205m██[38;2;250;225;205m██[38;2;250;225;205m██[38;2;133;84;89m██[38;2;211;161;173m██[38;2;242;138;149m██[38;2;242;138;149m██[38;2;250;225;205m██[38;2;250;225;205m██[38;2;250;225;205m██[38;2;250;225;205m██[38;2;250;225;205m██[38;2;250;225;205m██[38;2;250;225;205m██[38;2;250;225;205m██[38;2;250;225;205m██[38;2;250;225;205m██[38;2;242;138;149m██[38;2;242;138;149m██[38;2;211;161;173m██[38;2;211;161;173m██[38;2;133;84;89m██[38;2;133;84;89m██[38;2;211;161;173m██[38;2;250;225;205m██[38;2;250;225;205m██[38;2;133;84;89m██            
          [38;2;16;16;16m██[38;2;250;225;205m██[38;2;250;225;205m██[38;2;250;225;205m██[38;2;250;225;205m██[38;2;133;84;89m██[38;2;133;84;89m██[38;2;242;138;149m██[38;2;211;161;173m██[38;2;211;161;173m██[38;2;211;161;173m██[38;2;211;161;173m██[38;2;211;161;173m██[38;2;211;161;173m██[38;2;211;161;173m██[38;2;211;161;173m██[38;2;211;161;173m██[38;2;242;138;149m██[38;2;242;138;149m██[38;2;133;84;89m██[38;2;133;84;89m██[38;2;133;84;89m██[38;2;211;161;173m██[38;2;250;225;205m██[38;2;250;225;205m██[38;2;250;225;205m██[38;2;211;161;173m██[38;2;16;16;16m██            
            [38;2;16;16;16m██[38;2;16;16;16m██[38;2;211;161;173m██[38;2;250;225;205m██[38;2;250;225;205m██[38;2;211;161;173m██[38;2;133;84;89m██[38;2;133;84;89m██[38;2;133;84;89m██[38;2;211;161;173m██[38;2;211;161;173m██[38;2;211;161;173m██[38;2;211;161;173m██[38;2;242;138;149m██[38;2;242;138;149m██[38;2;242;138;149m██[38;2;242;138;149m██[38;2;211;161;173m██[38;2;250;225;205m██[38;2;250;225;205m██[38;2;250;225;205m██[38;2;250;225;205m██[38;2;250;225;205m██[38;2;211;161;173m██[38;2;16;16;16m██[38;2;16;16;16m██              
                [38;2;16;16;16m██[38;2;211;161;173m██[38;2;250;225;205m██[38;2;250;225;205m██[38;2;250;225;205m██[38;2;250;225;205m██[38;2;250;225;205m██[38;2;250;225;205m██[38;2;250;225;205m██[38;2;250;225;205m██[38;2;250;225;205m██[38;2;250;225;205m██[38;2;250;225;205m██[38;2;250;225;205m██[38;2;250;225;205m██[38;2;250;225;205m██[38;2;250;225;205m██[38;2;250;225;205m██[38;2;211;161;173m██[38;2;16;16;16m██[38;2;16;16;16m██[38;2;16;16;16m██                  
                  [38;2;16;16;16m██[38;2;250;225;205m██[38;2;250;225;205m██[38;2;211;161;173m██[38;2;16;16;16m██[38;2;16;16;16m██[38;2;211;161;173m██[38;2;250;225;205m██[38;2;250;225;205m██[38;2;250;225;205m██[38;2;250;225;205m██[38;2;250;225;205m██[38;2;250;225;205m██[38;2;211;161;173m██[38;2;16;16;16m██[38;2;16;16;16m██[38;2;16;16;16m██[38;2;16;16;16m██                        
                    [38;2;16;16;16m██[38;2;16;16;16m██[38;2;16;16;16m██    [38;2;16;16;16m██[38;2;16;16;16m██[38;2;250;225;205m██[38;2;250;225;205m██[38;2;250;225;205m██[38;2;211;161;173m██[38;2;16;16;16m██[38;2;16;16;16m██                                
                                  [38;2;16;16;16m██[38;2;16;16;16m██[38;2;16;16;16m██[38;2;16;16;16m██                                    
