                          [38;2;130;82;112m██[38;2;130;82;112m██[38;2;130;82;112m██[38;2;130;82;112m██[38;2;130;82;112m██[38;2;130;82;112m██                                        
                        [38;2;130;82;112m██[38;2;242;205;208m██[38;2;242;205;208m██[38;2;242;205;208m██[38;2;242;205;208m██[38;2;242;205;208m██[38;2;242;205;208m██[38;2;130;82;112m██[38;2;130;82;112m██[38;2;130;82;112m██                                  
                          [38;2;130;82;112m██[38;2;130;82;112m██[38;2;239;116;194m██[38;2;239;116;194m██[38;2;239;116;194m██[38;2;242;205;208m██[38;2;242;205;208m██[38;2;242;205;208m██[38;2;242;205;208m██[38;2;130;82;112m██[38;2;130;82;112m██                              
                              [38;2;130;82;112m██[38;2;242;205;208m██[38;2;239;116;194m██[38;2;239;116;194m██[38;2;242;205;208m██[38;2;242;205;208m██[38;2;242;205;208m██[38;2;242;205;208m██[38;2;242;205;208m██[38;2;130;82;112m██                            
                                [38;2;130;82;112m██[38;2;242;205;208m██[38;2;239;116;194m██[38;2;242;205;208m██[38;2;242;205;208m██[38;2;242;205;208m██[38;2;242;205;208m██[38;2;242;205;208m██[38;2;242;205;208m██[38;2;130;82;112m██                          
                                [38;2;130;82;112m██[38;2;242;205;208m██[38;2;239;116;194m██[38;2;242;205;208m██[38;2;242;205;208m██[38;2;242;205;208m██[38;2;242;205;208m██[38;2;242;205;208m██[38;2;244;206;210m██[38;2;244;206;210m██[38;2;130;82;112m██                        
                              [38;2;130;82;112m██[38;2;242;205;208m██[38;2;239;116;194m██[38;2;239;116;194m██[38;2;242;205;208m██[38;2;242;205;208m██[38;2;242;205;208m██[38;2;244;206;210m██[38;2;244;206;210m██[38;2;244;206;210m██[38;2;244;206;210m██[38;2;244;206;210m██[38;2;16;16;16m██                      
                          [38;2;130;82;112m██[38;2;130;82;112m██[38;2;203;154;191m██[38;2;203;154;191m██[38;2;239;116;194m██[38;2;244;206;210m██[38;2;244;206;210m██[38;2;244;206;210m██[38;2;239;116;194m██[38;2;244;206;210m██[38;2;244;206;210m██[38;2;244;206;210m██[38;2;244;206;210m██[38;2;244;206;210m██[38;2;130;82;112m██                      
                        [38;2;130;82;112m██[38;2;203;154;191m██[38;2;244;206;210m██[38;2;244;206;210m██[38;2;239;116;194m██[38;2;244;206;210m██[38;2;244;206;210m██[38;2;244;206;210m██[38;2;244;206;210m██[38;2;244;206;210m██[38;2;239;116;194m██[38;2;244;206;210m██[38;2;244;206;210m██[38;2;244;206;210m██[38;2;244;206;210m██[38;2;244;206;210m██[38;2;16;16;16m██                    
                      [38;2;130;82;112m██[38;2;244;206;210m██[38;2;244;206;210m██[38;2;244;206;210m██[38;2;239;116;194m██[38;2;244;206;210m██[38;2;244;206;210m██[38;2;244;206;210m██[38;2;244;206;210m██[38;2;244;206;210m██[38;2;244;206;210m██[38;2;239;116;194m██[38;2;239;116;194m██[38;2;244;206;210m██[38;2;244;206;210m██[38;2;244;206;210m██[38;2;244;206;210m██[38;2;16;16;16m██                    
                    [38;2;130;82;112m██[38;2;244;206;210m██[38;2;255;254;253m██[38;2;255;254;253m██[38;2;244;206;210m██[38;2;244;206;210m██[38;2;244;206;210m██[38;2;244;206;210m██[38;2;244;206;210m██[38;2;244;206;210m██[38;2;244;206;210m██[38;2;244;206;210m██[38;2;244;206;210m██[38;2;239;116;194m██[38;2;244;206;210m██[38;2;244;206;210m██[38;2;244;206;210m██[38;2;244;206;210m██[38;2;203;154;191m██[38;2;16;16;16m██                  
                  [38;2;130;82;112m██[38;2;244;206;210m██[38;2;255;254;253m██[38;2;244;206;210m██[38;2;244;206;210m██[38;2;244;206;210m██[38;2;244;206;210m██[38;2;244;206;210m██[38;2;244;206;210m██[38;2;244;206;210m██[38;2;244;206;210m██[38;2;244;206;210m██[38;2;244;206;210m██[38;2;244;206;210m██[38;2;239;116;194m██[38;2;239;116;194m██[38;2;244;206;210m██[38;2;244;206;210m██[38;2;244;206;210m██[38;2;203;154;191m██[38;2;16;16;16m██                  
                  [38;2;130;82;112m██[38;2;244;206;210m██[38;2;244;206;210m██[38;2;244;206;210m██[38;2;244;206;210m██[38;2;244;206;210m██[38;2;244;206;210m██[38;2;244;206;210m██[38;2;244;206;210m██[38;2;244;206;210m██[38;2;244;206;210m██[38;2;244;206;210m██[38;2;244;206;210m██[38;2;244;206;210m██[38;2;239;116;194m██[38;2;239;116;194m██[38;2;244;206;210m██[38;2;244;206;210m██[38;2;244;206;210m██[38;2;203;154;191m██[38;2;203;154;191m██[38;2;16;16;16m██                
                [38;2;130;82;112m██[38;2;244;206;210m██[38;2;244;206;210m██[38;2;244;206;210m██[38;2;244;206;210m██[38;2;244;206;210m██[38;2;244;206;210m██[38;2;244;206;210m██[38;2;244;206;210m██[38;2;244;206;210m██[38;2;244;206;210m██[38;2;244;206;210m██[38;2;244;206;210m██[38;2;244;206;210m██[38;2;244;206;210m██[38;2;239;116;194m██[38;2;239;116;194m██[38;2;244;206;210m██[38;2;244;206;210m██[38;2;244;206;210m██[38;2;203;154;191m██[38;2;203;154;191m██[38;2;16;16;16m██                
                [38;2;130;82;112m██[38;2;244;206;210m██[38;2;244;206;210m██[38;2;244;206;210m██[38;2;244;206;210m██[38;2;244;206;210m██[38;2;244;206;210m██[38;2;244;206;210m██[38;2;244;206;210m██[38;2;244;206;210m██[38;2;244;206;210m██[38;2;244;206;210m██[38;2;244;206;210m██[38;2;244;206;210m██[38;2;244;206;210m██[38;2;239;116;194m██[38;2;239;116;194m██[38;2;244;206;210m██[38;2;244;206;210m██[38;2;203;154;191m██[38;2;203;154;191m██[38;2;203;154;191m██[38;2;16;16;16m██                
              [38;2;130;82;112m██[38;2;130;82;112m██[38;2;130;82;112m██[38;2;130;82;112m██[38;2;244;206;210m██[38;2;244;206;210m██[38;2;244;206;210m██[38;2;244;206;210m██[38;2;244;206;210m██[38;2;244;206;210m██[38;2;244;206;210m██[38;2;244;206;210m██[38;2;244;206;210m██[38;2;244;206;210m██[38;2;244;206;210m██[38;2;239;116;194m██[38;2;239;116;194m██[38;2;244;206;210m██[38;2;244;206;210m██[38;2;244;206;210m██[38;2;203;154;191m██[38;2;203;154;191m██[38;2;203;154;191m██[38;2;203;154;191m██[38;2;16;16;16m██              
            [38;2;130;82;112m██[38;2;244;206;210m██[38;2;244;206;210m██[38;2;244;206;210m██[38;2;244;206;210m██[38;2;203;154;191m██[38;2;130;82;112m██[38;2;244;206;210m██[38;2;244;206;210m██[38;2;244;206;210m██[38;2;244;206;210m██[38;2;244;206;210m██[38;2;244;206;210m██[38;2;244;206;210m██[38;2;244;206;210m██[38;2;239;116;194m██[38;2;239;116;194m██[38;2;244;206;210m██[38;2;244;206;210m██[38;2;130;82;112m██[38;2;130;82;112m██[38;2;130;82;112m██[38;2;130;82;112m██[38;2;130;82;112m██[38;2;203;154;191m██[38;2;16;16;16m██              
          [38;2;130;82;112m██[38;2;244;206;210m██[38;2;0;41;106m██[38;2;0;41;106m██[38;2;244;206;210m██[38;2;244;206;210m██[38;2;244;206;210m██[38;2;244;206;210m██[38;2;130;82;112m██[38;2;244;206;210m██[38;2;244;206;210m██[38;2;244;206;210m██[38;2;244;206;210m██[38;2;244;206;210m██[38;2;244;206;210m██[38;2;239;116;194m██[38;2;239;116;194m██[38;2;244;206;210m██[38;2;130;82;112m██[38;2;130;82;112m██[38;2;244;206;210m██[38;2;244;206;210m██[38;2;244;206;210m██[38;2;244;206;210m██[38;2;244;206;210m██[38;2;130;82;112m██[38;2;16;16;16m██              
        [38;2;130;82;112m██[38;2;244;206;210m██[38;2;0;41;106m██[38;2;0;117;198m██[38;2;255;254;253m██[38;2;0;41;106m██[38;2;244;206;210m██[38;2;255;254;253m██[38;2;244;206;210m██[38;2;130;82;112m██[38;2;244;206;210m██[38;2;244;206;210m██[38;2;244;206;210m██[38;2;244;206;210m██[38;2;239;116;194m██[38;2;239;116;194m██[38;2;244;206;210m██[38;2;244;206;210m██[38;2;130;82;112m██[38;2;239;116;194m██[38;2;244;206;210m██[38;2;255;254;253m██[38;2;255;254;253m██[38;2;244;206;210m██[38;2;244;206;210m██[38;2;0;41;106m██[38;2;0;41;106m██[38;2;130;82;112m██              
      [38;2;130;82;112m██[38;2;0;41;106m██[38;2;0;41;106m██[38;2;0;41;106m██[38;2;0;41;106m██[38;2;0;41;106m██[38;2;16;16;16m██[38;2;244;206;210m██[38;2;255;254;253m██[38;2;239;116;194m██[38;2;244;206;210m██[38;2;130;82;112m██[38;2;244;206;210m██[38;2;244;206;210m██[38;2;244;206;210m██[38;2;244;206;210m██[38;2;244;206;210m██[38;2;244;206;210m██[38;2;244;206;210m██[38;2;239;116;194m██[38;2;239;116;194m██[38;2;239;116;194m██[38;2;244;206;210m██[38;2;244;206;210m██[38;2;244;206;210m██[38;2;0;41;106m██[38;2;255;254;253m██[38;2;0;117;198m██[38;2;16;16;16m██[38;2;130;82;112m██            
      [38;2;0;41;106m██[38;2;0;117;198m██[38;2;0;117;198m██[38;2;0;41;106m██[38;2;255;254;253m██[38;2;0;117;198m██[38;2;0;41;106m██[38;2;255;254;253m██[38;2;244;206;210m██[38;2;239;116;194m██[38;2;244;206;210m██[38;2;130;82;112m██[38;2;244;206;210m██[38;2;244;206;210m██[38;2;244;206;210m██[38;2;244;206;210m██[38;2;244;206;210m██[38;2;244;206;210m██[38;2;130;82;112m██[38;2;244;206;210m██[38;2;244;206;210m██[38;2;239;116;194m██[38;2;239;116;194m██[38;2;244;206;210m██[38;2;0;41;106m██[38;2;0;41;106m██[38;2;0;117;198m██[38;2;0;41;106m██[38;2;16;16;16m██[38;2;244;206;210m██[38;2;130;82;112m██          
    [38;2;130;82;112m██[38;2;0;41;106m██[38;2;255;254;253m██[38;2;0;82;148m██[38;2;16;16;16m██[38;2;0;117;198m██[38;2;0;82;148m██[38;2;0;41;106m██[38;2;244;206;210m██[38;2;239;116;194m██[38;2;239;116;194m██[38;2;244;206;210m██[38;2;130;82;112m██[38;2;244;206;210m██[38;2;244;206;210m██[38;2;244;206;210m██[38;2;244;206;210m██[38;2;244;206;210m██[38;2;244;206;210m██[38;2;130;82;112m██[38;2;244;206;210m██[38;2;244;206;210m██[38;2;244;206;210m██[38;2;239;116;194m██[38;2;0;41;106m██[38;2;0;117;198m██[38;2;0;82;148m██[38;2;0;41;106m██[38;2;0;117;198m██[38;2;0;82;148m██[38;2;16;16;16m██[38;2;130;82;112m██          
    [38;2;130;82;112m██[38;2;244;206;210m██[38;2;16;16;16m██[38;2;16;16;16m██[38;2;244;206;210m██[38;2;16;16;16m██[38;2;16;16;16m██[38;2;244;206;210m██[38;2;239;116;194m██[38;2;239;116;194m██[38;2;244;206;210m██[38;2;203;154;191m██[38;2;203;154;191m██[38;2;244;206;210m██[38;2;244;206;210m██[38;2;244;206;210m██[38;2;244;206;210m██[38;2;244;206;210m██[38;2;244;206;210m██[38;2;130;82;112m██[38;2;244;206;210m██[38;2;244;206;210m██[38;2;244;206;210m██[38;2;244;206;210m██[38;2;0;41;106m██[38;2;255;254;253m██[38;2;0;117;198m██[38;2;0;41;106m██[38;2;0;117;198m██[38;2;255;254;253m██[38;2;16;16;16m██[38;2;244;206;210m██[38;2;16;16;16m██        
    [38;2;130;82;112m██[38;2;244;206;210m██[38;2;239;116;194m██[38;2;244;206;210m██[38;2;244;206;210m██[38;2;244;206;210m██[38;2;239;116;194m██[38;2;239;116;194m██[38;2;244;206;210m██[38;2;244;206;210m██[38;2;203;154;191m██[38;2;130;82;112m██[38;2;244;206;210m██[38;2;244;206;210m██[38;2;244;206;210m██[38;2;244;206;210m██[38;2;244;206;210m██[38;2;244;206;210m██[38;2;244;206;210m██[38;2;130;82;112m██[38;2;244;206;210m██[38;2;244;206;210m██[38;2;244;206;210m██[38;2;244;206;210m██[38;2;244;206;210m██[38;2;0;41;106m██[38;2;0;41;106m██[38;2;244;206;210m██[38;2;0;41;106m██[38;2;0;41;106m██[38;2;244;206;210m██[38;2;203;154;191m██[38;2;16;16;16m██        
      [38;2;130;82;112m██[38;2;239;116;194m██[38;2;239;116;194m██[38;2;244;206;210m██[38;2;244;206;210m██[38;2;244;206;210m██[38;2;203;154;191m██[38;2;203;154;191m██[38;2;203;154;191m██[38;2;16;16;16m██[38;2;244;206;210m██[38;2;203;154;191m██[38;2;244;206;210m██[38;2;244;206;210m██[38;2;244;206;210m██[38;2;244;206;210m██[38;2;244;206;210m██[38;2;244;206;210m██[38;2;244;206;210m██[38;2;16;16;16m██[38;2;203;154;191m██[38;2;244;206;210m██[38;2;244;206;210m██[38;2;244;206;210m██[38;2;244;206;210m██[38;2;244;206;210m██[38;2;244;206;210m██[38;2;239;116;194m██[38;2;244;206;210m██[38;2;203;154;191m██[38;2;239;116;194m██[38;2;16;16;16m██        
        [38;2;16;16;16m██[38;2;130;82;112m██[38;2;239;116;194m██[38;2;203;154;191m██[38;2;203;154;191m██[38;2;203;154;191m██[38;2;16;16;16m██[38;2;16;16;16m██[38;2;203;154;191m██[38;2;130;82;112m██[38;2;130;82;112m██[38;2;244;206;210m██[38;2;244;206;210m██[38;2;203;154;191m██[38;2;244;206;210m██[38;2;244;206;210m██[38;2;203;154;191m██[38;2;244;206;210m██[38;2;244;206;210m██[38;2;16;16;16m██[38;2;203;154;191m██[38;2;203;154;191m██[38;2;244;206;210m██[38;2;244;206;210m██[38;2;239;116;194m██[38;2;239;116;194m██[38;2;203;154;191m██[38;2;203;154;191m██[38;2;203;154;191m██[38;2;16;16;16m██          
        [38;2;130;82;112m██[38;2;244;206;210m██[38;2;16;16;16m██[38;2;16;16;16m██[38;2;16;16;16m██[38;2;130;82;112m██[38;2;130;82;112m██[38;2;244;206;210m██[38;2;130;82;112m██[38;2;244;206;210m██[38;2;244;206;210m██[38;2;130;82;112m██[38;2;130;82;112m██[38;2;203;154;191m██[38;2;244;206;210m██[38;2;203;154;191m██[38;2;130;82;112m██[38;2;130;82;112m██[38;2;203;154;191m██[38;2;203;154;191m██[38;2;16;16;16m██[38;2;130;82;112m██[38;2;239;116;194m██[38;2;239;116;194m██[38;2;239;116;194m██[38;2;203;154;191m██[38;2;203;154;191m██[38;2;130;82;112m██[38;2;16;16;16m██[38;2;203;154;191m██[38;2;130;82;112m██        
      [38;2;130;82;112m██[38;2;244;206;210m██[38;2;244;206;210m██[38;2;244;206;210m██[38;2;239;116;194m██[38;2;239;116;194m██[38;2;203;154;191m██[38;2;130;82;112m██[38;2;244;206;210m██[38;2;203;154;191m██[38;2;0;117;198m██[38;2;244;206;210m██[38;2;244;206;210m██[38;2;244;206;210m██[38;2;203;154;191m██[38;2;130;82;112m██[38;2;130;82;112m██[38;2;244;206;210m██[38;2;244;206;210m██[38;2;130;82;112m██[38;2;130;82;112m██[38;2;203;154;191m██[38;2;203;154;191m██[38;2;16;16;16m██[38;2;16;16;16m██[38;2;16;16;16m██[38;2;16;16;16m██[38;2;16;16;16m██[38;2;203;154;191m██[38;2;203;154;191m██[38;2;244;206;210m██[38;2;244;206;210m██[38;2;130;82;112m██      
    [38;2;130;82;112m██[38;2;244;206;210m██[38;2;244;206;210m██[38;2;244;206;210m██[38;2;239;116;194m██[38;2;239;116;194m██[38;2;244;206;210m██[38;2;203;154;191m██[38;2;16;16;16m██[38;2;244;206;210m██[38;2;0;117;198m██[38;2;255;254;253m██[38;2;0;117;198m██[38;2;244;206;210m██[38;2;244;206;210m██[38;2;244;206;210m██[38;2;244;206;210m██[38;2;244;206;210m██[38;2;0;117;198m██[38;2;203;154;191m██[38;2;203;154;191m██[38;2;130;82;112m██[38;2;244;206;210m██[38;2;203;154;191m██[38;2;203;154;191m██[38;2;239;116;194m██[38;2;239;116;194m██[38;2;203;154;191m██[38;2;203;154;191m██[38;2;203;154;191m██[38;2;244;206;210m██[38;2;244;206;210m██[38;2;244;206;210m██[38;2;130;82;112m██      
    [38;2;130;82;112m██[38;2;255;254;253m██[38;2;244;206;210m██[38;2;239;116;194m██[38;2;244;206;210m██[38;2;244;206;210m██[38;2;244;206;210m██[38;2;203;154;191m██[38;2;16;16;16m██[38;2;244;206;210m██[38;2;0;117;198m██[38;2;16;16;16m██[38;2;0;117;198m██[38;2;244;206;210m██[38;2;244;206;210m██[38;2;244;206;210m██[38;2;244;206;210m██[38;2;0;117;198m██[38;2;255;254;253m██[38;2;0;117;198m██[38;2;203;154;191m██[38;2;130;82;112m██[38;2;244;206;210m██[38;2;255;254;253m██[38;2;244;206;210m██[38;2;239;116;194m██[38;2;239;116;194m██[38;2;244;206;210m██[38;2;244;206;210m██[38;2;244;206;210m██[38;2;244;206;210m██[38;2;244;206;210m██[38;2;244;206;210m██[38;2;244;206;210m██[38;2;16;16;16m██    
  [38;2;130;82;112m██[38;2;241;205;208m██[38;2;255;254;253m██[38;2;239;116;194m██[38;2;244;206;210m██[38;2;244;206;210m██[38;2;244;206;210m██[38;2;203;154;191m██[38;2;203;154;191m██[38;2;203;154;191m██[38;2;130;82;112m██[38;2;0;117;198m██[38;2;0;82;148m██[38;2;0;117;198m██[38;2;244;206;210m██[38;2;244;206;210m██[38;2;244;206;210m██[38;2;244;206;210m██[38;2;0;117;198m██[38;2;16;16;16m██[38;2;0;117;198m██[38;2;203;154;191m██[38;2;130;82;112m██[38;2;244;206;210m██[38;2;255;254;253m██[38;2;244;206;210m██[38;2;244;206;210m██[38;2;239;116;194m██[38;2;239;116;194m██[38;2;244;206;210m██[38;2;244;206;210m██[38;2;244;206;210m██[38;2;244;206;210m██[38;2;241;205;208m██[38;2;241;205;208m██[38;2;16;16;16m██    
  [38;2;130;82;112m██[38;2;241;205;208m██[38;2;244;206;210m██[38;2;244;206;210m██[38;2;244;206;210m██[38;2;244;206;210m██[38;2;244;206;210m██[38;2;203;154;191m██[38;2;239;116;194m██[38;2;203;154;191m██[38;2;16;16;16m██[38;2;203;154;191m██[38;2;203;154;191m██[38;2;244;206;210m██[38;2;244;206;210m██[38;2;244;206;210m██[38;2;244;206;210m██[38;2;244;206;210m██[38;2;0;117;198m██[38;2;0;82;148m██[38;2;0;117;198m██[38;2;203;154;191m██[38;2;16;16;16m██[38;2;244;206;210m██[38;2;244;206;210m██[38;2;244;206;210m██[38;2;244;206;210m██[38;2;244;206;210m██[38;2;239;116;194m██[38;2;244;206;210m██[38;2;255;254;253m██[38;2;241;205;208m██[38;2;241;205;208m██[38;2;241;205;208m██[38;2;201;152;189m██[38;2;16;16;16m██    
  [38;2;130;82;112m██[38;2;130;82;112m██[38;2;241;205;208m██[38;2;244;206;210m██[38;2;244;206;210m██[38;2;244;206;210m██[38;2;203;154;191m██[38;2;203;154;191m██[38;2;239;116;194m██[38;2;203;154;191m██[38;2;130;82;112m██[38;2;16;16;16m██[38;2;244;206;210m██[38;2;244;206;210m██[38;2;244;206;210m██[38;2;0;117;198m██[38;2;244;206;210m██[38;2;244;206;210m██[38;2;244;206;210m██[38;2;203;154;191m██[38;2;203;154;191m██[38;2;203;154;191m██[38;2;16;16;16m██[38;2;203;154;191m██[38;2;244;206;210m██[38;2;244;206;210m██[38;2;244;206;210m██[38;2;244;206;210m██[38;2;244;206;210m██[38;2;239;116;194m██[38;2;255;254;253m██[38;2;255;254;253m██[38;2;241;205;208m██[38;2;201;152;189m██[38;2;201;152;189m██[38;2;16;16;16m██[38;2;16;16;16m██  
  [38;2;130;82;112m██[38;2;241;205;208m██[38;2;241;205;208m██[38;2;244;206;210m██[38;2;244;206;210m██[38;2;203;154;191m██[38;2;203;154;191m██[38;2;239;116;194m██[38;2;239;116;194m██[38;2;130;82;112m██[38;2;244;206;210m██[38;2;244;206;210m██[38;2;16;16;16m██[38;2;130;82;112m██[38;2;244;206;210m██[38;2;244;206;210m██[38;2;244;206;210m██[38;2;244;206;210m██[38;2;203;154;191m██[38;2;203;154;191m██[38;2;130;82;112m██[38;2;16;16;16m██[38;2;16;16;16m██[38;2;16;16;16m██[38;2;244;206;210m██[38;2;239;116;194m██[38;2;244;206;210m██[38;2;244;206;210m██[38;2;241;205;208m██[38;2;241;205;208m██[38;2;201;152;189m██[38;2;201;152;189m██[38;2;201;152;189m██[38;2;201;152;189m██[38;2;130;82;112m██[38;2;201;152;189m██[38;2;16;16;16m██  
[38;2;130;82;112m██[38;2;241;205;208m██[38;2;241;205;208m██[38;2;241;205;208m██[38;2;241;205;208m██[38;2;203;154;191m██[38;2;203;154;191m██[38;2;203;154;191m██[38;2;239;116;194m██[38;2;203;154;191m██[38;2;130;82;112m██[38;2;244;206;210m██[38;2;244;206;210m██[38;2;239;116;194m██[38;2;239;116;194m██[38;2;130;82;112m██[38;2;130;82;112m██[38;2;130;82;112m██[38;2;130;82;112m██[38;2;16;16;16m██[38;2;16;16;16m██[38;2;203;154;191m██[38;2;203;154;191m██[38;2;239;116;194m██[38;2;16;16;16m██[38;2;203;154;191m██[38;2;239;116;194m██[38;2;244;206;210m██[38;2;241;205;208m██[38;2;241;205;208m██[38;2;241;205;208m██[38;2;241;205;208m██[38;2;130;82;112m██[38;2;130;82;112m██[38;2;130;82;112m██[38;2;241;205;208m██[38;2;201;152;189m██[38;2;201;152;189m██[38;2;16;16;16m██
[38;2;130;82;112m██[38;2;241;205;208m██[38;2;241;205;208m██[38;2;201;152;189m██[38;2;201;152;189m██[38;2;201;152;189m██[38;2;203;154;191m██[38;2;239;116;194m██[38;2;239;116;194m██[38;2;203;154;191m██[38;2;130;82;112m██[38;2;130;82;112m██[38;2;239;116;194m██[38;2;244;206;210m██[38;2;203;154;191m██[38;2;203;154;191m██[38;2;203;154;191m██[38;2;203;154;191m██[38;2;203;154;191m██[38;2;203;154;191m██[38;2;203;154;191m██[38;2;239;116;194m██[38;2;239;116;194m██[38;2;244;206;210m██[38;2;244;206;210m██[38;2;16;16;16m██[38;2;203;154;191m██[38;2;239;116;194m██[38;2;241;205;208m██[38;2;241;205;208m██[38;2;241;205;208m██[38;2;241;205;208m██[38;2;241;205;208m██[38;2;241;205;208m██[38;2;241;205;208m██[38;2;241;205;208m██[38;2;201;152;189m██[38;2;201;152;189m██[38;2;16;16;16m██
[38;2;16;16;16m██[38;2;201;152;189m██[38;2;201;152;189m██[38;2;201;152;189m██[38;2;130;82;112m██[38;2;130;82;112m██[38;2;239;116;194m██[38;2;239;116;194m██[38;2;201;152;189m██[38;2;130;82;112m██[38;2;203;154;191m██[38;2;130;82;112m██[38;2;203;154;191m██[38;2;244;206;210m██[38;2;255;254;253m██[38;2;255;254;253m██[38;2;244;206;210m██[38;2;244;206;210m██[38;2;244;206;210m██[38;2;244;206;210m██[38;2;239;116;194m██[38;2;239;116;194m██[38;2;244;206;210m██[38;2;244;206;210m██[38;2;130;82;112m██[38;2;130;82;112m██[38;2;16;16;16m██[38;2;239;116;194m██[38;2;239;116;194m██[38;2;241;205;208m██[38;2;241;205;208m██[38;2;241;205;208m██[38;2;241;205;208m██[38;2;241;205;208m██[38;2;241;205;208m██[38;2;201;152;189m██[38;2;201;152;189m██[38;2;201;152;189m██[38;2;16;16;16m██
  [38;2;16;16;16m██[38;2;201;152;189m██[38;2;16;16;16m██[38;2;244;206;210m██[38;2;244;206;210m██[38;2;130;82;112m██[38;2;130;82;112m██[38;2;130;82;112m██[38;2;244;206;210m██[38;2;203;154;191m██[38;2;203;154;191m██[38;2;130;82;112m██[38;2;203;154;191m██[38;2;244;206;210m██[38;2;244;206;210m██[38;2;244;206;210m██[38;2;244;206;210m██[38;2;239;116;194m██[38;2;239;116;194m██[38;2;244;206;210m██[38;2;203;154;191m██[38;2;203;154;191m██[38;2;130;82;112m██[38;2;203;154;191m██[38;2;203;154;191m██[38;2;130;82;112m██[38;2;130;82;112m██[38;2;130;82;112m██[38;2;239;116;194m██[38;2;241;205;208m██[38;2;241;205;208m██[38;2;241;205;208m██[38;2;201;152;189m██[38;2;201;152;189m██[38;2;201;152;189m██[38;2;201;152;189m██[38;2;201;152;189m██[38;2;16;16;16m██
    [38;2;16;16;16m██[38;2;16;16;16m██[38;2;203;154;191m██[38;2;244;206;210m██[38;2;244;206;210m██[38;2;244;206;210m██[38;2;244;206;210m██[38;2;244;206;210m██[38;2;203;154;191m██[38;2;130;82;112m██[38;2;203;154;191m██[38;2;130;82;112m██[38;2;130;82;112m██[38;2;239;116;194m██[38;2;239;116;194m██[38;2;239;116;194m██[38;2;203;154;191m██[38;2;203;154;191m██[38;2;203;154;191m██[38;2;130;82;112m██[38;2;16;16;16m██[38;2;203;154;191m██[38;2;203;154;191m██[38;2;244;206;210m██[38;2;244;206;210m██[38;2;244;206;210m██[38;2;244;206;210m██[38;2;16;16;16m██[38;2;239;116;194m██[38;2;201;152;189m██[38;2;201;152;189m██[38;2;201;152;189m██[38;2;201;152;189m██[38;2;201;152;189m██[38;2;201;152;189m██[38;2;16;16;16m██  
        [38;2;16;16;16m██[38;2;16;16;16m██[38;2;244;206;210m██[38;2;244;206;210m██[38;2;244;206;210m██[38;2;203;154;191m██[38;2;130;82;112m██[38;2;203;154;191m██[38;2;244;206;210m██[38;2;244;206;210m██[38;2;203;154;191m██[38;2;203;154;191m██[38;2;130;82;112m██[38;2;130;82;112m██[38;2;130;82;112m██[38;2;16;16;16m██[38;2;16;16;16m██[38;2;244;206;210m██[38;2;244;206;210m██[38;2;16;16;16m██[38;2;16;16;16m██[38;2;203;154;191m██[38;2;244;206;210m██[38;2;244;206;210m██[38;2;244;206;210m██[38;2;16;16;16m██[38;2;16;16;16m██[38;2;239;116;194m██[38;2;201;152;189m██[38;2;201;152;189m██[38;2;201;152;189m██[38;2;16;16;16m██[38;2;16;16;16m██    
            [38;2;16;16;16m██[38;2;16;16;16m██[38;2;16;16;16m██[38;2;130;82;112m██[38;2;244;206;210m██[38;2;244;206;210m██[38;2;255;254;253m██[38;2;244;206;210m██[38;2;244;206;210m██[38;2;244;206;210m██[38;2;244;206;210m██[38;2;244;206;210m██[38;2;239;116;194m██[38;2;239;116;194m██[38;2;244;206;210m██[38;2;244;206;210m██[38;2;244;206;210m██[38;2;244;206;210m██[38;2;244;206;210m██[38;2;16;16;16m██[38;2;16;16;16m██[38;2;16;16;16m██[38;2;16;16;16m██    [38;2;16;16;16m██[38;2;16;16;16m██[38;2;16;16;16m██[38;2;16;16;16m██        
                  [38;2;130;82;112m██[38;2;244;206;210m██[38;2;255;254;253m██[38;2;255;254;253m██[38;2;244;206;210m██[38;2;244;206;210m██[38;2;244;206;210m██[38;2;244;206;210m██[38;2;239;116;194m██[38;2;239;116;194m██[38;2;244;206;210m██[38;2;244;206;210m██[38;2;244;206;210m██[38;2;244;206;210m██[38;2;244;206;210m██[38;2;244;206;210m██[38;2;244;206;210m██[38;2;239;116;194m██[38;2;16;16;16m██                      
                [38;2;130;82;112m██[38;2;244;206;210m██[38;2;239;116;194m██[38;2;255;254;253m██[38;2;244;206;210m██[38;2;244;206;210m██[38;2;244;206;210m██[38;2;244;206;210m██[38;2;239;116;194m██[38;2;244;206;210m██[38;2;244;206;210m██[38;2;244;206;210m██[38;2;244;206;210m██[38;2;244;206;210m██[38;2;244;206;210m██[38;2;244;206;210m██[38;2;244;206;210m██[38;2;244;206;210m██[38;2;239;116;194m██[38;2;239;116;194m██[38;2;16;16;16m██                    
                [38;2;130;82;112m██[38;2;239;116;194m██[38;2;239;116;194m██[38;2;244;206;210m██[38;2;244;206;210m██[38;2;244;206;210m██[38;2;244;206;210m██[38;2;239;116;194m██[38;2;244;206;210m██[38;2;244;206;210m██[38;2;244;206;210m██[38;2;244;206;210m██[38;2;244;206;210m██[38;2;244;206;210m██[38;2;244;206;210m██[38;2;244;206;210m██[38;2;244;206;210m██[38;2;244;206;210m██[38;2;239;116;194m██[38;2;244;206;210m██[38;2;16;16;16m██                    
              [38;2;16;16;16m██[38;2;240;204;207m██[38;2;239;116;194m██[38;2;244;206;210m██[38;2;244;206;210m██[38;2;244;206;210m██[38;2;244;206;210m██[38;2;239;116;194m██[38;2;244;206;210m██[38;2;244;206;210m██[38;2;244;206;210m██[38;2;244;206;210m██[38;2;244;206;210m██[38;2;244;206;210m██[38;2;244;206;210m██[38;2;244;206;210m██[38;2;244;206;210m██[38;2;244;206;210m██[38;2;239;116;194m██[38;2;239;116;194m██[38;2;240;204;207m██[38;2;200;151;188m██[38;2;16;16;16m██                  
              [38;2;16;16;16m██[38;2;239;116;194m██[38;2;239;116;194m██[38;2;240;204;207m██[38;2;244;206;210m██[38;2;244;206;210m██[38;2;239;116;194m██[38;2;239;116;194m██[38;2;244;206;210m██[38;2;244;206;210m██[38;2;244;206;210m██[38;2;244;206;210m██[38;2;244;206;210m██[38;2;244;206;210m██[38;2;244;206;210m██[38;2;244;206;210m██[38;2;244;206;210m██[38;2;244;206;210m██[38;2;239;116;194m██[38;2;240;204;207m██[38;2;200;151;188m██[38;2;200;151;188m██[38;2;16;16;16m██                  
              [38;2;16;16;16m██[38;2;239;116;194m██[38;2;240;204;207m██[38;2;240;204;207m██[38;2;240;204;207m██[38;2;240;204;207m██[38;2;239;116;194m██[38;2;244;206;210m██[38;2;244;206;210m██[38;2;244;206;210m██[38;2;244;206;210m██[38;2;244;206;210m██[38;2;244;206;210m██[38;2;244;206;210m██[38;2;244;206;210m██[38;2;240;204;207m██[38;2;240;204;207m██[38;2;239;116;194m██[38;2;239;116;194m██[38;2;240;204;207m██[38;2;200;151;188m██[38;2;200;151;188m██[38;2;16;16;16m██                  
            [38;2;130;82;112m██[38;2;130;82;112m██[38;2;130;82;112m██[38;2;200;151;188m██[38;2;240;204;207m██[38;2;240;204;207m██[38;2;239;116;194m██[38;2;239;116;194m██[38;2;240;204;207m██[38;2;240;204;207m██[38;2;240;204;207m██[38;2;240;204;207m██[38;2;240;204;207m██[38;2;240;204;207m██[38;2;240;204;207m██[38;2;240;204;207m██[38;2;240;204;207m██[38;2;240;204;207m██[38;2;239;116;194m██[38;2;240;204;207m██[38;2;200;151;188m██[38;2;200;151;188m██[38;2;200;151;188m██[38;2;130;82;112m██[38;2;130;82;112m██[38;2;130;82;112m██              
          [38;2;130;82;112m██[38;2;240;204;207m██[38;2;240;204;207m██[38;2;240;204;207m██[38;2;130;82;112m██[38;2;200;151;188m██[38;2;239;116;194m██[38;2;239;116;194m██[38;2;240;204;207m██[38;2;240;204;207m██[38;2;240;204;207m██[38;2;240;204;207m██[38;2;240;204;207m██[38;2;240;204;207m██[38;2;240;204;207m██[38;2;240;204;207m██[38;2;240;204;207m██[38;2;240;204;207m██[38;2;239;116;194m██[38;2;239;116;194m██[38;2;200;151;188m██[38;2;200;151;188m██[38;2;130;82;112m██[38;2;130;82;112m██[38;2;200;151;188m██[38;2;240;204;207m██[38;2;240;204;207m██[38;2;130;82;112m██            
          [38;2;16;16;16m██[38;2;240;204;207m██[38;2;240;204;207m██[38;2;240;204;207m██[38;2;240;204;207m██[38;2;130;82;112m██[38;2;130;82;112m██[38;2;239;116;194m██[38;2;200;151;188m██[38;2;200;151;188m██[38;2;200;151;188m██[38;2;200;151;188m██[38;2;200;151;188m██[38;2;200;151;188m██[38;2;200;151;188m██[38;2;200;151;188m██[38;2;200;151;188m██[38;2;239;116;194m██[38;2;239;116;194m██[38;2;130;82;112m██[38;2;130;82;112m██[38;2;130;82;112m██[38;2;200;151;188m██[38;2;240;204;207m██[38;2;240;204;207m██[38;2;240;204;207m██[38;2;200;151;188m██[38;2;16;16;16m██            
            [38;2;16;16;16m██[38;2;16;16;16m██[38;2;200;151;188m██[38;2;240;204;207m██[38;2;240;204;207m██[38;2;200;151;188m██[38;2;130;82;112m██[38;2;130;82;112m██[38;2;130;82;112m██[38;2;200;151;188m██[38;2;200;151;188m██[38;2;200;151;188m██[38;2;200;151;188m██[38;2;239;116;194m██[38;2;239;116;194m██[38;2;239;116;194m██[38;2;239;116;194m██[38;2;200;151;188m██[38;2;240;204;207m██[38;2;240;204;207m██[38;2;240;204;207m██[38;2;240;204;207m██[38;2;240;204;207m██[38;2;200;151;188m██[38;2;16;16;16m██[38;2;16;16;16m██              
                [38;2;16;16;16m██[38;2;200;151;188m██[38;2;240;204;207m██[38;2;240;204;207m██[38;2;240;204;207m██[38;2;240;204;207m██[38;2;240;204;207m██[38;2;240;204;207m██[38;2;240;204;207m██[38;2;240;204;207m██[38;2;240;204;207m██[38;2;240;204;207m██[38;2;240;204;207m██[38;2;240;204;207m██[38;2;240;204;207m██[38;2;240;204;207m██[38;2;240;204;207m██[38;2;240;204;207m██[38;2;200;151;188m██[38;2;16;16;16m██[38;2;16;16;16m██[38;2;16;16;16m██                  
                  [38;2;16;16;16m██[38;2;240;204;207m██[38;2;240;204;207m██[38;2;200;151;188m██[38;2;16;16;16m██[38;2;16;16;16m██[38;2;200;151;188m██[38;2;240;204;207m██[38;2;240;204;207m██[38;2;240;204;207m██[38;2;240;204;207m██[38;2;240;204;207m██[38;2;240;204;207m██[38;2;200;151;188m██[38;2;16;16;16m██[38;2;16;16;16m██[38;2;16;16;16m██[38;2;16;16;16m██                        
                    [38;2;16;16;16m██[38;2;16;16;16m██[38;2;16;16;16m██    [38;2;16;16;16m██[38;2;16;16;16m██[38;2;240;204;207m██[38;2;240;204;207m██[38;2;240;204;207m██[38;2;200;151;188m██[38;2;16;16;16m██[38;2;16;16;16m██                                
                                  [38;2;16;16;16m██[38;2;16;16;16m██[38;2;16;16;16m██[38;2;16;16;16m██                                    
