      [38;2;179;116;126m██[38;2;179;116;126m██                                                      
    [38;2;179;116;126m██[38;2;255;191;202m██[38;2;255;191;202m██[38;2;179;116;126m██                                                    
    [38;2;179;116;126m██[38;2;255;191;202m██[38;2;255;191;202m██[38;2;179;116;126m██                                [38;2;179;116;126m██[38;2;179;116;126m██                
  [38;2;179;116;126m██[38;2;255;191;202m██[38;2;255;191;202m██[38;2;255;191;202m██[38;2;179;116;126m██                            [38;2;179;116;126m██[38;2;179;116;126m██[38;2;255;191;202m██[38;2;255;191;202m██[38;2;179;116;126m██              
  [38;2;179;116;126m██[38;2;255;191;202m██[38;2;255;191;202m██[38;2;255;191;202m██[38;2;179;116;126m██  [38;2;179;116;126m██[38;2;179;116;126m██                  [38;2;179;116;126m██[38;2;179;116;126m██[38;2;255;191;202m██[38;2;255;191;202m██[38;2;255;191;202m██[38;2;255;191;202m██[38;2;179;116;126m██              
  [38;2;179;116;126m██[38;2;255;242;178m██[38;2;255;191;202m██[38;2;255;191;202m██[38;2;179;116;126m██[38;2;179;116;126m██[38;2;255;191;202m██[38;2;255;191;202m██[38;2;179;116;126m██            [38;2;179;116;126m██[38;2;179;116;126m██[38;2;255;191;202m██[38;2;255;191;202m██[38;2;255;191;202m██[38;2;255;191;202m██[38;2;255;191;202m██[38;2;179;116;126m██                
[38;2;179;116;126m██[38;2;255;242;178m██[38;2;255;242;178m██[38;2;255;242;178m██[38;2;179;116;126m██[38;2;179;116;126m██[38;2;255;191;202m██[38;2;255;191;202m██[38;2;255;191;202m██[38;2;179;116;126m██        [38;2;179;116;126m██[38;2;179;116;126m██[38;2;255;242;178m██[38;2;255;242;178m██[38;2;255;191;202m██[38;2;255;191;202m██[38;2;255;191;202m██[38;2;179;116;126m██[38;2;179;116;126m██                  
[38;2;179;116;126m██[38;2;255;242;178m██[38;2;255;242;178m██[38;2;255;242;178m██[38;2;179;116;126m██[38;2;255;191;202m██[38;2;255;191;202m██[38;2;255;191;202m██[38;2;179;116;126m██        [38;2;179;116;126m██[38;2;255;242;178m██[38;2;255;242;178m██[38;2;255;242;178m██[38;2;255;242;178m██[38;2;255;191;202m██[38;2;179;116;126m██[38;2;179;116;126m██                      
[38;2;179;116;126m██[38;2;255;242;178m██[38;2;255;242;178m██[38;2;255;242;178m██[38;2;255;242;178m██[38;2;255;242;178m██[38;2;255;191;202m██[38;2;255;191;202m██[38;2;179;116;126m██[38;2;179;116;126m██[38;2;179;116;126m██  [38;2;179;116;126m██[38;2;255;242;178m██[38;2;255;242;178m██[38;2;255;242;178m██[38;2;255;242;178m██[38;2;255;242;178m██[38;2;255;242;178m██[38;2;255;191;202m██[38;2;255;191;202m██[38;2;179;116;126m██[38;2;179;116;126m██                  
[38;2;179;116;126m██[38;2;255;242;178m██[38;2;255;242;178m██[38;2;255;242;178m██[38;2;255;242;178m██[38;2;255;242;178m██[38;2;255;242;178m██[38;2;179;116;126m██[38;2;179;116;126m██[38;2;255;191;202m██[38;2;255;191;202m██[38;2;179;116;126m██[38;2;255;242;178m██[38;2;255;242;178m██[38;2;255;242;178m██[38;2;255;242;178m██[38;2;255;242;178m██[38;2;255;242;178m██[38;2;255;242;178m██[38;2;255;191;202m██[38;2;255;191;202m██[38;2;255;191;202m██[38;2;255;191;202m██[38;2;179;116;126m██                
[38;2;179;116;126m██[38;2;255;242;178m██[38;2;255;242;178m██[38;2;255;242;178m██[38;2;255;242;178m██[38;2;255;242;178m██[38;2;179;116;126m██[38;2;255;191;202m██[38;2;255;191;202m██[38;2;255;191;202m██[38;2;179;116;126m██[38;2;255;242;178m██[38;2;255;242;178m██[38;2;255;242;178m██[38;2;255;242;178m██[38;2;255;242;178m██[38;2;255;242;178m██[38;2;255;242;178m██[38;2;255;242;178m██[38;2;255;191;202m██[38;2;255;191;202m██[38;2;255;191;202m██[38;2;255;191;202m██[38;2;179;116;126m██                
[38;2;179;116;126m██[38;2;255;242;178m██[38;2;255;242;178m██[38;2;255;242;178m██[38;2;255;242;178m██[38;2;255;242;178m██[38;2;255;242;178m██[38;2;255;191;202m██[38;2;255;191;202m██[38;2;179;116;126m██[38;2;255;242;178m██[38;2;255;242;178m██[38;2;255;242;178m██[38;2;255;242;178m██[38;2;255;242;178m██[38;2;255;242;178m██[38;2;255;242;178m██[38;2;255;242;178m██[38;2;255;242;178m██[38;2;255;191;202m██[38;2;179;116;126m██[38;2;179;116;126m██[38;2;179;116;126m██                  
[38;2;179;116;126m██[38;2;255;242;178m██[38;2;255;242;178m██[38;2;255;242;178m██[38;2;255;242;178m██[38;2;255;242;178m██[38;2;255;242;178m██[38;2;133;180;204m██[38;2;133;180;204m██[38;2;179;116;126m██[38;2;255;242;178m██[38;2;255;242;178m██[38;2;255;242;178m██[38;2;255;242;178m██[38;2;255;242;178m██[38;2;255;242;178m██[38;2;255;242;178m██[38;2;255;242;178m██[38;2;179;116;126m██[38;2;179;116;126m██[38;2;179;116;126m██                      
[38;2;179;116;126m██[38;2;255;242;178m██[38;2;255;242;178m██[38;2;255;242;178m██[38;2;255;242;178m██[38;2;133;180;204m██[38;2;133;180;204m██[38;2;166;225;255m██[38;2;179;116;126m██[38;2;255;242;178m██[38;2;255;242;178m██[38;2;255;242;178m██[38;2;255;242;178m██[38;2;255;242;178m██[38;2;255;242;178m██[38;2;255;242;178m██[38;2;255;242;178m██[38;2;255;242;178m██[38;2;255;191;202m██[38;2;255;191;202m██[38;2;179;116;126m██[38;2;179;116;126m██                    
  [38;2;179;116;126m██[38;2;255;242;178m██[38;2;255;242;178m██[38;2;133;180;204m██[38;2;166;225;255m██[38;2;166;225;255m██[38;2;166;225;255m██[38;2;179;116;126m██[38;2;255;242;178m██[38;2;255;242;178m██[38;2;255;242;178m██[38;2;179;116;126m██[38;2;179;116;126m██[38;2;179;116;126m██[38;2;179;116;126m██[38;2;255;242;178m██[38;2;255;191;202m██[38;2;255;191;202m██[38;2;255;191;202m██[38;2;255;191;202m██[38;2;255;191;202m██[38;2;179;116;126m██                  
  [38;2;179;116;126m██[38;2;255;242;178m██[38;2;133;180;204m██[38;2;166;225;255m██[38;2;166;225;255m██[38;2;166;225;255m██[38;2;179;116;126m██[38;2;255;242;178m██[38;2;255;242;178m██[38;2;179;116;126m██[38;2;179;116;126m██[38;2;202;202;202m██[38;2;16;16;16m██[38;2;16;16;16m██[38;2;166;225;255m██[38;2;179;116;126m██[38;2;179;116;126m██[38;2;255;191;202m██[38;2;255;191;202m██[38;2;255;191;202m██[38;2;255;191;202m██[38;2;179;116;126m██                  
  [38;2;179;116;126m██[38;2;255;242;178m██[38;2;133;180;204m██[38;2;166;225;255m██[38;2;166;225;255m██[38;2;166;225;255m██[38;2;179;116;126m██[38;2;179;116;126m██[38;2;48;178;242m██[38;2;33;122;166m██[38;2;202;202;202m██[38;2;253;253;253m██[38;2;202;202;202m██[38;2;16;16;16m██[38;2;166;225;255m██[38;2;166;225;255m██[38;2;133;180;204m██[38;2;179;116;126m██[38;2;179;116;126m██[38;2;179;116;126m██[38;2;179;116;126m██                    
[38;2;33;122;166m██[38;2;253;253;253m██[38;2;133;180;204m██[38;2;166;225;255m██[38;2;166;225;255m██[38;2;166;225;255m██[38;2;133;180;204m██[38;2;33;122;166m██[38;2;253;253;253m██[38;2;33;122;166m██[38;2;33;122;166m██[38;2;33;122;166m██[38;2;253;253;253m██[38;2;253;253;253m██[38;2;16;16;16m██[38;2;166;225;255m██[38;2;166;225;255m██[38;2;166;225;255m██[38;2;16;16;16m██                          
[38;2;33;122;166m██[38;2;48;178;242m██[38;2;16;16;16m██[38;2;166;225;255m██[38;2;166;225;255m██[38;2;166;225;255m██[38;2;16;16;16m██[38;2;33;122;166m██[38;2;48;178;242m██[38;2;33;122;166m██[38;2;33;122;166m██[38;2;33;122;166m██[38;2;253;253;253m██[38;2;202;202;202m██[38;2;16;16;16m██[38;2;166;225;255m██[38;2;166;225;255m██[38;2;166;225;255m██[38;2;16;16;16m██                          
[38;2;33;122;166m██[38;2;33;122;166m██[38;2;16;16;16m██[38;2;166;225;255m██[38;2;166;225;255m██[38;2;166;225;255m██[38;2;16;16;16m██[38;2;33;122;166m██[38;2;33;122;166m██[38;2;33;122;166m██[38;2;48;178;242m██[38;2;33;122;166m██[38;2;253;253;253m██[38;2;133;180;204m██[38;2;166;225;255m██[38;2;166;225;255m██[38;2;166;225;255m██[38;2;166;225;255m██[38;2;16;16;16m██                          
[38;2;83;113;128m██[38;2;33;122;166m██[38;2;16;16;16m██[38;2;166;225;255m██[38;2;166;225;255m██[38;2;166;225;255m██[38;2;16;16;16m██[38;2;33;122;166m██[38;2;33;122;166m██[38;2;48;178;242m██[38;2;48;178;242m██[38;2;202;202;202m██[38;2;133;180;204m██[38;2;166;225;255m██[38;2;166;225;255m██[38;2;166;225;255m██[38;2;166;225;255m██[38;2;166;225;255m██[38;2;16;16;16m██                          
  [38;2;83;113;128m██[38;2;166;225;255m██[38;2;166;225;255m██[38;2;166;225;255m██[38;2;166;225;255m██[38;2;166;225;255m██[38;2;166;225;255m██[38;2;33;122;166m██[38;2;33;122;166m██[38;2;133;180;204m██[38;2;133;180;204m██[38;2;166;225;255m██[38;2;166;225;255m██[38;2;166;225;255m██[38;2;166;225;255m██[38;2;166;225;255m██[38;2;166;225;255m██[38;2;16;16;16m██                          
  [38;2;16;16;16m██[38;2;166;225;255m██[38;2;166;225;255m██[38;2;166;225;255m██[38;2;166;225;255m██[38;2;166;225;255m██[38;2;166;225;255m██[38;2;166;225;255m██[38;2;166;225;255m██[38;2;166;225;255m██[38;2;166;225;255m██[38;2;166;225;255m██[38;2;166;225;255m██[38;2;166;225;255m██[38;2;166;225;255m██[38;2;166;225;255m██[38;2;133;180;204m██[38;2;16;16;16m██                          
    [38;2;83;113;128m██[38;2;166;225;255m██[38;2;166;225;255m██[38;2;166;225;255m██[38;2;166;225;255m██[38;2;83;113;128m██[38;2;166;225;255m██[38;2;166;225;255m██[38;2;166;225;255m██[38;2;166;225;255m██[38;2;166;225;255m██[38;2;166;225;255m██[38;2;83;113;128m██[38;2;166;225;255m██[38;2;166;225;255m██[38;2;16;16;16m██                            
      [38;2;16;16;16m██[38;2;16;16;16m██[38;2;83;113;128m██[38;2;83;113;128m██[38;2;166;225;255m██[38;2;166;225;255m██[38;2;166;225;255m██[38;2;166;225;255m██[38;2;166;225;255m██[38;2;133;180;204m██[38;2;83;113;128m██[38;2;133;180;204m██[38;2;166;225;255m██[38;2;166;225;255m██[38;2;16;16;16m██                            
          [38;2;16;16;16m██[38;2;16;16;16m██[38;2;16;16;16m██[38;2;16;16;16m██[38;2;16;16;16m██[38;2;16;16;16m██[38;2;16;16;16m██[38;2;83;113;128m██[38;2;133;180;204m██[38;2;133;180;204m██[38;2;166;225;255m██[38;2;133;180;204m██[38;2;16;16;16m██                            
                      [38;2;16;16;16m██[38;2;133;180;204m██[38;2;133;180;204m██[38;2;166;225;255m██[38;2;166;225;255m██[38;2;16;16;16m██                              
                      [38;2;16;16;16m██[38;2;166;225;255m██[38;2;166;225;255m██[38;2;166;225;255m██[38;2;166;225;255m██[38;2;16;16;16m██                              
                      [38;2;83;113;128m██[38;2;166;225;255m██[38;2;166;225;255m██[38;2;166;225;255m██[38;2;133;180;204m██[38;2;16;16;16m██                              
                    [38;2;83;113;128m██[38;2;166;225;255m██[38;2;166;225;255m██[38;2;166;225;255m██[38;2;166;225;255m██[38;2;16;16;16m██                                
                    [38;2;83;113;128m██[38;2;166;225;255m██[38;2;166;225;255m██[38;2;166;225;255m██[38;2;166;225;255m██[38;2;16;16;16m██                                
                    [38;2;83;113;128m██[38;2;166;225;255m██[38;2;166;225;255m██[38;2;166;225;255m██[38;2;166;225;255m██[38;2;16;16;16m██                                
                  [38;2;83;113;128m██[38;2;166;225;255m██[38;2;166;225;255m██[38;2;166;225;255m██[38;2;166;225;255m██[38;2;133;180;204m██[38;2;16;16;16m██                                
                  [38;2;83;113;128m██[38;2;166;225;255m██[38;2;166;225;255m██[38;2;166;225;255m██[38;2;166;225;255m██[38;2;16;16;16m██                              [38;2;83;113;128m██[38;2;16;16;16m██
                [38;2;83;113;128m██[38;2;166;225;255m██[38;2;166;225;255m██[38;2;166;225;255m██[38;2;166;225;255m██[38;2;166;225;255m██[38;2;16;16;16m██                            [38;2;83;113;128m██[38;2;133;180;204m██[38;2;16;16;16m██
                [38;2;83;113;128m██[38;2;166;225;255m██[38;2;166;225;255m██[38;2;166;225;255m██[38;2;166;225;255m██[38;2;166;225;255m██[38;2;16;16;16m██[38;2;83;113;128m██[38;2;83;113;128m██[38;2;83;113;128m██[38;2;83;113;128m██[38;2;83;113;128m██[38;2;83;113;128m██              [38;2;83;113;128m██[38;2;133;180;204m██[38;2;133;180;204m██[38;2;16;16;16m██
              [38;2;83;113;128m██[38;2;166;225;255m██[38;2;166;225;255m██[38;2;166;225;255m██[38;2;166;225;255m██[38;2;166;225;255m██[38;2;166;225;255m██[38;2;16;16;16m██[38;2;166;225;255m██[38;2;166;225;255m██[38;2;166;225;255m██[38;2;166;225;255m██[38;2;166;225;255m██[38;2;166;225;255m██[38;2;83;113;128m██[38;2;16;16;16m██[38;2;16;16;16m██    [38;2;16;16;16m██[38;2;83;113;128m██[38;2;133;180;204m██[38;2;133;180;204m██[38;2;133;180;204m██[38;2;16;16;16m██
              [38;2;83;113;128m██[38;2;166;225;255m██[38;2;166;225;255m██[38;2;166;225;255m██[38;2;166;225;255m██[38;2;166;225;255m██[38;2;166;225;255m██[38;2;83;113;128m██[38;2;166;225;255m██[38;2;166;225;255m██[38;2;166;225;255m██[38;2;166;225;255m██[38;2;166;225;255m██[38;2;166;225;255m██[38;2;166;225;255m██[38;2;133;180;204m██[38;2;133;180;204m██[38;2;16;16;16m██[38;2;16;16;16m██[38;2;133;180;204m██[38;2;133;180;204m██[38;2;133;180;204m██[38;2;133;180;204m██[38;2;16;16;16m██  
            [38;2;83;113;128m██[38;2;166;225;255m██[38;2;166;225;255m██[38;2;166;225;255m██[38;2;166;225;255m██[38;2;166;225;255m██[38;2;166;225;255m██[38;2;166;225;255m██[38;2;133;180;204m██[38;2;166;225;255m██[38;2;166;225;255m██[38;2;166;225;255m██[38;2;166;225;255m██[38;2;166;225;255m██[38;2;166;225;255m██[38;2;166;225;255m██[38;2;166;225;255m██[38;2;133;180;204m██[38;2;133;180;204m██[38;2;133;180;204m██[38;2;133;180;204m██[38;2;133;180;204m██[38;2;133;180;204m██[38;2;133;180;204m██[38;2;16;16;16m██  
            [38;2;83;113;128m██[38;2;166;225;255m██[38;2;166;225;255m██[38;2;166;225;255m██[38;2;166;225;255m██[38;2;166;225;255m██[38;2;166;225;255m██[38;2;166;225;255m██[38;2;166;225;255m██[38;2;166;225;255m██[38;2;166;225;255m██[38;2;166;225;255m██[38;2;166;225;255m██[38;2;166;225;255m██[38;2;166;225;255m██[38;2;166;225;255m██[38;2;166;225;255m██[38;2;33;122;166m██[38;2;33;122;166m██[38;2;133;180;204m██[38;2;133;180;204m██[38;2;133;180;204m██[38;2;133;180;204m██[38;2;133;180;204m██[38;2;16;16;16m██  
            [38;2;83;113;128m██[38;2;166;225;255m██[38;2;166;225;255m██[38;2;166;225;255m██[38;2;166;225;255m██[38;2;166;225;255m██[38;2;166;225;255m██[38;2;166;225;255m██[38;2;166;225;255m██[38;2;166;225;255m██[38;2;166;225;255m██[38;2;166;225;255m██[38;2;166;225;255m██[38;2;166;225;255m██[38;2;166;225;255m██[38;2;166;225;255m██[38;2;166;225;255m██[38;2;33;122;166m██[38;2;48;178;242m██[38;2;33;122;166m██[38;2;133;180;204m██[38;2;133;180;204m██[38;2;133;180;204m██[38;2;16;16;16m██    
          [38;2;83;113;128m██[38;2;166;225;255m██[38;2;166;225;255m██[38;2;166;225;255m██[38;2;166;225;255m██[38;2;166;225;255m██[38;2;166;225;255m██[38;2;166;225;255m██[38;2;166;225;255m██[38;2;166;225;255m██[38;2;166;225;255m██[38;2;166;225;255m██[38;2;166;225;255m██[38;2;166;225;255m██[38;2;166;225;255m██[38;2;166;225;255m██[38;2;166;225;255m██[38;2;166;225;255m██[38;2;33;122;166m██[38;2;253;253;253m██[38;2;48;178;242m██[38;2;83;113;128m██[38;2;133;180;204m██[38;2;133;180;204m██[38;2;16;16;16m██    
          [38;2;83;113;128m██[38;2;166;225;255m██[38;2;166;225;255m██[38;2;166;225;255m██[38;2;166;225;255m██[38;2;166;225;255m██[38;2;166;225;255m██[38;2;166;225;255m██[38;2;166;225;255m██[38;2;166;225;255m██[38;2;166;225;255m██[38;2;166;225;255m██[38;2;166;225;255m██[38;2;166;225;255m██[38;2;166;225;255m██[38;2;166;225;255m██[38;2;166;225;255m██[38;2;166;225;255m██[38;2;33;122;166m██[38;2;48;178;242m██[38;2;33;122;166m██[38;2;83;113;128m██[38;2;133;180;204m██[38;2;83;113;128m██[38;2;16;16;16m██    
          [38;2;83;113;128m██[38;2;166;225;255m██[38;2;166;225;255m██[38;2;166;225;255m██[38;2;166;225;255m██[38;2;166;225;255m██[38;2;166;225;255m██[38;2;166;225;255m██[38;2;166;225;255m██[38;2;166;225;255m██[38;2;166;225;255m██[38;2;166;225;255m██[38;2;166;225;255m██[38;2;166;225;255m██[38;2;166;225;255m██[38;2;166;225;255m██[38;2;166;225;255m██[38;2;166;225;255m██[38;2;166;225;255m██[38;2;33;122;166m██[38;2;33;122;166m██[38;2;83;113;128m██[38;2;133;180;204m██[38;2;83;113;128m██[38;2;16;16;16m██    
          [38;2;83;113;128m██[38;2;166;225;255m██[38;2;166;225;255m██[38;2;166;225;255m██[38;2;166;225;255m██[38;2;166;225;255m██[38;2;166;225;255m██[38;2;166;225;255m██[38;2;166;225;255m██[38;2;166;225;255m██[38;2;166;225;255m██[38;2;166;225;255m██[38;2;166;225;255m██[38;2;166;225;255m██[38;2;166;225;255m██[38;2;166;225;255m██[38;2;166;225;255m██[38;2;133;180;204m██[38;2;133;180;204m██[38;2;133;180;204m██[38;2;83;113;128m██[38;2;83;113;128m██[38;2;133;180;204m██[38;2;133;180;204m██[38;2;16;16;16m██    
          [38;2;16;16;16m██[38;2;166;225;255m██[38;2;166;225;255m██[38;2;166;225;255m██[38;2;166;225;255m██[38;2;133;180;204m██[38;2;166;225;255m██[38;2;166;225;255m██[38;2;166;225;255m██[38;2;166;225;255m██[38;2;166;225;255m██[38;2;166;225;255m██[38;2;166;225;255m██[38;2;166;225;255m██[38;2;166;225;255m██[38;2;166;225;255m██[38;2;83;113;128m██[38;2;133;180;204m██[38;2;133;180;204m██[38;2;133;180;204m██[38;2;133;180;204m██[38;2;133;180;204m██[38;2;133;180;204m██[38;2;133;180;204m██[38;2;16;16;16m██    
          [38;2;16;16;16m██[38;2;133;180;204m██[38;2;166;225;255m██[38;2;166;225;255m██[38;2;133;180;204m██[38;2;249;249;249m██[38;2;133;180;204m██[38;2;133;180;204m██[38;2;166;225;255m██[38;2;83;113;128m██[38;2;166;225;255m██[38;2;166;225;255m██[38;2;166;225;255m██[38;2;166;225;255m██[38;2;166;225;255m██[38;2;166;225;255m██[38;2;83;113;128m██[38;2;133;180;204m██[38;2;83;113;128m██[38;2;133;180;204m██[38;2;133;180;204m██[38;2;133;180;204m██[38;2;133;180;204m██[38;2;133;180;204m██[38;2;16;16;16m██    
            [38;2;83;113;128m██[38;2;133;180;204m██[38;2;133;180;204m██[38;2;249;249;249m██[38;2;249;249;249m██[38;2;249;249;249m██[38;2;249;249;249m██[38;2;133;180;204m██[38;2;83;113;128m██[38;2;166;225;255m██[38;2;166;225;255m██[38;2;166;225;255m██[38;2;166;225;255m██[38;2;166;225;255m██[38;2;166;225;255m██[38;2;16;16;16m██[38;2;83;113;128m██[38;2;192;192;192m██[38;2;83;113;128m██[38;2;133;180;204m██[38;2;133;180;204m██[38;2;133;180;204m██[38;2;133;180;204m██[38;2;16;16;16m██    
            [38;2;16;16;16m██[38;2;133;180;204m██[38;2;83;113;128m██[38;2;192;192;192m██[38;2;249;249;249m██[38;2;249;249;249m██[38;2;249;249;249m██[38;2;249;249;249m██[38;2;83;113;128m██[38;2;166;225;255m██[38;2;166;225;255m██[38;2;166;225;255m██[38;2;166;225;255m██[38;2;166;225;255m██[38;2;166;225;255m██[38;2;16;16;16m██[38;2;192;192;192m██[38;2;192;192;192m██[38;2;192;192;192m██[38;2;16;16;16m██[38;2;133;180;204m██[38;2;133;180;204m██[38;2;133;180;204m██[38;2;16;16;16m██    
            [38;2;16;16;16m██[38;2;133;180;204m██[38;2;133;180;204m██[38;2;16;16;16m██[38;2;16;16;16m██[38;2;192;192;192m██[38;2;192;192;192m██[38;2;192;192;192m██[38;2;192;192;192m██[38;2;83;113;128m██[38;2;166;225;255m██[38;2;166;225;255m██[38;2;166;225;255m██[38;2;166;225;255m██[38;2;166;225;255m██[38;2;16;16;16m██[38;2;192;192;192m██[38;2;16;16;16m██[38;2;16;16;16m██[38;2;133;180;204m██[38;2;133;180;204m██[38;2;133;180;204m██[38;2;16;16;16m██      
              [38;2;83;113;128m██[38;2;133;180;204m██[38;2;133;180;204m██[38;2;133;180;204m██[38;2;16;16;16m██[38;2;16;16;16m██[38;2;16;16;16m██[38;2;16;16;16m██[38;2;83;113;128m██[38;2;166;225;255m██[38;2;166;225;255m██[38;2;166;225;255m██[38;2;166;225;255m██[38;2;133;180;204m██[38;2;16;16;16m██[38;2;16;16;16m██[38;2;16;16;16m██[38;2;133;180;204m██[38;2;133;180;204m██[38;2;133;180;204m██[38;2;133;180;204m██[38;2;16;16;16m██      
              [38;2;16;16;16m██[38;2;133;180;204m██[38;2;133;180;204m██[38;2;133;180;204m██[38;2;133;180;204m██[38;2;16;16;16m██    [38;2;83;113;128m██[38;2;166;225;255m██[38;2;166;225;255m██[38;2;166;225;255m██[38;2;166;225;255m██[38;2;16;16;16m██    [38;2;16;16;16m██[38;2;83;113;128m██[38;2;133;180;204m██[38;2;133;180;204m██[38;2;133;180;204m██[38;2;16;16;16m██      
              [38;2;16;16;16m██[38;2;133;180;204m██[38;2;133;180;204m██[38;2;133;180;204m██[38;2;133;180;204m██[38;2;16;16;16m██    [38;2;83;113;128m██[38;2;166;225;255m██[38;2;166;225;255m██[38;2;166;225;255m██[38;2;166;225;255m██[38;2;16;16;16m██  [38;2;16;16;16m██[38;2;83;113;128m██[38;2;202;202;202m██[38;2;83;113;128m██[38;2;133;180;204m██[38;2;16;16;16m██        
            [38;2;16;16;16m██[38;2;133;180;204m██[38;2;133;180;204m██[38;2;133;180;204m██[38;2;133;180;204m██[38;2;16;16;16m██      [38;2;83;113;128m██[38;2;166;225;255m██[38;2;166;225;255m██[38;2;166;225;255m██[38;2;133;180;204m██[38;2;16;16;16m██  [38;2;16;16;16m██[38;2;202;202;202m██[38;2;202;202;202m██[38;2;83;113;128m██[38;2;133;180;204m██[38;2;16;16;16m██        
            [38;2;16;16;16m██[38;2;133;180;204m██[38;2;133;180;204m██[38;2;133;180;204m██[38;2;133;180;204m██[38;2;16;16;16m██    [38;2;83;113;128m██[38;2;166;225;255m██[38;2;166;225;255m██[38;2;166;225;255m██[38;2;166;225;255m██[38;2;16;16;16m██      [38;2;16;16;16m██[38;2;16;16;16m██[38;2;16;16;16m██[38;2;16;16;16m██          
              [38;2;16;16;16m██[38;2;16;16;16m██[38;2;16;16;16m██[38;2;16;16;16m██      [38;2;83;113;128m██[38;2;166;225;255m██[38;2;166;225;255m██[38;2;166;225;255m██[38;2;133;180;204m██[38;2;16;16;16m██                        
                              [38;2;16;16;16m██[38;2;16;16;16m██[38;2;16;16;16m██[38;2;16;16;16m██                          
