                                  [38;2;32;41;131m██[38;2;32;41;131m██[38;2;32;41;131m██[38;2;32;41;131m██[38;2;32;41;131m██[38;2;32;41;131m██[38;2;32;41;131m██                                                                    
                          [38;2;32;41;131m██[38;2;32;41;131m██[38;2;32;41;131m██[38;2;41;65;172m██[38;2;65;115;222m██[38;2;65;115;222m██[38;2;65;115;222m██[38;2;65;115;222m██[38;2;65;115;222m██[38;2;65;115;222m██[38;2;65;115;222m██[38;2;16;16;16m██[38;2;16;16;16m██                                                                
                  [38;2;90;57;65m██[38;2;90;57;65m██[38;2;32;41;131m██[38;2;32;41;131m██[38;2;65;115;222m██[38;2;65;115;222m██[38;2;65;115;222m██[38;2;65;115;222m██[38;2;65;115;222m██[38;2;65;115;222m██[38;2;65;115;222m██[38;2;65;115;222m██[38;2;65;115;222m██[38;2;65;115;222m██[38;2;65;115;222m██[38;2;65;115;222m██[38;2;32;41;131m██[38;2;16;16;16m██                                                              
              [38;2;90;57;65m██[38;2;90;57;65m██[38;2;238;65;65m██[38;2;172;65;65m██[38;2;90;57;65m██[38;2;65;115;222m██[38;2;65;115;222m██[38;2;65;115;222m██[38;2;65;115;222m██[38;2;65;115;222m██[38;2;65;115;222m██[38;2;65;115;222m██[38;2;65;115;222m██[38;2;65;115;222m██[38;2;65;115;222m██[38;2;65;115;222m██[38;2;65;115;222m██[38;2;65;115;222m██[38;2;65;115;222m██[38;2;16;16;16m██                                                              
            [38;2;90;57;65m██[38;2;255;255;255m██[38;2;238;65;65m██[38;2;238;65;65m██[38;2;238;65;65m██[38;2;41;65;172m██[38;2;106;139;246m██[38;2;106;139;246m██[38;2;65;115;222m██[38;2;65;115;222m██[38;2;65;115;222m██[38;2;65;115;222m██[38;2;65;115;222m██[38;2;65;115;222m██[38;2;65;115;222m██[38;2;65;115;222m██[38;2;65;115;222m██[38;2;65;115;222m██[38;2;65;115;222m██[38;2;41;65;172m██[38;2;16;16;16m██                                                              
            [38;2;90;57;65m██[38;2;238;65;65m██[38;2;238;65;65m██[38;2;238;65;65m██[38;2;90;57;65m██[38;2;106;139;246m██[38;2;106;139;246m██[38;2;106;139;246m██[38;2;106;139;246m██[38;2;65;115;222m██[38;2;65;115;222m██[38;2;65;115;222m██[38;2;65;115;222m██[38;2;65;115;222m██[38;2;65;115;222m██[38;2;65;115;222m██[38;2;65;115;222m██[38;2;65;115;222m██[38;2;41;65;172m██[38;2;41;65;172m██[38;2;16;16;16m██                                                              
          [38;2;32;41;131m██[38;2;90;57;65m██[38;2;238;65;65m██[38;2;238;65;65m██[38;2;172;65;65m██[38;2;41;65;172m██[38;2;106;139;246m██[38;2;106;139;246m██[38;2;106;139;246m██[38;2;106;139;246m██[38;2;65;115;222m██[38;2;65;115;222m██[38;2;65;115;222m██[38;2;65;115;222m██[38;2;65;115;222m██[38;2;65;115;222m██[38;2;41;65;172m██[38;2;65;115;222m██[38;2;41;65;172m██[38;2;41;65;172m██[38;2;16;16;16m██                                                                
        [38;2;32;41;131m██[38;2;65;115;222m██[38;2;90;57;65m██[38;2;172;65;65m██[38;2;172;65;65m██[38;2;90;57;65m██[38;2;65;115;222m██[38;2;106;139;246m██[38;2;106;139;246m██[38;2;106;139;246m██[38;2;65;115;222m██[38;2;65;115;222m██[38;2;65;115;222m██[38;2;65;115;222m██[38;2;65;115;222m██[38;2;65;115;222m██[38;2;65;115;222m██[38;2;65;115;222m██[38;2;32;41;131m██[38;2;41;65;172m██[38;2;41;65;172m██[38;2;16;16;16m██                                            [38;2;172;106;49m██[38;2;172;106;49m██                
        [38;2;16;16;16m██[38;2;106;139;246m██[38;2;90;57;65m██[38;2;172;65;65m██[38;2;172;65;65m██[38;2;41;65;172m██[38;2;106;139;246m██[38;2;106;139;246m██[38;2;106;139;246m██[38;2;106;139;246m██[38;2;65;115;222m██[38;2;32;41;131m██[38;2;32;41;131m██[38;2;32;41;131m██[38;2;65;115;222m██[38;2;65;115;222m██[38;2;65;115;222m██[38;2;65;115;222m██[38;2;65;115;222m██[38;2;32;41;131m██[38;2;16;16;16m██                                          [38;2;172;106;49m██[38;2;172;106;49m██[38;2;255;230;156m██[38;2;65;65;65m██                
      [38;2;32;41;131m██[38;2;32;41;131m██[38;2;106;139;246m██[38;2;106;139;246m██[38;2;90;57;65m██[38;2;41;65;172m██[38;2;106;139;246m██[38;2;106;139;246m██[38;2;106;139;246m██[38;2;65;115;222m██[38;2;32;41;131m██[38;2;32;41;131m██[38;2;255;255;255m██[38;2;238;189;98m██[38;2;255;230;156m██[38;2;32;41;131m██[38;2;32;41;131m██[38;2;65;115;222m██[38;2;65;115;222m██[38;2;65;115;222m██[38;2;65;115;222m██[38;2;16;16;16m██                              [38;2;172;106;49m██[38;2;172;106;49m██      [38;2;172;106;49m██[38;2;238;189;98m██[38;2;255;230;156m██[38;2;255;230;156m██[38;2;65;65;65m██                
      [38;2;16;16;16m██[38;2;255;230;156m██[38;2;41;65;172m██[38;2;106;139;246m██[38;2;106;139;246m██[38;2;106;139;246m██[38;2;106;139;246m██[38;2;65;115;222m██[38;2;65;115;222m██[38;2;32;41;131m██[38;2;255;180;32m██[38;2;255;180;32m██[38;2;255;255;255m██[38;2;255;255;255m██[38;2;255;230;156m██[38;2;255;230;156m██[38;2;172;106;49m██[38;2;41;65;172m██[38;2;41;65;172m██[38;2;65;115;222m██[38;2;65;115;222m██[38;2;65;115;222m██[38;2;16;16;16m██                            [38;2;65;65;65m██[38;2;238;189;98m██[38;2;172;106;49m██  [38;2;172;106;49m██[38;2;238;189;98m██[38;2;255;230;156m██[38;2;255;230;156m██[38;2;255;230;156m██[38;2;65;65;65m██        [38;2;172;106;49m██[38;2;172;106;49m██    
      [38;2;16;16;16m██[38;2;255;255;255m██[38;2;255;180;32m██[38;2;65;115;222m██[38;2;65;115;222m██[38;2;65;115;222m██[38;2;65;115;222m██[38;2;65;115;222m██[38;2;32;41;131m██[38;2;255;255;255m██[38;2;16;16;16m██[38;2;255;180;32m██[38;2;255;255;255m██[38;2;255;255;255m██[38;2;255;230;156m██[38;2;255;230;156m██[38;2;255;230;156m██[38;2;172;106;49m██[38;2;238;189;98m██[38;2;41;65;172m██[38;2;65;115;222m██[38;2;65;115;222m██[38;2;65;115;222m██[38;2;16;16;16m██                          [38;2;65;65;65m██[38;2;238;189;98m██[38;2;238;189;98m██[38;2;172;106;49m██[38;2;238;189;98m██[38;2;238;189;98m██[38;2;255;230;156m██[38;2;255;230;156m██[38;2;65;65;65m██      [38;2;172;106;49m██[38;2;172;106;49m██[38;2;255;230;156m██[38;2;172;106;49m██    
    [38;2;32;41;131m██[38;2;16;16;16m██[38;2;255;255;255m██[38;2;16;16;16m██[38;2;65;115;222m██[38;2;65;115;222m██[38;2;65;115;222m██[38;2;65;115;222m██[38;2;65;115;222m██[38;2;41;65;172m██[38;2;255;255;255m██[38;2;172;139;65m██[38;2;255;180;32m██[38;2;255;255;255m██[38;2;255;255;255m██[38;2;255;230;156m██[38;2;255;230;156m██[38;2;255;230;156m██[38;2;172;106;49m██[38;2;255;230;156m██[38;2;238;189;98m██[38;2;41;65;172m██[38;2;65;115;222m██[38;2;65;115;222m██[38;2;41;65;172m██[38;2;16;16;16m██                        [38;2;65;65;65m██[38;2;238;189;98m██[38;2;238;189;98m██[38;2;238;189;98m██[38;2;238;189;98m██[38;2;172;65;65m██[38;2;65;65;65m██[38;2;65;65;65m██[38;2;172;106;49m██[38;2;172;106;49m██[38;2;172;106;49m██[38;2;65;65;65m██[38;2;255;230;156m██[38;2;255;230;156m██[38;2;255;230;156m██[38;2;172;106;49m██    
    [38;2;32;41;131m██[38;2;172;106;49m██[38;2;65;115;222m██[38;2;255;180;32m██[38;2;65;115;222m██[38;2;65;115;222m██[38;2;65;115;222m██[38;2;65;115;222m██[38;2;65;115;222m██[38;2;65;115;222m██[38;2;41;65;172m██[38;2;255;180;32m██[38;2;255;255;255m██[38;2;255;255;255m██[38;2;238;189;98m██[38;2;255;230;156m██[38;2;255;230;156m██[38;2;238;189;98m██[38;2;172;106;49m██[38;2;255;230;156m██[38;2;255;230;156m██[38;2;238;189;98m██[38;2;65;115;222m██[38;2;65;115;222m██[38;2;41;65;172m██[38;2;65;115;222m██[38;2;16;16;16m██                        [38;2;65;65;65m██[38;2;238;189;98m██[38;2;238;189;98m██[38;2;172;65;65m██[38;2;172;65;65m██[38;2;65;65;65m██[38;2;255;230;156m██[38;2;65;65;65m██[38;2;238;189;98m██[38;2;65;65;65m██[38;2;255;230;156m██[38;2;255;230;156m██[38;2;255;230;156m██[38;2;255;230;156m██[38;2;172;106;49m██    
  [38;2;32;41;131m██[38;2;238;189;98m██[38;2;172;106;49m██[38;2;65;115;222m██[38;2;41;65;172m██[38;2;65;115;222m██[38;2;65;115;222m██[38;2;65;115;222m██[38;2;65;115;222m██[38;2;65;115;222m██[38;2;65;115;222m██[38;2;65;115;222m██[38;2;65;115;222m██[38;2;238;189;98m██[38;2;255;230;156m██[38;2;255;230;156m██[38;2;255;230;156m██[38;2;255;230;156m██[38;2;238;189;98m██[38;2;238;189;98m██[38;2;255;230;156m██[38;2;255;230;156m██[38;2;255;230;156m██[38;2;41;65;172m██[38;2;65;115;222m██[38;2;65;115;222m██[38;2;41;65;172m██[38;2;65;115;222m██[38;2;16;16;16m██                      [38;2;65;65;65m██[38;2;238;189;98m██[38;2;238;189;98m██[38;2;172;65;65m██[38;2;238;189;98m██[38;2;65;65;65m██[38;2;255;230;156m██[38;2;255;230;156m██[38;2;65;65;65m██[38;2;255;230;156m██[38;2;255;230;156m██[38;2;255;230;156m██[38;2;255;230;156m██[38;2;65;65;65m██      
  [38;2;32;41;131m██[38;2;238;189;98m██[38;2;238;189;98m██[38;2;32;41;131m██[38;2;65;115;222m██[38;2;65;115;222m██[38;2;65;115;222m██[38;2;41;65;172m██[38;2;41;65;172m██[38;2;65;115;222m██[38;2;65;115;222m██[38;2;65;115;222m██[38;2;65;115;222m██[38;2;65;115;222m██[38;2;255;230;156m██[38;2;255;230;156m██[38;2;255;230;156m██[38;2;238;189;98m██[38;2;238;189;98m██[38;2;65;65;65m██[38;2;65;65;65m██[38;2;238;189;98m██[38;2;255;230;156m██[38;2;255;230;156m██[38;2;41;65;172m██[38;2;41;65;172m██[38;2;32;41;131m██[38;2;41;65;172m██[38;2;16;16;16m██                        [38;2;65;65;65m██[38;2;238;189;98m██[38;2;238;189;98m██[38;2;238;189;98m██[38;2;65;65;65m██[38;2;238;189;98m██[38;2;255;230;156m██[38;2;255;230;156m██[38;2;255;230;156m██[38;2;238;65;65m██[38;2;255;230;156m██[38;2;172;106;49m██[38;2;172;106;49m██[38;2;172;106;49m██[38;2;172;106;49m██[38;2;16;16;16m██
[38;2;32;41;131m██[38;2;238;189;98m██[38;2;238;189;98m██[38;2;41;65;172m██[38;2;41;65;172m██[38;2;16;16;16m██[38;2;238;189;98m██[38;2;65;115;222m██[38;2;65;115;222m██[38;2;65;115;222m██[38;2;65;115;222m██[38;2;65;115;222m██[38;2;65;115;222m██[38;2;65;115;222m██[38;2;255;230;156m██[38;2;255;230;156m██[38;2;238;189;98m██[38;2;238;189;98m██[38;2;238;189;98m██[38;2;16;16;16m██    [38;2;16;16;16m██[38;2;16;16;16m██[38;2;238;189;98m██[38;2;41;65;172m██[38;2;41;65;172m██[38;2;32;41;131m██[38;2;41;65;172m██[38;2;16;16;16m██                      [38;2;65;65;65m██[38;2;238;189;98m██[38;2;238;189;98m██[38;2;238;189;98m██[38;2;172;106;49m██[38;2;172;106;49m██[38;2;65;65;65m██[38;2;255;230;156m██[38;2;255;230;156m██[38;2;238;65;65m██[38;2;238;65;65m██[38;2;255;230;156m██[38;2;255;230;156m██[38;2;255;230;156m██[38;2;255;230;156m██[38;2;255;230;156m██[38;2;16;16;16m██
[38;2;172;106;49m██[38;2;238;189;98m██[38;2;41;65;172m██[38;2;41;65;172m██[38;2;32;41;131m██[38;2;32;41;131m██[38;2;16;16;16m██[38;2;41;65;172m██[38;2;238;189;98m██[38;2;65;115;222m██[38;2;65;115;222m██[38;2;65;115;222m██[38;2;255;230;156m██[38;2;255;230;156m██[38;2;238;189;98m██[38;2;238;189;98m██[38;2;238;189;98m██[38;2;172;106;49m██[38;2;16;16;16m██          [38;2;16;16;16m██[38;2;16;16;16m██[38;2;16;16;16m██[38;2;16;16;16m██[38;2;16;16;16m██                        [38;2;65;65;65m██[38;2;65;65;65m██[38;2;238;189;98m██[38;2;238;189;98m██[38;2;238;189;98m██[38;2;172;106;49m██[38;2;65;65;65m██[38;2;238;189;98m██[38;2;255;230;156m██[38;2;238;65;65m██[38;2;255;230;156m██[38;2;255;230;156m██[38;2;255;230;156m██[38;2;255;230;156m██[38;2;255;230;156m██[38;2;16;16;16m██  
  [38;2;16;16;16m██[38;2;32;41;131m██[38;2;32;41;131m██[38;2;16;16;16m██[38;2;16;16;16m██    [38;2;16;16;16m██[38;2;16;16;16m██[38;2;172;106;49m██[38;2;238;189;98m██[38;2;238;189;98m██[38;2;238;189;98m██[38;2;238;189;98m██[38;2;172;106;49m██[38;2;172;106;49m██[38;2;65;65;65m██[38;2;65;65;65m██[38;2;16;16;16m██[38;2;16;16;16m██                                      [38;2;65;65;65m██[38;2;238;189;98m██[38;2;238;189;98m██[38;2;238;189;98m██[38;2;65;65;65m██[38;2;65;65;65m██    [38;2;65;65;65m██[38;2;238;189;98m██[38;2;255;230;156m██[38;2;255;230;156m██[38;2;255;230;156m██[38;2;238;189;98m██[38;2;16;16;16m██[38;2;16;16;16m██    
    [38;2;16;16;16m██[38;2;16;16;16m██              [38;2;16;16;16m██[38;2;16;16;16m██[38;2;16;16;16m██[38;2;238;189;98m██[38;2;238;189;98m██[38;2;238;189;98m██[38;2;238;189;98m██[38;2;238;189;98m██[38;2;238;189;98m██[38;2;172;106;49m██[38;2;65;65;65m██[38;2;65;65;65m██[38;2;65;65;65m██[38;2;65;65;65m██[38;2;65;65;65m██[38;2;16;16;16m██[38;2;16;16;16m██                          [38;2;65;65;65m██[38;2;238;189;98m██[38;2;172;106;49m██[38;2;238;189;98m██[38;2;65;65;65m██  [38;2;172;106;49m██[38;2;238;189;98m██[38;2;238;189;98m██[38;2;238;189;98m██[38;2;172;106;49m██[38;2;16;16;16m██[38;2;16;16;16m██        
                  [38;2;65;65;65m██[38;2;65;65;65m██[38;2;172;106;49m██[38;2;238;189;98m██[38;2;238;189;98m██[38;2;172;106;49m██[38;2;238;189;98m██[38;2;238;189;98m██[38;2;172;106;49m██[38;2;238;189;98m██[38;2;255;230;156m██[38;2;255;230;156m██[38;2;255;230;156m██[38;2;255;230;156m██[38;2;255;230;156m██[38;2;255;230;156m██[38;2;255;230;156m██[38;2;255;230;156m██[38;2;255;230;156m██[38;2;65;65;65m██[38;2;65;65;65m██                    [38;2;172;106;49m██[38;2;172;106;49m██[38;2;238;189;98m██[38;2;16;16;16m██[38;2;16;16;16m██    [38;2;65;65;65m██[38;2;172;106;49m██[38;2;238;189;98m██[38;2;238;189;98m██[38;2;238;189;98m██[38;2;16;16;16m██          
              [38;2;65;65;65m██[38;2;65;65;65m██[38;2;238;189;98m██[38;2;238;189;98m██[38;2;238;189;98m██[38;2;238;189;98m██[38;2;65;65;65m██[38;2;65;65;65m██[38;2;255;230;156m██[38;2;255;230;156m██[38;2;255;230;156m██[38;2;65;65;65m██[38;2;65;65;65m██[38;2;172;106;49m██[38;2;238;189;98m██[38;2;255;230;156m██[38;2;255;230;156m██[38;2;255;230;156m██[38;2;255;230;156m██[38;2;255;230;156m██[38;2;172;106;49m██[38;2;255;230;156m██[38;2;255;230;156m██[38;2;16;16;16m██                [38;2;172;106;49m██[38;2;238;189;98m██[38;2;238;189;98m██[38;2;16;16;16m██      [38;2;65;65;65m██[38;2;238;189;98m██[38;2;238;189;98m██[38;2;238;189;98m██[38;2;65;65;65m██[38;2;16;16;16m██            
        [38;2;65;65;65m██[38;2;65;65;65m██[38;2;238;189;98m██[38;2;255;230;156m██[38;2;255;230;156m██[38;2;255;230;156m██[38;2;238;189;98m██[38;2;172;106;49m██[38;2;65;65;65m██  [38;2;65;65;65m██[38;2;172;106;49m██[38;2;255;230;156m██[38;2;255;230;156m██[38;2;255;230;156m██[38;2;255;230;156m██[38;2;255;230;156m██[38;2;65;65;65m██[38;2;16;16;16m██[38;2;16;16;16m██[38;2;16;16;16m██[38;2;172;106;49m██[38;2;255;230;156m██[38;2;255;230;156m██[38;2;16;16;16m██[38;2;16;16;16m██              [38;2;172;106;49m██[38;2;172;106;49m██[38;2;238;189;98m██[38;2;65;65;65m██[38;2;16;16;16m██          [38;2;65;65;65m██[38;2;238;189;98m██[38;2;172;106;49m██[38;2;238;189;98m██[38;2;16;16;16m██            
      [38;2;65;65;65m██[38;2;255;230;156m██[38;2;255;230;156m██[38;2;255;230;156m██[38;2;255;230;156m██[38;2;255;230;156m██[38;2;172;106;49m██[38;2;16;16;16m██[38;2;16;16;16m██      [38;2;16;16;16m██[38;2;255;230;156m██[38;2;255;230;156m██[38;2;255;230;156m██[38;2;255;230;156m██[38;2;255;230;156m██[38;2;255;230;156m██[38;2;16;16;16m██      [38;2;16;16;16m██[38;2;16;16;16m██              [38;2;172;106;49m██[38;2;172;106;49m██[38;2;238;189;98m██[38;2;238;189;98m██[38;2;16;16;16m██            [38;2;65;65;65m██[38;2;238;189;98m██[38;2;16;16;16m██[38;2;16;16;16m██[38;2;16;16;16m██              
        [38;2;16;16;16m██[38;2;172;106;49m██[38;2;255;230;156m██[38;2;65;65;65m██[38;2;16;16;16m██[38;2;16;16;16m██          [38;2;16;16;16m██[38;2;255;230;156m██[38;2;255;230;156m██[38;2;255;230;156m██[38;2;255;230;156m██[38;2;255;230;156m██[38;2;255;230;156m██[38;2;238;189;98m██[38;2;16;16;16m██                [38;2;172;106;49m██[38;2;172;106;49m██[38;2;172;106;49m██[38;2;238;189;98m██[38;2;238;189;98m██[38;2;65;65;65m██[38;2;65;65;65m██          [38;2;172;106;49m██[38;2;65;65;65m██[38;2;238;189;98m██[38;2;65;65;65m██                    
          [38;2;16;16;16m██[38;2;16;16;16m██                [38;2;16;16;16m██[38;2;172;106;49m██[38;2;255;230;156m██[38;2;255;230;156m██[38;2;255;230;156m██[38;2;255;230;156m██[38;2;238;189;98m██[38;2;238;189;98m██[38;2;172;106;49m██[38;2;16;16;16m██[38;2;65;65;65m██[38;2;65;65;65m██[38;2;65;65;65m██[38;2;65;65;65m██[38;2;172;106;49m██[38;2;172;106;49m██[38;2;172;106;49m██[38;2;238;189;98m██[38;2;238;189;98m██[38;2;238;189;98m██[38;2;65;65;65m██[38;2;65;65;65m██          [38;2;65;65;65m██[38;2;65;65;65m██[38;2;238;189;98m██[38;2;238;189;98m██[38;2;16;16;16m██                      
                                [38;2;16;16;16m██[38;2;238;189;98m██[38;2;238;189;98m██[38;2;238;189;98m██[38;2;238;189;98m██[38;2;238;189;98m██[38;2;238;189;98m██[38;2;238;189;98m██[38;2;65;65;65m██[38;2;238;189;98m██[38;2;238;189;98m██[38;2;238;189;98m██[38;2;238;189;98m██[38;2;16;16;16m██[38;2;16;16;16m██[38;2;16;16;16m██[38;2;16;16;16m██[38;2;65;65;65m██[38;2;65;65;65m██        [38;2;65;65;65m██[38;2;65;65;65m██[38;2;65;65;65m██[38;2;255;230;156m██[38;2;255;230;156m██[38;2;16;16;16m██[38;2;16;16;16m██                        
                                [38;2;65;65;65m██[38;2;16;16;16m██[38;2;172;106;49m██[38;2;238;189;98m██[38;2;238;189;98m██[38;2;172;106;49m██[38;2;238;189;98m██[38;2;238;189;98m██[38;2;172;106;49m██[38;2;172;106;49m██[38;2;16;16;16m██[38;2;16;16;16m██[38;2;238;189;98m██[38;2;238;189;98m██[38;2;238;189;98m██[38;2;238;189;98m██[38;2;238;189;98m██[38;2;16;16;16m██[38;2;16;16;16m██[38;2;16;16;16m██[38;2;16;16;16m██[38;2;16;16;16m██[38;2;65;65;65m██[38;2;255;230;156m██[38;2;255;230;156m██[38;2;255;230;156m██[38;2;16;16;16m██[38;2;16;16;16m██                            
                                [38;2;65;65;65m██[38;2;238;189;98m██[38;2;172;106;49m██[38;2;65;65;65m██[38;2;16;16;16m██[38;2;16;16;16m██[38;2;238;189;98m██[38;2;238;189;98m██[38;2;238;189;98m██[38;2;65;65;65m██    [38;2;16;16;16m██[38;2;16;16;16m██[38;2;16;16;16m██[38;2;16;16;16m██[38;2;238;189;98m██[38;2;238;189;98m██[38;2;238;189;98m██[38;2;255;230;156m██[38;2;255;230;156m██[38;2;255;230;156m██[38;2;255;230;156m██[38;2;65;65;65m██[38;2;16;16;16m██[38;2;16;16;16m██                                
                                  [38;2;65;65;65m██[38;2;238;189;98m██[38;2;16;16;16m██    [38;2;16;16;16m██[38;2;16;16;16m██[38;2;238;189;98m██[38;2;65;65;65m██            [38;2;16;16;16m██[38;2;16;16;16m██[38;2;16;16;16m██[38;2;16;16;16m██[38;2;16;16;16m██[38;2;16;16;16m██[38;2;16;16;16m██                                      
                                    [38;2;16;16;16m██        [38;2;16;16;16m██[38;2;16;16;16m██[38;2;16;16;16m██                                                                
