                                                                                                                                    [38;2;49;89;49m██[38;2;49;89;49m██[38;2;49;89;49m██[38;2;16;16;16m██                                
                                                                                                                                [38;2;49;89;49m██[38;2;49;89;49m██[38;2;119;217;119m██[38;2;119;217;119m██[38;2;49;89;49m██[38;2;16;16;16m██                                
                        [38;2;49;89;49m██[38;2;49;89;49m██[38;2;49;89;49m██[38;2;49;89;49m██                                                                                              [38;2;49;89;49m██[38;2;91;166;91m██[38;2;119;217;119m██[38;2;119;217;119m██[38;2;49;89;49m██[38;2;91;166;91m██[38;2;16;16;16m██                                
                      [38;2;16;16;16m██[38;2;49;89;49m██[38;2;119;217;119m██[38;2;119;217;119m██[38;2;119;217;119m██[38;2;49;89;49m██[38;2;49;89;49m██                                                                                      [38;2;49;89;49m██[38;2;49;89;49m██[38;2;49;89;49m██[38;2;119;217;119m██[38;2;119;217;119m██[38;2;49;89;49m██[38;2;91;166;91m██[38;2;16;16;16m██                                  
                      [38;2;16;16;16m██[38;2;91;166;91m██[38;2;49;89;49m██[38;2;119;217;119m██[38;2;119;217;119m██[38;2;119;217;119m██[38;2;49;89;49m██[38;2;49;89;49m██[38;2;49;89;49m██[38;2;49;89;49m██                                                                              [38;2;49;89;49m██[38;2;91;166;91m██[38;2;119;217;119m██[38;2;49;89;49m██[38;2;119;217;119m██[38;2;119;217;119m██[38;2;49;89;49m██[38;2;91;166;91m██[38;2;16;16;16m██[38;2;49;89;49m██[38;2;16;16;16m██                              
                        [38;2;16;16;16m██[38;2;91;166;91m██[38;2;49;89;49m██[38;2;119;217;119m██[38;2;119;217;119m██[38;2;49;89;49m██[38;2;119;217;119m██[38;2;119;217;119m██[38;2;119;217;119m██[38;2;49;89;49m██[38;2;49;89;49m██                                                                        [38;2;49;89;49m██[38;2;119;217;119m██[38;2;119;217;119m██[38;2;49;89;49m██[38;2;119;217;119m██[38;2;119;217;119m██[38;2;49;89;49m██[38;2;91;166;91m██[38;2;91;166;91m██[38;2;49;89;49m██[38;2;91;166;91m██[38;2;16;16;16m██                              
                      [38;2;16;16;16m██[38;2;91;166;91m██[38;2;49;89;49m██[38;2;91;166;91m██[38;2;49;89;49m██[38;2;119;217;119m██[38;2;119;217;119m██[38;2;49;89;49m██[38;2;119;217;119m██[38;2;119;217;119m██[38;2;119;217;119m██[38;2;91;166;91m██[38;2;49;89;49m██                                                                    [38;2;49;89;49m██[38;2;119;217;119m██[38;2;119;217;119m██[38;2;49;89;49m██[38;2;119;217;119m██[38;2;119;217;119m██[38;2;119;217;119m██[38;2;49;89;49m██[38;2;91;166;91m██[38;2;49;89;49m██[38;2;91;166;91m██[38;2;91;166;91m██[38;2;16;16;16m██                              
                        [38;2;16;16;16m██[38;2;91;166;91m██[38;2;49;89;49m██[38;2;91;166;91m██[38;2;49;89;49m██[38;2;119;217;119m██[38;2;119;217;119m██[38;2;49;89;49m██[38;2;119;217;119m██[38;2;119;217;119m██[38;2;119;217;119m██[38;2;91;166;91m██[38;2;49;89;49m██                                                                  [38;2;49;89;49m██[38;2;119;217;119m██[38;2;119;217;119m██[38;2;49;89;49m██[38;2;119;217;119m██[38;2;119;217;119m██[38;2;49;89;49m██[38;2;91;166;91m██[38;2;91;166;91m██[38;2;49;89;49m██[38;2;91;166;91m██[38;2;16;16;16m██                                
                          [38;2;16;16;16m██[38;2;49;89;49m██[38;2;91;166;91m██[38;2;91;166;91m██[38;2;49;89;49m██[38;2;119;217;119m██[38;2;119;217;119m██[38;2;49;89;49m██[38;2;119;217;119m██[38;2;119;217;119m██[38;2;91;166;91m██[38;2;49;89;49m██                                                                [38;2;49;89;49m██[38;2;119;217;119m██[38;2;119;217;119m██[38;2;49;89;49m██[38;2;119;217;119m██[38;2;119;217;119m██[38;2;119;217;119m██[38;2;49;89;49m██[38;2;91;166;91m██[38;2;49;89;49m██[38;2;91;166;91m██[38;2;91;166;91m██[38;2;16;16;16m██                                
                            [38;2;16;16;16m██[38;2;49;89;49m██[38;2;91;166;91m██[38;2;49;89;49m██[38;2;119;217;119m██[38;2;119;217;119m██[38;2;91;166;91m██[38;2;91;166;91m██[38;2;119;217;119m██[38;2;91;166;91m██[38;2;91;166;91m██[38;2;49;89;49m██                                                              [38;2;49;89;49m██[38;2;119;217;119m██[38;2;119;217;119m██[38;2;49;89;49m██[38;2;119;217;119m██[38;2;119;217;119m██[38;2;119;217;119m██[38;2;49;89;49m██[38;2;91;166;91m██[38;2;49;89;49m██[38;2;91;166;91m██[38;2;91;166;91m██[38;2;16;16;16m██                                
                            [38;2;16;16;16m██[38;2;49;89;49m██[38;2;91;166;91m██[38;2;91;166;91m██[38;2;49;89;49m██[38;2;119;217;119m██[38;2;119;217;119m██[38;2;49;89;49m██[38;2;119;217;119m██[38;2;91;166;91m██[38;2;67;92;55m██[38;2;49;89;49m██[38;2;35;54;27m██                                                          [38;2;35;54;27m██[38;2;98;131;82m██[38;2;67;92;55m██[38;2;119;217;119m██[38;2;35;54;27m██[38;2;35;54;27m██[38;2;119;217;119m██[38;2;119;217;119m██[38;2;49;89;49m██[38;2;91;166;91m██[38;2;49;89;49m██[38;2;91;166;91m██[38;2;91;166;91m██[38;2;16;16;16m██                                
                              [38;2;16;16;16m██[38;2;49;89;49m██[38;2;91;166;91m██[38;2;49;89;49m██[38;2;119;217;119m██[38;2;67;92;55m██[38;2;67;92;55m██[38;2;91;166;91m██[38;2;67;92;55m██[38;2;98;131;82m██[38;2;67;92;55m██[38;2;98;131;82m██[38;2;35;54;27m██                    [38;2;35;54;27m██[38;2;35;54;27m██    [38;2;35;54;27m██[38;2;35;54;27m██[38;2;35;54;27m██                      [38;2;35;54;27m██[38;2;98;131;82m██[38;2;98;131;82m██[38;2;35;54;27m██[38;2;67;92;55m██[38;2;67;92;55m██[38;2;35;54;27m██[38;2;119;217;119m██[38;2;49;89;49m██[38;2;35;54;27m██[38;2;35;54;27m██[38;2;91;166;91m██[38;2;35;54;27m██[38;2;16;16;16m██                                
                              [38;2;16;16;16m██[38;2;49;89;49m██[38;2;35;54;27m██[38;2;49;89;49m██[38;2;35;54;27m██[38;2;98;131;82m██[38;2;98;131;82m██[38;2;67;92;55m██[38;2;98;131;82m██[38;2;98;131;82m██[38;2;98;131;82m██[38;2;98;131;82m██[38;2;35;54;27m██                  [38;2;35;54;27m██[38;2;98;131;82m██[38;2;98;131;82m██[38;2;35;54;27m██[38;2;35;54;27m██[38;2;98;131;82m██[38;2;98;131;82m██[38;2;67;92;55m██[38;2;35;54;27m██[38;2;35;54;27m██                [38;2;35;54;27m██[38;2;98;131;82m██[38;2;98;131;82m██[38;2;98;131;82m██[38;2;98;131;82m██[38;2;67;92;55m██[38;2;67;92;55m██[38;2;67;92;55m██[38;2;35;54;27m██[38;2;35;54;27m██[38;2;67;92;55m██[38;2;67;92;55m██[38;2;35;54;27m██[38;2;67;92;55m██[38;2;16;16;16m██                                
                                [38;2;35;54;27m██[38;2;98;131;82m██[38;2;35;54;27m██[38;2;98;131;82m██[38;2;98;131;82m██[38;2;98;131;82m██[38;2;98;131;82m██[38;2;98;131;82m██[38;2;98;131;82m██[38;2;98;131;82m██[38;2;98;131;82m██[38;2;98;131;82m██[38;2;35;54;27m██          [38;2;35;54;27m██[38;2;35;54;27m██[38;2;35;54;27m██[38;2;98;131;82m██[38;2;98;131;82m██[38;2;98;131;82m██[38;2;35;54;27m██[38;2;98;131;82m██[38;2;98;131;82m██[38;2;98;131;82m██[38;2;35;54;27m██[38;2;98;131;82m██[38;2;98;131;82m██[38;2;16;16;16m██              [38;2;35;54;27m██[38;2;98;131;82m██[38;2;98;131;82m██[38;2;98;131;82m██[38;2;98;131;82m██[38;2;35;54;27m██[38;2;67;92;55m██[38;2;67;92;55m██[38;2;67;92;55m██[38;2;67;92;55m██[38;2;67;92;55m██[38;2;67;92;55m██[38;2;67;92;55m██[38;2;67;92;55m██[38;2;16;16;16m██                                
                                [38;2;35;54;27m██[38;2;98;131;82m██[38;2;98;131;82m██[38;2;98;131;82m██[38;2;98;131;82m██[38;2;67;92;55m██[38;2;98;131;82m██[38;2;98;131;82m██[38;2;98;131;82m██[38;2;98;131;82m██[38;2;98;131;82m██[38;2;98;131;82m██[38;2;35;54;27m██        [38;2;35;54;27m██[38;2;98;131;82m██[38;2;98;131;82m██[38;2;35;54;27m██[38;2;98;131;82m██[38;2;98;131;82m██[38;2;67;92;55m██[38;2;67;92;55m██[38;2;98;131;82m██[38;2;98;131;82m██[38;2;67;92;55m██[38;2;67;92;55m██[38;2;98;131;82m██[38;2;98;131;82m██[38;2;16;16;16m██              [38;2;35;54;27m██[38;2;98;131;82m██[38;2;98;131;82m██[38;2;98;131;82m██[38;2;98;131;82m██[38;2;35;54;27m██[38;2;35;54;27m██[38;2;67;92;55m██[38;2;67;92;55m██[38;2;67;92;55m██[38;2;67;92;55m██[38;2;35;54;27m██[38;2;67;92;55m██[38;2;67;92;55m██[38;2;16;16;16m██                                
                                [38;2;35;54;27m██[38;2;35;54;27m██[38;2;98;131;82m██[38;2;98;131;82m██[38;2;67;92;55m██[38;2;67;92;55m██[38;2;98;131;82m██[38;2;98;131;82m██[38;2;98;131;82m██[38;2;98;131;82m██[38;2;98;131;82m██[38;2;98;131;82m██[38;2;35;54;27m██      [38;2;35;54;27m██[38;2;98;131;82m██[38;2;98;131;82m██[38;2;67;92;55m██[38;2;67;92;55m██[38;2;98;131;82m██[38;2;98;131;82m██[38;2;35;54;27m██[38;2;98;131;82m██[38;2;98;131;82m██[38;2;98;131;82m██[38;2;35;54;27m██[38;2;98;131;82m██[38;2;98;131;82m██[38;2;98;131;82m██[38;2;98;131;82m██[38;2;16;16;16m██            [38;2;35;54;27m██[38;2;98;131;82m██[38;2;98;131;82m██[38;2;98;131;82m██[38;2;98;131;82m██[38;2;35;54;27m██[38;2;194;200;214m██[38;2;16;16;16m██[38;2;35;54;27m██[38;2;35;54;27m██[38;2;35;54;27m██[38;2;67;92;55m██[38;2;67;92;55m██[38;2;67;92;55m██[38;2;16;16;16m██                                
                                [38;2;35;54;27m██[38;2;67;92;55m██[38;2;35;54;27m██[38;2;16;16;16m██[38;2;194;200;214m██[38;2;67;92;55m██[38;2;98;131;82m██[38;2;98;131;82m██[38;2;98;131;82m██[38;2;98;131;82m██[38;2;98;131;82m██[38;2;98;131;82m██[38;2;35;54;27m██      [38;2;35;54;27m██[38;2;255;133;157m██[38;2;255;133;157m██[38;2;35;54;27m██[38;2;255;133;157m██[38;2;255;133;157m██[38;2;98;131;82m██[38;2;35;54;27m██[38;2;255;133;157m██[38;2;255;133;157m██[38;2;98;131;82m██[38;2;35;54;27m██[38;2;255;133;157m██[38;2;255;133;157m██[38;2;98;131;82m██[38;2;67;92;55m██[38;2;16;16;16m██              [38;2;35;54;27m██[38;2;98;131;82m██[38;2;98;131;82m██[38;2;98;131;82m██[38;2;35;54;27m██[38;2;248;248;248m██[38;2;16;16;16m██[38;2;16;16;16m██[38;2;194;200;214m██[38;2;35;54;27m██[38;2;67;92;55m██[38;2;67;92;55m██[38;2;67;92;55m██[38;2;16;16;16m██                                
                                  [38;2;35;54;27m██[38;2;16;16;16m██[38;2;16;16;16m██[38;2;248;248;248m██[38;2;67;92;55m██[38;2;98;131;82m██[38;2;98;131;82m██[38;2;98;131;82m██[38;2;98;131;82m██[38;2;98;131;82m██[38;2;98;131;82m██[38;2;35;54;27m██    [38;2;49;89;49m██[38;2;119;217;119m██[38;2;119;217;119m██[38;2;91;166;91m██[38;2;49;89;49m██[38;2;119;217;119m██[38;2;119;217;119m██[38;2;49;89;49m██[38;2;91;166;91m██[38;2;119;217;119m██[38;2;119;217;119m██[38;2;35;54;27m██[38;2;91;166;91m██[38;2;119;217;119m██[38;2;119;217;119m██[38;2;255;133;157m██[38;2;35;54;27m██[38;2;67;92;55m██[38;2;16;16;16m██            [38;2;35;54;27m██[38;2;98;131;82m██[38;2;98;131;82m██[38;2;98;131;82m██[38;2;35;54;27m██[38;2;199;92;112m██[38;2;248;248;248m██[38;2;248;248;248m██[38;2;35;54;27m██[38;2;67;92;55m██[38;2;67;92;55m██[38;2;67;92;55m██[38;2;16;16;16m██                                  
                                  [38;2;16;16;16m██[38;2;67;92;55m██[38;2;248;248;248m██[38;2;255;133;157m██[38;2;255;133;157m██[38;2;67;92;55m██[38;2;98;131;82m██[38;2;98;131;82m██[38;2;98;131;82m██[38;2;98;131;82m██[38;2;67;92;55m██[38;2;35;54;27m██    [38;2;49;89;49m██[38;2;119;217;119m██[38;2;119;217;119m██[38;2;49;89;49m██[38;2;119;217;119m██[38;2;119;217;119m██[38;2;91;166;91m██[38;2;49;89;49m██[38;2;119;217;119m██[38;2;119;217;119m██[38;2;91;166;91m██[38;2;49;89;49m██[38;2;119;217;119m██[38;2;119;217;119m██[38;2;91;166;91m██[38;2;16;16;16m██[38;2;67;92;55m██[38;2;67;92;55m██[38;2;16;16;16m██            [38;2;16;16;16m██[38;2;98;131;82m██[38;2;98;131;82m██[38;2;67;92;55m██[38;2;35;54;27m██[38;2;35;54;27m██[38;2;199;92;112m██[38;2;199;92;112m██[38;2;35;54;27m██[38;2;67;92;55m██[38;2;67;92;55m██[38;2;67;92;55m██[38;2;16;16;16m██                                  
                                    [38;2;16;16;16m██[38;2;199;92;112m██[38;2;67;92;55m██[38;2;98;131;82m██[38;2;98;131;82m██[38;2;98;131;82m██[38;2;98;131;82m██[38;2;67;92;55m██[38;2;67;92;55m██[38;2;35;54;27m██      [38;2;49;89;49m██[38;2;119;217;119m██[38;2;16;16;16m██[38;2;49;89;49m██[38;2;119;217;119m██[38;2;119;217;119m██[38;2;16;16;16m██[38;2;49;89;49m██[38;2;119;217;119m██[38;2;119;217;119m██[38;2;16;16;16m██[38;2;49;89;49m██[38;2;119;217;119m██[38;2;119;217;119m██[38;2;16;16;16m██[38;2;67;92;55m██[38;2;67;92;55m██[38;2;67;92;55m██[38;2;67;92;55m██[38;2;16;16;16m██            [38;2;35;54;27m██[38;2;98;131;82m██[38;2;35;54;27m██[38;2;67;92;55m██[38;2;67;92;55m██[38;2;67;92;55m██[38;2;67;92;55m██[38;2;35;54;27m██[38;2;35;54;27m██[38;2;67;92;55m██[38;2;16;16;16m██                                    
                                      [38;2;16;16;16m██[38;2;67;92;55m██[38;2;67;92;55m██[38;2;67;92;55m██[38;2;67;92;55m██[38;2;67;92;55m██[38;2;67;92;55m██[38;2;67;92;55m██[38;2;16;16;16m██      [38;2;16;16;16m██[38;2;16;16;16m██  [38;2;49;89;49m██[38;2;119;217;119m██[38;2;16;16;16m██[38;2;67;92;55m██[38;2;49;89;49m██[38;2;119;217;119m██[38;2;16;16;16m██[38;2;67;92;55m██[38;2;49;89;49m██[38;2;119;217;119m██[38;2;16;16;16m██[38;2;35;54;27m██[38;2;67;92;55m██[38;2;67;92;55m██[38;2;67;92;55m██[38;2;67;92;55m██[38;2;16;16;16m██            [38;2;16;16;16m██[38;2;67;92;55m██[38;2;67;92;55m██[38;2;67;92;55m██[38;2;67;92;55m██[38;2;67;92;55m██[38;2;67;92;55m██[38;2;67;92;55m██[38;2;67;92;55m██[38;2;16;16;16m██                                      
                                        [38;2;16;16;16m██[38;2;16;16;16m██[38;2;67;92;55m██[38;2;67;92;55m██[38;2;67;92;55m██[38;2;67;92;55m██[38;2;199;92;112m██[38;2;16;16;16m██            [38;2;16;16;16m██[38;2;16;16;16m██[38;2;35;54;27m██[38;2;67;92;55m██[38;2;16;16;16m██[38;2;16;16;16m██[38;2;67;92;55m██[38;2;35;54;27m██[38;2;16;16;16m██[38;2;16;16;16m██[38;2;67;92;55m██[38;2;35;54;27m██[38;2;67;92;55m██[38;2;67;92;55m██[38;2;67;92;55m██[38;2;35;54;27m██[38;2;67;92;55m██[38;2;16;16;16m██            [38;2;16;16;16m██[38;2;199;92;112m██[38;2;67;92;55m██[38;2;67;92;55m██[38;2;67;92;55m██[38;2;67;92;55m██[38;2;67;92;55m██[38;2;16;16;16m██                                        
                                            [38;2;16;16;16m██[38;2;199;92;112m██[38;2;199;92;112m██[38;2;199;92;112m██[38;2;199;92;112m██[38;2;16;16;16m██              [38;2;35;54;27m██[38;2;67;92;55m██[38;2;35;54;27m██[38;2;35;54;27m██[38;2;67;92;55m██[38;2;67;92;55m██[38;2;35;54;27m██[38;2;67;92;55m██[38;2;67;92;55m██[38;2;67;92;55m██[38;2;35;54;27m██[38;2;35;54;27m██[38;2;35;54;27m██[38;2;67;92;55m██[38;2;67;92;55m██[38;2;67;92;55m██[38;2;16;16;16m██            [38;2;35;54;27m██[38;2;255;133;157m██[38;2;199;92;112m██[38;2;199;92;112m██[38;2;199;92;112m██[38;2;199;92;112m██[38;2;16;16;16m██                                          
                                              [38;2;16;16;16m██[38;2;199;92;112m██[38;2;199;92;112m██[38;2;67;92;55m██[38;2;67;92;55m██[38;2;16;16;16m██    [38;2;16;16;16m██[38;2;49;89;49m██    [38;2;35;54;27m██[38;2;67;92;55m██[38;2;35;54;27m██[38;2;248;248;248m██[38;2;16;16;16m██[38;2;67;92;55m██[38;2;35;54;27m██[38;2;67;92;55m██[38;2;35;54;27m██[38;2;16;16;16m██[38;2;248;248;248m██[38;2;35;54;27m██[38;2;98;131;82m██[38;2;98;131;82m██[38;2;98;131;82m██[38;2;67;92;55m██[38;2;16;16;16m██[38;2;59;70;94m██[38;2;59;70;94m██        [38;2;35;54;27m██[38;2;98;131;82m██[38;2;255;133;157m██[38;2;199;92;112m██[38;2;199;92;112m██[38;2;16;16;16m██                                            
                                              [38;2;16;16;16m██[38;2;67;92;55m██[38;2;67;92;55m██[38;2;67;92;55m██[38;2;67;92;55m██[38;2;16;16;16m██    [38;2;16;16;16m██[38;2;119;217;119m██[38;2;49;89;49m██[38;2;49;89;49m██[38;2;35;54;27m██[38;2;98;131;82m██[38;2;67;92;55m██[38;2;199;92;112m██[38;2;91;166;91m██[38;2;143;55;73m██[38;2;255;133;157m██[38;2;143;55;73m██[38;2;248;248;248m██[38;2;91;166;91m██[38;2;199;92;112m██[38;2;67;92;55m██[38;2;98;131;82m██[38;2;98;131;82m██[38;2;98;131;82m██[38;2;67;92;55m██[38;2;16;16;16m██[38;2;120;131;161m██[38;2;120;131;161m██[38;2;59;70;94m██      [38;2;35;54;27m██[38;2;98;131;82m██[38;2;67;92;55m██[38;2;67;92;55m██[38;2;67;92;55m██[38;2;16;16;16m██                                            
                                                [38;2;16;16;16m██[38;2;67;92;55m██[38;2;67;92;55m██[38;2;67;92;55m██[38;2;35;54;27m██[38;2;16;16;16m██  [38;2;16;16;16m██[38;2;119;217;119m██[38;2;119;217;119m██[38;2;255;133;157m██[38;2;67;92;55m██[38;2;199;92;112m██[38;2;98;131;82m██[38;2;199;92;112m██[38;2;255;133;157m██[38;2;255;133;157m██[38;2;255;133;157m██[38;2;255;133;157m██[38;2;255;133;157m██[38;2;255;133;157m██[38;2;67;92;55m██[38;2;98;131;82m██[38;2;98;131;82m██[38;2;98;131;82m██[38;2;98;131;82m██[38;2;67;92;55m██[38;2;16;16;16m██[38;2;59;70;94m██[38;2;120;131;161m██[38;2;88;100;131m██[38;2;59;70;94m██[38;2;59;70;94m██[38;2;35;54;27m██[38;2;98;131;82m██[38;2;98;131;82m██[38;2;98;131;82m██[38;2;98;131;82m██[38;2;16;16;16m██                                              
                                                [38;2;16;16;16m██[38;2;67;92;55m██[38;2;67;92;55m██[38;2;199;92;112m██[38;2;199;92;112m██[38;2;199;92;112m██[38;2;16;16;16m██[38;2;59;70;94m██[38;2;16;16;16m██[38;2;255;133;157m██[38;2;67;92;55m██[38;2;67;92;55m██[38;2;199;92;112m██[38;2;98;131;82m██[38;2;67;92;55m██[38;2;255;133;157m██[38;2;199;92;112m██[38;2;59;70;94m██[38;2;199;92;112m██[38;2;255;133;157m██[38;2;67;92;55m██[38;2;98;131;82m██[38;2;98;131;82m██[38;2;98;131;82m██[38;2;98;131;82m██[38;2;67;92;55m██[38;2;67;92;55m██[38;2;59;70;94m██[38;2;88;100;131m██[38;2;120;131;161m██[38;2;194;200;214m██[38;2;194;200;214m██[38;2;194;200;214m██[38;2;35;54;27m██[38;2;67;92;55m██[38;2;98;131;82m██[38;2;98;131;82m██[38;2;98;131;82m██[38;2;16;16;16m██                                              
                                                [38;2;16;16;16m██[38;2;199;92;112m██[38;2;199;92;112m██[38;2;199;92;112m██[38;2;199;92;112m██[38;2;199;92;112m██[38;2;199;92;112m██[38;2;194;200;214m██[38;2;59;70;94m██[38;2;59;70;94m██[38;2;35;54;27m██[38;2;199;92;112m██[38;2;98;131;82m██[38;2;98;131;82m██[38;2;98;131;82m██[38;2;67;92;55m██[38;2;59;70;94m██[38;2;194;200;214m██[38;2;59;70;94m██[38;2;98;131;82m██[38;2;67;92;55m██[38;2;98;131;82m██[38;2;98;131;82m██[38;2;98;131;82m██[38;2;67;92;55m██[38;2;67;92;55m██[38;2;59;70;94m██[38;2;88;100;131m██[38;2;120;131;161m██[38;2;194;200;214m██[38;2;194;200;214m██[38;2;194;200;214m██[38;2;35;54;27m██[38;2;255;133;157m██[38;2;255;133;157m██[38;2;67;92;55m██[38;2;67;92;55m██[38;2;67;92;55m██[38;2;16;16;16m██[38;2;59;70;94m██[38;2;59;70;94m██                                          
                                                [38;2;16;16;16m██[38;2;199;92;112m██[38;2;199;92;112m██[38;2;199;92;112m██[38;2;199;92;112m██[38;2;199;92;112m██[38;2;88;100;131m██[38;2;194;200;214m██[38;2;194;200;214m██[38;2;194;200;214m██[38;2;59;70;94m██[38;2;59;70;94m██[38;2;67;92;55m██[38;2;98;131;82m██[38;2;98;131;82m██[38;2;98;131;82m██[38;2;59;70;94m██[38;2;194;200;214m██[38;2;59;70;94m██[38;2;98;131;82m██[38;2;98;131;82m██[38;2;67;92;55m██[38;2;59;70;94m██[38;2;59;70;94m██[38;2;59;70;94m██[38;2;120;131;161m██[38;2;194;200;214m██[38;2;194;200;214m██[38;2;194;200;214m██[38;2;194;200;214m██[38;2;194;200;214m██[38;2;59;70;94m██[38;2;255;133;157m██[38;2;255;133;157m██[38;2;255;133;157m██[38;2;255;133;157m██[38;2;255;133;157m██[38;2;255;133;157m██[38;2;16;16;16m██[38;2;194;200;214m██[38;2;194;200;214m██[38;2;59;70;94m██[38;2;59;70;94m██                                      
                                              [38;2;59;70;94m██[38;2;59;70;94m██[38;2;199;92;112m██[38;2;199;92;112m██[38;2;199;92;112m██[38;2;88;100;131m██[38;2;88;100;131m██[38;2;194;200;214m██[38;2;194;200;214m██[38;2;194;200;214m██[38;2;194;200;214m██[38;2;194;200;214m██[38;2;194;200;214m██[38;2;120;131;161m██[38;2;59;70;94m██[38;2;59;70;94m██[38;2;59;70;94m██[38;2;194;200;214m██[38;2;194;200;214m██[38;2;120;131;161m██[38;2;59;70;94m██[38;2;59;70;94m██[38;2;88;100;131m██[38;2;120;131;161m██[38;2;194;200;214m██[38;2;194;200;214m██[38;2;194;200;214m██[38;2;194;200;214m██[38;2;194;200;214m██[38;2;194;200;214m██[38;2;194;200;214m██[38;2;194;200;214m██[38;2;59;70;94m██[38;2;255;133;157m██[38;2;255;133;157m██[38;2;255;133;157m██[38;2;255;133;157m██[38;2;255;133;157m██[38;2;255;133;157m██[38;2;16;16;16m██[38;2;194;200;214m██[38;2;194;200;214m██[38;2;194;200;214m██[38;2;120;131;161m██[38;2;59;70;94m██                                    
                                            [38;2;59;70;94m██[38;2;194;200;214m██[38;2;194;200;214m██[38;2;88;100;131m██[38;2;88;100;131m██[38;2;88;100;131m██[38;2;194;200;214m██[38;2;194;200;214m██[38;2;194;200;214m██[38;2;194;200;214m██[38;2;194;200;214m██[38;2;194;200;214m██[38;2;194;200;214m██[38;2;194;200;214m██[38;2;194;200;214m██[38;2;194;200;214m██[38;2;194;200;214m██[38;2;59;70;94m██[38;2;194;200;214m██[38;2;120;131;161m██[38;2;59;70;94m██[38;2;120;131;161m██[38;2;194;200;214m██[38;2;194;200;214m██[38;2;194;200;214m██[38;2;194;200;214m██[38;2;194;200;214m██[38;2;194;200;214m██[38;2;194;200;214m██[38;2;194;200;214m██[38;2;194;200;214m██[38;2;194;200;214m██[38;2;194;200;214m██[38;2;88;100;131m██[38;2;88;100;131m██[38;2;255;133;157m██[38;2;255;133;157m██[38;2;255;133;157m██[38;2;255;133;157m██[38;2;199;92;112m██[38;2;59;70;94m██[38;2;194;200;214m██[38;2;194;200;214m██[38;2;194;200;214m██[38;2;194;200;214m██[38;2;88;100;131m██[38;2;16;16;16m██                                  
                                          [38;2;59;70;94m██[38;2;194;200;214m██[38;2;194;200;214m██[38;2;194;200;214m██[38;2;194;200;214m██[38;2;194;200;214m██[38;2;194;200;214m██[38;2;194;200;214m██[38;2;194;200;214m██[38;2;194;200;214m██[38;2;194;200;214m██[38;2;194;200;214m██[38;2;194;200;214m██[38;2;194;200;214m██[38;2;194;200;214m██[38;2;194;200;214m██[38;2;194;200;214m██[38;2;120;131;161m██[38;2;59;70;94m██[38;2;194;200;214m██[38;2;120;131;161m██[38;2;88;100;131m██[38;2;194;200;214m██[38;2;194;200;214m██[38;2;194;200;214m██[38;2;194;200;214m██[38;2;194;200;214m██[38;2;194;200;214m██[38;2;194;200;214m██[38;2;120;131;161m██[38;2;59;70;94m██[38;2;59;70;94m██[38;2;120;131;161m██[38;2;194;200;214m██[38;2;194;200;214m██[38;2;120;131;161m██[38;2;88;100;131m██[38;2;88;100;131m██[38;2;88;100;131m██[38;2;88;100;131m██[38;2;88;100;131m██[38;2;194;200;214m██[38;2;194;200;214m██[38;2;194;200;214m██[38;2;194;200;214m██[38;2;194;200;214m██[38;2;59;70;94m██[38;2;16;16;16m██                                  
                                        [38;2;59;70;94m██[38;2;194;200;214m██[38;2;194;200;214m██[38;2;194;200;214m██[38;2;194;200;214m██[38;2;194;200;214m██[38;2;194;200;214m██[38;2;120;131;161m██[38;2;59;70;94m██[38;2;59;70;94m██[38;2;194;200;214m██[38;2;194;200;214m██[38;2;194;200;214m██[38;2;194;200;214m██[38;2;194;200;214m██[38;2;194;200;214m██[38;2;194;200;214m██[38;2;194;200;214m██[38;2;88;100;131m██[38;2;59;70;94m██[38;2;194;200;214m██[38;2;59;70;94m██[38;2;120;131;161m██[38;2;194;200;214m██[38;2;194;200;214m██[38;2;194;200;214m██[38;2;194;200;214m██[38;2;194;200;214m██[38;2;120;131;161m██[38;2;59;70;94m██[38;2;59;70;94m██[38;2;88;100;131m██[38;2;88;100;131m██[38;2;59;70;94m██[38;2;194;200;214m██[38;2;194;200;214m██[38;2;194;200;214m██[38;2;194;200;214m██[38;2;194;200;214m██[38;2;194;200;214m██[38;2;194;200;214m██[38;2;194;200;214m██[38;2;194;200;214m██[38;2;194;200;214m██[38;2;194;200;214m██[38;2;194;200;214m██[38;2;59;70;94m██[38;2;16;16;16m██                                    
                                        [38;2;59;70;94m██[38;2;194;200;214m██[38;2;194;200;214m██[38;2;194;200;214m██[38;2;194;200;214m██[38;2;194;200;214m██[38;2;120;131;161m██[38;2;59;70;94m██[38;2;88;100;131m██[38;2;88;100;131m██[38;2;59;70;94m██[38;2;194;200;214m██[38;2;194;200;214m██[38;2;194;200;214m██[38;2;194;200;214m██[38;2;194;200;214m██[38;2;194;200;214m██[38;2;194;200;214m██[38;2;59;70;94m██[38;2;88;100;131m██[38;2;59;70;94m██[38;2;88;100;131m██[38;2;194;200;214m██[38;2;194;200;214m██[38;2;194;200;214m██[38;2;194;200;214m██[38;2;194;200;214m██[38;2;194;200;214m██[38;2;59;70;94m██[38;2;88;100;131m██[38;2;88;100;131m██[38;2;120;131;161m██[38;2;120;131;161m██[38;2;88;100;131m██[38;2;194;200;214m██[38;2;194;200;214m██[38;2;194;200;214m██[38;2;194;200;214m██[38;2;194;200;214m██[38;2;194;200;214m██[38;2;194;200;214m██[38;2;194;200;214m██[38;2;194;200;214m██[38;2;194;200;214m██[38;2;194;200;214m██[38;2;59;70;94m██[38;2;88;100;131m██[38;2;16;16;16m██                                    
                                          [38;2;59;70;94m██[38;2;194;200;214m██[38;2;194;200;214m██[38;2;194;200;214m██[38;2;194;200;214m██[38;2;88;100;131m██[38;2;59;70;94m██[38;2;88;100;131m██[38;2;120;131;161m██[38;2;88;100;131m██[38;2;194;200;214m██[38;2;194;200;214m██[38;2;120;131;161m██[38;2;59;70;94m██[38;2;120;131;161m██[38;2;194;200;214m██[38;2;194;200;214m██[38;2;59;70;94m██[38;2;120;131;161m██[38;2;88;100;131m██[38;2;194;200;214m██[38;2;194;200;214m██[38;2;194;200;214m██[38;2;194;200;214m██[38;2;194;200;214m██[38;2;194;200;214m██[38;2;194;200;214m██[38;2;88;100;131m██[38;2;88;100;131m██[38;2;120;131;161m██[38;2;120;131;161m██[38;2;88;100;131m██[38;2;120;131;161m██[38;2;194;200;214m██[38;2;194;200;214m██[38;2;194;200;214m██[38;2;194;200;214m██[38;2;194;200;214m██[38;2;194;200;214m██[38;2;194;200;214m██[38;2;194;200;214m██[38;2;194;200;214m██[38;2;120;131;161m██[38;2;59;70;94m██[38;2;88;100;131m██[38;2;16;16;16m██                                      
                                          [38;2;59;70;94m██[38;2;120;131;161m██[38;2;194;200;214m██[38;2;194;200;214m██[38;2;194;200;214m██[38;2;194;200;214m██[38;2;120;131;161m██[38;2;88;100;131m██[38;2;88;100;131m██[38;2;120;131;161m██[38;2;194;200;214m██[38;2;194;200;214m██[38;2;59;70;94m██[38;2;88;100;131m██[38;2;88;100;131m██[38;2;194;200;214m██[38;2;120;131;161m██[38;2;120;131;161m██[38;2;59;70;94m██[38;2;194;200;214m██[38;2;194;200;214m██[38;2;194;200;214m██[38;2;194;200;214m██[38;2;194;200;214m██[38;2;194;200;214m██[38;2;194;200;214m██[38;2;194;200;214m██[38;2;120;131;161m██[38;2;88;100;131m██[38;2;88;100;131m██[38;2;88;100;131m██[38;2;194;200;214m██[38;2;194;200;214m██[38;2;194;200;214m██[38;2;194;200;214m██[38;2;194;200;214m██[38;2;194;200;214m██[38;2;194;200;214m██[38;2;194;200;214m██[38;2;194;200;214m██[38;2;194;200;214m██[38;2;59;70;94m██[38;2;88;100;131m██[38;2;88;100;131m██[38;2;16;16;16m██                                        
                                            [38;2;59;70;94m██[38;2;194;200;214m██[38;2;194;200;214m██[38;2;194;200;214m██[38;2;194;200;214m██[38;2;194;200;214m██[38;2;194;200;214m██[38;2;194;200;214m██[38;2;194;200;214m██[38;2;194;200;214m██[38;2;194;200;214m██[38;2;194;200;214m██[38;2;88;100;131m██[38;2;120;131;161m██[38;2;194;200;214m██[38;2;88;100;131m██[38;2;59;70;94m██[38;2;194;200;214m██[38;2;194;200;214m██[38;2;194;200;214m██[38;2;194;200;214m██[38;2;194;200;214m██[38;2;194;200;214m██[38;2;194;200;214m██[38;2;194;200;214m██[38;2;194;200;214m██[38;2;194;200;214m██[38;2;194;200;214m██[38;2;194;200;214m██[38;2;194;200;214m██[38;2;194;200;214m██[38;2;194;200;214m██[38;2;194;200;214m██[38;2;194;200;214m██[38;2;194;200;214m██[38;2;194;200;214m██[38;2;194;200;214m██[38;2;194;200;214m██[38;2;194;200;214m██[38;2;59;70;94m██[38;2;88;100;131m██[38;2;88;100;131m██[38;2;59;70;94m██[38;2;16;16;16m██                                        
                                              [38;2;16;16;16m██[38;2;194;200;214m██[38;2;194;200;214m██[38;2;194;200;214m██[38;2;194;200;214m██[38;2;194;200;214m██[38;2;194;200;214m██[38;2;120;131;161m██[38;2;59;70;94m██[38;2;59;70;94m██[38;2;120;131;161m██[38;2;194;200;214m██[38;2;194;200;214m██[38;2;194;200;214m██[38;2;59;70;94m██[38;2;120;131;161m██[38;2;194;200;214m██[38;2;194;200;214m██[38;2;194;200;214m██[38;2;194;200;214m██[38;2;194;200;214m██[38;2;120;131;161m██[38;2;88;100;131m██[38;2;59;70;94m██[38;2;59;70;94m██[38;2;120;131;161m██[38;2;194;200;214m██[38;2;194;200;214m██[38;2;194;200;214m██[38;2;194;200;214m██[38;2;194;200;214m██[38;2;194;200;214m██[38;2;194;200;214m██[38;2;194;200;214m██[38;2;194;200;214m██[38;2;194;200;214m██[38;2;120;131;161m██[38;2;59;70;94m██[38;2;88;100;131m██[38;2;59;70;94m██[38;2;199;92;112m██[38;2;35;54;27m██                                          
                                                [38;2;16;16;16m██[38;2;120;131;161m██[38;2;194;200;214m██[38;2;194;200;214m██[38;2;194;200;214m██[38;2;194;200;214m██[38;2;88;100;131m██[38;2;88;100;131m██[38;2;88;100;131m██[38;2;59;70;94m██[38;2;194;200;214m██[38;2;194;200;214m██[38;2;120;131;161m██[38;2;88;100;131m██[38;2;194;200;214m██[38;2;194;200;214m██[38;2;194;200;214m██[38;2;194;200;214m██[38;2;120;131;161m██[38;2;88;100;131m██[38;2;59;70;94m██[38;2;88;100;131m██[38;2;88;100;131m██[38;2;88;100;131m██[38;2;59;70;94m██[38;2;194;200;214m██[38;2;194;200;214m██[38;2;194;200;214m██[38;2;194;200;214m██[38;2;194;200;214m██[38;2;194;200;214m██[38;2;194;200;214m██[38;2;194;200;214m██[38;2;194;200;214m██[38;2;59;70;94m██[38;2;88;100;131m██[38;2;88;100;131m██[38;2;59;70;94m██[38;2;199;92;112m██[38;2;199;92;112m██[38;2;199;92;112m██[38;2;35;54;27m██                                        
                                                  [38;2;16;16;16m██[38;2;59;70;94m██[38;2;59;70;94m██[38;2;59;70;94m██[38;2;59;70;94m██[38;2;88;100;131m██[38;2;88;100;131m██[38;2;88;100;131m██[38;2;59;70;94m██[38;2;194;200;214m██[38;2;194;200;214m██[38;2;120;131;161m██[38;2;194;200;214m██[38;2;194;200;214m██[38;2;194;200;214m██[38;2;194;200;214m██[38;2;194;200;214m██[38;2;120;131;161m██[38;2;59;70;94m██[38;2;120;131;161m██[38;2;88;100;131m██[38;2;88;100;131m██[38;2;88;100;131m██[38;2;88;100;131m██[38;2;120;131;161m██[38;2;194;200;214m██[38;2;194;200;214m██[38;2;194;200;214m██[38;2;194;200;214m██[38;2;194;200;214m██[38;2;194;200;214m██[38;2;120;131;161m██[38;2;59;70;94m██[38;2;88;100;131m██[38;2;88;100;131m██[38;2;59;70;94m██[38;2;199;92;112m██[38;2;199;92;112m██[38;2;199;92;112m██[38;2;67;92;55m██[38;2;67;92;55m██[38;2;35;54;27m██                                      
                                                  [38;2;35;54;27m██[38;2;16;16;16m██[38;2;16;16;16m██[38;2;120;131;161m██[38;2;120;131;161m██[38;2;88;100;131m██[38;2;88;100;131m██[38;2;88;100;131m██[38;2;59;70;94m██[38;2;194;200;214m██[38;2;194;200;214m██[38;2;194;200;214m██[38;2;194;200;214m██[38;2;194;200;214m██[38;2;194;200;214m██[38;2;194;200;214m██[38;2;194;200;214m██[38;2;88;100;131m██[38;2;120;131;161m██[38;2;120;131;161m██[38;2;88;100;131m██[38;2;88;100;131m██[38;2;88;100;131m██[38;2;88;100;131m██[38;2;88;100;131m██[38;2;120;131;161m██[38;2;194;200;214m██[38;2;194;200;214m██[38;2;194;200;214m██[38;2;194;200;214m██[38;2;59;70;94m██[38;2;88;100;131m██[38;2;88;100;131m██[38;2;88;100;131m██[38;2;88;100;131m██[38;2;59;70;94m██[38;2;199;92;112m██[38;2;199;92;112m██[38;2;67;92;55m██[38;2;98;131;82m██[38;2;98;131;82m██[38;2;98;131;82m██[38;2;35;54;27m██                                    
                                                  [38;2;35;54;27m██[38;2;199;92;112m██[38;2;199;92;112m██[38;2;16;16;16m██[38;2;16;16;16m██[38;2;120;131;161m██[38;2;120;131;161m██[38;2;88;100;131m██[38;2;88;100;131m██[38;2;59;70;94m██[38;2;194;200;214m██[38;2;194;200;214m██[38;2;194;200;214m██[38;2;194;200;214m██[38;2;194;200;214m██[38;2;194;200;214m██[38;2;194;200;214m██[38;2;59;70;94m██[38;2;120;131;161m██[38;2;120;131;161m██[38;2;120;131;161m██[38;2;88;100;131m██[38;2;88;100;131m██[38;2;88;100;131m██[38;2;120;131;161m██[38;2;88;100;131m██[38;2;194;200;214m██[38;2;194;200;214m██[38;2;88;100;131m██[38;2;59;70;94m██[38;2;88;100;131m██[38;2;88;100;131m██[38;2;88;100;131m██[38;2;88;100;131m██[38;2;88;100;131m██[38;2;16;16;16m██[38;2;16;16;16m██[38;2;16;16;16m██[38;2;67;92;55m██[38;2;98;131;82m██[38;2;98;131;82m██[38;2;98;131;82m██[38;2;98;131;82m██[38;2;35;54;27m██                                  
                                                [38;2;35;54;27m██[38;2;199;92;112m██[38;2;199;92;112m██[38;2;199;92;112m██[38;2;199;92;112m██[38;2;199;92;112m██[38;2;16;16;16m██[38;2;16;16;16m██[38;2;16;16;16m██[38;2;88;100;131m██[38;2;88;100;131m██[38;2;59;70;94m██[38;2;194;200;214m██[38;2;194;200;214m██[38;2;194;200;214m██[38;2;194;200;214m██[38;2;194;200;214m██[38;2;88;100;131m██[38;2;120;131;161m██[38;2;120;131;161m██[38;2;120;131;161m██[38;2;120;131;161m██[38;2;59;70;94m██[38;2;88;100;131m██[38;2;88;100;131m██[38;2;120;131;161m██[38;2;120;131;161m██[38;2;88;100;131m██[38;2;59;70;94m██[38;2;88;100;131m██[38;2;88;100;131m██[38;2;88;100;131m██[38;2;88;100;131m██[38;2;59;70;94m██[38;2;59;70;94m██[38;2;88;100;131m██[38;2;16;16;16m██    [38;2;16;16;16m██[38;2;16;16;16m██[38;2;98;131;82m██[38;2;98;131;82m██[38;2;98;131;82m██[38;2;98;131;82m██[38;2;35;54;27m██                                
                                              [38;2;35;54;27m██[38;2;67;92;55m██[38;2;199;92;112m██[38;2;199;92;112m██[38;2;199;92;112m██[38;2;199;92;112m██[38;2;199;92;112m██[38;2;16;16;16m██    [38;2;16;16;16m██[38;2;16;16;16m██[38;2;59;70;94m██[38;2;59;70;94m██[38;2;194;200;214m██[38;2;194;200;214m██[38;2;194;200;214m██[38;2;88;100;131m██[38;2;88;100;131m██[38;2;120;131;161m██[38;2;88;100;131m██[38;2;59;70;94m██[38;2;59;70;94m██[38;2;16;16;16m██[38;2;16;16;16m██[38;2;16;16;16m██[38;2;88;100;131m██[38;2;120;131;161m██[38;2;120;131;161m██[38;2;88;100;131m██[38;2;88;100;131m██[38;2;88;100;131m██[38;2;88;100;131m██[38;2;16;16;16m██[38;2;88;100;131m██[38;2;88;100;131m██[38;2;16;16;16m██          [38;2;16;16;16m██[38;2;98;131;82m██[38;2;98;131;82m██[38;2;98;131;82m██[38;2;98;131;82m██[38;2;35;54;27m██                              
                                          [38;2;35;54;27m██[38;2;35;54;27m██[38;2;98;131;82m██[38;2;98;131;82m██[38;2;67;92;55m██[38;2;199;92;112m██[38;2;199;92;112m██[38;2;199;92;112m██[38;2;16;16;16m██            [38;2;16;16;16m██[38;2;88;100;131m██[38;2;194;200;214m██[38;2;88;100;131m██[38;2;120;131;161m██[38;2;120;131;161m██[38;2;120;131;161m██[38;2;59;70;94m██[38;2;143;55;73m██[38;2;16;16;16m██[38;2;199;92;112m██[38;2;199;92;112m██[38;2;199;92;112m██[38;2;16;16;16m██[38;2;120;131;161m██[38;2;120;131;161m██[38;2;88;100;131m██[38;2;88;100;131m██[38;2;59;70;94m██[38;2;16;16;16m██  [38;2;16;16;16m██[38;2;16;16;16m██              [38;2;16;16;16m██[38;2;98;131;82m██[38;2;98;131;82m██[38;2;67;92;55m██[38;2;67;92;55m██[38;2;35;54;27m██                            
                                      [38;2;35;54;27m██[38;2;35;54;27m██[38;2;98;131;82m██[38;2;98;131;82m██[38;2;98;131;82m██[38;2;98;131;82m██[38;2;67;92;55m██[38;2;67;92;55m██[38;2;35;54;27m██[38;2;16;16;16m██                [38;2;16;16;16m██[38;2;16;16;16m██[38;2;88;100;131m██[38;2;120;131;161m██[38;2;120;131;161m██[38;2;120;131;161m██[38;2;59;70;94m██[38;2;16;16;16m██[38;2;199;92;112m██[38;2;199;92;112m██[38;2;199;92;112m██[38;2;199;92;112m██[38;2;199;92;112m██[38;2;16;16;16m██[38;2;120;131;161m██[38;2;88;100;131m██[38;2;16;16;16m██[38;2;16;16;16m██                        [38;2;16;16;16m██[38;2;67;92;55m██[38;2;255;133;157m██[38;2;255;133;157m██[38;2;255;133;157m██[38;2;35;54;27m██                          
                                  [38;2;35;54;27m██[38;2;35;54;27m██[38;2;67;92;55m██[38;2;98;131;82m██[38;2;98;131;82m██[38;2;98;131;82m██[38;2;98;131;82m██[38;2;98;131;82m██[38;2;67;92;55m██[38;2;16;16;16m██[38;2;16;16;16m██                      [38;2;16;16;16m██[38;2;16;16;16m██[38;2;88;100;131m██[38;2;120;131;161m██[38;2;16;16;16m██[38;2;143;55;73m██[38;2;143;55;73m██[38;2;199;92;112m██[38;2;199;92;112m██[38;2;199;92;112m██[38;2;143;55;73m██[38;2;143;55;73m██[38;2;16;16;16m██[38;2;16;16;16m██[38;2;59;70;94m██[38;2;59;70;94m██[38;2;16;16;16m██[38;2;16;16;16m██                      [38;2;16;16;16m██[38;2;255;133;157m██[38;2;255;133;157m██[38;2;255;133;157m██[38;2;255;133;157m██[38;2;35;54;27m██                        
                    [38;2;35;54;27m██[38;2;35;54;27m██[38;2;35;54;27m██[38;2;35;54;27m██[38;2;35;54;27m██[38;2;35;54;27m██[38;2;35;54;27m██[38;2;255;133;157m██[38;2;255;133;157m██[38;2;67;92;55m██[38;2;98;131;82m██[38;2;98;131;82m██[38;2;98;131;82m██[38;2;98;131;82m██[38;2;67;92;55m██[38;2;16;16;16m██                    [38;2;59;70;94m██[38;2;59;70;94m██[38;2;59;70;94m██[38;2;59;70;94m██[38;2;59;70;94m██[38;2;16;16;16m██[38;2;16;16;16m██[38;2;199;92;112m██[38;2;199;92;112m██[38;2;199;92;112m██[38;2;143;55;73m██[38;2;143;55;73m██[38;2;143;55;73m██[38;2;199;92;112m██[38;2;199;92;112m██[38;2;59;70;94m██[38;2;194;200;214m██[38;2;194;200;214m██[38;2;194;200;214m██[38;2;194;200;214m██[38;2;194;200;214m██[38;2;16;16;16m██[38;2;16;16;16m██                    [38;2;16;16;16m██[38;2;255;133;157m██[38;2;255;133;157m██[38;2;255;133;157m██[38;2;35;54;27m██                        
                [38;2;35;54;27m██[38;2;35;54;27m██[38;2;98;131;82m██[38;2;98;131;82m██[38;2;98;131;82m██[38;2;98;131;82m██[38;2;35;54;27m██[38;2;255;133;157m██[38;2;255;133;157m██[38;2;255;133;157m██[38;2;255;133;157m██[38;2;255;133;157m██[38;2;67;92;55m██[38;2;98;131;82m██[38;2;98;131;82m██[38;2;16;16;16m██[38;2;16;16;16m██                  [38;2;59;70;94m██[38;2;59;70;94m██[38;2;120;131;161m██[38;2;59;70;94m██[38;2;88;100;131m██[38;2;194;200;214m██[38;2;59;70;94m██[38;2;199;92;112m██[38;2;199;92;112m██[38;2;199;92;112m██[38;2;199;92;112m██[38;2;199;92;112m██[38;2;199;92;112m██[38;2;199;92;112m██[38;2;199;92;112m██[38;2;199;92;112m██[38;2;199;92;112m██[38;2;59;70;94m██[38;2;194;200;214m██[38;2;88;100;131m██[38;2;59;70;94m██[38;2;120;131;161m██[38;2;194;200;214m██[38;2;194;200;214m██[38;2;194;200;214m██[38;2;16;16;16m██                  [38;2;16;16;16m██[38;2;255;133;157m██[38;2;255;133;157m██[38;2;255;133;157m██[38;2;255;133;157m██[38;2;35;54;27m██                      
            [38;2;35;54;27m██[38;2;35;54;27m██[38;2;98;131;82m██[38;2;98;131;82m██[38;2;98;131;82m██[38;2;98;131;82m██[38;2;98;131;82m██[38;2;98;131;82m██[38;2;35;54;27m██[38;2;255;133;157m██[38;2;255;133;157m██[38;2;255;133;157m██[38;2;255;133;157m██[38;2;255;133;157m██[38;2;255;133;157m██[38;2;16;16;16m██[38;2;16;16;16m██                    [38;2;59;70;94m██[38;2;194;200;214m██[38;2;194;200;214m██[38;2;88;100;131m██[38;2;120;131;161m██[38;2;120;131;161m██[38;2;194;200;214m██[38;2;120;131;161m██[38;2;88;100;131m██[38;2;59;70;94m██[38;2;199;92;112m██[38;2;199;92;112m██[38;2;199;92;112m██[38;2;199;92;112m██[38;2;199;92;112m██[38;2;59;70;94m██[38;2;59;70;94m██[38;2;88;100;131m██[38;2;120;131;161m██[38;2;194;200;214m██[38;2;120;131;161m██[38;2;88;100;131m██[38;2;120;131;161m██[38;2;194;200;214m██[38;2;194;200;214m██[38;2;194;200;214m██[38;2;16;16;16m██                    [38;2;16;16;16m██[38;2;255;133;157m██[38;2;199;92;112m██[38;2;67;92;55m██[38;2;67;92;55m██[38;2;35;54;27m██                    
          [38;2;35;54;27m██[38;2;98;131;82m██[38;2;98;131;82m██[38;2;98;131;82m██[38;2;98;131;82m██[38;2;98;131;82m██[38;2;98;131;82m██[38;2;98;131;82m██[38;2;67;92;55m██[38;2;67;92;55m██[38;2;35;54;27m██[38;2;255;133;157m██[38;2;255;133;157m██[38;2;255;133;157m██[38;2;35;54;27m██[38;2;16;16;16m██                        [38;2;59;70;94m██[38;2;59;70;94m██[38;2;88;100;131m██[38;2;194;200;214m██[38;2;194;200;214m██[38;2;194;200;214m██[38;2;194;200;214m██[38;2;194;200;214m██[38;2;194;200;214m██[38;2;120;131;161m██[38;2;88;100;131m██[38;2;59;70;94m██[38;2;59;70;94m██[38;2;59;70;94m██[38;2;88;100;131m██[38;2;120;131;161m██[38;2;194;200;214m██[38;2;194;200;214m██[38;2;194;200;214m██[38;2;194;200;214m██[38;2;194;200;214m██[38;2;194;200;214m██[38;2;194;200;214m██[38;2;88;100;131m██[38;2;59;70;94m██[38;2;59;70;94m██[38;2;16;16;16m██                    [38;2;16;16;16m██[38;2;67;92;55m██[38;2;98;131;82m██[38;2;98;131;82m██[38;2;98;131;82m██[38;2;98;131;82m██[38;2;35;54;27m██[38;2;35;54;27m██                
        [38;2;49;89;49m██[38;2;35;54;27m██[38;2;98;131;82m██[38;2;98;131;82m██[38;2;98;131;82m██[38;2;98;131;82m██[38;2;98;131;82m██[38;2;98;131;82m██[38;2;67;92;55m██[38;2;67;92;55m██[38;2;67;92;55m██[38;2;67;92;55m██[38;2;35;54;27m██[38;2;35;54;27m██[38;2;35;54;27m██[38;2;16;16;16m██                          [38;2;59;70;94m██[38;2;120;131;161m██[38;2;120;131;161m██[38;2;59;70;94m██[38;2;59;70;94m██[38;2;59;70;94m██[38;2;88;100;131m██[38;2;194;200;214m██[38;2;194;200;214m██[38;2;194;200;214m██[38;2;194;200;214m██[38;2;194;200;214m██[38;2;194;200;214m██[38;2;194;200;214m██[38;2;194;200;214m██[38;2;194;200;214m██[38;2;194;200;214m██[38;2;59;70;94m██[38;2;59;70;94m██[38;2;194;200;214m██[38;2;194;200;214m██[38;2;194;200;214m██[38;2;59;70;94m██[38;2;88;100;131m██[38;2;88;100;131m██[38;2;16;16;16m██                      [38;2;16;16;16m██[38;2;98;131;82m██[38;2;98;131;82m██[38;2;98;131;82m██[38;2;98;131;82m██[38;2;98;131;82m██[38;2;98;131;82m██[38;2;98;131;82m██[38;2;35;54;27m██[38;2;35;54;27m██            
      [38;2;49;89;49m██[38;2;119;217;119m██[38;2;35;54;27m██[38;2;98;131;82m██[38;2;98;131;82m██[38;2;98;131;82m██[38;2;98;131;82m██[38;2;67;92;55m██[38;2;35;54;27m██[38;2;35;54;27m██[38;2;199;92;112m██[38;2;67;92;55m██[38;2;67;92;55m██[38;2;67;92;55m██[38;2;67;92;55m██[38;2;16;16;16m██                              [38;2;59;70;94m██[38;2;120;131;161m██[38;2;88;100;131m██[38;2;120;131;161m██[38;2;120;131;161m██[38;2;120;131;161m██[38;2;88;100;131m██[38;2;194;200;214m██[38;2;194;200;214m██[38;2;194;200;214m██[38;2;194;200;214m██[38;2;194;200;214m██[38;2;194;200;214m██[38;2;194;200;214m██[38;2;59;70;94m██[38;2;88;100;131m██[38;2;88;100;131m██[38;2;88;100;131m██[38;2;59;70;94m██[38;2;59;70;94m██[38;2;59;70;94m██[38;2;88;100;131m██[38;2;88;100;131m██[38;2;88;100;131m██[38;2;16;16;16m██                      [38;2;16;16;16m██[38;2;98;131;82m██[38;2;98;131;82m██[38;2;98;131;82m██[38;2;98;131;82m██[38;2;98;131;82m██[38;2;98;131;82m██[38;2;98;131;82m██[38;2;98;131;82m██[38;2;98;131;82m██[38;2;35;54;27m██          
    [38;2;49;89;49m██[38;2;119;217;119m██[38;2;119;217;119m██[38;2;49;89;49m██[38;2;67;92;55m██[38;2;67;92;55m██[38;2;67;92;55m██[38;2;67;92;55m██[38;2;35;54;27m██[38;2;194;200;214m██[38;2;194;200;214m██[38;2;199;92;112m██[38;2;199;92;112m██[38;2;67;92;55m██[38;2;67;92;55m██[38;2;16;16;16m██                                  [38;2;59;70;94m██[38;2;88;100;131m██[38;2;120;131;161m██[38;2;120;131;161m██[38;2;120;131;161m██[38;2;88;100;131m██[38;2;88;100;131m██[38;2;59;70;94m██[38;2;59;70;94m██[38;2;59;70;94m██[38;2;59;70;94m██[38;2;59;70;94m██[38;2;88;100;131m██[38;2;88;100;131m██[38;2;88;100;131m██[38;2;88;100;131m██[38;2;88;100;131m██[38;2;59;70;94m██[38;2;88;100;131m██[38;2;88;100;131m██[38;2;59;70;94m██[38;2;59;70;94m██[38;2;88;100;131m██[38;2;16;16;16m██                    [38;2;16;16;16m██[38;2;98;131;82m██[38;2;98;131;82m██[38;2;98;131;82m██[38;2;98;131;82m██[38;2;98;131;82m██[38;2;98;131;82m██[38;2;98;131;82m██[38;2;98;131;82m██[38;2;98;131;82m██[38;2;98;131;82m██[38;2;98;131;82m██[38;2;35;54;27m██        
  [38;2;49;89;49m██[38;2;119;217;119m██[38;2;119;217;119m██[38;2;119;217;119m██[38;2;119;217;119m██[38;2;35;54;27m██[38;2;67;92;55m██[38;2;67;92;55m██[38;2;35;54;27m██[38;2;35;54;27m██[38;2;16;16;16m██[38;2;16;16;16m██[38;2;194;200;214m██[38;2;35;54;27m██[38;2;16;16;16m██[38;2;16;16;16m██                                    [38;2;35;54;27m██[38;2;59;70;94m██[38;2;120;131;161m██[38;2;120;131;161m██[38;2;120;131;161m██[38;2;88;100;131m██[38;2;120;131;161m██[38;2;120;131;161m██[38;2;120;131;161m██[38;2;120;131;161m██[38;2;120;131;161m██[38;2;88;100;131m██[38;2;88;100;131m██[38;2;88;100;131m██[38;2;88;100;131m██[38;2;88;100;131m██[38;2;88;100;131m██[38;2;59;70;94m██[38;2;88;100;131m██[38;2;59;70;94m██[38;2;199;92;112m██[38;2;199;92;112m██[38;2;59;70;94m██[38;2;16;16;16m██                    [38;2;16;16;16m██[38;2;98;131;82m██[38;2;98;131;82m██[38;2;98;131;82m██[38;2;98;131;82m██[38;2;98;131;82m██[38;2;98;131;82m██[38;2;67;92;55m██[38;2;67;92;55m██[38;2;67;92;55m██[38;2;98;131;82m██[38;2;98;131;82m██[38;2;98;131;82m██[38;2;35;54;27m██      
  [38;2;49;89;49m██[38;2;119;217;119m██[38;2;119;217;119m██[38;2;119;217;119m██[38;2;49;89;49m██[38;2;35;54;27m██[38;2;35;54;27m██[38;2;67;92;55m██[38;2;67;92;55m██[38;2;67;92;55m██[38;2;67;92;55m██[38;2;35;54;27m██[38;2;16;16;16m██[38;2;16;16;16m██                                    [38;2;35;54;27m██[38;2;35;54;27m██[38;2;199;92;112m██[38;2;199;92;112m██[38;2;59;70;94m██[38;2;120;131;161m██[38;2;120;131;161m██[38;2;120;131;161m██[38;2;88;100;131m██[38;2;120;131;161m██[38;2;120;131;161m██[38;2;120;131;161m██[38;2;120;131;161m██[38;2;88;100;131m██[38;2;88;100;131m██[38;2;88;100;131m██[38;2;88;100;131m██[38;2;88;100;131m██[38;2;59;70;94m██[38;2;88;100;131m██[38;2;59;70;94m██[38;2;199;92;112m██[38;2;199;92;112m██[38;2;199;92;112m██[38;2;199;92;112m██[38;2;16;16;16m██                    [38;2;16;16;16m██[38;2;98;131;82m██[38;2;98;131;82m██[38;2;98;131;82m██[38;2;67;92;55m██[38;2;67;92;55m██[38;2;98;131;82m██[38;2;67;92;55m██[38;2;119;217;119m██[38;2;49;89;49m██[38;2;67;92;55m██[38;2;98;131;82m██[38;2;67;92;55m██[38;2;35;54;27m██      
[38;2;49;89;49m██[38;2;119;217;119m██[38;2;119;217;119m██[38;2;119;217;119m██[38;2;49;89;49m██[38;2;91;166;91m██[38;2;91;166;91m██[38;2;49;89;49m██[38;2;49;89;49m██[38;2;35;54;27m██[38;2;35;54;27m██[38;2;16;16;16m██[38;2;16;16;16m██                                    [38;2;35;54;27m██[38;2;35;54;27m██[38;2;255;133;157m██[38;2;255;133;157m██[38;2;199;92;112m██[38;2;199;92;112m██[38;2;199;92;112m██[38;2;59;70;94m██[38;2;120;131;161m██[38;2;120;131;161m██[38;2;88;100;131m██[38;2;120;131;161m██[38;2;120;131;161m██[38;2;120;131;161m██[38;2;120;131;161m██[38;2;88;100;131m██[38;2;88;100;131m██[38;2;88;100;131m██[38;2;88;100;131m██[38;2;88;100;131m██[38;2;59;70;94m██[38;2;59;70;94m██[38;2;199;92;112m██[38;2;255;133;157m██[38;2;255;133;157m██[38;2;199;92;112m██[38;2;199;92;112m██[38;2;199;92;112m██[38;2;16;16;16m██                  [38;2;16;16;16m██[38;2;98;131;82m██[38;2;98;131;82m██[38;2;98;131;82m██[38;2;67;92;55m██[38;2;119;217;119m██[38;2;67;92;55m██[38;2;67;92;55m██[38;2;119;217;119m██[38;2;49;89;49m██[38;2;119;217;119m██[38;2;67;92;55m██[38;2;67;92;55m██[38;2;119;217;119m██[38;2;49;89;49m██    
[38;2;49;89;49m██[38;2;119;217;119m██[38;2;119;217;119m██[38;2;49;89;49m██[38;2;91;166;91m██[38;2;91;166;91m██[38;2;49;89;49m██[38;2;91;166;91m██[38;2;91;166;91m██[38;2;49;89;49m██[38;2;91;166;91m██[38;2;16;16;16m██                                  [38;2;35;54;27m██[38;2;35;54;27m██[38;2;67;92;55m██[38;2;67;92;55m██[38;2;255;133;157m██[38;2;255;133;157m██[38;2;199;92;112m██[38;2;199;92;112m██[38;2;199;92;112m██[38;2;16;16;16m██[38;2;120;131;161m██[38;2;120;131;161m██[38;2;88;100;131m██[38;2;120;131;161m██[38;2;120;131;161m██[38;2;120;131;161m██[38;2;120;131;161m██[38;2;88;100;131m██[38;2;88;100;131m██[38;2;88;100;131m██[38;2;88;100;131m██[38;2;59;70;94m██[38;2;88;100;131m██[38;2;59;70;94m██[38;2;255;133;157m██[38;2;255;133;157m██[38;2;255;133;157m██[38;2;255;133;157m██[38;2;255;133;157m██[38;2;67;92;55m██[38;2;67;92;55m██[38;2;35;54;27m██                  [38;2;16;16;16m██[38;2;98;131;82m██[38;2;98;131;82m██[38;2;67;92;55m██[38;2;119;217;119m██[38;2;119;217;119m██[38;2;49;89;49m██[38;2;119;217;119m██[38;2;119;217;119m██[38;2;91;166;91m██[38;2;119;217;119m██[38;2;49;89;49m██[38;2;119;217;119m██[38;2;119;217;119m██[38;2;49;89;49m██  
[38;2;49;89;49m██[38;2;119;217;119m██[38;2;49;89;49m██[38;2;91;166;91m██[38;2;91;166;91m██[38;2;49;89;49m██[38;2;91;166;91m██[38;2;16;16;16m██[38;2;16;16;16m██[38;2;91;166;91m██[38;2;16;16;16m██                                  [38;2;35;54;27m██[38;2;67;92;55m██[38;2;98;131;82m██[38;2;98;131;82m██[38;2;98;131;82m██[38;2;67;92;55m██[38;2;199;92;112m██[38;2;199;92;112m██[38;2;199;92;112m██[38;2;16;16;16m██  [38;2;16;16;16m██[38;2;120;131;161m██[38;2;120;131;161m██[38;2;88;100;131m██[38;2;120;131;161m██[38;2;120;131;161m██[38;2;120;131;161m██[38;2;88;100;131m██[38;2;88;100;131m██[38;2;88;100;131m██[38;2;88;100;131m██[38;2;59;70;94m██[38;2;59;70;94m██[38;2;199;92;112m██[38;2;255;133;157m██[38;2;255;133;157m██[38;2;255;133;157m██[38;2;255;133;157m██[38;2;67;92;55m██[38;2;98;131;82m██[38;2;98;131;82m██[38;2;98;131;82m██[38;2;35;54;27m██                [38;2;16;16;16m██[38;2;98;131;82m██[38;2;98;131;82m██[38;2;67;92;55m██[38;2;119;217;119m██[38;2;119;217;119m██[38;2;91;166;91m██[38;2;119;217;119m██[38;2;119;217;119m██[38;2;91;166;91m██[38;2;119;217;119m██[38;2;91;166;91m██[38;2;119;217;119m██[38;2;119;217;119m██[38;2;49;89;49m██  
[38;2;16;16;16m██[38;2;16;16;16m██[38;2;16;16;16m██[38;2;91;166;91m██[38;2;49;89;49m██[38;2;16;16;16m██[38;2;16;16;16m██  [38;2;16;16;16m██[38;2;16;16;16m██                                [38;2;35;54;27m██[38;2;35;54;27m██[38;2;98;131;82m██[38;2;98;131;82m██[38;2;98;131;82m██[38;2;98;131;82m██[38;2;98;131;82m██[38;2;98;131;82m██[38;2;67;92;55m██[38;2;67;92;55m██[38;2;16;16;16m██      [38;2;16;16;16m██[38;2;16;16;16m██[38;2;59;70;94m██[38;2;88;100;131m██[38;2;194;200;214m██[38;2;120;131;161m██[38;2;88;100;131m██[38;2;88;100;131m██[38;2;88;100;131m██[38;2;88;100;131m██[38;2;59;70;94m██[38;2;16;16;16m██[38;2;16;16;16m██[38;2;199;92;112m██[38;2;255;133;157m██[38;2;255;133;157m██[38;2;67;92;55m██[38;2;98;131;82m██[38;2;98;131;82m██[38;2;98;131;82m██[38;2;98;131;82m██[38;2;98;131;82m██[38;2;35;54;27m██                [38;2;16;16;16m██[38;2;98;131;82m██[38;2;67;92;55m██[38;2;119;217;119m██[38;2;119;217;119m██[38;2;119;217;119m██[38;2;91;166;91m██[38;2;119;217;119m██[38;2;119;217;119m██[38;2;91;166;91m██[38;2;119;217;119m██[38;2;91;166;91m██[38;2;119;217;119m██[38;2;119;217;119m██[38;2;49;89;49m██
    [38;2;16;16;16m██[38;2;91;166;91m██[38;2;16;16;16m██                                        [38;2;35;54;27m██[38;2;67;92;55m██[38;2;98;131;82m██[38;2;98;131;82m██[38;2;98;131;82m██[38;2;98;131;82m██[38;2;98;131;82m██[38;2;98;131;82m██[38;2;67;92;55m██[38;2;67;92;55m██[38;2;16;16;16m██              [38;2;16;16;16m██[38;2;194;200;214m██[38;2;194;200;214m██[38;2;88;100;131m██[38;2;16;16;16m██[38;2;16;16;16m██[38;2;16;16;16m██[38;2;16;16;16m██    [38;2;16;16;16m██[38;2;16;16;16m██[38;2;67;92;55m██[38;2;98;131;82m██[38;2;98;131;82m██[38;2;98;131;82m██[38;2;98;131;82m██[38;2;98;131;82m██[38;2;98;131;82m██[38;2;98;131;82m██[38;2;35;54;27m██[38;2;35;54;27m██              [38;2;16;16;16m██[38;2;16;16;16m██[38;2;119;217;119m██[38;2;119;217;119m██[38;2;119;217;119m██[38;2;91;166;91m██[38;2;119;217;119m██[38;2;119;217;119m██[38;2;91;166;91m██[38;2;119;217;119m██[38;2;91;166;91m██[38;2;119;217;119m██[38;2;119;217;119m██[38;2;49;89;49m██
    [38;2;16;16;16m██[38;2;16;16;16m██                                          [38;2;35;54;27m██[38;2;98;131;82m██[38;2;98;131;82m██[38;2;98;131;82m██[38;2;98;131;82m██[38;2;98;131;82m██[38;2;98;131;82m██[38;2;98;131;82m██[38;2;67;92;55m██[38;2;16;16;16m██                  [38;2;16;16;16m██[38;2;16;16;16m██[38;2;16;16;16m██                [38;2;16;16;16m██[38;2;98;131;82m██[38;2;98;131;82m██[38;2;98;131;82m██[38;2;98;131;82m██[38;2;98;131;82m██[38;2;98;131;82m██[38;2;98;131;82m██[38;2;98;131;82m██[38;2;67;92;55m██[38;2;35;54;27m██              [38;2;16;16;16m██[38;2;119;217;119m██[38;2;119;217;119m██[38;2;119;217;119m██[38;2;49;89;49m██[38;2;119;217;119m██[38;2;119;217;119m██[38;2;91;166;91m██[38;2;119;217;119m██[38;2;119;217;119m██[38;2;91;166;91m██[38;2;119;217;119m██[38;2;49;89;49m██
                                                [38;2;143;55;73m██[38;2;255;133;157m██[38;2;67;92;55m██[38;2;98;131;82m██[38;2;98;131;82m██[38;2;98;131;82m██[38;2;98;131;82m██[38;2;67;92;55m██[38;2;67;92;55m██[38;2;16;16;16m██[38;2;16;16;16m██                                          [38;2;16;16;16m██[38;2;67;92;55m██[38;2;98;131;82m██[38;2;98;131;82m██[38;2;98;131;82m██[38;2;98;131;82m██[38;2;98;131;82m██[38;2;98;131;82m██[38;2;98;131;82m██[38;2;67;92;55m██[38;2;16;16;16m██              [38;2;16;16;16m██[38;2;119;217;119m██[38;2;119;217;119m██[38;2;16;16;16m██[38;2;49;89;49m██[38;2;119;217;119m██[38;2;119;217;119m██[38;2;91;166;91m██[38;2;119;217;119m██[38;2;91;166;91m██[38;2;119;217;119m██[38;2;49;89;49m██
                                                [38;2;143;55;73m██[38;2;255;133;157m██[38;2;255;133;157m██[38;2;199;92;112m██[38;2;67;92;55m██[38;2;67;92;55m██[38;2;67;92;55m██[38;2;67;92;55m██[38;2;67;92;55m██[38;2;16;16;16m██                                              [38;2;35;54;27m██[38;2;98;131;82m██[38;2;98;131;82m██[38;2;98;131;82m██[38;2;98;131;82m██[38;2;98;131;82m██[38;2;67;92;55m██[38;2;67;92;55m██[38;2;199;92;112m██[38;2;16;16;16m██              [38;2;16;16;16m██[38;2;119;217;119m██[38;2;119;217;119m██[38;2;16;16;16m██[38;2;16;16;16m██[38;2;119;217;119m██[38;2;119;217;119m██[38;2;91;166;91m██[38;2;119;217;119m██[38;2;91;166;91m██[38;2;119;217;119m██[38;2;49;89;49m██
                                                [38;2;143;55;73m██[38;2;255;133;157m██[38;2;255;133;157m██[38;2;255;133;157m██[38;2;255;133;157m██[38;2;255;133;157m██[38;2;199;92;112m██[38;2;199;92;112m██[38;2;199;92;112m██[38;2;16;16;16m██                                              [38;2;16;16;16m██[38;2;67;92;55m██[38;2;67;92;55m██[38;2;67;92;55m██[38;2;67;92;55m██[38;2;67;92;55m██[38;2;199;92;112m██[38;2;199;92;112m██[38;2;199;92;112m██[38;2;143;55;73m██                [38;2;16;16;16m██[38;2;119;217;119m██[38;2;16;16;16m██  [38;2;16;16;16m██[38;2;119;217;119m██[38;2;91;166;91m██[38;2;119;217;119m██[38;2;49;89;49m██[38;2;119;217;119m██[38;2;49;89;49m██
                                                [38;2;143;55;73m██[38;2;255;133;157m██[38;2;255;133;157m██[38;2;255;133;157m██[38;2;255;133;157m██[38;2;199;92;112m██[38;2;199;92;112m██[38;2;199;92;112m██[38;2;199;92;112m██[38;2;16;16;16m██                                              [38;2;16;16;16m██[38;2;199;92;112m██[38;2;199;92;112m██[38;2;199;92;112m██[38;2;199;92;112m██[38;2;199;92;112m██[38;2;199;92;112m██[38;2;199;92;112m██[38;2;199;92;112m██[38;2;199;92;112m██[38;2;16;16;16m██              [38;2;16;16;16m██[38;2;119;217;119m██[38;2;16;16;16m██  [38;2;16;16;16m██[38;2;119;217;119m██[38;2;49;89;49m██[38;2;91;166;91m██[38;2;16;16;16m██[38;2;16;16;16m██  
                                              [38;2;35;54;27m██[38;2;199;92;112m██[38;2;199;92;112m██[38;2;255;133;157m██[38;2;255;133;157m██[38;2;255;133;157m██[38;2;199;92;112m██[38;2;199;92;112m██[38;2;199;92;112m██[38;2;199;92;112m██[38;2;16;16;16m██                                              [38;2;16;16;16m██[38;2;199;92;112m██[38;2;199;92;112m██[38;2;199;92;112m██[38;2;199;92;112m██[38;2;199;92;112m██[38;2;199;92;112m██[38;2;199;92;112m██[38;2;199;92;112m██[38;2;199;92;112m██[38;2;16;16;16m██              [38;2;16;16;16m██[38;2;16;16;16m██      [38;2;16;16;16m██[38;2;49;89;49m██[38;2;16;16;16m██      
                                              [38;2;35;54;27m██[38;2;67;92;55m██[38;2;67;92;55m██[38;2;199;92;112m██[38;2;255;133;157m██[38;2;199;92;112m██[38;2;199;92;112m██[38;2;199;92;112m██[38;2;199;92;112m██[38;2;199;92;112m██[38;2;16;16;16m██                                              [38;2;16;16;16m██[38;2;199;92;112m██[38;2;199;92;112m██[38;2;199;92;112m██[38;2;199;92;112m██[38;2;199;92;112m██[38;2;199;92;112m██[38;2;199;92;112m██[38;2;199;92;112m██[38;2;199;92;112m██[38;2;16;16;16m██                        [38;2;16;16;16m██[38;2;16;16;16m██        
                                              [38;2;35;54;27m██[38;2;67;92;55m██[38;2;67;92;55m██[38;2;67;92;55m██[38;2;199;92;112m██[38;2;199;92;112m██[38;2;199;92;112m██[38;2;199;92;112m██[38;2;199;92;112m██[38;2;67;92;55m██[38;2;67;92;55m██[38;2;16;16;16m██                                            [38;2;16;16;16m██[38;2;199;92;112m██[38;2;199;92;112m██[38;2;199;92;112m██[38;2;199;92;112m██[38;2;199;92;112m██[38;2;67;92;55m██[38;2;67;92;55m██[38;2;199;92;112m██[38;2;199;92;112m██[38;2;35;54;27m██                                    
                                              [38;2;35;54;27m██[38;2;67;92;55m██[38;2;67;92;55m██[38;2;67;92;55m██[38;2;67;92;55m██[38;2;67;92;55m██[38;2;67;92;55m██[38;2;67;92;55m██[38;2;67;92;55m██[38;2;67;92;55m██[38;2;67;92;55m██[38;2;16;16;16m██                                            [38;2;16;16;16m██[38;2;67;92;55m██[38;2;199;92;112m██[38;2;199;92;112m██[38;2;199;92;112m██[38;2;67;92;55m██[38;2;67;92;55m██[38;2;67;92;55m██[38;2;67;92;55m██[38;2;67;92;55m██[38;2;67;92;55m██[38;2;16;16;16m██                                  
                                            [38;2;49;89;49m██[38;2;35;54;27m██[38;2;67;92;55m██[38;2;67;92;55m██[38;2;67;92;55m██[38;2;67;92;55m██[38;2;67;92;55m██[38;2;67;92;55m██[38;2;67;92;55m██[38;2;67;92;55m██[38;2;67;92;55m██[38;2;67;92;55m██[38;2;16;16;16m██                                          [38;2;16;16;16m██[38;2;67;92;55m██[38;2;67;92;55m██[38;2;67;92;55m██[38;2;67;92;55m██[38;2;67;92;55m██[38;2;67;92;55m██[38;2;67;92;55m██[38;2;67;92;55m██[38;2;67;92;55m██[38;2;67;92;55m██[38;2;67;92;55m██[38;2;16;16;16m██                                  
                                        [38;2;49;89;49m██[38;2;49;89;49m██[38;2;119;217;119m██[38;2;119;217;119m██[38;2;35;54;27m██[38;2;35;54;27m██[38;2;67;92;55m██[38;2;67;92;55m██[38;2;67;92;55m██[38;2;67;92;55m██[38;2;67;92;55m██[38;2;67;92;55m██[38;2;67;92;55m██[38;2;67;92;55m██[38;2;16;16;16m██                                          [38;2;16;16;16m██[38;2;67;92;55m██[38;2;67;92;55m██[38;2;67;92;55m██[38;2;67;92;55m██[38;2;67;92;55m██[38;2;67;92;55m██[38;2;35;54;27m██[38;2;35;54;27m██[38;2;35;54;27m██[38;2;67;92;55m██[38;2;67;92;55m██[38;2;16;16;16m██                                  
                                      [38;2;49;89;49m██[38;2;119;217;119m██[38;2;119;217;119m██[38;2;119;217;119m██[38;2;49;89;49m██[38;2;119;217;119m██[38;2;119;217;119m██[38;2;35;54;27m██[38;2;67;92;55m██[38;2;67;92;55m██[38;2;67;92;55m██[38;2;67;92;55m██[38;2;67;92;55m██[38;2;67;92;55m██[38;2;35;54;27m██[38;2;16;16;16m██                                          [38;2;16;16;16m██[38;2;67;92;55m██[38;2;67;92;55m██[38;2;67;92;55m██[38;2;67;92;55m██[38;2;35;54;27m██[38;2;35;54;27m██[38;2;119;217;119m██[38;2;91;166;91m██[38;2;119;217;119m██[38;2;35;54;27m██[38;2;35;54;27m██[38;2;16;16;16m██                                  
                                    [38;2;49;89;49m██[38;2;119;217;119m██[38;2;119;217;119m██[38;2;119;217;119m██[38;2;91;166;91m██[38;2;119;217;119m██[38;2;119;217;119m██[38;2;91;166;91m██[38;2;91;166;91m██[38;2;35;54;27m██[38;2;67;92;55m██[38;2;67;92;55m██[38;2;67;92;55m██[38;2;67;92;55m██[38;2;16;16;16m██[38;2;16;16;16m██                                            [38;2;16;16;16m██[38;2;67;92;55m██[38;2;67;92;55m██[38;2;67;92;55m██[38;2;35;54;27m██[38;2;49;89;49m██[38;2;119;217;119m██[38;2;119;217;119m██[38;2;119;217;119m██[38;2;91;166;91m██[38;2;119;217;119m██[38;2;49;89;49m██[38;2;119;217;119m██[38;2;49;89;49m██                                
                                    [38;2;16;16;16m██[38;2;16;16;16m██[38;2;16;16;16m██[38;2;49;89;49m██[38;2;119;217;119m██[38;2;119;217;119m██[38;2;91;166;91m██[38;2;91;166;91m██[38;2;91;166;91m██[38;2;35;54;27m██[38;2;16;16;16m██[38;2;16;16;16m██[38;2;16;16;16m██[38;2;16;16;16m██                                                [38;2;16;16;16m██[38;2;67;92;55m██[38;2;67;92;55m██[38;2;35;54;27m██[38;2;119;217;119m██[38;2;119;217;119m██[38;2;91;166;91m██[38;2;119;217;119m██[38;2;119;217;119m██[38;2;91;166;91m██[38;2;119;217;119m██[38;2;91;166;91m██[38;2;119;217;119m██[38;2;49;89;49m██                                
                                          [38;2;16;16;16m██[38;2;16;16;16m██[38;2;16;16;16m██[38;2;16;16;16m██[38;2;16;16;16m██[38;2;16;16;16m██[38;2;16;16;16m██                                                        [38;2;16;16;16m██[38;2;35;54;27m██[38;2;67;92;55m██[38;2;35;54;27m██[38;2;119;217;119m██[38;2;119;217;119m██[38;2;91;166;91m██[38;2;119;217;119m██[38;2;119;217;119m██[38;2;119;217;119m██[38;2;91;166;91m██[38;2;119;217;119m██[38;2;91;166;91m██[38;2;119;217;119m██[38;2;49;89;49m██                              
                                                                                                                  [38;2;16;16;16m██[38;2;16;16;16m██[38;2;16;16;16m██[38;2;16;16;16m██[38;2;119;217;119m██[38;2;119;217;119m██[38;2;49;89;49m██[38;2;119;217;119m██[38;2;119;217;119m██[38;2;91;166;91m██[38;2;119;217;119m██[38;2;49;89;49m██[38;2;119;217;119m██[38;2;49;89;49m██                              
                                                                                                                          [38;2;16;16;16m██[38;2;16;16;16m██[38;2;16;16;16m██[38;2;16;16;16m██[38;2;119;217;119m██[38;2;91;166;91m██[38;2;119;217;119m██[38;2;16;16;16m██[38;2;16;16;16m██[38;2;16;16;16m██                              
                                                                                                                                  [38;2;16;16;16m██[38;2;16;16;16m██[38;2;16;16;16m██[38;2;16;16;16m██                                  
