                                                                        [38;2;65;82;106m██[38;2;65;82;106m██                                                                                
                                                                    [38;2;65;82;106m██[38;2;65;82;106m██[38;2;156;189;230m██[38;2;205;222;255m██[38;2;65;82;106m██                                                                              
                                                                    [38;2;8;8;8m██[38;2;205;222;255m██[38;2;205;222;255m██[38;2;205;222;255m██[38;2;156;189;230m██[38;2;65;82;106m██                                                                            
                                                                    [38;2;8;8;8m██[38;2;205;222;255m██[38;2;205;222;255m██[38;2;205;222;255m██[38;2;205;222;255m██[38;2;8;8;8m██  [38;2;65;82;106m██[38;2;65;82;106m██                                                                      
                                                              [38;2;65;82;106m██[38;2;65;82;106m██[38;2;8;8;8m██[38;2;205;222;255m██[38;2;205;222;255m██[38;2;205;222;255m██[38;2;205;222;255m██[38;2;205;222;255m██[38;2;205;222;255m██[38;2;65;82;106m██[38;2;205;222;255m██[38;2;205;222;255m██[38;2;8;8;8m██                                                                    
                                                            [38;2;65;82;106m██[38;2;205;222;255m██[38;2;205;222;255m██[38;2;8;8;8m██[38;2;205;222;255m██[38;2;205;222;255m██[38;2;205;222;255m██[38;2;205;222;255m██[38;2;205;222;255m██[38;2;65;82;106m██[38;2;156;189;230m██[38;2;205;222;255m██[38;2;205;222;255m██[38;2;205;222;255m██[38;2;8;8;8m██                                                                  
                                                            [38;2;65;82;106m██[38;2;205;222;255m██[38;2;8;8;8m██[38;2;205;222;255m██[38;2;205;222;255m██[38;2;205;222;255m██[38;2;205;222;255m██[38;2;205;222;255m██[38;2;205;222;255m██[38;2;65;82;106m██[38;2;205;222;255m██[38;2;205;222;255m██[38;2;205;222;255m██[38;2;205;222;255m██[38;2;8;8;8m██                                                                  
                                                              [38;2;8;8;8m██[38;2;205;222;255m██[38;2;205;222;255m██[38;2;205;222;255m██[38;2;205;222;255m██[38;2;205;222;255m██[38;2;65;82;106m██[38;2;205;222;255m██[38;2;205;222;255m██[38;2;205;222;255m██[38;2;205;222;255m██[38;2;205;222;255m██[38;2;8;8;8m██                                                                    
                                                            [38;2;8;8;8m██[38;2;205;222;255m██[38;2;205;222;255m██[38;2;205;222;255m██[38;2;205;222;255m██[38;2;8;8;8m██[38;2;8;8;8m██[38;2;65;82;106m██[38;2;205;222;255m██[38;2;205;222;255m██[38;2;205;222;255m██[38;2;65;82;106m██[38;2;8;8;8m██                                                                      
                                                        [38;2;65;82;106m██[38;2;65;82;106m██[38;2;205;222;255m██[38;2;205;222;255m██[38;2;205;222;255m██[38;2;65;82;106m██[38;2;8;8;8m██[38;2;205;222;255m██[38;2;8;8;8m██[38;2;205;222;255m██[38;2;205;222;255m██[38;2;205;222;255m██[38;2;205;222;255m██[38;2;205;222;255m██[38;2;65;82;106m██                                                                      
                                                      [38;2;65;82;106m██[38;2;205;222;255m██[38;2;205;222;255m██[38;2;205;222;255m██[38;2;65;82;106m██[38;2;65;82;106m██[38;2;156;189;230m██[38;2;65;82;106m██[38;2;8;8;8m██[38;2;65;82;106m██[38;2;205;222;255m██[38;2;205;222;255m██[38;2;205;222;255m██[38;2;205;222;255m██[38;2;205;222;255m██[38;2;65;82;106m██                                                                      
                                                    [38;2;8;8;8m██[38;2;98;41;115m██[38;2;98;41;115m██[38;2;8;8;8m██[38;2;205;222;255m██[38;2;205;222;255m██[38;2;205;222;255m██[38;2;205;222;255m██[38;2;205;222;255m██[38;2;65;82;106m██[38;2;205;222;255m██[38;2;205;222;255m██[38;2;205;222;255m██[38;2;205;222;255m██[38;2;205;222;255m██[38;2;205;222;255m██[38;2;205;222;255m██[38;2;65;82;106m██                                                                    
                                                    [38;2;8;8;8m██[38;2;8;8;8m██[38;2;8;8;8m██[38;2;115;172;255m██[38;2;82;131;222m██[38;2;205;222;255m██[38;2;205;222;255m██[38;2;205;222;255m██[38;2;205;222;255m██[38;2;205;222;255m██[38;2;205;222;255m██[38;2;82;131;222m██[38;2;57;98;189m██[38;2;57;98;189m██[38;2;205;222;255m██[38;2;205;222;255m██[38;2;205;222;255m██[38;2;65;82;106m██                                                                    
                                                      [38;2;65;82;106m██[38;2;115;172;255m██[38;2;115;172;255m██[38;2;115;172;255m██[38;2;82;131;222m██[38;2;82;131;222m██[38;2;205;222;255m██[38;2;205;222;255m██[38;2;205;222;255m██[38;2;82;131;222m██[38;2;115;172;255m██[38;2;115;172;255m██[38;2;82;131;222m██[38;2;82;131;222m██[38;2;205;222;255m██[38;2;205;222;255m██[38;2;205;222;255m██[38;2;65;82;106m██                                                                  
                                                        [38;2;65;82;106m██[38;2;65;82;106m██[38;2;115;172;255m██[38;2;115;172;255m██[38;2;115;172;255m██[38;2;82;131;222m██[38;2;82;131;222m██[38;2;82;131;222m██[38;2;115;172;255m██[38;2;115;172;255m██[38;2;115;172;255m██[38;2;115;172;255m██[38;2;57;98;189m██[38;2;205;222;255m██[38;2;205;222;255m██[38;2;205;222;255m██[38;2;65;82;106m██                                                                  
                                                          [38;2;82;131;222m██[38;2;57;98;189m██[38;2;65;82;106m██[38;2;65;82;106m██[38;2;65;82;106m██[38;2;115;172;255m██[38;2;115;172;255m██[38;2;115;172;255m██[38;2;115;172;255m██[38;2;115;172;255m██[38;2;115;172;255m██[38;2;57;98;189m██[38;2;205;222;255m██[38;2;205;222;255m██[38;2;205;222;255m██[38;2;205;222;255m██[38;2;65;82;106m██                                              [38;2;65;82;106m██[38;2;65;82;106m██[38;2;65;82;106m██            
                [38;2;65;82;106m██[38;2;65;82;106m██[38;2;65;82;106m██                                  [38;2;82;131;222m██[38;2;115;172;255m██[38;2;57;98;189m██[38;2;115;172;255m██[38;2;115;172;255m██[38;2;115;172;255m██[38;2;65;82;106m██[38;2;115;172;255m██[38;2;115;172;255m██[38;2;115;172;255m██[38;2;115;172;255m██[38;2;115;172;255m██[38;2;115;172;255m██[38;2;57;98;189m██[38;2;205;222;255m██[38;2;205;222;255m██[38;2;205;222;255m██[38;2;205;222;255m██[38;2;65;82;106m██                                      [38;2;8;8;8m██[38;2;8;8;8m██[38;2;65;82;106m██[38;2;205;222;255m██[38;2;205;222;255m██[38;2;205;222;255m██[38;2;65;82;106m██          
              [38;2;65;82;106m██[38;2;205;222;255m██[38;2;205;222;255m██[38;2;205;222;255m██[38;2;8;8;8m██[38;2;8;8;8m██                              [38;2;82;131;222m██[38;2;115;172;255m██[38;2;115;172;255m██[38;2;115;172;255m██[38;2;115;172;255m██[38;2;115;172;255m██[38;2;115;172;255m██[38;2;115;172;255m██[38;2;115;172;255m██[38;2;115;172;255m██[38;2;115;172;255m██[38;2;115;172;255m██[38;2;115;172;255m██[38;2;57;98;189m██[38;2;205;222;255m██[38;2;205;222;255m██[38;2;205;222;255m██[38;2;205;222;255m██[38;2;65;82;106m██                                  [38;2;8;8;8m██[38;2;8;8;8m██[38;2;98;41;115m██[38;2;180;98;197m██[38;2;205;222;255m██[38;2;205;222;255m██[38;2;205;222;255m██[38;2;205;222;255m██[38;2;205;222;255m██[38;2;65;82;106m██        
          [38;2;8;8;8m██[38;2;8;8;8m██[38;2;156;189;230m██[38;2;205;222;255m██[38;2;205;222;255m██[38;2;98;41;115m██[38;2;98;41;115m██[38;2;98;41;115m██[38;2;8;8;8m██                          [38;2;82;131;222m██[38;2;115;172;255m██[38;2;115;172;255m██[38;2;82;131;222m██[38;2;115;172;255m██[38;2;115;172;255m██[38;2;115;172;255m██[38;2;115;172;255m██[38;2;115;172;255m██[38;2;57;98;189m██[38;2;115;172;255m██[38;2;115;172;255m██[38;2;115;172;255m██[38;2;115;172;255m██[38;2;57;98;189m██[38;2;205;222;255m██[38;2;205;222;255m██[38;2;205;222;255m██[38;2;205;222;255m██[38;2;205;222;255m██[38;2;65;82;106m██                              [38;2;8;8;8m██[38;2;98;41;115m██[38;2;98;41;115m██[38;2;98;41;115m██[38;2;98;41;115m██[38;2;205;222;255m██[38;2;205;222;255m██[38;2;205;222;255m██[38;2;205;222;255m██[38;2;8;8;8m██[38;2;8;8;8m██        
      [38;2;65;82;106m██[38;2;65;82;106m██[38;2;205;222;255m██[38;2;205;222;255m██[38;2;8;8;8m██[38;2;205;222;255m██[38;2;205;222;255m██[38;2;8;8;8m██[38;2;98;41;115m██[38;2;98;41;115m██[38;2;98;41;115m██[38;2;8;8;8m██                        [38;2;82;131;222m██[38;2;115;172;255m██[38;2;115;172;255m██[38;2;82;131;222m██[38;2;57;98;189m██[38;2;115;172;255m██[38;2;115;172;255m██[38;2;115;172;255m██[38;2;115;172;255m██[38;2;115;172;255m██[38;2;82;131;222m██[38;2;115;172;255m██[38;2;115;172;255m██[38;2;115;172;255m██[38;2;115;172;255m██[38;2;57;98;189m██[38;2;205;222;255m██[38;2;205;222;255m██[38;2;205;222;255m██[38;2;205;222;255m██[38;2;205;222;255m██[38;2;65;82;106m██                              [38;2;8;8;8m██[38;2;8;8;8m██[38;2;8;8;8m██[38;2;156;189;230m██[38;2;156;189;230m██[38;2;205;222;255m██[38;2;65;82;106m██[38;2;65;82;106m██[38;2;205;222;255m██[38;2;205;222;255m██[38;2;8;8;8m██      
    [38;2;65;82;106m██[38;2;205;222;255m██[38;2;205;222;255m██[38;2;180;98;197m██[38;2;98;41;115m██[38;2;98;41;115m██[38;2;8;8;8m██[38;2;156;189;230m██[38;2;156;189;230m██[38;2;8;8;8m██[38;2;8;8;8m██[38;2;8;8;8m██[38;2;8;8;8m██                      [38;2;82;131;222m██[38;2;115;172;255m██[38;2;115;172;255m██[38;2;115;172;255m██[38;2;115;172;255m██[38;2;57;98;189m██[38;2;115;172;255m██[38;2;115;172;255m██[38;2;115;172;255m██[38;2;115;172;255m██[38;2;115;172;255m██[38;2;57;98;189m██[38;2;115;172;255m██[38;2;115;172;255m██[38;2;115;172;255m██[38;2;115;172;255m██[38;2;57;98;189m██[38;2;205;222;255m██[38;2;205;222;255m██[38;2;205;222;255m██[38;2;205;222;255m██[38;2;8;8;8m██[38;2;65;82;106m██                                [38;2;8;8;8m██[38;2;156;189;230m██[38;2;156;189;230m██[38;2;8;8;8m██[38;2;8;8;8m██[38;2;205;222;255m██[38;2;205;222;255m██[38;2;205;222;255m██[38;2;205;222;255m██[38;2;205;222;255m██[38;2;8;8;8m██    
    [38;2;65;82;106m██[38;2;205;222;255m██[38;2;205;222;255m██[38;2;8;8;8m██[38;2;98;41;115m██[38;2;98;41;115m██[38;2;98;41;115m██[38;2;8;8;8m██[38;2;156;189;230m██[38;2;156;189;230m██[38;2;156;189;230m██[38;2;8;8;8m██                        [38;2;82;131;222m██[38;2;115;172;255m██[38;2;115;172;255m██[38;2;115;172;255m██[38;2;82;131;222m██[38;2;57;98;189m██[38;2;115;172;255m██[38;2;115;172;255m██[38;2;115;172;255m██[38;2;115;172;255m██[38;2;115;172;255m██[38;2;82;131;222m██[38;2;57;98;189m██[38;2;115;172;255m██[38;2;115;172;255m██[38;2;115;172;255m██[38;2;57;98;189m██[38;2;205;222;255m██[38;2;205;222;255m██[38;2;205;222;255m██[38;2;205;222;255m██[38;2;205;222;255m██[38;2;8;8;8m██                              [38;2;65;82;106m██[38;2;8;8;8m██[38;2;156;189;230m██[38;2;8;8;8m██[38;2;98;41;115m██[38;2;98;41;115m██[38;2;180;98;197m██[38;2;205;222;255m██[38;2;205;222;255m██[38;2;205;222;255m██[38;2;205;222;255m██[38;2;8;8;8m██    
  [38;2;65;82;106m██[38;2;205;222;255m██[38;2;205;222;255m██[38;2;156;189;230m██[38;2;65;82;106m██[38;2;8;8;8m██[38;2;8;8;8m██[38;2;8;8;8m██[38;2;8;8;8m██[38;2;156;189;230m██[38;2;65;82;106m██[38;2;8;8;8m██                        [38;2;82;131;222m██[38;2;213;213;255m██[38;2;213;213;255m██[38;2;82;131;222m██[38;2;57;98;189m██[38;2;205;222;255m██[38;2;205;222;255m██[38;2;57;98;189m██[38;2;115;172;255m██[38;2;115;172;255m██[38;2;115;172;255m██[38;2;115;172;255m██[38;2;82;131;222m██[38;2;205;222;255m██[38;2;57;98;189m██[38;2;115;172;255m██[38;2;115;172;255m██[38;2;213;213;255m██[38;2;57;98;189m██[38;2;205;222;255m██[38;2;205;222;255m██[38;2;205;222;255m██[38;2;205;222;255m██[38;2;205;222;255m██[38;2;8;8;8m██                            [38;2;65;82;106m██[38;2;205;222;255m██[38;2;8;8;8m██[38;2;98;41;115m██[38;2;98;41;115m██[38;2;98;41;115m██[38;2;8;8;8m██[38;2;205;222;255m██[38;2;205;222;255m██[38;2;205;222;255m██[38;2;205;222;255m██[38;2;205;222;255m██[38;2;65;82;106m██  
  [38;2;65;82;106m██[38;2;8;8;8m██[38;2;8;8;8m██[38;2;8;8;8m██[38;2;156;189;230m██[38;2;156;189;230m██[38;2;156;189;230m██[38;2;156;189;230m██[38;2;8;8;8m██[38;2;156;189;230m██[38;2;156;189;230m██[38;2;8;8;8m██                        [38;2;82;131;222m██[38;2;213;213;255m██[38;2;57;98;189m██[38;2;57;98;189m██[38;2;205;222;255m██[38;2;205;222;255m██[38;2;205;222;255m██[38;2;57;98;189m██[38;2;115;172;255m██[38;2;115;172;255m██[38;2;115;172;255m██[38;2;115;172;255m██[38;2;82;131;222m██[38;2;205;222;255m██[38;2;205;222;255m██[38;2;57;98;189m██[38;2;213;213;255m██[38;2;213;213;255m██[38;2;57;98;189m██[38;2;205;222;255m██[38;2;205;222;255m██[38;2;205;222;255m██[38;2;205;222;255m██[38;2;205;222;255m██[38;2;205;222;255m██[38;2;8;8;8m██[38;2;8;8;8m██                      [38;2;8;8;8m██[38;2;205;222;255m██[38;2;205;222;255m██[38;2;8;8;8m██[38;2;8;8;8m██[38;2;8;8;8m██[38;2;8;8;8m██[38;2;156;189;230m██[38;2;205;222;255m██[38;2;205;222;255m██[38;2;205;222;255m██[38;2;205;222;255m██[38;2;205;222;255m██[38;2;65;82;106m██  
  [38;2;8;8;8m██[38;2;205;222;255m██[38;2;205;222;255m██[38;2;156;189;230m██[38;2;8;8;8m██[38;2;156;189;230m██[38;2;156;189;230m██[38;2;8;8;8m██[38;2;98;41;115m██[38;2;98;41;115m██[38;2;180;98;197m██[38;2;8;8;8m██[38;2;65;82;106m██[38;2;65;82;106m██                    [38;2;57;98;189m██[38;2;57;98;189m██[38;2;205;222;255m██[38;2;205;222;255m██[38;2;205;222;255m██[38;2;205;222;255m██[38;2;205;222;255m██[38;2;205;222;255m██[38;2;57;98;189m██[38;2;115;172;255m██[38;2;115;172;255m██[38;2;115;172;255m██[38;2;57;98;189m██[38;2;205;222;255m██[38;2;205;222;255m██[38;2;205;222;255m██[38;2;57;98;189m██[38;2;213;213;255m██[38;2;57;98;189m██[38;2;205;222;255m██[38;2;205;222;255m██[38;2;205;222;255m██[38;2;205;222;255m██[38;2;205;222;255m██[38;2;205;222;255m██[38;2;205;222;255m██[38;2;205;222;255m██[38;2;8;8;8m██                  [38;2;65;82;106m██[38;2;8;8;8m██[38;2;205;222;255m██[38;2;205;222;255m██[38;2;98;41;115m██[38;2;98;41;115m██[38;2;8;8;8m██[38;2;156;189;230m██[38;2;156;189;230m██[38;2;156;189;230m██[38;2;65;82;106m██[38;2;65;82;106m██[38;2;65;82;106m██[38;2;205;222;255m██[38;2;65;82;106m██  
[38;2;65;82;106m██[38;2;205;222;255m██[38;2;205;222;255m██[38;2;180;98;197m██[38;2;98;41;115m██[38;2;98;41;115m██[38;2;8;8;8m██[38;2;180;98;197m██[38;2;98;41;115m██[38;2;98;41;115m██[38;2;98;41;115m██[38;2;98;41;115m██[38;2;156;189;230m██[38;2;156;189;230m██[38;2;205;222;255m██[38;2;65;82;106m██[38;2;65;82;106m██            [38;2;65;82;106m██[38;2;65;82;106m██[38;2;205;222;255m██[38;2;205;222;255m██[38;2;205;222;255m██[38;2;205;222;255m██[38;2;156;189;230m██[38;2;205;222;255m██[38;2;205;222;255m██[38;2;205;222;255m██[38;2;57;98;189m██[38;2;115;172;255m██[38;2;115;172;255m██[38;2;115;172;255m██[38;2;57;98;189m██[38;2;205;222;255m██[38;2;205;222;255m██[38;2;205;222;255m██[38;2;205;222;255m██[38;2;57;98;189m██[38;2;57;98;189m██[38;2;205;222;255m██[38;2;205;222;255m██[38;2;205;222;255m██[38;2;205;222;255m██[38;2;205;222;255m██[38;2;205;222;255m██[38;2;205;222;255m██[38;2;205;222;255m██[38;2;205;222;255m██[38;2;65;82;106m██[38;2;65;82;106m██      [38;2;65;82;106m██[38;2;65;82;106m██[38;2;65;82;106m██[38;2;65;82;106m██[38;2;205;222;255m██[38;2;8;8;8m██[38;2;205;222;255m██[38;2;205;222;255m██[38;2;98;41;115m██[38;2;98;41;115m██[38;2;98;41;115m██[38;2;156;189;230m██[38;2;8;8;8m██[38;2;8;8;8m██[38;2;205;222;255m██[38;2;205;222;255m██[38;2;205;222;255m██[38;2;8;8;8m██[38;2;65;82;106m██  
[38;2;8;8;8m██[38;2;205;222;255m██[38;2;205;222;255m██[38;2;8;8;8m██[38;2;98;41;115m██[38;2;98;41;115m██[38;2;8;8;8m██[38;2;98;41;115m██[38;2;98;41;115m██[38;2;98;41;115m██[38;2;98;41;115m██[38;2;180;98;197m██[38;2;156;189;230m██[38;2;205;222;255m██[38;2;205;222;255m██[38;2;205;222;255m██[38;2;205;222;255m██[38;2;65;82;106m██[38;2;65;82;106m██[38;2;65;82;106m██    [38;2;8;8;8m██[38;2;65;82;106m██[38;2;205;222;255m██[38;2;205;222;255m██[38;2;205;222;255m██[38;2;205;222;255m██[38;2;205;222;255m██[38;2;156;189;230m██[38;2;205;222;255m██[38;2;205;222;255m██[38;2;205;222;255m██[38;2;57;98;189m██[38;2;115;172;255m██[38;2;115;172;255m██[38;2;115;172;255m██[38;2;57;98;189m██[38;2;205;222;255m██[38;2;205;222;255m██[38;2;205;222;255m██[38;2;205;222;255m██[38;2;205;222;255m██[38;2;205;222;255m██[38;2;205;222;255m██[38;2;205;222;255m██[38;2;205;222;255m██[38;2;205;222;255m██[38;2;205;222;255m██[38;2;205;222;255m██[38;2;205;222;255m██[38;2;205;222;255m██[38;2;205;222;255m██[38;2;205;222;255m██[38;2;205;222;255m██[38;2;65;82;106m██[38;2;65;82;106m██[38;2;65;82;106m██[38;2;205;222;255m██[38;2;205;222;255m██[38;2;205;222;255m██[38;2;205;222;255m██[38;2;205;222;255m██[38;2;205;222;255m██[38;2;205;222;255m██[38;2;156;189;230m██[38;2;98;41;115m██[38;2;98;41;115m██[38;2;98;41;115m██[38;2;8;8;8m██[38;2;98;41;115m██[38;2;98;41;115m██[38;2;180;98;197m██[38;2;205;222;255m██[38;2;205;222;255m██[38;2;205;222;255m██[38;2;8;8;8m██  
[38;2;8;8;8m██[38;2;205;222;255m██[38;2;205;222;255m██[38;2;156;189;230m██[38;2;8;8;8m██[38;2;8;8;8m██[38;2;8;8;8m██[38;2;98;41;115m██[38;2;98;41;115m██[38;2;98;41;115m██[38;2;98;41;115m██[38;2;156;189;230m██[38;2;156;189;230m██[38;2;205;222;255m██[38;2;205;222;255m██[38;2;205;222;255m██[38;2;205;222;255m██[38;2;205;222;255m██[38;2;205;222;255m██[38;2;205;222;255m██[38;2;65;82;106m██[38;2;65;82;106m██[38;2;205;222;255m██[38;2;205;222;255m██[38;2;205;222;255m██[38;2;205;222;255m██[38;2;205;222;255m██[38;2;205;222;255m██[38;2;156;189;230m██[38;2;205;222;255m██[38;2;205;222;255m██[38;2;205;222;255m██[38;2;57;98;189m██[38;2;115;172;255m██[38;2;115;172;255m██[38;2;115;172;255m██[38;2;115;172;255m██[38;2;57;98;189m██[38;2;205;222;255m██[38;2;205;222;255m██[38;2;205;222;255m██[38;2;205;222;255m██[38;2;205;222;255m██[38;2;205;222;255m██[38;2;205;222;255m██[38;2;205;222;255m██[38;2;8;8;8m██[38;2;205;222;255m██[38;2;205;222;255m██[38;2;205;222;255m██[38;2;205;222;255m██[38;2;205;222;255m██[38;2;205;222;255m██[38;2;205;222;255m██[38;2;205;222;255m██[38;2;205;222;255m██[38;2;205;222;255m██[38;2;205;222;255m██[38;2;205;222;255m██[38;2;205;222;255m██[38;2;205;222;255m██[38;2;205;222;255m██[38;2;205;222;255m██[38;2;205;222;255m██[38;2;205;222;255m██[38;2;156;189;230m██[38;2;180;98;197m██[38;2;98;41;115m██[38;2;8;8;8m██[38;2;98;41;115m██[38;2;98;41;115m██[38;2;98;41;115m██[38;2;98;41;115m██[38;2;205;222;255m██[38;2;205;222;255m██[38;2;205;222;255m██[38;2;205;222;255m██[38;2;8;8;8m██
[38;2;8;8;8m██[38;2;205;222;255m██[38;2;205;222;255m██[38;2;205;222;255m██[38;2;156;189;230m██[38;2;180;98;197m██[38;2;98;41;115m██[38;2;98;41;115m██[38;2;98;41;115m██[38;2;98;41;115m██[38;2;156;189;230m██[38;2;65;82;106m██[38;2;205;222;255m██[38;2;205;222;255m██[38;2;205;222;255m██[38;2;205;222;255m██[38;2;205;222;255m██[38;2;205;222;255m██[38;2;205;222;255m██[38;2;205;222;255m██[38;2;205;222;255m██[38;2;205;222;255m██[38;2;205;222;255m██[38;2;205;222;255m██[38;2;205;222;255m██[38;2;205;222;255m██[38;2;205;222;255m██[38;2;205;222;255m██[38;2;156;189;230m██[38;2;205;222;255m██[38;2;205;222;255m██[38;2;57;98;189m██[38;2;115;172;255m██[38;2;115;172;255m██[38;2;115;172;255m██[38;2;115;172;255m██[38;2;115;172;255m██[38;2;57;98;189m██[38;2;205;222;255m██[38;2;205;222;255m██[38;2;205;222;255m██[38;2;205;222;255m██[38;2;205;222;255m██[38;2;205;222;255m██[38;2;205;222;255m██[38;2;156;189;230m██[38;2;156;189;230m██[38;2;65;82;106m██[38;2;205;222;255m██[38;2;205;222;255m██[38;2;205;222;255m██[38;2;205;222;255m██[38;2;205;222;255m██[38;2;205;222;255m██[38;2;205;222;255m██[38;2;205;222;255m██[38;2;205;222;255m██[38;2;205;222;255m██[38;2;205;222;255m██[38;2;205;222;255m██[38;2;205;222;255m██[38;2;205;222;255m██[38;2;205;222;255m██[38;2;205;222;255m██[38;2;205;222;255m██[38;2;156;189;230m██[38;2;156;189;230m██[38;2;98;41;115m██[38;2;98;41;115m██[38;2;8;8;8m██[38;2;8;8;8m██[38;2;8;8;8m██[38;2;205;222;255m██[38;2;205;222;255m██[38;2;205;222;255m██[38;2;205;222;255m██[38;2;205;222;255m██[38;2;8;8;8m██
  [38;2;8;8;8m██[38;2;205;222;255m██[38;2;205;222;255m██[38;2;156;189;230m██[38;2;156;189;230m██[38;2;98;41;115m██[38;2;98;41;115m██[38;2;156;189;230m██[38;2;156;189;230m██[38;2;8;8;8m██[38;2;205;222;255m██[38;2;205;222;255m██[38;2;205;222;255m██[38;2;205;222;255m██[38;2;205;222;255m██[38;2;205;222;255m██[38;2;205;222;255m██[38;2;205;222;255m██[38;2;205;222;255m██[38;2;205;222;255m██[38;2;205;222;255m██[38;2;205;222;255m██[38;2;205;222;255m██[38;2;205;222;255m██[38;2;205;222;255m██[38;2;205;222;255m██[38;2;205;222;255m██[38;2;205;222;255m██[38;2;205;222;255m██[38;2;205;222;255m██[38;2;57;98;189m██[38;2;115;172;255m██[38;2;115;172;255m██[38;2;115;172;255m██[38;2;115;172;255m██[38;2;57;98;189m██[38;2;205;222;255m██[38;2;205;222;255m██[38;2;205;222;255m██[38;2;205;222;255m██[38;2;205;222;255m██[38;2;205;222;255m██[38;2;205;222;255m██[38;2;205;222;255m██[38;2;205;222;255m██[38;2;205;222;255m██[38;2;156;189;230m██[38;2;65;82;106m██[38;2;205;222;255m██[38;2;205;222;255m██[38;2;205;222;255m██[38;2;205;222;255m██[38;2;205;222;255m██[38;2;205;222;255m██[38;2;205;222;255m██[38;2;205;222;255m██[38;2;205;222;255m██[38;2;205;222;255m██[38;2;205;222;255m██[38;2;205;222;255m██[38;2;205;222;255m██[38;2;205;222;255m██[38;2;205;222;255m██[38;2;205;222;255m██[38;2;156;189;230m██[38;2;156;189;230m██[38;2;180;98;197m██[38;2;98;41;115m██[38;2;65;82;106m██[38;2;156;189;230m██[38;2;156;189;230m██[38;2;205;222;255m██[38;2;205;222;255m██[38;2;205;222;255m██[38;2;205;222;255m██[38;2;205;222;255m██[38;2;8;8;8m██
  [38;2;8;8;8m██[38;2;205;222;255m██[38;2;205;222;255m██[38;2;205;222;255m██[38;2;156;189;230m██[38;2;156;189;230m██[38;2;156;189;230m██[38;2;8;8;8m██[38;2;8;8;8m██[38;2;205;222;255m██[38;2;205;222;255m██[38;2;205;222;255m██[38;2;205;222;255m██[38;2;205;222;255m██[38;2;205;222;255m██[38;2;205;222;255m██[38;2;205;222;255m██[38;2;205;222;255m██[38;2;205;222;255m██[38;2;205;222;255m██[38;2;205;222;255m██[38;2;205;222;255m██[38;2;205;222;255m██[38;2;205;222;255m██[38;2;205;222;255m██[38;2;205;222;255m██[38;2;8;8;8m██[38;2;205;222;255m██[38;2;205;222;255m██[38;2;205;222;255m██[38;2;205;222;255m██[38;2;57;98;189m██[38;2;115;172;255m██[38;2;115;172;255m██[38;2;115;172;255m██[38;2;57;98;189m██[38;2;205;222;255m██[38;2;205;222;255m██[38;2;205;222;255m██[38;2;205;222;255m██[38;2;205;222;255m██[38;2;205;222;255m██[38;2;205;222;255m██[38;2;205;222;255m██[38;2;205;222;255m██[38;2;205;222;255m██[38;2;205;222;255m██[38;2;205;222;255m██[38;2;8;8;8m██[38;2;205;222;255m██[38;2;205;222;255m██[38;2;205;222;255m██[38;2;205;222;255m██[38;2;205;222;255m██[38;2;205;222;255m██[38;2;205;222;255m██[38;2;205;222;255m██[38;2;205;222;255m██[38;2;205;222;255m██[38;2;205;222;255m██[38;2;205;222;255m██[38;2;205;222;255m██[38;2;205;222;255m██[38;2;205;222;255m██[38;2;65;82;106m██[38;2;156;189;230m██[38;2;156;189;230m██[38;2;98;41;115m██[38;2;180;98;197m██[38;2;156;189;230m██[38;2;156;189;230m██[38;2;205;222;255m██[38;2;205;222;255m██[38;2;205;222;255m██[38;2;205;222;255m██[38;2;205;222;255m██[38;2;8;8;8m██
    [38;2;8;8;8m██[38;2;205;222;255m██[38;2;205;222;255m██[38;2;205;222;255m██[38;2;205;222;255m██[38;2;205;222;255m██[38;2;205;222;255m██[38;2;205;222;255m██[38;2;205;222;255m██[38;2;205;222;255m██[38;2;205;222;255m██[38;2;205;222;255m██[38;2;205;222;255m██[38;2;205;222;255m██[38;2;205;222;255m██[38;2;205;222;255m██[38;2;205;222;255m██[38;2;205;222;255m██[38;2;205;222;255m██[38;2;205;222;255m██[38;2;205;222;255m██[38;2;205;222;255m██[38;2;205;222;255m██[38;2;205;222;255m██[38;2;8;8;8m██[38;2;205;222;255m██[38;2;205;222;255m██[38;2;205;222;255m██[38;2;205;222;255m██[38;2;205;222;255m██[38;2;57;98;189m██[38;2;57;98;189m██[38;2;213;213;255m██[38;2;213;213;255m██[38;2;57;98;189m██[38;2;205;222;255m██[38;2;205;222;255m██[38;2;205;222;255m██[38;2;205;222;255m██[38;2;205;222;255m██[38;2;205;222;255m██[38;2;205;222;255m██[38;2;205;222;255m██[38;2;205;222;255m██[38;2;205;222;255m██[38;2;205;222;255m██[38;2;205;222;255m██[38;2;205;222;255m██[38;2;8;8;8m██[38;2;205;222;255m██[38;2;205;222;255m██[38;2;205;222;255m██[38;2;205;222;255m██[38;2;205;222;255m██[38;2;205;222;255m██[38;2;205;222;255m██[38;2;205;222;255m██[38;2;205;222;255m██[38;2;205;222;255m██[38;2;205;222;255m██[38;2;205;222;255m██[38;2;205;222;255m██[38;2;205;222;255m██[38;2;65;82;106m██[38;2;156;189;230m██[38;2;156;189;230m██[38;2;156;189;230m██[38;2;156;189;230m██[38;2;156;189;230m██[38;2;156;189;230m██[38;2;205;222;255m██[38;2;205;222;255m██[38;2;205;222;255m██[38;2;205;222;255m██[38;2;8;8;8m██  
      [38;2;8;8;8m██[38;2;205;222;255m██[38;2;205;222;255m██[38;2;205;222;255m██[38;2;205;222;255m██[38;2;205;222;255m██[38;2;205;222;255m██[38;2;205;222;255m██[38;2;205;222;255m██[38;2;205;222;255m██[38;2;205;222;255m██[38;2;205;222;255m██[38;2;205;222;255m██[38;2;205;222;255m██[38;2;205;222;255m██[38;2;205;222;255m██[38;2;205;222;255m██[38;2;205;222;255m██[38;2;205;222;255m██[38;2;205;222;255m██[38;2;205;222;255m██[38;2;205;222;255m██[38;2;65;82;106m██[38;2;8;8;8m██[38;2;205;222;255m██[38;2;205;222;255m██[38;2;205;222;255m██[38;2;205;222;255m██[38;2;205;222;255m██[38;2;205;222;255m██[38;2;57;98;189m██[38;2;213;213;255m██[38;2;213;213;255m██[38;2;57;98;189m██[38;2;205;222;255m██[38;2;205;222;255m██[38;2;205;222;255m██[38;2;205;222;255m██[38;2;205;222;255m██[38;2;205;222;255m██[38;2;205;222;255m██[38;2;205;222;255m██[38;2;205;222;255m██[38;2;205;222;255m██[38;2;205;222;255m██[38;2;205;222;255m██[38;2;205;222;255m██[38;2;205;222;255m██[38;2;8;8;8m██[38;2;205;222;255m██[38;2;205;222;255m██[38;2;205;222;255m██[38;2;205;222;255m██[38;2;205;222;255m██[38;2;205;222;255m██[38;2;205;222;255m██[38;2;205;222;255m██[38;2;205;222;255m██[38;2;205;222;255m██[38;2;205;222;255m██[38;2;205;222;255m██[38;2;205;222;255m██[38;2;156;189;230m██[38;2;65;82;106m██[38;2;156;189;230m██[38;2;156;189;230m██[38;2;156;189;230m██[38;2;156;189;230m██[38;2;205;222;255m██[38;2;205;222;255m██[38;2;205;222;255m██[38;2;205;222;255m██[38;2;205;222;255m██[38;2;8;8;8m██  
        [38;2;8;8;8m██[38;2;8;8;8m██[38;2;8;8;8m██[38;2;205;222;255m██[38;2;205;222;255m██[38;2;205;222;255m██[38;2;205;222;255m██[38;2;205;222;255m██[38;2;205;222;255m██[38;2;205;222;255m██[38;2;205;222;255m██[38;2;205;222;255m██[38;2;205;222;255m██[38;2;205;222;255m██[38;2;205;222;255m██[38;2;205;222;255m██[38;2;205;222;255m██[38;2;205;222;255m██[38;2;205;222;255m██[38;2;65;82;106m██[38;2;65;82;106m██[38;2;8;8;8m██[38;2;205;222;255m██[38;2;205;222;255m██[38;2;205;222;255m██[38;2;205;222;255m██[38;2;205;222;255m██[38;2;205;222;255m██[38;2;205;222;255m██[38;2;205;222;255m██[38;2;57;98;189m██[38;2;213;213;255m██[38;2;57;98;189m██[38;2;205;222;255m██[38;2;205;222;255m██[38;2;205;222;255m██[38;2;205;222;255m██[38;2;205;222;255m██[38;2;205;222;255m██[38;2;205;222;255m██[38;2;205;222;255m██[38;2;205;222;255m██[38;2;205;222;255m██[38;2;205;222;255m██[38;2;205;222;255m██[38;2;205;222;255m██[38;2;205;222;255m██[38;2;205;222;255m██[38;2;8;8;8m██[38;2;205;222;255m██[38;2;205;222;255m██[38;2;205;222;255m██[38;2;205;222;255m██[38;2;205;222;255m██[38;2;205;222;255m██[38;2;205;222;255m██[38;2;205;222;255m██[38;2;205;222;255m██[38;2;205;222;255m██[38;2;205;222;255m██[38;2;205;222;255m██[38;2;205;222;255m██[38;2;65;82;106m██[38;2;156;189;230m██[38;2;156;189;230m██[38;2;156;189;230m██[38;2;156;189;230m██[38;2;205;222;255m██[38;2;205;222;255m██[38;2;205;222;255m██[38;2;205;222;255m██[38;2;8;8;8m██    
              [38;2;8;8;8m██[38;2;8;8;8m██[38;2;8;8;8m██[38;2;205;222;255m██[38;2;205;222;255m██[38;2;205;222;255m██[38;2;205;222;255m██[38;2;205;222;255m██[38;2;205;222;255m██[38;2;205;222;255m██[38;2;205;222;255m██[38;2;205;222;255m██[38;2;205;222;255m██[38;2;8;8;8m██[38;2;65;82;106m██[38;2;65;82;106m██    [38;2;8;8;8m██[38;2;205;222;255m██[38;2;205;222;255m██[38;2;205;222;255m██[38;2;205;222;255m██[38;2;205;222;255m██[38;2;205;222;255m██[38;2;205;222;255m██[38;2;205;222;255m██[38;2;205;222;255m██[38;2;57;98;189m██[38;2;57;98;189m██[38;2;205;222;255m██[38;2;205;222;255m██[38;2;205;222;255m██[38;2;205;222;255m██[38;2;205;222;255m██[38;2;205;222;255m██[38;2;205;222;255m██[38;2;205;222;255m██[38;2;205;222;255m██[38;2;205;222;255m██[38;2;205;222;255m██[38;2;205;222;255m██[38;2;205;222;255m██[38;2;205;222;255m██[38;2;205;222;255m██[38;2;65;82;106m██[38;2;8;8;8m██[38;2;205;222;255m██[38;2;205;222;255m██[38;2;205;222;255m██[38;2;205;222;255m██[38;2;205;222;255m██[38;2;205;222;255m██[38;2;205;222;255m██[38;2;205;222;255m██[38;2;205;222;255m██[38;2;205;222;255m██[38;2;205;222;255m██[38;2;205;222;255m██[38;2;205;222;255m██[38;2;205;222;255m██[38;2;205;222;255m██[38;2;205;222;255m██[38;2;205;222;255m██[38;2;205;222;255m██[38;2;8;8;8m██[38;2;8;8;8m██        
                    [38;2;8;8;8m██[38;2;8;8;8m██[38;2;8;8;8m██[38;2;8;8;8m██[38;2;205;222;255m██[38;2;205;222;255m██[38;2;205;222;255m██[38;2;205;222;255m██[38;2;8;8;8m██[38;2;8;8;8m██        [38;2;8;8;8m██[38;2;205;222;255m██[38;2;205;222;255m██[38;2;205;222;255m██[38;2;205;222;255m██[38;2;205;222;255m██[38;2;205;222;255m██[38;2;205;222;255m██[38;2;205;222;255m██[38;2;205;222;255m██[38;2;205;222;255m██[38;2;205;222;255m██[38;2;205;222;255m██[38;2;205;222;255m██[38;2;205;222;255m██[38;2;205;222;255m██[38;2;205;222;255m██[38;2;205;222;255m██[38;2;205;222;255m██[38;2;205;222;255m██[38;2;205;222;255m██[38;2;205;222;255m██[38;2;205;222;255m██[38;2;205;222;255m██[38;2;205;222;255m██[38;2;205;222;255m██[38;2;205;222;255m██[38;2;205;222;255m██[38;2;65;82;106m██  [38;2;8;8;8m██[38;2;8;8;8m██[38;2;205;222;255m██[38;2;205;222;255m██[38;2;205;222;255m██[38;2;205;222;255m██[38;2;205;222;255m██[38;2;205;222;255m██[38;2;205;222;255m██[38;2;205;222;255m██[38;2;205;222;255m██[38;2;8;8;8m██[38;2;8;8;8m██[38;2;8;8;8m██[38;2;8;8;8m██[38;2;8;8;8m██[38;2;8;8;8m██[38;2;8;8;8m██            
                            [38;2;8;8;8m██[38;2;8;8;8m██[38;2;8;8;8m██[38;2;8;8;8m██            [38;2;8;8;8m██[38;2;205;222;255m██[38;2;205;222;255m██[38;2;205;222;255m██[38;2;205;222;255m██[38;2;205;222;255m██[38;2;205;222;255m██[38;2;205;222;255m██[38;2;205;222;255m██[38;2;205;222;255m██[38;2;205;222;255m██[38;2;205;222;255m██[38;2;205;222;255m██[38;2;205;222;255m██[38;2;205;222;255m██[38;2;205;222;255m██[38;2;205;222;255m██[38;2;205;222;255m██[38;2;205;222;255m██[38;2;205;222;255m██[38;2;205;222;255m██[38;2;205;222;255m██[38;2;205;222;255m██[38;2;205;222;255m██[38;2;205;222;255m██[38;2;205;222;255m██[38;2;205;222;255m██[38;2;205;222;255m██[38;2;205;222;255m██[38;2;65;82;106m██    [38;2;8;8;8m██[38;2;8;8;8m██[38;2;8;8;8m██[38;2;8;8;8m██[38;2;8;8;8m██[38;2;8;8;8m██[38;2;8;8;8m██[38;2;8;8;8m██[38;2;8;8;8m██                          
                                              [38;2;65;82;106m██[38;2;205;222;255m██[38;2;205;222;255m██[38;2;205;222;255m██[38;2;205;222;255m██[38;2;205;222;255m██[38;2;205;222;255m██[38;2;205;222;255m██[38;2;205;222;255m██[38;2;205;222;255m██[38;2;205;222;255m██[38;2;205;222;255m██[38;2;205;222;255m██[38;2;205;222;255m██[38;2;205;222;255m██[38;2;205;222;255m██[38;2;205;222;255m██[38;2;205;222;255m██[38;2;205;222;255m██[38;2;205;222;255m██[38;2;205;222;255m██[38;2;205;222;255m██[38;2;205;222;255m██[38;2;205;222;255m██[38;2;205;222;255m██[38;2;205;222;255m██[38;2;205;222;255m██[38;2;205;222;255m██[38;2;205;222;255m██[38;2;205;222;255m██[38;2;65;82;106m██                                                
                                              [38;2;65;82;106m██[38;2;205;222;255m██[38;2;205;222;255m██[38;2;205;222;255m██[38;2;205;222;255m██[38;2;205;222;255m██[38;2;205;222;255m██[38;2;205;222;255m██[38;2;205;222;255m██[38;2;205;222;255m██[38;2;205;222;255m██[38;2;205;222;255m██[38;2;205;222;255m██[38;2;205;222;255m██[38;2;205;222;255m██[38;2;205;222;255m██[38;2;205;222;255m██[38;2;205;222;255m██[38;2;205;222;255m██[38;2;205;222;255m██[38;2;205;222;255m██[38;2;205;222;255m██[38;2;205;222;255m██[38;2;205;222;255m██[38;2;205;222;255m██[38;2;205;222;255m██[38;2;205;222;255m██[38;2;205;222;255m██[38;2;205;222;255m██[38;2;205;222;255m██[38;2;65;82;106m██                                                
                                            [38;2;65;82;106m██[38;2;205;222;255m██[38;2;205;222;255m██[38;2;205;222;255m██[38;2;205;222;255m██[38;2;205;222;255m██[38;2;205;222;255m██[38;2;205;222;255m██[38;2;205;222;255m██[38;2;205;222;255m██[38;2;205;222;255m██[38;2;205;222;255m██[38;2;205;222;255m██[38;2;205;222;255m██[38;2;205;222;255m██[38;2;205;222;255m██[38;2;205;222;255m██[38;2;205;222;255m██[38;2;205;222;255m██[38;2;205;222;255m██[38;2;205;222;255m██[38;2;205;222;255m██[38;2;205;222;255m██[38;2;205;222;255m██[38;2;205;222;255m██[38;2;205;222;255m██[38;2;205;222;255m██[38;2;205;222;255m██[38;2;205;222;255m██[38;2;205;222;255m██[38;2;205;222;255m██[38;2;205;222;255m██[38;2;65;82;106m██                                              
                                            [38;2;65;82;106m██[38;2;205;222;255m██[38;2;205;222;255m██[38;2;205;222;255m██[38;2;205;222;255m██[38;2;205;222;255m██[38;2;205;222;255m██[38;2;205;222;255m██[38;2;205;222;255m██[38;2;205;222;255m██[38;2;205;222;255m██[38;2;205;222;255m██[38;2;205;222;255m██[38;2;205;222;255m██[38;2;205;222;255m██[38;2;205;222;255m██[38;2;205;222;255m██[38;2;205;222;255m██[38;2;205;222;255m██[38;2;205;222;255m██[38;2;205;222;255m██[38;2;205;222;255m██[38;2;205;222;255m██[38;2;205;222;255m██[38;2;205;222;255m██[38;2;205;222;255m██[38;2;205;222;255m██[38;2;205;222;255m██[38;2;205;222;255m██[38;2;205;222;255m██[38;2;205;222;255m██[38;2;205;222;255m██[38;2;8;8;8m██                                              
                                          [38;2;65;82;106m██[38;2;205;222;255m██[38;2;205;222;255m██[38;2;205;222;255m██[38;2;205;222;255m██[38;2;205;222;255m██[38;2;65;82;106m██[38;2;65;82;106m██[38;2;205;222;255m██[38;2;205;222;255m██[38;2;205;222;255m██[38;2;205;222;255m██[38;2;205;222;255m██[38;2;205;222;255m██[38;2;205;222;255m██[38;2;205;222;255m██[38;2;205;222;255m██[38;2;205;222;255m██[38;2;205;222;255m██[38;2;205;222;255m██[38;2;205;222;255m██[38;2;205;222;255m██[38;2;205;222;255m██[38;2;205;222;255m██[38;2;205;222;255m██[38;2;205;222;255m██[38;2;205;222;255m██[38;2;205;222;255m██[38;2;205;222;255m██[38;2;205;222;255m██[38;2;205;222;255m██[38;2;205;222;255m██[38;2;205;222;255m██[38;2;8;8;8m██                                              
                                          [38;2;65;82;106m██[38;2;205;222;255m██[38;2;205;222;255m██[38;2;205;222;255m██[38;2;205;222;255m██[38;2;205;222;255m██[38;2;65;82;106m██[38;2;205;222;255m██[38;2;65;82;106m██[38;2;156;189;230m██[38;2;205;222;255m██[38;2;205;222;255m██[38;2;205;222;255m██[38;2;205;222;255m██[38;2;205;222;255m██[38;2;205;222;255m██[38;2;205;222;255m██[38;2;205;222;255m██[38;2;205;222;255m██[38;2;205;222;255m██[38;2;205;222;255m██[38;2;205;222;255m██[38;2;205;222;255m██[38;2;205;222;255m██[38;2;205;222;255m██[38;2;205;222;255m██[38;2;205;222;255m██[38;2;205;222;255m██[38;2;205;222;255m██[38;2;205;222;255m██[38;2;205;222;255m██[38;2;205;222;255m██[38;2;205;222;255m██[38;2;205;222;255m██[38;2;8;8;8m██                                            
                                        [38;2;65;82;106m██[38;2;205;222;255m██[38;2;205;222;255m██[38;2;205;222;255m██[38;2;205;222;255m██[38;2;205;222;255m██[38;2;205;222;255m██[38;2;8;8;8m██[38;2;205;222;255m██[38;2;205;222;255m██[38;2;205;222;255m██[38;2;205;222;255m██[38;2;205;222;255m██[38;2;205;222;255m██[38;2;205;222;255m██[38;2;205;222;255m██[38;2;205;222;255m██[38;2;205;222;255m██[38;2;205;222;255m██[38;2;205;222;255m██[38;2;205;222;255m██[38;2;205;222;255m██[38;2;205;222;255m██[38;2;205;222;255m██[38;2;205;222;255m██[38;2;205;222;255m██[38;2;205;222;255m██[38;2;205;222;255m██[38;2;205;222;255m██[38;2;205;222;255m██[38;2;205;222;255m██[38;2;205;222;255m██[38;2;205;222;255m██[38;2;205;222;255m██[38;2;205;222;255m██[38;2;8;8;8m██                                            
                                        [38;2;65;82;106m██[38;2;205;222;255m██[38;2;205;222;255m██[38;2;205;222;255m██[38;2;65;82;106m██[38;2;65;82;106m██[38;2;65;82;106m██[38;2;205;222;255m██[38;2;8;8;8m██[38;2;205;222;255m██[38;2;205;222;255m██[38;2;205;222;255m██[38;2;205;222;255m██[38;2;205;222;255m██[38;2;205;222;255m██[38;2;205;222;255m██[38;2;205;222;255m██[38;2;205;222;255m██[38;2;205;222;255m██[38;2;205;222;255m██[38;2;205;222;255m██[38;2;205;222;255m██[38;2;205;222;255m██[38;2;205;222;255m██[38;2;205;222;255m██[38;2;205;222;255m██[38;2;205;222;255m██[38;2;205;222;255m██[38;2;205;222;255m██[38;2;205;222;255m██[38;2;205;222;255m██[38;2;205;222;255m██[38;2;205;222;255m██[38;2;205;222;255m██[38;2;205;222;255m██[38;2;65;82;106m██                                            
                                        [38;2;65;82;106m██[38;2;205;222;255m██[38;2;205;222;255m██[38;2;205;222;255m██[38;2;8;8;8m██[38;2;205;222;255m██[38;2;156;189;230m██[38;2;65;82;106m██[38;2;65;82;106m██[38;2;205;222;255m██[38;2;205;222;255m██[38;2;205;222;255m██[38;2;205;222;255m██[38;2;205;222;255m██[38;2;205;222;255m██[38;2;205;222;255m██[38;2;205;222;255m██[38;2;205;222;255m██[38;2;205;222;255m██[38;2;205;222;255m██[38;2;205;222;255m██[38;2;205;222;255m██[38;2;205;222;255m██[38;2;205;222;255m██[38;2;205;222;255m██[38;2;205;222;255m██[38;2;205;222;255m██[38;2;205;222;255m██[38;2;205;222;255m██[38;2;205;222;255m██[38;2;205;222;255m██[38;2;205;222;255m██[38;2;205;222;255m██[38;2;205;222;255m██[38;2;205;222;255m██[38;2;205;222;255m██[38;2;8;8;8m██                                          
                                      [38;2;65;82;106m██[38;2;205;222;255m██[38;2;205;222;255m██[38;2;205;222;255m██[38;2;205;222;255m██[38;2;205;222;255m██[38;2;8;8;8m██[38;2;205;222;255m██[38;2;205;222;255m██[38;2;205;222;255m██[38;2;205;222;255m██[38;2;205;222;255m██[38;2;205;222;255m██[38;2;205;222;255m██[38;2;205;222;255m██[38;2;205;222;255m██[38;2;205;222;255m██[38;2;205;222;255m██[38;2;205;222;255m██[38;2;205;222;255m██[38;2;205;222;255m██[38;2;205;222;255m██[38;2;205;222;255m██[38;2;205;222;255m██[38;2;205;222;255m██[38;2;205;222;255m██[38;2;205;222;255m██[38;2;205;222;255m██[38;2;205;222;255m██[38;2;205;222;255m██[38;2;205;222;255m██[38;2;205;222;255m██[38;2;205;222;255m██[38;2;205;222;255m██[38;2;205;222;255m██[38;2;205;222;255m██[38;2;205;222;255m██[38;2;8;8;8m██                                          
                                      [38;2;65;82;106m██[38;2;205;222;255m██[38;2;205;222;255m██[38;2;65;82;106m██[38;2;65;82;106m██[38;2;65;82;106m██[38;2;205;222;255m██[38;2;8;8;8m██[38;2;205;222;255m██[38;2;205;222;255m██[38;2;205;222;255m██[38;2;205;222;255m██[38;2;205;222;255m██[38;2;205;222;255m██[38;2;205;222;255m██[38;2;205;222;255m██[38;2;205;222;255m██[38;2;205;222;255m██[38;2;205;222;255m██[38;2;205;222;255m██[38;2;205;222;255m██[38;2;205;222;255m██[38;2;205;222;255m██[38;2;205;222;255m██[38;2;205;222;255m██[38;2;205;222;255m██[38;2;205;222;255m██[38;2;205;222;255m██[38;2;205;222;255m██[38;2;205;222;255m██[38;2;205;222;255m██[38;2;205;222;255m██[38;2;205;222;255m██[38;2;205;222;255m██[38;2;205;222;255m██[38;2;205;222;255m██[38;2;205;222;255m██[38;2;8;8;8m██                                          
                                      [38;2;65;82;106m██[38;2;205;222;255m██[38;2;205;222;255m██[38;2;8;8;8m██[38;2;205;222;255m██[38;2;205;222;255m██[38;2;65;82;106m██[38;2;65;82;106m██[38;2;65;82;106m██[38;2;205;222;255m██[38;2;205;222;255m██[38;2;205;222;255m██[38;2;205;222;255m██[38;2;205;222;255m██[38;2;205;222;255m██[38;2;205;222;255m██[38;2;205;222;255m██[38;2;205;222;255m██[38;2;205;222;255m██[38;2;205;222;255m██[38;2;205;222;255m██[38;2;205;222;255m██[38;2;205;222;255m██[38;2;205;222;255m██[38;2;205;222;255m██[38;2;205;222;255m██[38;2;205;222;255m██[38;2;205;222;255m██[38;2;205;222;255m██[38;2;205;222;255m██[38;2;205;222;255m██[38;2;205;222;255m██[38;2;205;222;255m██[38;2;205;222;255m██[38;2;205;222;255m██[38;2;205;222;255m██[38;2;205;222;255m██[38;2;65;82;106m██                                          
                                    [38;2;65;82;106m██[38;2;205;222;255m██[38;2;205;222;255m██[38;2;205;222;255m██[38;2;205;222;255m██[38;2;8;8;8m██[38;2;205;222;255m██[38;2;205;222;255m██[38;2;205;222;255m██[38;2;205;222;255m██[38;2;205;222;255m██[38;2;205;222;255m██[38;2;205;222;255m██[38;2;205;222;255m██[38;2;205;222;255m██[38;2;205;222;255m██[38;2;205;222;255m██[38;2;205;222;255m██[38;2;205;222;255m██[38;2;205;222;255m██[38;2;205;222;255m██[38;2;205;222;255m██[38;2;205;222;255m██[38;2;205;222;255m██[38;2;205;222;255m██[38;2;205;222;255m██[38;2;205;222;255m██[38;2;205;222;255m██[38;2;205;222;255m██[38;2;205;222;255m██[38;2;205;222;255m██[38;2;205;222;255m██[38;2;205;222;255m██[38;2;205;222;255m██[38;2;205;222;255m██[38;2;205;222;255m██[38;2;205;222;255m██[38;2;205;222;255m██[38;2;205;222;255m██[38;2;8;8;8m██                                        
                                    [38;2;65;82;106m██[38;2;205;222;255m██[38;2;205;222;255m██[38;2;205;222;255m██[38;2;205;222;255m██[38;2;205;222;255m██[38;2;8;8;8m██[38;2;65;82;106m██[38;2;205;222;255m██[38;2;205;222;255m██[38;2;205;222;255m██[38;2;205;222;255m██[38;2;205;222;255m██[38;2;205;222;255m██[38;2;205;222;255m██[38;2;205;222;255m██[38;2;205;222;255m██[38;2;205;222;255m██[38;2;205;222;255m██[38;2;205;222;255m██[38;2;205;222;255m██[38;2;205;222;255m██[38;2;205;222;255m██[38;2;205;222;255m██[38;2;205;222;255m██[38;2;205;222;255m██[38;2;205;222;255m██[38;2;205;222;255m██[38;2;205;222;255m██[38;2;205;222;255m██[38;2;205;222;255m██[38;2;205;222;255m██[38;2;205;222;255m██[38;2;205;222;255m██[38;2;205;222;255m██[38;2;205;222;255m██[38;2;205;222;255m██[38;2;205;222;255m██[38;2;205;222;255m██[38;2;8;8;8m██                                        
                                    [38;2;65;82;106m██[38;2;205;222;255m██[38;2;205;222;255m██[38;2;205;222;255m██[38;2;205;222;255m██[38;2;205;222;255m██[38;2;205;222;255m██[38;2;8;8;8m██[38;2;8;8;8m██[38;2;205;222;255m██[38;2;205;222;255m██[38;2;205;222;255m██[38;2;205;222;255m██[38;2;205;222;255m██[38;2;205;222;255m██[38;2;205;222;255m██[38;2;205;222;255m██[38;2;205;222;255m██[38;2;205;222;255m██[38;2;205;222;255m██[38;2;205;222;255m██[38;2;205;222;255m██[38;2;205;222;255m██[38;2;205;222;255m██[38;2;205;222;255m██[38;2;205;222;255m██[38;2;205;222;255m██[38;2;205;222;255m██[38;2;205;222;255m██[38;2;205;222;255m██[38;2;205;222;255m██[38;2;205;222;255m██[38;2;205;222;255m██[38;2;205;222;255m██[38;2;205;222;255m██[38;2;205;222;255m██[38;2;205;222;255m██[38;2;205;222;255m██[38;2;205;222;255m██[38;2;8;8;8m██                                        
                                  [38;2;65;82;106m██[38;2;205;222;255m██[38;2;205;222;255m██[38;2;205;222;255m██[38;2;205;222;255m██[38;2;205;222;255m██[38;2;205;222;255m██[38;2;205;222;255m██[38;2;205;222;255m██[38;2;205;222;255m██[38;2;65;82;106m██[38;2;205;222;255m██[38;2;205;222;255m██[38;2;205;222;255m██[38;2;205;222;255m██[38;2;205;222;255m██[38;2;205;222;255m██[38;2;205;222;255m██[38;2;205;222;255m██[38;2;205;222;255m██[38;2;205;222;255m██[38;2;205;222;255m██[38;2;205;222;255m██[38;2;205;222;255m██[38;2;205;222;255m██[38;2;205;222;255m██[38;2;205;222;255m██[38;2;205;222;255m██[38;2;205;222;255m██[38;2;205;222;255m██[38;2;156;189;230m██[38;2;156;189;230m██[38;2;205;222;255m██[38;2;205;222;255m██[38;2;205;222;255m██[38;2;205;222;255m██[38;2;205;222;255m██[38;2;205;222;255m██[38;2;205;222;255m██[38;2;205;222;255m██[38;2;8;8;8m██                                        
                                  [38;2;65;82;106m██[38;2;205;222;255m██[38;2;205;222;255m██[38;2;205;222;255m██[38;2;205;222;255m██[38;2;205;222;255m██[38;2;205;222;255m██[38;2;205;222;255m██[38;2;65;82;106m██[38;2;65;82;106m██[38;2;205;222;255m██[38;2;205;222;255m██[38;2;205;222;255m██[38;2;205;222;255m██[38;2;205;222;255m██[38;2;205;222;255m██[38;2;205;222;255m██[38;2;205;222;255m██[38;2;205;222;255m██[38;2;205;222;255m██[38;2;205;222;255m██[38;2;205;222;255m██[38;2;205;222;255m██[38;2;205;222;255m██[38;2;205;222;255m██[38;2;205;222;255m██[38;2;205;222;255m██[38;2;205;222;255m██[38;2;205;222;255m██[38;2;156;189;230m██[38;2;205;222;255m██[38;2;205;222;255m██[38;2;205;222;255m██[38;2;205;222;255m██[38;2;205;222;255m██[38;2;205;222;255m██[38;2;205;222;255m██[38;2;205;222;255m██[38;2;205;222;255m██[38;2;205;222;255m██[38;2;8;8;8m██                                        
                                  [38;2;65;82;106m██[38;2;205;222;255m██[38;2;205;222;255m██[38;2;205;222;255m██[38;2;205;222;255m██[38;2;205;222;255m██[38;2;205;222;255m██[38;2;8;8;8m██[38;2;205;222;255m██[38;2;205;222;255m██[38;2;205;222;255m██[38;2;205;222;255m██[38;2;205;222;255m██[38;2;205;222;255m██[38;2;205;222;255m██[38;2;205;222;255m██[38;2;205;222;255m██[38;2;205;222;255m██[38;2;205;222;255m██[38;2;205;222;255m██[38;2;205;222;255m██[38;2;205;222;255m██[38;2;205;222;255m██[38;2;205;222;255m██[38;2;205;222;255m██[38;2;205;222;255m██[38;2;205;222;255m██[38;2;205;222;255m██[38;2;205;222;255m██[38;2;205;222;255m██[38;2;205;222;255m██[38;2;205;222;255m██[38;2;205;222;255m██[38;2;205;222;255m██[38;2;205;222;255m██[38;2;205;222;255m██[38;2;205;222;255m██[38;2;205;222;255m██[38;2;205;222;255m██[38;2;205;222;255m██[38;2;65;82;106m██                                        
                                  [38;2;65;82;106m██[38;2;205;222;255m██[38;2;205;222;255m██[38;2;205;222;255m██[38;2;205;222;255m██[38;2;205;222;255m██[38;2;205;222;255m██[38;2;205;222;255m██[38;2;8;8;8m██[38;2;205;222;255m██[38;2;205;222;255m██[38;2;205;222;255m██[38;2;205;222;255m██[38;2;205;222;255m██[38;2;205;222;255m██[38;2;205;222;255m██[38;2;205;222;255m██[38;2;205;222;255m██[38;2;205;222;255m██[38;2;205;222;255m██[38;2;205;222;255m██[38;2;205;222;255m██[38;2;205;222;255m██[38;2;205;222;255m██[38;2;205;222;255m██[38;2;205;222;255m██[38;2;205;222;255m██[38;2;205;222;255m██[38;2;205;222;255m██[38;2;205;222;255m██[38;2;205;222;255m██[38;2;205;222;255m██[38;2;205;222;255m██[38;2;205;222;255m██[38;2;205;222;255m██[38;2;205;222;255m██[38;2;205;222;255m██[38;2;205;222;255m██[38;2;205;222;255m██[38;2;205;222;255m██[38;2;205;222;255m██[38;2;8;8;8m██                                      
                                [38;2;65;82;106m██[38;2;205;222;255m██[38;2;205;222;255m██[38;2;205;222;255m██[38;2;205;222;255m██[38;2;205;222;255m██[38;2;205;222;255m██[38;2;205;222;255m██[38;2;205;222;255m██[38;2;205;222;255m██[38;2;8;8;8m██[38;2;156;189;230m██[38;2;205;222;255m██[38;2;205;222;255m██[38;2;205;222;255m██[38;2;205;222;255m██[38;2;205;222;255m██[38;2;205;222;255m██[38;2;205;222;255m██[38;2;205;222;255m██[38;2;205;222;255m██[38;2;205;222;255m██[38;2;205;222;255m██[38;2;205;222;255m██[38;2;205;222;255m██[38;2;205;222;255m██[38;2;205;222;255m██[38;2;205;222;255m██[38;2;205;222;255m██[38;2;205;222;255m██[38;2;205;222;255m██[38;2;205;222;255m██[38;2;205;222;255m██[38;2;205;222;255m██[38;2;205;222;255m██[38;2;205;222;255m██[38;2;205;222;255m██[38;2;205;222;255m██[38;2;205;222;255m██[38;2;205;222;255m██[38;2;205;222;255m██[38;2;205;222;255m██[38;2;8;8;8m██                                      
                                [38;2;65;82;106m██[38;2;205;222;255m██[38;2;205;222;255m██[38;2;205;222;255m██[38;2;205;222;255m██[38;2;205;222;255m██[38;2;205;222;255m██[38;2;205;222;255m██[38;2;205;222;255m██[38;2;205;222;255m██[38;2;205;222;255m██[38;2;8;8;8m██[38;2;65;82;106m██[38;2;156;189;230m██[38;2;156;189;230m██[38;2;205;222;255m██[38;2;205;222;255m██[38;2;205;222;255m██[38;2;205;222;255m██[38;2;205;222;255m██[38;2;205;222;255m██[38;2;156;189;230m██[38;2;205;222;255m██[38;2;205;222;255m██[38;2;205;222;255m██[38;2;205;222;255m██[38;2;156;189;230m██[38;2;205;222;255m██[38;2;205;222;255m██[38;2;205;222;255m██[38;2;205;222;255m██[38;2;205;222;255m██[38;2;205;222;255m██[38;2;205;222;255m██[38;2;205;222;255m██[38;2;205;222;255m██[38;2;205;222;255m██[38;2;205;222;255m██[38;2;205;222;255m██[38;2;205;222;255m██[38;2;205;222;255m██[38;2;205;222;255m██[38;2;8;8;8m██                                      
                                [38;2;8;8;8m██[38;2;205;222;255m██[38;2;205;222;255m██[38;2;205;222;255m██[38;2;205;222;255m██[38;2;156;189;230m██[38;2;205;222;255m██[38;2;205;222;255m██[38;2;205;222;255m██[38;2;205;222;255m██[38;2;205;222;255m██[38;2;205;222;255m██[38;2;205;222;255m██[38;2;65;82;106m██[38;2;156;189;230m██[38;2;156;189;230m██[38;2;156;189;230m██[38;2;156;189;230m██[38;2;156;189;230m██[38;2;205;222;255m██[38;2;156;189;230m██[38;2;156;189;230m██[38;2;156;189;230m██[38;2;205;222;255m██[38;2;205;222;255m██[38;2;156;189;230m██[38;2;156;189;230m██[38;2;156;189;230m██[38;2;205;222;255m██[38;2;205;222;255m██[38;2;205;222;255m██[38;2;205;222;255m██[38;2;205;222;255m██[38;2;205;222;255m██[38;2;205;222;255m██[38;2;205;222;255m██[38;2;205;222;255m██[38;2;205;222;255m██[38;2;205;222;255m██[38;2;205;222;255m██[38;2;205;222;255m██[38;2;205;222;255m██[38;2;8;8;8m██                                      
                                [38;2;8;8;8m██[38;2;205;222;255m██[38;2;205;222;255m██[38;2;205;222;255m██[38;2;205;222;255m██[38;2;65;82;106m██[38;2;205;222;255m██[38;2;205;222;255m██[38;2;205;222;255m██[38;2;205;222;255m██[38;2;205;222;255m██[38;2;205;222;255m██[38;2;205;222;255m██[38;2;205;222;255m██[38;2;205;222;255m██[38;2;8;8;8m██[38;2;156;189;230m██[38;2;156;189;230m██[38;2;156;189;230m██[38;2;156;189;230m██[38;2;156;189;230m██[38;2;156;189;230m██[38;2;156;189;230m██[38;2;156;189;230m██[38;2;156;189;230m██[38;2;156;189;230m██[38;2;156;189;230m██[38;2;65;82;106m██[38;2;205;222;255m██[38;2;205;222;255m██[38;2;205;222;255m██[38;2;205;222;255m██[38;2;205;222;255m██[38;2;205;222;255m██[38;2;205;222;255m██[38;2;205;222;255m██[38;2;205;222;255m██[38;2;205;222;255m██[38;2;205;222;255m██[38;2;205;222;255m██[38;2;205;222;255m██[38;2;205;222;255m██[38;2;8;8;8m██                                      
                                [38;2;8;8;8m██[38;2;156;189;230m██[38;2;205;222;255m██[38;2;205;222;255m██[38;2;205;222;255m██[38;2;65;82;106m██[38;2;205;222;255m██[38;2;205;222;255m██[38;2;205;222;255m██[38;2;205;222;255m██[38;2;205;222;255m██[38;2;205;222;255m██[38;2;205;222;255m██[38;2;205;222;255m██[38;2;65;82;106m██[38;2;8;8;8m██[38;2;156;189;230m██[38;2;156;189;230m██[38;2;156;189;230m██[38;2;156;189;230m██[38;2;156;189;230m██[38;2;156;189;230m██[38;2;156;189;230m██[38;2;156;189;230m██[38;2;156;189;230m██[38;2;156;189;230m██[38;2;156;189;230m██[38;2;156;189;230m██[38;2;65;82;106m██[38;2;205;222;255m██[38;2;205;222;255m██[38;2;205;222;255m██[38;2;205;222;255m██[38;2;205;222;255m██[38;2;205;222;255m██[38;2;205;222;255m██[38;2;205;222;255m██[38;2;205;222;255m██[38;2;156;189;230m██[38;2;205;222;255m██[38;2;205;222;255m██[38;2;205;222;255m██[38;2;8;8;8m██                                      
                                [38;2;8;8;8m██[38;2;156;189;230m██[38;2;156;189;230m██[38;2;156;189;230m██[38;2;205;222;255m██[38;2;205;222;255m██[38;2;205;222;255m██[38;2;205;222;255m██[38;2;205;222;255m██[38;2;205;222;255m██[38;2;156;189;230m██[38;2;156;189;230m██[38;2;156;189;230m██[38;2;65;82;106m██[38;2;8;8;8m██[38;2;156;189;230m██[38;2;156;189;230m██[38;2;65;82;106m██[38;2;65;82;106m██[38;2;65;82;106m██[38;2;156;189;230m██[38;2;156;189;230m██[38;2;156;189;230m██[38;2;156;189;230m██[38;2;156;189;230m██[38;2;8;8;8m██[38;2;65;82;106m██[38;2;156;189;230m██[38;2;8;8;8m██[38;2;205;222;255m██[38;2;205;222;255m██[38;2;205;222;255m██[38;2;205;222;255m██[38;2;205;222;255m██[38;2;205;222;255m██[38;2;205;222;255m██[38;2;205;222;255m██[38;2;205;222;255m██[38;2;65;82;106m██[38;2;205;222;255m██[38;2;205;222;255m██[38;2;205;222;255m██[38;2;65;82;106m██                                      
                                  [38;2;8;8;8m██[38;2;156;189;230m██[38;2;156;189;230m██[38;2;156;189;230m██[38;2;156;189;230m██[38;2;156;189;230m██[38;2;156;189;230m██[38;2;156;189;230m██[38;2;156;189;230m██[38;2;156;189;230m██[38;2;156;189;230m██[38;2;156;189;230m██[38;2;65;82;106m██[38;2;8;8;8m██[38;2;8;8;8m██[38;2;65;82;106m██    [38;2;65;82;106m██[38;2;156;189;230m██[38;2;156;189;230m██[38;2;8;8;8m██[38;2;65;82;106m██[38;2;156;189;230m██[38;2;8;8;8m██  [38;2;65;82;106m██[38;2;65;82;106m██[38;2;8;8;8m██[38;2;156;189;230m██[38;2;205;222;255m██[38;2;205;222;255m██[38;2;65;82;106m██[38;2;205;222;255m██[38;2;205;222;255m██[38;2;205;222;255m██[38;2;205;222;255m██[38;2;65;82;106m██[38;2;205;222;255m██[38;2;205;222;255m██[38;2;156;189;230m██[38;2;65;82;106m██                                      
                                  [38;2;8;8;8m██[38;2;156;189;230m██[38;2;156;189;230m██[38;2;156;189;230m██[38;2;156;189;230m██[38;2;156;189;230m██[38;2;156;189;230m██[38;2;156;189;230m██[38;2;156;189;230m██[38;2;156;189;230m██[38;2;156;189;230m██[38;2;65;82;106m██            [38;2;65;82;106m██[38;2;156;189;230m██[38;2;8;8;8m██  [38;2;65;82;106m██[38;2;8;8;8m██        [38;2;8;8;8m██[38;2;156;189;230m██[38;2;156;189;230m██[38;2;156;189;230m██[38;2;205;222;255m██[38;2;65;82;106m██[38;2;205;222;255m██[38;2;205;222;255m██[38;2;205;222;255m██[38;2;156;189;230m██[38;2;156;189;230m██[38;2;156;189;230m██[38;2;156;189;230m██[38;2;65;82;106m██                                      
                                  [38;2;8;8;8m██[38;2;156;189;230m██[38;2;156;189;230m██[38;2;156;189;230m██[38;2;156;189;230m██[38;2;156;189;230m██[38;2;156;189;230m██[38;2;156;189;230m██[38;2;156;189;230m██[38;2;156;189;230m██[38;2;156;189;230m██[38;2;65;82;106m██            [38;2;8;8;8m██[38;2;8;8;8m██                  [38;2;8;8;8m██[38;2;156;189;230m██[38;2;156;189;230m██[38;2;156;189;230m██[38;2;156;189;230m██[38;2;156;189;230m██[38;2;156;189;230m██[38;2;156;189;230m██[38;2;156;189;230m██[38;2;156;189;230m██[38;2;156;189;230m██[38;2;156;189;230m██[38;2;156;189;230m██[38;2;65;82;106m██                                    
                                    [38;2;8;8;8m██[38;2;156;189;230m██[38;2;156;189;230m██[38;2;156;189;230m██[38;2;156;189;230m██[38;2;156;189;230m██[38;2;156;189;230m██[38;2;156;189;230m██[38;2;156;189;230m██[38;2;156;189;230m██[38;2;8;8;8m██                                    [38;2;8;8;8m██[38;2;156;189;230m██[38;2;156;189;230m██[38;2;156;189;230m██[38;2;156;189;230m██[38;2;156;189;230m██[38;2;156;189;230m██[38;2;156;189;230m██[38;2;156;189;230m██[38;2;156;189;230m██[38;2;156;189;230m██[38;2;156;189;230m██[38;2;65;82;106m██                                    
                                    [38;2;8;8;8m██[38;2;156;189;230m██[38;2;156;189;230m██[38;2;156;189;230m██[38;2;156;189;230m██[38;2;156;189;230m██[38;2;156;189;230m██[38;2;156;189;230m██[38;2;156;189;230m██[38;2;156;189;230m██[38;2;8;8;8m██                                    [38;2;8;8;8m██[38;2;156;189;230m██[38;2;156;189;230m██[38;2;156;189;230m██[38;2;156;189;230m██[38;2;156;189;230m██[38;2;156;189;230m██[38;2;156;189;230m██[38;2;156;189;230m██[38;2;156;189;230m██[38;2;156;189;230m██[38;2;156;189;230m██[38;2;65;82;106m██                                    
                                      [38;2;8;8;8m██[38;2;156;189;230m██[38;2;156;189;230m██[38;2;156;189;230m██[38;2;156;189;230m██[38;2;156;189;230m██[38;2;156;189;230m██[38;2;156;189;230m██[38;2;156;189;230m██[38;2;8;8;8m██                                      [38;2;8;8;8m██[38;2;156;189;230m██[38;2;156;189;230m██[38;2;156;189;230m██[38;2;156;189;230m██[38;2;156;189;230m██[38;2;156;189;230m██[38;2;156;189;230m██[38;2;156;189;230m██[38;2;156;189;230m██[38;2;156;189;230m██[38;2;65;82;106m██                                    
                                    [38;2;65;82;106m██[38;2;156;189;230m██[38;2;156;189;230m██[38;2;156;189;230m██[38;2;156;189;230m██[38;2;156;189;230m██[38;2;156;189;230m██[38;2;156;189;230m██[38;2;156;189;230m██[38;2;156;189;230m██[38;2;65;82;106m██                                      [38;2;8;8;8m██[38;2;156;189;230m██[38;2;156;189;230m██[38;2;156;189;230m██[38;2;156;189;230m██[38;2;156;189;230m██[38;2;156;189;230m██[38;2;156;189;230m██[38;2;156;189;230m██[38;2;156;189;230m██[38;2;156;189;230m██[38;2;156;189;230m██[38;2;8;8;8m██                                  
                                    [38;2;8;8;8m██[38;2;8;8;8m██[38;2;65;82;106m██[38;2;156;189;230m██[38;2;65;82;106m██[38;2;156;189;230m██[38;2;156;189;230m██[38;2;8;8;8m██[38;2;65;82;106m██[38;2;156;189;230m██[38;2;156;189;230m██[38;2;65;82;106m██                                      [38;2;8;8;8m██[38;2;156;189;230m██[38;2;156;189;230m██[38;2;156;189;230m██[38;2;156;189;230m██[38;2;156;189;230m██[38;2;156;189;230m██[38;2;156;189;230m██[38;2;156;189;230m██[38;2;156;189;230m██[38;2;156;189;230m██[38;2;65;82;106m██                                  
                                      [38;2;65;82;106m██[38;2;156;189;230m██[38;2;156;189;230m██[38;2;8;8;8m██[38;2;156;189;230m██[38;2;8;8;8m██    [38;2;8;8;8m██[38;2;8;8;8m██[38;2;8;8;8m██                                      [38;2;65;82;106m██[38;2;156;189;230m██[38;2;156;189;230m██[38;2;156;189;230m██[38;2;156;189;230m██[38;2;156;189;230m██[38;2;156;189;230m██[38;2;156;189;230m██[38;2;156;189;230m██[38;2;156;189;230m██[38;2;156;189;230m██[38;2;156;189;230m██[38;2;65;82;106m██                                
                                      [38;2;8;8;8m██[38;2;8;8;8m██[38;2;8;8;8m██  [38;2;8;8;8m██                                                [38;2;65;82;106m██[38;2;156;189;230m██[38;2;8;8;8m██[38;2;156;189;230m██[38;2;156;189;230m██[38;2;156;189;230m██[38;2;156;189;230m██[38;2;156;189;230m██[38;2;8;8;8m██[38;2;65;82;106m██[38;2;156;189;230m██[38;2;65;82;106m██[38;2;156;189;230m██[38;2;156;189;230m██[38;2;65;82;106m██                              
                                                                                                [38;2;8;8;8m██[38;2;8;8;8m██  [38;2;156;189;230m██[38;2;8;8;8m██[38;2;65;82;106m██[38;2;156;189;230m██[38;2;8;8;8m██  [38;2;8;8;8m██[38;2;8;8;8m██[38;2;156;189;230m██[38;2;8;8;8m██[38;2;8;8;8m██[38;2;8;8;8m██                              
                                                                                                      [38;2;8;8;8m██  [38;2;8;8;8m██[38;2;8;8;8m██[38;2;65;82;106m██      [38;2;8;8;8m██[38;2;8;8;8m██                                  
