                                                  [38;2;49;0;74m██[38;2;49;0;74m██                                                              
                                                [38;2;49;0;74m██[38;2;213;180;123m██[38;2;164;98;65m██[38;2;16;16;16m██                                                            
                                              [38;2;49;0;74m██[38;2;197;156;106m██[38;2;197;156;106m██[38;2;49;0;74m██[38;2;16;16;16m██                                                            
                                            [38;2;49;0;74m██[38;2;164;98;65m██[38;2;16;16;16m██[38;2;16;16;16m██[38;2;16;16;16m██          [38;2;49;0;74m██[38;2;49;0;74m██                                                
                                          [38;2;106;49;115m██[38;2;16;16;16m██[38;2;16;16;16m██            [38;2;49;0;74m██[38;2;49;0;74m██[38;2;213;180;123m██[38;2;164;98;65m██[38;2;16;16;16m██                                              
                                        [38;2;106;49;115m██[38;2;16;16;16m██              [38;2;49;0;74m██[38;2;197;156;106m██[38;2;197;156;106m██[38;2;197;156;106m██[38;2;49;0;74m██[38;2;16;16;16m██                                              
                                      [38;2;106;49;115m██[38;2;16;16;16m██              [38;2;106;49;115m██[38;2;16;16;16m██[38;2;16;16;16m██[38;2;16;16;16m██[38;2;16;16;16m██[38;2;16;16;16m██                                                
                                    [38;2;106;49;115m██[38;2;16;16;16m██            [38;2;106;49;115m██[38;2;16;16;16m██[38;2;16;16;16m██                                                          
          [38;2;156;123;82m██[38;2;156;123;82m██[38;2;156;123;82m██[38;2;156;123;82m██                  [38;2;16;16;16m██          [38;2;106;49;115m██[38;2;16;16;16m██[38;2;16;16;16m██                                                              
      [38;2;156;123;82m██[38;2;156;123;82m██[38;2;255;255;148m██[38;2;255;255;148m██[38;2;255;255;148m██[38;2;255;255;148m██[38;2;156;123;82m██              [38;2;106;49;115m██[38;2;16;16;16m██      [38;2;106;49;115m██[38;2;16;16;16m██[38;2;16;16;16m██                                                                  
    [38;2;156;123;82m██[38;2;230;205;156m██[38;2;230;205;156m██[38;2;106;49;115m██[38;2;106;49;115m██[38;2;106;49;115m██[38;2;255;255;148m██[38;2;255;255;148m██[38;2;49;0;74m██            [38;2;16;16;16m██    [38;2;106;49;115m██[38;2;16;16;16m██[38;2;16;16;16m██                        [38;2;156;123;82m██[38;2;156;123;82m██[38;2;156;123;82m██[38;2;156;123;82m██[38;2;156;123;82m██[38;2;156;123;82m██[38;2;156;123;82m██[38;2;156;123;82m██[38;2;156;123;82m██[38;2;156;123;82m██[38;2;156;123;82m██                        
  [38;2;156;123;82m██[38;2;230;205;156m██[38;2;106;49;115m██[38;2;106;49;115m██[38;2;106;49;115m██[38;2;106;49;115m██[38;2;106;49;115m██[38;2;106;49;115m██[38;2;255;255;148m██[38;2;156;123;82m██          [38;2;106;49;115m██[38;2;16;16;16m██  [38;2;106;49;115m██[38;2;16;16;16m██                      [38;2;156;123;82m██[38;2;156;123;82m██[38;2;156;123;82m██[38;2;255;255;148m██[38;2;255;255;148m██[38;2;255;255;148m██[38;2;255;255;148m██[38;2;255;255;148m██[38;2;255;255;148m██[38;2;255;255;148m██[38;2;255;255;148m██[38;2;255;255;148m██[38;2;255;255;148m██[38;2;255;255;148m██[38;2;156;123;82m██[38;2;156;123;82m██[38;2;156;123;82m██[38;2;156;123;82m██[38;2;156;123;82m██              
  [38;2;16;16;16m██[38;2;106;49;115m██[38;2;106;49;115m██[38;2;106;49;115m██[38;2;164;74;65m██[38;2;164;74;65m██[38;2;106;49;115m██[38;2;106;49;115m██[38;2;106;49;115m██[38;2;255;255;148m██[38;2;49;0;74m██        [38;2;49;0;74m██[38;2;16;16;16m██[38;2;106;49;115m██[38;2;164;98;65m██[38;2;16;16;16m██                  [38;2;156;123;82m██[38;2;156;123;82m██[38;2;255;255;148m██[38;2;255;255;148m██[38;2;230;205;156m██[38;2;230;205;156m██[38;2;230;205;156m██[38;2;106;49;115m██[38;2;106;49;115m██[38;2;106;49;115m██[38;2;106;49;115m██[38;2;106;49;115m██[38;2;106;49;115m██[38;2;106;49;115m██[38;2;230;205;156m██[38;2;255;255;148m██[38;2;255;255;148m██[38;2;255;255;148m██[38;2;255;255;148m██[38;2;230;205;156m██[38;2;230;205;156m██[38;2;156;123;82m██[38;2;156;123;82m██          
  [38;2;16;16;16m██[38;2;106;49;115m██[38;2;106;49;115m██[38;2;164;74;65m██[38;2;246;65;49m██[38;2;246;65;49m██[38;2;164;74;65m██[38;2;106;49;115m██[38;2;106;49;115m██[38;2;230;205;156m██[38;2;49;0;74m██        [38;2;49;0;74m██[38;2;164;98;65m██[38;2;164;98;65m██[38;2;16;16;16m██                [38;2;49;0;74m██[38;2;156;123;82m██[38;2;255;255;148m██[38;2;255;255;148m██[38;2;230;205;156m██[38;2;106;49;115m██[38;2;106;49;115m██[38;2;106;49;115m██[38;2;106;49;115m██[38;2;106;49;115m██[38;2;106;49;115m██[38;2;164;74;65m██[38;2;164;74;65m██[38;2;164;74;65m██[38;2;164;74;65m██[38;2;106;49;115m██[38;2;106;49;115m██[38;2;106;49;115m██[38;2;106;49;115m██[38;2;106;49;115m██[38;2;156;123;82m██[38;2;230;205;156m██[38;2;230;205;156m██[38;2;230;205;156m██[38;2;230;205;156m██[38;2;156;123;82m██[38;2;156;123;82m██      
[38;2;16;16;16m██[38;2;106;49;115m██[38;2;106;49;115m██[38;2;164;74;65m██[38;2;246;65;49m██[38;2;246;65;49m██[38;2;246;65;49m██[38;2;246;65;49m██[38;2;164;74;65m██[38;2;106;49;115m██[38;2;106;49;115m██[38;2;230;205;156m██[38;2;49;0;74m██    [38;2;49;0;74m██[38;2;197;156;106m██[38;2;197;156;106m██[38;2;164;98;65m██[38;2;16;16;16m██              [38;2;49;0;74m██[38;2;156;123;82m██[38;2;230;205;156m██[38;2;230;205;156m██[38;2;156;123;82m██[38;2;106;49;115m██[38;2;106;49;115m██[38;2;106;49;115m██[38;2;106;49;115m██[38;2;106;49;115m██[38;2;106;49;115m██[38;2;164;74;65m██[38;2;246;65;49m██[38;2;246;65;49m██[38;2;246;65;49m██[38;2;246;65;49m██[38;2;164;74;65m██[38;2;106;49;115m██[38;2;106;49;115m██[38;2;106;49;115m██[38;2;106;49;115m██[38;2;106;49;115m██[38;2;106;49;115m██[38;2;106;49;115m██[38;2;106;49;115m██[38;2;230;205;156m██[38;2;230;205;156m██[38;2;230;205;156m██[38;2;156;123;82m██    
[38;2;16;16;16m██[38;2;106;49;115m██[38;2;106;49;115m██[38;2;164;74;65m██[38;2;246;65;49m██[38;2;246;65;49m██[38;2;246;65;49m██[38;2;246;65;49m██[38;2;164;74;65m██[38;2;106;49;115m██[38;2;106;49;115m██[38;2;230;205;156m██[38;2;49;0;74m██  [38;2;49;0;74m██[38;2;197;156;106m██[38;2;197;156;106m██[38;2;197;156;106m██[38;2;197;156;106m██[38;2;164;98;65m██[38;2;16;16;16m██          [38;2;49;0;74m██[38;2;230;205;156m██[38;2;230;205;156m██[38;2;156;123;82m██[38;2;106;49;115m██[38;2;106;49;115m██[38;2;106;49;115m██[38;2;106;49;115m██[38;2;106;49;115m██[38;2;106;49;115m██[38;2;106;49;115m██[38;2;164;74;65m██[38;2;246;65;49m██[38;2;246;65;49m██[38;2;246;65;49m██[38;2;246;65;49m██[38;2;246;65;49m██[38;2;246;65;49m██[38;2;164;74;65m██[38;2;106;49;115m██[38;2;106;49;115m██[38;2;106;49;115m██[38;2;106;49;115m██[38;2;106;49;115m██[38;2;106;49;115m██[38;2;106;49;115m██[38;2;106;49;115m██[38;2;106;49;115m██[38;2;230;205;156m██[38;2;230;205;156m██[38;2;156;123;82m██  
[38;2;16;16;16m██[38;2;106;49;115m██[38;2;106;49;115m██[38;2;106;49;115m██[38;2;164;74;65m██[38;2;246;65;49m██[38;2;246;65;49m██[38;2;164;74;65m██[38;2;106;49;115m██[38;2;230;205;156m██[38;2;106;49;115m██[38;2;106;49;115m██[38;2;230;205;156m██[38;2;16;16;16m██[38;2;197;156;106m██[38;2;197;156;106m██[38;2;197;156;106m██[38;2;197;156;106m██[38;2;197;156;106m██[38;2;164;98;65m██[38;2;164;98;65m██[38;2;16;16;16m██      [38;2;49;0;74m██[38;2;230;205;156m██[38;2;156;123;82m██[38;2;106;49;115m██[38;2;106;49;115m██[38;2;106;49;115m██[38;2;106;49;115m██[38;2;230;205;156m██[38;2;255;255;148m██[38;2;255;255;148m██[38;2;106;49;115m██[38;2;106;49;115m██[38;2;164;74;65m██[38;2;246;65;49m██[38;2;246;65;49m██[38;2;246;65;49m██[38;2;246;65;49m██[38;2;246;65;49m██[38;2;246;65;49m██[38;2;164;74;65m██[38;2;106;49;115m██[38;2;106;49;115m██[38;2;106;49;115m██[38;2;106;49;115m██[38;2;106;49;115m██[38;2;106;49;115m██[38;2;106;49;115m██[38;2;106;49;115m██[38;2;106;49;115m██[38;2;106;49;115m██[38;2;230;205;156m██[38;2;156;123;82m██  
[38;2;16;16;16m██[38;2;106;49;115m██[38;2;106;49;115m██[38;2;106;49;115m██[38;2;106;49;115m██[38;2;164;74;65m██[38;2;164;74;65m██[38;2;106;49;115m██[38;2;230;205;156m██[38;2;230;205;156m██[38;2;230;205;156m██[38;2;106;49;115m██[38;2;16;16;16m██[38;2;197;156;106m██[38;2;197;156;106m██[38;2;197;156;106m██[38;2;164;98;65m██[38;2;164;98;65m██[38;2;164;98;65m██[38;2;164;98;65m██[38;2;164;98;65m██[38;2;164;98;65m██[38;2;16;16;16m██  [38;2;49;0;74m██[38;2;230;205;156m██[38;2;156;123;82m██[38;2;106;49;115m██[38;2;106;49;115m██[38;2;106;49;115m██[38;2;106;49;115m██[38;2;255;255;148m██[38;2;255;255;148m██[38;2;255;255;148m██[38;2;255;255;148m██[38;2;255;255;148m██[38;2;106;49;115m██[38;2;164;74;65m██[38;2;246;65;49m██[38;2;246;65;49m██[38;2;246;65;49m██[38;2;246;65;49m██[38;2;246;65;49m██[38;2;246;65;49m██[38;2;164;74;65m██[38;2;106;49;115m██[38;2;106;49;115m██[38;2;106;49;115m██[38;2;106;49;115m██[38;2;106;49;115m██[38;2;106;49;115m██[38;2;106;49;115m██[38;2;106;49;115m██[38;2;106;49;115m██[38;2;106;49;115m██[38;2;156;123;82m██[38;2;230;205;156m██[38;2;49;0;74m██
[38;2;16;16;16m██[38;2;106;49;115m██[38;2;106;49;115m██[38;2;230;205;156m██[38;2;230;205;156m██[38;2;106;49;115m██[38;2;106;49;115m██[38;2;106;49;115m██[38;2;230;205;156m██[38;2;230;205;156m██[38;2;230;205;156m██[38;2;16;16;16m██[38;2;164;98;65m██[38;2;197;156;106m██[38;2;164;98;65m██[38;2;164;98;65m██[38;2;213;180;123m██[38;2;213;180;123m██[38;2;238;222;172m██[38;2;213;180;123m██[38;2;213;180;123m██[38;2;106;49;115m██[38;2;164;98;65m██[38;2;16;16;16m██[38;2;49;0;74m██[38;2;230;205;156m██[38;2;156;123;82m██[38;2;106;49;115m██[38;2;106;49;115m██[38;2;106;49;115m██[38;2;230;205;156m██[38;2;255;255;148m██[38;2;255;255;148m██[38;2;255;255;148m██[38;2;255;255;148m██[38;2;255;255;148m██[38;2;156;123;82m██[38;2;106;49;115m██[38;2;164;74;65m██[38;2;246;65;49m██[38;2;246;65;49m██[38;2;246;65;49m██[38;2;246;65;49m██[38;2;164;74;65m██[38;2;106;49;115m██[38;2;106;49;115m██[38;2;106;49;115m██[38;2;106;49;115m██[38;2;106;49;115m██[38;2;106;49;115m██[38;2;106;49;115m██[38;2;106;49;115m██[38;2;106;49;115m██[38;2;106;49;115m██[38;2;106;49;115m██[38;2;156;123;82m██[38;2;230;205;156m██[38;2;49;0;74m██
  [38;2;16;16;16m██[38;2;230;205;156m██[38;2;255;255;148m██[38;2;255;255;148m██[38;2;255;255;148m██[38;2;106;49;115m██[38;2;106;49;115m██[38;2;106;49;115m██[38;2;230;205;156m██[38;2;230;205;156m██[38;2;16;16;16m██[38;2;238;222;172m██[38;2;164;98;65m██[38;2;213;180;123m██[38;2;238;222;172m██[38;2;238;222;172m██[38;2;238;222;172m██[38;2;238;222;172m██[38;2;238;222;172m██[38;2;213;180;123m██[38;2;213;180;123m██[38;2;213;180;123m██[38;2;49;0;74m██[38;2;230;205;156m██[38;2;156;123;82m██[38;2;49;0;74m██[38;2;49;0;74m██[38;2;106;49;115m██[38;2;255;255;148m██[38;2;255;255;148m██[38;2;255;255;148m██[38;2;255;255;148m██[38;2;255;255;148m██[38;2;255;255;148m██[38;2;255;255;148m██[38;2;156;123;82m██[38;2;106;49;115m██[38;2;106;49;115m██[38;2;164;74;65m██[38;2;164;74;65m██[38;2;164;74;65m██[38;2;164;74;65m██[38;2;106;49;115m██[38;2;106;49;115m██[38;2;106;49;115m██[38;2;106;49;115m██[38;2;106;49;115m██[38;2;106;49;115m██[38;2;106;49;115m██[38;2;106;49;115m██[38;2;106;49;115m██[38;2;106;49;115m██[38;2;106;49;115m██[38;2;106;49;115m██[38;2;106;49;115m██[38;2;230;205;156m██[38;2;16;16;16m██
    [38;2;16;16;16m██[38;2;255;255;148m██[38;2;255;255;148m██[38;2;255;255;148m██[38;2;255;255;148m██[38;2;230;205;156m██[38;2;106;49;115m██[38;2;106;49;115m██[38;2;16;16;16m██[38;2;238;222;172m██[38;2;238;222;172m██[38;2;238;222;172m██[38;2;238;222;172m██[38;2;238;222;172m██[38;2;238;222;172m██[38;2;238;222;172m██[38;2;197;156;106m██[38;2;197;156;106m██[38;2;106;49;115m██[38;2;213;180;123m██[38;2;213;180;123m██[38;2;213;180;123m██[38;2;16;16;16m██[38;2;49;0;74m██[38;2;49;0;74m██[38;2;49;0;74m██[38;2;230;205;156m██[38;2;230;205;156m██[38;2;230;205;156m██[38;2;255;255;148m██[38;2;255;255;148m██[38;2;255;255;148m██[38;2;255;255;148m██[38;2;156;123;82m██[38;2;106;49;115m██[38;2;106;49;115m██[38;2;106;49;115m██[38;2;106;49;115m██[38;2;106;49;115m██[38;2;106;49;115m██[38;2;106;49;115m██[38;2;106;49;115m██[38;2;106;49;115m██[38;2;106;49;115m██[38;2;106;49;115m██[38;2;106;49;115m██[38;2;106;49;115m██[38;2;106;49;115m██[38;2;106;49;115m██[38;2;106;49;115m██[38;2;106;49;115m██[38;2;106;49;115m██[38;2;106;49;115m██[38;2;106;49;115m██[38;2;156;123;82m██[38;2;16;16;16m██
      [38;2;16;16;16m██[38;2;49;0;74m██[38;2;230;205;156m██[38;2;255;255;148m██[38;2;255;255;148m██[38;2;255;255;148m██[38;2;255;255;148m██[38;2;16;16;16m██[38;2;238;222;172m██[38;2;238;222;172m██[38;2;238;222;172m██[38;2;238;222;172m██[38;2;238;222;172m██[38;2;238;222;172m██[38;2;197;156;106m██[38;2;98;180;222m██[38;2;98;180;222m██[38;2;57;115;213m██[38;2;106;49;115m██[38;2;213;180;123m██[38;2;213;180;123m██[38;2;49;0;74m██[38;2;16;16;16m██[38;2;49;0;74m██[38;2;156;123;82m██[38;2;230;205;156m██[38;2;230;205;156m██[38;2;230;205;156m██[38;2;230;205;156m██[38;2;255;255;148m██[38;2;230;205;156m██[38;2;106;49;115m██[38;2;106;49;115m██[38;2;106;49;115m██[38;2;106;49;115m██[38;2;106;49;115m██[38;2;106;49;115m██[38;2;106;49;115m██[38;2;106;49;115m██[38;2;156;123;82m██[38;2;230;205;156m██[38;2;230;205;156m██[38;2;230;205;156m██[38;2;230;205;156m██[38;2;230;205;156m██[38;2;230;205;156m██[38;2;156;123;82m██[38;2;106;49;115m██[38;2;106;49;115m██[38;2;106;49;115m██[38;2;106;49;115m██[38;2;106;49;115m██[38;2;106;49;115m██[38;2;156;123;82m██[38;2;16;16;16m██
          [38;2;16;16;16m██[38;2;49;0;74m██[38;2;230;205;156m██[38;2;230;205;156m██[38;2;16;16;16m██[38;2;255;255;246m██[38;2;238;222;172m██[38;2;238;222;172m██[38;2;238;222;172m██[38;2;238;222;172m██[38;2;238;222;172m██[38;2;213;180;123m██[38;2;255;255;246m██[38;2;255;255;246m██[38;2;98;180;222m██[38;2;98;180;222m██[38;2;106;49;115m██[38;2;213;180;123m██[38;2;213;180;123m██[38;2;213;180;123m██[38;2;16;16;16m██[38;2;156;123;82m██[38;2;230;205;156m██[38;2;230;205;156m██[38;2;230;205;156m██[38;2;230;205;156m██[38;2;230;205;156m██[38;2;230;205;156m██[38;2;106;49;115m██[38;2;106;49;115m██[38;2;106;49;115m██[38;2;106;49;115m██[38;2;106;49;115m██[38;2;106;49;115m██[38;2;156;123;82m██[38;2;230;205;156m██[38;2;255;255;148m██[38;2;255;255;148m██[38;2;255;255;148m██[38;2;255;255;148m██[38;2;255;255;148m██[38;2;255;255;148m██[38;2;255;255;148m██[38;2;255;255;148m██[38;2;255;255;148m██[38;2;255;255;148m██[38;2;156;123;82m██[38;2;106;49;115m██[38;2;106;49;115m██[38;2;106;49;115m██[38;2;106;49;115m██[38;2;16;16;16m██  
        [38;2;49;0;74m██[38;2;106;49;115m██[38;2;106;49;115m██[38;2;106;49;115m██[38;2;106;49;115m██[38;2;16;16;16m██[38;2;57;115;213m██[38;2;238;222;172m██[38;2;238;222;172m██[38;2;238;222;172m██[38;2;238;222;172m██[38;2;238;222;172m██[38;2;213;180;123m██[38;2;255;255;246m██[38;2;255;255;246m██[38;2;49;0;74m██[38;2;98;180;222m██[38;2;49;0;74m██[38;2;213;180;123m██[38;2;213;180;123m██[38;2;213;180;123m██[38;2;16;16;16m██[38;2;230;205;156m██[38;2;230;205;156m██[38;2;230;205;156m██[38;2;230;205;156m██[38;2;230;205;156m██[38;2;156;123;82m██[38;2;49;0;74m██[38;2;106;49;115m██[38;2;106;49;115m██[38;2;106;49;115m██[38;2;106;49;115m██[38;2;230;205;156m██[38;2;255;255;148m██[38;2;255;255;148m██[38;2;255;255;148m██[38;2;255;255;148m██[38;2;255;255;148m██[38;2;255;255;148m██[38;2;255;255;148m██[38;2;255;255;148m██[38;2;255;255;148m██[38;2;255;255;148m██[38;2;255;255;148m██[38;2;255;255;148m██[38;2;255;255;148m██[38;2;230;205;156m██[38;2;106;49;115m██[38;2;106;49;115m██[38;2;106;49;115m██[38;2;106;49;115m██[38;2;16;16;16m██  
        [38;2;16;16;16m██[38;2;106;49;115m██[38;2;230;205;156m██[38;2;230;205;156m██[38;2;230;205;156m██[38;2;16;16;16m██[38;2;57;115;213m██[38;2;238;222;172m██[38;2;238;222;172m██[38;2;238;222;172m██[38;2;238;222;172m██[38;2;238;222;172m██[38;2;197;156;106m██[38;2;57;115;213m██[38;2;49;0;74m██[38;2;49;0;74m██[38;2;57;115;213m██[38;2;49;0;74m██[38;2;213;180;123m██[38;2;213;180;123m██[38;2;213;180;123m██[38;2;16;16;16m██[38;2;230;205;156m██[38;2;230;205;156m██[38;2;230;205;156m██[38;2;230;205;156m██[38;2;49;0;74m██[38;2;49;0;74m██[38;2;49;0;74m██[38;2;106;49;115m██[38;2;230;205;156m██[38;2;255;255;148m██[38;2;255;255;148m██[38;2;255;255;148m██[38;2;255;255;148m██[38;2;255;255;148m██[38;2;255;255;148m██[38;2;255;255;148m██[38;2;255;255;148m██[38;2;255;255;148m██[38;2;255;255;148m██[38;2;255;255;148m██[38;2;255;255;148m██[38;2;255;255;148m██[38;2;255;255;148m██[38;2;255;255;148m██[38;2;255;255;148m██[38;2;156;123;82m██[38;2;106;49;115m██[38;2;106;49;115m██[38;2;106;49;115m██[38;2;16;16;16m██    
          [38;2;16;16;16m██[38;2;16;16;16m██[38;2;156;123;82m██[38;2;156;123;82m██[38;2;16;16;16m██[38;2;57;115;213m██[38;2;238;222;172m██[38;2;238;222;172m██[38;2;238;222;172m██[38;2;238;222;172m██[38;2;238;222;172m██[38;2;49;0;74m██[38;2;57;115;213m██[38;2;49;0;74m██[38;2;49;0;74m██[38;2;57;115;213m██[38;2;49;0;74m██[38;2;213;180;123m██[38;2;213;180;123m██[38;2;213;180;123m██[38;2;16;16;16m██[38;2;230;205;156m██[38;2;230;205;156m██[38;2;156;123;82m██[38;2;49;0;74m██[38;2;49;0;74m██[38;2;49;0;74m██[38;2;156;123;82m██[38;2;230;205;156m██[38;2;255;255;148m██[38;2;255;255;148m██[38;2;255;255;148m██[38;2;255;255;148m██[38;2;255;255;148m██[38;2;255;255;148m██[38;2;255;255;148m██[38;2;255;255;148m██[38;2;255;255;148m██[38;2;255;255;148m██[38;2;255;255;148m██[38;2;255;255;148m██[38;2;255;255;148m██[38;2;255;255;148m██[38;2;230;205;156m██[38;2;156;123;82m██[38;2;156;123;82m██[38;2;106;49;115m██[38;2;106;49;115m██[38;2;106;49;115m██[38;2;16;16;16m██      
            [38;2;49;0;74m██[38;2;16;16;16m██[38;2;16;16;16m██[38;2;106;49;115m██[38;2;16;16;16m██[38;2;213;180;123m██[38;2;49;0;74m██[38;2;197;156;106m██[38;2;238;222;172m██[38;2;238;222;172m██[38;2;49;0;74m██[38;2;106;49;115m██[38;2;57;115;213m██[38;2;57;115;213m██[38;2;106;49;115m██[38;2;213;180;123m██[38;2;213;180;123m██[38;2;213;180;123m██[38;2;106;49;115m██[38;2;230;205;156m██[38;2;230;205;156m██[38;2;49;0;74m██[38;2;49;0;74m██[38;2;49;0;74m██[38;2;49;0;74m██[38;2;230;205;156m██[38;2;230;205;156m██[38;2;230;205;156m██[38;2;255;255;148m██[38;2;255;255;148m██[38;2;255;255;148m██[38;2;255;255;148m██[38;2;255;255;148m██[38;2;255;255;148m██[38;2;255;255;148m██[38;2;255;255;148m██[38;2;255;255;148m██[38;2;255;255;148m██[38;2;230;205;156m██[38;2;156;123;82m██[38;2;106;49;115m██[38;2;106;49;115m██[38;2;106;49;115m██[38;2;106;49;115m██[38;2;106;49;115m██[38;2;106;49;115m██[38;2;16;16;16m██[38;2;16;16;16m██        
            [38;2;49;0;74m██[38;2;106;49;115m██[38;2;106;49;115m██[38;2;106;49;115m██[38;2;106;49;115m██[38;2;49;0;74m██[38;2;16;16;16m██[38;2;16;16;16m██[38;2;213;180;123m██[38;2;213;180;123m██[38;2;213;180;123m██[38;2;49;0;74m██[38;2;49;0;74m██[38;2;49;0;74m██[38;2;213;180;123m██[38;2;213;180;123m██[38;2;213;180;123m██[38;2;213;180;123m██[38;2;16;16;16m██[38;2;156;123;82m██[38;2;49;0;74m██[38;2;49;0;74m██[38;2;49;0;74m██[38;2;49;0;74m██[38;2;230;205;156m██[38;2;230;205;156m██[38;2;230;205;156m██[38;2;230;205;156m██[38;2;230;205;156m██[38;2;230;205;156m██[38;2;230;205;156m██[38;2;230;205;156m██[38;2;230;205;156m██[38;2;230;205;156m██[38;2;156;123;82m██[38;2;106;49;115m██[38;2;106;49;115m██[38;2;106;49;115m██[38;2;106;49;115m██[38;2;106;49;115m██[38;2;106;49;115m██[38;2;106;49;115m██[38;2;106;49;115m██[38;2;16;16;16m██[38;2;16;16;16m██[38;2;16;16;16m██            
            [38;2;49;0;74m██[38;2;106;49;115m██[38;2;106;49;115m██[38;2;106;49;115m██[38;2;16;16;16m██[38;2;16;16;16m██[38;2;16;16;16m██[38;2;213;180;123m██[38;2;213;180;123m██[38;2;213;180;123m██[38;2;213;180;123m██[38;2;213;180;123m██[38;2;213;180;123m██[38;2;213;180;123m██[38;2;213;180;123m██[38;2;213;180;123m██[38;2;106;49;115m██[38;2;16;16;16m██[38;2;49;0;74m██[38;2;49;0;74m██[38;2;49;0;74m██[38;2;49;0;74m██[38;2;49;0;74m██[38;2;49;0;74m██[38;2;49;0;74m██[38;2;49;0;74m██[38;2;49;0;74m██[38;2;49;0;74m██[38;2;106;49;115m██[38;2;106;49;115m██[38;2;106;49;115m██[38;2;106;49;115m██[38;2;106;49;115m██[38;2;106;49;115m██[38;2;106;49;115m██[38;2;106;49;115m██[38;2;106;49;115m██[38;2;106;49;115m██[38;2;106;49;115m██[38;2;106;49;115m██[38;2;106;49;115m██[38;2;16;16;16m██[38;2;16;16;16m██                  
              [38;2;49;0;74m██[38;2;106;49;115m██[38;2;16;16;16m██[38;2;16;16;16m██[38;2;106;49;115m██[38;2;106;49;115m██[38;2;16;16;16m██[38;2;106;49;115m██[38;2;213;180;123m██[38;2;213;180;123m██[38;2;213;180;123m██[38;2;213;180;123m██[38;2;213;180;123m██[38;2;106;49;115m██[38;2;16;16;16m██[38;2;49;0;74m██[38;2;49;0;74m██[38;2;49;0;74m██[38;2;49;0;74m██[38;2;49;0;74m██[38;2;156;123;82m██[38;2;156;123;82m██[38;2;156;123;82m██[38;2;230;205;156m██[38;2;230;205;156m██[38;2;230;205;156m██[38;2;255;255;148m██[38;2;255;255;148m██[38;2;255;255;148m██[38;2;230;205;156m██[38;2;156;123;82m██[38;2;106;49;115m██[38;2;106;49;115m██[38;2;106;49;115m██[38;2;106;49;115m██[38;2;106;49;115m██[38;2;106;49;115m██[38;2;106;49;115m██[38;2;106;49;115m██[38;2;16;16;16m██                      
                [38;2;16;16;16m██[38;2;16;16;16m██[38;2;106;49;115m██[38;2;49;0;74m██[38;2;49;0;74m██[38;2;49;0;74m██[38;2;16;16;16m██[38;2;49;0;74m██[38;2;164;98;65m██[38;2;164;98;65m██[38;2;49;0;74m██[38;2;49;0;74m██[38;2;16;16;16m██[38;2;16;16;16m██[38;2;16;16;16m██[38;2;16;16;16m██[38;2;156;123;82m██[38;2;230;205;156m██[38;2;230;205;156m██[38;2;230;205;156m██[38;2;230;205;156m██[38;2;230;205;156m██[38;2;230;205;156m██[38;2;230;205;156m██[38;2;230;205;156m██[38;2;255;255;148m██[38;2;255;255;148m██[38;2;255;255;148m██[38;2;255;255;148m██[38;2;230;205;156m██[38;2;106;49;115m██[38;2;106;49;115m██[38;2;106;49;115m██[38;2;106;49;115m██[38;2;106;49;115m██[38;2;106;49;115m██[38;2;106;49;115m██[38;2;16;16;16m██                        
              [38;2;49;0;74m██[38;2;16;16;16m██  [38;2;49;0;74m██[38;2;213;180;123m██[38;2;238;222;172m██[38;2;16;16;16m██[38;2;197;156;106m██[38;2;197;156;106m██[38;2;197;156;106m██[38;2;197;156;106m██[38;2;164;98;65m██[38;2;16;16;16m██[38;2;213;180;123m██[38;2;238;222;172m██[38;2;238;222;172m██[38;2;213;180;123m██[38;2;16;16;16m██[38;2;156;123;82m██[38;2;230;205;156m██[38;2;230;205;156m██[38;2;230;205;156m██[38;2;230;205;156m██[38;2;230;205;156m██[38;2;230;205;156m██[38;2;255;255;148m██[38;2;255;255;148m██[38;2;255;255;148m██[38;2;255;255;148m██[38;2;230;205;156m██[38;2;156;123;82m██[38;2;106;49;115m██[38;2;106;49;115m██[38;2;106;49;115m██[38;2;106;49;115m██[38;2;106;49;115m██[38;2;106;49;115m██[38;2;106;49;115m██[38;2;16;16;16m██                        
            [38;2;49;0;74m██[38;2;16;16;16m██    [38;2;49;0;74m██[38;2;238;222;172m██[38;2;106;49;115m██[38;2;213;180;123m██[38;2;238;222;172m██[38;2;213;180;123m██[38;2;197;156;106m██[38;2;197;156;106m██[38;2;164;98;65m██[38;2;164;98;65m██[38;2;238;222;172m██[38;2;238;222;172m██[38;2;238;222;172m██[38;2;238;222;172m██[38;2;16;16;16m██[38;2;156;123;82m██[38;2;230;205;156m██[38;2;230;205;156m██[38;2;230;205;156m██[38;2;230;205;156m██[38;2;230;205;156m██[38;2;230;205;156m██[38;2;255;255;148m██[38;2;255;255;148m██[38;2;230;205;156m██[38;2;156;123;82m██[38;2;106;49;115m██[38;2;106;49;115m██[38;2;106;49;115m██[38;2;106;49;115m██[38;2;106;49;115m██[38;2;106;49;115m██[38;2;106;49;115m██[38;2;106;49;115m██[38;2;106;49;115m██[38;2;16;16;16m██                        
          [38;2;106;49;115m██[38;2;16;16;16m██        [38;2;49;0;74m██[38;2;16;16;16m██[38;2;238;222;172m██[38;2;238;222;172m██[38;2;238;222;172m██[38;2;213;180;123m██[38;2;197;156;106m██[38;2;197;156;106m██[38;2;164;98;65m██[38;2;213;180;123m██[38;2;238;222;172m██[38;2;213;180;123m██[38;2;197;156;106m██[38;2;16;16;16m██[38;2;49;0;74m██[38;2;49;0;74m██[38;2;49;0;74m██[38;2;49;0;74m██[38;2;49;0;74m██[38;2;49;0;74m██[38;2;49;0;74m██[38;2;106;49;115m██[38;2;106;49;115m██[38;2;106;49;115m██[38;2;106;49;115m██[38;2;106;49;115m██[38;2;106;49;115m██[38;2;106;49;115m██[38;2;106;49;115m██[38;2;106;49;115m██[38;2;16;16;16m██[38;2;16;16;16m██[38;2;16;16;16m██[38;2;16;16;16m██                          
        [38;2;106;49;115m██[38;2;16;16;16m██            [38;2;16;16;16m██[38;2;238;222;172m██[38;2;238;222;172m██[38;2;238;222;172m██[38;2;238;222;172m██[38;2;164;98;65m██[38;2;164;98;65m██[38;2;164;98;65m██[38;2;164;98;65m██[38;2;16;16;16m██[38;2;16;16;16m██[38;2;16;16;16m██[38;2;156;123;82m██[38;2;230;205;156m██[38;2;230;205;156m██[38;2;230;205;156m██[38;2;230;205;156m██[38;2;230;205;156m██[38;2;230;205;156m██[38;2;156;123;82m██[38;2;106;49;115m██[38;2;106;49;115m██[38;2;106;49;115m██[38;2;106;49;115m██[38;2;106;49;115m██[38;2;106;49;115m██[38;2;106;49;115m██[38;2;106;49;115m██[38;2;49;0;74m██                                  
      [38;2;106;49;115m██[38;2;16;16;16m██              [38;2;16;16;16m██[38;2;238;222;172m██[38;2;238;222;172m██[38;2;238;222;172m██[38;2;238;222;172m██[38;2;213;180;123m██[38;2;164;98;65m██[38;2;164;98;65m██[38;2;164;98;65m██[38;2;164;98;65m██[38;2;16;16;16m██[38;2;57;115;213m██[38;2;16;16;16m██[38;2;16;16;16m██[38;2;16;16;16m██[38;2;16;16;16m██[38;2;230;205;156m██[38;2;230;205;156m██[38;2;230;205;156m██[38;2;230;205;156m██[38;2;156;123;82m██[38;2;106;49;115m██[38;2;106;49;115m██[38;2;106;49;115m██[38;2;106;49;115m██[38;2;106;49;115m██[38;2;106;49;115m██[38;2;106;49;115m██[38;2;16;16;16m██                                  
      [38;2;16;16;16m██                [38;2;49;0;74m██[38;2;213;180;123m██[38;2;238;222;172m██[38;2;238;222;172m██[38;2;213;180;123m██[38;2;213;180;123m██[38;2;164;98;65m██[38;2;49;0;74m██[38;2;49;0;74m██[38;2;49;0;74m██[38;2;16;16;16m██[38;2;57;115;213m██[38;2;57;115;213m██[38;2;57;115;213m██[38;2;57;115;213m██[38;2;57;115;213m██[38;2;16;16;16m██[38;2;16;16;16m██[38;2;16;16;16m██[38;2;16;16;16m██[38;2;106;49;115m██[38;2;106;49;115m██[38;2;106;49;115m██[38;2;106;49;115m██[38;2;106;49;115m██[38;2;106;49;115m██[38;2;106;49;115m██[38;2;49;0;74m██                                    
    [38;2;106;49;115m██[38;2;16;16;16m██              [38;2;106;49;115m██[38;2;238;222;172m██[38;2;106;49;115m██[38;2;213;180;123m██[38;2;213;180;123m██[38;2;213;180;123m██[38;2;213;180;123m██[38;2;49;0;74m██[38;2;238;222;172m██[38;2;213;180;123m██[38;2;213;180;123m██[38;2;49;0;74m██[38;2;57;115;213m██[38;2;57;115;213m██[38;2;98;180;222m██[38;2;98;180;222m██[38;2;57;115;213m██[38;2;57;115;213m██[38;2;49;0;74m██[38;2;49;0;74m██[38;2;49;0;74m██[38;2;16;16;16m██[38;2;16;16;16m██[38;2;16;16;16m██[38;2;16;16;16m██[38;2;16;16;16m██[38;2;16;16;16m██[38;2;16;16;16m██                                      
    [38;2;16;16;16m██      [38;2;106;49;115m██[38;2;106;49;115m██[38;2;106;49;115m██    [38;2;106;49;115m██[38;2;238;222;172m██[38;2;238;222;172m██[38;2;49;0;74m██[38;2;213;180;123m██[38;2;213;180;123m██[38;2;49;0;74m██[38;2;238;222;172m██[38;2;238;222;172m██[38;2;238;222;172m██[38;2;213;180;123m██[38;2;213;180;123m██[38;2;16;16;16m██[38;2;49;0;74m██[38;2;106;49;115m██[38;2;98;180;222m██[38;2;98;180;222m██[38;2;98;180;222m██[38;2;57;115;213m██[38;2;106;49;115m██[38;2;49;0;74m██[38;2;49;0;74m██[38;2;16;16;16m██                                                
  [38;2;106;49;115m██[38;2;16;16;16m██    [38;2;106;49;115m██[38;2;16;16;16m██[38;2;16;16;16m██[38;2;16;16;16m██[38;2;106;49;115m██    [38;2;16;16;16m██[38;2;213;180;123m██[38;2;213;180;123m██[38;2;49;0;74m██[38;2;16;16;16m██[38;2;16;16;16m██[38;2;213;180;123m██[38;2;238;222;172m██[38;2;213;180;123m██[38;2;213;180;123m██[38;2;213;180;123m██[38;2;16;16;16m██[38;2;164;74;65m██[38;2;164;74;65m██[38;2;106;49;115m██[38;2;106;49;115m██[38;2;57;115;213m██[38;2;57;115;213m██[38;2;106;49;115m██[38;2;106;49;115m██[38;2;106;49;115m██[38;2;16;16;16m██                                                
  [38;2;16;16;16m██    [38;2;106;49;115m██[38;2;16;16;16m██      [38;2;16;16;16m██[38;2;106;49;115m██    [38;2;16;16;16m██[38;2;16;16;16m██[38;2;16;16;16m██[38;2;106;49;115m██[38;2;49;0;74m██[38;2;16;16;16m██[38;2;213;180;123m██[38;2;213;180;123m██[38;2;213;180;123m██[38;2;164;98;65m██[38;2;16;16;16m██[38;2;164;74;65m██[38;2;246;65;49m██[38;2;246;65;49m██[38;2;164;74;65m██[38;2;106;49;115m██[38;2;106;49;115m██[38;2;106;49;115m██[38;2;106;49;115m██[38;2;106;49;115m██[38;2;106;49;115m██[38;2;16;16;16m██                                              
  [38;2;16;16;16m██    [38;2;106;49;115m██          [38;2;16;16;16m██      [38;2;16;16;16m██[38;2;106;49;115m██[38;2;106;49;115m██[38;2;16;16;16m██  [38;2;16;16;16m██[38;2;16;16;16m██[38;2;16;16;16m██[38;2;16;16;16m██[38;2;106;49;115m██[38;2;164;74;65m██[38;2;246;65;49m██[38;2;246;65;49m██[38;2;246;65;49m██[38;2;106;49;115m██[38;2;106;49;115m██[38;2;106;49;115m██[38;2;106;49;115m██[38;2;49;0;74m██[38;2;16;16;16m██[38;2;49;0;74m██[38;2;49;0;74m██[38;2;49;0;74m██                                          
  [38;2;16;16;16m██    [38;2;106;49;115m██          [38;2;16;16;16m██      [38;2;16;16;16m██[38;2;106;49;115m██[38;2;106;49;115m██[38;2;16;16;16m██          [38;2;16;16;16m██[38;2;106;49;115m██[38;2;164;74;65m██[38;2;246;65;49m██[38;2;164;74;65m██[38;2;106;49;115m██[38;2;106;49;115m██[38;2;49;0;74m██[38;2;16;16;16m██    [38;2;16;16;16m██[38;2;16;16;16m██[38;2;16;16;16m██[38;2;49;0;74m██[38;2;49;0;74m██                                      
  [38;2;16;16;16m██                [38;2;16;16;16m██        [38;2;16;16;16m██[38;2;106;49;115m██[38;2;16;16;16m██            [38;2;16;16;16m██[38;2;106;49;115m██[38;2;106;49;115m██[38;2;106;49;115m██[38;2;106;49;115m██[38;2;49;0;74m██              [38;2;16;16;16m██[38;2;16;16;16m██[38;2;49;0;74m██                                    
  [38;2;16;16;16m██[38;2;106;49;115m██            [38;2;106;49;115m██[38;2;16;16;16m██        [38;2;16;16;16m██[38;2;106;49;115m██[38;2;106;49;115m██[38;2;49;0;74m██            [38;2;16;16;16m██[38;2;106;49;115m██[38;2;106;49;115m██[38;2;106;49;115m██[38;2;16;16;16m██                  [38;2;16;16;16m██[38;2;16;16;16m██[38;2;49;0;74m██    [38;2;49;0;74m██[38;2;49;0;74m██[38;2;49;0;74m██                      
    [38;2;16;16;16m██            [38;2;16;16;16m██            [38;2;16;16;16m██[38;2;106;49;115m██[38;2;16;16;16m██              [38;2;16;16;16m██[38;2;106;49;115m██[38;2;106;49;115m██[38;2;16;16;16m██                      [38;2;16;16;16m██[38;2;49;0;74m██[38;2;49;0;74m██[38;2;106;49;115m██[38;2;238;222;172m██[38;2;213;180;123m██[38;2;49;0;74m██                    
    [38;2;16;16;16m██            [38;2;16;16;16m██            [38;2;16;16;16m██[38;2;106;49;115m██[38;2;16;16;16m██                [38;2;16;16;16m██[38;2;106;49;115m██[38;2;16;16;16m██                        [38;2;16;16;16m██[38;2;16;16;16m██[38;2;106;49;115m██[38;2;106;49;115m██[38;2;106;49;115m██[38;2;106;49;115m██[38;2;49;0;74m██                  
    [38;2;16;16;16m██[38;2;106;49;115m██      [38;2;106;49;115m██[38;2;106;49;115m██[38;2;16;16;16m██              [38;2;16;16;16m██[38;2;16;16;16m██                  [38;2;16;16;16m██[38;2;16;16;16m██                            [38;2;16;16;16m██[38;2;106;49;115m██[38;2;106;49;115m██[38;2;106;49;115m██[38;2;16;16;16m██                  
      [38;2;16;16;16m██[38;2;106;49;115m██[38;2;106;49;115m██[38;2;106;49;115m██[38;2;16;16;16m██[38;2;16;16;16m██                                                                        [38;2;16;16;16m██[38;2;16;16;16m██[38;2;16;16;16m██                    
        [38;2;16;16;16m██[38;2;16;16;16m██[38;2;16;16;16m██                                                                                                      
