                                                                  [38;2;49;189;223m██[38;2;49;189;223m██                                                            
                                                          [38;2;49;189;223m██[38;2;49;189;223m██[38;2;0;20;78m██[38;2;0;20;78m██[38;2;49;189;223m██[38;2;49;189;223m██[38;2;0;20;78m██[38;2;0;20;78m██[38;2;0;20;78m██[38;2;49;189;223m██                                                    
                                                        [38;2;238;90;204m██[38;2;238;90;204m██[38;2;13;34;129m██[38;2;15;48;197m██[38;2;238;90;204m██[38;2;238;90;204m██[38;2;15;48;197m██[38;2;15;48;197m██[38;2;15;48;197m██[38;2;13;34;129m██[38;2;49;189;223m██[38;2;0;20;78m██                                                  
                                                    [38;2;238;90;204m██[38;2;0;20;78m██[38;2;238;90;204m██[38;2;184;61;107m██[38;2;15;48;197m██[38;2;15;48;197m██[38;2;238;90;204m██[38;2;184;61;107m██[38;2;15;48;197m██[38;2;15;48;197m██[38;2;238;90;204m██[38;2;238;90;204m██[38;2;15;48;197m██[38;2;13;34;129m██[38;2;0;20;78m██[38;2;49;189;223m██                                              
                                                  [38;2;238;90;204m██[38;2;0;20;78m██[38;2;15;48;197m██[38;2;15;48;197m██[38;2;15;48;197m██[38;2;15;48;197m██[38;2;15;48;197m██[38;2;15;48;197m██[38;2;15;48;197m██[38;2;15;48;197m██[38;2;15;48;197m██[38;2;238;90;204m██[38;2;184;61;107m██[38;2;15;48;197m██[38;2;15;48;197m██[38;2;238;90;204m██[38;2;0;20;78m██                                              
                                                  [38;2;0;20;78m██[38;2;15;48;197m██[38;2;15;48;197m██[38;2;15;48;197m██[38;2;15;48;197m██[38;2;15;48;197m██[38;2;15;48;197m██[38;2;15;48;197m██[38;2;15;48;197m██[38;2;15;48;197m██[38;2;15;48;197m██[38;2;15;48;197m██[38;2;15;48;197m██[38;2;15;48;197m██[38;2;15;48;197m██[38;2;238;90;204m██[38;2;184;61;107m██[38;2;13;83;106m██                                            
                                                  [38;2;49;189;223m██[38;2;49;189;223m██[38;2;15;48;197m██[38;2;15;48;197m██[38;2;49;189;223m██[38;2;49;189;223m██[38;2;15;48;197m██[38;2;15;48;197m██[38;2;49;189;223m██[38;2;49;189;223m██[38;2;15;48;197m██[38;2;15;48;197m██[38;2;15;48;197m██[38;2;238;90;204m██[38;2;238;90;204m██[38;2;13;34;129m██[38;2;184;61;107m██[38;2;13;83;106m██[38;2;184;61;107m██                                          
                                              [38;2;49;189;223m██[38;2;0;20;78m██[38;2;49;189;223m██[38;2;41;126;141m██[38;2;15;48;197m██[38;2;15;48;197m██[38;2;49;189;223m██[38;2;41;126;141m██[38;2;15;48;197m██[38;2;15;48;197m██[38;2;49;189;223m██[38;2;41;126;141m██[38;2;15;48;197m██[38;2;15;48;197m██[38;2;49;189;223m██[38;2;238;90;204m██[38;2;49;189;223m██[38;2;238;90;204m██[38;2;184;61;107m██[38;2;41;126;141m██[38;2;13;83;106m██                                          
                                              [38;2;49;189;223m██[38;2;13;34;129m██[38;2;15;48;197m██[38;2;15;48;197m██[38;2;15;48;197m██[38;2;15;48;197m██[38;2;15;48;197m██[38;2;15;48;197m██[38;2;15;48;197m██[38;2;15;48;197m██[38;2;15;48;197m██[38;2;15;48;197m██[38;2;15;48;197m██[38;2;15;48;197m██[38;2;49;189;223m██[38;2;238;90;204m██[38;2;49;189;223m██[38;2;49;189;223m██[38;2;49;189;223m██[38;2;49;189;223m██[38;2;13;83;106m██[38;2;41;126;141m██                                        
                                              [38;2;0;20;78m██[38;2;15;48;197m██[38;2;15;48;197m██[38;2;15;48;197m██[38;2;15;48;197m██[38;2;15;48;197m██[38;2;15;48;197m██[38;2;15;48;197m██[38;2;15;48;197m██[38;2;15;48;197m██[38;2;15;48;197m██[38;2;15;48;197m██[38;2;15;48;197m██[38;2;15;48;197m██[38;2;15;48;197m██[38;2;15;48;197m██[38;2;238;90;204m██[38;2;49;189;223m██[38;2;49;189;223m██[38;2;49;189;223m██[38;2;41;126;141m██[38;2;13;83;106m██                                        
                                              [38;2;0;20;78m██[38;2;15;48;197m██[38;2;15;48;197m██[38;2;15;48;197m██[38;2;15;48;197m██[38;2;15;48;197m██[38;2;15;48;197m██[38;2;15;48;197m██[38;2;15;48;197m██[38;2;15;48;197m██[38;2;15;48;197m██[38;2;15;48;197m██[38;2;15;48;197m██[38;2;15;48;197m██[38;2;15;48;197m██[38;2;15;48;197m██[38;2;238;90;204m██[38;2;49;189;223m██[38;2;49;189;223m██[38;2;49;189;223m██[38;2;206;204;62m██[38;2;13;83;106m██                                        
                                            [38;2;238;90;204m██[38;2;0;20;78m██[38;2;238;90;204m██[38;2;238;90;204m██[38;2;15;48;197m██[38;2;15;48;197m██[38;2;238;90;204m██[38;2;238;90;204m██[38;2;15;48;197m██[38;2;15;48;197m██[38;2;238;90;204m██[38;2;238;90;204m██[38;2;15;48;197m██[38;2;15;48;197m██[38;2;238;90;204m██[38;2;238;90;204m██[38;2;15;48;197m██[38;2;13;34;129m██[38;2;238;90;204m██[38;2;49;189;223m██[38;2;206;204;62m██[38;2;255;255;83m██[38;2;13;83;106m██                                        
                                            [38;2;238;90;204m██[38;2;0;20;78m██[38;2;238;90;204m██[38;2;184;61;107m██[38;2;15;48;197m██[38;2;15;48;197m██[38;2;238;90;204m██[38;2;184;61;107m██[38;2;15;48;197m██[38;2;15;48;197m██[38;2;238;90;204m██[38;2;184;61;107m██[38;2;15;48;197m██[38;2;15;48;197m██[38;2;238;90;204m██[38;2;184;61;107m██[38;2;15;48;197m██[38;2;13;34;129m██[38;2;238;90;204m██[38;2;49;189;223m██[38;2;206;204;62m██[38;2;255;255;83m██[38;2;13;83;106m██                                        
                                              [38;2;0;20;78m██[38;2;15;48;197m██[38;2;15;48;197m██[38;2;15;48;197m██[38;2;15;48;197m██[38;2;15;48;197m██[38;2;15;48;197m██[38;2;15;48;197m██[38;2;15;48;197m██[38;2;15;48;197m██[38;2;15;48;197m██[38;2;15;48;197m██[38;2;15;48;197m██[38;2;15;48;197m██[38;2;15;48;197m██[38;2;15;48;197m██[38;2;238;90;204m██[38;2;49;189;223m██[38;2;49;189;223m██[38;2;41;126;141m██[38;2;206;204;62m██[38;2;13;83;106m██                                        
                                              [38;2;0;20;78m██[38;2;15;48;197m██[38;2;15;48;197m██[38;2;15;48;197m██[38;2;15;48;197m██[38;2;15;48;197m██[38;2;15;48;197m██[38;2;15;48;197m██[38;2;15;48;197m██[38;2;15;48;197m██[38;2;15;48;197m██[38;2;15;48;197m██[38;2;15;48;197m██[38;2;15;48;197m██[38;2;15;48;197m██[38;2;13;34;129m██[38;2;238;90;204m██[38;2;49;189;223m██[38;2;49;189;223m██[38;2;41;126;141m██[38;2;41;126;141m██[38;2;13;83;106m██                                        
                                              [38;2;49;189;223m██[38;2;0;20;78m██[38;2;15;48;197m██[38;2;15;48;197m██[38;2;15;48;197m██[38;2;15;48;197m██[38;2;15;48;197m██[38;2;15;48;197m██[38;2;15;48;197m██[38;2;15;48;197m██[38;2;15;48;197m██[38;2;15;48;197m██[38;2;15;48;197m██[38;2;15;48;197m██[38;2;49;189;223m██[38;2;238;90;204m██[38;2;49;189;223m██[38;2;49;189;223m██[38;2;41;126;141m██[38;2;41;126;141m██[38;2;13;83;106m██[38;2;41;126;141m██                                        
                                              [38;2;41;126;141m██[38;2;0;20;78m██[38;2;49;189;223m██[38;2;49;189;223m██[38;2;15;48;197m██[38;2;15;48;197m██[38;2;49;189;223m██[38;2;49;189;223m██[38;2;15;48;197m██[38;2;15;48;197m██[38;2;49;189;223m██[38;2;49;189;223m██[38;2;15;48;197m██[38;2;15;48;197m██[38;2;49;189;223m██[38;2;238;90;204m██[38;2;49;189;223m██[38;2;184;61;107m██[38;2;184;61;107m██[38;2;41;126;141m██[38;2;13;83;106m██                                          
                                                  [38;2;49;189;223m██[38;2;41;126;141m██[38;2;15;48;197m██[38;2;15;48;197m██[38;2;49;189;223m██[38;2;41;126;141m██[38;2;15;48;197m██[38;2;15;48;197m██[38;2;49;189;223m██[38;2;41;126;141m██[38;2;15;48;197m██[38;2;15;48;197m██[38;2;13;34;129m██[38;2;184;61;107m██[38;2;184;61;107m██[38;2;13;34;129m██[38;2;184;61;107m██[38;2;13;83;106m██[38;2;184;61;107m██                                          
                                                  [38;2;0;20;78m██[38;2;13;34;129m██[38;2;13;34;129m██[38;2;13;34;129m██[38;2;15;48;197m██[38;2;15;48;197m██[38;2;15;48;197m██[38;2;15;48;197m██[38;2;15;48;197m██[38;2;15;48;197m██[38;2;15;48;197m██[38;2;13;34;129m██[38;2;13;34;129m██[38;2;13;34;129m██[38;2;13;34;129m██[38;2;238;90;204m██[38;2;184;61;107m██[38;2;16;16;16m██                                            
                                                  [38;2;238;90;204m██[38;2;16;16;16m██[38;2;13;34;129m██[38;2;13;34;129m██[38;2;13;34;129m██[38;2;13;34;129m██[38;2;13;34;129m██[38;2;13;34;129m██[38;2;13;34;129m██[38;2;13;34;129m██[38;2;13;34;129m██[38;2;238;90;204m██[38;2;238;90;204m██[38;2;13;34;129m██[38;2;13;34;129m██[38;2;238;90;204m██[38;2;16;16;16m██[38;2;16;16;16m██[38;2;16;16;16m██[38;2;16;16;16m██                                        
                              [38;2;0;20;78m██[38;2;0;20;78m██[38;2;0;20;78m██[38;2;0;20;78m██        [38;2;16;16;16m██[38;2;16;16;16m██[38;2;16;16;16m██[38;2;238;90;204m██[38;2;16;16;16m██[38;2;238;90;204m██[38;2;238;90;204m██[38;2;13;34;129m██[38;2;13;34;129m██[38;2;238;90;204m██[38;2;238;90;204m██[38;2;13;34;129m██[38;2;13;34;129m██[38;2;238;90;204m██[38;2;184;61;107m██[38;2;13;34;129m██[38;2;16;16;16m██[38;2;16;16;16m██[38;2;15;48;197m██[38;2;15;48;197m██[38;2;15;48;197m██[38;2;15;48;197m██[38;2;16;16;16m██      [38;2;0;20;78m██[38;2;0;20;78m██[38;2;0;20;78m██                          
                            [38;2;0;20;78m██[38;2;13;34;129m██[38;2;13;34;129m██[38;2;13;34;129m██[38;2;13;34;129m██[38;2;0;20;78m██[38;2;0;20;78m██[38;2;0;20;78m██[38;2;0;20;78m██[38;2;13;34;129m██[38;2;15;48;197m██[38;2;15;48;197m██[38;2;16;16;16m██[38;2;16;16;16m██[38;2;238;90;204m██[38;2;184;61;107m██[38;2;0;20;78m██[38;2;13;34;129m██[38;2;238;90;204m██[38;2;184;61;107m██[38;2;13;34;129m██[38;2;13;34;129m██[38;2;13;34;129m██[38;2;16;16;16m██[38;2;16;16;16m██[38;2;0;20;78m██[38;2;0;20;78m██[38;2;15;48;197m██[38;2;15;48;197m██[38;2;15;48;197m██[38;2;16;16;16m██[38;2;16;16;16m██[38;2;16;16;16m██[38;2;16;16;16m██[38;2;16;16;16m██[38;2;15;48;197m██[38;2;15;48;197m██[38;2;15;48;197m██[38;2;0;20;78m██[38;2;0;20;78m██[38;2;0;20;78m██[38;2;0;20;78m██[38;2;0;20;78m██[38;2;0;20;78m██              
                        [38;2;0;20;78m██[38;2;0;20;78m██[38;2;0;20;78m██[38;2;0;20;78m██[38;2;0;20;78m██[38;2;15;48;197m██[38;2;15;48;197m██[38;2;15;48;197m██[38;2;15;48;197m██[38;2;15;48;197m██[38;2;0;20;78m██[38;2;0;20;78m██[38;2;0;20;78m██[38;2;0;20;78m██[38;2;0;20;78m██[38;2;0;20;78m██[38;2;15;48;197m██[38;2;15;48;197m██[38;2;15;48;197m██[38;2;0;20;78m██[38;2;0;20;78m██[38;2;0;20;78m██[38;2;0;20;78m██[38;2;16;16;16m██[38;2;16;16;16m██[38;2;15;48;197m██[38;2;15;48;197m██[38;2;15;48;197m██[38;2;15;48;197m██[38;2;0;20;78m██[38;2;0;20;78m██[38;2;15;48;197m██[38;2;15;48;197m██[38;2;15;48;197m██[38;2;15;48;197m██[38;2;0;20;78m██[38;2;0;20;78m██[38;2;0;20;78m██[38;2;13;34;129m██[38;2;13;34;129m██[38;2;15;48;197m██[38;2;15;48;197m██[38;2;15;48;197m██[38;2;15;48;197m██[38;2;15;48;197m██[38;2;15;48;197m██[38;2;16;16;16m██            
                      [38;2;0;20;78m██[38;2;13;34;129m██[38;2;13;34;129m██[38;2;13;34;129m██[38;2;15;48;197m██[38;2;15;48;197m██[38;2;15;48;197m██[38;2;15;48;197m██[38;2;15;48;197m██[38;2;15;48;197m██[38;2;0;20;78m██[38;2;13;34;129m██[38;2;13;34;129m██[38;2;13;34;129m██[38;2;15;48;197m██[38;2;15;48;197m██[38;2;15;48;197m██[38;2;15;48;197m██[38;2;15;48;197m██[38;2;0;20;78m██[38;2;13;34;129m██[38;2;13;34;129m██[38;2;13;34;129m██[38;2;13;34;129m██[38;2;0;20;78m██[38;2;15;48;197m██[38;2;15;48;197m██[38;2;15;48;197m██[38;2;15;48;197m██[38;2;13;34;129m██[38;2;13;34;129m██[38;2;13;34;129m██[38;2;0;20;78m██[38;2;15;48;197m██[38;2;15;48;197m██[38;2;15;48;197m██[38;2;15;48;197m██[38;2;13;34;129m██[38;2;13;34;129m██[38;2;0;20;78m██[38;2;13;34;129m██[38;2;13;34;129m██[38;2;15;48;197m██[38;2;15;48;197m██[38;2;0;20;78m██[38;2;16;16;16m██[38;2;16;16;16m██              
                    [38;2;0;20;78m██[38;2;13;34;129m██[38;2;16;16;16m██[38;2;16;16;16m██[38;2;13;34;129m██[38;2;13;34;129m██[38;2;15;48;197m██[38;2;15;48;197m██[38;2;15;48;197m██[38;2;15;48;197m██[38;2;15;48;197m██[38;2;13;34;129m██[38;2;16;16;16m██[38;2;16;16;16m██[38;2;13;34;129m██[38;2;13;34;129m██[38;2;13;34;129m██[38;2;15;48;197m██[38;2;0;20;78m██[38;2;13;34;129m██[38;2;13;34;129m██[38;2;16;16;16m██[38;2;16;16;16m██[38;2;16;16;16m██[38;2;13;34;129m██[38;2;13;34;129m██[38;2;0;20;78m██[38;2;15;48;197m██[38;2;13;34;129m██[38;2;13;34;129m██[38;2;16;16;16m██[38;2;16;16;16m██[38;2;13;34;129m██[38;2;13;34;129m██[38;2;15;48;197m██[38;2;15;48;197m██[38;2;13;34;129m██[38;2;13;34;129m██[38;2;16;16;16m██[38;2;16;16;16m██[38;2;13;34;129m██[38;2;0;20;78m██[38;2;15;48;197m██[38;2;15;48;197m██[38;2;16;16;16m██                    
                    [38;2;16;16;16m██[38;2;16;16;16m██    [38;2;0;20;78m██[38;2;13;34;129m██[38;2;13;34;129m██[38;2;15;48;197m██[38;2;15;48;197m██[38;2;15;48;197m██[38;2;13;34;129m██[38;2;16;16;16m██[38;2;126;58;89m██[38;2;184;61;107m██[38;2;16;16;16m██[38;2;13;34;129m██[38;2;13;34;129m██[38;2;13;34;129m██[38;2;13;34;129m██[38;2;13;34;129m██[38;2;16;16;16m██[38;2;41;126;141m██[38;2;41;126;141m██[38;2;41;126;141m██[38;2;16;16;16m██[38;2;16;16;16m██[38;2;13;34;129m██[38;2;13;34;129m██[38;2;16;16;16m██[38;2;16;16;16m██[38;2;41;126;141m██[38;2;41;126;141m██[38;2;16;16;16m██[38;2;13;34;129m██[38;2;13;34;129m██[38;2;13;34;129m██[38;2;16;16;16m██[38;2;16;16;16m██    [38;2;16;16;16m██[38;2;13;34;129m██[38;2;13;34;129m██[38;2;13;34;129m██[38;2;16;16;16m██                    
                            [38;2;16;16;16m██[38;2;16;16;16m██[38;2;13;34;129m██[38;2;13;34;129m██[38;2;13;34;129m██[38;2;0;20;78m██[38;2;16;16;16m██  [38;2;126;58;89m██[38;2;184;61;107m██[38;2;184;61;107m██[38;2;16;16;16m██[38;2;13;34;129m██[38;2;13;34;129m██[38;2;13;34;129m██[38;2;16;16;16m██[38;2;13;83;106m██[38;2;41;126;141m██[38;2;41;126;141m██[38;2;41;126;141m██[38;2;41;126;141m██[38;2;41;126;141m██[38;2;16;16;16m██[38;2;16;16;16m██[38;2;41;126;141m██[38;2;41;126;141m██[38;2;41;126;141m██[38;2;41;126;141m██[38;2;16;16;16m██[38;2;16;16;16m██[38;2;16;16;16m██[38;2;16;16;16m██          [38;2;16;16;16m██[38;2;16;16;16m██[38;2;16;16;16m██                      
                                [38;2;16;16;16m██[38;2;16;16;16m██[38;2;16;16;16m██      [38;2;126;58;89m██[38;2;238;90;204m██[38;2;238;90;204m██[38;2;184;61;107m██[38;2;16;16;16m██[38;2;16;16;16m██[38;2;16;16;16m██[38;2;126;58;89m██[38;2;13;83;106m██[38;2;49;189;223m██[38;2;49;189;223m██[38;2;49;189;223m██[38;2;41;126;141m██[38;2;13;83;106m██[38;2;49;189;223m██[38;2;49;189;223m██[38;2;41;126;141m██[38;2;41;126;141m██[38;2;41;126;141m██[38;2;41;126;141m██[38;2;16;16;16m██                                            
                                            [38;2;126;58;89m██[38;2;238;90;204m██[38;2;238;90;204m██[38;2;238;90;204m██[38;2;184;61;107m██[38;2;184;61;107m██[38;2;184;61;107m██[38;2;126;58;89m██[38;2;13;83;106m██[38;2;49;189;223m██[38;2;49;189;223m██[38;2;49;189;223m██[38;2;49;189;223m██[38;2;16;16;16m██[38;2;49;189;223m██[38;2;49;189;223m██[38;2;49;189;223m██[38;2;49;189;223m██[38;2;41;126;141m██[38;2;41;126;141m██[38;2;16;16;16m██                  [38;2;0;20;78m██[38;2;0;20;78m██  [38;2;0;20;78m██[38;2;0;20;78m██          [38;2;0;20;78m██[38;2;0;20;78m██[38;2;0;20;78m██
                                              [38;2;126;58;89m██[38;2;238;90;204m██[38;2;238;90;204m██[38;2;238;90;204m██[38;2;184;61;107m██[38;2;16;16;16m██  [38;2;146;131;22m██[38;2;206;204;62m██[38;2;49;189;223m██[38;2;49;189;223m██[38;2;49;189;223m██[38;2;16;16;16m██[38;2;16;16;16m██[38;2;49;189;223m██[38;2;49;189;223m██[38;2;49;189;223m██[38;2;41;126;141m██[38;2;13;83;106m██                  [38;2;0;20;78m██[38;2;15;48;197m██[38;2;15;48;197m██[38;2;0;20;78m██[38;2;15;48;197m██[38;2;15;48;197m██[38;2;0;20;78m██[38;2;0;20;78m██[38;2;0;20;78m██[38;2;0;20;78m██[38;2;0;20;78m██[38;2;15;48;197m██[38;2;15;48;197m██[38;2;16;16;16m██
                                              [38;2;126;58;89m██[38;2;126;58;89m██[38;2;16;16;16m██[38;2;16;16;16m██[38;2;16;16;16m██    [38;2;146;131;22m██[38;2;255;255;83m██[38;2;255;255;83m██[38;2;206;204;62m██[38;2;49;189;223m██[38;2;16;16;16m██  [38;2;16;16;16m██[38;2;16;16;16m██[38;2;13;83;106m██[38;2;13;83;106m██[38;2;16;16;16m██                  [38;2;0;20;78m██[38;2;15;48;197m██[38;2;15;48;197m██[38;2;13;34;129m██[38;2;13;34;129m██[38;2;0;20;78m██[38;2;15;48;197m██[38;2;15;48;197m██[38;2;15;48;197m██[38;2;15;48;197m██[38;2;15;48;197m██[38;2;15;48;197m██[38;2;16;16;16m██  
                                              [38;2;126;58;89m██[38;2;238;90;204m██[38;2;184;61;107m██[38;2;16;16;16m██      [38;2;146;131;22m██[38;2;255;255;83m██[38;2;255;255;83m██[38;2;255;255;83m██[38;2;255;255;83m██[38;2;16;16;16m██    [38;2;16;16;16m██[38;2;49;189;223m██[38;2;49;189;223m██[38;2;16;16;16m██                [38;2;0;20;78m██[38;2;0;20;78m██[38;2;13;34;129m██[38;2;15;48;197m██[38;2;13;34;129m██[38;2;0;20;78m██[38;2;15;48;197m██[38;2;15;48;197m██[38;2;15;48;197m██[38;2;15;48;197m██[38;2;15;48;197m██[38;2;15;48;197m██[38;2;16;16;16m██    
                      [38;2;0;20;78m██[38;2;0;20;78m██                    [38;2;126;58;89m██[38;2;238;90;204m██[38;2;16;16;16m██        [38;2;146;131;22m██[38;2;0;20;78m██[38;2;0;20;78m██[38;2;0;20;78m██[38;2;255;255;83m██[38;2;16;16;16m██      [38;2;16;16;16m██[38;2;49;189;223m██[38;2;16;16;16m██              [38;2;0;20;78m██[38;2;15;48;197m██[38;2;15;48;197m██[38;2;13;34;129m██[38;2;13;34;129m██[38;2;13;34;129m██[38;2;13;34;129m██[38;2;13;34;129m██[38;2;15;48;197m██[38;2;15;48;197m██[38;2;15;48;197m██[38;2;13;34;129m██[38;2;16;16;16m██      
                [38;2;0;20;78m██[38;2;0;20;78m██[38;2;0;20;78m██[38;2;15;48;197m██[38;2;15;48;197m██[38;2;16;16;16m██                [38;2;126;58;89m██[38;2;238;90;204m██[38;2;238;90;204m██[38;2;16;16;16m██        [38;2;0;20;78m██[38;2;15;48;197m██[38;2;15;48;197m██[38;2;13;34;129m██[38;2;0;20;78m██[38;2;16;16;16m██      [38;2;16;16;16m██[38;2;49;189;223m██[38;2;41;126;141m██[38;2;16;16;16m██            [38;2;0;20;78m██[38;2;15;48;197m██[38;2;15;48;197m██[38;2;15;48;197m██[38;2;13;34;129m██[38;2;13;34;129m██[38;2;16;16;16m██[38;2;13;34;129m██[38;2;13;34;129m██[38;2;13;34;129m██[38;2;16;16;16m██[38;2;16;16;16m██        
              [38;2;0;20;78m██[38;2;15;48;197m██[38;2;13;34;129m██[38;2;13;34;129m██[38;2;15;48;197m██[38;2;15;48;197m██[38;2;16;16;16m██                [38;2;126;58;89m██[38;2;238;90;204m██[38;2;16;16;16m██        [38;2;0;20;78m██[38;2;15;48;197m██[38;2;15;48;197m██[38;2;15;48;197m██[38;2;15;48;197m██[38;2;13;34;129m██[38;2;0;20;78m██        [38;2;13;83;106m██[38;2;49;189;223m██[38;2;16;16;16m██            [38;2;0;20;78m██[38;2;13;34;129m██[38;2;13;34;129m██[38;2;13;34;129m██[38;2;15;48;197m██[38;2;13;34;129m██[38;2;13;34;129m██[38;2;16;16;16m██[38;2;16;16;16m██[38;2;16;16;16m██            
            [38;2;0;20;78m██[38;2;0;20;78m██[38;2;0;20;78m██[38;2;13;34;129m██[38;2;15;48;197m██[38;2;15;48;197m██[38;2;13;34;129m██[38;2;13;34;129m██[38;2;0;20;78m██            [38;2;126;58;89m██[38;2;238;90;204m██[38;2;184;61;107m██[38;2;16;16;16m██        [38;2;0;20;78m██[38;2;15;48;197m██[38;2;15;48;197m██[38;2;15;48;197m██[38;2;15;48;197m██[38;2;13;34;129m██[38;2;0;20;78m██        [38;2;16;16;16m██[38;2;49;189;223m██[38;2;13;83;106m██        [38;2;13;83;106m██[38;2;13;83;106m██[38;2;49;189;223m██[38;2;0;20;78m██[38;2;13;34;129m██[38;2;15;48;197m██[38;2;15;48;197m██[38;2;13;34;129m██[38;2;15;48;197m██[38;2;13;34;129m██[38;2;13;34;129m██[38;2;16;16;16m██            
          [38;2;0;20;78m██[38;2;15;48;197m██[38;2;15;48;197m██[38;2;15;48;197m██[38;2;0;20;78m██[38;2;13;34;129m██[38;2;13;34;129m██[38;2;13;34;129m██[38;2;15;48;197m██[38;2;15;48;197m██[38;2;16;16;16m██[38;2;126;58;89m██[38;2;126;58;89m██[38;2;126;58;89m██[38;2;126;58;89m██[38;2;126;58;89m██[38;2;184;61;107m██[38;2;184;61;107m██[38;2;16;16;16m██          [38;2;0;20;78m██[38;2;13;34;129m██[38;2;15;48;197m██[38;2;15;48;197m██[38;2;13;34;129m██[38;2;13;34;129m██[38;2;0;20;78m██[38;2;16;16;16m██      [38;2;16;16;16m██[38;2;49;189;223m██[38;2;41;126;141m██[38;2;16;16;16m██  [38;2;13;83;106m██[38;2;13;83;106m██[38;2;49;189;223m██[38;2;49;189;223m██[38;2;16;16;16m██[38;2;16;16;16m██[38;2;0;20;78m██[38;2;15;48;197m██[38;2;15;48;197m██[38;2;13;34;129m██[38;2;15;48;197m██[38;2;15;48;197m██[38;2;13;34;129m██[38;2;16;16;16m██            
      [38;2;0;20;78m██[38;2;0;20;78m██[38;2;15;48;197m██[38;2;15;48;197m██[38;2;15;48;197m██[38;2;15;48;197m██[38;2;15;48;197m██[38;2;16;16;16m██[38;2;13;34;129m██[38;2;15;48;197m██[38;2;15;48;197m██[38;2;15;48;197m██[38;2;16;16;16m██[38;2;238;90;204m██[38;2;238;90;204m██[38;2;238;90;204m██[38;2;238;90;204m██[38;2;238;90;204m██[38;2;238;90;204m██[38;2;126;58;89m██[38;2;16;16;16m██            [38;2;0;20;78m██[38;2;13;34;129m██[38;2;13;34;129m██[38;2;13;34;129m██[38;2;16;16;16m██[38;2;238;90;204m██[38;2;16;16;16m██        [38;2;16;16;16m██[38;2;13;83;106m██[38;2;13;83;106m██[38;2;13;83;106m██[38;2;49;189;223m██[38;2;49;189;223m██[38;2;16;16;16m██[38;2;16;16;16m██    [38;2;16;16;16m██[38;2;15;48;197m██[38;2;13;34;129m██[38;2;13;34;129m██[38;2;16;16;16m██[38;2;13;34;129m██[38;2;13;34;129m██[38;2;16;16;16m██            
[38;2;0;20;78m██[38;2;0;20;78m██[38;2;0;20;78m██[38;2;15;48;197m██[38;2;15;48;197m██[38;2;15;48;197m██[38;2;15;48;197m██[38;2;15;48;197m██[38;2;15;48;197m██[38;2;15;48;197m██[38;2;13;34;129m██[38;2;13;34;129m██[38;2;13;34;129m██[38;2;13;34;129m██[38;2;16;16;16m██[38;2;16;16;16m██[38;2;16;16;16m██[38;2;16;16;16m██[38;2;16;16;16m██[38;2;16;16;16m██[38;2;16;16;16m██[38;2;16;16;16m██[38;2;16;16;16m██                [38;2;16;16;16m██[38;2;16;16;16m██[38;2;16;16;16m██[38;2;238;90;204m██[38;2;238;90;204m██[38;2;16;16;16m██        [38;2;16;16;16m██[38;2;49;189;223m██[38;2;49;189;223m██[38;2;49;189;223m██[38;2;16;16;16m██[38;2;16;16;16m██        [38;2;16;16;16m██[38;2;13;34;129m██[38;2;13;34;129m██[38;2;16;16;16m██[38;2;0;20;78m██[38;2;16;16;16m██[38;2;16;16;16m██              
[38;2;16;16;16m██[38;2;15;48;197m██[38;2;15;48;197m██[38;2;15;48;197m██[38;2;15;48;197m██[38;2;15;48;197m██[38;2;15;48;197m██[38;2;15;48;197m██[38;2;15;48;197m██[38;2;13;34;129m██[38;2;16;16;16m██[38;2;15;48;197m██[38;2;13;34;129m██[38;2;16;16;16m██                                    [38;2;13;83;106m██[38;2;255;255;83m██[38;2;206;204;62m██[38;2;238;90;204m██[38;2;16;16;16m██          [38;2;16;16;16m██[38;2;16;16;16m██[38;2;16;16;16m██              [38;2;16;16;16m██[38;2;16;16;16m██                      
  [38;2;16;16;16m██[38;2;16;16;16m██[38;2;15;48;197m██[38;2;15;48;197m██[38;2;15;48;197m██[38;2;15;48;197m██[38;2;13;34;129m██[38;2;16;16;16m██[38;2;16;16;16m██[38;2;0;20;78m██[38;2;15;48;197m██[38;2;15;48;197m██[38;2;16;16;16m██                                    [38;2;13;83;106m██[38;2;255;255;83m██[38;2;255;255;83m██[38;2;255;255;83m██[38;2;16;16;16m██  [38;2;0;20;78m██[38;2;0;20;78m██[38;2;0;20;78m██                                                
      [38;2;16;16;16m██[38;2;16;16;16m██[38;2;16;16;16m██[38;2;16;16;16m██[38;2;16;16;16m██[38;2;13;34;129m██[38;2;13;34;129m██[38;2;0;20;78m██[38;2;16;16;16m██[38;2;16;16;16m██                                      [38;2;13;83;106m██[38;2;49;189;223m██[38;2;206;204;62m██[38;2;255;255;83m██[38;2;255;255;83m██[38;2;16;16;16m██[38;2;13;34;129m██[38;2;13;34;129m██[38;2;13;34;129m██[38;2;0;20;78m██                                              
                [38;2;0;20;78m██[38;2;0;20;78m██                                              [38;2;13;83;106m██[38;2;49;189;223m██[38;2;49;189;223m██[38;2;206;204;62m██[38;2;16;16;16m██[38;2;13;34;129m██[38;2;13;34;129m██[38;2;13;34;129m██[38;2;13;34;129m██[38;2;0;20;78m██                                            
                                                                  [38;2;13;83;106m██[38;2;49;189;223m██[38;2;49;189;223m██[38;2;49;189;223m██[38;2;16;16;16m██[38;2;13;34;129m██[38;2;13;34;129m██[38;2;13;34;129m██[38;2;13;34;129m██[38;2;0;20;78m██                                            
                                                              [38;2;13;83;106m██[38;2;13;83;106m██[38;2;13;83;106m██[38;2;49;189;223m██[38;2;49;189;223m██[38;2;49;189;223m██[38;2;16;16;16m██[38;2;16;16;16m██[38;2;16;16;16m██[38;2;16;16;16m██[38;2;13;34;129m██[38;2;0;20;78m██                                            
                                                          [38;2;146;131;22m██[38;2;146;131;22m██[38;2;49;189;223m██[38;2;49;189;223m██[38;2;49;189;223m██[38;2;13;83;106m██[38;2;13;83;106m██[38;2;206;204;62m██[38;2;206;204;62m██[38;2;255;255;83m██[38;2;206;204;62m██[38;2;206;204;62m██[38;2;16;16;16m██[38;2;16;16;16m██                                            
                                                        [38;2;146;131;22m██[38;2;206;204;62m██[38;2;255;255;83m██[38;2;49;189;223m██[38;2;49;189;223m██[38;2;49;189;223m██[38;2;49;189;223m██[38;2;206;204;62m██[38;2;255;255;83m██[38;2;255;255;83m██[38;2;255;255;83m██[38;2;255;255;83m██[38;2;206;204;62m██[38;2;206;204;62m██[38;2;206;204;62m██[38;2;16;16;16m██                                          
                                                      [38;2;126;58;89m██[38;2;255;255;83m██[38;2;255;255;83m██[38;2;255;255;83m██[38;2;206;204;62m██[38;2;49;189;223m██[38;2;49;189;223m██[38;2;49;189;223m██[38;2;49;189;223m██[38;2;49;189;223m██[38;2;49;189;223m██[38;2;206;204;62m██[38;2;255;255;83m██[38;2;255;255;83m██[38;2;206;204;62m██[38;2;206;204;62m██[38;2;16;16;16m██                                          
                                                      [38;2;126;58;89m██[38;2;238;90;204m██[38;2;255;255;83m██[38;2;255;255;83m██[38;2;255;255;83m██[38;2;255;255;83m██[38;2;206;204;62m██[38;2;49;189;223m██[38;2;49;189;223m██[38;2;49;189;223m██[38;2;49;189;223m██[38;2;49;189;223m██[38;2;49;189;223m██[38;2;49;189;223m██[38;2;206;204;62m██[38;2;206;204;62m██[38;2;16;16;16m██                                          
                                                      [38;2;126;58;89m██[38;2;238;90;204m██[38;2;238;90;204m██[38;2;206;204;62m██[38;2;255;255;83m██[38;2;255;255;83m██[38;2;206;204;62m██[38;2;206;204;62m██[38;2;41;126;141m██[38;2;49;189;223m██[38;2;49;189;223m██[38;2;49;189;223m██[38;2;49;189;223m██[38;2;41;126;141m██[38;2;41;126;141m██[38;2;206;204;62m██[38;2;16;16;16m██                                          
                                                        [38;2;126;58;89m██[38;2;238;90;204m██[38;2;238;90;204m██[38;2;238;90;204m██[38;2;206;204;62m██[38;2;16;16;16m██[38;2;16;16;16m██[38;2;16;16;16m██[38;2;146;131;22m██[38;2;206;204;62m██[38;2;41;126;141m██[38;2;41;126;141m██[38;2;41;126;141m██[38;2;41;126;141m██[38;2;41;126;141m██[38;2;16;16;16m██                                          
                                                        [38;2;16;16;16m██[38;2;184;61;107m██[38;2;184;61;107m██[38;2;184;61;107m██[38;2;184;61;107m██[38;2;184;61;107m██[38;2;16;16;16m██  [38;2;16;16;16m██[38;2;206;204;62m██[38;2;206;204;62m██[38;2;206;204;62m██[38;2;206;204;62m██[38;2;41;126;141m██[38;2;41;126;141m██[38;2;16;16;16m██                                          
                                                        [38;2;16;16;16m██[38;2;206;204;62m██[38;2;184;61;107m██[38;2;184;61;107m██[38;2;184;61;107m██[38;2;16;16;16m██      [38;2;16;16;16m██[38;2;206;204;62m██[38;2;206;204;62m██[38;2;206;204;62m██[38;2;206;204;62m██[38;2;206;204;62m██[38;2;16;16;16m██                                          
                                                          [38;2;16;16;16m██[38;2;206;204;62m██[38;2;206;204;62m██[38;2;184;61;107m██[38;2;16;16;16m██        [38;2;16;16;16m██[38;2;206;204;62m██[38;2;206;204;62m██[38;2;206;204;62m██[38;2;206;204;62m██[38;2;16;16;16m██                                          
                                                          [38;2;16;16;16m██[38;2;206;204;62m██[38;2;206;204;62m██[38;2;16;16;16m██            [38;2;16;16;16m██[38;2;16;16;16m██[38;2;206;204;62m██[38;2;206;204;62m██[38;2;16;16;16m██                                          
                                                            [38;2;16;16;16m██[38;2;16;16;16m██                  [38;2;16;16;16m██[38;2;16;16;16m██                                            
                                                              [38;2;0;20;78m██                    [38;2;0;20;78m██                                            
                                                              [38;2;0;20;78m██                    [38;2;0;20;78m██                                            
                                                              [38;2;13;34;129m██                    [38;2;0;20;78m██[38;2;0;20;78m██                                          
                                                            [38;2;0;20;78m██[38;2;15;48;197m██[38;2;16;16;16m██                  [38;2;0;20;78m██[38;2;13;34;129m██                                          
                                                    [38;2;13;83;106m██[38;2;13;83;106m██[38;2;13;83;106m██[38;2;13;83;106m██[38;2;0;20;78m██[38;2;15;48;197m██[38;2;16;16;16m██                  [38;2;0;20;78m██[38;2;15;48;197m██[38;2;0;20;78m██                                        
                                                  [38;2;13;83;106m██[38;2;41;126;141m██[38;2;49;189;223m██[38;2;49;189;223m██[38;2;13;83;106m██[38;2;0;20;78m██[38;2;15;48;197m██[38;2;16;16;16m██              [38;2;126;58;89m██[38;2;126;58;89m██[38;2;126;58;89m██[38;2;13;34;129m██[38;2;0;20;78m██                                        
                                                  [38;2;13;83;106m██[38;2;49;189;223m██[38;2;49;189;223m██[38;2;49;189;223m██[38;2;41;126;141m██[38;2;13;83;106m██[38;2;13;34;129m██[38;2;0;20;78m██            [38;2;126;58;89m██[38;2;184;61;107m██[38;2;238;90;204m██[38;2;238;90;204m██[38;2;126;58;89m██[38;2;13;34;129m██[38;2;0;20;78m██                                      
                                                  [38;2;13;83;106m██[38;2;49;189;223m██[38;2;49;189;223m██[38;2;41;126;141m██[38;2;41;126;141m██[38;2;16;16;16m██[38;2;13;34;129m██[38;2;13;34;129m██[38;2;16;16;16m██          [38;2;126;58;89m██[38;2;238;90;204m██[38;2;238;90;204m██[38;2;238;90;204m██[38;2;238;90;204m██[38;2;184;61;107m██[38;2;0;20;78m██                                      
                                                  [38;2;16;16;16m██[38;2;41;126;141m██[38;2;41;126;141m██[38;2;41;126;141m██[38;2;13;83;106m██[38;2;13;34;129m██[38;2;13;34;129m██[38;2;13;34;129m██[38;2;16;16;16m██          [38;2;126;58;89m██[38;2;238;90;204m██[38;2;238;90;204m██[38;2;238;90;204m██[38;2;238;90;204m██[38;2;126;58;89m██[38;2;13;34;129m██[38;2;0;20;78m██                                    
                                                    [38;2;16;16;16m██[38;2;16;16;16m██[38;2;16;16;16m██[38;2;13;34;129m██[38;2;15;48;197m██[38;2;13;34;129m██[38;2;0;20;78m██            [38;2;16;16;16m██[38;2;184;61;107m██[38;2;238;90;204m██[38;2;238;90;204m██[38;2;184;61;107m██[38;2;16;16;16m██[38;2;13;34;129m██[38;2;0;20;78m██                                    
                                                        [38;2;0;20;78m██[38;2;15;48;197m██[38;2;13;34;129m██[38;2;0;20;78m██[38;2;16;16;16m██              [38;2;16;16;16m██[38;2;16;16;16m██[38;2;16;16;16m██[38;2;16;16;16m██[38;2;13;34;129m██[38;2;13;34;129m██[38;2;0;20;78m██                                    
                                                      [38;2;0;20;78m██[38;2;15;48;197m██[38;2;15;48;197m██[38;2;13;34;129m██[38;2;0;20;78m██[38;2;13;34;129m██[38;2;16;16;16m██                [38;2;0;20;78m██[38;2;13;34;129m██[38;2;13;34;129m██[38;2;13;34;129m██[38;2;13;34;129m██[38;2;0;20;78m██                                  
                                                      [38;2;0;20;78m██[38;2;15;48;197m██[38;2;13;34;129m██[38;2;13;34;129m██[38;2;13;34;129m██[38;2;13;34;129m██[38;2;16;16;16m██                  [38;2;0;20;78m██[38;2;15;48;197m██[38;2;15;48;197m██[38;2;13;34;129m██[38;2;0;20;78m██                                  
                                                    [38;2;0;20;78m██[38;2;15;48;197m██[38;2;15;48;197m██[38;2;13;34;129m██[38;2;16;16;16m██[38;2;16;16;16m██[38;2;16;16;16m██                    [38;2;0;20;78m██[38;2;15;48;197m██[38;2;15;48;197m██[38;2;15;48;197m██[38;2;0;20;78m██                                  
                                                  [38;2;0;20;78m██[38;2;15;48;197m██[38;2;15;48;197m██[38;2;13;34;129m██[38;2;16;16;16m██                        [38;2;0;20;78m██[38;2;15;48;197m██[38;2;15;48;197m██[38;2;15;48;197m██[38;2;15;48;197m██[38;2;16;16;16m██                                  
                                                [38;2;0;20;78m██[38;2;15;48;197m██[38;2;15;48;197m██[38;2;13;34;129m██[38;2;13;34;129m██[38;2;16;16;16m██                        [38;2;0;20;78m██[38;2;0;20;78m██[38;2;13;34;129m██[38;2;15;48;197m██[38;2;13;34;129m██[38;2;16;16;16m██                                  
                                            [38;2;0;20;78m██[38;2;13;34;129m██[38;2;15;48;197m██[38;2;13;34;129m██[38;2;13;34;129m██[38;2;13;34;129m██[38;2;16;16;16m██                        [38;2;0;20;78m██[38;2;0;20;78m██[38;2;15;48;197m██[38;2;13;34;129m██[38;2;0;20;78m██[38;2;13;34;129m██[38;2;16;16;16m██                                  
                                              [38;2;16;16;16m██[38;2;16;16;16m██[38;2;16;16;16m██[38;2;16;16;16m██[38;2;16;16;16m██                          [38;2;16;16;16m██[38;2;15;48;197m██[38;2;13;34;129m██[38;2;13;34;129m██[38;2;13;34;129m██[38;2;16;16;16m██[38;2;16;16;16m██                                  
                                                                                    [38;2;16;16;16m██[38;2;16;16;16m██[38;2;16;16;16m██[38;2;16;16;16m██                                      
