                        [38;2;102;89;128m██[38;2;102;89;128m██[38;2;102;89;128m██                                          
                      [38;2;102;89;128m██[38;2;153;134;191m██[38;2;204;178;255m██[38;2;204;178;255m██[38;2;102;89;128m██                                        
                      [38;2;16;16;16m██[38;2;204;178;255m██[38;2;204;178;255m██[38;2;204;178;255m██[38;2;204;178;255m██[38;2;102;89;128m██                                      
                      [38;2;16;16;16m██[38;2;204;178;255m██[38;2;204;178;255m██[38;2;204;178;255m██[38;2;204;178;255m██[38;2;204;178;255m██[38;2;102;89;128m██                                    
                        [38;2;16;16;16m██[38;2;16;16;16m██[38;2;204;178;255m██[38;2;204;178;255m██[38;2;204;178;255m██[38;2;102;89;128m██                                    
              [38;2;102;89;128m██[38;2;102;89;128m██[38;2;102;89;128m██[38;2;102;89;128m██      [38;2;16;16;16m██[38;2;204;178;255m██[38;2;204;178;255m██[38;2;204;178;255m██[38;2;102;89;128m██                                  
          [38;2;102;89;128m██[38;2;102;89;128m██[38;2;204;178;255m██[38;2;204;178;255m██[38;2;204;178;255m██[38;2;204;178;255m██[38;2;102;89;128m██[38;2;102;89;128m██    [38;2;16;16;16m██[38;2;204;178;255m██[38;2;153;134;191m██[38;2;102;89;128m██          [38;2;102;89;128m██[38;2;102;89;128m██[38;2;102;89;128m██[38;2;102;89;128m██                
      [38;2;102;89;128m██[38;2;102;89;128m██[38;2;204;178;255m██[38;2;204;178;255m██[38;2;204;178;255m██[38;2;204;178;255m██[38;2;204;178;255m██[38;2;204;178;255m██[38;2;204;178;255m██[38;2;204;178;255m██[38;2;102;89;128m██  [38;2;16;16;16m██[38;2;153;134;191m██[38;2;153;134;191m██[38;2;102;89;128m██      [38;2;102;89;128m██[38;2;102;89;128m██[38;2;204;178;255m██[38;2;204;178;255m██[38;2;204;178;255m██[38;2;204;178;255m██[38;2;102;89;128m██[38;2;102;89;128m██            
    [38;2;102;89;128m██[38;2;204;178;255m██[38;2;204;178;255m██[38;2;204;178;255m██[38;2;204;178;255m██[38;2;204;178;255m██[38;2;204;178;255m██[38;2;204;178;255m██[38;2;204;178;255m██[38;2;204;178;255m██[38;2;204;178;255m██[38;2;204;178;255m██[38;2;16;16;16m██[38;2;16;16;16m██[38;2;102;89;128m██[38;2;153;134;191m██[38;2;102;89;128m██[38;2;102;89;128m██  [38;2;102;89;128m██[38;2;204;178;255m██[38;2;204;178;255m██[38;2;204;178;255m██[38;2;204;178;255m██[38;2;204;178;255m██[38;2;204;178;255m██[38;2;204;178;255m██[38;2;204;178;255m██[38;2;102;89;128m██[38;2;102;89;128m██        
  [38;2;102;89;128m██[38;2;204;178;255m██[38;2;204;178;255m██[38;2;204;178;255m██[38;2;204;178;255m██[38;2;204;178;255m██[38;2;204;178;255m██[38;2;204;178;255m██[38;2;204;178;255m██[38;2;204;178;255m██[38;2;204;178;255m██[38;2;102;89;128m██[38;2;102;89;128m██[38;2;204;178;255m██[38;2;204;178;255m██[38;2;204;178;255m██[38;2;204;178;255m██[38;2;204;178;255m██[38;2;153;134;191m██[38;2;102;89;128m██[38;2;204;178;255m██[38;2;204;178;255m██[38;2;204;178;255m██[38;2;204;178;255m██[38;2;204;178;255m██[38;2;204;178;255m██[38;2;204;178;255m██[38;2;204;178;255m██[38;2;204;178;255m██[38;2;204;178;255m██[38;2;204;178;255m██[38;2;102;89;128m██      
[38;2;102;89;128m██[38;2;204;178;255m██[38;2;204;178;255m██[38;2;204;178;255m██[38;2;204;178;255m██[38;2;204;178;255m██[38;2;204;178;255m██[38;2;204;178;255m██[38;2;204;178;255m██[38;2;204;178;255m██[38;2;204;178;255m██[38;2;102;89;128m██[38;2;204;178;255m██[38;2;204;178;255m██[38;2;204;178;255m██[38;2;204;178;255m██[38;2;204;178;255m██[38;2;204;178;255m██[38;2;204;178;255m██[38;2;204;178;255m██[38;2;153;134;191m██[38;2;204;178;255m██[38;2;204;178;255m██[38;2;204;178;255m██[38;2;204;178;255m██[38;2;204;178;255m██[38;2;204;178;255m██[38;2;204;178;255m██[38;2;204;178;255m██[38;2;204;178;255m██[38;2;204;178;255m██[38;2;204;178;255m██[38;2;204;178;255m██[38;2;16;16;16m██    
[38;2;102;89;128m██[38;2;204;178;255m██[38;2;204;178;255m██[38;2;102;89;128m██[38;2;102;89;128m██[38;2;102;89;128m██[38;2;102;89;128m██[38;2;204;178;255m██[38;2;204;178;255m██[38;2;204;178;255m██[38;2;102;89;128m██[38;2;204;178;255m██[38;2;204;178;255m██[38;2;204;178;255m██[38;2;204;178;255m██[38;2;204;178;255m██[38;2;204;178;255m██[38;2;204;178;255m██[38;2;204;178;255m██[38;2;204;178;255m██[38;2;204;178;255m██[38;2;102;89;128m██[38;2;204;178;255m██[38;2;204;178;255m██[38;2;204;178;255m██[38;2;204;178;255m██[38;2;204;178;255m██[38;2;204;178;255m██[38;2;204;178;255m██[38;2;204;178;255m██[38;2;204;178;255m██[38;2;204;178;255m██[38;2;204;178;255m██[38;2;204;178;255m██[38;2;16;16;16m██  
  [38;2;16;16;16m██[38;2;16;16;16m██[38;2;153;134;191m██[38;2;153;134;191m██[38;2;153;134;191m██[38;2;153;134;191m██[38;2;153;134;191m██[38;2;102;89;128m██[38;2;102;89;128m██[38;2;102;89;128m██[38;2;204;178;255m██[38;2;204;178;255m██[38;2;204;178;255m██[38;2;204;178;255m██[38;2;204;178;255m██[38;2;204;178;255m██[38;2;204;178;255m██[38;2;204;178;255m██[38;2;204;178;255m██[38;2;204;178;255m██[38;2;102;89;128m██[38;2;102;89;128m██[38;2;204;178;255m██[38;2;204;178;255m██[38;2;204;178;255m██[38;2;204;178;255m██[38;2;204;178;255m██[38;2;204;178;255m██[38;2;204;178;255m██[38;2;204;178;255m██[38;2;204;178;255m██[38;2;204;178;255m██[38;2;204;178;255m██[38;2;16;16;16m██  
      [38;2;16;16;16m██[38;2;16;16;16m██[38;2;153;134;191m██[38;2;153;134;191m██[38;2;153;134;191m██[38;2;153;134;191m██[38;2;128;51;77m██[38;2;102;89;128m██[38;2;204;178;255m██[38;2;204;178;255m██[38;2;204;178;255m██[38;2;204;178;255m██[38;2;204;178;255m██[38;2;204;178;255m██[38;2;204;178;255m██[38;2;204;178;255m██[38;2;204;178;255m██[38;2;204;178;255m██[38;2;102;89;128m██[38;2;179;71;107m██[38;2;102;89;128m██[38;2;102;89;128m██[38;2;102;89;128m██[38;2;102;89;128m██[38;2;102;89;128m██[38;2;102;89;128m██[38;2;204;178;255m██[38;2;204;178;255m██[38;2;204;178;255m██[38;2;204;178;255m██[38;2;204;178;255m██[38;2;204;178;255m██[38;2;16;16;16m██
          [38;2;16;16;16m██[38;2;16;16;16m██[38;2;102;89;128m██[38;2;128;51;77m██[38;2;229;92;138m██[38;2;102;89;128m██[38;2;204;178;255m██[38;2;204;178;255m██[38;2;204;178;255m██[38;2;204;178;255m██[38;2;204;178;255m██[38;2;204;178;255m██[38;2;204;178;255m██[38;2;204;178;255m██[38;2;204;178;255m██[38;2;153;134;191m██[38;2;102;89;128m██[38;2;229;92;138m██[38;2;179;71;107m██[38;2;179;71;107m██[38;2;128;51;77m██[38;2;153;134;191m██[38;2;153;134;191m██[38;2;153;134;191m██[38;2;102;89;128m██[38;2;102;89;128m██[38;2;102;89;128m██[38;2;204;178;255m██[38;2;204;178;255m██[38;2;204;178;255m██[38;2;16;16;16m██
              [38;2;128;51;77m██[38;2;229;92;138m██[38;2;229;92;138m██[38;2;102;89;128m██[38;2;204;178;255m██[38;2;204;178;255m██[38;2;204;178;255m██[38;2;204;178;255m██[38;2;204;178;255m██[38;2;204;178;255m██[38;2;204;178;255m██[38;2;204;178;255m██[38;2;153;134;191m██[38;2;102;89;128m██[38;2;229;92;138m██[38;2;229;92;138m██[38;2;179;71;107m██[38;2;179;71;107m██[38;2;179;71;107m██[38;2;128;51;77m██[38;2;153;134;191m██[38;2;153;134;191m██[38;2;153;134;191m██[38;2;153;134;191m██[38;2;153;134;191m██[38;2;16;16;16m██[38;2;16;16;16m██[38;2;16;16;16m██  
            [38;2;128;51;77m██[38;2;229;92;138m██[38;2;229;92;138m██[38;2;229;92;138m██[38;2;229;92;138m██[38;2;102;89;128m██[38;2;204;178;255m██[38;2;204;178;255m██[38;2;204;178;255m██[38;2;204;178;255m██[38;2;204;178;255m██[38;2;153;134;191m██[38;2;102;89;128m██[38;2;102;89;128m██[38;2;229;92;138m██[38;2;229;92;138m██[38;2;229;92;138m██[38;2;229;92;138m██[38;2;179;71;107m██[38;2;179;71;107m██[38;2;179;71;107m██[38;2;16;16;16m██[38;2;16;16;16m██[38;2;16;16;16m██[38;2;16;16;16m██[38;2;16;16;16m██        
            [38;2;128;51;77m██[38;2;229;92;138m██[38;2;229;92;138m██[38;2;229;92;138m██[38;2;128;51;77m██[38;2;229;92;138m██[38;2;102;89;128m██[38;2;102;89;128m██[38;2;102;89;128m██[38;2;102;89;128m██[38;2;102;89;128m██[38;2;102;89;128m██[38;2;229;92;138m██[38;2;229;92;138m██[38;2;229;92;138m██[38;2;229;92;138m██[38;2;229;92;138m██[38;2;229;92;138m██[38;2;179;71;107m██[38;2;179;71;107m██[38;2;179;71;107m██[38;2;16;16;16m██                
          [38;2;128;51;77m██[38;2;229;92;138m██[38;2;229;92;138m██[38;2;229;92;138m██[38;2;128;51;77m██[38;2;242;242;194m██[38;2;128;51;77m██[38;2;229;92;138m██[38;2;229;92;138m██[38;2;229;92;138m██[38;2;229;92;138m██[38;2;229;92;138m██[38;2;229;92;138m██[38;2;229;92;138m██[38;2;128;51;77m██[38;2;229;92;138m██[38;2;229;92;138m██[38;2;229;92;138m██[38;2;229;92;138m██[38;2;179;71;107m██[38;2;179;71;107m██[38;2;179;71;107m██[38;2;179;71;107m██[38;2;16;16;16m██              
          [38;2;128;51;77m██[38;2;229;92;138m██[38;2;229;92;138m██[38;2;229;92;138m██[38;2;128;51;77m██[38;2;255;225;76m██[38;2;128;51;77m██[38;2;229;92;138m██[38;2;229;92;138m██[38;2;229;92;138m██[38;2;229;92;138m██[38;2;229;92;138m██[38;2;229;92;138m██[38;2;128;51;77m██[38;2;242;242;194m██[38;2;128;51;77m██[38;2;229;92;138m██[38;2;229;92;138m██[38;2;229;92;138m██[38;2;179;71;107m██[38;2;179;71;107m██[38;2;179;71;107m██[38;2;179;71;107m██[38;2;16;16;16m██              
        [38;2;128;51;77m██[38;2;229;92;138m██[38;2;229;92;138m██[38;2;229;92;138m██[38;2;229;92;138m██[38;2;229;92;138m██[38;2;128;51;77m██[38;2;229;92;138m██[38;2;128;51;77m██[38;2;229;92;138m██[38;2;229;92;138m██[38;2;229;92;138m██[38;2;128;51;77m██[38;2;229;92;138m██[38;2;128;51;77m██[38;2;255;225;76m██[38;2;128;51;77m██[38;2;229;92;138m██[38;2;229;92;138m██[38;2;229;92;138m██[38;2;179;71;107m██[38;2;179;71;107m██[38;2;179;71;107m██[38;2;179;71;107m██[38;2;179;71;107m██[38;2;16;16;16m██            
        [38;2;128;51;77m██[38;2;229;92;138m██[38;2;229;92;138m██[38;2;229;92;138m██[38;2;229;92;138m██[38;2;229;92;138m██[38;2;229;92;138m██[38;2;229;92;138m██[38;2;229;92;138m██[38;2;128;51;77m██[38;2;128;51;77m██[38;2;128;51;77m██[38;2;229;92;138m██[38;2;229;92;138m██[38;2;229;92;138m██[38;2;128;51;77m██[38;2;229;92;138m██[38;2;229;92;138m██[38;2;229;92;138m██[38;2;229;92;138m██[38;2;179;71;107m██[38;2;179;71;107m██[38;2;179;71;107m██[38;2;179;71;107m██[38;2;179;71;107m██[38;2;16;16;16m██            
        [38;2;128;51;77m██[38;2;229;92;138m██[38;2;229;92;138m██[38;2;229;92;138m██[38;2;229;92;138m██[38;2;229;92;138m██[38;2;229;92;138m██[38;2;229;92;138m██[38;2;229;92;138m██[38;2;229;92;138m██[38;2;229;92;138m██[38;2;229;92;138m██[38;2;229;92;138m██[38;2;229;92;138m██[38;2;229;92;138m██[38;2;229;92;138m██[38;2;229;92;138m██[38;2;229;92;138m██[38;2;229;92;138m██[38;2;229;92;138m██[38;2;179;71;107m██[38;2;179;71;107m██[38;2;179;71;107m██[38;2;179;71;107m██[38;2;179;71;107m██[38;2;16;16;16m██            
        [38;2;128;51;77m██[38;2;229;92;138m██[38;2;229;92;138m██[38;2;229;92;138m██[38;2;229;92;138m██[38;2;229;92;138m██[38;2;229;92;138m██[38;2;229;92;138m██[38;2;229;92;138m██[38;2;229;92;138m██[38;2;229;92;138m██[38;2;229;92;138m██[38;2;229;92;138m██[38;2;229;92;138m██[38;2;229;92;138m██[38;2;229;92;138m██[38;2;229;92;138m██[38;2;229;92;138m██[38;2;229;92;138m██[38;2;229;92;138m██[38;2;179;71;107m██[38;2;179;71;107m██[38;2;179;71;107m██[38;2;179;71;107m██[38;2;179;71;107m██[38;2;16;16;16m██            
        [38;2;128;51;77m██[38;2;229;92;138m██[38;2;229;92;138m██[38;2;229;92;138m██[38;2;229;92;138m██[38;2;229;92;138m██[38;2;229;92;138m██[38;2;229;92;138m██[38;2;229;92;138m██[38;2;229;92;138m██[38;2;229;92;138m██[38;2;229;92;138m██[38;2;229;92;138m██[38;2;229;92;138m██[38;2;229;92;138m██[38;2;229;92;138m██[38;2;229;92;138m██[38;2;229;92;138m██[38;2;229;92;138m██[38;2;229;92;138m██[38;2;179;71;107m██[38;2;179;71;107m██[38;2;179;71;107m██[38;2;179;71;107m██[38;2;179;71;107m██[38;2;16;16;16m██            
        [38;2;16;16;16m██[38;2;229;92;138m██[38;2;229;92;138m██[38;2;229;92;138m██[38;2;229;92;138m██[38;2;229;92;138m██[38;2;229;92;138m██[38;2;229;92;138m██[38;2;229;92;138m██[38;2;229;92;138m██[38;2;229;92;138m██[38;2;229;92;138m██[38;2;229;92;138m██[38;2;229;92;138m██[38;2;229;92;138m██[38;2;229;92;138m██[38;2;229;92;138m██[38;2;229;92;138m██[38;2;229;92;138m██[38;2;229;92;138m██[38;2;179;71;107m██[38;2;179;71;107m██[38;2;179;71;107m██[38;2;179;71;107m██[38;2;179;71;107m██[38;2;16;16;16m██            
        [38;2;16;16;16m██[38;2;229;92;138m██[38;2;229;92;138m██[38;2;229;92;138m██[38;2;229;92;138m██[38;2;229;92;138m██[38;2;229;92;138m██[38;2;229;92;138m██[38;2;229;92;138m██[38;2;229;92;138m██[38;2;229;92;138m██[38;2;229;92;138m██[38;2;229;92;138m██[38;2;229;92;138m██[38;2;229;92;138m██[38;2;229;92;138m██[38;2;229;92;138m██[38;2;229;92;138m██[38;2;229;92;138m██[38;2;179;71;107m██[38;2;179;71;107m██[38;2;179;71;107m██[38;2;179;71;107m██[38;2;179;71;107m██[38;2;128;51;77m██[38;2;16;16;16m██            
          [38;2;16;16;16m██[38;2;229;92;138m██[38;2;229;92;138m██[38;2;229;92;138m██[38;2;229;92;138m██[38;2;229;92;138m██[38;2;229;92;138m██[38;2;229;92;138m██[38;2;229;92;138m██[38;2;229;92;138m██[38;2;229;92;138m██[38;2;229;92;138m██[38;2;229;92;138m██[38;2;229;92;138m██[38;2;229;92;138m██[38;2;229;92;138m██[38;2;229;92;138m██[38;2;229;92;138m██[38;2;179;71;107m██[38;2;179;71;107m██[38;2;179;71;107m██[38;2;179;71;107m██[38;2;128;51;77m██[38;2;16;16;16m██              
            [38;2;16;16;16m██[38;2;16;16;16m██[38;2;128;51;77m██[38;2;229;92;138m██[38;2;229;92;138m██[38;2;229;92;138m██[38;2;229;92;138m██[38;2;229;92;138m██[38;2;229;92;138m██[38;2;229;92;138m██[38;2;229;92;138m██[38;2;229;92;138m██[38;2;229;92;138m██[38;2;229;92;138m██[38;2;229;92;138m██[38;2;229;92;138m██[38;2;179;71;107m██[38;2;179;71;107m██[38;2;179;71;107m██[38;2;128;51;77m██[38;2;16;16;16m██[38;2;16;16;16m██                
            [38;2;16;16;16m██[38;2;242;242;194m██[38;2;242;242;194m██[38;2;128;51;77m██[38;2;128;51;77m██[38;2;128;51;77m██[38;2;128;51;77m██[38;2;128;51;77m██[38;2;128;51;77m██[38;2;128;51;77m██[38;2;128;51;77m██[38;2;128;51;77m██[38;2;128;51;77m██[38;2;128;51;77m██[38;2;128;51;77m██[38;2;128;51;77m██[38;2;128;51;77m██[38;2;128;51;77m██[38;2;128;51;77m██[38;2;115;115;92m██[38;2;191;191;153m██[38;2;16;16;16m██                
              [38;2;16;16;16m██[38;2;242;242;194m██[38;2;242;242;194m██[38;2;191;191;153m██[38;2;242;242;194m██[38;2;242;242;194m██[38;2;242;242;194m██[38;2;242;242;194m██[38;2;242;242;194m██[38;2;242;242;194m██[38;2;242;242;194m██[38;2;242;242;194m██[38;2;242;242;194m██[38;2;242;242;194m██[38;2;191;191;153m██[38;2;242;242;194m██[38;2;242;242;194m██[38;2;191;191;153m██[38;2;191;191;153m██[38;2;16;16;16m██                  
                [38;2;16;16;16m██[38;2;242;242;194m██[38;2;115;115;92m██[38;2;242;242;194m██[38;2;242;242;194m██[38;2;242;242;194m██[38;2;242;242;194m██[38;2;242;242;194m██[38;2;242;242;194m██[38;2;242;242;194m██[38;2;242;242;194m██[38;2;242;242;194m██[38;2;242;242;194m██[38;2;115;115;92m██[38;2;242;242;194m██[38;2;191;191;153m██[38;2;191;191;153m██[38;2;16;16;16m██                    
                  [38;2;16;16;16m██[38;2;16;16;16m██[38;2;115;115;92m██[38;2;242;242;194m██[38;2;242;242;194m██[38;2;242;242;194m██[38;2;242;242;194m██[38;2;242;242;194m██[38;2;242;242;194m██[38;2;242;242;194m██[38;2;242;242;194m██[38;2;115;115;92m██[38;2;16;16;16m██[38;2;16;16;16m██[38;2;16;16;16m██[38;2;16;16;16m██                      
                  [38;2;16;16;16m██[38;2;179;71;107m██[38;2;128;51;77m██[38;2;16;16;16m██[38;2;16;16;16m██[38;2;16;16;16m██[38;2;16;16;16m██[38;2;16;16;16m██[38;2;16;16;16m██[38;2;16;16;16m██[38;2;16;16;16m██[38;2;16;16;16m██[38;2;179;71;107m██[38;2;179;71;107m██[38;2;16;16;16m██                        
                    [38;2;16;16;16m██[38;2;16;16;16m██                [38;2;16;16;16m██[38;2;179;71;107m██[38;2;179;71;107m██[38;2;16;16;16m██                        
                                          [38;2;16;16;16m██[38;2;16;16;16m██                          
