                                                            [38;2;123;90;0m██[38;2;16;16;16m██                                                              
                                                          [38;2;123;90;0m██[38;2;213;172;98m██[38;2;16;16;16m██                                                              
                                                    [38;2;123;90;0m██[38;2;123;90;0m██[38;2;16;16;16m██[38;2;16;16;16m██[38;2;213;172;98m██[38;2;16;16;16m██[38;2;123;90;0m██[38;2;123;90;0m██[38;2;123;90;0m██[38;2;16;16;16m██                                                      
                                                    [38;2;16;16;16m██[38;2;230;131;98m██[38;2;230;131;98m██[38;2;164;123;16m██[38;2;213;172;98m██[38;2;123;90;0m██[38;2;139;41;32m██[38;2;139;41;32m██[38;2;139;41;32m██[38;2;16;16;16m██                                                      
                                                      [38;2;16;16;16m██[38;2;213;172;98m██[38;2;213;172;98m██[38;2;230;131;98m██[38;2;139;41;32m██[38;2;139;41;32m██[38;2;139;41;32m██[38;2;16;16;16m██                                                        
                                                        [38;2;16;16;16m██[38;2;213;172;98m██[38;2;230;131;98m██[38;2;139;41;32m██[38;2;123;8;0m██[38;2;16;16;16m██                                                          
                                                        [38;2;16;16;16m██[38;2;139;41;32m██[38;2;230;131;98m██[38;2;139;41;32m██[38;2;123;8;0m██[38;2;16;16;16m██                                                          
                                                      [38;2;123;90;0m██[38;2;230;131;98m██[38;2;230;131;98m██[38;2;139;41;32m██[38;2;139;41;32m██[38;2;139;41;32m██[38;2;123;90;0m██[38;2;123;90;0m██                                                        
                                                      [38;2;123;90;0m██[38;2;230;131;98m██[38;2;213;172;98m██[38;2;139;41;32m██[38;2;139;41;32m██[38;2;139;41;32m██[38;2;139;41;32m██[38;2;16;16;16m██                                                        
                                                    [38;2;123;90;0m██[38;2;230;131;98m██[38;2;230;131;98m██[38;2;213;172;98m██[38;2;139;41;32m██[38;2;139;41;32m██[38;2;139;41;32m██[38;2;139;41;32m██[38;2;139;41;32m██[38;2;16;16;16m██                                                      
                                                  [38;2;123;8;0m██[38;2;230;131;98m██[38;2;230;131;98m██[38;2;230;131;98m██[38;2;213;172;98m██[38;2;139;41;32m██[38;2;139;41;32m██[38;2;139;41;32m██[38;2;139;41;32m██[38;2;139;41;32m██[38;2;139;41;32m██[38;2;16;16;16m██                                                    
                                                [38;2;123;8;0m██[38;2;230;131;98m██[38;2;230;131;98m██[38;2;230;131;98m██[38;2;230;131;98m██[38;2;213;172;98m██[38;2;139;41;32m██[38;2;139;41;32m██[38;2;139;41;32m██[38;2;139;41;32m██[38;2;139;41;32m██[38;2;139;41;32m██[38;2;139;41;32m██[38;2;16;16;16m██                                                  
                                            [38;2;123;8;0m██[38;2;139;41;32m██[38;2;230;131;98m██[38;2;230;131;98m██[38;2;230;131;98m██[38;2;230;131;98m██[38;2;230;131;98m██[38;2;230;131;98m██[38;2;139;41;32m██[38;2;139;41;32m██[38;2;139;41;32m██[38;2;139;41;32m██[38;2;139;41;32m██[38;2;139;41;32m██[38;2;139;41;32m██[38;2;139;41;32m██[38;2;16;16;16m██[38;2;16;16;16m██                                              
                                [38;2;123;90;0m██      [38;2;123;8;0m██[38;2;139;41;32m██[38;2;230;131;98m██[38;2;230;131;98m██[38;2;230;131;98m██[38;2;230;131;98m██[38;2;230;131;98m██[38;2;230;131;98m██[38;2;213;172;98m██[38;2;139;41;32m██[38;2;139;41;32m██[38;2;139;41;32m██[38;2;139;41;32m██[38;2;139;41;32m██[38;2;139;41;32m██[38;2;139;41;32m██[38;2;139;41;32m██[38;2;139;41;32m██[38;2;139;41;32m██[38;2;139;41;32m██[38;2;16;16;16m██[38;2;16;16;16m██        [38;2;123;90;0m██                                
                            [38;2;123;90;0m██[38;2;123;90;0m██[38;2;213;172;98m██[38;2;123;90;0m██[38;2;123;8;0m██[38;2;139;41;32m██[38;2;205;106;82m██[38;2;205;106;82m██[38;2;230;131;98m██[38;2;230;131;98m██[38;2;230;131;98m██[38;2;230;131;98m██[38;2;230;131;98m██[38;2;230;131;98m██[38;2;238;213;131m██[38;2;139;41;32m██[38;2;139;41;32m██[38;2;139;41;32m██[38;2;139;41;32m██[38;2;139;41;32m██[38;2;139;41;32m██[38;2;139;41;32m██[38;2;139;41;32m██[38;2;139;41;32m██[38;2;139;41;32m██[38;2;139;41;32m██[38;2;230;131;98m██[38;2;139;41;32m██[38;2;16;16;16m██[38;2;123;90;0m██  [38;2;123;90;0m██[38;2;230;131;98m██[38;2;123;90;0m██                              
                          [38;2;16;16;16m██[38;2;230;131;98m██[38;2;213;172;98m██[38;2;213;172;98m██[38;2;230;131;98m██[38;2;230;131;98m██[38;2;205;106;82m██[38;2;205;106;82m██[38;2;230;131;98m██[38;2;205;106;82m██[38;2;230;131;98m██[38;2;230;131;98m██[38;2;230;131;98m██[38;2;230;131;98m██[38;2;230;131;98m██[38;2;238;213;131m██[38;2;139;41;32m██[38;2;139;41;32m██[38;2;139;41;32m██[38;2;139;41;32m██[38;2;139;41;32m██[38;2;139;41;32m██[38;2;139;41;32m██[38;2;139;41;32m██[38;2;139;41;32m██[38;2;139;41;32m██[38;2;230;131;98m██[38;2;139;41;32m██[38;2;230;131;98m██[38;2;139;41;32m██[38;2;123;90;0m██[38;2;16;16;16m██[38;2;139;41;32m██[38;2;139;41;32m██[38;2;139;41;32m██[38;2;123;90;0m██                            
                            [38;2;16;16;16m██[38;2;139;41;32m██[38;2;139;41;32m██[38;2;230;131;98m██[38;2;16;16;16m██[38;2;16;16;16m██[38;2;205;106;82m██[38;2;205;106;82m██[38;2;230;131;98m██[38;2;230;131;98m██[38;2;230;131;98m██[38;2;230;131;98m██[38;2;230;131;98m██[38;2;213;172;98m██[38;2;230;131;98m██[38;2;139;41;32m██[38;2;139;41;32m██[38;2;139;41;32m██[38;2;139;41;32m██[38;2;139;41;32m██[38;2;139;41;32m██[38;2;139;41;32m██[38;2;139;41;32m██[38;2;139;41;32m██[38;2;139;41;32m██[38;2;139;41;32m██[38;2;230;131;98m██[38;2;139;41;32m██[38;2;230;131;98m██[38;2;139;41;32m██[38;2;230;131;98m██[38;2;139;41;32m██[38;2;123;8;0m██[38;2;123;90;0m██[38;2;16;16;16m██[38;2;16;16;16m██                          
                              [38;2;16;16;16m██[38;2;230;131;98m██[38;2;16;16;16m██  [38;2;16;16;16m██[38;2;139;41;32m██[38;2;205;106;82m██[38;2;205;106;82m██[38;2;230;131;98m██[38;2;230;131;98m██[38;2;230;131;98m██[38;2;230;131;98m██[38;2;238;213;131m██[38;2;139;41;32m██[38;2;139;41;32m██[38;2;139;41;32m██[38;2;139;41;32m██[38;2;139;41;32m██[38;2;139;41;32m██[38;2;139;41;32m██[38;2;139;41;32m██[38;2;139;41;32m██[38;2;139;41;32m██[38;2;139;41;32m██[38;2;230;131;98m██[38;2;139;41;32m██[38;2;230;131;98m██[38;2;139;41;32m██[38;2;230;131;98m██[38;2;139;41;32m██[38;2;139;41;32m██[38;2;139;41;32m██[38;2;139;41;32m██[38;2;230;131;98m██[38;2;230;131;98m██[38;2;16;16;16m██                        
                                [38;2;16;16;16m██      [38;2;16;16;16m██[38;2;205;106;82m██[38;2;16;16;16m██[38;2;205;106;82m██[38;2;230;131;98m██[38;2;230;131;98m██[38;2;230;131;98m██[38;2;213;172;98m██[38;2;139;41;32m██[38;2;139;41;32m██[38;2;139;41;32m██[38;2;139;41;32m██[38;2;139;41;32m██[38;2;139;41;32m██[38;2;139;41;32m██[38;2;139;41;32m██[38;2;139;41;32m██[38;2;139;41;32m██[38;2;139;41;32m██[38;2;139;41;32m██[38;2;230;131;98m██[38;2;139;41;32m██[38;2;16;16;16m██[38;2;16;16;16m██[38;2;16;16;16m██[38;2;16;16;16m██[38;2;230;131;98m██[38;2;230;131;98m██[38;2;16;16;16m██[38;2;16;16;16m██                          
                                          [38;2;16;16;16m██[38;2;205;106;82m██[38;2;205;106;82m██[38;2;230;131;98m██[38;2;230;131;98m██[38;2;213;172;98m██[38;2;139;41;32m██[38;2;139;41;32m██[38;2;139;41;32m██[38;2;139;41;32m██[38;2;139;41;32m██[38;2;139;41;32m██[38;2;123;90;0m██[38;2;139;41;32m██[38;2;123;90;0m██[38;2;139;41;32m██[38;2;16;16;16m██[38;2;16;16;16m██[38;2;16;16;16m██[38;2;16;16;16m██[38;2;16;16;16m██        [38;2;16;16;16m██[38;2;230;131;98m██[38;2;16;16;16m██                            
                                          [38;2;16;16;16m██[38;2;230;131;98m██[38;2;16;16;16m██[38;2;230;131;98m██[38;2;230;131;98m██[38;2;213;172;98m██[38;2;139;41;32m██[38;2;139;41;32m██[38;2;139;41;32m██[38;2;123;90;0m██[38;2;16;16;16m██[38;2;139;41;32m██[38;2;16;16;16m██[38;2;139;41;32m██[38;2;16;16;16m██[38;2;16;16;16m██[38;2;164;123;16m██[38;2;164;123;16m██[38;2;164;123;16m██[38;2;16;16;16m██            [38;2;16;16;16m██[38;2;16;16;16m██                            
                                          [38;2;164;123;16m██[38;2;16;16;16m██[38;2;16;16;16m██[38;2;230;131;98m██[38;2;230;131;98m██[38;2;139;41;32m██[38;2;139;41;32m██[38;2;139;41;32m██[38;2;139;41;32m██[38;2;16;16;16m██[38;2;139;106;57m██[38;2;16;16;16m██[38;2;139;106;57m██[38;2;16;16;16m██[38;2;16;16;16m██[38;2;164;123;16m██[38;2;164;123;16m██[38;2;164;123;16m██[38;2;164;123;16m██[38;2;16;16;16m██                                            
                                          [38;2;164;123;16m██[38;2;213;172;98m██[38;2;213;172;98m██[38;2;16;16;16m██[38;2;123;8;0m██[38;2;139;41;32m██[38;2;139;41;32m██[38;2;16;16;16m██[38;2;16;16;16m██[38;2;16;16;16m██[38;2;106;106;106m██[38;2;246;205;0m██[38;2;106;106;106m██[38;2;16;16;16m██[38;2;106;106;106m██[38;2;189;139;41m██[38;2;164;123;16m██[38;2;164;123;16m██[38;2;164;123;16m██[38;2;16;16;16m██                                            
                                          [38;2;164;123;16m██[38;2;213;172;98m██[38;2;16;16;16m██[38;2;123;90;0m██[38;2;230;131;98m██[38;2;230;131;98m██[38;2;16;16;16m██[38;2;164;123;16m██[38;2;164;123;16m██[38;2;164;123;16m██[38;2;16;16;16m██[38;2;16;16;16m██[38;2;16;16;16m██[38;2;123;90;0m██[38;2;189;139;41m██[38;2;189;139;41m██[38;2;189;139;41m██[38;2;164;123;16m██[38;2;123;90;0m██                                              
                                            [38;2;164;123;16m██[38;2;16;16;16m██[38;2;230;131;98m██[38;2;230;131;98m██[38;2;139;41;32m██[38;2;139;41;32m██[38;2;16;16;16m██[38;2;164;123;16m██[38;2;213;172;98m██[38;2;213;172;98m██[38;2;238;213;131m██[38;2;238;213;131m██[38;2;16;16;16m██[38;2;16;16;16m██[38;2;189;139;41m██[38;2;189;139;41m██[38;2;164;123;16m██[38;2;16;16;16m██                                              
                                            [38;2;123;90;0m██[38;2;238;213;131m██[38;2;16;16;16m██[38;2;230;131;98m██[38;2;139;41;32m██[38;2;16;16;16m██[38;2;238;213;131m██[38;2;238;213;131m██[38;2;238;213;131m██[38;2;238;213;131m██[38;2;123;90;0m██[38;2;189;139;41m██[38;2;16;16;16m██[38;2;16;16;16m██[38;2;189;139;41m██[38;2;164;123;16m██[38;2;16;16;16m██                                                
                          [38;2;123;90;0m██                  [38;2;164;123;16m██[38;2;238;213;131m██[38;2;16;16;16m██[38;2;16;16;16m██[38;2;189;139;41m██[38;2;123;90;0m██[38;2;189;139;41m██[38;2;123;90;0m██[38;2;189;139;41m██[38;2;16;16;16m██[38;2;164;123;16m██[38;2;238;213;131m██[38;2;238;213;131m██[38;2;164;123;16m██[38;2;16;16;16m██                                                  
                        [38;2;164;123;16m██[38;2;213;172;98m██[38;2;16;16;16m██                  [38;2;123;90;0m██[38;2;164;123;16m██[38;2;16;16;16m██[38;2;164;123;16m██[38;2;16;16;16m██[38;2;189;139;41m██[38;2;16;16;16m██[38;2;164;123;16m██[38;2;238;213;131m██[38;2;238;213;131m██[38;2;189;139;41m██[38;2;16;16;16m██[38;2;16;16;16m██                        [38;2;123;90;0m██                          
              [38;2;123;90;0m██[38;2;16;16;16m██    [38;2;123;90;0m██[38;2;139;41;32m██[38;2;139;41;32m██[38;2;139;41;32m██[38;2;16;16;16m██      [38;2;16;16;16m██          [38;2;123;90;0m██[38;2;123;90;0m██[38;2;189;139;41m██[38;2;238;213;131m██[38;2;238;213;131m██[38;2;238;213;131m██[38;2;238;213;131m██[38;2;189;139;41m██[38;2;16;16;16m██[38;2;16;16;16m██                          [38;2;123;90;0m██[38;2;213;172;98m██[38;2;123;90;0m██      [38;2;164;123;16m██[38;2;16;16;16m██              
              [38;2;123;90;0m██[38;2;213;172;98m██[38;2;16;16;16m██[38;2;123;90;0m██[38;2;164;123;16m██[38;2;164;123;16m██[38;2;139;41;32m██[38;2;164;123;16m██[38;2;123;90;0m██[38;2;164;123;16m██[38;2;164;123;16m██[38;2;16;16;16m██[38;2;213;172;98m██[38;2;16;16;16m██            [38;2;16;16;16m██[38;2;16;16;16m██[38;2;189;139;41m██[38;2;189;139;41m██[38;2;189;139;41m██[38;2;189;139;41m██[38;2;189;139;41m██[38;2;16;16;16m██                [38;2;123;90;0m██    [38;2;164;123;16m██[38;2;123;90;0m██[38;2;213;172;98m██[38;2;139;41;32m██[38;2;139;41;32m██[38;2;123;90;0m██[38;2;123;90;0m██[38;2;164;123;16m██[38;2;238;213;131m██[38;2;16;16;16m██              
            [38;2;123;90;0m██[38;2;139;41;32m██[38;2;213;172;98m██[38;2;139;41;32m██[38;2;16;16;16m██[38;2;189;139;41m██[38;2;238;213;131m██[38;2;238;213;131m██[38;2;238;213;131m██[38;2;238;213;131m██[38;2;238;213;131m██[38;2;213;172;98m██[38;2;164;123;16m██[38;2;164;123;16m██[38;2;139;41;32m██[38;2;16;16;16m██    [38;2;16;16;16m██[38;2;123;90;0m██[38;2;123;90;0m██[38;2;123;90;0m██[38;2;189;139;41m██[38;2;139;41;32m██[38;2;123;90;0m██[38;2;189;139;41m██[38;2;189;139;41m██[38;2;189;139;41m██[38;2;164;123;16m██[38;2;123;90;0m██[38;2;123;90;0m██[38;2;16;16;16m██        [38;2;123;90;0m██[38;2;213;172;98m██[38;2;123;90;0m██[38;2;164;123;16m██[38;2;238;213;131m██[38;2;123;90;0m██[38;2;164;123;16m██[38;2;139;41;32m██[38;2;164;123;16m██[38;2;238;213;131m██[38;2;164;123;16m██[38;2;238;213;131m██[38;2;230;131;98m██[38;2;139;41;32m██[38;2;16;16;16m██            
    [38;2;123;90;0m██[38;2;123;90;0m██[38;2;164;123;16m██  [38;2;123;90;0m██[38;2;139;41;32m██[38;2;139;41;32m██[38;2;123;90;0m██[38;2;238;213;131m██[38;2;238;213;131m██[38;2;238;213;131m██[38;2;238;213;131m██[38;2;238;213;131m██[38;2;238;213;131m██[38;2;238;213;131m██[38;2;238;213;131m██[38;2;238;213;131m██[38;2;189;139;41m██[38;2;164;123;16m██[38;2;164;123;16m██[38;2;123;90;0m██  [38;2;16;16;16m██[38;2;238;213;131m██[38;2;139;41;32m██[38;2;164;123;16m██[38;2;139;41;32m██[38;2;139;41;32m██[38;2;139;41;32m██[38;2;123;90;0m██[38;2;189;139;41m██[38;2;189;139;41m██[38;2;164;123;16m██[38;2;139;41;32m██[38;2;230;131;98m██[38;2;16;16;16m██    [38;2;164;123;16m██[38;2;123;90;0m██[38;2;139;41;32m██[38;2;139;41;32m██[38;2;139;41;32m██[38;2;164;123;16m██[38;2;238;213;131m██[38;2;238;213;131m██[38;2;238;213;131m██[38;2;238;213;131m██[38;2;238;213;131m██[38;2;238;213;131m██[38;2;164;123;16m██[38;2;230;131;98m██[38;2;139;41;32m██[38;2;139;41;32m██[38;2;16;16;16m██            
    [38;2;123;90;0m██[38;2;213;172;98m██[38;2;164;123;16m██[38;2;123;90;0m██[38;2;123;90;0m██[38;2;123;90;0m██[38;2;123;90;0m██[38;2;238;213;131m██[38;2;238;213;131m██[38;2;238;213;131m██[38;2;238;213;131m██[38;2;238;213;131m██[38;2;238;213;131m██[38;2;238;213;131m██[38;2;238;213;131m██[38;2;238;213;131m██[38;2;238;213;131m██[38;2;238;213;131m██[38;2;189;139;41m██[38;2;189;139;41m██[38;2;164;123;16m██[38;2;123;90;0m██  [38;2;16;16;16m██[38;2;164;123;16m██[38;2;123;90;0m██[38;2;139;41;32m██[38;2;139;41;32m██[38;2;123;90;0m██[38;2;238;213;131m██[38;2;189;139;41m██[38;2;189;139;41m██[38;2;123;90;0m██[38;2;139;41;32m██[38;2;16;16;16m██  [38;2;164;123;16m██[38;2;123;90;0m██[38;2;189;139;41m██[38;2;238;213;131m██[38;2;164;123;16m██[38;2;123;90;0m██[38;2;123;90;0m██[38;2;238;213;131m██[38;2;238;213;131m██[38;2;238;213;131m██[38;2;238;213;131m██[38;2;238;213;131m██[38;2;238;213;131m██[38;2;238;213;131m██[38;2;238;213;131m██[38;2;164;123;16m██[38;2;123;90;0m██[38;2;123;90;0m██[38;2;189;139;41m██[38;2;164;123;16m██[38;2;164;123;16m██[38;2;164;123;16m██[38;2;16;16;16m██    
    [38;2;16;16;16m██[38;2;213;172;98m██[38;2;139;41;32m██[38;2;139;41;32m██[38;2;189;139;41m██[38;2;238;213;131m██[38;2;238;213;131m██[38;2;238;213;131m██[38;2;238;213;131m██[38;2;238;213;131m██[38;2;238;213;131m██[38;2;238;213;131m██[38;2;238;213;131m██[38;2;238;213;131m██[38;2;238;213;131m██[38;2;238;213;131m██[38;2;189;139;41m██[38;2;189;139;41m██[38;2;189;139;41m██[38;2;189;139;41m██[38;2;189;139;41m██[38;2;164;123;16m██[38;2;123;90;0m██[38;2;123;90;0m██[38;2;238;213;131m██[38;2;255;238;164m██[38;2;123;90;0m██[38;2;123;90;0m██[38;2;238;213;131m██[38;2;238;213;131m██[38;2;238;213;131m██[38;2;238;213;131m██[38;2;238;213;131m██[38;2;16;16;16m██[38;2;123;90;0m██[38;2;123;90;0m██[38;2;238;213;131m██[38;2;238;213;131m██[38;2;238;213;131m██[38;2;238;213;131m██[38;2;238;213;131m██[38;2;238;213;131m██[38;2;238;213;131m██[38;2;238;213;131m██[38;2;238;213;131m██[38;2;238;213;131m██[38;2;238;213;131m██[38;2;238;213;131m██[38;2;238;213;131m██[38;2;238;213;131m██[38;2;238;213;131m██[38;2;238;213;131m██[38;2;238;213;131m██[38;2;189;139;41m██[38;2;164;123;16m██[38;2;230;131;98m██[38;2;238;213;131m██[38;2;238;213;131m██[38;2;16;16;16m██    
  [38;2;16;16;16m██[38;2;123;90;0m██[38;2;139;41;32m██[38;2;139;41;32m██[38;2;123;90;0m██[38;2;238;213;131m██[38;2;238;213;131m██[38;2;238;213;131m██[38;2;238;213;131m██[38;2;238;213;131m██[38;2;238;213;131m██[38;2;238;213;131m██[38;2;238;213;131m██[38;2;238;213;131m██[38;2;189;139;41m██[38;2;189;139;41m██[38;2;189;139;41m██[38;2;189;139;41m██[38;2;189;139;41m██[38;2;189;139;41m██[38;2;189;139;41m██[38;2;189;139;41m██[38;2;189;139;41m██[38;2;189;139;41m██[38;2;238;213;131m██[38;2;255;238;164m██[38;2;255;238;164m██[38;2;255;238;164m██[38;2;255;238;164m██[38;2;255;238;164m██[38;2;255;238;164m██[38;2;238;213;131m██[38;2;238;213;131m██[38;2;238;213;131m██[38;2;238;213;131m██[38;2;238;213;131m██[38;2;238;213;131m██[38;2;238;213;131m██[38;2;238;213;131m██[38;2;238;213;131m██[38;2;238;213;131m██[38;2;238;213;131m██[38;2;238;213;131m██[38;2;238;213;131m██[38;2;238;213;131m██[38;2;238;213;131m██[38;2;238;213;131m██[38;2;238;213;131m██[38;2;238;213;131m██[38;2;238;213;131m██[38;2;238;213;131m██[38;2;238;213;131m██[38;2;238;213;131m██[38;2;238;213;131m██[38;2;238;213;131m██[38;2;123;90;0m██[38;2;238;213;131m██[38;2;230;131;98m██[38;2;139;41;32m██[38;2;123;90;0m██    
  [38;2;16;16;16m██[38;2;189;139;41m██[38;2;123;90;0m██[38;2;123;90;0m██[38;2;238;213;131m██[38;2;238;213;131m██[38;2;238;213;131m██[38;2;238;213;131m██[38;2;238;213;131m██[38;2;238;213;131m██[38;2;238;213;131m██[38;2;238;213;131m██[38;2;189;139;41m██[38;2;189;139;41m██[38;2;189;139;41m██[38;2;16;16;16m██[38;2;16;16;16m██[38;2;16;16;16m██[38;2;189;139;41m██[38;2;189;139;41m██[38;2;189;139;41m██[38;2;189;139;41m██[38;2;189;139;41m██[38;2;164;123;16m██[38;2;255;238;164m██[38;2;255;238;164m██[38;2;230;131;98m██[38;2;230;131;98m██[38;2;255;238;164m██[38;2;255;238;164m██[38;2;255;238;164m██[38;2;255;238;164m██[38;2;238;213;131m██[38;2;238;213;131m██[38;2;238;213;131m██[38;2;238;213;131m██[38;2;238;213;131m██[38;2;238;213;131m██[38;2;238;213;131m██[38;2;238;213;131m██[38;2;238;213;131m██[38;2;238;213;131m██[38;2;238;213;131m██[38;2;189;139;41m██[38;2;189;139;41m██[38;2;189;139;41m██[38;2;189;139;41m██[38;2;189;139;41m██[38;2;238;213;131m██[38;2;238;213;131m██[38;2;238;213;131m██[38;2;238;213;131m██[38;2;238;213;131m██[38;2;238;213;131m██[38;2;238;213;131m██[38;2;189;139;41m██[38;2;123;90;0m██[38;2;139;41;32m██[38;2;139;41;32m██[38;2;123;90;0m██[38;2;16;16;16m██  
[38;2;16;16;16m██[38;2;189;139;41m██[38;2;189;139;41m██[38;2;238;213;131m██[38;2;238;213;131m██[38;2;238;213;131m██[38;2;238;213;131m██[38;2;238;213;131m██[38;2;238;213;131m██[38;2;238;213;131m██[38;2;238;213;131m██[38;2;189;139;41m██[38;2;189;139;41m██[38;2;189;139;41m██[38;2;16;16;16m██[38;2;16;16;16m██      [38;2;16;16;16m██[38;2;16;16;16m██[38;2;189;139;41m██[38;2;189;139;41m██[38;2;164;123;16m██[38;2;255;238;164m██[38;2;255;238;164m██[38;2;230;131;98m██[38;2;230;131;98m██[38;2;230;131;98m██[38;2;230;131;98m██[38;2;255;238;164m██[38;2;255;238;164m██[38;2;255;238;164m██[38;2;255;238;164m██[38;2;238;213;131m██[38;2;238;213;131m██[38;2;238;213;131m██[38;2;238;213;131m██[38;2;238;213;131m██[38;2;238;213;131m██[38;2;189;139;41m██[38;2;123;90;0m██[38;2;16;16;16m██[38;2;16;16;16m██[38;2;16;16;16m██[38;2;16;16;16m██[38;2;16;16;16m██[38;2;189;139;41m██[38;2;189;139;41m██[38;2;189;139;41m██[38;2;189;139;41m██[38;2;238;213;131m██[38;2;238;213;131m██[38;2;238;213;131m██[38;2;238;213;131m██[38;2;238;213;131m██[38;2;238;213;131m██[38;2;189;139;41m██[38;2;123;90;0m██[38;2;16;16;16m██[38;2;189;139;41m██[38;2;16;16;16m██  
[38;2;16;16;16m██[38;2;189;139;41m██[38;2;189;139;41m██[38;2;238;213;131m██[38;2;238;213;131m██[38;2;238;213;131m██[38;2;238;213;131m██[38;2;238;213;131m██[38;2;238;213;131m██[38;2;189;139;41m██[38;2;189;139;41m██[38;2;189;139;41m██[38;2;189;139;41m██[38;2;16;16;16m██              [38;2;16;16;16m██[38;2;16;16;16m██[38;2;189;139;41m██[38;2;255;238;164m██[38;2;230;131;98m██[38;2;230;131;98m██[38;2;230;131;98m██[38;2;230;131;98m██[38;2;230;131;98m██[38;2;139;41;32m██[38;2;255;238;164m██[38;2;255;238;164m██[38;2;255;238;164m██[38;2;238;213;131m██[38;2;238;213;131m██[38;2;238;213;131m██[38;2;238;213;131m██[38;2;189;139;41m██[38;2;16;16;16m██[38;2;16;16;16m██[38;2;123;90;0m██          [38;2;16;16;16m██[38;2;16;16;16m██[38;2;189;139;41m██[38;2;189;139;41m██[38;2;189;139;41m██[38;2;189;139;41m██[38;2;238;213;131m██[38;2;238;213;131m██[38;2;238;213;131m██[38;2;189;139;41m██[38;2;189;139;41m██[38;2;189;139;41m██[38;2;189;139;41m██[38;2;189;139;41m██[38;2;189;139;41m██[38;2;16;16;16m██
[38;2;16;16;16m██[38;2;189;139;41m██[38;2;189;139;41m██[38;2;189;139;41m██[38;2;238;213;131m██[38;2;238;213;131m██[38;2;238;213;131m██[38;2;189;139;41m██[38;2;189;139;41m██[38;2;189;139;41m██[38;2;189;139;41m██[38;2;16;16;16m██[38;2;16;16;16m██                  [38;2;164;123;16m██[38;2;255;238;164m██[38;2;255;238;164m██[38;2;255;238;164m██[38;2;139;41;32m██[38;2;230;131;98m██[38;2;230;131;98m██[38;2;139;41;32m██[38;2;255;238;164m██[38;2;255;238;164m██[38;2;255;238;164m██[38;2;255;238;164m██[38;2;238;213;131m██[38;2;238;213;131m██[38;2;189;139;41m██[38;2;164;123;16m██[38;2;16;16;16m██                    [38;2;16;16;16m██[38;2;16;16;16m██[38;2;189;139;41m██[38;2;189;139;41m██[38;2;189;139;41m██[38;2;189;139;41m██[38;2;189;139;41m██[38;2;189;139;41m██[38;2;189;139;41m██[38;2;189;139;41m██[38;2;189;139;41m██[38;2;189;139;41m██[38;2;189;139;41m██[38;2;16;16;16m██
[38;2;16;16;16m██[38;2;189;139;41m██[38;2;189;139;41m██[38;2;189;139;41m██[38;2;189;139;41m██[38;2;189;139;41m██[38;2;189;139;41m██[38;2;189;139;41m██[38;2;189;139;41m██[38;2;189;139;41m██[38;2;16;16;16m██                    [38;2;164;123;16m██[38;2;238;213;131m██[38;2;255;238;164m██[38;2;255;238;164m██[38;2;255;238;164m██[38;2;255;238;164m██[38;2;139;41;32m██[38;2;139;41;32m██[38;2;255;238;164m██[38;2;255;238;164m██[38;2;255;238;164m██[38;2;255;238;164m██[38;2;255;238;164m██[38;2;238;213;131m██[38;2;189;139;41m██[38;2;164;123;16m██[38;2;16;16;16m██                          [38;2;16;16;16m██[38;2;189;139;41m██[38;2;189;139;41m██[38;2;189;139;41m██[38;2;189;139;41m██[38;2;189;139;41m██[38;2;189;139;41m██[38;2;189;139;41m██[38;2;189;139;41m██[38;2;189;139;41m██[38;2;189;139;41m██[38;2;16;16;16m██
  [38;2;16;16;16m██[38;2;189;139;41m██[38;2;189;139;41m██[38;2;189;139;41m██[38;2;189;139;41m██[38;2;189;139;41m██[38;2;189;139;41m██[38;2;189;139;41m██[38;2;16;16;16m██                      [38;2;164;123;16m██[38;2;238;213;131m██[38;2;255;238;164m██[38;2;255;238;164m██[38;2;255;238;164m██[38;2;255;238;164m██[38;2;255;238;164m██[38;2;255;238;164m██[38;2;255;238;164m██[38;2;255;238;164m██[38;2;255;238;164m██[38;2;255;238;164m██[38;2;255;238;164m██[38;2;238;213;131m██[38;2;189;139;41m██[38;2;164;123;16m██[38;2;16;16;16m██                            [38;2;16;16;16m██[38;2;189;139;41m██[38;2;189;139;41m██[38;2;189;139;41m██[38;2;189;139;41m██[38;2;189;139;41m██[38;2;189;139;41m██[38;2;189;139;41m██[38;2;189;139;41m██[38;2;189;139;41m██[38;2;16;16;16m██
    [38;2;16;16;16m██[38;2;16;16;16m██[38;2;189;139;41m██[38;2;189;139;41m██[38;2;189;139;41m██[38;2;16;16;16m██[38;2;16;16;16m██                      [38;2;164;123;16m██[38;2;238;213;131m██[38;2;238;213;131m██[38;2;238;213;131m██[38;2;255;238;164m██[38;2;255;238;164m██[38;2;230;131;98m██[38;2;230;131;98m██[38;2;255;238;164m██[38;2;255;238;164m██[38;2;255;238;164m██[38;2;255;238;164m██[38;2;255;238;164m██[38;2;238;213;131m██[38;2;238;213;131m██[38;2;238;213;131m██[38;2;189;139;41m██[38;2;16;16;16m██                              [38;2;16;16;16m██[38;2;189;139;41m██[38;2;189;139;41m██[38;2;189;139;41m██[38;2;189;139;41m██[38;2;189;139;41m██[38;2;189;139;41m██[38;2;189;139;41m██[38;2;16;16;16m██  
        [38;2;16;16;16m██[38;2;16;16;16m██[38;2;16;16;16m██                          [38;2;123;90;0m██[38;2;238;213;131m██[38;2;238;213;131m██[38;2;238;213;131m██[38;2;238;213;131m██[38;2;139;41;32m██[38;2;230;131;98m██[38;2;230;131;98m██[38;2;230;131;98m██[38;2;255;238;164m██[38;2;255;238;164m██[38;2;255;238;164m██[38;2;238;213;131m██[38;2;238;213;131m██[38;2;238;213;131m██[38;2;238;213;131m██[38;2;238;213;131m██[38;2;189;139;41m██[38;2;16;16;16m██                              [38;2;16;16;16m██[38;2;16;16;16m██[38;2;189;139;41m██[38;2;189;139;41m██[38;2;189;139;41m██[38;2;16;16;16m██[38;2;16;16;16m██    
                                      [38;2;123;90;0m██[38;2;189;139;41m██[38;2;238;213;131m██[38;2;238;213;131m██[38;2;238;213;131m██[38;2;164;123;16m██[38;2;139;41;32m██[38;2;139;41;32m██[38;2;139;41;32m██[38;2;139;41;32m██[38;2;164;123;16m██[38;2;238;213;131m██[38;2;238;213;131m██[38;2;238;213;131m██[38;2;238;213;131m██[38;2;238;213;131m██[38;2;238;213;131m██[38;2;238;213;131m██[38;2;238;213;131m██[38;2;189;139;41m██[38;2;16;16;16m██[38;2;16;16;16m██                              [38;2;16;16;16m██[38;2;16;16;16m██[38;2;16;16;16m██        
                                      [38;2;164;123;16m██[38;2;238;213;131m██[38;2;238;213;131m██[38;2;238;213;131m██[38;2;238;213;131m██[38;2;238;213;131m██[38;2;164;123;16m██[38;2;139;41;32m██[38;2;139;41;32m██[38;2;164;123;16m██[38;2;238;213;131m██[38;2;238;213;131m██[38;2;238;213;131m██[38;2;238;213;131m██[38;2;238;213;131m██[38;2;238;213;131m██[38;2;238;213;131m██[38;2;238;213;131m██[38;2;238;213;131m██[38;2;189;139;41m██[38;2;123;90;0m██[38;2;213;172;98m██[38;2;16;16;16m██                                          
                                    [38;2;16;16;16m██[38;2;189;139;41m██[38;2;238;213;131m██[38;2;238;213;131m██[38;2;238;213;131m██[38;2;238;213;131m██[38;2;238;213;131m██[38;2;238;213;131m██[38;2;164;123;16m██[38;2;164;123;16m██[38;2;238;213;131m██[38;2;238;213;131m██[38;2;238;213;131m██[38;2;238;213;131m██[38;2;238;213;131m██[38;2;238;213;131m██[38;2;238;213;131m██[38;2;238;213;131m██[38;2;238;213;131m██[38;2;238;213;131m██[38;2;238;213;131m██[38;2;123;90;0m██[38;2;139;41;32m██[38;2;164;123;16m██[38;2;16;16;16m██                                        
                                    [38;2;123;8;0m██[38;2;238;213;131m██[38;2;238;213;131m██[38;2;238;213;131m██[38;2;238;213;131m██[38;2;238;213;131m██[38;2;238;213;131m██[38;2;238;213;131m██[38;2;238;213;131m██[38;2;238;213;131m██[38;2;238;213;131m██[38;2;238;213;131m██[38;2;238;213;131m██[38;2;238;213;131m██[38;2;238;213;131m██[38;2;238;213;131m██[38;2;238;213;131m██[38;2;238;213;131m██[38;2;238;213;131m██[38;2;238;213;131m██[38;2;238;213;131m██[38;2;189;139;41m██[38;2;123;90;0m██[38;2;16;16;16m██                                          
                                    [38;2;189;139;41m██[38;2;238;213;131m██[38;2;238;213;131m██[38;2;238;213;131m██[38;2;238;213;131m██[38;2;238;213;131m██[38;2;238;213;131m██[38;2;238;213;131m██[38;2;230;131;98m██[38;2;139;41;32m██[38;2;230;131;98m██[38;2;238;213;131m██[38;2;238;213;131m██[38;2;238;213;131m██[38;2;238;213;131m██[38;2;238;213;131m██[38;2;238;213;131m██[38;2;238;213;131m██[38;2;238;213;131m██[38;2;238;213;131m██[38;2;238;213;131m██[38;2;238;213;131m██[38;2;189;139;41m██[38;2;189;139;41m██[38;2;16;16;16m██                                        
                                  [38;2;164;123;16m██[38;2;238;213;131m██[38;2;238;213;131m██[38;2;238;213;131m██[38;2;238;213;131m██[38;2;238;213;131m██[38;2;238;213;131m██[38;2;238;213;131m██[38;2;230;131;98m██[38;2;139;41;32m██[38;2;139;41;32m██[38;2;139;41;32m██[38;2;230;131;98m██[38;2;238;213;131m██[38;2;238;213;131m██[38;2;238;213;131m██[38;2;238;213;131m██[38;2;238;213;131m██[38;2;238;213;131m██[38;2;238;213;131m██[38;2;238;213;131m██[38;2;238;213;131m██[38;2;238;213;131m██[38;2;238;213;131m██[38;2;189;139;41m██[38;2;164;123;16m██[38;2;164;123;16m██                                      
                                [38;2;164;123;16m██[38;2;189;139;41m██[38;2;238;213;131m██[38;2;238;213;131m██[38;2;238;213;131m██[38;2;238;213;131m██[38;2;238;213;131m██[38;2;238;213;131m██[38;2;164;123;16m██[38;2;139;41;32m██[38;2;139;41;32m██[38;2;139;41;32m██[38;2;139;41;32m██[38;2;139;41;32m██[38;2;164;123;16m██[38;2;238;213;131m██[38;2;238;213;131m██[38;2;238;213;131m██[38;2;238;213;131m██[38;2;238;213;131m██[38;2;238;213;131m██[38;2;238;213;131m██[38;2;238;213;131m██[38;2;238;213;131m██[38;2;238;213;131m██[38;2;123;90;0m██[38;2;230;131;98m██[38;2;213;172;98m██[38;2;164;123;16m██                                    
                              [38;2;16;16;16m██[38;2;139;41;32m██[38;2;189;139;41m██[38;2;238;213;131m██[38;2;238;213;131m██[38;2;238;213;131m██[38;2;238;213;131m██[38;2;238;213;131m██[38;2;238;213;131m██[38;2;238;213;131m██[38;2;164;123;16m██[38;2;139;41;32m██[38;2;139;41;32m██[38;2;139;41;32m██[38;2;164;123;16m██[38;2;238;213;131m██[38;2;238;213;131m██[38;2;238;213;131m██[38;2;238;213;131m██[38;2;238;213;131m██[38;2;238;213;131m██[38;2;238;213;131m██[38;2;238;213;131m██[38;2;238;213;131m██[38;2;238;213;131m██[38;2;238;213;131m██[38;2;123;90;0m██[38;2;139;41;32m██[38;2;139;41;32m██[38;2;139;41;32m██[38;2;16;16;16m██                                  
                                [38;2;164;123;16m██[38;2;238;213;131m██[38;2;238;213;131m██[38;2;238;213;131m██[38;2;238;213;131m██[38;2;238;213;131m██[38;2;238;213;131m██[38;2;238;213;131m██[38;2;238;213;131m██[38;2;238;213;131m██[38;2;189;139;41m██[38;2;123;8;0m██[38;2;164;123;16m██[38;2;189;139;41m██[38;2;238;213;131m██[38;2;238;213;131m██[38;2;238;213;131m██[38;2;238;213;131m██[38;2;238;213;131m██[38;2;238;213;131m██[38;2;238;213;131m██[38;2;238;213;131m██[38;2;238;213;131m██[38;2;238;213;131m██[38;2;238;213;131m██[38;2;189;139;41m██[38;2;123;90;0m██[38;2;139;41;32m██[38;2;16;16;16m██                                    
                              [38;2;164;123;16m██[38;2;189;139;41m██[38;2;238;213;131m██[38;2;238;213;131m██[38;2;238;213;131m██[38;2;238;213;131m██[38;2;238;213;131m██[38;2;238;213;131m██[38;2;238;213;131m██[38;2;238;213;131m██[38;2;238;213;131m██[38;2;189;139;41m██[38;2;123;90;0m██[38;2;189;139;41m██[38;2;189;139;41m██[38;2;238;213;131m██[38;2;238;213;131m██[38;2;238;213;131m██[38;2;238;213;131m██[38;2;238;213;131m██[38;2;238;213;131m██[38;2;238;213;131m██[38;2;238;213;131m██[38;2;238;213;131m██[38;2;238;213;131m██[38;2;238;213;131m██[38;2;189;139;41m██[38;2;189;139;41m██[38;2;16;16;16m██[38;2;16;16;16m██                                    
                              [38;2;164;123;16m██[38;2;238;213;131m██[38;2;238;213;131m██[38;2;238;213;131m██[38;2;238;213;131m██[38;2;238;213;131m██[38;2;238;213;131m██[38;2;238;213;131m██[38;2;238;213;131m██[38;2;238;213;131m██[38;2;189;139;41m██[38;2;189;139;41m██[38;2;189;139;41m██[38;2;123;90;0m██[38;2;189;139;41m██[38;2;189;139;41m██[38;2;238;213;131m██[38;2;238;213;131m██[38;2;238;213;131m██[38;2;238;213;131m██[38;2;238;213;131m██[38;2;238;213;131m██[38;2;238;213;131m██[38;2;238;213;131m██[38;2;238;213;131m██[38;2;238;213;131m██[38;2;189;139;41m██[38;2;189;139;41m██[38;2;189;139;41m██[38;2;16;16;16m██                                    
                              [38;2;164;123;16m██[38;2;238;213;131m██[38;2;238;213;131m██[38;2;238;213;131m██[38;2;238;213;131m██[38;2;238;213;131m██[38;2;238;213;131m██[38;2;238;213;131m██[38;2;238;213;131m██[38;2;238;213;131m██[38;2;189;139;41m██[38;2;123;90;0m██[38;2;16;16;16m██[38;2;16;16;16m██[38;2;16;16;16m██[38;2;123;90;0m██[38;2;189;139;41m██[38;2;238;213;131m██[38;2;238;213;131m██[38;2;238;213;131m██[38;2;238;213;131m██[38;2;238;213;131m██[38;2;238;213;131m██[38;2;238;213;131m██[38;2;238;213;131m██[38;2;189;139;41m██[38;2;189;139;41m██[38;2;189;139;41m██[38;2;164;123;16m██[38;2;164;123;16m██[38;2;164;123;16m██                                  
                            [38;2;164;123;16m██[38;2;189;139;41m██[38;2;238;213;131m██[38;2;238;213;131m██[38;2;238;213;131m██[38;2;238;213;131m██[38;2;238;213;131m██[38;2;238;213;131m██[38;2;238;213;131m██[38;2;238;213;131m██[38;2;189;139;41m██[38;2;189;139;41m██[38;2;189;139;41m██[38;2;16;16;16m██    [38;2;16;16;16m██[38;2;123;90;0m██[38;2;238;213;131m██[38;2;238;213;131m██[38;2;238;213;131m██[38;2;238;213;131m██[38;2;238;213;131m██[38;2;238;213;131m██[38;2;238;213;131m██[38;2;238;213;131m██[38;2;189;139;41m██[38;2;189;139;41m██[38;2;123;90;0m██[38;2;139;41;32m██[38;2;213;172;98m██[38;2;164;123;16m██[38;2;164;123;16m██                                
                          [38;2;16;16;16m██[38;2;139;41;32m██[38;2;189;139;41m██[38;2;238;213;131m██[38;2;238;213;131m██[38;2;238;213;131m██[38;2;238;213;131m██[38;2;238;213;131m██[38;2;238;213;131m██[38;2;238;213;131m██[38;2;238;213;131m██[38;2;189;139;41m██[38;2;189;139;41m██[38;2;164;123;16m██[38;2;164;123;16m██      [38;2;123;90;0m██[38;2;189;139;41m██[38;2;238;213;131m██[38;2;238;213;131m██[38;2;238;213;131m██[38;2;238;213;131m██[38;2;238;213;131m██[38;2;238;213;131m██[38;2;189;139;41m██[38;2;189;139;41m██[38;2;189;139;41m██[38;2;123;90;0m██[38;2;139;41;32m██[38;2;139;41;32m██[38;2;230;131;98m██[38;2;16;16;16m██                                
                            [38;2;123;8;0m██[38;2;189;139;41m██[38;2;238;213;131m██[38;2;238;213;131m██[38;2;238;213;131m██[38;2;238;213;131m██[38;2;238;213;131m██[38;2;238;213;131m██[38;2;238;213;131m██[38;2;189;139;41m██[38;2;189;139;41m██[38;2;189;139;41m██[38;2;16;16;16m██          [38;2;164;123;16m██[38;2;189;139;41m██[38;2;238;213;131m██[38;2;238;213;131m██[38;2;238;213;131m██[38;2;238;213;131m██[38;2;189;139;41m██[38;2;189;139;41m██[38;2;189;139;41m██[38;2;189;139;41m██[38;2;189;139;41m██[38;2;123;90;0m██[38;2;164;123;16m██[38;2;16;16;16m██                                  
                            [38;2;164;123;16m██[38;2;189;139;41m██[38;2;189;139;41m██[38;2;238;213;131m██[38;2;238;213;131m██[38;2;238;213;131m██[38;2;238;213;131m██[38;2;238;213;131m██[38;2;189;139;41m██[38;2;189;139;41m██[38;2;189;139;41m██[38;2;189;139;41m██[38;2;16;16;16m██          [38;2;123;90;0m██[38;2;189;139;41m██[38;2;189;139;41m██[38;2;189;139;41m██[38;2;189;139;41m██[38;2;189;139;41m██[38;2;189;139;41m██[38;2;189;139;41m██[38;2;189;139;41m██[38;2;189;139;41m██[38;2;189;139;41m██[38;2;189;139;41m██[38;2;16;16;16m██[38;2;123;90;0m██                                  
                            [38;2;164;123;16m██[38;2;189;139;41m██[38;2;189;139;41m██[38;2;189;139;41m██[38;2;189;139;41m██[38;2;189;139;41m██[38;2;189;139;41m██[38;2;189;139;41m██[38;2;189;139;41m██[38;2;189;139;41m██[38;2;189;139;41m██[38;2;189;139;41m██[38;2;16;16;16m██          [38;2;123;90;0m██[38;2;189;139;41m██[38;2;189;139;41m██[38;2;189;139;41m██[38;2;189;139;41m██[38;2;189;139;41m██[38;2;189;139;41m██[38;2;189;139;41m██[38;2;189;139;41m██[38;2;189;139;41m██[38;2;189;139;41m██[38;2;189;139;41m██[38;2;189;139;41m██[38;2;123;90;0m██[38;2;16;16;16m██                                
                          [38;2;164;123;16m██[38;2;230;131;98m██[38;2;164;123;16m██[38;2;189;139;41m██[38;2;189;139;41m██[38;2;189;139;41m██[38;2;189;139;41m██[38;2;189;139;41m██[38;2;189;139;41m██[38;2;189;139;41m██[38;2;189;139;41m██[38;2;189;139;41m██[38;2;189;139;41m██[38;2;16;16;16m██            [38;2;123;90;0m██[38;2;189;139;41m██[38;2;189;139;41m██[38;2;189;139;41m██[38;2;189;139;41m██[38;2;189;139;41m██[38;2;189;139;41m██[38;2;189;139;41m██[38;2;189;139;41m██[38;2;189;139;41m██[38;2;189;139;41m██[38;2;189;139;41m██[38;2;164;123;16m██[38;2;16;16;16m██                                
                        [38;2;16;16;16m██[38;2;213;172;98m██[38;2;139;41;32m██[38;2;123;90;0m██[38;2;189;139;41m██[38;2;189;139;41m██[38;2;189;139;41m██[38;2;189;139;41m██[38;2;189;139;41m██[38;2;189;139;41m██[38;2;189;139;41m██[38;2;189;139;41m██[38;2;189;139;41m██[38;2;189;139;41m██[38;2;16;16;16m██            [38;2;123;90;0m██[38;2;189;139;41m██[38;2;189;139;41m██[38;2;189;139;41m██[38;2;189;139;41m██[38;2;189;139;41m██[38;2;189;139;41m██[38;2;189;139;41m██[38;2;189;139;41m██[38;2;189;139;41m██[38;2;189;139;41m██[38;2;164;123;16m██[38;2;230;131;98m██[38;2;230;131;98m██[38;2;164;123;16m██                              
                          [38;2;16;16;16m██[38;2;123;8;0m██[38;2;123;90;0m██[38;2;189;139;41m██[38;2;189;139;41m██[38;2;189;139;41m██[38;2;189;139;41m██[38;2;189;139;41m██[38;2;189;139;41m██[38;2;189;139;41m██[38;2;189;139;41m██[38;2;189;139;41m██[38;2;189;139;41m██[38;2;16;16;16m██            [38;2;123;90;0m██[38;2;189;139;41m██[38;2;189;139;41m██[38;2;189;139;41m██[38;2;189;139;41m██[38;2;189;139;41m██[38;2;189;139;41m██[38;2;189;139;41m██[38;2;189;139;41m██[38;2;189;139;41m██[38;2;164;123;16m██[38;2;230;131;98m██[38;2;213;172;98m██[38;2;213;172;98m██[38;2;230;131;98m██[38;2;16;16;16m██                            
                            [38;2;123;90;0m██[38;2;189;139;41m██[38;2;189;139;41m██[38;2;189;139;41m██[38;2;189;139;41m██[38;2;189;139;41m██[38;2;189;139;41m██[38;2;189;139;41m██[38;2;189;139;41m██[38;2;189;139;41m██[38;2;189;139;41m██[38;2;189;139;41m██[38;2;16;16;16m██            [38;2;123;90;0m██[38;2;189;139;41m██[38;2;189;139;41m██[38;2;189;139;41m██[38;2;189;139;41m██[38;2;189;139;41m██[38;2;189;139;41m██[38;2;189;139;41m██[38;2;189;139;41m██[38;2;189;139;41m██[38;2;123;90;0m██[38;2;139;41;32m██[38;2;139;41;32m██[38;2;139;41;32m██[38;2;16;16;16m██                              
                            [38;2;16;16;16m██[38;2;189;139;41m██[38;2;189;139;41m██[38;2;189;139;41m██[38;2;189;139;41m██[38;2;189;139;41m██[38;2;189;139;41m██[38;2;189;139;41m██[38;2;189;139;41m██[38;2;189;139;41m██[38;2;189;139;41m██[38;2;189;139;41m██[38;2;16;16;16m██              [38;2;123;90;0m██[38;2;189;139;41m██[38;2;189;139;41m██[38;2;189;139;41m██[38;2;189;139;41m██[38;2;189;139;41m██[38;2;189;139;41m██[38;2;189;139;41m██[38;2;189;139;41m██[38;2;189;139;41m██[38;2;123;90;0m██[38;2;123;8;0m██[38;2;16;16;16m██[38;2;16;16;16m██                              
                            [38;2;16;16;16m██[38;2;189;139;41m██[38;2;189;139;41m██[38;2;189;139;41m██[38;2;189;139;41m██[38;2;189;139;41m██[38;2;189;139;41m██[38;2;189;139;41m██[38;2;189;139;41m██[38;2;189;139;41m██[38;2;189;139;41m██[38;2;16;16;16m██                [38;2;123;90;0m██[38;2;189;139;41m██[38;2;189;139;41m██[38;2;189;139;41m██[38;2;189;139;41m██[38;2;189;139;41m██[38;2;189;139;41m██[38;2;189;139;41m██[38;2;189;139;41m██[38;2;189;139;41m██[38;2;189;139;41m██[38;2;189;139;41m██[38;2;123;8;0m██[38;2;16;16;16m██                              
                            [38;2;16;16;16m██[38;2;164;123;16m██[38;2;189;139;41m██[38;2;189;139;41m██[38;2;189;139;41m██[38;2;189;139;41m██[38;2;189;139;41m██[38;2;189;139;41m██[38;2;189;139;41m██[38;2;189;139;41m██[38;2;164;123;16m██[38;2;16;16;16m██                [38;2;16;16;16m██[38;2;189;139;41m██[38;2;189;139;41m██[38;2;189;139;41m██[38;2;189;139;41m██[38;2;189;139;41m██[38;2;189;139;41m██[38;2;189;139;41m██[38;2;189;139;41m██[38;2;189;139;41m██[38;2;189;139;41m██[38;2;189;139;41m██[38;2;189;139;41m██[38;2;16;16;16m██                              
                              [38;2;16;16;16m██[38;2;164;123;16m██[38;2;189;139;41m██[38;2;189;139;41m██[38;2;189;139;41m██[38;2;189;139;41m██[38;2;189;139;41m██[38;2;189;139;41m██[38;2;16;16;16m██[38;2;164;123;16m██                  [38;2;16;16;16m██[38;2;164;123;16m██[38;2;189;139;41m██[38;2;189;139;41m██[38;2;189;139;41m██[38;2;189;139;41m██[38;2;189;139;41m██[38;2;189;139;41m██[38;2;189;139;41m██[38;2;189;139;41m██[38;2;189;139;41m██[38;2;189;139;41m██[38;2;189;139;41m██[38;2;16;16;16m██                              
                                [38;2;16;16;16m██[38;2;16;16;16m██[38;2;16;16;16m██[38;2;16;16;16m██[38;2;16;16;16m██[38;2;16;16;16m██[38;2;16;16;16m██                        [38;2;16;16;16m██[38;2;164;123;16m██[38;2;189;139;41m██[38;2;189;139;41m██[38;2;189;139;41m██[38;2;189;139;41m██[38;2;189;139;41m██[38;2;189;139;41m██[38;2;189;139;41m██[38;2;189;139;41m██[38;2;164;123;16m██[38;2;16;16;16m██                                
                                                                        [38;2;16;16;16m██[38;2;16;16;16m██[38;2;16;16;16m██[38;2;16;16;16m██[38;2;16;16;16m██[38;2;16;16;16m██[38;2;16;16;16m██[38;2;16;16;16m██[38;2;16;16;16m██[38;2;16;16;16m██                                  
