  [38;2;123;41;24m██[38;2;123;41;24m██[38;2;123;41;24m██                  [38;2;123;41;24m██[38;2;123;41;24m██[38;2;123;41;24m██                              
[38;2;123;41;24m██[38;2;123;41;24m██[38;2;255;156;41m██[38;2;255;156;41m██[38;2;123;41;24m██            [38;2;123;41;24m██[38;2;123;41;24m██[38;2;255;156;41m██[38;2;255;156;41m██[38;2;230;16;0m██[38;2;123;41;24m██                            
[38;2;123;41;24m██[38;2;230;16;0m██[38;2;255;156;41m██[38;2;255;156;41m██[38;2;246;82;16m██[38;2;123;41;24m██    [38;2;148;82;32m██[38;2;148;82;32m██[38;2;148;82;32m██[38;2;230;16;0m██[38;2;255;156;41m██[38;2;255;156;41m██[38;2;246;82;16m██[38;2;230;16;0m██[38;2;0;0;0m██                            
[38;2;123;41;24m██[38;2;230;16;0m██[38;2;230;16;0m██[38;2;246;82;16m██[38;2;246;82;16m██[38;2;123;41;24m██[38;2;148;82;32m██[38;2;148;82;32m██[38;2;255;230;32m██[38;2;123;41;24m██[38;2;123;41;24m██[38;2;255;156;41m██[38;2;246;82;16m██[38;2;230;16;0m██[38;2;230;16;0m██[38;2;230;16;0m██[38;2;0;0;0m██                            
  [38;2;123;41;24m██[38;2;230;16;0m██[38;2;230;16;0m██[38;2;246;82;16m██[38;2;246;82;16m██[38;2;123;41;24m██[38;2;123;41;24m██[38;2;123;41;24m██[38;2;230;16;0m██[38;2;246;82;16m██[38;2;230;16;0m██[38;2;230;16;0m██[38;2;230;16;0m██[38;2;230;16;0m██[38;2;0;0;0m██[38;2;148;82;32m██[38;2;148;82;32m██                          
    [38;2;0;0;0m██[38;2;123;41;24m██[38;2;230;16;0m██[38;2;230;16;0m██[38;2;230;16;0m██[38;2;230;16;0m██[38;2;230;16;0m██[38;2;230;16;0m██[38;2;230;16;0m██[38;2;230;16;0m██[38;2;123;41;24m██[38;2;0;0;0m██[38;2;0;0;0m██[38;2;255;230;32m██[38;2;255;230;32m██[38;2;238;172;41m██[38;2;180;123;16m██                        
      [38;2;0;0;0m██[38;2;123;41;24m██[38;2;230;16;0m██[38;2;230;16;0m██[38;2;230;16;0m██[38;2;230;16;0m██[38;2;230;16;0m██[38;2;123;41;24m██[38;2;0;0;0m██[38;2;0;0;0m██[38;2;255;230;32m██[38;2;255;230;32m██[38;2;255;230;32m██[38;2;255;230;32m██[38;2;255;230;32m██[38;2;255;230;32m██[38;2;180;123;16m██                      
    [38;2;148;82;32m██[38;2;255;230;32m██[38;2;0;0;0m██[38;2;230;16;0m██[38;2;230;16;0m██[38;2;230;16;0m██[38;2;123;41;24m██[38;2;0;0;0m██[38;2;0;0;0m██[38;2;255;230;32m██[38;2;255;230;32m██[38;2;255;230;32m██[38;2;246;197;24m██[38;2;246;197;24m██[38;2;246;197;24m██[38;2;246;197;24m██[38;2;255;230;32m██[38;2;246;197;24m██[38;2;180;123;16m██                    
    [38;2;148;82;32m██[38;2;255;255;65m██[38;2;0;0;0m██[38;2;123;41;24m██[38;2;123;41;24m██[38;2;123;41;24m██[38;2;255;230;32m██[38;2;255;230;32m██[38;2;255;230;32m██[38;2;255;230;32m██[38;2;255;230;32m██[38;2;246;197;24m██[38;2;246;238;123m██[38;2;246;238;123m██[38;2;246;238;123m██[38;2;246;238;123m██[38;2;246;197;24m██[38;2;238;172;41m██[38;2;148;82;32m██                    
  [38;2;148;82;32m██[38;2;255;230;32m██[38;2;255;255;65m██[38;2;255;255;65m██[38;2;123;41;24m██[38;2;123;41;24m██[38;2;238;172;41m██[38;2;255;255;65m██[38;2;255;255;65m██[38;2;255;255;65m██[38;2;255;230;32m██[38;2;246;197;24m██[38;2;246;238;123m██[38;2;238;213;131m██[38;2;123;98;57m██[38;2;0;0;0m██[38;2;238;213;131m██[38;2;246;238;123m██[38;2;238;172;41m██[38;2;238;172;41m██[38;2;0;0;0m██                  
  [38;2;148;82;32m██[38;2;246;197;24m██[38;2;255;230;32m██[38;2;255;255;65m██[38;2;255;255;65m██[38;2;255;255;65m██[38;2;255;255;65m██[38;2;255;255;65m██[38;2;255;230;32m██[38;2;255;230;32m██[38;2;255;230;32m██[38;2;246;197;24m██[38;2;246;238;123m██[38;2;123;98;57m██[38;2;123;98;57m██[38;2;0;0;0m██[38;2;0;0;0m██[38;2;246;238;123m██[38;2;238;172;41m██[38;2;238;172;41m██[38;2;0;0;0m██                  
  [38;2;148;82;32m██[38;2;246;197;24m██[38;2;238;172;41m██[38;2;238;172;41m██[38;2;238;172;41m██[38;2;238;172;41m██[38;2;246;197;24m██[38;2;255;230;32m██[38;2;255;230;32m██[38;2;255;230;32m██[38;2;255;230;32m██[38;2;246;197;24m██[38;2;246;238;123m██[38;2;0;0;0m██[38;2;0;0;0m██[38;2;0;0;0m██[38;2;0;0;0m██[38;2;238;213;131m██[38;2;238;172;41m██[38;2;238;172;41m██[38;2;0;0;0m██                  
    [38;2;180;123;16m██[38;2;255;255;65m██[38;2;255;255;65m██[38;2;255;255;65m██[38;2;255;230;32m██[38;2;238;172;41m██[38;2;180;123;16m██[38;2;255;230;32m██[38;2;255;230;32m██[38;2;255;230;32m██[38;2;246;197;24m██[38;2;238;213;131m██[38;2;172;131;57m██[38;2;0;0;0m██[38;2;0;0;0m██[38;2;172;131;57m██[38;2;238;213;131m██[38;2;238;172;41m██[38;2;238;172;41m██[38;2;0;0;0m██                  
  [38;2;180;123;16m██[38;2;255;230;32m██[38;2;255;255;65m██[38;2;255;255;65m██[38;2;255;255;65m██[38;2;255;230;32m██[38;2;255;230;32m██[38;2;255;230;32m██[38;2;180;123;16m██[38;2;255;230;32m██[38;2;255;230;32m██[38;2;255;230;32m██[38;2;238;172;41m██[38;2;238;213;131m██[38;2;238;213;131m██[38;2;238;213;131m██[38;2;238;213;131m██[38;2;238;172;41m██[38;2;238;172;41m██[38;2;148;82;32m██                    
  [38;2;180;123;16m██[38;2;255;230;32m██[38;2;238;172;41m██[38;2;148;82;32m██[38;2;148;82;32m██[38;2;180;123;16m██[38;2;255;230;32m██[38;2;246;197;24m██[38;2;238;172;41m██[38;2;180;123;16m██[38;2;255;230;32m██[38;2;246;197;24m██[38;2;238;172;41m██[38;2;238;172;41m██[38;2;238;172;41m██[38;2;238;172;41m██[38;2;238;172;41m██[38;2;238;172;41m██[38;2;238;172;41m██[38;2;0;0;0m██                    
  [38;2;180;123;16m██[38;2;148;82;32m██[38;2;238;172;41m██[38;2;255;230;32m██[38;2;255;230;32m██[38;2;238;172;41m██[38;2;180;123;16m██[38;2;238;172;41m██[38;2;238;172;41m██[38;2;148;82;32m██[38;2;238;172;41m██[38;2;238;172;41m██[38;2;238;172;41m██[38;2;238;172;41m██[38;2;238;172;41m██[38;2;238;172;41m██[38;2;238;172;41m██[38;2;238;172;41m██[38;2;0;0;0m██[38;2;180;123;16m██[38;2;148;82;32m██                  
    [38;2;0;0;0m██[38;2;255;230;32m██[38;2;255;230;32m██[38;2;255;230;32m██[38;2;255;230;32m██[38;2;148;82;32m██[38;2;238;172;41m██[38;2;238;172;41m██[38;2;148;82;32m██[38;2;180;123;16m██[38;2;238;172;41m██[38;2;238;172;41m██[38;2;238;172;41m██[38;2;238;172;41m██[38;2;238;172;41m██[38;2;238;172;41m██[38;2;0;0;0m██[38;2;238;172;41m██[38;2;238;172;41m██[38;2;148;82;32m██            [38;2;172;131;57m██[38;2;172;131;57m██  
      [38;2;0;0;0m██[38;2;180;123;16m██[38;2;148;82;32m██[38;2;148;82;32m██[38;2;238;172;41m██[38;2;238;172;41m██[38;2;148;82;32m██[38;2;0;0;0m██[38;2;0;0;0m██[38;2;180;123;16m██[38;2;238;172;41m██[38;2;238;172;41m██[38;2;238;172;41m██[38;2;0;0;0m██[38;2;148;82;32m██[38;2;238;172;41m██[38;2;238;172;41m██[38;2;255;230;32m██[38;2;255;230;32m██[38;2;148;82;32m██        [38;2;172;131;57m██[38;2;246;238;123m██[38;2;238;213;131m██[38;2;172;131;57m██
          [38;2;0;0;0m██[38;2;0;0;0m██[38;2;0;0;0m██[38;2;0;0;0m██[38;2;172;131;57m██[38;2;180;123;16m██[38;2;0;0;0m██[38;2;0;0;0m██[38;2;0;0;0m██[38;2;0;0;0m██[38;2;0;0;0m██[38;2;238;172;41m██[38;2;238;172;41m██[38;2;238;172;41m██[38;2;246;238;123m██[38;2;246;238;123m██[38;2;255;230;32m██[38;2;148;82;32m██      [38;2;172;131;57m██[38;2;246;238;123m██[38;2;246;238;123m██[38;2;246;238;123m██[38;2;172;131;57m██
        [38;2;123;98;57m██[38;2;172;131;57m██[38;2;238;213;131m██[38;2;238;213;131m██[38;2;238;213;131m██[38;2;238;213;131m██[38;2;238;213;131m██[38;2;238;213;131m██[38;2;172;131;57m██[38;2;0;0;0m██[38;2;0;0;0m██[38;2;180;123;16m██[38;2;238;172;41m██[38;2;238;172;41m██[38;2;238;213;131m██[38;2;255;230;32m██[38;2;255;230;32m██[38;2;246;238;123m██[38;2;0;0;0m██      [38;2;123;98;57m██[38;2;246;238;123m██[38;2;246;238;123m██[38;2;246;238;123m██[38;2;123;98;57m██
      [38;2;123;98;57m██[38;2;246;238;123m██[38;2;246;238;123m██[38;2;172;131;57m██[38;2;238;213;131m██[38;2;238;213;131m██[38;2;238;213;131m██[38;2;238;213;131m██[38;2;238;213;131m██[38;2;238;213;131m██[38;2;238;213;131m██[38;2;180;123;16m██[38;2;238;172;41m██[38;2;238;172;41m██[38;2;238;172;41m██[38;2;238;213;131m██[38;2;255;230;32m██[38;2;255;230;32m██[38;2;238;213;131m██[38;2;0;0;0m██      [38;2;123;98;57m██[38;2;238;213;131m██[38;2;246;238;123m██[38;2;238;213;131m██[38;2;123;98;57m██
      [38;2;123;98;57m██[38;2;246;238;123m██[38;2;238;213;131m██[38;2;172;131;57m██[38;2;246;238;123m██[38;2;238;213;131m██[38;2;238;213;131m██[38;2;238;213;131m██[38;2;238;213;131m██[38;2;172;131;57m██[38;2;123;98;57m██[38;2;172;131;57m██[38;2;238;172;41m██[38;2;238;172;41m██[38;2;238;172;41m██[38;2;238;172;41m██[38;2;238;213;131m██[38;2;238;213;131m██[38;2;0;0;0m██        [38;2;123;98;57m██[38;2;238;213;131m██[38;2;238;213;131m██[38;2;123;98;57m██  
      [38;2;0;0;0m██[38;2;238;213;131m██[38;2;238;213;131m██[38;2;172;131;57m██[38;2;246;238;123m██[38;2;246;238;123m██[38;2;246;238;123m██[38;2;238;213;131m██[38;2;172;131;57m██[38;2;246;238;123m██[38;2;238;213;131m██[38;2;123;98;57m██[38;2;238;172;41m██[38;2;238;172;41m██[38;2;238;172;41m██[38;2;238;172;41m██[38;2;238;172;41m██[38;2;238;172;41m██[38;2;0;0;0m██        [38;2;123;98;57m██[38;2;238;213;131m██[38;2;238;213;131m██[38;2;123;98;57m██  
        [38;2;0;0;0m██[38;2;0;0;0m██[38;2;172;131;57m██[38;2;172;131;57m██[38;2;246;238;123m██[38;2;246;238;123m██[38;2;123;98;57m██[38;2;246;238;123m██[38;2;246;238;123m██[38;2;238;213;131m██[38;2;0;0;0m██[38;2;238;172;41m██[38;2;238;172;41m██[38;2;238;172;41m██[38;2;238;172;41m██[38;2;238;172;41m██[38;2;0;0;0m██          [38;2;123;98;57m██[38;2;238;213;131m██[38;2;123;98;57m██    
          [38;2;0;0;0m██[38;2;246;238;123m██[38;2;246;238;123m██[38;2;172;131;57m██[38;2;172;131;57m██[38;2;123;98;57m██[38;2;238;213;131m██[38;2;238;213;131m██[38;2;238;213;131m██[38;2;0;0;0m██[38;2;180;123;16m██[38;2;238;172;41m██[38;2;238;172;41m██[38;2;0;0;0m██[38;2;0;0;0m██            [38;2;172;131;57m██[38;2;123;98;57m██      
            [38;2;123;98;57m██[38;2;246;238;123m██[38;2;246;238;123m██[38;2;246;238;123m██[38;2;246;238;123m██[38;2;0;0;0m██[38;2;0;0;0m██[38;2;0;0;0m██[38;2;238;213;131m██[38;2;238;172;41m██[38;2;0;0;0m██[38;2;0;0;0m██[38;2;238;213;131m██[38;2;0;0;0m██          [38;2;180;123;16m██[38;2;238;213;131m██[38;2;123;98;57m██      
          [38;2;123;98;57m██[38;2;246;238;123m██[38;2;172;131;57m██[38;2;246;238;123m██[38;2;246;238;123m██[38;2;246;238;123m██[38;2;238;213;131m██[38;2;238;213;131m██[38;2;238;213;131m██[38;2;238;213;131m██[38;2;238;172;41m██[38;2;238;172;41m██[38;2;238;213;131m██[38;2;238;172;41m██[38;2;238;213;131m██        [38;2;180;123;16m██[38;2;238;172;41m██[38;2;238;172;41m██[38;2;180;123;16m██      
          [38;2;0;0;0m██[38;2;246;238;123m██[38;2;172;131;57m██[38;2;238;213;131m██[38;2;238;213;131m██[38;2;238;213;131m██[38;2;238;213;131m██[38;2;238;213;131m██[38;2;123;98;57m██[38;2;123;98;57m██[38;2;123;98;57m██[38;2;238;172;41m██[38;2;238;172;41m██[38;2;238;213;131m██[38;2;0;0;0m██[38;2;238;172;41m██[38;2;180;123;16m██[38;2;148;82;32m██[38;2;180;123;16m██[38;2;238;172;41m██[38;2;238;172;41m██[38;2;238;213;131m██[38;2;180;123;16m██      
          [38;2;0;0;0m██[38;2;238;213;131m██[38;2;238;213;131m██[38;2;172;131;57m██[38;2;238;213;131m██[38;2;238;213;131m██[38;2;238;213;131m██[38;2;123;98;57m██[38;2;238;213;131m██[38;2;246;238;123m██[38;2;246;238;123m██[38;2;123;98;57m██[38;2;238;172;41m██[38;2;0;0;0m██[38;2;180;123;16m██[38;2;180;123;16m██[38;2;238;172;41m██[38;2;238;213;131m██[38;2;148;82;32m██[38;2;238;172;41m██[38;2;238;213;131m██[38;2;180;123;16m██        
            [38;2;0;0;0m██[38;2;0;0;0m██[38;2;0;0;0m██[38;2;172;131;57m██[38;2;172;131;57m██[38;2;172;131;57m██[38;2;0;0;0m██[38;2;246;238;123m██[38;2;246;238;123m██[38;2;238;213;131m██[38;2;0;0;0m██[38;2;148;82;32m██[38;2;238;213;131m██[38;2;148;82;32m██[38;2;238;172;41m██[38;2;238;213;131m██[38;2;238;172;41m██[38;2;238;213;131m██[38;2;148;82;32m██[38;2;238;172;41m██[38;2;180;123;16m██        
                [38;2;0;0;0m██[38;2;246;238;123m██[38;2;246;238;123m██[38;2;246;238;123m██[38;2;246;238;123m██[38;2;0;0;0m██[38;2;0;0;0m██[38;2;0;0;0m██[38;2;180;123;16m██[38;2;238;172;41m██[38;2;238;172;41m██[38;2;238;172;41m██[38;2;148;82;32m██[38;2;238;172;41m██[38;2;238;213;131m██[38;2;238;172;41m██[38;2;148;82;32m██[38;2;0;0;0m██          
                  [38;2;0;0;0m██[38;2;246;238;123m██[38;2;238;213;131m██[38;2;238;213;131m██[38;2;238;213;131m██[38;2;238;213;131m██[38;2;123;98;57m██[38;2;180;123;16m██[38;2;238;172;41m██[38;2;238;172;41m██[38;2;238;172;41m██[38;2;148;82;32m██[38;2;238;172;41m██[38;2;238;172;41m██[38;2;238;213;131m██[38;2;180;123;16m██            
                    [38;2;0;0;0m██[38;2;123;98;57m██[38;2;238;213;131m██[38;2;238;213;131m██[38;2;123;98;57m██[38;2;238;213;131m██[38;2;238;213;131m██[38;2;238;172;41m██[38;2;238;172;41m██[38;2;238;172;41m██[38;2;148;82;32m██[38;2;238;213;131m██[38;2;238;213;131m██[38;2;0;0;0m██              
                        [38;2;123;98;57m██[38;2;123;98;57m██[38;2;238;213;131m██[38;2;238;213;131m██[38;2;238;213;131m██[38;2;238;213;131m██[38;2;238;213;131m██[38;2;148;82;32m██[38;2;238;213;131m██[38;2;180;123;16m██[38;2;0;0;0m██                
                            [38;2;180;123;16m██[38;2;123;98;57m██[38;2;123;98;57m██[38;2;123;98;57m██[38;2;148;82;32m██[38;2;148;82;32m██[38;2;180;123;16m██                    
