                                    [38;2;197;115;57m██[38;2;197;115;57m██[38;2;197;115;57m██[38;2;197;115;57m██[38;2;156;82;16m██[38;2;156;82;16m██[38;2;156;82;16m██                            
                            [38;2;197;115;57m██[38;2;197;115;57m██[38;2;197;115;57m██[38;2;255;222;148m██[38;2;255;222;148m██[38;2;255;222;148m██[38;2;255;222;148m██[38;2;255;222;148m██[38;2;255;222;148m██[38;2;255;222;148m██[38;2;255;222;148m██[38;2;197;115;57m██[38;2;156;82;16m██[38;2;156;82;16m██[38;2;156;82;16m██                    
                        [38;2;197;115;57m██[38;2;197;115;57m██[38;2;255;222;148m██[38;2;255;222;148m██[38;2;255;222;148m██[38;2;255;222;148m██[38;2;197;115;57m██[38;2;156;82;16m██[38;2;156;82;16m██[38;2;156;82;16m██[38;2;156;82;16m██[38;2;156;82;16m██[38;2;156;82;16m██[38;2;156;82;16m██[38;2;255;222;148m██[38;2;255;222;148m██[38;2;255;222;148m██[38;2;156;82;16m██[38;2;156;82;16m██                
                    [38;2;197;115;57m██[38;2;197;115;57m██[38;2;255;222;148m██[38;2;255;222;148m██[38;2;255;222;148m██[38;2;197;115;57m██[38;2;197;115;57m██[38;2;197;115;57m██[38;2;255;222;148m██[38;2;255;222;148m██[38;2;255;222;148m██[38;2;255;222;148m██[38;2;255;222;148m██[38;2;255;222;148m██[38;2;255;222;148m██[38;2;255;222;148m██[38;2;197;115;57m██[38;2;156;82;16m██[38;2;156;82;16m██[38;2;255;222;148m██[38;2;255;222;148m██[38;2;156;82;16m██[38;2;156;82;16m██            
                  [38;2;197;115;57m██[38;2;255;222;148m██[38;2;255;222;148m██[38;2;197;115;57m██[38;2;197;115;57m██[38;2;197;115;57m██[38;2;255;222;148m██[38;2;255;222;148m██[38;2;255;222;148m██[38;2;255;222;148m██[38;2;255;222;148m██[38;2;255;222;148m██[38;2;255;222;148m██[38;2;255;222;148m██[38;2;255;222;148m██[38;2;255;222;148m██[38;2;255;222;148m██[38;2;255;222;148m██[38;2;255;222;148m██[38;2;255;222;148m██[38;2;156;82;16m██[38;2;156;82;16m██[38;2;156;82;16m██[38;2;197;115;57m██[38;2;156;82;16m██          
                [38;2;156;82;16m██[38;2;255;222;148m██[38;2;197;115;57m██[38;2;197;115;57m██[38;2;255;222;148m██[38;2;255;222;148m██[38;2;255;222;148m██[38;2;255;222;148m██[38;2;255;222;148m██[38;2;255;222;148m██[38;2;255;222;148m██[38;2;255;222;148m██[38;2;255;222;148m██[38;2;255;222;148m██[38;2;255;222;148m██[38;2;255;222;148m██[38;2;255;222;148m██[38;2;255;222;148m██[38;2;255;222;148m██[38;2;255;222;148m██[38;2;255;222;148m██[38;2;255;222;148m██[38;2;255;222;148m██[38;2;238;164;106m██[38;2;156;82;16m██[38;2;0;0;0m██[38;2;156;82;16m██        
              [38;2;156;82;16m██[38;2;255;222;148m██[38;2;197;115;57m██[38;2;255;222;148m██[38;2;255;222;148m██[38;2;255;222;148m██[38;2;255;222;148m██[38;2;255;222;148m██[38;2;255;222;148m██[38;2;255;222;148m██[38;2;255;222;148m██[38;2;255;222;148m██[38;2;255;222;148m██[38;2;255;222;148m██[38;2;255;222;148m██[38;2;255;222;148m██[38;2;255;222;148m██[38;2;255;222;148m██[38;2;255;222;148m██[38;2;255;222;148m██[38;2;255;222;148m██[38;2;238;164;106m██[38;2;238;164;106m██[38;2;238;164;106m██[38;2;238;164;106m██[38;2;238;164;106m██[38;2;156;82;16m██[38;2;0;0;0m██[38;2;0;0;0m██      
              [38;2;156;82;16m██[38;2;255;222;148m██[38;2;255;222;148m██[38;2;255;222;148m██[38;2;255;222;148m██[38;2;255;222;148m██[38;2;255;222;148m██[38;2;255;222;148m██[38;2;255;222;148m██[38;2;255;222;148m██[38;2;255;222;148m██[38;2;255;222;148m██[38;2;255;222;148m██[38;2;255;222;148m██[38;2;255;222;148m██[38;2;255;222;148m██[38;2;255;222;148m██[38;2;238;164;106m██[38;2;238;164;106m██[38;2;238;164;106m██[38;2;238;164;106m██[38;2;238;164;106m██[38;2;238;164;106m██[38;2;238;164;106m██[38;2;238;164;106m██[38;2;238;164;106m██[38;2;238;164;106m██[38;2;238;164;106m██[38;2;238;164;106m██[38;2;0;0;0m██    
            [38;2;156;82;16m██[38;2;255;222;148m██[38;2;255;222;148m██[38;2;156;82;16m██[38;2;0;0;0m██[38;2;0;0;0m██[38;2;0;0;0m██[38;2;0;0;0m██[38;2;156;82;16m██[38;2;238;164;106m██[38;2;238;164;106m██[38;2;238;164;106m██[38;2;238;164;106m██[38;2;238;164;106m██[38;2;238;164;106m██[38;2;238;164;106m██[38;2;238;164;106m██[38;2;238;164;106m██[38;2;238;164;106m██[38;2;238;164;106m██[38;2;238;164;106m██[38;2;238;164;106m██[38;2;238;164;106m██[38;2;238;164;106m██[38;2;238;164;106m██[38;2;238;164;106m██[38;2;238;164;106m██[38;2;238;164;106m██[38;2;238;164;106m██[38;2;238;164;106m██[38;2;238;164;106m██[38;2;0;0;0m██  
            [38;2;0;0;0m██[38;2;197;115;57m██[38;2;0;0;0m██            [38;2;156;82;16m██[38;2;156;82;16m██[38;2;0;0;0m██[38;2;0;0;0m██[38;2;238;164;106m██[38;2;238;164;106m██[38;2;238;164;106m██[38;2;238;164;106m██[38;2;238;164;106m██[38;2;238;164;106m██[38;2;238;164;106m██[38;2;238;164;106m██[38;2;238;164;106m██[38;2;238;164;106m██[38;2;238;164;106m██[38;2;238;164;106m██[38;2;238;164;106m██[38;2;238;164;106m██[38;2;238;164;106m██[38;2;238;164;106m██[38;2;238;164;106m██[38;2;238;164;106m██[38;2;156;82;16m██  
            [38;2;0;0;0m██[38;2;197;115;57m██[38;2;0;0;0m██[38;2;0;0;0m██[38;2;131;106;0m██                [38;2;156;82;16m██[38;2;0;0;0m██[38;2;0;0;0m██[38;2;156;82;16m██[38;2;238;164;106m██[38;2;238;164;106m██[38;2;238;164;106m██[38;2;238;164;106m██[38;2;238;164;106m██[38;2;238;164;106m██[38;2;238;164;106m██[38;2;238;164;106m██[38;2;156;82;16m██[38;2;0;0;0m██[38;2;0;0;0m██[38;2;156;82;16m██[38;2;238;164;106m██[38;2;238;164;106m██[38;2;238;164;106m██[38;2;0;0;0m██
        [38;2;189;172;32m██[38;2;189;172;32m██[38;2;246;255;98m██[38;2;246;255;98m██[38;2;246;255;98m██[38;2;246;255;98m██[38;2;246;255;98m██[38;2;131;106;0m██[38;2;131;106;0m██                    [38;2;156;82;16m██[38;2;156;82;16m██[38;2;0;0;0m██[38;2;0;0;0m██[38;2;0;0;0m██[38;2;0;0;0m██[38;2;0;0;0m██[38;2;0;0;0m██        [38;2;0;0;0m██[38;2;156;82;16m██[38;2;238;164;106m██[38;2;0;0;0m██
      [38;2;189;172;32m██[38;2;255;255;205m██[38;2;255;255;205m██[38;2;255;255;205m██[38;2;246;255;98m██[38;2;246;255;98m██[38;2;246;255;98m██[38;2;246;255;98m██[38;2;246;255;98m██[38;2;246;255;98m██[38;2;131;106;0m██                                              [38;2;0;0;0m██[38;2;156;82;16m██
    [38;2;205;205;57m██[38;2;255;255;205m██[38;2;255;255;205m██[38;2;255;255;205m██[38;2;255;255;205m██[38;2;255;255;205m██[38;2;246;255;98m██[38;2;246;255;98m██[38;2;246;255;98m██[38;2;246;255;98m██[38;2;246;255;98m██[38;2;246;255;98m██[38;2;131;106;0m██                                                
  [38;2;189;172;32m██[38;2;246;255;98m██[38;2;255;255;205m██[38;2;255;255;205m██[38;2;255;255;205m██[38;2;255;255;205m██[38;2;255;255;205m██[38;2;246;255;98m██[38;2;246;255;98m██[38;2;246;255;98m██[38;2;246;255;98m██[38;2;246;255;98m██[38;2;246;255;98m██[38;2;246;255;98m██[38;2;131;106;0m██                                              
  [38;2;205;205;57m██[38;2;255;255;205m██[38;2;255;255;205m██[38;2;255;255;205m██[38;2;255;255;205m██[38;2;255;255;205m██[38;2;246;255;98m██[38;2;246;255;98m██[38;2;246;255;98m██[38;2;189;172;32m██[38;2;189;172;32m██[38;2;246;255;98m██[38;2;246;255;98m██[38;2;246;255;98m██[38;2;189;172;32m██                                              
[38;2;197;197;197m██[38;2;189;172;32m██[38;2;246;255;98m██[38;2;255;255;205m██[38;2;255;255;205m██[38;2;255;255;205m██[38;2;246;255;98m██[38;2;246;255;98m██[38;2;246;255;98m██[38;2;189;172;32m██[38;2;197;197;197m██[38;2;255;255;255m██[38;2;189;172;32m██[38;2;246;255;98m██[38;2;246;255;98m██[38;2;246;255;98m██[38;2;131;106;0m██                                            
[38;2;197;197;197m██[38;2;98;65;90m██[38;2;246;255;98m██[38;2;246;255;98m██[38;2;246;255;98m██[38;2;246;255;98m██[38;2;246;255;98m██[38;2;246;255;98m██[38;2;246;255;98m██[38;2;197;41;41m██[38;2;238;123;123m██[38;2;255;255;255m██[38;2;197;197;197m██[38;2;197;197;197m██[38;2;246;255;98m██[38;2;246;255;98m██[38;2;131;106;0m██                                            
[38;2;255;255;255m██[38;2;197;41;41m██[38;2;246;255;98m██[38;2;246;255;98m██[38;2;246;255;98m██[38;2;246;255;98m██[38;2;246;255;98m██[38;2;246;255;98m██[38;2;246;255;98m██[38;2;255;255;255m██[38;2;197;41;41m██[38;2;238;123;123m██[38;2;255;255;255m██[38;2;189;172;32m██[38;2;246;255;98m██[38;2;246;255;98m██[38;2;131;106;0m██                                            
[38;2;255;255;255m██[38;2;197;41;41m██[38;2;246;255;98m██[38;2;246;255;98m██[38;2;246;255;98m██[38;2;246;255;98m██[38;2;246;255;98m██[38;2;246;255;98m██[38;2;246;255;98m██[38;2;255;255;255m██[38;2;197;41;41m██[38;2;197;41;41m██[38;2;255;255;255m██[38;2;131;106;0m██[38;2;246;255;98m██[38;2;246;255;98m██[38;2;189;172;32m██                                            
[38;2;197;197;197m██[38;2;197;41;41m██[38;2;246;255;98m██[38;2;246;255;98m██[38;2;246;255;98m██[38;2;246;255;98m██[38;2;246;255;98m██[38;2;246;255;98m██[38;2;246;255;98m██[38;2;98;65;90m██[38;2;197;41;41m██[38;2;197;41;41m██[38;2;255;255;255m██[38;2;131;106;0m██[38;2;246;255;98m██[38;2;246;255;98m██[38;2;246;255;98m██[38;2;0;0;0m██                                          
[38;2;197;197;197m██[38;2;197;41;41m██[38;2;246;255;98m██[38;2;246;255;98m██[38;2;246;255;98m██[38;2;246;255;98m██[38;2;246;255;98m██[38;2;246;255;98m██[38;2;246;255;98m██[38;2;98;65;90m██[38;2;197;41;41m██[38;2;238;123;123m██[38;2;255;255;255m██[38;2;189;172;32m██[38;2;246;255;98m██[38;2;246;255;98m██[38;2;246;255;98m██[38;2;0;0;0m██                                          
[38;2;189;172;32m██[38;2;98;65;90m██[38;2;246;255;98m██[38;2;205;205;57m██[38;2;246;255;98m██[38;2;246;255;98m██[38;2;246;255;98m██[38;2;189;172;32m██[38;2;246;255;98m██[38;2;197;41;41m██[38;2;98;65;90m██[38;2;98;65;90m██[38;2;205;205;57m██[38;2;205;205;57m██[38;2;246;255;98m██[38;2;246;255;98m██[38;2;246;255;98m██[38;2;189;172;32m██                                          
[38;2;131;106;0m██[38;2;246;255;98m██[38;2;246;255;98m██[38;2;189;172;32m██[38;2;98;65;90m██[38;2;98;65;90m██[38;2;189;172;32m██[38;2;205;205;57m██[38;2;246;255;98m██[38;2;246;255;98m██[38;2;246;255;98m██[38;2;246;255;98m██[38;2;246;255;98m██[38;2;246;255;98m██[38;2;246;255;98m██[38;2;246;255;98m██[38;2;246;255;98m██[38;2;246;255;98m██[38;2;0;0;0m██[38;2;131;106;0m██                                      
[38;2;131;106;0m██[38;2;246;255;98m██[38;2;246;255;98m██[38;2;246;255;98m██[38;2;238;123;123m██[38;2;197;41;41m██[38;2;238;123;123m██[38;2;246;255;98m██[38;2;246;255;98m██[38;2;246;255;98m██[38;2;246;255;98m██[38;2;246;255;98m██[38;2;246;255;98m██[38;2;246;255;98m██[38;2;246;255;98m██[38;2;246;255;98m██[38;2;246;255;98m██[38;2;255;222;148m██[38;2;238;164;106m██[38;2;0;0;0m██                                      
[38;2;131;106;0m██[38;2;246;255;98m██[38;2;246;255;98m██[38;2;246;255;98m██[38;2;246;255;98m██[38;2;246;255;98m██[38;2;246;255;98m██[38;2;246;255;98m██[38;2;246;255;98m██[38;2;246;255;98m██[38;2;246;255;98m██[38;2;246;255;98m██[38;2;246;255;98m██[38;2;246;255;98m██[38;2;246;255;98m██[38;2;246;255;98m██[38;2;246;255;98m██[38;2;197;115;57m██[38;2;131;106;0m██[38;2;246;255;98m██[38;2;131;106;0m██    [38;2;131;106;0m██[38;2;131;106;0m██[38;2;131;106;0m██                          
[38;2;131;106;0m██[38;2;246;255;98m██[38;2;246;255;98m██[38;2;246;255;98m██[38;2;246;255;98m██[38;2;246;255;98m██[38;2;246;255;98m██[38;2;246;255;98m██[38;2;246;255;98m██[38;2;246;255;98m██[38;2;246;255;98m██[38;2;246;255;98m██[38;2;246;255;98m██[38;2;246;255;98m██[38;2;246;255;98m██[38;2;246;255;98m██[38;2;246;255;98m██[38;2;246;255;98m██[38;2;246;255;98m██[38;2;246;255;98m██[38;2;246;255;98m██[38;2;131;106;0m██[38;2;189;172;32m██[38;2;246;255;98m██[38;2;246;255;98m██[38;2;246;255;98m██[38;2;131;106;0m██                        
  [38;2;189;172;32m██[38;2;246;255;98m██[38;2;246;255;98m██[38;2;246;255;98m██[38;2;246;255;98m██[38;2;246;255;98m██[38;2;246;255;98m██[38;2;246;255;98m██[38;2;246;255;98m██[38;2;246;255;98m██[38;2;246;255;98m██[38;2;246;255;98m██[38;2;246;255;98m██[38;2;255;222;148m██[38;2;238;164;106m██[38;2;246;255;98m██[38;2;246;255;98m██[38;2;246;255;98m██[38;2;246;255;98m██[38;2;246;255;98m██[38;2;246;255;98m██[38;2;246;255;98m██[38;2;189;172;32m██[38;2;246;255;98m██[38;2;246;255;98m██[38;2;0;0;0m██                        
  [38;2;131;106;0m██[38;2;246;255;98m██[38;2;246;255;98m██[38;2;246;255;98m██[38;2;246;255;98m██[38;2;246;255;98m██[38;2;246;255;98m██[38;2;246;255;98m██[38;2;246;255;98m██[38;2;246;255;98m██[38;2;246;255;98m██[38;2;246;255;98m██[38;2;246;255;98m██[38;2;197;115;57m██[38;2;131;106;0m██[38;2;246;255;98m██[38;2;246;255;98m██[38;2;246;255;98m██[38;2;246;255;98m██[38;2;246;255;98m██[38;2;246;255;98m██[38;2;246;255;98m██[38;2;246;255;98m██[38;2;246;255;98m██[38;2;246;255;98m██[38;2;0;0;0m██                        
  [38;2;131;106;0m██[38;2;255;222;148m██[38;2;197;115;57m██[38;2;246;255;98m██[38;2;246;255;98m██[38;2;246;255;98m██[38;2;246;255;98m██[38;2;246;255;98m██[38;2;246;255;98m██[38;2;255;222;148m██[38;2;238;164;106m██[38;2;246;255;98m██[38;2;246;255;98m██[38;2;246;255;98m██[38;2;246;255;98m██[38;2;246;255;98m██[38;2;246;255;98m██[38;2;246;255;98m██[38;2;246;255;98m██[38;2;246;255;98m██[38;2;246;255;98m██[38;2;246;255;98m██[38;2;246;255;98m██[38;2;246;255;98m██[38;2;189;172;32m██[38;2;0;0;0m██                        
  [38;2;131;106;0m██[38;2;197;115;57m██[38;2;131;106;0m██[38;2;246;255;98m██[38;2;255;222;148m██[38;2;238;164;106m██[38;2;246;255;98m██[38;2;246;255;98m██[38;2;246;255;98m██[38;2;197;115;57m██[38;2;131;106;0m██[38;2;246;255;98m██[38;2;246;255;98m██[38;2;246;255;98m██[38;2;246;255;98m██[38;2;246;255;98m██[38;2;246;255;98m██[38;2;246;255;98m██[38;2;246;255;98m██[38;2;246;255;98m██[38;2;246;255;98m██[38;2;246;255;98m██[38;2;246;255;98m██[38;2;246;255;98m██[38;2;205;205;57m██[38;2;0;0;0m██                        
    [38;2;131;106;0m██[38;2;246;255;98m██[38;2;246;255;98m██[38;2;197;115;57m██[38;2;131;106;0m██[38;2;246;255;98m██[38;2;246;255;98m██[38;2;246;255;98m██[38;2;246;255;98m██[38;2;246;255;98m██[38;2;246;255;98m██[38;2;246;255;98m██[38;2;246;255;98m██[38;2;246;255;98m██[38;2;246;255;98m██[38;2;246;255;98m██[38;2;246;255;98m██[38;2;246;255;98m██[38;2;246;255;98m██[38;2;246;255;98m██[38;2;246;255;98m██[38;2;246;255;98m██[38;2;246;255;98m██[38;2;205;205;57m██[38;2;131;106;0m██                        
    [38;2;189;172;32m██[38;2;246;255;98m██[38;2;246;255;98m██[38;2;246;255;98m██[38;2;246;255;98m██[38;2;246;255;98m██[38;2;246;255;98m██[38;2;246;255;98m██[38;2;246;255;98m██[38;2;246;255;98m██[38;2;246;255;98m██[38;2;246;255;98m██[38;2;246;255;98m██[38;2;246;255;98m██[38;2;246;255;98m██[38;2;246;255;98m██[38;2;246;255;98m██[38;2;246;255;98m██[38;2;246;255;98m██[38;2;246;255;98m██[38;2;246;255;98m██[38;2;246;255;98m██[38;2;205;205;57m██[38;2;205;205;57m██[38;2;205;205;57m██[38;2;0;0;0m██                      
    [38;2;189;172;32m██[38;2;246;255;98m██[38;2;246;255;98m██[38;2;246;255;98m██[38;2;246;255;98m██[38;2;246;255;98m██[38;2;246;255;98m██[38;2;246;255;98m██[38;2;246;255;98m██[38;2;246;255;98m██[38;2;246;255;98m██[38;2;246;255;98m██[38;2;246;255;98m██[38;2;246;255;98m██[38;2;246;255;98m██[38;2;246;255;98m██[38;2;246;255;98m██[38;2;246;255;98m██[38;2;246;255;98m██[38;2;246;255;98m██[38;2;246;255;98m██[38;2;205;205;57m██[38;2;205;205;57m██[38;2;205;205;57m██[38;2;205;205;57m██[38;2;0;0;0m██                      
    [38;2;189;172;32m██[38;2;246;255;98m██[38;2;246;255;98m██[38;2;246;255;98m██[38;2;246;255;98m██[38;2;246;255;98m██[38;2;246;255;98m██[38;2;246;255;98m██[38;2;246;255;98m██[38;2;246;255;98m██[38;2;246;255;98m██[38;2;246;255;98m██[38;2;246;255;98m██[38;2;246;255;98m██[38;2;246;255;98m██[38;2;246;255;98m██[38;2;246;255;98m██[38;2;246;255;98m██[38;2;246;255;98m██[38;2;246;255;98m██[38;2;205;205;57m██[38;2;205;205;57m██[38;2;205;205;57m██[38;2;205;205;57m██[38;2;205;205;57m██[38;2;0;0;0m██                      
    [38;2;131;106;0m██[38;2;246;255;98m██[38;2;246;255;98m██[38;2;205;205;57m██[38;2;246;255;98m██[38;2;246;255;98m██[38;2;246;255;98m██[38;2;246;255;98m██[38;2;246;255;98m██[38;2;246;255;98m██[38;2;246;255;98m██[38;2;246;255;98m██[38;2;246;255;98m██[38;2;246;255;98m██[38;2;246;255;98m██[38;2;246;255;98m██[38;2;246;255;98m██[38;2;246;255;98m██[38;2;205;205;57m██[38;2;205;205;57m██[38;2;205;205;57m██[38;2;205;205;57m██[38;2;205;205;57m██[38;2;205;205;57m██[38;2;205;205;57m██[38;2;0;0;0m██                      
    [38;2;131;106;0m██[38;2;205;205;57m██[38;2;205;205;57m██[38;2;205;205;57m██[38;2;189;172;32m██[38;2;246;255;98m██[38;2;246;255;98m██[38;2;246;255;98m██[38;2;246;255;98m██[38;2;246;255;98m██[38;2;246;255;98m██[38;2;246;255;98m██[38;2;246;255;98m██[38;2;246;255;98m██[38;2;246;255;98m██[38;2;246;255;98m██[38;2;246;255;98m██[38;2;205;205;57m██[38;2;205;205;57m██[38;2;205;205;57m██[38;2;205;205;57m██[38;2;189;172;32m██[38;2;205;205;57m██[38;2;205;205;57m██[38;2;205;205;57m██[38;2;0;0;0m██                      
    [38;2;131;106;0m██[38;2;205;205;57m██[38;2;205;205;57m██[38;2;205;205;57m██[38;2;205;205;57m██[38;2;189;172;32m██[38;2;189;172;32m██[38;2;246;255;98m██[38;2;246;255;98m██[38;2;189;172;32m██[38;2;246;255;98m██[38;2;246;255;98m██[38;2;246;255;98m██[38;2;246;255;98m██[38;2;246;255;98m██[38;2;246;255;98m██[38;2;205;205;57m██[38;2;205;205;57m██[38;2;205;205;57m██[38;2;189;172;32m██[38;2;189;172;32m██[38;2;205;205;57m██[38;2;205;205;57m██[38;2;205;205;57m██[38;2;131;106;0m██[38;2;0;0;0m██                      
    [38;2;131;106;0m██[38;2;189;172;32m██[38;2;205;205;57m██[38;2;205;205;57m██[38;2;205;205;57m██[38;2;205;205;57m██[38;2;0;0;0m██[38;2;0;0;0m██[38;2;0;0;0m██[38;2;131;106;0m██[38;2;246;255;98m██[38;2;246;255;98m██[38;2;246;255;98m██[38;2;246;255;98m██[38;2;246;255;98m██[38;2;246;255;98m██[38;2;189;172;32m██[38;2;0;0;0m██[38;2;0;0;0m██[38;2;0;0;0m██[38;2;0;0;0m██[38;2;205;205;57m██[38;2;189;172;32m██[38;2;205;205;57m██[38;2;0;0;0m██                        
      [38;2;131;106;0m██[38;2;189;172;32m██[38;2;205;205;57m██[38;2;205;205;57m██[38;2;0;0;0m██        [38;2;131;106;0m██[38;2;246;255;98m██[38;2;246;255;98m██[38;2;246;255;98m██[38;2;246;255;98m██[38;2;246;255;98m██[38;2;0;0;0m██[38;2;0;0;0m██      [38;2;0;0;0m██[38;2;197;197;197m██[38;2;189;172;32m██[38;2;0;0;0m██                        
      [38;2;131;106;0m██[38;2;197;197;197m██[38;2;197;197;197m██[38;2;0;0;0m██          [38;2;0;0;0m██[38;2;246;255;98m██[38;2;246;255;98m██[38;2;246;255;98m██[38;2;246;255;98m██[38;2;246;255;98m██[38;2;0;0;0m██          [38;2;0;0;0m██[38;2;0;0;0m██                          
        [38;2;0;0;0m██[38;2;0;0;0m██              [38;2;0;0;0m██[38;2;189;172;32m██[38;2;189;172;32m██[38;2;246;255;98m██[38;2;0;0;0m██                                          
                          [38;2;0;0;0m██[38;2;255;255;255m██[38;2;255;255;255m██[38;2;189;172;32m██[38;2;0;0;0m██                                          
                            [38;2;0;0;0m██[38;2;0;0;0m██[38;2;0;0;0m██                                            
