                                                                    [38;2;31;20;24m██[38;2;31;20;24m██                                                                  
                                                                  [38;2;31;20;24m██[38;2;88;71;74m██[38;2;88;71;74m██[38;2;31;20;24m██[38;2;31;20;24m██                                                              
                                                                  [38;2;31;20;24m██[38;2;69;50;51m██[38;2;69;50;51m██[38;2;69;50;51m██[38;2;31;20;24m██[38;2;31;20;24m██[38;2;31;20;24m██[38;2;31;20;24m██                                                        
                                                            [38;2;31;20;24m██[38;2;31;20;24m██[38;2;31;20;24m██[38;2;31;20;24m██[38;2;31;20;24m██[38;2;69;50;51m██[38;2;69;50;51m██[38;2;31;20;24m██[38;2;47;36;39m██[38;2;47;36;39m██[38;2;47;36;39m██[38;2;31;20;24m██                                                      
                                                            [38;2;31;20;24m██[38;2;88;71;74m██[38;2;88;71;74m██[38;2;31;20;24m██[38;2;88;71;74m██[38;2;31;20;24m██[38;2;31;20;24m██[38;2;31;20;24m██[38;2;31;20;24m██[38;2;47;36;39m██[38;2;47;36;39m██[38;2;31;20;24m██                                                      
                                                            [38;2;31;20;24m██[38;2;69;50;51m██[38;2;31;20;24m██[38;2;88;71;74m██[38;2;88;71;74m██[38;2;88;71;74m██[38;2;88;71;74m██[38;2;31;20;24m██[38;2;47;36;39m██[38;2;31;20;24m██[38;2;31;20;24m██[38;2;31;20;24m██[38;2;31;20;24m██[38;2;31;20;24m██[38;2;31;20;24m██                                                
                                                        [38;2;31;20;24m██[38;2;31;20;24m██[38;2;31;20;24m██[38;2;31;20;24m██[38;2;69;50;51m██[38;2;69;50;51m██[38;2;88;71;74m██[38;2;88;71;74m██[38;2;31;20;24m██[38;2;31;20;24m██[38;2;47;36;39m██[38;2;47;36;39m██[38;2;47;36;39m██[38;2;31;20;24m██[38;2;47;36;39m██[38;2;47;36;39m██[38;2;31;20;24m██                              [38;2;34;36;38m██[38;2;34;36;38m██[38;2;8;8;8m██            
                                                        [38;2;31;20;24m██[38;2;69;50;51m██[38;2;69;50;51m██[38;2;31;20;24m██[38;2;69;50;51m██[38;2;69;50;51m██[38;2;47;36;39m██[38;2;47;36;39m██[38;2;88;71;74m██[38;2;69;50;51m██[38;2;31;20;24m██[38;2;47;36;39m██[38;2;47;36;39m██[38;2;47;36;39m██[38;2;31;20;24m██[38;2;47;36;39m██[38;2;31;20;24m██                              [38;2;34;36;38m██[38;2;88;112;124m██[38;2;50;58;63m██[38;2;8;8;8m██          
                                                        [38;2;31;20;24m██[38;2;47;36;39m██[38;2;47;36;39m██[38;2;88;71;74m██[38;2;31;20;24m██[38;2;31;20;24m██[38;2;88;71;74m██[38;2;88;71;74m██[38;2;69;50;51m██[38;2;69;50;51m██[38;2;47;36;39m██[38;2;47;36;39m██[38;2;47;36;39m██[38;2;47;36;39m██[38;2;47;36;39m██[38;2;31;20;24m██[38;2;31;20;24m██[38;2;31;20;24m██                          [38;2;34;36;38m██[38;2;88;112;124m██[38;2;88;112;124m██[38;2;50;58;63m██[38;2;50;58;63m██[38;2;8;8;8m██        
                                                    [38;2;31;20;24m██[38;2;31;20;24m██[38;2;69;50;51m██[38;2;88;71;74m██[38;2;88;71;74m██[38;2;69;50;51m██[38;2;47;36;39m██[38;2;31;20;24m██[38;2;31;20;24m██[38;2;120;55;59m██[38;2;120;55;59m██[38;2;69;50;51m██[38;2;47;36;39m██[38;2;31;20;24m██[38;2;31;20;24m██[38;2;47;36;39m██[38;2;31;20;24m██[38;2;47;36;39m██[38;2;47;36;39m██[38;2;31;20;24m██                          [38;2;34;36;38m██[38;2;88;112;124m██[38;2;71;82;88m██[38;2;50;58;63m██[38;2;50;58;63m██[38;2;8;8;8m██        
                                                    [38;2;31;20;24m██[38;2;69;50;51m██[38;2;31;20;24m██[38;2;31;20;24m██[38;2;69;50;51m██[38;2;47;36;39m██[38;2;31;20;24m██[38;2;69;50;51m██[38;2;69;50;51m██[38;2;31;20;24m██[38;2;120;55;59m██[38;2;47;36;39m██[38;2;31;20;24m██[38;2;69;50;51m██[38;2;69;50;51m██[38;2;31;20;24m██[38;2;120;55;59m██[38;2;47;36;39m██[38;2;47;36;39m██[38;2;31;20;24m██                        [38;2;34;36;38m██[38;2;88;112;124m██[38;2;88;112;124m██[38;2;50;58;63m██[38;2;50;58;63m██[38;2;8;8;8m██          
                                                  [38;2;31;20;24m██[38;2;69;50;51m██[38;2;69;50;51m██[38;2;47;36;39m██[38;2;31;20;24m██[38;2;31;20;24m██[38;2;31;20;24m██[38;2;69;50;51m██[38;2;69;50;51m██[38;2;69;50;51m██[38;2;69;50;51m██[38;2;31;20;24m██[38;2;69;50;51m██[38;2;69;50;51m██[38;2;69;50;51m██[38;2;69;50;51m██[38;2;31;20;24m██[38;2;31;20;24m██[38;2;234;70;73m██[38;2;31;20;24m██[38;2;31;20;24m██[38;2;31;20;24m██[38;2;31;20;24m██                    [38;2;34;36;38m██[38;2;88;112;124m██[38;2;88;112;124m██[38;2;50;58;63m██[38;2;50;58;63m██[38;2;8;8;8m██          
                                                  [38;2;31;20;24m██[38;2;31;20;24m██[38;2;47;36;39m██[38;2;47;36;39m██[38;2;31;20;24m██[38;2;69;50;51m██[38;2;69;50;51m██[38;2;31;20;24m██[38;2;69;50;51m██[38;2;69;50;51m██[38;2;31;20;24m██[38;2;31;20;24m██[38;2;120;55;59m██[38;2;69;50;51m██[38;2;31;20;24m██[38;2;31;20;24m██[38;2;69;50;51m██[38;2;69;50;51m██[38;2;31;20;24m██[38;2;31;20;24m██[38;2;47;36;39m██[38;2;47;36;39m██[38;2;31;20;24m██                  [38;2;34;36;38m██[38;2;88;112;124m██[38;2;88;112;124m██[38;2;71;82;88m██[38;2;50;58;63m██[38;2;50;58;63m██[38;2;8;8;8m██          
                                                    [38;2;31;20;24m██[38;2;31;20;24m██[38;2;31;20;24m██[38;2;31;20;24m██[38;2;69;50;51m██[38;2;230;151;98m██[38;2;31;20;24m██[38;2;31;20;24m██[38;2;31;20;24m██[38;2;88;71;74m██[38;2;88;71;74m██[38;2;47;36;39m██[38;2;31;20;24m██[38;2;120;55;59m██[38;2;69;50;51m██[38;2;69;50;51m██[38;2;69;50;51m██[38;2;69;50;51m██[38;2;31;20;24m██[38;2;47;36;39m██[38;2;47;36;39m██[38;2;31;20;24m██                  [38;2;34;36;38m██[38;2;88;112;124m██[38;2;88;112;124m██[38;2;50;58;63m██[38;2;50;58;63m██[38;2;50;58;63m██[38;2;50;58;63m██[38;2;8;8;8m██        
                                                    [38;2;31;20;24m██[38;2;88;71;74m██[38;2;88;71;74m██[38;2;69;50;51m██[38;2;230;151;98m██[38;2;31;20;24m██[38;2;88;71;74m██[38;2;88;71;74m██[38;2;31;20;24m██[38;2;69;50;51m██[38;2;69;50;51m██[38;2;69;50;51m██[38;2;69;50;51m██[38;2;120;55;59m██[38;2;120;55;59m██[38;2;69;50;51m██[38;2;31;20;24m██[38;2;31;20;24m██[38;2;120;55;59m██[38;2;31;20;24m██[38;2;31;20;24m██[38;2;31;20;24m██                [38;2;34;36;38m██[38;2;103;132;140m██[38;2;88;112;124m██[38;2;88;112;124m██[38;2;71;82;88m██[38;2;50;58;63m██[38;2;50;58;63m██[38;2;50;58;63m██[38;2;8;8;8m██        
                                                  [38;2;31;20;24m██[38;2;69;50;51m██[38;2;31;20;24m██[38;2;69;50;51m██[38;2;69;50;51m██[38;2;31;20;24m██[38;2;88;71;74m██[38;2;88;71;74m██[38;2;69;50;51m██[38;2;47;36;39m██[38;2;31;20;24m██[38;2;69;50;51m██[38;2;69;50;51m██[38;2;120;55;59m██[38;2;31;20;24m██[38;2;120;55;59m██[38;2;31;20;24m██[38;2;69;50;51m██[38;2;69;50;51m██[38;2;31;20;24m██[38;2;120;55;59m██[38;2;31;20;24m██                  [38;2;34;36;38m██[38;2;103;132;140m██[38;2;88;112;124m██[38;2;88;112;124m██[38;2;88;112;124m██[38;2;50;58;63m██[38;2;50;58;63m██[38;2;50;58;63m██[38;2;8;8;8m██        
                                              [38;2;31;20;24m██[38;2;31;20;24m██[38;2;47;36;39m██[38;2;69;50;51m██[38;2;69;50;51m██[38;2;31;20;24m██[38;2;31;20;24m██[38;2;31;20;24m██[38;2;69;50;51m██[38;2;69;50;51m██[38;2;47;36;39m██[38;2;47;36;39m██[38;2;47;36;39m██[38;2;31;20;24m██[38;2;120;55;59m██[38;2;230;151;98m██[38;2;120;55;59m██[38;2;69;50;51m██[38;2;69;50;51m██[38;2;69;50;51m██[38;2;69;50;51m██[38;2;31;20;24m██[38;2;47;36;39m██[38;2;31;20;24m██[38;2;31;20;24m██[38;2;31;20;24m██            [38;2;34;36;38m██[38;2;103;132;140m██[38;2;88;112;124m██[38;2;88;112;124m██[38;2;88;112;124m██[38;2;88;112;124m██[38;2;50;58;63m██[38;2;50;58;63m██[38;2;8;8;8m██          
                                              [38;2;31;20;24m██[38;2;88;71;74m██[38;2;47;36;39m██[38;2;31;20;24m██[38;2;31;20;24m██[38;2;31;20;24m██[38;2;88;71;74m██[38;2;88;71;74m██[38;2;47;36;39m██[38;2;47;36;39m██[38;2;47;36;39m██[38;2;31;20;24m██[38;2;224;182;37m██[38;2;69;50;51m██[38;2;31;20;24m██[38;2;31;20;24m██[38;2;234;70;73m██[38;2;120;55;59m██[38;2;69;50;51m██[38;2;69;50;51m██[38;2;69;50;51m██[38;2;31;20;24m██[38;2;31;20;24m██[38;2;31;20;24m██[38;2;47;36;39m██[38;2;47;36;39m██[38;2;31;20;24m██          [38;2;34;36;38m██[38;2;88;112;124m██[38;2;88;112;124m██[38;2;88;112;124m██[38;2;88;112;124m██[38;2;71;82;88m██[38;2;50;58;63m██[38;2;50;58;63m██[38;2;8;8;8m██          
                                              [38;2;31;20;24m██[38;2;88;71;74m██[38;2;31;20;24m██[38;2;69;50;51m██[38;2;120;55;59m██[38;2;31;20;24m██[38;2;69;50;51m██[38;2;69;50;51m██[38;2;69;50;51m██[38;2;47;36;39m██[38;2;230;151;98m██[38;2;230;151;98m██[38;2;120;55;59m██[38;2;69;50;51m██[38;2;69;50;51m██[38;2;69;50;51m██[38;2;31;20;24m██[38;2;234;70;73m██[38;2;120;55;59m██[38;2;31;20;24m██[38;2;31;20;24m██[38;2;69;50;51m██[38;2;69;50;51m██[38;2;31;20;24m██[38;2;47;36;39m██[38;2;47;36;39m██[38;2;31;20;24m██        [38;2;34;36;38m██[38;2;103;132;140m██[38;2;88;112;124m██[38;2;88;112;124m██[38;2;88;112;124m██[38;2;88;112;124m██[38;2;50;58;63m██[38;2;50;58;63m██[38;2;8;8;8m██            
                                          [38;2;31;20;24m██[38;2;31;20;24m██[38;2;31;20;24m██[38;2;31;20;24m██[38;2;31;20;24m██[38;2;31;20;24m██[38;2;120;55;59m██[38;2;234;70;73m██[38;2;31;20;24m██[38;2;120;55;59m██[38;2;120;55;59m██[38;2;31;20;24m██[38;2;31;20;24m██[38;2;224;182;37m██[38;2;120;55;59m██[38;2;120;55;59m██[38;2;120;55;59m██[38;2;31;20;24m██[38;2;69;50;51m██[38;2;31;20;24m██[38;2;31;20;24m██[38;2;69;50;51m██[38;2;69;50;51m██[38;2;69;50;51m██[38;2;31;20;24m██[38;2;47;36;39m██[38;2;31;20;24m██[38;2;31;20;24m██[38;2;31;20;24m██        [38;2;34;36;38m██[38;2;88;112;124m██[38;2;88;112;124m██[38;2;88;112;124m██[38;2;88;112;124m██[38;2;71;82;88m██[38;2;50;58;63m██[38;2;50;58;63m██[38;2;8;8;8m██            
                                          [38;2;31;20;24m██[38;2;69;50;51m██[38;2;69;50;51m██[38;2;31;20;24m██[38;2;69;50;51m██[38;2;120;55;59m██[38;2;31;20;24m██[38;2;31;20;24m██[38;2;69;50;51m██[38;2;69;50;51m██[38;2;31;20;24m██[38;2;69;50;51m██[38;2;120;55;59m██[38;2;47;36;39m██[38;2;230;151;98m██[38;2;47;36;39m██[38;2;47;36;39m██[38;2;69;50;51m██[38;2;69;50;51m██[38;2;69;50;51m██[38;2;31;20;24m██[38;2;69;50;51m██[38;2;69;50;51m██[38;2;31;20;24m██[38;2;120;55;59m██[38;2;47;36;39m██[38;2;47;36;39m██[38;2;31;20;24m██[38;2;47;36;39m██[38;2;31;20;24m██    [38;2;34;36;38m██[38;2;88;112;124m██[38;2;88;112;124m██[38;2;88;112;124m██[38;2;88;112;124m██[38;2;88;112;124m██[38;2;50;58;63m██[38;2;50;58;63m██[38;2;50;58;63m██[38;2;8;8;8m██            
                                          [38;2;31;20;24m██[38;2;120;55;59m██[38;2;120;55;59m██[38;2;31;20;24m██[38;2;120;55;59m██[38;2;120;55;59m██[38;2;31;20;24m██[38;2;69;50;51m██[38;2;69;50;51m██[38;2;69;50;51m██[38;2;31;20;24m██[38;2;47;36;39m██[38;2;47;36;39m██[38;2;47;36;39m██[38;2;120;55;59m██[38;2;69;50;51m██[38;2;69;50;51m██[38;2;31;20;24m██[38;2;69;50;51m██[38;2;31;20;24m██[38;2;31;20;24m██[38;2;47;36;39m██[38;2;47;36;39m██[38;2;47;36;39m██[38;2;31;20;24m██[38;2;120;55;59m██[38;2;31;20;24m██[38;2;120;55;59m██[38;2;47;36;39m██[38;2;31;20;24m██    [38;2;34;36;38m██[38;2;88;112;124m██[38;2;88;112;124m██[38;2;88;112;124m██[38;2;88;112;124m██[38;2;71;82;88m██[38;2;34;36;38m██[38;2;34;36;38m██[38;2;34;36;38m██[38;2;34;36;38m██[38;2;8;8;8m██          
                          [38;2;34;36;38m██[38;2;34;36;38m██[38;2;34;36;38m██          [38;2;31;20;24m██[38;2;120;55;59m██[38;2;47;36;39m██[38;2;47;36;39m██[38;2;31;20;24m██[38;2;31;20;24m██[38;2;31;20;24m██[38;2;69;50;51m██[38;2;69;50;51m██[38;2;31;20;24m██[38;2;234;70;73m██[38;2;234;70;73m██[38;2;234;70;73m██[38;2;69;50;51m██[38;2;69;50;51m██[38;2;31;20;24m██[38;2;31;20;24m██[38;2;69;50;51m██[38;2;31;20;24m██[38;2;88;71;74m██[38;2;88;71;74m██[38;2;31;20;24m██[38;2;69;50;51m██[38;2;69;50;51m██[38;2;69;50;51m██[38;2;31;20;24m██[38;2;31;20;24m██[38;2;31;20;24m██[38;2;31;20;24m██[38;2;47;36;39m██[38;2;31;20;24m██[38;2;34;36;38m██[38;2;88;112;124m██[38;2;88;112;124m██[38;2;88;112;124m██[38;2;88;112;124m██[38;2;88;112;124m██[38;2;50;58;63m██[38;2;34;36;38m██[38;2;34;36;38m██[38;2;34;36;38m██[38;2;34;36;38m██[38;2;8;8;8m██          
                        [38;2;34;36;38m██[38;2;103;132;140m██[38;2;103;132;140m██[38;2;88;112;124m██[38;2;50;58;63m██[38;2;34;36;38m██[38;2;34;36;38m██      [38;2;31;20;24m██[38;2;69;50;51m██[38;2;69;50;51m██[38;2;31;20;24m██[38;2;120;55;59m██[38;2;234;70;73m██[38;2;230;151;98m██[38;2;234;70;73m██[38;2;120;55;59m██[38;2;120;55;59m██[38;2;234;70;73m██[38;2;230;151;98m██[38;2;31;20;24m██[38;2;47;36;39m██[38;2;47;36;39m██[38;2;69;50;51m██[38;2;31;20;24m██[38;2;47;36;39m██[38;2;47;36;39m██[38;2;69;50;51m██[38;2;69;50;51m██[38;2;31;20;24m██[38;2;69;50;51m██[38;2;47;36;39m██[38;2;31;20;24m██[38;2;69;50;51m██[38;2;69;50;51m██[38;2;31;20;24m██[38;2;47;36;39m██[38;2;47;36;39m██[38;2;34;36;38m██[38;2;88;112;124m██[38;2;88;112;124m██[38;2;88;112;124m██[38;2;88;112;124m██[38;2;88;112;124m██[38;2;71;82;88m██[38;2;34;36;38m██[38;2;34;36;38m██[38;2;34;36;38m██[38;2;34;36;38m██[38;2;8;8;8m██          
                        [38;2;34;36;38m██[38;2;88;112;124m██[38;2;88;112;124m██[38;2;88;112;124m██[38;2;88;112;124m██[38;2;88;112;124m██[38;2;71;82;88m██[38;2;34;36;38m██  [38;2;31;20;24m██[38;2;31;20;24m██[38;2;69;50;51m██[38;2;31;20;24m██[38;2;69;50;51m██[38;2;69;50;51m██[38;2;120;55;59m██[38;2;34;36;38m██[38;2;34;36;38m██[38;2;120;55;59m██[38;2;120;55;59m██[38;2;120;55;59m██[38;2;31;20;24m██[38;2;31;20;24m██[38;2;31;20;24m██[38;2;69;50;51m██[38;2;69;50;51m██[38;2;69;50;51m██[38;2;69;50;51m██[38;2;47;36;39m██[38;2;47;36;39m██[38;2;47;36;39m██[38;2;31;20;24m██[38;2;230;151;98m██[38;2;47;36;39m██[38;2;47;36;39m██[38;2;47;36;39m██[38;2;47;36;39m██[38;2;31;20;24m██[38;2;47;36;39m██[38;2;34;36;38m██[38;2;88;112;124m██[38;2;88;112;124m██[38;2;88;112;124m██[38;2;88;112;124m██[38;2;88;112;124m██[38;2;88;112;124m██[38;2;88;112;124m██[38;2;50;58;63m██[38;2;50;58;63m██[38;2;50;58;63m██[38;2;50;58;63m██[38;2;8;8;8m██          
                      [38;2;34;36;38m██[38;2;88;112;124m██[38;2;88;112;124m██[38;2;88;112;124m██[38;2;88;112;124m██[38;2;88;112;124m██[38;2;71;82;88m██[38;2;71;82;88m██[38;2;34;36;38m██[38;2;31;20;24m██[38;2;69;50;51m██[38;2;69;50;51m██[38;2;31;20;24m██[38;2;120;55;59m██[38;2;234;70;73m██[38;2;34;36;38m██[38;2;71;82;88m██[38;2;71;82;88m██[38;2;103;132;140m██[38;2;71;82;88m██[38;2;34;36;38m██[38;2;34;36;38m██[38;2;120;55;59m██[38;2;234;70;73m██[38;2;230;151;98m██[38;2;224;182;37m██[38;2;69;50;51m██[38;2;69;50;51m██[38;2;31;20;24m██[38;2;31;20;24m██[38;2;31;20;24m██[38;2;31;20;24m██[38;2;224;182;37m██[38;2;47;36;39m██[38;2;31;20;24m██[38;2;31;20;24m██[38;2;47;36;39m██[38;2;31;20;24m██[38;2;31;20;24m██[38;2;47;36;39m██[38;2;34;36;38m██[38;2;88;112;124m██[38;2;88;112;124m██[38;2;88;112;124m██[38;2;88;112;124m██[38;2;88;112;124m██[38;2;88;112;124m██[38;2;71;82;88m██[38;2;50;58;63m██[38;2;50;58;63m██[38;2;50;58;63m██[38;2;8;8;8m██            
                      [38;2;34;36;38m██[38;2;88;112;124m██[38;2;88;112;124m██[38;2;88;112;124m██[38;2;88;112;124m██[38;2;88;112;124m██[38;2;88;112;124m██[38;2;71;82;88m██[38;2;103;132;140m██[38;2;31;20;24m██[38;2;69;50;51m██[38;2;31;20;24m██[38;2;120;55;59m██[38;2;31;20;24m██[38;2;34;36;38m██[38;2;103;132;140m██[38;2;103;132;140m██[38;2;71;82;88m██[38;2;88;112;124m██[38;2;88;112;124m██[38;2;50;58;63m██[38;2;71;82;88m██[38;2;34;36;38m██[38;2;120;55;59m██[38;2;234;70;73m██[38;2;234;70;73m██[38;2;224;182;37m██[38;2;230;151;98m██[38;2;234;70;73m██[38;2;69;50;51m██[38;2;69;50;51m██[38;2;31;20;24m██[38;2;230;151;98m██[38;2;47;36;39m██[38;2;69;50;51m██[38;2;47;36;39m██[38;2;31;20;24m██[38;2;47;36;39m██[38;2;47;36;39m██[38;2;34;36;38m██[38;2;88;112;124m██[38;2;88;112;124m██[38;2;88;112;124m██[38;2;88;112;124m██[38;2;88;112;124m██[38;2;88;112;124m██[38;2;88;112;124m██[38;2;50;58;63m██[38;2;50;58;63m██[38;2;50;58;63m██[38;2;50;58;63m██[38;2;8;8;8m██            
                      [38;2;34;36;38m██[38;2;71;82;88m██[38;2;50;58;63m██[38;2;50;58;63m██[38;2;88;112;124m██[38;2;88;112;124m██[38;2;88;112;124m██[38;2;88;112;124m██[38;2;71;82;88m██[38;2;31;20;24m██[38;2;69;50;51m██[38;2;31;20;24m██[38;2;120;55;59m██[38;2;34;36;38m██[38;2;71;82;88m██[38;2;103;132;140m██[38;2;71;82;88m██[38;2;88;112;124m██[38;2;88;112;124m██[38;2;88;112;124m██[38;2;71;82;88m██[38;2;71;82;88m██[38;2;50;58;63m██[38;2;34;36;38m██[38;2;34;36;38m██[38;2;120;55;59m██[38;2;31;20;24m██[38;2;120;55;59m██[38;2;120;55;59m██[38;2;120;55;59m██[38;2;31;20;24m██[38;2;31;20;24m██[38;2;69;50;51m██[38;2;69;50;51m██[38;2;69;50;51m██[38;2;47;36;39m██[38;2;47;36;39m██[38;2;31;20;24m██[38;2;47;36;39m██[38;2;34;36;38m██[38;2;88;112;124m██[38;2;88;112;124m██[38;2;88;112;124m██[38;2;88;112;124m██[38;2;88;112;124m██[38;2;88;112;124m██[38;2;71;82;88m██[38;2;50;58;63m██[38;2;50;58;63m██[38;2;50;58;63m██[38;2;8;8;8m██              
                        [38;2;50;58;63m██[38;2;71;82;88m██[38;2;71;82;88m██[38;2;50;58;63m██[38;2;88;112;124m██[38;2;88;112;124m██[38;2;88;112;124m██[38;2;71;82;88m██[38;2;103;132;140m██[38;2;31;20;24m██[38;2;120;55;59m██[38;2;34;36;38m██[38;2;88;112;124m██[38;2;71;82;88m██[38;2;103;132;140m██[38;2;71;82;88m██[38;2;88;112;124m██[38;2;88;112;124m██[38;2;88;112;124m██[38;2;71;82;88m██[38;2;50;58;63m██[38;2;88;112;124m██[38;2;88;112;124m██[38;2;88;112;124m██[38;2;34;36;38m██[38;2;34;36;38m██[38;2;120;55;59m██[38;2;31;20;24m██[38;2;31;20;24m██[38;2;234;70;73m██[38;2;120;55;59m██[38;2;31;20;24m██[38;2;47;36;39m██[38;2;47;36;39m██[38;2;31;20;24m██[38;2;31;20;24m██[38;2;47;36;39m██[38;2;34;36;38m██[38;2;88;112;124m██[38;2;88;112;124m██[38;2;88;112;124m██[38;2;88;112;124m██[38;2;88;112;124m██[38;2;88;112;124m██[38;2;88;112;124m██[38;2;50;58;63m██[38;2;50;58;63m██[38;2;50;58;63m██[38;2;50;58;63m██[38;2;8;8;8m██              
                        [38;2;34;36;38m██[38;2;71;82;88m██[38;2;71;82;88m██[38;2;71;82;88m██[38;2;88;112;124m██[38;2;88;112;124m██[38;2;88;112;124m██[38;2;88;112;124m██[38;2;88;112;124m██[38;2;31;20;24m██[38;2;120;55;59m██[38;2;34;36;38m██[38;2;103;132;140m██[38;2;103;132;140m██[38;2;71;82;88m██[38;2;71;82;88m██[38;2;50;58;63m██[38;2;88;112;124m██[38;2;88;112;124m██[38;2;88;112;124m██[38;2;88;112;124m██[38;2;88;112;124m██[38;2;88;112;124m██[38;2;88;112;124m██[38;2;88;112;124m██[38;2;88;112;124m██[38;2;34;36;38m██[38;2;230;151;98m██[38;2;234;70;73m██[38;2;120;55;59m██[38;2;120;55;59m██[38;2;47;36;39m██[38;2;31;20;24m██[38;2;31;20;24m██[38;2;120;55;59m██[38;2;120;55;59m██[38;2;34;36;38m██[38;2;71;82;88m██[38;2;71;82;88m██[38;2;88;112;124m██[38;2;88;112;124m██[38;2;88;112;124m██[38;2;88;112;124m██[38;2;88;112;124m██[38;2;71;82;88m██[38;2;50;58;63m██[38;2;50;58;63m██[38;2;50;58;63m██[38;2;8;8;8m██                
                        [38;2;34;36;38m██[38;2;71;82;88m██[38;2;71;82;88m██[38;2;71;82;88m██[38;2;50;58;63m██[38;2;88;112;124m██[38;2;88;112;124m██[38;2;88;112;124m██[38;2;88;112;124m██[38;2;34;36;38m██[38;2;34;36;38m██[38;2;103;132;140m██[38;2;103;132;140m██[38;2;103;132;140m██[38;2;50;58;63m██[38;2;71;82;88m██[38;2;71;82;88m██[38;2;50;58;63m██[38;2;88;112;124m██[38;2;88;112;124m██[38;2;88;112;124m██[38;2;88;112;124m██[38;2;88;112;124m██[38;2;88;112;124m██[38;2;50;58;63m██[38;2;71;82;88m██[38;2;50;58;63m██[38;2;34;36;38m██[38;2;34;36;38m██[38;2;47;36;39m██[38;2;47;36;39m██[38;2;31;20;24m██[38;2;47;36;39m██[38;2;47;36;39m██[38;2;120;55;59m██[38;2;34;36;38m██[38;2;103;132;140m██[38;2;71;82;88m██[38;2;88;112;124m██[38;2;88;112;124m██[38;2;88;112;124m██[38;2;71;82;88m██[38;2;88;112;124m██[38;2;88;112;124m██[38;2;50;58;63m██[38;2;50;58;63m██[38;2;50;58;63m██[38;2;50;58;63m██[38;2;8;8;8m██                
                          [38;2;50;58;63m██[38;2;71;82;88m██[38;2;71;82;88m██[38;2;71;82;88m██[38;2;88;112;124m██[38;2;88;112;124m██[38;2;88;112;124m██[38;2;34;36;38m██[38;2;103;132;140m██[38;2;50;58;63m██[38;2;103;132;140m██[38;2;103;132;140m██[38;2;50;58;63m██[38;2;71;82;88m██[38;2;50;58;63m██[38;2;71;82;88m██[38;2;71;82;88m██[38;2;71;82;88m██[38;2;50;58;63m██[38;2;88;112;124m██[38;2;88;112;124m██[38;2;88;112;124m██[38;2;71;82;88m██[38;2;71;82;88m██[38;2;50;58;63m██[38;2;88;112;124m██[38;2;88;112;124m██[38;2;88;112;124m██[38;2;8;8;8m██[38;2;120;55;59m██[38;2;120;55;59m██[38;2;31;20;24m██[38;2;47;36;39m██[38;2;34;36;38m██[38;2;103;132;140m██[38;2;103;132;140m██[38;2;71;82;88m██[38;2;88;112;124m██[38;2;88;112;124m██[38;2;88;112;124m██[38;2;88;112;124m██[38;2;71;82;88m██[38;2;71;82;88m██[38;2;50;58;63m██[38;2;50;58;63m██[38;2;50;58;63m██[38;2;34;36;38m██[38;2;8;8;8m██                
                          [38;2;34;36;38m██[38;2;103;132;140m██[38;2;103;132;140m██[38;2;103;132;140m██[38;2;71;82;88m██[38;2;88;112;124m██[38;2;88;112;124m██[38;2;34;36;38m██[38;2;103;132;140m██[38;2;71;82;88m██[38;2;103;132;140m██[38;2;50;58;63m██[38;2;88;112;124m██[38;2;71;82;88m██[38;2;88;112;124m██[38;2;50;58;63m██[38;2;71;82;88m██[38;2;71;82;88m██[38;2;71;82;88m██[38;2;50;58;63m██[38;2;50;58;63m██[38;2;88;112;124m██[38;2;71;82;88m██[38;2;50;58;63m██[38;2;88;112;124m██[38;2;88;112;124m██[38;2;50;58;63m██[38;2;71;82;88m██[38;2;8;8;8m██[38;2;47;36;39m██[38;2;47;36;39m██[38;2;31;20;24m██[38;2;34;36;38m██[38;2;103;132;140m██[38;2;103;132;140m██[38;2;103;132;140m██[38;2;71;82;88m██[38;2;88;112;124m██[38;2;88;112;124m██[38;2;88;112;124m██[38;2;88;112;124m██[38;2;88;112;124m██[38;2;88;112;124m██[38;2;88;112;124m██[38;2;34;36;38m██[38;2;34;36;38m██[38;2;8;8;8m██                  
                          [38;2;34;36;38m██[38;2;103;132;140m██[38;2;103;132;140m██[38;2;71;82;88m██[38;2;88;112;124m██[38;2;88;112;124m██[38;2;34;36;38m██[38;2;103;132;140m██[38;2;71;82;88m██[38;2;88;112;124m██[38;2;50;58;63m██[38;2;88;112;124m██[38;2;88;112;124m██[38;2;71;82;88m██[38;2;88;112;124m██[38;2;88;112;124m██[38;2;50;58;63m██[38;2;71;82;88m██[38;2;71;82;88m██[38;2;71;82;88m██[38;2;50;58;63m██[38;2;88;112;124m██[38;2;50;58;63m██[38;2;88;112;124m██[38;2;88;112;124m██[38;2;50;58;63m██[38;2;71;82;88m██[38;2;71;82;88m██[38;2;71;82;88m██[38;2;8;8;8m██[38;2;31;20;24m██[38;2;31;20;24m██[38;2;34;36;38m██[38;2;103;132;140m██[38;2;103;132;140m██[38;2;103;132;140m██[38;2;71;82;88m██[38;2;88;112;124m██[38;2;88;112;124m██[38;2;88;112;124m██[38;2;88;112;124m██[38;2;88;112;124m██[38;2;88;112;124m██[38;2;88;112;124m██[38;2;88;112;124m██[38;2;71;82;88m██[38;2;8;8;8m██                  
                          [38;2;34;36;38m██[38;2;50;58;63m██[38;2;103;132;140m██[38;2;88;112;124m██[38;2;71;82;88m██[38;2;88;112;124m██[38;2;34;36;38m██[38;2;103;132;140m██[38;2;71;82;88m██[38;2;251;251;251m██[38;2;50;58;63m██[38;2;88;112;124m██[38;2;88;112;124m██[38;2;88;112;124m██[38;2;88;112;124m██[38;2;88;112;124m██[38;2;50;58;63m██[38;2;71;82;88m██[38;2;251;251;251m██[38;2;251;251;251m██[38;2;71;82;88m██[38;2;88;112;124m██[38;2;88;112;124m██[38;2;88;112;124m██[38;2;88;112;124m██[38;2;50;58;63m██[38;2;71;82;88m██[38;2;71;82;88m██[38;2;71;82;88m██[38;2;8;8;8m██[38;2;71;82;88m██[38;2;71;82;88m██[38;2;34;36;38m██[38;2;103;132;140m██[38;2;103;132;140m██[38;2;103;132;140m██[38;2;71;82;88m██[38;2;88;112;124m██[38;2;88;112;124m██[38;2;88;112;124m██[38;2;88;112;124m██[38;2;88;112;124m██[38;2;88;112;124m██[38;2;88;112;124m██[38;2;88;112;124m██[38;2;71;82;88m██[38;2;8;8;8m██                  
                        [38;2;34;36;38m██[38;2;71;82;88m██[38;2;103;132;140m██[38;2;71;82;88m██[38;2;71;82;88m██[38;2;71;82;88m██[38;2;71;82;88m██[38;2;34;36;38m██[38;2;88;112;124m██[38;2;71;82;88m██[38;2;8;8;8m██[38;2;50;58;63m██[38;2;88;112;124m██[38;2;71;82;88m██[38;2;88;112;124m██[38;2;88;112;124m██[38;2;50;58;63m██[38;2;8;8;8m██[38;2;8;8;8m██[38;2;251;251;251m██[38;2;251;251;251m██[38;2;88;112;124m██[38;2;88;112;124m██[38;2;88;112;124m██[38;2;88;112;124m██[38;2;88;112;124m██[38;2;71;82;88m██[38;2;71;82;88m██[38;2;71;82;88m██[38;2;71;82;88m██[38;2;8;8;8m██[38;2;71;82;88m██[38;2;34;36;38m██[38;2;103;132;140m██[38;2;103;132;140m██[38;2;103;132;140m██[38;2;103;132;140m██[38;2;71;82;88m██[38;2;88;112;124m██[38;2;88;112;124m██[38;2;88;112;124m██[38;2;88;112;124m██[38;2;88;112;124m██[38;2;88;112;124m██[38;2;88;112;124m██[38;2;88;112;124m██[38;2;71;82;88m██[38;2;71;82;88m██[38;2;8;8;8m██                
                        [38;2;34;36;38m██[38;2;103;132;140m██[38;2;71;82;88m██[38;2;88;112;124m██[38;2;88;112;124m██[38;2;88;112;124m██[38;2;71;82;88m██[38;2;34;36;38m██[38;2;88;112;124m██[38;2;50;58;63m██[38;2;34;36;38m██[38;2;50;58;63m██[38;2;88;112;124m██[38;2;71;82;88m██[38;2;88;112;124m██[38;2;50;58;63m██[38;2;71;82;88m██[38;2;251;251;251m██[38;2;8;8;8m██[38;2;251;251;251m██[38;2;251;251;251m██[38;2;88;112;124m██[38;2;88;112;124m██[38;2;34;36;38m██[38;2;71;82;88m██[38;2;71;82;88m██[38;2;50;58;63m██[38;2;71;82;88m██[38;2;71;82;88m██[38;2;8;8;8m██[38;2;71;82;88m██[38;2;71;82;88m██[38;2;34;36;38m██[38;2;103;132;140m██[38;2;103;132;140m██[38;2;103;132;140m██[38;2;71;82;88m██[38;2;71;82;88m██[38;2;88;112;124m██[38;2;88;112;124m██[38;2;88;112;124m██[38;2;88;112;124m██[38;2;88;112;124m██[38;2;71;82;88m██[38;2;50;58;63m██[38;2;50;58;63m██[38;2;50;58;63m██[38;2;71;82;88m██[38;2;8;8;8m██                
                        [38;2;34;36;38m██[38;2;103;132;140m██[38;2;88;112;124m██[38;2;88;112;124m██[38;2;88;112;124m██[38;2;88;112;124m██[38;2;88;112;124m██[38;2;88;112;124m██[38;2;34;36;38m██[38;2;50;58;63m██[38;2;251;251;251m██[38;2;50;58;63m██[38;2;88;112;124m██[38;2;71;82;88m██[38;2;88;112;124m██[38;2;50;58;63m██[38;2;251;251;251m██[38;2;8;8;8m██[38;2;50;58;63m██[38;2;251;251;251m██[38;2;88;112;124m██[38;2;88;112;124m██[38;2;34;36;38m██[38;2;88;112;124m██[38;2;34;36;38m██[38;2;50;58;63m██[38;2;50;58;63m██[38;2;71;82;88m██[38;2;71;82;88m██[38;2;8;8;8m██[38;2;71;82;88m██[38;2;71;82;88m██[38;2;34;36;38m██[38;2;88;112;124m██[38;2;71;82;88m██[38;2;88;112;124m██[38;2;88;112;124m██[38;2;71;82;88m██[38;2;88;112;124m██[38;2;88;112;124m██[38;2;88;112;124m██[38;2;71;82;88m██[38;2;50;58;63m██[38;2;50;58;63m██[38;2;50;58;63m██[38;2;50;58;63m██[38;2;50;58;63m██[38;2;34;36;38m██[38;2;34;36;38m██[38;2;34;36;38m██[38;2;34;36;38m██            
                          [38;2;50;58;63m██[38;2;88;112;124m██[38;2;88;112;124m██[38;2;88;112;124m██[38;2;88;112;124m██[38;2;88;112;124m██[38;2;88;112;124m██[38;2;8;8;8m██[38;2;103;132;140m██[38;2;50;58;63m██[38;2;50;58;63m██[38;2;71;82;88m██[38;2;88;112;124m██[38;2;88;112;124m██[38;2;88;112;124m██[38;2;50;58;63m██[38;2;88;112;124m██[38;2;88;112;124m██[38;2;88;112;124m██[38;2;71;82;88m██[38;2;50;58;63m██[38;2;88;112;124m██[38;2;88;112;124m██[38;2;71;82;88m██[38;2;34;36;38m██[38;2;50;58;63m██[38;2;71;82;88m██[38;2;8;8;8m██[38;2;71;82;88m██[38;2;71;82;88m██[38;2;71;82;88m██[38;2;34;36;38m██[38;2;103;132;140m██[38;2;71;82;88m██[38;2;88;112;124m██[38;2;88;112;124m██[38;2;88;112;124m██[38;2;71;82;88m██[38;2;88;112;124m██[38;2;88;112;124m██[38;2;50;58;63m██[38;2;50;58;63m██[38;2;50;58;63m██[38;2;50;58;63m██[38;2;34;36;38m██[38;2;34;36;38m██[38;2;88;112;124m██[38;2;88;112;124m██[38;2;88;112;124m██[38;2;88;112;124m██[38;2;34;36;38m██[38;2;34;36;38m██        
                    [38;2;34;36;38m██[38;2;34;36;38m██[38;2;34;36;38m██[38;2;50;58;63m██[38;2;88;112;124m██[38;2;88;112;124m██[38;2;88;112;124m██[38;2;88;112;124m██[38;2;88;112;124m██[38;2;88;112;124m██[38;2;8;8;8m██[38;2;103;132;140m██[38;2;103;132;140m██[38;2;50;58;63m██[38;2;71;82;88m██[38;2;88;112;124m██[38;2;88;112;124m██[38;2;88;112;124m██[38;2;88;112;124m██[38;2;50;58;63m██[38;2;50;58;63m██[38;2;50;58;63m██[38;2;88;112;124m██[38;2;88;112;124m██[38;2;88;112;124m██[38;2;71;82;88m██[38;2;50;58;63m██[38;2;34;36;38m██[38;2;50;58;63m██[38;2;71;82;88m██[38;2;8;8;8m██[38;2;71;82;88m██[38;2;71;82;88m██[38;2;71;82;88m██[38;2;8;8;8m██[38;2;103;132;140m██[38;2;71;82;88m██[38;2;88;112;124m██[38;2;88;112;124m██[38;2;88;112;124m██[38;2;71;82;88m██[38;2;88;112;124m██[38;2;71;82;88m██[38;2;50;58;63m██[38;2;50;58;63m██[38;2;34;36;38m██[38;2;34;36;38m██[38;2;88;112;124m██[38;2;88;112;124m██[38;2;88;112;124m██[38;2;88;112;124m██[38;2;88;112;124m██[38;2;88;112;124m██[38;2;88;112;124m██[38;2;88;112;124m██[38;2;34;36;38m██      
                [38;2;34;36;38m██[38;2;50;58;63m██[38;2;88;112;124m██[38;2;88;112;124m██[38;2;88;112;124m██[38;2;34;36;38m██[38;2;34;36;38m██[38;2;50;58;63m██[38;2;71;82;88m██[38;2;88;112;124m██[38;2;88;112;124m██[38;2;88;112;124m██[38;2;8;8;8m██[38;2;71;82;88m██[38;2;88;112;124m██[38;2;103;132;140m██[38;2;71;82;88m██[38;2;88;112;124m██[38;2;88;112;124m██[38;2;88;112;124m██[38;2;88;112;124m██[38;2;88;112;124m██[38;2;88;112;124m██[38;2;88;112;124m██[38;2;71;82;88m██[38;2;71;82;88m██[38;2;71;82;88m██[38;2;50;58;63m██[38;2;50;58;63m██[38;2;8;8;8m██[38;2;8;8;8m██[38;2;8;8;8m██[38;2;8;8;8m██[38;2;71;82;88m██[38;2;71;82;88m██[38;2;71;82;88m██[38;2;8;8;8m██[38;2;103;132;140m██[38;2;71;82;88m██[38;2;88;112;124m██[38;2;88;112;124m██[38;2;88;112;124m██[38;2;88;112;124m██[38;2;71;82;88m██[38;2;50;58;63m██[38;2;34;36;38m██[38;2;34;36;38m██[38;2;103;132;140m██[38;2;71;82;88m██[38;2;88;112;124m██[38;2;88;112;124m██[38;2;88;112;124m██[38;2;88;112;124m██[38;2;88;112;124m██[38;2;88;112;124m██[38;2;88;112;124m██[38;2;88;112;124m██[38;2;88;112;124m██[38;2;8;8;8m██    
              [38;2;50;58;63m██[38;2;71;82;88m██[38;2;71;82;88m██[38;2;88;112;124m██[38;2;88;112;124m██[38;2;88;112;124m██[38;2;88;112;124m██[38;2;88;112;124m██[38;2;88;112;124m██[38;2;34;36;38m██[38;2;8;8;8m██[38;2;88;112;124m██[38;2;71;82;88m██[38;2;50;58;63m██[38;2;8;8;8m██[38;2;71;82;88m██[38;2;88;112;124m██[38;2;88;112;124m██[38;2;71;82;88m██[38;2;71;82;88m██[38;2;88;112;124m██[38;2;71;82;88m██[38;2;71;82;88m██[38;2;71;82;88m██[38;2;50;58;63m██[38;2;50;58;63m██[38;2;50;58;63m██[38;2;34;36;38m██[38;2;50;58;63m██[38;2;8;8;8m██[38;2;71;82;88m██[38;2;71;82;88m██[38;2;71;82;88m██[38;2;71;82;88m██[38;2;71;82;88m██[38;2;71;82;88m██[38;2;71;82;88m██[38;2;71;82;88m██[38;2;34;36;38m██[38;2;71;82;88m██[38;2;71;82;88m██[38;2;88;112;124m██[38;2;88;112;124m██[38;2;71;82;88m██[38;2;34;36;38m██[38;2;34;36;38m██[38;2;103;132;140m██[38;2;103;132;140m██[38;2;88;112;124m██[38;2;71;82;88m██[38;2;88;112;124m██[38;2;88;112;124m██[38;2;88;112;124m██[38;2;88;112;124m██[38;2;88;112;124m██[38;2;88;112;124m██[38;2;88;112;124m██[38;2;88;112;124m██[38;2;88;112;124m██[38;2;8;8;8m██    
            [38;2;50;58;63m██[38;2;88;112;124m██[38;2;88;112;124m██[38;2;88;112;124m██[38;2;71;82;88m██[38;2;71;82;88m██[38;2;88;112;124m██[38;2;88;112;124m██[38;2;88;112;124m██[38;2;71;82;88m██[38;2;50;58;63m██[38;2;8;8;8m██[38;2;71;82;88m██[38;2;50;58;63m██[38;2;50;58;63m██[38;2;8;8;8m██[38;2;71;82;88m██[38;2;34;36;38m██[38;2;71;82;88m██[38;2;50;58;63m██[38;2;50;58;63m██[38;2;34;36;38m██[38;2;34;36;38m██[38;2;50;58;63m██[38;2;34;36;38m██[38;2;8;8;8m██[38;2;50;58;63m██[38;2;50;58;63m██[38;2;8;8;8m██[38;2;8;8;8m██[38;2;8;8;8m██[38;2;50;58;63m██[38;2;88;112;124m██[38;2;88;112;124m██[38;2;88;112;124m██[38;2;50;58;63m██[38;2;50;58;63m██[38;2;71;82;88m██[38;2;71;82;88m██[38;2;8;8;8m██[38;2;71;82;88m██[38;2;71;82;88m██[38;2;71;82;88m██[38;2;71;82;88m██[38;2;34;36;38m██[38;2;103;132;140m██[38;2;103;132;140m██[38;2;88;112;124m██[38;2;88;112;124m██[38;2;88;112;124m██[38;2;71;82;88m██[38;2;88;112;124m██[38;2;88;112;124m██[38;2;88;112;124m██[38;2;88;112;124m██[38;2;88;112;124m██[38;2;88;112;124m██[38;2;88;112;124m██[38;2;88;112;124m██[38;2;88;112;124m██[38;2;88;112;124m██[38;2;8;8;8m██  
          [38;2;50;58;63m██[38;2;88;112;124m██[38;2;88;112;124m██[38;2;31;20;24m██[38;2;31;20;24m██[38;2;88;112;124m██[38;2;88;112;124m██[38;2;71;82;88m██[38;2;71;82;88m██[38;2;71;82;88m██[38;2;50;58;63m██[38;2;50;58;63m██[38;2;8;8;8m██[38;2;8;8;8m██[38;2;8;8;8m██[38;2;34;36;38m██[38;2;103;132;140m██[38;2;8;8;8m██[38;2;8;8;8m██[38;2;71;82;88m██[38;2;50;58;63m██[38;2;50;58;63m██[38;2;8;8;8m██[38;2;71;82;88m██[38;2;8;8;8m██[38;2;8;8;8m██[38;2;71;82;88m██[38;2;8;8;8m██[38;2;8;8;8m██[38;2;71;82;88m██[38;2;71;82;88m██[38;2;71;82;88m██[38;2;71;82;88m██[38;2;88;112;124m██[38;2;88;112;124m██[38;2;88;112;124m██[38;2;71;82;88m██[38;2;50;58;63m██[38;2;50;58;63m██[38;2;71;82;88m██[38;2;71;82;88m██[38;2;8;8;8m██[38;2;31;20;24m██[38;2;31;20;24m██[38;2;31;20;24m██[38;2;31;20;24m██[38;2;31;20;24m██[38;2;50;58;63m██[38;2;88;112;124m██[38;2;88;112;124m██[38;2;88;112;124m██[38;2;71;82;88m██[38;2;88;112;124m██[38;2;88;112;124m██[38;2;88;112;124m██[38;2;88;112;124m██[38;2;88;112;124m██[38;2;88;112;124m██[38;2;88;112;124m██[38;2;88;112;124m██[38;2;88;112;124m██[38;2;88;112;124m██[38;2;8;8;8m██  
        [38;2;50;58;63m██[38;2;88;112;124m██[38;2;88;112;124m██[38;2;31;20;24m██[38;2;88;71;74m██[38;2;69;50;51m██[38;2;31;20;24m██[38;2;31;20;24m██[38;2;88;112;124m██[38;2;71;82;88m██[38;2;50;58;63m██[38;2;50;58;63m██[38;2;50;58;63m██[38;2;8;8;8m██    [38;2;34;36;38m██[38;2;103;132;140m██[38;2;88;112;124m██[38;2;71;82;88m██[38;2;8;8;8m██[38;2;8;8;8m██[38;2;8;8;8m██[38;2;8;8;8m██[38;2;50;58;63m██[38;2;71;82;88m██[38;2;71;82;88m██[38;2;71;82;88m██[38;2;71;82;88m██[38;2;34;36;38m██[38;2;71;82;88m██[38;2;71;82;88m██[38;2;71;82;88m██[38;2;88;112;124m██[38;2;88;112;124m██[38;2;88;112;124m██[38;2;88;112;124m██[38;2;88;112;124m██[38;2;50;58;63m██[38;2;50;58;63m██[38;2;71;82;88m██[38;2;71;82;88m██[38;2;31;20;24m██[38;2;69;50;51m██[38;2;88;71;74m██[38;2;88;71;74m██[38;2;88;71;74m██[38;2;69;50;51m██[38;2;50;58;63m██[38;2;88;112;124m██[38;2;88;112;124m██[38;2;88;112;124m██[38;2;50;58;63m██[38;2;88;112;124m██[38;2;88;112;124m██[38;2;88;112;124m██[38;2;88;112;124m██[38;2;88;112;124m██[38;2;88;112;124m██[38;2;88;112;124m██[38;2;88;112;124m██[38;2;71;82;88m██[38;2;50;58;63m██[38;2;34;36;38m██[38;2;8;8;8m██
      [38;2;50;58;63m██[38;2;103;132;140m██[38;2;88;112;124m██[38;2;88;112;124m██[38;2;31;20;24m██[38;2;88;71;74m██[38;2;69;50;51m██[38;2;69;50;51m██[38;2;47;36;39m██[38;2;31;20;24m██[38;2;34;36;38m██[38;2;50;58;63m██[38;2;50;58;63m██[38;2;8;8;8m██    [38;2;34;36;38m██[38;2;103;132;140m██[38;2;88;112;124m██[38;2;88;112;124m██[38;2;88;112;124m██[38;2;71;82;88m██[38;2;71;82;88m██[38;2;71;82;88m██[38;2;71;82;88m██[38;2;71;82;88m██[38;2;50;58;63m██[38;2;71;82;88m██[38;2;71;82;88m██[38;2;71;82;88m██[38;2;34;36;38m██[38;2;103;132;140m██[38;2;71;82;88m██[38;2;88;112;124m██[38;2;88;112;124m██[38;2;88;112;124m██[38;2;88;112;124m██[38;2;88;112;124m██[38;2;88;112;124m██[38;2;71;82;88m██[38;2;50;58;63m██[38;2;71;82;88m██[38;2;71;82;88m██[38;2;31;20;24m██[38;2;69;50;51m██[38;2;47;36;39m██[38;2;47;36;39m██[38;2;47;36;39m██[38;2;31;20;24m██[38;2;88;112;124m██[38;2;88;112;124m██[38;2;88;112;124m██[38;2;88;112;124m██[38;2;71;82;88m██[38;2;50;58;63m██[38;2;50;58;63m██[38;2;71;82;88m██[38;2;88;112;124m██[38;2;88;112;124m██[38;2;88;112;124m██[38;2;71;82;88m██[38;2;50;58;63m██[38;2;50;58;63m██[38;2;50;58;63m██[38;2;50;58;63m██[38;2;8;8;8m██
    [38;2;50;58;63m██[38;2;103;132;140m██[38;2;31;20;24m██[38;2;31;20;24m██[38;2;88;112;124m██[38;2;31;20;24m██[38;2;47;36;39m██[38;2;47;36;39m██[38;2;47;36;39m██[38;2;47;36;39m██[38;2;8;8;8m██[38;2;50;58;63m██[38;2;34;36;38m██[38;2;50;58;63m██[38;2;8;8;8m██    [38;2;34;36;38m██[38;2;88;112;124m██[38;2;88;112;124m██[38;2;88;112;124m██[38;2;88;112;124m██[38;2;88;112;124m██[38;2;88;112;124m██[38;2;71;82;88m██[38;2;71;82;88m██[38;2;71;82;88m██[38;2;71;82;88m██[38;2;71;82;88m██[38;2;71;82;88m██[38;2;71;82;88m██[38;2;50;58;63m██[38;2;103;132;140m██[38;2;88;112;124m██[38;2;88;112;124m██[38;2;88;112;124m██[38;2;88;112;124m██[38;2;88;112;124m██[38;2;88;112;124m██[38;2;88;112;124m██[38;2;88;112;124m██[38;2;50;58;63m██[38;2;50;58;63m██[38;2;88;112;124m██[38;2;8;8;8m██[38;2;8;8;8m██[38;2;8;8;8m██[38;2;31;20;24m██[38;2;31;20;24m██[38;2;50;58;63m██[38;2;88;112;124m██[38;2;31;20;24m██[38;2;31;20;24m██[38;2;50;58;63m██[38;2;71;82;88m██[38;2;71;82;88m██[38;2;71;82;88m██[38;2;71;82;88m██[38;2;50;58;63m██[38;2;50;58;63m██[38;2;50;58;63m██[38;2;50;58;63m██[38;2;50;58;63m██[38;2;50;58;63m██[38;2;50;58;63m██[38;2;50;58;63m██[38;2;8;8;8m██
    [38;2;50;58;63m██[38;2;31;20;24m██[38;2;88;71;74m██[38;2;69;50;51m██[38;2;31;20;24m██[38;2;31;20;24m██[38;2;69;50;51m██[38;2;69;50;51m██[38;2;47;36;39m██[38;2;47;36;39m██[38;2;8;8;8m██[38;2;50;58;63m██[38;2;34;36;38m██[38;2;8;8;8m██      [38;2;34;36;38m██[38;2;88;112;124m██[38;2;88;112;124m██[38;2;88;112;124m██[38;2;88;112;124m██[38;2;88;112;124m██[38;2;88;112;124m██[38;2;88;112;124m██[38;2;88;112;124m██[38;2;88;112;124m██[38;2;88;112;124m██[38;2;50;58;63m██[38;2;71;82;88m██[38;2;34;36;38m██[38;2;88;112;124m██[38;2;88;112;124m██[38;2;88;112;124m██[38;2;88;112;124m██[38;2;88;112;124m██[38;2;88;112;124m██[38;2;88;112;124m██[38;2;88;112;124m██[38;2;88;112;124m██[38;2;88;112;124m██[38;2;50;58;63m██[38;2;50;58;63m██[38;2;88;112;124m██[38;2;71;82;88m██[38;2;71;82;88m██[38;2;71;82;88m██[38;2;8;8;8m██[38;2;50;58;63m██[38;2;31;20;24m██[38;2;31;20;24m██[38;2;88;71;74m██[38;2;47;36;39m██[38;2;50;58;63m██[38;2;71;82;88m██[38;2;71;82;88m██[38;2;71;82;88m██[38;2;71;82;88m██[38;2;71;82;88m██[38;2;71;82;88m██[38;2;34;36;38m██[38;2;50;58;63m██[38;2;50;58;63m██[38;2;50;58;63m██[38;2;50;58;63m██[38;2;50;58;63m██[38;2;8;8;8m██
  [38;2;31;20;24m██[38;2;31;20;24m██[38;2;69;50;51m██[38;2;69;50;51m██[38;2;69;50;51m██[38;2;69;50;51m██[38;2;31;20;24m██[38;2;69;50;51m██[38;2;69;50;51m██[38;2;47;36;39m██[38;2;8;8;8m██[38;2;50;58;63m██[38;2;50;58;63m██[38;2;34;36;38m██[38;2;8;8;8m██    [38;2;34;36;38m██[38;2;88;112;124m██[38;2;88;112;124m██[38;2;88;112;124m██[38;2;88;112;124m██[38;2;88;112;124m██[38;2;88;112;124m██[38;2;88;112;124m██[38;2;88;112;124m██[38;2;88;112;124m██[38;2;88;112;124m██[38;2;88;112;124m██[38;2;50;58;63m██[38;2;71;82;88m██[38;2;34;36;38m██[38;2;88;112;124m██[38;2;88;112;124m██[38;2;88;112;124m██[38;2;88;112;124m██[38;2;88;112;124m██[38;2;88;112;124m██[38;2;88;112;124m██[38;2;88;112;124m██[38;2;88;112;124m██[38;2;88;112;124m██[38;2;50;58;63m██[38;2;50;58;63m██[38;2;88;112;124m██[38;2;71;82;88m██[38;2;71;82;88m██[38;2;71;82;88m██[38;2;8;8;8m██[38;2;31;20;24m██[38;2;88;71;74m██[38;2;47;36;39m██[38;2;47;36;39m██[38;2;47;36;39m██[38;2;31;20;24m██[38;2;71;82;88m██[38;2;71;82;88m██[38;2;71;82;88m██[38;2;71;82;88m██[38;2;71;82;88m██[38;2;71;82;88m██[38;2;34;36;38m██[38;2;50;58;63m██[38;2;50;58;63m██[38;2;50;58;63m██[38;2;50;58;63m██[38;2;50;58;63m██[38;2;8;8;8m██
  [38;2;88;71;74m██[38;2;69;50;51m██[38;2;47;36;39m██[38;2;47;36;39m██[38;2;47;36;39m██[38;2;47;36;39m██[38;2;47;36;39m██[38;2;8;8;8m██[38;2;8;8;8m██[38;2;8;8;8m██[38;2;50;58;63m██[38;2;71;82;88m██[38;2;71;82;88m██[38;2;8;8;8m██      [38;2;34;36;38m██[38;2;88;112;124m██[38;2;88;112;124m██[38;2;88;112;124m██[38;2;88;112;124m██[38;2;88;112;124m██[38;2;88;112;124m██[38;2;88;112;124m██[38;2;88;112;124m██[38;2;88;112;124m██[38;2;88;112;124m██[38;2;88;112;124m██[38;2;50;58;63m██[38;2;71;82;88m██[38;2;34;36;38m██[38;2;88;112;124m██[38;2;88;112;124m██[38;2;88;112;124m██[38;2;88;112;124m██[38;2;88;112;124m██[38;2;88;112;124m██[38;2;88;112;124m██[38;2;88;112;124m██[38;2;88;112;124m██[38;2;71;82;88m██[38;2;50;58;63m██[38;2;71;82;88m██[38;2;88;112;124m██[38;2;88;112;124m██[38;2;71;82;88m██[38;2;71;82;88m██[38;2;31;20;24m██[38;2;88;71;74m██[38;2;47;36;39m██[38;2;47;36;39m██[38;2;47;36;39m██[38;2;47;36;39m██[38;2;31;20;24m██[38;2;71;82;88m██[38;2;71;82;88m██[38;2;71;82;88m██[38;2;71;82;88m██[38;2;71;82;88m██[38;2;71;82;88m██[38;2;34;36;38m██[38;2;50;58;63m██[38;2;50;58;63m██[38;2;50;58;63m██[38;2;50;58;63m██[38;2;50;58;63m██[38;2;8;8;8m██
[38;2;31;20;24m██[38;2;69;50;51m██[38;2;47;36;39m██[38;2;69;50;51m██[38;2;69;50;51m██[38;2;31;20;24m██[38;2;47;36;39m██[38;2;47;36;39m██[38;2;8;8;8m██[38;2;50;58;63m██[38;2;50;58;63m██[38;2;71;82;88m██[38;2;71;82;88m██[38;2;8;8;8m██        [38;2;34;36;38m██[38;2;88;112;124m██[38;2;88;112;124m██[38;2;88;112;124m██[38;2;88;112;124m██[38;2;88;112;124m██[38;2;88;112;124m██[38;2;88;112;124m██[38;2;88;112;124m██[38;2;88;112;124m██[38;2;88;112;124m██[38;2;88;112;124m██[38;2;50;58;63m██[38;2;71;82;88m██[38;2;34;36;38m██[38;2;88;112;124m██[38;2;88;112;124m██[38;2;88;112;124m██[38;2;88;112;124m██[38;2;88;112;124m██[38;2;88;112;124m██[38;2;88;112;124m██[38;2;88;112;124m██[38;2;88;112;124m██[38;2;50;58;63m██[38;2;50;58;63m██[38;2;88;112;124m██[38;2;88;112;124m██[38;2;88;112;124m██[38;2;71;82;88m██[38;2;31;20;24m██[38;2;69;50;51m██[38;2;47;36;39m██[38;2;47;36;39m██[38;2;47;36;39m██[38;2;47;36;39m██[38;2;31;20;24m██[38;2;31;20;24m██[38;2;71;82;88m██[38;2;71;82;88m██[38;2;31;20;24m██[38;2;31;20;24m██[38;2;71;82;88m██[38;2;71;82;88m██[38;2;50;58;63m██[38;2;50;58;63m██[38;2;50;58;63m██[38;2;50;58;63m██[38;2;50;58;63m██[38;2;50;58;63m██[38;2;8;8;8m██
[38;2;31;20;24m██[38;2;47;36;39m██[38;2;47;36;39m██[38;2;69;50;51m██[38;2;69;50;51m██[38;2;31;20;24m██[38;2;47;36;39m██[38;2;8;8;8m██[38;2;50;58;63m██[38;2;50;58;63m██[38;2;71;82;88m██[38;2;71;82;88m██[38;2;8;8;8m██            [38;2;34;36;38m██[38;2;88;112;124m██[38;2;88;112;124m██[38;2;88;112;124m██[38;2;88;112;124m██[38;2;88;112;124m██[38;2;88;112;124m██[38;2;88;112;124m██[38;2;88;112;124m██[38;2;88;112;124m██[38;2;71;82;88m██[38;2;71;82;88m██[38;2;71;82;88m██[38;2;71;82;88m██[38;2;34;36;38m██[38;2;88;112;124m██[38;2;88;112;124m██[38;2;88;112;124m██[38;2;88;112;124m██[38;2;88;112;124m██[38;2;88;112;124m██[38;2;88;112;124m██[38;2;71;82;88m██[38;2;50;58;63m██[38;2;50;58;63m██[38;2;88;112;124m██[38;2;88;112;124m██[38;2;88;112;124m██[38;2;71;82;88m██[38;2;31;20;24m██[38;2;69;50;51m██[38;2;69;50;51m██[38;2;47;36;39m██[38;2;31;20;24m██[38;2;31;20;24m██[38;2;50;58;63m██[38;2;71;82;88m██[38;2;31;20;24m██[38;2;31;20;24m██[38;2;69;50;51m██[38;2;47;36;39m██[38;2;50;58;63m██[38;2;71;82;88m██[38;2;50;58;63m██[38;2;50;58;63m██[38;2;50;58;63m██[38;2;50;58;63m██[38;2;8;8;8m██[38;2;8;8;8m██  
[38;2;31;20;24m██[38;2;47;36;39m██[38;2;47;36;39m██[38;2;31;20;24m██[38;2;31;20;24m██[38;2;31;20;24m██[38;2;8;8;8m██[38;2;50;58;63m██[38;2;50;58;63m██[38;2;50;58;63m██[38;2;71;82;88m██[38;2;8;8;8m██          [38;2;50;58;63m██[38;2;50;58;63m██[38;2;34;36;38m██[38;2;71;82;88m██[38;2;88;112;124m██[38;2;88;112;124m██[38;2;88;112;124m██[38;2;88;112;124m██[38;2;88;112;124m██[38;2;88;112;124m██[38;2;88;112;124m██[38;2;88;112;124m██[38;2;50;58;63m██[38;2;71;82;88m██[38;2;71;82;88m██[38;2;71;82;88m██[38;2;34;36;38m██[38;2;50;58;63m██[38;2;50;58;63m██[38;2;50;58;63m██[38;2;50;58;63m██[38;2;50;58;63m██[38;2;50;58;63m██[38;2;50;58;63m██[38;2;50;58;63m██[38;2;50;58;63m██[38;2;71;82;88m██[38;2;88;112;124m██[38;2;88;112;124m██[38;2;88;112;124m██[38;2;71;82;88m██[38;2;8;8;8m██[38;2;8;8;8m██[38;2;8;8;8m██[38;2;8;8;8m██[38;2;8;8;8m██[38;2;50;58;63m██[38;2;50;58;63m██[38;2;31;20;24m██[38;2;69;50;51m██[38;2;69;50;51m██[38;2;47;36;39m██[38;2;47;36;39m██[38;2;31;20;24m██[38;2;71;82;88m██[38;2;50;58;63m██[38;2;50;58;63m██[38;2;8;8;8m██[38;2;8;8;8m██      
[38;2;31;20;24m██[38;2;47;36;39m██[38;2;47;36;39m██[38;2;47;36;39m██[38;2;8;8;8m██[38;2;8;8;8m██[38;2;8;8;8m██[38;2;8;8;8m██[38;2;8;8;8m██[38;2;8;8;8m██[38;2;8;8;8m██        [38;2;71;82;88m██[38;2;71;82;88m██[38;2;103;132;140m██[38;2;103;132;140m██[38;2;71;82;88m██[38;2;34;36;38m██[38;2;50;58;63m██[38;2;88;112;124m██[38;2;88;112;124m██[38;2;88;112;124m██[38;2;88;112;124m██[38;2;71;82;88m██[38;2;50;58;63m██[38;2;50;58;63m██[38;2;50;58;63m██[38;2;71;82;88m██[38;2;88;112;124m██[38;2;88;112;124m██[38;2;88;112;124m██[38;2;71;82;88m██[38;2;50;58;63m██[38;2;50;58;63m██[38;2;50;58;63m██[38;2;50;58;63m██[38;2;50;58;63m██[38;2;50;58;63m██[38;2;71;82;88m██[38;2;88;112;124m██[38;2;88;112;124m██[38;2;88;112;124m██[38;2;88;112;124m██[38;2;71;82;88m██[38;2;71;82;88m██[38;2;34;36;38m██[38;2;34;36;38m██[38;2;103;132;140m██[38;2;103;132;140m██[38;2;103;132;140m██[38;2;8;8;8m██[38;2;31;20;24m██[38;2;69;50;51m██[38;2;47;36;39m██[38;2;47;36;39m██[38;2;47;36;39m██[38;2;47;36;39m██[38;2;31;20;24m██[38;2;71;82;88m██[38;2;8;8;8m██[38;2;8;8;8m██          
  [38;2;8;8;8m██[38;2;8;8;8m██[38;2;8;8;8m██                  [38;2;50;58;63m██[38;2;71;82;88m██[38;2;103;132;140m██[38;2;103;132;140m██[38;2;71;82;88m██[38;2;88;112;124m██[38;2;88;112;124m██[38;2;34;36;38m██[38;2;50;58;63m██[38;2;50;58;63m██[38;2;50;58;63m██[38;2;50;58;63m██[38;2;50;58;63m██[38;2;50;58;63m██[38;2;50;58;63m██[38;2;50;58;63m██[38;2;71;82;88m██[38;2;88;112;124m██[38;2;88;112;124m██[38;2;88;112;124m██[38;2;88;112;124m██[38;2;88;112;124m██[38;2;88;112;124m██[38;2;88;112;124m██[38;2;88;112;124m██[38;2;88;112;124m██[38;2;88;112;124m██[38;2;88;112;124m██[38;2;88;112;124m██[38;2;88;112;124m██[38;2;88;112;124m██[38;2;88;112;124m██[38;2;88;112;124m██[38;2;71;82;88m██[38;2;50;58;63m██[38;2;88;112;124m██[38;2;88;112;124m██[38;2;88;112;124m██[38;2;103;132;140m██[38;2;103;132;140m██[38;2;103;132;140m██[38;2;31;20;24m██[38;2;69;50;51m██[38;2;47;36;39m██[38;2;47;36;39m██[38;2;31;20;24m██[38;2;8;8;8m██[38;2;8;8;8m██[38;2;8;8;8m██              
                        [38;2;50;58;63m██[38;2;103;132;140m██[38;2;103;132;140m██[38;2;71;82;88m██[38;2;88;112;124m██[38;2;88;112;124m██[38;2;88;112;124m██[38;2;88;112;124m██[38;2;88;112;124m██[38;2;34;36;38m██[38;2;50;58;63m██[38;2;50;58;63m██[38;2;50;58;63m██[38;2;50;58;63m██[38;2;50;58;63m██[38;2;71;82;88m██[38;2;88;112;124m██[38;2;88;112;124m██[38;2;71;82;88m██[38;2;50;58;63m██[38;2;34;36;38m██[38;2;34;36;38m██[38;2;34;36;38m██[38;2;34;36;38m██[38;2;34;36;38m██[38;2;34;36;38m██[38;2;50;58;63m██[38;2;50;58;63m██[38;2;71;82;88m██[38;2;71;82;88m██[38;2;88;112;124m██[38;2;88;112;124m██[38;2;88;112;124m██[38;2;88;112;124m██[38;2;71;82;88m██[38;2;50;58;63m██[38;2;103;132;140m██[38;2;103;132;140m██[38;2;71;82;88m██[38;2;71;82;88m██[38;2;71;82;88m██[38;2;88;112;124m██[38;2;8;8;8m██[38;2;8;8;8m██[38;2;8;8;8m██[38;2;8;8;8m██[38;2;88;112;124m██[38;2;88;112;124m██[38;2;34;36;38m██                
                        [38;2;50;58;63m██[38;2;103;132;140m██[38;2;71;82;88m██[38;2;88;112;124m██[38;2;88;112;124m██[38;2;88;112;124m██[38;2;88;112;124m██[38;2;88;112;124m██[38;2;88;112;124m██[38;2;34;36;38m██[38;2;71;82;88m██[38;2;34;36;38m██[38;2;50;58;63m██[38;2;88;112;124m██[38;2;88;112;124m██[38;2;88;112;124m██[38;2;50;58;63m██[38;2;34;36;38m██[38;2;71;82;88m██[38;2;71;82;88m██[38;2;71;82;88m██[38;2;71;82;88m██[38;2;71;82;88m██[38;2;71;82;88m██[38;2;71;82;88m██[38;2;71;82;88m██[38;2;71;82;88m██[38;2;71;82;88m██[38;2;71;82;88m██[38;2;50;58;63m██[38;2;50;58;63m██[38;2;50;58;63m██[38;2;88;112;124m██[38;2;88;112;124m██[38;2;34;36;38m██[38;2;103;132;140m██[38;2;103;132;140m██[38;2;71;82;88m██[38;2;88;112;124m██[38;2;88;112;124m██[38;2;88;112;124m██[38;2;88;112;124m██[38;2;88;112;124m██[38;2;88;112;124m██[38;2;88;112;124m██[38;2;71;82;88m██[38;2;88;112;124m██[38;2;88;112;124m██[38;2;88;112;124m██[38;2;34;36;38m██              
                      [38;2;34;36;38m██[38;2;103;132;140m██[38;2;103;132;140m██[38;2;71;82;88m██[38;2;88;112;124m██[38;2;88;112;124m██[38;2;88;112;124m██[38;2;71;82;88m██[38;2;71;82;88m██[38;2;34;36;38m██[38;2;50;58;63m██[38;2;34;36;38m██[38;2;103;132;140m██[38;2;50;58;63m██[38;2;88;112;124m██[38;2;88;112;124m██[38;2;88;112;124m██[38;2;34;36;38m██[38;2;71;82;88m██[38;2;71;82;88m██[38;2;103;132;140m██[38;2;103;132;140m██[38;2;88;112;124m██[38;2;88;112;124m██[38;2;88;112;124m██[38;2;88;112;124m██[38;2;88;112;124m██[38;2;88;112;124m██[38;2;71;82;88m██[38;2;71;82;88m██[38;2;71;82;88m██[38;2;50;58;63m██[38;2;50;58;63m██[38;2;88;112;124m██[38;2;71;82;88m██[38;2;34;36;38m██[38;2;103;132;140m██[38;2;103;132;140m██[38;2;71;82;88m██[38;2;88;112;124m██[38;2;88;112;124m██[38;2;88;112;124m██[38;2;88;112;124m██[38;2;88;112;124m██[38;2;88;112;124m██[38;2;88;112;124m██[38;2;71;82;88m██[38;2;88;112;124m██[38;2;88;112;124m██[38;2;88;112;124m██[38;2;34;36;38m██              
                      [38;2;34;36;38m██[38;2;71;82;88m██[38;2;71;82;88m██[38;2;50;58;63m██[38;2;71;82;88m██[38;2;71;82;88m██[38;2;71;82;88m██[38;2;71;82;88m██[38;2;71;82;88m██[38;2;34;36;38m██[38;2;103;132;140m██[38;2;88;112;124m██[38;2;88;112;124m██[38;2;50;58;63m██[38;2;71;82;88m██[38;2;88;112;124m██[38;2;88;112;124m██[38;2;34;36;38m██[38;2;103;132;140m██[38;2;88;112;124m██[38;2;88;112;124m██[38;2;88;112;124m██[38;2;88;112;124m██[38;2;88;112;124m██[38;2;88;112;124m██[38;2;88;112;124m██[38;2;88;112;124m██[38;2;88;112;124m██[38;2;88;112;124m██[38;2;88;112;124m██[38;2;88;112;124m██[38;2;50;58;63m██[38;2;50;58;63m██[38;2;88;112;124m██[38;2;34;36;38m██[38;2;50;58;63m██[38;2;50;58;63m██[38;2;50;58;63m██[38;2;88;112;124m██[38;2;88;112;124m██[38;2;88;112;124m██[38;2;88;112;124m██[38;2;88;112;124m██[38;2;88;112;124m██[38;2;88;112;124m██[38;2;71;82;88m██[38;2;71;82;88m██[38;2;88;112;124m██[38;2;88;112;124m██[38;2;88;112;124m██[38;2;88;112;124m██[38;2;34;36;38m██            
                      [38;2;34;36;38m██[38;2;88;112;124m██[38;2;88;112;124m██[38;2;50;58;63m██[38;2;71;82;88m██[38;2;71;82;88m██[38;2;71;82;88m██[38;2;71;82;88m██[38;2;71;82;88m██[38;2;34;36;38m██[38;2;88;112;124m██[38;2;88;112;124m██[38;2;88;112;124m██[38;2;88;112;124m██[38;2;50;58;63m██[38;2;88;112;124m██[38;2;88;112;124m██[38;2;34;36;38m██[38;2;88;112;124m██[38;2;88;112;124m██[38;2;88;112;124m██[38;2;88;112;124m██[38;2;88;112;124m██[38;2;88;112;124m██[38;2;88;112;124m██[38;2;88;112;124m██[38;2;88;112;124m██[38;2;88;112;124m██[38;2;88;112;124m██[38;2;88;112;124m██[38;2;71;82;88m██[38;2;50;58;63m██[38;2;50;58;63m██[38;2;88;112;124m██[38;2;34;36;38m██[38;2;71;82;88m██[38;2;71;82;88m██[38;2;50;58;63m██[38;2;88;112;124m██[38;2;88;112;124m██[38;2;88;112;124m██[38;2;88;112;124m██[38;2;88;112;124m██[38;2;71;82;88m██[38;2;71;82;88m██[38;2;88;112;124m██[38;2;88;112;124m██[38;2;71;82;88m██[38;2;88;112;124m██[38;2;88;112;124m██[38;2;88;112;124m██[38;2;34;36;38m██            
                    [38;2;34;36;38m██[38;2;88;112;124m██[38;2;88;112;124m██[38;2;88;112;124m██[38;2;50;58;63m██[38;2;71;82;88m██[38;2;71;82;88m██[38;2;71;82;88m██[38;2;71;82;88m██[38;2;71;82;88m██[38;2;34;36;38m██[38;2;88;112;124m██[38;2;88;112;124m██[38;2;88;112;124m██[38;2;88;112;124m██[38;2;50;58;63m██[38;2;71;82;88m██[38;2;88;112;124m██[38;2;50;58;63m██[38;2;88;112;124m██[38;2;88;112;124m██[38;2;88;112;124m██[38;2;88;112;124m██[38;2;88;112;124m██[38;2;88;112;124m██[38;2;88;112;124m██[38;2;88;112;124m██[38;2;88;112;124m██[38;2;88;112;124m██[38;2;88;112;124m██[38;2;88;112;124m██[38;2;50;58;63m██[38;2;50;58;63m██[38;2;71;82;88m██[38;2;88;112;124m██[38;2;50;58;63m██[38;2;71;82;88m██[38;2;71;82;88m██[38;2;50;58;63m██[38;2;71;82;88m██[38;2;88;112;124m██[38;2;88;112;124m██[38;2;71;82;88m██[38;2;71;82;88m██[38;2;88;112;124m██[38;2;88;112;124m██[38;2;88;112;124m██[38;2;88;112;124m██[38;2;88;112;124m██[38;2;71;82;88m██[38;2;88;112;124m██[38;2;88;112;124m██[38;2;50;58;63m██[38;2;8;8;8m██          
                    [38;2;34;36;38m██[38;2;88;112;124m██[38;2;88;112;124m██[38;2;88;112;124m██[38;2;71;82;88m██[38;2;50;58;63m██[38;2;50;58;63m██[38;2;71;82;88m██[38;2;71;82;88m██[38;2;71;82;88m██[38;2;71;82;88m██[38;2;34;36;38m██[38;2;88;112;124m██[38;2;88;112;124m██[38;2;88;112;124m██[38;2;88;112;124m██[38;2;50;58;63m██[38;2;88;112;124m██[38;2;71;82;88m██[38;2;88;112;124m██[38;2;88;112;124m██[38;2;88;112;124m██[38;2;88;112;124m██[38;2;88;112;124m██[38;2;88;112;124m██[38;2;88;112;124m██[38;2;88;112;124m██[38;2;88;112;124m██[38;2;88;112;124m██[38;2;88;112;124m██[38;2;88;112;124m██[38;2;50;58;63m██[38;2;50;58;63m██[38;2;88;112;124m██[38;2;34;36;38m██[38;2;71;82;88m██[38;2;71;82;88m██[38;2;50;58;63m██[38;2;88;112;124m██[38;2;88;112;124m██[38;2;88;112;124m██[38;2;88;112;124m██[38;2;88;112;124m██[38;2;88;112;124m██[38;2;88;112;124m██[38;2;88;112;124m██[38;2;88;112;124m██[38;2;88;112;124m██[38;2;88;112;124m██[38;2;71;82;88m██[38;2;88;112;124m██[38;2;50;58;63m██[38;2;71;82;88m██[38;2;8;8;8m██          
                    [38;2;8;8;8m██[38;2;88;112;124m██[38;2;88;112;124m██[38;2;88;112;124m██[38;2;71;82;88m██[38;2;71;82;88m██[38;2;71;82;88m██[38;2;50;58;63m██[38;2;50;58;63m██[38;2;71;82;88m██[38;2;71;82;88m██[38;2;34;36;38m██[38;2;88;112;124m██[38;2;88;112;124m██[38;2;88;112;124m██[38;2;88;112;124m██[38;2;50;58;63m██[38;2;71;82;88m██[38;2;88;112;124m██[38;2;34;36;38m██[38;2;88;112;124m██[38;2;88;112;124m██[38;2;88;112;124m██[38;2;88;112;124m██[38;2;88;112;124m██[38;2;88;112;124m██[38;2;88;112;124m██[38;2;88;112;124m██[38;2;88;112;124m██[38;2;88;112;124m██[38;2;71;82;88m██[38;2;50;58;63m██[38;2;50;58;63m██[38;2;71;82;88m██[38;2;34;36;38m██[38;2;71;82;88m██[38;2;71;82;88m██[38;2;50;58;63m██[38;2;88;112;124m██[38;2;88;112;124m██[38;2;88;112;124m██[38;2;88;112;124m██[38;2;88;112;124m██[38;2;88;112;124m██[38;2;88;112;124m██[38;2;88;112;124m██[38;2;88;112;124m██[38;2;88;112;124m██[38;2;88;112;124m██[38;2;88;112;124m██[38;2;50;58;63m██[38;2;71;82;88m██[38;2;71;82;88m██[38;2;8;8;8m██          
                    [38;2;8;8;8m██[38;2;88;112;124m██[38;2;88;112;124m██[38;2;88;112;124m██[38;2;50;58;63m██[38;2;71;82;88m██[38;2;71;82;88m██[38;2;71;82;88m██[38;2;71;82;88m██[38;2;50;58;63m██[38;2;50;58;63m██[38;2;34;36;38m██[38;2;50;58;63m██[38;2;88;112;124m██[38;2;88;112;124m██[38;2;71;82;88m██[38;2;50;58;63m██[38;2;50;58;63m██[38;2;88;112;124m██[38;2;34;36;38m██[38;2;88;112;124m██[38;2;88;112;124m██[38;2;88;112;124m██[38;2;88;112;124m██[38;2;88;112;124m██[38;2;88;112;124m██[38;2;88;112;124m██[38;2;88;112;124m██[38;2;88;112;124m██[38;2;88;112;124m██[38;2;50;58;63m██[38;2;50;58;63m██[38;2;71;82;88m██[38;2;71;82;88m██[38;2;34;36;38m██[38;2;71;82;88m██[38;2;71;82;88m██[38;2;71;82;88m██[38;2;88;112;124m██[38;2;88;112;124m██[38;2;88;112;124m██[38;2;88;112;124m██[38;2;88;112;124m██[38;2;88;112;124m██[38;2;88;112;124m██[38;2;88;112;124m██[38;2;88;112;124m██[38;2;88;112;124m██[38;2;88;112;124m██[38;2;88;112;124m██[38;2;50;58;63m██[38;2;71;82;88m██[38;2;71;82;88m██[38;2;8;8;8m██          
                      [38;2;8;8;8m██[38;2;88;112;124m██[38;2;88;112;124m██[38;2;50;58;63m██[38;2;71;82;88m██[38;2;71;82;88m██[38;2;50;58;63m██[38;2;71;82;88m██[38;2;71;82;88m██[38;2;71;82;88m██[38;2;71;82;88m██[38;2;34;36;38m██[38;2;50;58;63m██[38;2;50;58;63m██[38;2;50;58;63m██[38;2;50;58;63m██[38;2;50;58;63m██[38;2;71;82;88m██[38;2;71;82;88m██[38;2;50;58;63m██[38;2;71;82;88m██[38;2;88;112;124m██[38;2;88;112;124m██[38;2;88;112;124m██[38;2;88;112;124m██[38;2;88;112;124m██[38;2;71;82;88m██[38;2;50;58;63m██[38;2;50;58;63m██[38;2;50;58;63m██[38;2;50;58;63m██[38;2;71;82;88m██[38;2;71;82;88m██[38;2;8;8;8m██[38;2;71;82;88m██[38;2;71;82;88m██[38;2;71;82;88m██[38;2;88;112;124m██[38;2;88;112;124m██[38;2;88;112;124m██[38;2;88;112;124m██[38;2;71;82;88m██[38;2;88;112;124m██[38;2;88;112;124m██[38;2;88;112;124m██[38;2;88;112;124m██[38;2;88;112;124m██[38;2;88;112;124m██[38;2;88;112;124m██[38;2;50;58;63m██[38;2;71;82;88m██[38;2;71;82;88m██[38;2;8;8;8m██          
                      [38;2;8;8;8m██[38;2;88;112;124m██[38;2;88;112;124m██[38;2;50;58;63m██[38;2;71;82;88m██[38;2;71;82;88m██[38;2;50;58;63m██[38;2;71;82;88m██[38;2;71;82;88m██[38;2;71;82;88m██[38;2;71;82;88m██[38;2;8;8;8m██[38;2;71;82;88m██[38;2;50;58;63m██[38;2;50;58;63m██[38;2;71;82;88m██[38;2;71;82;88m██[38;2;71;82;88m██[38;2;71;82;88m██[38;2;50;58;63m██[38;2;50;58;63m██[38;2;50;58;63m██[38;2;50;58;63m██[38;2;50;58;63m██[38;2;50;58;63m██[38;2;50;58;63m██[38;2;50;58;63m██[38;2;50;58;63m██[38;2;50;58;63m██[38;2;50;58;63m██[38;2;71;82;88m██[38;2;71;82;88m██[38;2;71;82;88m██[38;2;8;8;8m██[38;2;71;82;88m██[38;2;71;82;88m██[38;2;71;82;88m██[38;2;88;112;124m██[38;2;88;112;124m██[38;2;88;112;124m██[38;2;88;112;124m██[38;2;71;82;88m██[38;2;88;112;124m██[38;2;88;112;124m██[38;2;88;112;124m██[38;2;88;112;124m██[38;2;88;112;124m██[38;2;88;112;124m██[38;2;50;58;63m██[38;2;71;82;88m██[38;2;71;82;88m██[38;2;71;82;88m██[38;2;8;8;8m██          
                        [38;2;8;8;8m██[38;2;50;58;63m██[38;2;71;82;88m██[38;2;71;82;88m██[38;2;71;82;88m██[38;2;71;82;88m██[38;2;71;82;88m██[38;2;71;82;88m██[38;2;50;58;63m██[38;2;71;82;88m██[38;2;50;58;63m██[38;2;8;8;8m██[38;2;8;8;8m██[38;2;71;82;88m██[38;2;71;82;88m██[38;2;71;82;88m██[38;2;71;82;88m██[38;2;71;82;88m██[38;2;71;82;88m██[38;2;71;82;88m██[38;2;71;82;88m██[38;2;50;58;63m██[38;2;50;58;63m██[38;2;50;58;63m██[38;2;50;58;63m██[38;2;50;58;63m██[38;2;71;82;88m██[38;2;71;82;88m██[38;2;71;82;88m██[38;2;71;82;88m██[38;2;71;82;88m██[38;2;71;82;88m██[38;2;8;8;8m██[38;2;71;82;88m██[38;2;71;82;88m██[38;2;50;58;63m██[38;2;88;112;124m██[38;2;88;112;124m██[38;2;88;112;124m██[38;2;88;112;124m██[38;2;71;82;88m██[38;2;88;112;124m██[38;2;88;112;124m██[38;2;88;112;124m██[38;2;88;112;124m██[38;2;88;112;124m██[38;2;50;58;63m██[38;2;50;58;63m██[38;2;71;82;88m██[38;2;71;82;88m██[38;2;50;58;63m██[38;2;8;8;8m██          
                        [38;2;8;8;8m██[38;2;71;82;88m██[38;2;71;82;88m██[38;2;71;82;88m██[38;2;50;58;63m██[38;2;71;82;88m██[38;2;71;82;88m██[38;2;71;82;88m██[38;2;71;82;88m██[38;2;50;58;63m██[38;2;50;58;63m██[38;2;50;58;63m██[38;2;50;58;63m██[38;2;8;8;8m██[38;2;71;82;88m██[38;2;34;36;38m██[38;2;34;36;38m██[38;2;71;82;88m██[38;2;71;82;88m██[38;2;71;82;88m██[38;2;71;82;88m██[38;2;71;82;88m██[38;2;71;82;88m██[38;2;71;82;88m██[38;2;71;82;88m██[38;2;71;82;88m██[38;2;71;82;88m██[38;2;71;82;88m██[38;2;71;82;88m██[38;2;34;36;38m██[38;2;34;36;38m██[38;2;34;36;38m██[38;2;50;58;63m██[38;2;8;8;8m██[38;2;71;82;88m██[38;2;50;58;63m██[38;2;88;112;124m██[38;2;88;112;124m██[38;2;88;112;124m██[38;2;71;82;88m██[38;2;71;82;88m██[38;2;71;82;88m██[38;2;71;82;88m██[38;2;88;112;124m██[38;2;88;112;124m██[38;2;50;58;63m██[38;2;71;82;88m██[38;2;71;82;88m██[38;2;50;58;63m██[38;2;50;58;63m██[38;2;8;8;8m██            
                          [38;2;8;8;8m██[38;2;71;82;88m██[38;2;71;82;88m██[38;2;50;58;63m██[38;2;71;82;88m██[38;2;71;82;88m██[38;2;71;82;88m██[38;2;71;82;88m██[38;2;71;82;88m██[38;2;50;58;63m██[38;2;50;58;63m██[38;2;8;8;8m██  [38;2;8;8;8m██[38;2;8;8;8m██[38;2;8;8;8m██[38;2;34;36;38m██[38;2;71;82;88m██[38;2;71;82;88m██[38;2;71;82;88m██[38;2;71;82;88m██[38;2;71;82;88m██[38;2;34;36;38m██[38;2;34;36;38m██[38;2;71;82;88m██[38;2;71;82;88m██[38;2;71;82;88m██[38;2;50;58;63m██[38;2;50;58;63m██[38;2;34;36;38m██[38;2;8;8;8m██[38;2;8;8;8m██[38;2;8;8;8m██[38;2;71;82;88m██[38;2;71;82;88m██[38;2;50;58;63m██[38;2;88;112;124m██[38;2;50;58;63m██[38;2;71;82;88m██[38;2;71;82;88m██[38;2;71;82;88m██[38;2;71;82;88m██[38;2;71;82;88m██[38;2;71;82;88m██[38;2;71;82;88m██[38;2;71;82;88m██[38;2;71;82;88m██[38;2;50;58;63m██[38;2;50;58;63m██[38;2;8;8;8m██            
                          [38;2;8;8;8m██[38;2;71;82;88m██[38;2;34;36;38m██[38;2;71;82;88m██[38;2;71;82;88m██[38;2;71;82;88m██[38;2;71;82;88m██[38;2;71;82;88m██[38;2;34;36;38m██[38;2;50;58;63m██[38;2;8;8;8m██          [38;2;8;8;8m██[38;2;8;8;8m██[38;2;71;82;88m██[38;2;71;82;88m██[38;2;50;58;63m██[38;2;50;58;63m██[38;2;50;58;63m██[38;2;34;36;38m██[38;2;34;36;38m██[38;2;8;8;8m██[38;2;50;58;63m██[38;2;50;58;63m██[38;2;8;8;8m██[38;2;8;8;8m██      [38;2;8;8;8m██[38;2;71;82;88m██[38;2;50;58;63m██[38;2;50;58;63m██[38;2;71;82;88m██[38;2;71;82;88m██[38;2;71;82;88m██[38;2;71;82;88m██[38;2;71;82;88m██[38;2;71;82;88m██[38;2;50;58;63m██[38;2;71;82;88m██[38;2;71;82;88m██[38;2;71;82;88m██[38;2;50;58;63m██[38;2;8;8;8m██              
                            [38;2;8;8;8m██[38;2;34;36;38m██[38;2;71;82;88m██[38;2;71;82;88m██[38;2;71;82;88m██[38;2;71;82;88m██[38;2;34;36;38m██[38;2;50;58;63m██[38;2;8;8;8m██                [38;2;8;8;8m██[38;2;8;8;8m██[38;2;50;58;63m██[38;2;50;58;63m██[38;2;8;8;8m██[38;2;8;8;8m██    [38;2;8;8;8m██[38;2;8;8;8m██            [38;2;8;8;8m██[38;2;8;8;8m██[38;2;50;58;63m██[38;2;34;36;38m██[38;2;34;36;38m██[38;2;71;82;88m██[38;2;71;82;88m██[38;2;71;82;88m██[38;2;71;82;88m██[38;2;50;58;63m██[38;2;71;82;88m██[38;2;34;36;38m██[38;2;34;36;38m██[38;2;50;58;63m██[38;2;8;8;8m██              
                        [38;2;34;36;38m██[38;2;34;36;38m██[38;2;50;58;63m██[38;2;50;58;63m██[38;2;8;8;8m██[38;2;8;8;8m██[38;2;34;36;38m██[38;2;34;36;38m██[38;2;50;58;63m██[38;2;8;8;8m██[38;2;34;36;38m██[38;2;8;8;8m██                  [38;2;8;8;8m██[38;2;8;8;8m██                            [38;2;8;8;8m██[38;2;50;58;63m██[38;2;50;58;63m██[38;2;50;58;63m██[38;2;50;58;63m██[38;2;50;58;63m██[38;2;50;58;63m██[38;2;34;36;38m██[38;2;34;36;38m██[38;2;50;58;63m██[38;2;50;58;63m██[38;2;8;8;8m██                
                      [38;2;34;36;38m██[38;2;88;112;124m██[38;2;88;112;124m██[38;2;71;82;88m██[38;2;50;58;63m██[38;2;50;58;63m██[38;2;50;58;63m██[38;2;34;36;38m██[38;2;8;8;8m██[38;2;8;8;8m██[38;2;50;58;63m██[38;2;50;58;63m██[38;2;50;58;63m██[38;2;8;8;8m██                                                  [38;2;8;8;8m██[38;2;8;8;8m██[38;2;50;58;63m██[38;2;50;58;63m██[38;2;50;58;63m██[38;2;50;58;63m██[38;2;50;58;63m██[38;2;50;58;63m██[38;2;8;8;8m██[38;2;8;8;8m██                  
                  [38;2;31;20;24m██[38;2;31;20;24m██[38;2;31;20;24m██[38;2;31;20;24m██[38;2;88;112;124m██[38;2;88;112;124m██[38;2;88;112;124m██[38;2;71;82;88m██[38;2;50;58;63m██[38;2;50;58;63m██[38;2;50;58;63m██[38;2;50;58;63m██[38;2;50;58;63m██[38;2;50;58;63m██[38;2;50;58;63m██[38;2;50;58;63m██[38;2;8;8;8m██                                              [38;2;34;36;38m██[38;2;50;58;63m██[38;2;50;58;63m██[38;2;8;8;8m██[38;2;8;8;8m██[38;2;8;8;8m██[38;2;8;8;8m██[38;2;8;8;8m██[38;2;8;8;8m██[38;2;50;58;63m██[38;2;50;58;63m██[38;2;8;8;8m██                
                [38;2;31;20;24m██[38;2;88;71;74m██[38;2;31;20;24m██[38;2;47;36;39m██[38;2;88;71;74m██[38;2;31;20;24m██[38;2;88;112;124m██[38;2;88;112;124m██[38;2;88;112;124m██[38;2;31;20;24m██[38;2;88;112;124m██[38;2;88;112;124m██[38;2;88;112;124m██[38;2;71;82;88m██[38;2;50;58;63m██[38;2;50;58;63m██[38;2;50;58;63m██[38;2;8;8;8m██                                            [38;2;34;36;38m██[38;2;88;112;124m██[38;2;88;112;124m██[38;2;71;82;88m██[38;2;50;58;63m██[38;2;50;58;63m██[38;2;50;58;63m██[38;2;50;58;63m██[38;2;50;58;63m██[38;2;50;58;63m██[38;2;50;58;63m██[38;2;71;82;88m██[38;2;71;82;88m██[38;2;8;8;8m██              
              [38;2;31;20;24m██[38;2;88;71;74m██[38;2;31;20;24m██[38;2;88;71;74m██[38;2;69;50;51m██[38;2;47;36;39m██[38;2;47;36;39m██[38;2;71;82;88m██[38;2;88;112;124m██[38;2;31;20;24m██[38;2;69;50;51m██[38;2;31;20;24m██[38;2;88;112;124m██[38;2;88;112;124m██[38;2;71;82;88m██[38;2;50;58;63m██[38;2;50;58;63m██[38;2;50;58;63m██[38;2;8;8;8m██                                          [38;2;34;36;38m██[38;2;71;82;88m██[38;2;88;112;124m██[38;2;88;112;124m██[38;2;88;112;124m██[38;2;88;112;124m██[38;2;88;112;124m██[38;2;88;112;124m██[38;2;88;112;124m██[38;2;88;112;124m██[38;2;88;112;124m██[38;2;88;112;124m██[38;2;88;112;124m██[38;2;50;58;63m██[38;2;71;82;88m██[38;2;8;8;8m██            
              [38;2;8;8;8m██[38;2;31;20;24m██[38;2;69;50;51m██[38;2;69;50;51m██[38;2;47;36;39m██[38;2;47;36;39m██[38;2;47;36;39m██[38;2;31;20;24m██[38;2;31;20;24m██[38;2;88;71;74m██[38;2;69;50;51m██[38;2;47;36;39m██[38;2;71;82;88m██[38;2;88;112;124m██[38;2;88;112;124m██[38;2;50;58;63m██[38;2;8;8;8m██[38;2;8;8;8m██                                            [38;2;34;36;38m██[38;2;31;20;24m██[38;2;31;20;24m██[38;2;88;112;124m██[38;2;88;112;124m██[38;2;71;82;88m██[38;2;31;20;24m██[38;2;31;20;24m██[38;2;88;112;124m██[38;2;88;112;124m██[38;2;88;112;124m██[38;2;88;112;124m██[38;2;31;20;24m██[38;2;31;20;24m██[38;2;71;82;88m██[38;2;8;8;8m██            
                [38;2;8;8;8m██[38;2;69;50;51m██[38;2;69;50;51m██[38;2;47;36;39m██[38;2;47;36;39m██[38;2;47;36;39m██[38;2;31;20;24m██[38;2;31;20;24m██[38;2;88;71;74m██[38;2;47;36;39m██[38;2;47;36;39m██[38;2;31;20;24m██[38;2;88;112;124m██[38;2;8;8;8m██[38;2;8;8;8m██                                                [38;2;31;20;24m██[38;2;88;71;74m██[38;2;47;36;39m██[38;2;71;82;88m██[38;2;31;20;24m██[38;2;31;20;24m██[38;2;88;71;74m██[38;2;69;50;51m██[38;2;31;20;24m██[38;2;71;82;88m██[38;2;88;112;124m██[38;2;71;82;88m██[38;2;69;50;51m██[38;2;47;36;39m██[38;2;31;20;24m██[38;2;8;8;8m██            
                [38;2;8;8;8m██[38;2;8;8;8m██[38;2;8;8;8m██[38;2;8;8;8m██[38;2;8;8;8m██[38;2;8;8;8m██[38;2;8;8;8m██[38;2;31;20;24m██[38;2;69;50;51m██[38;2;47;36;39m██[38;2;31;20;24m██[38;2;8;8;8m██[38;2;8;8;8m██                                                  [38;2;31;20;24m██[38;2;88;71;74m██[38;2;47;36;39m██[38;2;47;36;39m██[38;2;31;20;24m██[38;2;31;20;24m██[38;2;88;71;74m██[38;2;69;50;51m██[38;2;69;50;51m██[38;2;47;36;39m██[38;2;31;20;24m██[38;2;88;112;124m██[38;2;31;20;24m██[38;2;69;50;51m██[38;2;47;36;39m██[38;2;47;36;39m██[38;2;8;8;8m██            
                              [38;2;8;8;8m██[38;2;8;8;8m██[38;2;8;8;8m██                                                        [38;2;31;20;24m██[38;2;69;50;51m██[38;2;47;36;39m██[38;2;8;8;8m██[38;2;8;8;8m██[38;2;31;20;24m██[38;2;69;50;51m██[38;2;69;50;51m██[38;2;69;50;51m██[38;2;47;36;39m██[38;2;8;8;8m██[38;2;8;8;8m██[38;2;31;20;24m██[38;2;69;50;51m██[38;2;47;36;39m██[38;2;47;36;39m██[38;2;8;8;8m██            
                                                                                            [38;2;8;8;8m██[38;2;8;8;8m██[38;2;8;8;8m██    [38;2;31;20;24m██[38;2;47;36;39m██[38;2;47;36;39m██[38;2;47;36;39m██[38;2;47;36;39m██[38;2;8;8;8m██    [38;2;31;20;24m██[38;2;47;36;39m██[38;2;8;8;8m██              
                                                                                                      [38;2;31;20;24m██[38;2;69;50;51m██[38;2;47;36;39m██[38;2;8;8;8m██[38;2;8;8;8m██        [38;2;8;8;8m██[38;2;8;8;8m██              
                                                                                                        [38;2;8;8;8m██[38;2;8;8;8m██                              
