                            [38;2;156;98;82m██[38;2;156;98;82m██[38;2;156;98;82m██[38;2;156;98;82m██                                                                      
                          [38;2;156;98;82m██[38;2;255;213;172m██[38;2;255;213;172m██[38;2;255;172;115m██[38;2;246;106;32m██[38;2;156;98;82m██                                                                    
                        [38;2;156;98;82m██[38;2;246;106;32m██[38;2;255;172;115m██[38;2;255;172;115m██[38;2;246;106;32m██[38;2;246;106;32m██[38;2;246;106;32m██[38;2;156;98;82m██                                                                  
                        [38;2;16;16;16m██[38;2;246;106;32m██[38;2;246;106;32m██[38;2;246;106;32m██[38;2;246;106;32m██[38;2;246;106;32m██[38;2;246;106;32m██[38;2;246;106;32m██[38;2;156;98;82m██                                                                
                        [38;2;16;16;16m██[38;2;156;98;82m██[38;2;246;106;32m██[38;2;246;106;32m██[38;2;246;106;32m██[38;2;246;106;32m██[38;2;246;106;32m██[38;2;246;106;32m██[38;2;156;98;82m██                                                                
                          [38;2;16;16;16m██[38;2;16;16;16m██[38;2;246;106;32m██[38;2;246;106;32m██[38;2;246;106;32m██[38;2;246;106;32m██[38;2;246;106;32m██[38;2;246;106;32m██[38;2;156;98;82m██                                    [38;2;156;98;82m██[38;2;156;98;82m██[38;2;16;16;16m██[38;2;16;16;16m██[38;2;16;16;16m██                
                              [38;2;16;16;16m██[38;2;246;106;32m██[38;2;246;106;32m██[38;2;246;106;32m██[38;2;246;106;32m██[38;2;246;106;32m██[38;2;222;123;65m██[38;2;156;98;82m██                              [38;2;156;98;82m██[38;2;156;98;82m██[38;2;255;172;115m██[38;2;255;213;172m██[38;2;255;172;115m██[38;2;246;106;32m██[38;2;246;106;32m██[38;2;16;16;16m██              
                                [38;2;16;16;16m██[38;2;246;106;32m██[38;2;246;106;32m██[38;2;246;106;32m██[38;2;222;123;65m██[38;2;255;172;115m██[38;2;156;98;82m██                          [38;2;156;98;82m██[38;2;156;98;82m██[38;2;246;106;32m██[38;2;255;172;115m██[38;2;255;213;172m██[38;2;255;172;115m██[38;2;246;106;32m██[38;2;246;106;32m██[38;2;246;106;32m██[38;2;246;106;32m██[38;2;16;16;16m██            
                                  [38;2;16;16;16m██[38;2;246;106;32m██[38;2;255;172;115m██[38;2;255;172;115m██[38;2;255;172;115m██[38;2;255;172;115m██[38;2;16;16;16m██                      [38;2;156;98;82m██[38;2;255;172;115m██[38;2;222;123;65m██[38;2;246;106;32m██[38;2;246;106;32m██[38;2;246;106;32m██[38;2;246;106;32m██[38;2;246;106;32m██[38;2;246;106;32m██[38;2;246;106;32m██[38;2;246;106;32m██[38;2;16;16;16m██            
                                  [38;2;156;98;82m██[38;2;156;98;82m██[38;2;255;172;115m██[38;2;255;172;115m██[38;2;255;172;115m██[38;2;255;172;115m██[38;2;16;16;16m██                    [38;2;156;98;82m██[38;2;255;172;115m██[38;2;255;172;115m██[38;2;255;172;115m██[38;2;246;106;32m██[38;2;246;106;32m██[38;2;246;106;32m██[38;2;246;106;32m██[38;2;246;106;32m██[38;2;246;106;32m██[38;2;246;106;32m██[38;2;16;16;16m██              
                                    [38;2;16;16;16m██[38;2;222;123;65m██[38;2;255;172;115m██[38;2;255;172;115m██[38;2;255;172;115m██[38;2;255;172;115m██[38;2;16;16;16m██                [38;2;156;98;82m██[38;2;255;172;115m██[38;2;255;172;115m██[38;2;255;172;115m██[38;2;255;172;115m██[38;2;255;172;115m██[38;2;222;123;65m██[38;2;246;106;32m██[38;2;246;106;32m██[38;2;16;16;16m██[38;2;16;16;16m██[38;2;16;16;16m██                
                                      [38;2;16;16;16m██[38;2;255;172;115m██[38;2;255;172;115m██[38;2;255;172;115m██[38;2;255;172;115m██[38;2;16;16;16m██              [38;2;156;98;82m██[38;2;255;172;115m██[38;2;255;172;115m██[38;2;255;172;115m██[38;2;255;172;115m██[38;2;255;172;115m██[38;2;255;172;115m██[38;2;255;172;115m██[38;2;16;16;16m██[38;2;16;16;16m██                      
                                      [38;2;16;16;16m██[38;2;255;172;115m██[38;2;255;172;115m██[38;2;255;172;115m██[38;2;255;172;115m██[38;2;16;16;16m██              [38;2;156;98;82m██[38;2;255;172;115m██[38;2;255;172;115m██[38;2;255;172;115m██[38;2;255;172;115m██[38;2;255;172;115m██[38;2;16;16;16m██[38;2;16;16;16m██                          
                                      [38;2;156;98;82m██[38;2;156;98;82m██[38;2;255;172;115m██[38;2;255;172;115m██[38;2;222;123;65m██[38;2;222;123;65m██[38;2;16;16;16m██          [38;2;156;98;82m██[38;2;255;172;115m██[38;2;255;172;115m██[38;2;255;172;115m██[38;2;255;172;115m██[38;2;255;172;115m██[38;2;16;16;16m██                              
                                        [38;2;16;16;16m██[38;2;222;123;65m██[38;2;222;123;65m██[38;2;222;123;65m██[38;2;222;123;65m██[38;2;16;16;16m██        [38;2;156;98;82m██[38;2;222;123;65m██[38;2;255;172;115m██[38;2;255;172;115m██[38;2;255;172;115m██[38;2;255;172;115m██[38;2;16;16;16m██                                
              [38;2;156;98;82m██[38;2;156;98;82m██[38;2;156;98;82m██[38;2;156;98;82m██[38;2;156;98;82m██[38;2;156;98;82m██              [38;2;16;16;16m██[38;2;16;16;16m██[38;2;16;16;16m██[38;2;16;16;16m██[38;2;16;16;16m██[38;2;16;16;16m██    [38;2;16;16;16m██[38;2;16;16;16m██[38;2;156;98;82m██[38;2;222;123;65m██[38;2;255;172;115m██[38;2;255;172;115m██[38;2;255;172;115m██[38;2;222;123;65m██[38;2;16;16;16m██                                
        [38;2;156;98;82m██[38;2;156;98;82m██[38;2;156;98;82m██[38;2;222;123;65m██[38;2;255;172;115m██[38;2;255;172;115m██[38;2;255;172;115m██[38;2;255;172;115m██[38;2;255;172;115m██[38;2;156;98;82m██[38;2;156;98;82m██[38;2;156;98;82m██[38;2;156;98;82m██[38;2;156;98;82m██  [38;2;16;16;16m██[38;2;16;16;16m██[38;2;222;131;156m██[38;2;222;131;156m██[38;2;222;131;156m██[38;2;222;131;156m██[38;2;222;131;156m██[38;2;16;16;16m██[38;2;16;16;16m██[38;2;16;16;16m██[38;2;148;49;106m██[38;2;222;123;65m██[38;2;222;123;65m██[38;2;222;123;65m██[38;2;255;172;115m██[38;2;222;123;65m██[38;2;16;16;16m██                                  
    [38;2;156;98;82m██[38;2;156;98;82m██[38;2;246;106;32m██[38;2;246;106;32m██[38;2;246;106;32m██[38;2;255;172;115m██[38;2;255;172;115m██[38;2;255;172;115m██[38;2;255;172;115m██[38;2;255;172;115m██[38;2;255;172;115m██[38;2;255;172;115m██[38;2;222;123;65m██[38;2;222;123;65m██[38;2;222;123;65m██[38;2;16;16;16m██[38;2;16;16;16m██[38;2;222;131;156m██[38;2;246;172;197m██[38;2;246;172;197m██[38;2;246;172;197m██[38;2;246;172;197m██[38;2;222;131;156m██[38;2;222;131;156m██[38;2;222;131;156m██[38;2;222;131;156m██[38;2;222;131;156m██[38;2;16;16;16m██[38;2;16;16;16m██[38;2;222;123;65m██[38;2;222;123;65m██[38;2;222;123;65m██[38;2;16;16;16m██[38;2;16;16;16m██[38;2;16;16;16m██[38;2;16;16;16m██                              
  [38;2;156;98;82m██[38;2;255;213;172m██[38;2;255;172;115m██[38;2;246;106;32m██[38;2;246;106;32m██[38;2;246;106;32m██[38;2;255;172;115m██[38;2;255;172;115m██[38;2;255;172;115m██[38;2;255;172;115m██[38;2;255;172;115m██[38;2;255;172;115m██[38;2;222;123;65m██[38;2;222;123;65m██[38;2;222;123;65m██[38;2;16;16;16m██[38;2;222;131;156m██[38;2;222;131;156m██[38;2;246;172;197m██[38;2;246;172;197m██[38;2;246;172;197m██[38;2;246;172;197m██[38;2;246;172;197m██[38;2;246;172;197m██[38;2;222;131;156m██[38;2;222;131;156m██[38;2;222;131;156m██[38;2;222;131;156m██[38;2;222;131;156m██[38;2;222;131;156m██[38;2;16;16;16m██[38;2;222;123;65m██[38;2;16;16;16m██[38;2;148;49;106m██[38;2;148;49;106m██[38;2;148;49;106m██[38;2;148;49;106m██[38;2;16;16;16m██[38;2;16;16;16m██[38;2;16;16;16m██                        
[38;2;156;98;82m██[38;2;246;106;32m██[38;2;255;172;115m██[38;2;255;172;115m██[38;2;246;106;32m██[38;2;246;106;32m██[38;2;246;106;32m██[38;2;222;123;65m██[38;2;255;172;115m██[38;2;255;172;115m██[38;2;255;172;115m██[38;2;255;172;115m██[38;2;222;123;65m██[38;2;222;123;65m██[38;2;222;123;65m██[38;2;16;16;16m██[38;2;222;131;156m██[38;2;222;131;156m██[38;2;222;131;156m██[38;2;222;131;156m██[38;2;246;172;197m██[38;2;246;172;197m██[38;2;246;172;197m██[38;2;246;172;197m██[38;2;222;131;156m██[38;2;222;131;156m██[38;2;222;131;156m██[38;2;222;131;156m██[38;2;222;131;156m██[38;2;222;131;156m██[38;2;222;131;156m██[38;2;222;131;156m██[38;2;16;16;16m██[38;2;16;16;16m██[38;2;148;49;106m██[38;2;148;49;106m██[38;2;148;49;106m██[38;2;156;98;82m██[38;2;156;98;82m██[38;2;156;98;82m██[38;2;156;98;82m██[38;2;156;98;82m██[38;2;156;98;82m██[38;2;156;98;82m██[38;2;156;98;82m██[38;2;156;98;82m██[38;2;156;98;82m██            
[38;2;156;98;82m██[38;2;246;106;32m██[38;2;246;106;32m██[38;2;246;106;32m██[38;2;246;106;32m██[38;2;246;106;32m██[38;2;246;106;32m██[38;2;246;106;32m██[38;2;222;123;65m██[38;2;16;16;16m██[38;2;16;16;16m██[38;2;16;16;16m██[38;2;16;16;16m██[38;2;16;16;16m██[38;2;156;98;82m██[38;2;16;16;16m██[38;2;222;131;156m██[38;2;189;90;148m██[38;2;189;90;148m██[38;2;189;90;148m██[38;2;189;90;148m██[38;2;189;90;148m██[38;2;222;131;156m██[38;2;222;131;156m██[38;2;222;131;156m██[38;2;222;131;156m██[38;2;222;131;156m██[38;2;222;131;156m██[38;2;222;131;156m██[38;2;222;131;156m██[38;2;222;131;156m██[38;2;222;131;156m██[38;2;189;90;148m██[38;2;16;16;16m██[38;2;156;98;82m██[38;2;156;98;82m██[38;2;156;98;82m██[38;2;222;123;65m██[38;2;255;172;115m██[38;2;255;172;115m██[38;2;255;172;115m██[38;2;255;172;115m██[38;2;255;172;115m██[38;2;255;172;115m██[38;2;222;123;65m██[38;2;246;106;32m██[38;2;246;106;32m██[38;2;156;98;82m██[38;2;156;98;82m██[38;2;156;98;82m██      
  [38;2;16;16;16m██[38;2;246;106;32m██[38;2;246;106;32m██[38;2;246;106;32m██[38;2;246;106;32m██[38;2;16;16;16m██[38;2;16;16;16m██[38;2;16;16;16m██          [38;2;148;49;106m██[38;2;148;49;106m██[38;2;246;172;197m██[38;2;246;172;197m██[38;2;246;172;197m██[38;2;246;172;197m██[38;2;246;172;197m██[38;2;246;172;197m██[38;2;246;172;197m██[38;2;222;131;156m██[38;2;222;131;156m██[38;2;222;131;156m██[38;2;189;90;148m██[38;2;189;90;148m██[38;2;222;131;156m██[38;2;222;131;156m██[38;2;222;131;156m██[38;2;189;90;148m██[38;2;189;90;148m██[38;2;189;90;148m██[38;2;16;16;16m██[38;2;222;123;65m██[38;2;222;123;65m██[38;2;255;172;115m██[38;2;255;172;115m██[38;2;255;172;115m██[38;2;255;213;172m██[38;2;255;213;172m██[38;2;255;172;115m██[38;2;255;172;115m██[38;2;255;172;115m██[38;2;246;106;32m██[38;2;246;106;32m██[38;2;255;172;115m██[38;2;255;213;172m██[38;2;255;213;172m██[38;2;156;98;82m██    
    [38;2;16;16;16m██[38;2;16;16;16m██[38;2;16;16;16m██[38;2;16;16;16m██            [38;2;148;49;106m██[38;2;148;49;106m██[38;2;246;172;197m██[38;2;246;172;197m██[38;2;246;172;197m██[38;2;246;172;197m██[38;2;246;172;197m██[38;2;246;172;197m██[38;2;246;172;197m██[38;2;246;172;197m██[38;2;246;172;197m██[38;2;246;172;197m██[38;2;222;131;156m██[38;2;222;131;156m██[38;2;222;131;156m██[38;2;222;131;156m██[38;2;189;90;148m██[38;2;189;90;148m██[38;2;189;90;148m██[38;2;189;90;148m██[38;2;189;90;148m██[38;2;189;90;148m██[38;2;16;16;16m██[38;2;222;123;65m██[38;2;222;123;65m██[38;2;222;123;65m██[38;2;255;213;172m██[38;2;255;213;172m██[38;2;255;172;115m██[38;2;255;172;115m██[38;2;255;172;115m██[38;2;255;172;115m██[38;2;255;172;115m██[38;2;246;106;32m██[38;2;246;106;32m██[38;2;246;106;32m██[38;2;255;172;115m██[38;2;255;172;115m██[38;2;246;106;32m██[38;2;16;16;16m██  
                      [38;2;148;49;106m██[38;2;246;172;197m██[38;2;246;172;197m██[38;2;246;172;197m██[38;2;246;172;197m██[38;2;246;172;197m██[38;2;246;172;197m██[38;2;246;172;197m██[38;2;246;172;197m██[38;2;246;172;197m██[38;2;246;172;197m██[38;2;246;172;197m██[38;2;246;172;197m██[38;2;246;172;197m██[38;2;222;131;156m██[38;2;222;131;156m██[38;2;222;131;156m██[38;2;222;131;156m██[38;2;148;49;106m██[38;2;148;49;106m██[38;2;189;90;148m██[38;2;189;90;148m██[38;2;189;90;148m██[38;2;148;49;106m██[38;2;16;16;16m██[38;2;222;123;65m██[38;2;222;123;65m██[38;2;255;172;115m██[38;2;255;172;115m██[38;2;255;172;115m██[38;2;255;172;115m██[38;2;255;172;115m██[38;2;255;172;115m██[38;2;222;123;65m██[38;2;246;106;32m██[38;2;246;106;32m██[38;2;246;106;32m██[38;2;246;106;32m██[38;2;246;106;32m██[38;2;246;106;32m██[38;2;16;16;16m██  
                    [38;2;148;49;106m██[38;2;246;172;197m██[38;2;246;172;197m██[38;2;246;172;197m██[38;2;246;172;197m██[38;2;246;172;197m██[38;2;246;172;197m██[38;2;246;172;197m██[38;2;246;172;197m██[38;2;246;172;197m██[38;2;246;172;197m██[38;2;246;172;197m██[38;2;246;172;197m██[38;2;246;172;197m██[38;2;246;172;197m██[38;2;222;131;156m██[38;2;222;131;156m██[38;2;222;131;156m██[38;2;222;131;156m██[38;2;222;131;156m██[38;2;189;90;148m██[38;2;148;49;106m██[38;2;189;90;148m██[38;2;148;49;106m██[38;2;189;90;148m██[38;2;16;16;16m██[38;2;222;123;65m██[38;2;222;123;65m██[38;2;222;123;65m██[38;2;156;98;82m██[38;2;16;16;16m██[38;2;16;16;16m██[38;2;16;16;16m██[38;2;16;16;16m██[38;2;156;98;82m██[38;2;156;98;82m██[38;2;246;106;32m██[38;2;246;106;32m██[38;2;246;106;32m██[38;2;246;106;32m██[38;2;246;106;32m██[38;2;16;16;16m██  
                  [38;2;148;49;106m██[38;2;255;222;41m██[38;2;255;222;41m██[38;2;246;172;197m██[38;2;246;172;197m██[38;2;246;172;197m██[38;2;246;172;197m██[38;2;246;172;197m██[38;2;246;172;197m██[38;2;246;172;197m██[38;2;246;172;197m██[38;2;246;172;197m██[38;2;246;172;197m██[38;2;246;172;197m██[38;2;246;172;197m██[38;2;246;172;197m██[38;2;246;172;197m██[38;2;222;131;156m██[38;2;222;131;156m██[38;2;222;131;156m██[38;2;222;131;156m██[38;2;222;131;156m██[38;2;189;90;148m██[38;2;148;49;106m██[38;2;189;90;148m██[38;2;148;49;106m██[38;2;148;49;106m██[38;2;16;16;16m██[38;2;16;16;16m██[38;2;156;98;82m██[38;2;148;49;106m██[38;2;148;49;106m██[38;2;148;49;106m██[38;2;148;49;106m██[38;2;148;49;106m██[38;2;148;49;106m██[38;2;16;16;16m██[38;2;156;98;82m██[38;2;156;98;82m██[38;2;246;106;32m██[38;2;246;106;32m██[38;2;156;98;82m██[38;2;16;16;16m██  
                  [38;2;148;49;106m██[38;2;255;222;41m██[38;2;255;246;123m██[38;2;255;246;123m██[38;2;246;172;197m██[38;2;246;172;197m██[38;2;246;172;197m██[38;2;246;172;197m██[38;2;246;172;197m██[38;2;246;172;197m██[38;2;246;172;197m██[38;2;246;172;197m██[38;2;246;172;197m██[38;2;246;172;197m██[38;2;255;246;123m██[38;2;255;246;123m██[38;2;255;246;123m██[38;2;255;222;41m██[38;2;222;131;156m██[38;2;222;131;156m██[38;2;222;131;156m██[38;2;222;131;156m██[38;2;189;90;148m██[38;2;148;49;106m██[38;2;148;49;106m██[38;2;189;90;148m██[38;2;148;49;106m██[38;2;16;16;16m██[38;2;16;16;16m██[38;2;148;49;106m██[38;2;148;49;106m██[38;2;148;49;106m██[38;2;148;49;106m██[38;2;148;49;106m██[38;2;148;49;106m██[38;2;148;49;106m██[38;2;189;90;148m██[38;2;16;16;16m██[38;2;16;16;16m██[38;2;16;16;16m██[38;2;16;16;16m██[38;2;156;98;82m██    
                [38;2;148;49;106m██[38;2;222;131;156m██[38;2;222;131;156m██[38;2;255;222;41m██[38;2;255;246;123m██[38;2;246;172;197m██[38;2;246;172;197m██[38;2;246;172;197m██[38;2;246;172;197m██[38;2;246;172;197m██[38;2;246;172;197m██[38;2;246;172;197m██[38;2;246;172;197m██[38;2;246;172;197m██[38;2;255;246;123m██[38;2;255;246;123m██[38;2;255;222;41m██[38;2;255;222;41m██[38;2;255;222;41m██[38;2;255;222;41m██[38;2;222;131;156m██[38;2;222;131;156m██[38;2;222;131;156m██[38;2;189;90;148m██[38;2;189;90;148m██[38;2;148;49;106m██[38;2;16;16;16m██[38;2;148;49;106m██[38;2;16;16;16m██[38;2;222;123;65m██[38;2;16;16;16m██[38;2;16;16;16m██[38;2;148;49;106m██[38;2;148;49;106m██[38;2;148;49;106m██[38;2;148;49;106m██[38;2;148;49;106m██[38;2;189;90;148m██[38;2;189;90;148m██[38;2;16;16;16m██          
                [38;2;148;49;106m██[38;2;255;222;41m██[38;2;222;131;156m██[38;2;255;222;41m██[38;2;255;246;123m██[38;2;246;172;197m██[38;2;246;172;197m██[38;2;246;172;197m██[38;2;246;172;197m██[38;2;246;172;197m██[38;2;246;172;197m██[38;2;246;172;197m██[38;2;246;172;197m██[38;2;255;246;123m██[38;2;255;246;123m██[38;2;255;222;41m██[38;2;255;222;41m██[38;2;222;131;156m██[38;2;255;222;41m██[38;2;255;222;41m██[38;2;230;172;0m██[38;2;222;131;156m██[38;2;222;131;156m██[38;2;189;90;148m██[38;2;189;90;148m██[38;2;189;90;148m██[38;2;16;16;16m██[38;2;148;49;106m██[38;2;16;16;16m██[38;2;222;123;65m██[38;2;222;123;65m██[38;2;222;123;65m██[38;2;16;16;16m██[38;2;16;16;16m██[38;2;148;49;106m██[38;2;148;49;106m██[38;2;189;90;148m██[38;2;189;90;148m██[38;2;189;90;148m██[38;2;16;16;16m██          
              [38;2;148;49;106m██[38;2;255;222;41m██[38;2;255;222;41m██[38;2;222;131;156m██[38;2;222;131;156m██[38;2;255;246;123m██[38;2;246;172;197m██[38;2;246;172;197m██[38;2;246;172;197m██[38;2;246;172;197m██[38;2;246;172;197m██[38;2;246;172;197m██[38;2;246;172;197m██[38;2;255;246;123m██[38;2;255;246;123m██[38;2;255;222;41m██[38;2;222;131;156m██[38;2;222;131;156m██[38;2;222;131;156m██[38;2;222;131;156m██[38;2;255;222;41m██[38;2;255;222;41m██[38;2;222;131;156m██[38;2;189;90;148m██[38;2;189;90;148m██[38;2;189;90;148m██[38;2;189;90;148m██[38;2;148;49;106m██[38;2;16;16;16m██[38;2;222;123;65m██[38;2;222;123;65m██[38;2;222;123;65m██[38;2;222;123;65m██[38;2;222;123;65m██[38;2;222;123;65m██[38;2;16;16;16m██[38;2;156;98;82m██[38;2;189;90;148m██[38;2;189;90;148m██[38;2;189;90;148m██[38;2;189;90;148m██[38;2;16;16;16m██        
          [38;2;156;98;82m██[38;2;156;98;82m██[38;2;148;49;106m██[38;2;230;172;0m██[38;2;255;222;41m██[38;2;222;131;156m██[38;2;222;131;156m██[38;2;255;222;41m██[38;2;246;172;197m██[38;2;246;172;197m██[38;2;246;172;197m██[38;2;246;172;197m██[38;2;246;172;197m██[38;2;246;172;197m██[38;2;246;172;197m██[38;2;255;246;123m██[38;2;255;222;41m██[38;2;222;131;156m██[38;2;255;222;41m██[38;2;255;222;41m██[38;2;230;172;0m██[38;2;222;131;156m██[38;2;255;222;41m██[38;2;255;222;41m██[38;2;189;90;148m██[38;2;189;90;148m██[38;2;189;90;148m██[38;2;189;90;148m██[38;2;189;90;148m██[38;2;148;49;106m██[38;2;16;16;16m██[38;2;222;123;65m██[38;2;222;123;65m██[38;2;222;123;65m██[38;2;222;123;65m██[38;2;255;172;115m██[38;2;255;172;115m██[38;2;255;172;115m██[38;2;156;98;82m██[38;2;16;16;16m██[38;2;189;90;148m██[38;2;189;90;148m██[38;2;189;90;148m██[38;2;16;16;16m██        
      [38;2;156;98;82m██[38;2;156;98;82m██[38;2;246;106;32m██[38;2;246;106;32m██[38;2;148;49;106m██[38;2;230;172;0m██[38;2;230;172;0m██[38;2;222;131;156m██[38;2;255;222;41m██[38;2;255;222;41m██[38;2;222;131;156m██[38;2;246;172;197m██[38;2;246;172;197m██[38;2;246;172;197m██[38;2;246;172;197m██[38;2;222;131;156m██[38;2;255;222;41m██[38;2;255;222;41m██[38;2;222;131;156m██[38;2;255;222;41m██[38;2;255;222;41m██[38;2;255;222;41m██[38;2;230;172;0m██[38;2;222;131;156m██[38;2;255;222;41m██[38;2;255;222;41m██[38;2;189;90;148m██[38;2;189;90;148m██[38;2;189;90;148m██[38;2;189;90;148m██[38;2;189;90;148m██[38;2;189;90;148m██[38;2;16;16;16m██[38;2;16;16;16m██[38;2;156;98;82m██[38;2;222;123;65m██[38;2;255;172;115m██[38;2;255;172;115m██[38;2;255;172;115m██[38;2;255;172;115m██[38;2;255;172;115m██[38;2;156;98;82m██[38;2;148;49;106m██[38;2;189;90;148m██[38;2;189;90;148m██[38;2;16;16;16m██        
    [38;2;156;98;82m██[38;2;255;213;172m██[38;2;255;172;115m██[38;2;246;106;32m██[38;2;246;106;32m██[38;2;148;49;106m██[38;2;230;172;0m██[38;2;230;172;0m██[38;2;222;131;156m██[38;2;255;222;41m██[38;2;255;222;41m██[38;2;222;131;156m██[38;2;222;131;156m██[38;2;222;131;156m██[38;2;222;131;156m██[38;2;222;131;156m██[38;2;222;131;156m██[38;2;255;222;41m██[38;2;255;222;41m██[38;2;222;131;156m██[38;2;255;222;41m██[38;2;255;222;41m██[38;2;255;222;41m██[38;2;230;172;0m██[38;2;222;131;156m██[38;2;255;222;41m██[38;2;230;172;0m██[38;2;189;90;148m██[38;2;189;90;148m██[38;2;189;90;148m██[38;2;189;90;148m██[38;2;189;90;148m██[38;2;189;90;148m██[38;2;16;16;16m██  [38;2;156;98;82m██[38;2;16;16;16m██[38;2;255;172;115m██[38;2;255;172;115m██[38;2;255;172;115m██[38;2;255;172;115m██[38;2;255;172;115m██[38;2;255;172;115m██[38;2;16;16;16m██[38;2;189;90;148m██[38;2;189;90;148m██[38;2;189;90;148m██[38;2;16;16;16m██      
    [38;2;16;16;16m██[38;2;255;172;115m██[38;2;255;172;115m██[38;2;246;106;32m██[38;2;246;106;32m██[38;2;148;49;106m██[38;2;230;172;0m██[38;2;222;131;156m██[38;2;222;131;156m██[38;2;255;222;41m██[38;2;230;172;0m██[38;2;222;131;156m██[38;2;222;131;156m██[38;2;222;131;156m██[38;2;222;131;156m██[38;2;222;131;156m██[38;2;222;131;156m██[38;2;255;222;41m██[38;2;255;222;41m██[38;2;222;131;156m██[38;2;255;222;41m██[38;2;255;222;41m██[38;2;230;172;0m██[38;2;222;131;156m██[38;2;255;222;41m██[38;2;255;222;41m██[38;2;230;172;0m██[38;2;148;49;106m██[38;2;148;49;106m██[38;2;148;49;106m██[38;2;189;90;148m██[38;2;189;90;148m██[38;2;189;90;148m██[38;2;16;16;16m██      [38;2;16;16;16m██[38;2;255;172;115m██[38;2;255;172;115m██[38;2;255;172;115m██[38;2;255;172;115m██[38;2;255;172;115m██[38;2;156;98;82m██[38;2;16;16;16m██[38;2;189;90;148m██[38;2;189;90;148m██[38;2;16;16;16m██      
    [38;2;16;16;16m██[38;2;246;106;32m██[38;2;246;106;32m██[38;2;246;106;32m██[38;2;246;106;32m██[38;2;246;106;32m██[38;2;148;49;106m██[38;2;230;172;0m██[38;2;255;222;41m██[38;2;255;222;41m██[38;2;222;131;156m██[38;2;222;131;156m██[38;2;222;131;156m██[38;2;222;131;156m██[38;2;222;131;156m██[38;2;222;131;156m██[38;2;222;131;156m██[38;2;255;222;41m██[38;2;255;222;41m██[38;2;222;131;156m██[38;2;230;172;0m██[38;2;230;172;0m██[38;2;222;131;156m██[38;2;222;131;156m██[38;2;255;222;41m██[38;2;230;172;0m██[38;2;148;49;106m██[38;2;16;16;16m██[38;2;16;16;16m██[38;2;16;16;16m██[38;2;148;49;106m██[38;2;189;90;148m██[38;2;189;90;148m██[38;2;16;16;16m██        [38;2;16;16;16m██[38;2;255;172;115m██[38;2;255;172;115m██[38;2;255;172;115m██[38;2;255;172;115m██[38;2;246;106;32m██[38;2;246;106;32m██[38;2;16;16;16m██[38;2;189;90;148m██[38;2;16;16;16m██      
      [38;2;16;16;16m██[38;2;246;106;32m██[38;2;246;106;32m██[38;2;246;106;32m██[38;2;16;16;16m██[38;2;148;49;106m██[38;2;255;222;41m██[38;2;255;222;41m██[38;2;230;172;0m██[38;2;222;131;156m██[38;2;222;131;156m██[38;2;222;131;156m██[38;2;222;131;156m██[38;2;222;131;156m██[38;2;222;131;156m██[38;2;222;131;156m██[38;2;255;222;41m██[38;2;255;222;41m██[38;2;255;222;41m██[38;2;222;131;156m██[38;2;222;131;156m██[38;2;222;131;156m██[38;2;255;222;41m██[38;2;255;222;41m██[38;2;189;90;148m██[38;2;148;49;106m██[38;2;16;16;16m██[38;2;16;16;16m██[38;2;16;16;16m██[38;2;16;16;16m██[38;2;189;90;148m██[38;2;189;90;148m██[38;2;16;16;16m██          [38;2;16;16;16m██[38;2;255;172;115m██[38;2;255;172;115m██[38;2;246;106;32m██[38;2;246;106;32m██[38;2;246;106;32m██[38;2;16;16;16m██[38;2;148;49;106m██[38;2;16;16;16m██      
        [38;2;16;16;16m██[38;2;16;16;16m██[38;2;16;16;16m██    [38;2;148;49;106m██[38;2;189;90;148m██[38;2;222;131;156m██[38;2;222;131;156m██[38;2;222;131;156m██[38;2;222;131;156m██[38;2;222;131;156m██[38;2;222;131;156m██[38;2;222;131;156m██[38;2;222;131;156m██[38;2;230;172;0m██[38;2;255;222;41m██[38;2;255;222;41m██[38;2;255;222;41m██[38;2;255;222;41m██[38;2;255;222;41m██[38;2;230;172;0m██[38;2;189;90;148m██[38;2;148;49;106m██[38;2;164;123;16m██[38;2;16;16;16m██[38;2;16;16;16m██[38;2;16;16;16m██[38;2;16;16;16m██[38;2;189;90;148m██[38;2;189;90;148m██[38;2;16;16;16m██            [38;2;16;16;16m██[38;2;255;172;115m██[38;2;246;106;32m██[38;2;246;106;32m██[38;2;246;106;32m██[38;2;246;106;32m██[38;2;16;16;16m██[38;2;16;16;16m██      
                  [38;2;16;16;16m██[38;2;16;16;16m██[38;2;189;90;148m██[38;2;222;131;156m██[38;2;222;131;156m██[38;2;222;131;156m██[38;2;222;131;156m██[38;2;222;131;156m██[38;2;222;131;156m██[38;2;222;131;156m██[38;2;222;131;156m██[38;2;230;172;0m██[38;2;255;222;41m██[38;2;255;222;41m██[38;2;255;222;41m██[38;2;230;172;0m██[38;2;189;90;148m██[38;2;148;49;106m██[38;2;255;222;41m██[38;2;164;123;16m██[38;2;16;16;16m██[38;2;16;16;16m██[38;2;16;16;16m██[38;2;16;16;16m██[38;2;189;90;148m██[38;2;16;16;16m██              [38;2;16;16;16m██[38;2;246;106;32m██[38;2;246;106;32m██[38;2;255;213;172m██[38;2;255;172;115m██[38;2;246;106;32m██[38;2;16;16;16m██[38;2;16;16;16m██      
                  [38;2;16;16;16m██[38;2;148;49;106m██[38;2;16;16;16m██[38;2;189;90;148m██[38;2;222;131;156m██[38;2;222;131;156m██[38;2;222;131;156m██[38;2;222;131;156m██[38;2;222;131;156m██[38;2;222;131;156m██[38;2;222;131;156m██[38;2;222;131;156m██[38;2;222;131;156m██[38;2;222;131;156m██[38;2;189;90;148m██[38;2;148;49;106m██[38;2;148;49;106m██[38;2;255;222;41m██[38;2;255;222;41m██[38;2;230;172;0m██[38;2;16;16;16m██[38;2;16;16;16m██[38;2;16;16;16m██[38;2;148;49;106m██[38;2;189;90;148m██[38;2;16;16;16m██            [38;2;148;49;106m██[38;2;16;16;16m██[38;2;246;106;32m██[38;2;246;106;32m██[38;2;255;172;115m██[38;2;255;172;115m██[38;2;246;106;32m██[38;2;16;16;16m██        
                  [38;2;16;16;16m██[38;2;222;131;156m██[38;2;148;49;106m██[38;2;16;16;16m██[38;2;189;90;148m██[38;2;189;90;148m██[38;2;222;131;156m██[38;2;222;131;156m██[38;2;222;131;156m██[38;2;222;131;156m██[38;2;222;131;156m██[38;2;222;131;156m██[38;2;189;90;148m██[38;2;148;49;106m██[38;2;148;49;106m██[38;2;164;123;16m██[38;2;255;222;41m██[38;2;255;222;41m██[38;2;230;172;0m██[38;2;16;16;16m██[38;2;16;16;16m██[38;2;148;49;106m██[38;2;148;49;106m██[38;2;189;90;148m██[38;2;16;16;16m██              [38;2;148;49;106m██[38;2;189;90;148m██[38;2;16;16;16m██[38;2;246;106;32m██[38;2;246;106;32m██[38;2;246;106;32m██[38;2;246;106;32m██[38;2;16;16;16m██        
                    [38;2;16;16;16m██[38;2;222;131;156m██[38;2;148;49;106m██[38;2;16;16;16m██[38;2;16;16;16m██[38;2;189;90;148m██[38;2;189;90;148m██[38;2;189;90;148m██[38;2;189;90;148m██[38;2;148;49;106m██[38;2;148;49;106m██[38;2;16;16;16m██[38;2;16;16;16m██[38;2;16;16;16m██[38;2;164;123;16m██[38;2;164;123;16m██[38;2;230;172;0m██[38;2;16;16;16m██[38;2;148;49;106m██[38;2;246;172;197m██[38;2;222;131;156m██[38;2;189;90;148m██[38;2;189;90;148m██[38;2;16;16;16m██[38;2;156;98;82m██          [38;2;148;49;106m██[38;2;189;90;148m██[38;2;189;90;148m██[38;2;16;16;16m██[38;2;246;106;32m██[38;2;246;106;32m██[38;2;246;106;32m██[38;2;16;16;16m██          
                    [38;2;16;16;16m██[38;2;222;131;156m██[38;2;222;131;156m██[38;2;148;49;106m██[38;2;16;16;16m██[38;2;16;16;16m██[38;2;16;16;16m██[38;2;16;16;16m██[38;2;16;16;16m██[38;2;16;16;16m██[38;2;16;16;16m██[38;2;16;16;16m██[38;2;16;16;16m██[38;2;16;16;16m██[38;2;16;16;16m██[38;2;16;16;16m██[38;2;16;16;16m██[38;2;148;49;106m██[38;2;246;172;197m██[38;2;222;131;156m██[38;2;222;131;156m██[38;2;189;90;148m██[38;2;16;16;16m██[38;2;246;106;32m██[38;2;156;98;82m██        [38;2;148;49;106m██[38;2;189;90;148m██[38;2;189;90;148m██[38;2;189;90;148m██[38;2;189;90;148m██[38;2;16;16;16m██[38;2;16;16;16m██[38;2;16;16;16m██            
                      [38;2;16;16;16m██[38;2;222;131;156m██[38;2;246;172;197m██[38;2;148;49;106m██[38;2;148;49;106m██[38;2;16;16;16m██[38;2;16;16;16m██[38;2;16;16;16m██[38;2;16;16;16m██[38;2;16;16;16m██[38;2;16;16;16m██[38;2;16;16;16m██[38;2;16;16;16m██[38;2;16;16;16m██[38;2;148;49;106m██[38;2;148;49;106m██[38;2;246;172;197m██[38;2;222;131;156m██[38;2;222;131;156m██[38;2;189;90;148m██[38;2;16;16;16m██[38;2;246;106;32m██[38;2;246;106;32m██[38;2;16;16;16m██      [38;2;148;49;106m██[38;2;189;90;148m██[38;2;189;90;148m██[38;2;189;90;148m██[38;2;189;90;148m██[38;2;189;90;148m██[38;2;189;90;148m██[38;2;189;90;148m██[38;2;16;16;16m██            
                        [38;2;16;16;16m██[38;2;222;131;156m██[38;2;246;172;197m██[38;2;246;172;197m██[38;2;148;49;106m██[38;2;148;49;106m██[38;2;148;49;106m██[38;2;148;49;106m██[38;2;148;49;106m██[38;2;148;49;106m██[38;2;148;49;106m██[38;2;148;49;106m██[38;2;148;49;106m██[38;2;246;172;197m██[38;2;222;131;156m██[38;2;222;131;156m██[38;2;222;131;156m██[38;2;222;131;156m██[38;2;16;16;16m██[38;2;246;106;32m██[38;2;246;106;32m██[38;2;246;106;32m██[38;2;16;16;16m██  [38;2;164;123;16m██[38;2;164;123;16m██[38;2;189;90;148m██[38;2;189;90;148m██[38;2;189;90;148m██[38;2;189;90;148m██[38;2;189;90;148m██[38;2;189;90;148m██[38;2;189;90;148m██[38;2;16;16;16m██              
                          [38;2;16;16;16m██[38;2;222;131;156m██[38;2;222;131;156m██[38;2;246;172;197m██[38;2;246;172;197m██[38;2;246;172;197m██[38;2;246;172;197m██[38;2;246;172;197m██[38;2;246;172;197m██[38;2;246;172;197m██[38;2;246;172;197m██[38;2;222;131;156m██[38;2;222;131;156m██[38;2;222;131;156m██[38;2;222;131;156m██[38;2;222;131;156m██[38;2;16;16;16m██[38;2;246;106;32m██[38;2;246;106;32m██[38;2;246;106;32m██[38;2;246;106;32m██[38;2;16;16;16m██[38;2;164;123;16m██[38;2;230;172;0m██[38;2;230;172;0m██[38;2;164;123;16m██[38;2;189;90;148m██[38;2;189;90;148m██[38;2;189;90;148m██[38;2;189;90;148m██[38;2;189;90;148m██[38;2;189;90;148m██[38;2;16;16;16m██              
                            [38;2;16;16;16m██[38;2;16;16;16m██[38;2;222;131;156m██[38;2;222;131;156m██[38;2;222;131;156m██[38;2;222;131;156m██[38;2;222;131;156m██[38;2;222;131;156m██[38;2;222;131;156m██[38;2;222;131;156m██[38;2;222;131;156m██[38;2;222;131;156m██[38;2;222;131;156m██[38;2;16;16;16m██[38;2;16;16;16m██[38;2;16;16;16m██[38;2;246;106;32m██[38;2;246;106;32m██[38;2;246;106;32m██[38;2;246;106;32m██[38;2;16;16;16m██[38;2;230;172;0m██[38;2;255;222;41m██[38;2;255;222;41m██[38;2;230;172;0m██[38;2;164;123;16m██[38;2;189;90;148m██[38;2;189;90;148m██[38;2;189;90;148m██[38;2;189;90;148m██[38;2;16;16;16m██                
                                [38;2;16;16;16m██[38;2;16;16;16m██[38;2;222;131;156m██[38;2;222;131;156m██[38;2;222;131;156m██[38;2;222;131;156m██[38;2;222;131;156m██[38;2;222;131;156m██[38;2;16;16;16m██[38;2;16;16;16m██[38;2;16;16;16m██      [38;2;16;16;16m██[38;2;246;106;32m██[38;2;246;106;32m██[38;2;16;16;16m██[38;2;230;172;0m██[38;2;164;123;16m██[38;2;164;123;16m██[38;2;230;172;0m██[38;2;230;172;0m██[38;2;230;172;0m██[38;2;164;123;16m██[38;2;189;90;148m██[38;2;189;90;148m██[38;2;16;16;16m██                  
                                    [38;2;16;16;16m██[38;2;16;16;16m██[38;2;16;16;16m██[38;2;16;16;16m██[38;2;16;16;16m██[38;2;16;16;16m██            [38;2;164;123;16m██[38;2;16;16;16m██[38;2;16;16;16m██[38;2;255;222;41m██[38;2;255;222;41m██[38;2;255;222;41m██[38;2;230;172;0m██[38;2;164;123;16m██[38;2;230;172;0m██[38;2;230;172;0m██[38;2;164;123;16m██[38;2;189;90;148m██[38;2;16;16;16m██                    
                                                          [38;2;164;123;16m██[38;2;230;172;0m██[38;2;164;123;16m██[38;2;164;123;16m██[38;2;164;123;16m██[38;2;255;222;41m██[38;2;230;172;0m██[38;2;230;172;0m██[38;2;230;172;0m██[38;2;164;123;16m██[38;2;230;172;0m██[38;2;16;16;16m██[38;2;16;16;16m██                      
                                                        [38;2;164;123;16m██[38;2;230;172;0m██[38;2;255;246;123m██[38;2;255;246;123m██[38;2;255;246;123m██[38;2;230;172;0m██[38;2;164;123;16m██[38;2;230;172;0m██[38;2;230;172;0m██[38;2;230;172;0m██[38;2;164;123;16m██[38;2;16;16;16m██                          
                                                        [38;2;164;123;16m██[38;2;255;246;123m██[38;2;255;246;123m██[38;2;255;246;123m██[38;2;255;222;41m██[38;2;255;222;41m██[38;2;230;172;0m██[38;2;164;123;16m██[38;2;230;172;0m██[38;2;230;172;0m██[38;2;16;16;16m██                            
                                                      [38;2;164;123;16m██[38;2;255;222;41m██[38;2;164;123;16m██[38;2;164;123;16m██[38;2;164;123;16m██[38;2;255;222;41m██[38;2;230;172;0m██[38;2;230;172;0m██[38;2;230;172;0m██[38;2;164;123;16m██[38;2;16;16;16m██                              
                                                      [38;2;16;16;16m██[38;2;164;123;16m██[38;2;246;172;197m██[38;2;246;172;197m██[38;2;246;172;197m██[38;2;164;123;16m██[38;2;164;123;16m██[38;2;230;172;0m██[38;2;230;172;0m██[38;2;164;123;16m██[38;2;16;16;16m██                              
                                                    [38;2;148;49;106m██[38;2;222;131;156m██[38;2;246;172;197m██[38;2;246;172;197m██[38;2;246;172;197m██[38;2;246;172;197m██[38;2;222;131;156m██[38;2;189;90;148m██[38;2;164;123;16m██[38;2;164;123;16m██[38;2;16;16;16m██                                
                                                    [38;2;148;49;106m██[38;2;246;172;197m██[38;2;246;172;197m██[38;2;246;172;197m██[38;2;246;172;197m██[38;2;222;131;156m██[38;2;222;131;156m██[38;2;189;90;148m██[38;2;189;90;148m██[38;2;189;90;148m██[38;2;16;16;16m██                                
                                                  [38;2;148;49;106m██[38;2;189;90;148m██[38;2;246;172;197m██[38;2;246;172;197m██[38;2;246;172;197m██[38;2;246;172;197m██[38;2;222;131;156m██[38;2;189;90;148m██[38;2;189;90;148m██[38;2;189;90;148m██[38;2;189;90;148m██[38;2;16;16;16m██                                
                                                [38;2;148;49;106m██[38;2;148;49;106m██[38;2;222;131;156m██[38;2;222;131;156m██[38;2;246;172;197m██[38;2;246;172;197m██[38;2;222;131;156m██[38;2;222;131;156m██[38;2;222;131;156m██[38;2;189;90;148m██[38;2;189;90;148m██[38;2;189;90;148m██[38;2;189;90;148m██[38;2;16;16;16m██                              
                                                [38;2;148;49;106m██[38;2;222;131;156m██[38;2;222;131;156m██[38;2;222;131;156m██[38;2;222;131;156m██[38;2;222;131;156m██[38;2;222;131;156m██[38;2;222;131;156m██[38;2;189;90;148m██[38;2;222;131;156m██[38;2;189;90;148m██[38;2;189;90;148m██[38;2;189;90;148m██[38;2;16;16;16m██                              
                                              [38;2;16;16;16m██[38;2;189;90;148m██[38;2;222;131;156m██[38;2;222;131;156m██[38;2;222;131;156m██[38;2;222;131;156m██[38;2;222;131;156m██[38;2;222;131;156m██[38;2;222;131;156m██[38;2;222;131;156m██[38;2;189;90;148m██[38;2;222;131;156m██[38;2;189;90;148m██[38;2;189;90;148m██[38;2;189;90;148m██[38;2;16;16;16m██[38;2;148;49;106m██                          
                                              [38;2;16;16;16m██[38;2;189;90;148m██[38;2;222;131;156m██[38;2;222;131;156m██[38;2;222;131;156m██[38;2;222;131;156m██[38;2;222;131;156m██[38;2;222;131;156m██[38;2;222;131;156m██[38;2;189;90;148m██[38;2;222;131;156m██[38;2;189;90;148m██[38;2;222;131;156m██[38;2;189;90;148m██[38;2;222;131;156m██[38;2;222;131;156m██[38;2;222;131;156m██[38;2;16;16;16m██[38;2;148;49;106m██                      
                                            [38;2;16;16;16m██[38;2;189;90;148m██[38;2;222;131;156m██[38;2;189;90;148m██[38;2;222;131;156m██[38;2;189;90;148m██[38;2;222;131;156m██[38;2;222;131;156m██[38;2;222;131;156m██[38;2;222;131;156m██[38;2;222;131;156m██[38;2;189;90;148m██[38;2;222;131;156m██[38;2;189;90;148m██[38;2;222;131;156m██[38;2;222;131;156m██[38;2;222;131;156m██[38;2;222;131;156m██[38;2;222;131;156m██[38;2;189;90;148m██[38;2;16;16;16m██                    
                                            [38;2;16;16;16m██[38;2;222;131;156m██[38;2;189;90;148m██[38;2;222;131;156m██[38;2;189;90;148m██[38;2;222;131;156m██[38;2;222;131;156m██[38;2;222;131;156m██[38;2;222;131;156m██[38;2;222;131;156m██[38;2;222;131;156m██[38;2;222;131;156m██[38;2;189;90;148m██[38;2;222;131;156m██[38;2;222;131;156m██[38;2;222;131;156m██[38;2;222;131;156m██[38;2;222;131;156m██[38;2;222;131;156m██[38;2;222;131;156m██[38;2;189;90;148m██[38;2;16;16;16m██                  
                                          [38;2;16;16;16m██[38;2;222;131;156m██[38;2;222;131;156m██[38;2;222;131;156m██[38;2;222;131;156m██[38;2;222;131;156m██[38;2;222;131;156m██[38;2;222;131;156m██[38;2;222;131;156m██[38;2;222;131;156m██[38;2;222;131;156m██[38;2;222;131;156m██[38;2;222;131;156m██[38;2;222;131;156m██[38;2;222;131;156m██[38;2;222;131;156m██[38;2;222;131;156m██[38;2;222;131;156m██[38;2;222;131;156m██[38;2;222;131;156m██[38;2;222;131;156m██[38;2;222;131;156m██[38;2;189;90;148m██[38;2;16;16;16m██[38;2;16;16;16m██              
                                        [38;2;16;16;16m██[38;2;189;90;148m██[38;2;222;131;156m██[38;2;222;131;156m██[38;2;222;131;156m██[38;2;222;131;156m██[38;2;222;131;156m██[38;2;222;131;156m██[38;2;222;131;156m██[38;2;222;131;156m██[38;2;222;131;156m██[38;2;222;131;156m██[38;2;222;131;156m██[38;2;222;131;156m██[38;2;222;131;156m██[38;2;222;131;156m██[38;2;222;131;156m██[38;2;222;131;156m██[38;2;222;131;156m██[38;2;222;131;156m██[38;2;222;131;156m██[38;2;222;131;156m██[38;2;222;131;156m██[38;2;189;90;148m██[38;2;189;90;148m██[38;2;148;49;106m██[38;2;16;16;16m██[38;2;16;16;16m██[38;2;148;49;106m██        
                                      [38;2;16;16;16m██[38;2;189;90;148m██[38;2;222;131;156m██[38;2;222;131;156m██[38;2;222;131;156m██[38;2;222;131;156m██[38;2;222;131;156m██[38;2;222;131;156m██[38;2;222;131;156m██[38;2;222;131;156m██[38;2;222;131;156m██[38;2;222;131;156m██[38;2;222;131;156m██[38;2;222;131;156m██[38;2;222;131;156m██[38;2;222;131;156m██[38;2;222;131;156m██[38;2;222;131;156m██[38;2;222;131;156m██[38;2;222;131;156m██[38;2;222;131;156m██[38;2;222;131;156m██[38;2;222;131;156m██[38;2;222;131;156m██[38;2;189;90;148m██[38;2;189;90;148m██[38;2;148;49;106m██[38;2;189;90;148m██[38;2;189;90;148m██[38;2;148;49;106m██[38;2;16;16;16m██[38;2;16;16;16m██    
                                    [38;2;16;16;16m██[38;2;148;49;106m██[38;2;222;131;156m██[38;2;222;131;156m██[38;2;222;131;156m██[38;2;222;131;156m██[38;2;222;131;156m██[38;2;222;131;156m██[38;2;222;131;156m██[38;2;222;131;156m██[38;2;222;131;156m██[38;2;222;131;156m██[38;2;222;131;156m██[38;2;222;131;156m██[38;2;222;131;156m██[38;2;222;131;156m██[38;2;222;131;156m██[38;2;222;131;156m██[38;2;222;131;156m██[38;2;222;131;156m██[38;2;222;131;156m██[38;2;222;131;156m██[38;2;222;131;156m██[38;2;222;131;156m██[38;2;189;90;148m██[38;2;189;90;148m██[38;2;189;90;148m██[38;2;189;90;148m██[38;2;148;49;106m██[38;2;189;90;148m██[38;2;189;90;148m██[38;2;189;90;148m██[38;2;189;90;148m██[38;2;16;16;16m██  
                                [38;2;16;16;16m██[38;2;148;49;106m██[38;2;222;131;156m██[38;2;222;131;156m██[38;2;222;131;156m██[38;2;222;131;156m██[38;2;222;131;156m██[38;2;222;131;156m██[38;2;222;131;156m██[38;2;222;131;156m██[38;2;222;131;156m██[38;2;222;131;156m██[38;2;222;131;156m██[38;2;222;131;156m██[38;2;222;131;156m██[38;2;222;131;156m██[38;2;222;131;156m██[38;2;222;131;156m██[38;2;222;131;156m██[38;2;222;131;156m██[38;2;222;131;156m██[38;2;222;131;156m██[38;2;222;131;156m██[38;2;222;131;156m██[38;2;222;131;156m██[38;2;189;90;148m██[38;2;189;90;148m██[38;2;189;90;148m██[38;2;189;90;148m██[38;2;189;90;148m██[38;2;148;49;106m██[38;2;189;90;148m██[38;2;189;90;148m██[38;2;189;90;148m██[38;2;189;90;148m██[38;2;189;90;148m██[38;2;16;16;16m██
                            [38;2;16;16;16m██[38;2;148;49;106m██[38;2;222;131;156m██[38;2;222;131;156m██[38;2;246;172;197m██[38;2;246;172;197m██[38;2;222;131;156m██[38;2;222;131;156m██[38;2;222;131;156m██[38;2;222;131;156m██[38;2;222;131;156m██[38;2;222;131;156m██[38;2;222;131;156m██[38;2;222;131;156m██[38;2;222;131;156m██[38;2;222;131;156m██[38;2;222;131;156m██[38;2;222;131;156m██[38;2;222;131;156m██[38;2;222;131;156m██[38;2;222;131;156m██[38;2;222;131;156m██[38;2;222;131;156m██[38;2;222;131;156m██[38;2;222;131;156m██[38;2;189;90;148m██[38;2;148;49;106m██[38;2;189;90;148m██[38;2;189;90;148m██[38;2;189;90;148m██[38;2;189;90;148m██[38;2;189;90;148m██[38;2;189;90;148m██[38;2;189;90;148m██[38;2;189;90;148m██[38;2;189;90;148m██[38;2;189;90;148m██[38;2;189;90;148m██[38;2;16;16;16m██
                          [38;2;16;16;16m██[38;2;222;131;156m██[38;2;222;131;156m██[38;2;246;172;197m██[38;2;246;172;197m██[38;2;246;172;197m██[38;2;222;131;156m██[38;2;222;131;156m██[38;2;222;131;156m██[38;2;222;131;156m██[38;2;222;131;156m██[38;2;222;131;156m██[38;2;222;131;156m██[38;2;255;222;41m██[38;2;255;222;41m██[38;2;255;222;41m██[38;2;222;131;156m██[38;2;222;131;156m██[38;2;222;131;156m██[38;2;222;131;156m██[38;2;222;131;156m██[38;2;222;131;156m██[38;2;222;131;156m██[38;2;222;131;156m██[38;2;222;131;156m██[38;2;222;131;156m██[38;2;222;131;156m██[38;2;222;131;156m██[38;2;148;49;106m██[38;2;148;49;106m██[38;2;189;90;148m██[38;2;189;90;148m██[38;2;189;90;148m██[38;2;189;90;148m██[38;2;189;90;148m██[38;2;189;90;148m██[38;2;189;90;148m██[38;2;189;90;148m██[38;2;189;90;148m██[38;2;16;16;16m██
                        [38;2;16;16;16m██[38;2;222;131;156m██[38;2;222;131;156m██[38;2;246;172;197m██[38;2;246;172;197m██[38;2;222;131;156m██[38;2;222;131;156m██[38;2;222;131;156m██[38;2;222;131;156m██[38;2;222;131;156m██[38;2;222;131;156m██[38;2;222;131;156m██[38;2;255;222;41m██[38;2;255;222;41m██[38;2;255;222;41m██[38;2;255;222;41m██[38;2;255;222;41m██[38;2;255;222;41m██[38;2;255;222;41m██[38;2;222;131;156m██[38;2;222;131;156m██[38;2;222;131;156m██[38;2;222;131;156m██[38;2;222;131;156m██[38;2;222;131;156m██[38;2;246;172;197m██[38;2;246;172;197m██[38;2;246;172;197m██[38;2;222;131;156m██[38;2;222;131;156m██[38;2;222;131;156m██[38;2;148;49;106m██[38;2;16;16;16m██[38;2;189;90;148m██[38;2;189;90;148m██[38;2;189;90;148m██[38;2;189;90;148m██[38;2;189;90;148m██[38;2;189;90;148m██[38;2;189;90;148m██[38;2;16;16;16m██
                        [38;2;16;16;16m██[38;2;222;131;156m██[38;2;222;131;156m██[38;2;222;131;156m██[38;2;222;131;156m██[38;2;222;131;156m██[38;2;222;131;156m██[38;2;222;131;156m██[38;2;148;49;106m██[38;2;189;90;148m██[38;2;222;131;156m██[38;2;230;172;0m██[38;2;255;222;41m██[38;2;255;222;41m██[38;2;222;131;156m██[38;2;222;131;156m██[38;2;255;222;41m██[38;2;255;222;41m██[38;2;255;222;41m██[38;2;255;222;41m██[38;2;222;131;156m██[38;2;222;131;156m██[38;2;222;131;156m██[38;2;222;131;156m██[38;2;222;131;156m██[38;2;222;131;156m██[38;2;246;172;197m██[38;2;246;172;197m██[38;2;246;172;197m██[38;2;246;172;197m██[38;2;222;131;156m██[38;2;222;131;156m██[38;2;222;131;156m██[38;2;148;49;106m██[38;2;16;16;16m██[38;2;189;90;148m██[38;2;189;90;148m██[38;2;189;90;148m██[38;2;189;90;148m██[38;2;16;16;16m██  
                        [38;2;16;16;16m██[38;2;222;131;156m██[38;2;222;131;156m██[38;2;222;131;156m██[38;2;222;131;156m██[38;2;222;131;156m██[38;2;222;131;156m██[38;2;189;90;148m██[38;2;189;90;148m██[38;2;148;49;106m██[38;2;189;90;148m██[38;2;230;172;0m██[38;2;230;172;0m██[38;2;222;131;156m██[38;2;222;131;156m██[38;2;222;131;156m██[38;2;222;131;156m██[38;2;222;131;156m██[38;2;255;222;41m██[38;2;255;222;41m██[38;2;255;222;41m██[38;2;222;131;156m██[38;2;222;131;156m██[38;2;189;90;148m██[38;2;222;131;156m██[38;2;222;131;156m██[38;2;222;131;156m██[38;2;222;131;156m██[38;2;246;172;197m██[38;2;246;172;197m██[38;2;222;131;156m██[38;2;222;131;156m██[38;2;189;90;148m██[38;2;189;90;148m██[38;2;148;49;106m██[38;2;16;16;16m██[38;2;16;16;16m██[38;2;16;16;16m██[38;2;16;16;16m██    
                          [38;2;148;49;106m██[38;2;222;131;156m██[38;2;222;131;156m██[38;2;189;90;148m██[38;2;189;90;148m██[38;2;189;90;148m██[38;2;189;90;148m██[38;2;189;90;148m██[38;2;16;16;16m██[38;2;148;49;106m██[38;2;230;172;0m██[38;2;230;172;0m██[38;2;222;131;156m██[38;2;222;131;156m██[38;2;255;222;41m██[38;2;255;222;41m██[38;2;222;131;156m██[38;2;222;131;156m██[38;2;255;222;41m██[38;2;255;222;41m██[38;2;230;172;0m██[38;2;189;90;148m██[38;2;189;90;148m██[38;2;222;131;156m██[38;2;222;131;156m██[38;2;222;131;156m██[38;2;222;131;156m██[38;2;222;131;156m██[38;2;222;131;156m██[38;2;222;131;156m██[38;2;189;90;148m██[38;2;189;90;148m██[38;2;189;90;148m██[38;2;189;90;148m██[38;2;16;16;16m██          
                          [38;2;16;16;16m██[38;2;189;90;148m██[38;2;189;90;148m██[38;2;189;90;148m██[38;2;189;90;148m██[38;2;189;90;148m██[38;2;189;90;148m██[38;2;189;90;148m██[38;2;16;16;16m██[38;2;16;16;16m██[38;2;230;172;0m██[38;2;230;172;0m██[38;2;189;90;148m██[38;2;230;172;0m██[38;2;255;222;41m██[38;2;255;222;41m██[38;2;255;222;41m██[38;2;222;131;156m██[38;2;222;131;156m██[38;2;230;172;0m██[38;2;230;172;0m██[38;2;189;90;148m██[38;2;189;90;148m██[38;2;222;131;156m██[38;2;222;131;156m██[38;2;222;131;156m██[38;2;222;131;156m██[38;2;222;131;156m██[38;2;222;131;156m██[38;2;222;131;156m██[38;2;189;90;148m██[38;2;189;90;148m██[38;2;189;90;148m██[38;2;189;90;148m██[38;2;16;16;16m██          
                            [38;2;16;16;16m██[38;2;189;90;148m██[38;2;189;90;148m██[38;2;189;90;148m██[38;2;189;90;148m██[38;2;148;49;106m██[38;2;16;16;16m██    [38;2;16;16;16m██[38;2;16;16;16m██[38;2;189;90;148m██[38;2;230;172;0m██[38;2;230;172;0m██[38;2;230;172;0m██[38;2;230;172;0m██[38;2;230;172;0m██[38;2;189;90;148m██[38;2;230;172;0m██[38;2;230;172;0m██[38;2;230;172;0m██[38;2;148;49;106m██[38;2;189;90;148m██[38;2;222;131;156m██[38;2;222;131;156m██[38;2;222;131;156m██[38;2;222;131;156m██[38;2;222;131;156m██[38;2;222;131;156m██[38;2;189;90;148m██[38;2;189;90;148m██[38;2;189;90;148m██[38;2;189;90;148m██[38;2;16;16;16m██          
                              [38;2;16;16;16m██[38;2;16;16;16m██[38;2;16;16;16m██[38;2;16;16;16m██            [38;2;16;16;16m██[38;2;16;16;16m██[38;2;16;16;16m██[38;2;16;16;16m██[38;2;230;172;0m██[38;2;230;172;0m██[38;2;189;90;148m██[38;2;189;90;148m██[38;2;230;172;0m██[38;2;230;172;0m██[38;2;16;16;16m██[38;2;16;16;16m██[38;2;16;16;16m██[38;2;189;90;148m██[38;2;222;131;156m██[38;2;222;131;156m██[38;2;222;131;156m██[38;2;222;131;156m██[38;2;189;90;148m██[38;2;189;90;148m██[38;2;189;90;148m██[38;2;189;90;148m██[38;2;16;16;16m██          
                                                          [38;2;16;16;16m██[38;2;16;16;16m██[38;2;16;16;16m██[38;2;16;16;16m██[38;2;16;16;16m██[38;2;16;16;16m██      [38;2;16;16;16m██[38;2;16;16;16m██[38;2;16;16;16m██[38;2;189;90;148m██[38;2;222;131;156m██[38;2;222;131;156m██[38;2;189;90;148m██[38;2;189;90;148m██[38;2;16;16;16m██            
                                                                                  [38;2;16;16;16m██[38;2;16;16;16m██[38;2;16;16;16m██[38;2;16;16;16m██[38;2;16;16;16m██              
