                              [38;2;16;16;16m██[38;2;16;16;16m██[38;2;16;16;16m██[38;2;16;16;16m██                              [38;2;16;16;16m██[38;2;16;16;16m██[38;2;16;16;16m██[38;2;16;16;16m██                
                            [38;2;16;16;16m██[38;2;38;38;38m██[38;2;38;38;38m██[38;2;77;77;77m██[38;2;77;77;77m██[38;2;16;16;16m██                        [38;2;16;16;16m██[38;2;16;16;16m██[38;2;77;77;77m██[38;2;38;38;38m██[38;2;38;38;38m██[38;2;38;38;38m██[38;2;16;16;16m██              
                            [38;2;16;16;16m██[38;2;191;191;134m██[38;2;191;191;134m██[38;2;38;38;38m██[38;2;77;77;77m██[38;2;77;77;77m██[38;2;16;16;16m██                    [38;2;16;16;16m██[38;2;77;77;77m██[38;2;77;77;77m██[38;2;38;38;38m██[38;2;191;191;134m██[38;2;191;191;134m██[38;2;191;191;134m██[38;2;38;38;38m██[38;2;16;16;16m██            
                          [38;2;16;16;16m██[38;2;191;191;134m██[38;2;191;191;134m██[38;2;191;191;134m██[38;2;191;191;134m██[38;2;38;38;38m██[38;2;77;77;77m██[38;2;16;16;16m██                    [38;2;16;16;16m██[38;2;77;77;77m██[38;2;38;38;38m██[38;2;191;191;134m██[38;2;191;191;134m██[38;2;191;191;134m██[38;2;191;191;134m██[38;2;191;191;134m██[38;2;16;16;16m██            
                          [38;2;16;16;16m██[38;2;191;191;134m██[38;2;191;191;134m██[38;2;242;242;170m██[38;2;242;242;170m██[38;2;38;38;38m██[38;2;77;77;77m██[38;2;77;77;77m██[38;2;16;16;16m██                [38;2;16;16;16m██[38;2;77;77;77m██[38;2;38;38;38m██[38;2;191;191;134m██[38;2;242;242;170m██[38;2;242;242;170m██[38;2;191;191;134m██[38;2;191;191;134m██[38;2;191;191;134m██[38;2;16;16;16m██            
                          [38;2;16;16;16m██[38;2;191;191;134m██[38;2;242;242;170m██[38;2;242;242;170m██[38;2;242;242;170m██[38;2;191;191;134m██[38;2;38;38;38m██[38;2;77;77;77m██[38;2;16;16;16m██                [38;2;16;16;16m██[38;2;77;77;77m██[38;2;38;38;38m██[38;2;242;242;170m██[38;2;242;242;170m██[38;2;242;242;170m██[38;2;242;242;170m██[38;2;191;191;134m██[38;2;77;77;77m██[38;2;16;16;16m██            
                          [38;2;16;16;16m██[38;2;77;77;77m██[38;2;242;242;170m██[38;2;242;242;170m██[38;2;242;242;170m██[38;2;242;242;170m██[38;2;38;38;38m██[38;2;77;77;77m██[38;2;16;16;16m██                [38;2;16;16;16m██[38;2;38;38;38m██[38;2;191;191;134m██[38;2;242;242;170m██[38;2;242;242;170m██[38;2;242;242;170m██[38;2;242;242;170m██[38;2;191;191;134m██[38;2;16;16;16m██              
                            [38;2;16;16;16m██[38;2;191;191;134m██[38;2;242;242;170m██[38;2;242;242;170m██[38;2;242;242;170m██[38;2;38;38;38m██[38;2;77;77;77m██[38;2;16;16;16m██  [38;2;115;92;46m██[38;2;115;92;46m██[38;2;115;92;46m██[38;2;115;92;46m██[38;2;115;92;46m██[38;2;115;92;46m██[38;2;115;92;46m██[38;2;16;16;16m██[38;2;38;38;38m██[38;2;242;242;170m██[38;2;242;242;170m██[38;2;242;242;170m██[38;2;242;242;170m██[38;2;191;191;134m██[38;2;38;38;38m██[38;2;16;16;16m██              
                            [38;2;16;16;16m██[38;2;77;77;77m██[38;2;191;191;134m██[38;2;242;242;170m██[38;2;242;242;170m██[38;2;38;38;38m██[38;2;77;77;77m██[38;2;153;122;61m██[38;2;153;122;61m██[38;2;242;194;97m██[38;2;242;194;97m██[38;2;242;194;97m██[38;2;242;194;97m██[38;2;242;194;97m██[38;2;242;194;97m██[38;2;191;153;76m██[38;2;16;16;16m██[38;2;38;38;38m██[38;2;242;242;170m██[38;2;242;242;170m██[38;2;242;242;170m██[38;2;191;191;134m██[38;2;38;38;38m██[38;2;16;16;16m██                
                              [38;2;16;16;16m██[38;2;38;38;38m██[38;2;191;191;134m██[38;2;242;242;170m██[38;2;153;122;61m██[38;2;153;122;61m██[38;2;242;194;97m██[38;2;242;194;97m██[38;2;242;194;97m██[38;2;242;194;97m██[38;2;242;194;97m██[38;2;242;194;97m██[38;2;242;194;97m██[38;2;242;194;97m██[38;2;242;194;97m██[38;2;38;38;38m██[38;2;16;16;16m██[38;2;191;191;134m██[38;2;242;242;170m██[38;2;77;77;77m██[38;2;16;16;16m██[38;2;16;16;16m██                  
                                [38;2;16;16;16m██[38;2;38;38;38m██[38;2;153;122;61m██[38;2;242;194;97m██[38;2;242;194;97m██[38;2;242;194;97m██[38;2;242;194;97m██[38;2;242;194;97m██[38;2;242;194;97m██[38;2;242;194;97m██[38;2;242;194;97m██[38;2;242;194;97m██[38;2;242;194;97m██[38;2;242;194;97m██[38;2;242;194;97m██[38;2;38;38;38m██[38;2;16;16;16m██[38;2;16;16;16m██[38;2;16;16;16m██                      
                                  [38;2;153;122;61m██[38;2;242;194;97m██[38;2;242;194;97m██[38;2;242;194;97m██[38;2;242;194;97m██[38;2;242;194;97m██[38;2;242;194;97m██[38;2;242;194;97m██[38;2;242;194;97m██[38;2;242;194;97m██[38;2;242;194;97m██[38;2;242;194;97m██[38;2;242;194;97m██[38;2;242;194;97m██[38;2;242;194;97m██[38;2;242;194;97m██[38;2;242;194;97m██[38;2;115;92;46m██                      
                                [38;2;153;122;61m██[38;2;242;194;97m██[38;2;242;194;97m██[38;2;242;194;97m██[38;2;242;194;97m██[38;2;242;194;97m██[38;2;242;194;97m██[38;2;242;194;97m██[38;2;242;194;97m██[38;2;242;194;97m██[38;2;242;194;97m██[38;2;242;194;97m██[38;2;242;194;97m██[38;2;242;194;97m██[38;2;242;194;97m██[38;2;242;194;97m██[38;2;242;194;97m██[38;2;242;194;97m██[38;2;242;194;97m██[38;2;115;92;46m██                    
                                [38;2;153;122;61m██[38;2;191;153;76m██[38;2;38;38;38m██[38;2;242;194;97m██[38;2;242;194;97m██[38;2;242;194;97m██[38;2;242;194;97m██[38;2;242;194;97m██[38;2;242;194;97m██[38;2;242;194;97m██[38;2;242;194;97m██[38;2;191;153;76m██[38;2;38;38;38m██[38;2;191;153;76m██[38;2;242;194;97m██[38;2;242;194;97m██[38;2;242;194;97m██[38;2;242;194;97m██[38;2;242;194;97m██[38;2;115;92;46m██        [38;2;77;77;77m██          
                              [38;2;153;122;61m██[38;2;242;194;97m██[38;2;38;38;38m██[38;2;248;248;248m██[38;2;191;153;76m██[38;2;242;194;97m██[38;2;242;194;97m██[38;2;242;194;97m██[38;2;242;194;97m██[38;2;242;194;97m██[38;2;242;194;97m██[38;2;242;194;97m██[38;2;38;38;38m██[38;2;248;248;248m██[38;2;38;38;38m██[38;2;242;194;97m██[38;2;242;194;97m██[38;2;242;194;97m██[38;2;242;194;97m██[38;2;242;194;97m██[38;2;242;194;97m██[38;2;16;16;16m██  [38;2;77;77;77m██  [38;2;38;38;38m██[38;2;77;77;77m██[38;2;77;77;77m██      
                      [38;2;38;38;38m██      [38;2;115;92;46m██[38;2;242;194;97m██[38;2;38;38;38m██[38;2;38;38;38m██[38;2;191;153;76m██[38;2;242;194;97m██[38;2;153;122;61m██[38;2;242;194;97m██[38;2;242;194;97m██[38;2;242;194;97m██[38;2;242;194;97m██[38;2;242;194;97m██[38;2;38;38;38m██[38;2;38;38;38m██[38;2;38;38;38m██[38;2;242;194;97m██[38;2;242;194;97m██[38;2;242;194;97m██[38;2;242;194;97m██[38;2;242;194;97m██[38;2;242;194;97m██[38;2;16;16;16m██  [38;2;77;77;77m██[38;2;38;38;38m██[38;2;77;77;77m██[38;2;38;38;38m██        
                  [38;2;77;77;77m██[38;2;77;77;77m██[38;2;38;38;38m██  [38;2;77;77;77m██  [38;2;115;92;46m██[38;2;242;194;97m██[38;2;38;38;38m██[38;2;77;77;77m██[38;2;191;153;76m██[38;2;242;194;97m██[38;2;242;194;97m██[38;2;242;194;97m██[38;2;242;194;97m██[38;2;242;194;97m██[38;2;242;194;97m██[38;2;242;194;97m██[38;2;38;38;38m██[38;2;77;77;77m██[38;2;38;38;38m██[38;2;242;194;97m██[38;2;242;194;97m██[38;2;242;194;97m██[38;2;242;194;97m██[38;2;242;194;97m██[38;2;191;153;76m██[38;2;16;16;16m██[38;2;77;77;77m██[38;2;38;38;38m██[38;2;77;77;77m██  [38;2;38;38;38m██        
                    [38;2;38;38;38m██[38;2;77;77;77m██[38;2;38;38;38m██[38;2;77;77;77m██  [38;2;115;92;46m██[38;2;217;125;33m██[38;2;153;122;61m██[38;2;38;38;38m██[38;2;242;194;97m██[38;2;242;194;97m██[38;2;115;92;46m██[38;2;153;122;61m██[38;2;191;153;76m██[38;2;242;194;97m██[38;2;242;194;97m██[38;2;242;194;97m██[38;2;191;153;76m██[38;2;38;38;38m██[38;2;153;122;61m██[38;2;242;194;97m██[38;2;217;125;33m██[38;2;217;125;33m██[38;2;217;125;33m██[38;2;191;153;76m██[38;2;77;77;77m██[38;2;38;38;38m██[38;2;38;38;38m██  [38;2;38;38;38m██            
                    [38;2;38;38;38m██  [38;2;77;77;77m██[38;2;38;38;38m██[38;2;38;38;38m██[38;2;77;77;77m██[38;2;217;125;33m██[38;2;217;125;33m██[38;2;242;194;97m██[38;2;191;153;76m██[38;2;115;92;46m██[38;2;153;122;61m██[38;2;248;248;248m██[38;2;153;122;61m██[38;2;153;122;61m██[38;2;153;122;61m██[38;2;191;153;76m██[38;2;242;194;97m██[38;2;242;194;97m██[38;2;242;194;97m██[38;2;217;125;33m██[38;2;217;125;33m██[38;2;217;125;33m██[38;2;77;77;77m██[38;2;38;38;38m██[38;2;38;38;38m██[38;2;16;16;16m██                  
                        [38;2;38;38;38m██    [38;2;38;38;38m██[38;2;77;77;77m██[38;2;217;125;33m██[38;2;242;194;97m██[38;2;242;194;97m██[38;2;242;194;97m██[38;2;242;194;97m██[38;2;153;122;61m██[38;2;191;153;76m██[38;2;242;194;97m██[38;2;242;194;97m██[38;2;242;194;97m██[38;2;242;194;97m██[38;2;242;194;97m██[38;2;242;194;97m██[38;2;217;125;33m██[38;2;217;125;33m██[38;2;38;38;38m██[38;2;38;38;38m██[38;2;217;125;33m██[38;2;191;153;76m██[38;2;16;16;16m██                  
                            [38;2;38;38;38m██[38;2;77;77;77m██[38;2;38;38;38m██[38;2;217;125;33m██[38;2;242;194;97m██[38;2;242;194;97m██[38;2;242;194;97m██[38;2;242;194;97m██[38;2;242;194;97m██[38;2;242;194;97m██[38;2;242;194;97m██[38;2;242;194;97m██[38;2;242;194;97m██[38;2;242;194;97m██[38;2;242;194;97m██[38;2;242;194;97m██[38;2;217;125;33m██[38;2;217;125;33m██[38;2;217;125;33m██[38;2;77;77;77m██[38;2;38;38;38m██[38;2;38;38;38m██[38;2;191;153;76m██[38;2;16;16;16m██                
                        [38;2;38;38;38m██[38;2;38;38;38m██[38;2;77;77;77m██  [38;2;115;92;46m██[38;2;217;125;33m██[38;2;242;194;97m██[38;2;242;194;97m██[38;2;242;194;97m██[38;2;242;194;97m██[38;2;242;194;97m██[38;2;242;194;97m██[38;2;242;194;97m██[38;2;242;194;97m██[38;2;242;194;97m██[38;2;242;194;97m██[38;2;242;194;97m██[38;2;242;194;97m██[38;2;242;194;97m██[38;2;217;125;33m██[38;2;217;125;33m██[38;2;217;125;33m██[38;2;242;194;97m██[38;2;77;77;77m██[38;2;38;38;38m██[38;2;38;38;38m██                
                      [38;2;77;77;77m██[38;2;77;77;77m██      [38;2;115;92;46m██[38;2;242;194;97m██[38;2;242;194;97m██[38;2;242;194;97m██[38;2;242;194;97m██[38;2;242;194;97m██[38;2;242;194;97m██[38;2;242;194;97m██[38;2;242;194;97m██[38;2;242;194;97m██[38;2;242;194;97m██[38;2;242;194;97m██[38;2;242;194;97m██[38;2;242;194;97m██[38;2;242;194;97m██[38;2;242;194;97m██[38;2;242;194;97m██[38;2;242;194;97m██[38;2;242;194;97m██[38;2;242;194;97m██[38;2;242;194;97m██[38;2;77;77;77m██[38;2;77;77;77m██              
  [38;2;38;38;38m██[38;2;38;38;38m██                        [38;2;115;92;46m██[38;2;242;194;97m██[38;2;242;194;97m██[38;2;242;194;97m██[38;2;242;194;97m██[38;2;242;194;97m██[38;2;191;191;134m██[38;2;242;242;170m██[38;2;191;191;134m██[38;2;242;194;97m██[38;2;242;194;97m██[38;2;242;194;97m██[38;2;242;194;97m██[38;2;242;194;97m██[38;2;242;194;97m██[38;2;242;194;97m██[38;2;242;194;97m██[38;2;242;194;97m██[38;2;242;194;97m██[38;2;242;194;97m██[38;2;242;194;97m██[38;2;242;194;97m██[38;2;191;153;76m██[38;2;16;16;16m██[38;2;38;38;38m██[38;2;38;38;38m██[38;2;38;38;38m██        
  [38;2;38;38;38m██[38;2;77;77;77m██[38;2;38;38;38m██  [38;2;38;38;38m██[38;2;38;38;38m██                [38;2;115;92;46m██[38;2;242;194;97m██[38;2;242;194;97m██[38;2;153;122;61m██[38;2;242;194;97m██[38;2;191;191;134m██[38;2;242;242;170m██[38;2;242;242;170m██[38;2;242;242;170m██[38;2;191;191;134m██[38;2;242;194;97m██[38;2;242;194;97m██[38;2;242;194;97m██[38;2;191;153;76m██[38;2;242;194;97m██[38;2;242;194;97m██[38;2;242;194;97m██[38;2;242;194;97m██[38;2;242;194;97m██[38;2;242;194;97m██[38;2;242;194;97m██[38;2;191;153;76m██[38;2;191;153;76m██[38;2;16;16;16m██[38;2;77;77;77m██[38;2;77;77;77m██[38;2;77;77;77m██[38;2;38;38;38m██[38;2;38;38;38m██    
  [38;2;38;38;38m██[38;2;77;77;77m██[38;2;77;77;77m██[38;2;38;38;38m██[38;2;77;77;77m██[38;2;38;38;38m██                [38;2;115;92;46m██[38;2;242;194;97m██[38;2;242;194;97m██[38;2;191;153;76m██[38;2;191;191;134m██[38;2;242;242;170m██[38;2;242;242;170m██[38;2;242;242;170m██[38;2;242;242;170m██[38;2;242;242;170m██[38;2;191;191;134m██[38;2;153;122;61m██[38;2;153;122;61m██[38;2;242;194;97m██[38;2;242;194;97m██[38;2;242;194;97m██[38;2;242;194;97m██[38;2;191;153;76m██[38;2;115;92;46m██[38;2;242;194;97m██[38;2;191;153;76m██[38;2;191;153;76m██[38;2;191;153;76m██[38;2;16;16;16m██[38;2;16;16;16m██[38;2;16;16;16m██[38;2;16;16;16m██[38;2;77;77;77m██[38;2;77;77;77m██[38;2;38;38;38m██  
[38;2;38;38;38m██[38;2;38;38;38m██[38;2;38;38;38m██[38;2;77;77;77m██[38;2;77;77;77m██[38;2;77;77;77m██[38;2;38;38;38m██[38;2;38;38;38m██              [38;2;115;92;46m██[38;2;242;194;97m██[38;2;242;194;97m██[38;2;242;194;97m██[38;2;153;122;61m██[38;2;242;242;170m██[38;2;242;242;170m██[38;2;242;242;170m██[38;2;242;242;170m██[38;2;242;242;170m██[38;2;153;122;61m██[38;2;242;194;97m██[38;2;242;194;97m██[38;2;242;194;97m██[38;2;242;194;97m██[38;2;242;194;97m██[38;2;242;194;97m██[38;2;115;92;46m██[38;2;191;153;76m██[38;2;191;153;76m██[38;2;191;153;76m██[38;2;191;153;76m██[38;2;191;153;76m██[38;2;16;16;16m██      [38;2;16;16;16m██[38;2;77;77;77m██[38;2;77;77;77m██[38;2;38;38;38m██
[38;2;38;38;38m██[38;2;77;77;77m██[38;2;77;77;77m██[38;2;77;77;77m██[38;2;77;77;77m██[38;2;38;38;38m██[38;2;77;77;77m██[38;2;38;38;38m██            [38;2;38;38;38m██[38;2;77;77;77m██[38;2;115;92;46m██[38;2;242;194;97m██[38;2;191;153;76m██[38;2;242;242;170m██[38;2;242;242;170m██[38;2;242;242;170m██[38;2;242;242;170m██[38;2;242;242;170m██[38;2;242;242;170m██[38;2;242;242;170m██[38;2;191;153;76m██[38;2;242;194;97m██[38;2;242;194;97m██[38;2;242;194;97m██[38;2;242;194;97m██[38;2;115;92;46m██[38;2;191;153;76m██[38;2;191;153;76m██[38;2;191;153;76m██[38;2;191;153;76m██[38;2;191;153;76m██[38;2;191;153;76m██[38;2;16;16;16m██        [38;2;16;16;16m██[38;2;77;77;77m██[38;2;16;16;16m██
  [38;2;38;38;38m██[38;2;38;38;38m██[38;2;77;77;77m██[38;2;77;77;77m██[38;2;77;77;77m██[38;2;77;77;77m██[38;2;38;38;38m██          [38;2;38;38;38m██[38;2;77;77;77m██[38;2;77;77;77m██[38;2;16;16;16m██[38;2;153;122;61m██[38;2;153;122;61m██[38;2;242;242;170m██[38;2;242;242;170m██[38;2;242;242;170m██[38;2;242;242;170m██[38;2;242;242;170m██[38;2;242;242;170m██[38;2;242;242;170m██[38;2;153;122;61m██[38;2;153;122;61m██[38;2;242;194;97m██[38;2;191;153;76m██[38;2;115;92;46m██[38;2;191;153;76m██[38;2;191;153;76m██[38;2;191;153;76m██[38;2;191;153;76m██[38;2;191;153;76m██[38;2;191;153;76m██[38;2;16;16;16m██[38;2;38;38;38m██[38;2;16;16;16m██      [38;2;16;16;16m██[38;2;38;38;38m██[38;2;16;16;16m██
  [38;2;38;38;38m██[38;2;77;77;77m██[38;2;77;77;77m██[38;2;77;77;77m██[38;2;77;77;77m██[38;2;77;77;77m██[38;2;38;38;38m██      [38;2;38;38;38m██[38;2;38;38;38m██[38;2;77;77;77m██[38;2;77;77;77m██[38;2;16;16;16m██[38;2;16;16;16m██[38;2;191;191;134m██[38;2;191;191;134m██[38;2;191;191;134m██[38;2;242;242;170m██[38;2;242;242;170m██[38;2;242;242;170m██[38;2;242;242;170m██[38;2;242;242;170m██[38;2;191;191;134m██[38;2;191;191;134m██[38;2;191;191;134m██[38;2;115;92;46m██[38;2;115;92;46m██[38;2;191;191;134m██[38;2;191;153;76m██[38;2;191;153;76m██[38;2;191;153;76m██[38;2;191;153;76m██[38;2;191;153;76m██[38;2;191;153;76m██[38;2;16;16;16m██[38;2;38;38;38m██[38;2;38;38;38m██[38;2;16;16;16m██[38;2;16;16;16m██[38;2;16;16;16m██[38;2;38;38;38m██[38;2;38;38;38m██[38;2;16;16;16m██
    [38;2;16;16;16m██[38;2;16;16;16m██[38;2;16;16;16m██[38;2;77;77;77m██[38;2;77;77;77m██[38;2;77;77;77m██[38;2;38;38;38m██[38;2;38;38;38m██[38;2;38;38;38m██[38;2;77;77;77m██[38;2;77;77;77m██[38;2;77;77;77m██[38;2;16;16;16m██    [38;2;16;16;16m██[38;2;191;191;134m██[38;2;191;191;134m██[38;2;191;191;134m██[38;2;191;191;134m██[38;2;191;191;134m██[38;2;191;191;134m██[38;2;191;191;134m██[38;2;191;191;134m██[38;2;191;191;134m██[38;2;191;191;134m██[38;2;191;191;134m██[38;2;191;191;134m██[38;2;191;191;134m██[38;2;191;153;76m██[38;2;191;153;76m██[38;2;191;153;76m██[38;2;191;153;76m██[38;2;191;153;76m██[38;2;16;16;16m██  [38;2;16;16;16m██[38;2;38;38;38m██[38;2;38;38;38m██[38;2;38;38;38m██[38;2;38;38;38m██[38;2;38;38;38m██[38;2;16;16;16m██  
          [38;2;16;16;16m██[38;2;16;16;16m██[38;2;77;77;77m██[38;2;77;77;77m██[38;2;77;77;77m██[38;2;77;77;77m██[38;2;77;77;77m██[38;2;16;16;16m██[38;2;16;16;16m██      [38;2;115;92;46m██[38;2;115;92;46m██[38;2;153;122;61m██[38;2;191;191;134m██[38;2;191;191;134m██[38;2;191;191;134m██[38;2;191;191;134m██[38;2;191;191;134m██[38;2;191;191;134m██[38;2;191;191;134m██[38;2;191;191;134m██[38;2;191;191;134m██[38;2;191;191;134m██[38;2;191;191;134m██[38;2;191;153;76m██[38;2;191;153;76m██[38;2;191;153;76m██[38;2;16;16;16m██[38;2;16;16;16m██      [38;2;16;16;16m██[38;2;16;16;16m██[38;2;16;16;16m██[38;2;16;16;16m██[38;2;16;16;16m██    
              [38;2;16;16;16m██[38;2;16;16;16m██[38;2;16;16;16m██[38;2;16;16;16m██[38;2;16;16;16m██        [38;2;115;92;46m██[38;2;153;122;61m██[38;2;242;194;97m██[38;2;191;153;76m██[38;2;191;153;76m██[38;2;153;122;61m██[38;2;191;191;134m██[38;2;191;191;134m██[38;2;191;191;134m██[38;2;191;191;134m██[38;2;191;191;134m██[38;2;191;191;134m██[38;2;191;191;134m██[38;2;191;191;134m██[38;2;191;153;76m██[38;2;153;122;61m██[38;2;153;122;61m██[38;2;191;153;76m██[38;2;191;153;76m██[38;2;242;194;97m██[38;2;16;16;16m██                  
                                  [38;2;16;16;16m██[38;2;16;16;16m██[38;2;153;122;61m██[38;2;242;194;97m██[38;2;191;153;76m██[38;2;16;16;16m██[38;2;16;16;16m██[38;2;16;16;16m██[38;2;16;16;16m██[38;2;16;16;16m██[38;2;16;16;16m██[38;2;115;92;46m██[38;2;115;92;46m██[38;2;153;122;61m██[38;2;191;153;76m██[38;2;191;153;76m██[38;2;242;194;97m██[38;2;153;122;61m██[38;2;115;92;46m██[38;2;16;16;16m██                  
                                      [38;2;16;16;16m██[38;2;16;16;16m██[38;2;16;16;16m██                [38;2;115;92;46m██[38;2;242;194;97m██[38;2;153;122;61m██[38;2;16;16;16m██[38;2;16;16;16m██                      
                                                              [38;2;16;16;16m██[38;2;16;16;16m██                          
