                                  [38;2;67;62;64m██[38;2;67;62;64m██                                                                                
                                [38;2;67;62;64m██[38;2;206;196;201m██[38;2;242;242;242m██[38;2;67;62;64m██                                                                              
                                [38;2;67;62;64m██[38;2;206;196;201m██[38;2;206;196;201m██[38;2;67;62;64m██                [38;2;119;35;35m██                                                            
                                  [38;2;67;62;64m██[38;2;206;196;201m██[38;2;206;196;201m██[38;2;67;62;64m██              [38;2;119;35;35m██[38;2;216;40;56m██                                                          
                                  [38;2;67;62;64m██[38;2;142;137;139m██[38;2;206;196;201m██[38;2;67;62;64m██              [38;2;119;35;35m██[38;2;216;40;56m██                                                          
                                    [38;2;67;62;64m██[38;2;206;196;201m██[38;2;67;62;64m██        [38;2;94;48;34m██[38;2;94;48;34m██[38;2;94;48;34m██[38;2;119;35;35m██[38;2;239;90;90m██[38;2;119;35;35m██[38;2;94;48;34m██[38;2;94;48;34m██[38;2;94;48;34m██[38;2;94;48;34m██      [38;2;94;48;34m██[38;2;94;48;34m██                                      
                                      [38;2;94;48;34m██[38;2;202;126;187m██[38;2;94;48;34m██[38;2;94;48;34m██[38;2;94;48;34m██[38;2;131;78;136m██[38;2;202;126;187m██[38;2;202;126;187m██[38;2;202;126;187m██[38;2;119;35;35m██[38;2;239;90;90m██[38;2;119;35;35m██[38;2;202;126;187m██[38;2;202;126;187m██[38;2;202;126;187m██[38;2;202;126;187m██[38;2;94;48;34m██[38;2;94;48;34m██[38;2;94;48;34m██[38;2;131;78;136m██[38;2;202;126;187m██[38;2;2;2;2m██                                    
                                      [38;2;94;48;34m██[38;2;131;78;136m██[38;2;131;78;136m██[38;2;131;78;136m██[38;2;202;126;187m██[38;2;202;126;187m██[38;2;202;126;187m██[38;2;202;126;187m██[38;2;119;35;35m██[38;2;239;90;90m██[38;2;239;90;90m██[38;2;119;35;35m██[38;2;202;126;187m██[38;2;202;126;187m██[38;2;202;126;187m██[38;2;202;126;187m██[38;2;202;126;187m██[38;2;202;126;187m██[38;2;94;48;34m██[38;2;94;48;34m██[38;2;131;78;136m██[38;2;2;2;2m██                                    
                                      [38;2;94;48;34m██[38;2;131;78;136m██[38;2;202;126;187m██[38;2;202;126;187m██[38;2;202;126;187m██[38;2;142;137;139m██[38;2;206;196;201m██[38;2;119;35;35m██[38;2;239;90;90m██[38;2;239;90;90m██[38;2;239;90;90m██[38;2;119;35;35m██[38;2;206;196;201m██[38;2;142;137;139m██[38;2;142;137;139m██[38;2;202;126;187m██[38;2;202;126;187m██[38;2;202;126;187m██[38;2;202;126;187m██[38;2;202;126;187m██[38;2;94;48;34m██[38;2;131;78;136m██[38;2;2;2;2m██                                  
            [38;2;119;35;35m██[38;2;119;35;35m██[38;2;119;35;35m██                    [38;2;94;48;34m██[38;2;202;126;187m██[38;2;206;196;201m██[38;2;142;137;139m██[38;2;142;137;139m██[38;2;206;196;201m██[38;2;206;196;201m██[38;2;119;35;35m██[38;2;239;90;90m██[38;2;239;90;90m██[38;2;119;35;35m██[38;2;206;196;201m██[38;2;206;196;201m██[38;2;206;196;201m██[38;2;206;196;201m██[38;2;206;196;201m██[38;2;142;137;139m██[38;2;142;137;139m██[38;2;142;137;139m██[38;2;206;196;201m██[38;2;202;126;187m██[38;2;94;48;34m██[38;2;131;78;136m██[38;2;2;2;2m██            [38;2;119;35;35m██[38;2;119;35;35m██                
            [38;2;2;2;2m██[38;2;239;90;90m██[38;2;239;90;90m██[38;2;119;35;35m██                [38;2;94;48;34m██[38;2;202;126;187m██[38;2;202;126;187m██[38;2;206;196;201m██[38;2;206;196;201m██[38;2;206;196;201m██[38;2;206;196;201m██[38;2;119;35;35m██[38;2;239;90;90m██[38;2;239;90;90m██[38;2;119;35;35m██[38;2;67;62;64m██[38;2;67;62;64m██[38;2;67;62;64m██[38;2;67;62;64m██[38;2;67;62;64m██[38;2;206;196;201m██[38;2;206;196;201m██[38;2;206;196;201m██[38;2;206;196;201m██[38;2;206;196;201m██[38;2;202;126;187m██[38;2;202;126;187m██[38;2;131;78;136m██[38;2;131;78;136m██[38;2;2;2;2m██        [38;2;119;35;35m██[38;2;239;90;90m██[38;2;2;2;2m██                
              [38;2;2;2;2m██[38;2;239;90;90m██[38;2;239;90;90m██[38;2;119;35;35m██            [38;2;94;48;34m██[38;2;202;126;187m██[38;2;202;126;187m██[38;2;142;137;139m██[38;2;206;196;201m██[38;2;206;196;201m██[38;2;67;62;64m██[38;2;67;62;64m██[38;2;119;35;35m██[38;2;239;90;90m██[38;2;239;90;90m██[38;2;119;35;35m██          [38;2;67;62;64m██[38;2;67;62;64m██[38;2;206;196;201m██[38;2;206;196;201m██[38;2;142;137;139m██[38;2;202;126;187m██[38;2;131;78;136m██[38;2;202;126;187m██[38;2;94;48;34m██[38;2;131;78;136m██[38;2;2;2;2m██    [38;2;119;35;35m██[38;2;239;90;90m██[38;2;2;2;2m██                  
                [38;2;119;35;35m██[38;2;239;90;90m██[38;2;239;90;90m██[38;2;119;35;35m██        [38;2;94;48;34m██[38;2;202;126;187m██[38;2;202;126;187m██[38;2;142;137;139m██[38;2;206;196;201m██[38;2;206;196;201m██[38;2;67;62;64m██[38;2;2;2;2m██[38;2;142;137;139m██[38;2;119;35;35m██[38;2;239;90;90m██[38;2;239;90;90m██[38;2;119;35;35m██            [38;2;2;2;2m██[38;2;67;62;64m██[38;2;206;196;201m██[38;2;206;196;201m██[38;2;142;137;139m██[38;2;131;78;136m██[38;2;202;126;187m██[38;2;94;48;34m██[38;2;131;78;136m██[38;2;2;2;2m██  [38;2;119;35;35m██[38;2;239;90;90m██[38;2;239;90;90m██[38;2;2;2;2m██                  
                [38;2;2;2;2m██[38;2;239;90;90m██[38;2;239;90;90m██[38;2;119;35;35m██        [38;2;94;48;34m██[38;2;202;126;187m██[38;2;142;137;139m██[38;2;206;196;201m██[38;2;206;196;201m██[38;2;67;62;64m██[38;2;142;137;139m██[38;2;142;137;139m██[38;2;2;2;2m██[38;2;119;35;35m██[38;2;239;90;90m██[38;2;239;90;90m██[38;2;119;35;35m██          [38;2;2;2;2m██[38;2;142;137;139m██[38;2;142;137;139m██[38;2;67;62;64m██[38;2;206;196;201m██[38;2;206;196;201m██[38;2;142;137;139m██[38;2;202;126;187m██[38;2;202;126;187m██[38;2;94;48;34m██[38;2;131;78;136m██[38;2;2;2;2m██[38;2;119;35;35m██[38;2;239;90;90m██[38;2;119;35;35m██                    
                [38;2;2;2;2m██[38;2;239;90;90m██[38;2;239;90;90m██[38;2;239;90;90m██[38;2;119;35;35m██    [38;2;94;48;34m██[38;2;202;126;187m██[38;2;202;126;187m██[38;2;206;196;201m██[38;2;206;196;201m██[38;2;67;62;64m██[38;2;142;137;139m██[38;2;2;2;2m██[38;2;202;126;187m██[38;2;202;126;187m██[38;2;94;48;34m██[38;2;216;40;56m██[38;2;239;90;90m██[38;2;119;35;35m██        [38;2;94;48;34m██[38;2;202;126;187m██[38;2;202;126;187m██[38;2;2;2;2m██  [38;2;67;62;64m██[38;2;206;196;201m██[38;2;206;196;201m██[38;2;202;126;187m██[38;2;202;126;187m██[38;2;94;48;34m██[38;2;131;78;136m██[38;2;119;35;35m██[38;2;239;90;90m██[38;2;239;90;90m██[38;2;2;2;2m██                    
                [38;2;2;2;2m██[38;2;216;40;56m██[38;2;239;90;90m██[38;2;239;90;90m██[38;2;239;90;90m██[38;2;119;35;35m██[38;2;119;35;35m██[38;2;119;35;35m██[38;2;119;35;35m██[38;2;119;35;35m██[38;2;119;35;35m██[38;2;119;35;35m██[38;2;142;137;139m██[38;2;2;2;2m██  [38;2;2;2;2m██[38;2;202;126;187m██[38;2;202;126;187m██[38;2;119;35;35m██[38;2;239;90;90m██[38;2;239;90;90m██[38;2;119;35;35m██[38;2;119;35;35m██[38;2;119;35;35m██[38;2;94;48;34m██[38;2;202;126;187m██[38;2;202;126;187m██[38;2;2;2;2m██    [38;2;119;35;35m██[38;2;119;35;35m██[38;2;119;35;35m██[38;2;119;35;35m██[38;2;119;35;35m██[38;2;119;35;35m██[38;2;119;35;35m██[38;2;239;90;90m██[38;2;239;90;90m██[38;2;239;90;90m██[38;2;2;2;2m██                    
                  [38;2;2;2;2m██[38;2;239;90;90m██[38;2;239;90;90m██[38;2;239;90;90m██[38;2;239;90;90m██[38;2;239;90;90m██[38;2;239;90;90m██[38;2;239;90;90m██[38;2;239;90;90m██[38;2;239;90;90m██[38;2;216;40;56m██[38;2;119;35;35m██[38;2;119;35;35m██    [38;2;119;35;35m██[38;2;119;35;35m██[38;2;119;35;35m██[38;2;119;35;35m██[38;2;239;90;90m██[38;2;239;90;90m██[38;2;119;35;35m██[38;2;239;90;90m██[38;2;216;40;56m██[38;2;119;35;35m██[38;2;2;2;2m██  [38;2;119;35;35m██[38;2;119;35;35m██[38;2;239;90;90m██[38;2;239;90;90m██[38;2;239;90;90m██[38;2;239;90;90m██[38;2;239;90;90m██[38;2;239;90;90m██[38;2;239;90;90m██[38;2;239;90;90m██[38;2;239;90;90m██[38;2;216;40;56m██[38;2;2;2;2m██                    
                  [38;2;2;2;2m██[38;2;216;40;56m██[38;2;239;90;90m██[38;2;239;90;90m██[38;2;239;90;90m██[38;2;239;90;90m██[38;2;239;90;90m██[38;2;239;90;90m██[38;2;239;90;90m██[38;2;239;90;90m██[38;2;239;90;90m██[38;2;216;40;56m██[38;2;216;40;56m██[38;2;119;35;35m██[38;2;119;35;35m██[38;2;239;90;90m██[38;2;239;90;90m██[38;2;239;90;90m██[38;2;216;40;56m██[38;2;216;40;56m██[38;2;239;90;90m██[38;2;239;90;90m██[38;2;239;90;90m██[38;2;239;90;90m██[38;2;216;40;56m██[38;2;119;35;35m██[38;2;119;35;35m██[38;2;239;90;90m██[38;2;239;90;90m██[38;2;239;90;90m██[38;2;239;90;90m██[38;2;239;90;90m██[38;2;239;90;90m██[38;2;239;90;90m██[38;2;239;90;90m██[38;2;239;90;90m██[38;2;239;90;90m██[38;2;239;90;90m██[38;2;2;2;2m██                      
                    [38;2;2;2;2m██[38;2;216;40;56m██[38;2;239;90;90m██[38;2;239;90;90m██[38;2;239;90;90m██[38;2;239;90;90m██[38;2;239;90;90m██[38;2;239;90;90m██[38;2;239;90;90m██[38;2;239;90;90m██[38;2;216;40;56m██[38;2;119;35;35m██[38;2;239;90;90m██[38;2;239;90;90m██[38;2;239;90;90m██[38;2;239;90;90m██[38;2;239;90;90m██[38;2;239;90;90m██[38;2;239;90;90m██[38;2;216;40;56m██[38;2;239;90;90m██[38;2;239;90;90m██[38;2;239;90;90m██[38;2;239;90;90m██[38;2;119;35;35m██[38;2;239;90;90m██[38;2;239;90;90m██[38;2;239;90;90m██[38;2;239;90;90m██[38;2;239;90;90m██[38;2;239;90;90m██[38;2;239;90;90m██[38;2;239;90;90m██[38;2;239;90;90m██[38;2;239;90;90m██[38;2;239;90;90m██[38;2;216;40;56m██[38;2;2;2;2m██[38;2;2;2;2m██                    
                      [38;2;2;2;2m██[38;2;2;2;2m██[38;2;216;40;56m██[38;2;239;90;90m██[38;2;239;90;90m██[38;2;239;90;90m██[38;2;239;90;90m██[38;2;216;40;56m██[38;2;119;35;35m██[38;2;119;35;35m██[38;2;216;40;56m██[38;2;216;40;56m██[38;2;239;90;90m██[38;2;239;90;90m██[38;2;239;90;90m██[38;2;239;90;90m██[38;2;239;90;90m██[38;2;239;90;90m██[38;2;239;90;90m██[38;2;239;90;90m██[38;2;239;90;90m██[38;2;239;90;90m██[38;2;239;90;90m██[38;2;239;90;90m██[38;2;239;90;90m██[38;2;239;90;90m██[38;2;239;90;90m██[38;2;239;90;90m██[38;2;239;90;90m██[38;2;239;90;90m██[38;2;239;90;90m██[38;2;239;90;90m██[38;2;239;90;90m██[38;2;239;90;90m██[38;2;216;40;56m██[38;2;2;2;2m██[38;2;67;62;64m██[38;2;142;137;139m██[38;2;2;2;2m██                  
                      [38;2;67;62;64m██[38;2;206;196;201m██[38;2;2;2;2m██[38;2;2;2;2m██[38;2;2;2;2m██[38;2;2;2;2m██[38;2;119;35;35m██[38;2;119;35;35m██[38;2;239;90;90m██[38;2;239;90;90m██[38;2;239;90;90m██[38;2;239;90;90m██[38;2;239;90;90m██[38;2;239;90;90m██[38;2;239;90;90m██[38;2;239;90;90m██[38;2;239;90;90m██[38;2;239;90;90m██[38;2;239;90;90m██[38;2;239;90;90m██[38;2;239;90;90m██[38;2;239;90;90m██[38;2;239;90;90m██[38;2;216;40;56m██[38;2;216;40;56m██[38;2;239;90;90m██[38;2;239;90;90m██[38;2;239;90;90m██[38;2;239;90;90m██[38;2;239;90;90m██[38;2;239;90;90m██[38;2;239;90;90m██[38;2;239;90;90m██[38;2;216;40;56m██[38;2;2;2;2m██[38;2;206;196;201m██[38;2;206;196;201m██[38;2;67;62;64m██[38;2;142;137;139m██[38;2;2;2;2m██                
                    [38;2;67;62;64m██[38;2;206;196;201m██[38;2;142;137;139m██[38;2;202;126;187m██[38;2;202;126;187m██[38;2;202;126;187m██[38;2;119;35;35m██[38;2;239;90;90m██[38;2;239;90;90m██[38;2;239;90;90m██[38;2;239;90;90m██[38;2;239;90;90m██[38;2;239;90;90m██[38;2;239;90;90m██[38;2;239;90;90m██[38;2;216;40;56m██[38;2;239;90;90m██[38;2;239;90;90m██[38;2;239;90;90m██[38;2;239;90;90m██[38;2;239;90;90m██[38;2;239;90;90m██[38;2;239;90;90m██[38;2;239;90;90m██[38;2;239;90;90m██[38;2;119;35;35m██[38;2;2;2;2m██[38;2;2;2;2m██[38;2;216;40;56m██[38;2;239;90;90m██[38;2;239;90;90m██[38;2;239;90;90m██[38;2;216;40;56m██[38;2;2;2;2m██[38;2;2;2;2m██[38;2;242;242;242m██[38;2;142;137;139m██[38;2;206;196;201m██[38;2;67;62;64m██[38;2;142;137;139m██[38;2;2;2;2m██                
        [38;2;67;62;64m██[38;2;67;62;64m██[38;2;67;62;64m██[38;2;67;62;64m██[38;2;67;62;64m██[38;2;67;62;64m██[38;2;67;62;64m██[38;2;142;137;139m██[38;2;202;126;187m██[38;2;202;126;187m██[38;2;131;78;136m██[38;2;119;35;35m██[38;2;239;90;90m██[38;2;239;90;90m██[38;2;239;90;90m██[38;2;239;90;90m██[38;2;239;90;90m██[38;2;239;90;90m██[38;2;239;90;90m██[38;2;239;90;90m██[38;2;239;90;90m██[38;2;239;90;90m██[38;2;216;40;56m██[38;2;239;90;90m██[38;2;239;90;90m██[38;2;239;90;90m██[38;2;239;90;90m██[38;2;216;40;56m██[38;2;239;90;90m██[38;2;239;90;90m██[38;2;239;90;90m██[38;2;239;90;90m██[38;2;2;2;2m██  [38;2;2;2;2m██[38;2;2;2;2m██[38;2;2;2;2m██[38;2;2;2;2m██[38;2;2;2;2m██[38;2;233;50;9m██[38;2;242;242;242m██[38;2;242;242;242m██[38;2;142;137;139m██[38;2;206;196;201m██[38;2;67;62;64m██[38;2;142;137;139m██[38;2;94;48;34m██[38;2;94;48;34m██[38;2;67;62;64m██[38;2;67;62;64m██[38;2;67;62;64m██[38;2;67;62;64m██[38;2;67;62;64m██[38;2;67;62;64m██  
      [38;2;67;62;64m██[38;2;242;242;242m██[38;2;242;242;242m██[38;2;206;196;201m██[38;2;206;196;201m██[38;2;206;196;201m██[38;2;206;196;201m██[38;2;67;62;64m██[38;2;142;137;139m██[38;2;202;126;187m██[38;2;131;78;136m██[38;2;202;126;187m██[38;2;119;35;35m██[38;2;239;90;90m██[38;2;239;90;90m██[38;2;239;90;90m██[38;2;239;90;90m██[38;2;239;90;90m██[38;2;239;90;90m██[38;2;239;90;90m██[38;2;239;90;90m██[38;2;239;90;90m██[38;2;239;90;90m██[38;2;216;40;56m██[38;2;239;90;90m██[38;2;239;90;90m██[38;2;239;90;90m██[38;2;239;90;90m██[38;2;216;40;56m██[38;2;239;90;90m██[38;2;239;90;90m██[38;2;239;90;90m██[38;2;239;90;90m██[38;2;2;2;2m██[38;2;94;48;34m██[38;2;67;62;64m██[38;2;142;137;139m██[38;2;242;242;242m██[38;2;233;50;9m██[38;2;233;50;9m██[38;2;233;50;9m██[38;2;242;242;242m██[38;2;242;242;242m██[38;2;142;137;139m██[38;2;206;196;201m██[38;2;67;62;64m██[38;2;94;48;34m██[38;2;202;126;187m██[38;2;142;137;139m██[38;2;206;196;201m██[38;2;206;196;201m██[38;2;206;196;201m██[38;2;242;242;242m██[38;2;242;242;242m██[38;2;206;196;201m██[38;2;67;62;64m██
      [38;2;67;62;64m██[38;2;206;196;201m██[38;2;206;196;201m██[38;2;206;196;201m██[38;2;206;196;201m██[38;2;67;62;64m██[38;2;2;2;2m██[38;2;67;62;64m██[38;2;142;137;139m██[38;2;131;78;136m██[38;2;131;78;136m██[38;2;202;126;187m██[38;2;202;126;187m██[38;2;119;35;35m██[38;2;216;40;56m██[38;2;216;40;56m██[38;2;239;90;90m██[38;2;239;90;90m██[38;2;239;90;90m██[38;2;239;90;90m██[38;2;239;90;90m██[38;2;216;40;56m██[38;2;216;40;56m██[38;2;119;35;35m██[38;2;216;40;56m██[38;2;239;90;90m██[38;2;239;90;90m██[38;2;239;90;90m██[38;2;119;35;35m██[38;2;216;40;56m██[38;2;239;90;90m██[38;2;239;90;90m██[38;2;216;40;56m██[38;2;2;2;2m██[38;2;131;78;136m██[38;2;67;62;64m██[38;2;142;137;139m██[38;2;242;242;242m██[38;2;202;126;187m██[38;2;233;50;9m██[38;2;202;126;187m██[38;2;242;242;242m██[38;2;242;242;242m██[38;2;142;137;139m██[38;2;206;196;201m██[38;2;67;62;64m██[38;2;94;48;34m██[38;2;131;78;136m██[38;2;2;2;2m██[38;2;2;2;2m██[38;2;67;62;64m██[38;2;206;196;201m██[38;2;206;196;201m██[38;2;206;196;201m██[38;2;206;196;201m██[38;2;67;62;64m██
        [38;2;2;2;2m██[38;2;2;2;2m██[38;2;2;2;2m██[38;2;2;2;2m██    [38;2;67;62;64m██[38;2;142;137;139m██[38;2;202;126;187m██[38;2;202;126;187m██[38;2;131;78;136m██[38;2;202;126;187m██[38;2;202;126;187m██[38;2;119;35;35m██[38;2;216;40;56m██[38;2;216;40;56m██[38;2;216;40;56m██[38;2;216;40;56m██[38;2;216;40;56m██[38;2;216;40;56m██[38;2;216;40;56m██[38;2;119;35;35m██[38;2;216;40;56m██[38;2;216;40;56m██[38;2;216;40;56m██[38;2;216;40;56m██[38;2;216;40;56m██[38;2;119;35;35m██[38;2;216;40;56m██[38;2;216;40;56m██[38;2;216;40;56m██[38;2;216;40;56m██[38;2;2;2;2m██[38;2;2;2;2m██[38;2;67;62;64m██[38;2;142;137;139m██[38;2;242;242;242m██[38;2;242;242;242m██[38;2;233;50;9m██[38;2;242;242;242m██[38;2;242;242;242m██[38;2;242;242;242m██[38;2;142;137;139m██[38;2;206;196;201m██[38;2;67;62;64m██[38;2;142;137;139m██[38;2;2;2;2m██      [38;2;2;2;2m██[38;2;2;2;2m██[38;2;2;2;2m██[38;2;2;2;2m██  
                    [38;2;67;62;64m██[38;2;206;196;201m██[38;2;142;137;139m██[38;2;202;126;187m██[38;2;131;78;136m██[38;2;202;126;187m██[38;2;202;126;187m██[38;2;206;196;201m██[38;2;119;35;35m██[38;2;119;35;35m██[38;2;216;40;56m██[38;2;216;40;56m██[38;2;216;40;56m██[38;2;216;40;56m██[38;2;216;40;56m██[38;2;216;40;56m██[38;2;216;40;56m██[38;2;216;40;56m██[38;2;216;40;56m██[38;2;216;40;56m██[38;2;119;35;35m██[38;2;216;40;56m██[38;2;216;40;56m██[38;2;216;40;56m██[38;2;216;40;56m██[38;2;2;2;2m██    [38;2;67;62;64m██[38;2;206;196;201m██[38;2;142;137;139m██[38;2;242;242;242m██[38;2;233;50;9m██[38;2;242;242;242m██[38;2;242;242;242m██[38;2;142;137;139m██[38;2;206;196;201m██[38;2;142;137;139m██[38;2;67;62;64m██[38;2;142;137;139m██[38;2;2;2;2m██                
        [38;2;94;48;34m██[38;2;94;48;34m██          [38;2;67;62;64m██[38;2;206;196;201m██[38;2;206;196;201m██[38;2;206;196;201m██[38;2;206;196;201m██[38;2;206;196;201m██[38;2;67;62;64m██[38;2;142;137;139m██[38;2;119;35;35m██[38;2;119;35;35m██[38;2;119;35;35m██[38;2;119;35;35m██[38;2;216;40;56m██[38;2;216;40;56m██[38;2;216;40;56m██[38;2;216;40;56m██[38;2;216;40;56m██[38;2;216;40;56m██[38;2;216;40;56m██[38;2;119;35;35m██[38;2;216;40;56m██[38;2;216;40;56m██[38;2;216;40;56m██[38;2;216;40;56m██[38;2;119;35;35m██[38;2;119;35;35m██    [38;2;67;62;64m██[38;2;206;196;201m██[38;2;142;137;139m██[38;2;142;137;139m██[38;2;142;137;139m██[38;2;142;137;139m██[38;2;206;196;201m██[38;2;206;196;201m██[38;2;67;62;64m██[38;2;142;137;139m██[38;2;2;2;2m██                  
      [38;2;2;2;2m██[38;2;94;48;34m██[38;2;167;101;47m██[38;2;94;48;34m██          [38;2;67;62;64m██[38;2;67;62;64m██[38;2;67;62;64m██[38;2;67;62;64m██[38;2;67;62;64m██[38;2;142;137;139m██[38;2;119;35;35m██[38;2;216;40;56m██[38;2;216;40;56m██[38;2;119;35;35m██[38;2;216;40;56m██[38;2;216;40;56m██[38;2;216;40;56m██[38;2;216;40;56m██[38;2;216;40;56m██[38;2;216;40;56m██[38;2;216;40;56m██[38;2;119;35;35m██[38;2;216;40;56m██[38;2;216;40;56m██[38;2;216;40;56m██[38;2;216;40;56m██[38;2;216;40;56m██[38;2;216;40;56m██[38;2;216;40;56m██[38;2;119;35;35m██    [38;2;67;62;64m██[38;2;206;196;201m██[38;2;206;196;201m██[38;2;206;196;201m██[38;2;206;196;201m██[38;2;142;137;139m██[38;2;67;62;64m██[38;2;142;137;139m██[38;2;2;2;2m██        [38;2;94;48;34m██[38;2;94;48;34m██        
      [38;2;2;2;2m██[38;2;94;48;34m██[38;2;167;101;47m██[38;2;94;48;34m██            [38;2;2;2;2m██[38;2;202;126;187m██[38;2;202;126;187m██[38;2;206;196;201m██[38;2;119;35;35m██[38;2;239;90;90m██[38;2;239;90;90m██[38;2;216;40;56m██[38;2;2;2;2m██[38;2;2;2;2m██[38;2;119;35;35m██[38;2;216;40;56m██[38;2;216;40;56m██[38;2;216;40;56m██[38;2;216;40;56m██[38;2;119;35;35m██[38;2;216;40;56m██[38;2;216;40;56m██[38;2;216;40;56m██[38;2;216;40;56m██[38;2;2;2;2m██[38;2;216;40;56m██[38;2;239;90;90m██[38;2;239;90;90m██[38;2;239;90;90m██[38;2;119;35;35m██    [38;2;67;62;64m██[38;2;67;62;64m██[38;2;67;62;64m██[38;2;67;62;64m██[38;2;2;2;2m██[38;2;2;2;2m██[38;2;2;2;2m██        [38;2;94;48;34m██[38;2;167;101;47m██[38;2;127;68;30m██[38;2;2;2;2m██      
      [38;2;2;2;2m██[38;2;94;48;34m██[38;2;167;101;47m██[38;2;167;101;47m██[38;2;94;48;34m██          [38;2;2;2;2m██[38;2;202;126;187m██[38;2;202;126;187m██[38;2;142;137;139m██[38;2;119;35;35m██[38;2;239;90;90m██[38;2;239;90;90m██[38;2;216;40;56m██[38;2;2;2;2m██  [38;2;2;2;2m██[38;2;119;35;35m██[38;2;119;35;35m██[38;2;119;35;35m██[38;2;216;40;56m██[38;2;216;40;56m██[38;2;216;40;56m██[38;2;216;40;56m██[38;2;119;35;35m██[38;2;2;2;2m██[38;2;202;126;187m██[38;2;2;2;2m██[38;2;216;40;56m██[38;2;239;90;90m██[38;2;239;90;90m██[38;2;239;90;90m██[38;2;119;35;35m██[38;2;119;35;35m██[38;2;67;62;64m██[38;2;206;196;201m██[38;2;202;126;187m██[38;2;94;48;34m██[38;2;131;78;136m██[38;2;2;2;2m██          [38;2;94;48;34m██[38;2;167;101;47m██[38;2;127;68;30m██[38;2;2;2;2m██      
    [38;2;2;2;2m██[38;2;127;68;30m██[38;2;94;48;34m██[38;2;167;101;47m██[38;2;167;101;47m██[38;2;94;48;34m██            [38;2;2;2;2m██[38;2;202;126;187m██[38;2;119;35;35m██[38;2;239;90;90m██[38;2;239;90;90m██[38;2;216;40;56m██[38;2;2;2;2m██[38;2;2;2;2m██    [38;2;119;35;35m██[38;2;216;40;56m██[38;2;216;40;56m██[38;2;216;40;56m██[38;2;216;40;56m██[38;2;216;40;56m██[38;2;216;40;56m██[38;2;2;2;2m██[38;2;2;2;2m██[38;2;202;126;187m██[38;2;202;126;187m██[38;2;2;2;2m██[38;2;2;2;2m██[38;2;239;90;90m██[38;2;239;90;90m██[38;2;239;90;90m██[38;2;239;90;90m██[38;2;2;2;2m██[38;2;206;196;201m██[38;2;202;126;187m██[38;2;94;48;34m██[38;2;131;78;136m██[38;2;2;2;2m██        [38;2;94;48;34m██[38;2;167;101;47m██[38;2;167;101;47m██[38;2;94;48;34m██[38;2;2;2;2m██      
    [38;2;2;2;2m██[38;2;127;68;30m██[38;2;94;48;34m██[38;2;167;101;47m██[38;2;167;101;47m██[38;2;167;101;47m██[38;2;94;48;34m██          [38;2;2;2;2m██[38;2;119;35;35m██[38;2;239;90;90m██[38;2;239;90;90m██[38;2;2;2;2m██[38;2;2;2;2m██[38;2;142;137;139m██[38;2;2;2;2m██  [38;2;2;2;2m██[38;2;119;35;35m██[38;2;216;40;56m██[38;2;216;40;56m██[38;2;216;40;56m██[38;2;216;40;56m██[38;2;216;40;56m██[38;2;216;40;56m██[38;2;2;2;2m██  [38;2;94;48;34m██[38;2;202;126;187m██[38;2;202;126;187m██[38;2;2;2;2m██[38;2;2;2;2m██[38;2;2;2;2m██[38;2;2;2;2m██[38;2;2;2;2m██[38;2;206;196;201m██[38;2;202;126;187m██[38;2;202;126;187m██[38;2;131;78;136m██[38;2;2;2;2m██          [38;2;94;48;34m██[38;2;167;101;47m██[38;2;167;101;47m██[38;2;94;48;34m██[38;2;127;68;30m██[38;2;2;2;2m██    
    [38;2;2;2;2m██[38;2;127;68;30m██[38;2;94;48;34m██[38;2;167;101;47m██[38;2;167;101;47m██[38;2;167;101;47m██[38;2;94;48;34m██            [38;2;2;2;2m██[38;2;2;2;2m██[38;2;2;2;2m██[38;2;206;196;201m██[38;2;206;196;201m██[38;2;142;137;139m██[38;2;142;137;139m██[38;2;2;2;2m██[38;2;202;126;187m██[38;2;119;35;35m██[38;2;216;40;56m██[38;2;216;40;56m██[38;2;216;40;56m██[38;2;216;40;56m██[38;2;216;40;56m██[38;2;216;40;56m██[38;2;2;2;2m██  [38;2;2;2;2m██[38;2;202;126;187m██[38;2;206;196;201m██[38;2;2;2;2m██  [38;2;67;62;64m██[38;2;206;196;201m██[38;2;206;196;201m██[38;2;142;137;139m██[38;2;202;126;187m██[38;2;94;48;34m██[38;2;131;78;136m██[38;2;2;2;2m██        [38;2;94;48;34m██[38;2;167;101;47m██[38;2;167;101;47m██[38;2;167;101;47m██[38;2;94;48;34m██[38;2;127;68;30m██[38;2;2;2;2m██    
    [38;2;2;2;2m██[38;2;127;68;30m██[38;2;94;48;34m██[38;2;167;101;47m██[38;2;127;68;30m██[38;2;167;101;47m██[38;2;167;101;47m██[38;2;94;48;34m██          [38;2;2;2;2m██[38;2;202;126;187m██[38;2;202;126;187m██[38;2;142;137;139m██[38;2;206;196;201m██[38;2;206;196;201m██[38;2;67;62;64m██[38;2;142;137;139m██[38;2;202;126;187m██[38;2;119;35;35m██[38;2;239;90;90m██[38;2;216;40;56m██[38;2;216;40;56m██[38;2;216;40;56m██[38;2;216;40;56m██[38;2;216;40;56m██[38;2;2;2;2m██    [38;2;94;48;34m██[38;2;206;196;201m██[38;2;142;137;139m██[38;2;67;62;64m██[38;2;206;196;201m██[38;2;206;196;201m██[38;2;142;137;139m██[38;2;202;126;187m██[38;2;202;126;187m██[38;2;131;78;136m██[38;2;2;2;2m██          [38;2;94;48;34m██[38;2;167;101;47m██[38;2;167;101;47m██[38;2;167;101;47m██[38;2;94;48;34m██[38;2;127;68;30m██[38;2;2;2;2m██    
    [38;2;2;2;2m██[38;2;127;68;30m██[38;2;94;48;34m██[38;2;167;101;47m██[38;2;94;48;34m██[38;2;2;2;2m██[38;2;2;2;2m██[38;2;2;2;2m██            [38;2;2;2;2m██[38;2;202;126;187m██[38;2;202;126;187m██[38;2;142;137;139m██[38;2;206;196;201m██[38;2;206;196;201m██[38;2;67;62;64m██[38;2;142;137;139m██[38;2;119;35;35m██[38;2;239;90;90m██[38;2;239;90;90m██[38;2;216;40;56m██[38;2;216;40;56m██[38;2;216;40;56m██[38;2;216;40;56m██[38;2;2;2;2m██    [38;2;2;2;2m██[38;2;142;137;139m██[38;2;67;62;64m██[38;2;206;196;201m██[38;2;206;196;201m██[38;2;142;137;139m██[38;2;202;126;187m██[38;2;202;126;187m██[38;2;94;48;34m██[38;2;131;78;136m██[38;2;2;2;2m██        [38;2;94;48;34m██[38;2;167;101;47m██[38;2;167;101;47m██[38;2;127;68;30m██[38;2;167;101;47m██[38;2;94;48;34m██[38;2;127;68;30m██[38;2;2;2;2m██    
    [38;2;2;2;2m██[38;2;127;68;30m██[38;2;127;68;30m██[38;2;167;101;47m██[38;2;94;48;34m██                    [38;2;2;2;2m██[38;2;202;126;187m██[38;2;202;126;187m██[38;2;206;196;201m██[38;2;206;196;201m██[38;2;206;196;201m██[38;2;206;196;201m██[38;2;119;35;35m██[38;2;239;90;90m██[38;2;239;90;90m██[38;2;119;35;35m██[38;2;216;40;56m██[38;2;216;40;56m██[38;2;216;40;56m██[38;2;2;2;2m██  [38;2;67;62;64m██[38;2;67;62;64m██[38;2;206;196;201m██[38;2;206;196;201m██[38;2;206;196;201m██[38;2;206;196;201m██[38;2;202;126;187m██[38;2;202;126;187m██[38;2;94;48;34m██[38;2;131;78;136m██[38;2;2;2;2m██          [38;2;94;48;34m██[38;2;94;48;34m██[38;2;94;48;34m██[38;2;94;48;34m██[38;2;167;101;47m██[38;2;94;48;34m██[38;2;127;68;30m██[38;2;2;2;2m██    
    [38;2;2;2;2m██[38;2;127;68;30m██[38;2;127;68;30m██[38;2;167;101;47m██[38;2;94;48;34m██                      [38;2;2;2;2m██[38;2;202;126;187m██[38;2;206;196;201m██[38;2;142;137;139m██[38;2;142;137;139m██[38;2;206;196;201m██[38;2;119;35;35m██[38;2;239;90;90m██[38;2;239;90;90m██[38;2;119;35;35m██[38;2;216;40;56m██[38;2;216;40;56m██[38;2;216;40;56m██[38;2;2;2;2m██[38;2;67;62;64m██[38;2;206;196;201m██[38;2;206;196;201m██[38;2;206;196;201m██[38;2;142;137;139m██[38;2;142;137;139m██[38;2;206;196;201m██[38;2;202;126;187m██[38;2;202;126;187m██[38;2;131;78;136m██[38;2;2;2;2m██                  [38;2;94;48;34m██[38;2;167;101;47m██[38;2;94;48;34m██[38;2;127;68;30m██[38;2;2;2;2m██    
    [38;2;2;2;2m██[38;2;127;68;30m██[38;2;127;68;30m██[38;2;167;101;47m██[38;2;70;79;86m██[38;2;94;48;34m██                      [38;2;2;2;2m██[38;2;202;126;187m██[38;2;202;126;187m██[38;2;202;126;187m██[38;2;142;137;139m██[38;2;119;35;35m██[38;2;239;90;90m██[38;2;239;90;90m██[38;2;119;35;35m██[38;2;216;40;56m██[38;2;216;40;56m██[38;2;216;40;56m██[38;2;2;2;2m██[38;2;206;196;201m██[38;2;206;196;201m██[38;2;206;196;201m██[38;2;142;137;139m██[38;2;202;126;187m██[38;2;202;126;187m██[38;2;202;126;187m██[38;2;94;48;34m██[38;2;131;78;136m██[38;2;2;2;2m██                    [38;2;94;48;34m██[38;2;167;101;47m██[38;2;94;48;34m██[38;2;127;68;30m██[38;2;2;2;2m██    
    [38;2;2;2;2m██[38;2;127;68;30m██[38;2;94;48;34m██[38;2;127;68;30m██[38;2;70;79;86m██[38;2;94;48;34m██                      [38;2;2;2;2m██[38;2;94;48;34m██[38;2;94;48;34m██[38;2;202;126;187m██[38;2;202;126;187m██[38;2;119;35;35m██[38;2;239;90;90m██[38;2;239;90;90m██[38;2;119;35;35m██[38;2;216;40;56m██[38;2;216;40;56m██[38;2;216;40;56m██[38;2;2;2;2m██[38;2;206;196;201m██[38;2;142;137;139m██[38;2;202;126;187m██[38;2;202;126;187m██[38;2;202;126;187m██[38;2;202;126;187m██[38;2;131;78;136m██[38;2;94;48;34m██[38;2;94;48;34m██[38;2;2;2;2m██                  [38;2;94;48;34m██[38;2;167;101;47m██[38;2;167;101;47m██[38;2;94;48;34m██[38;2;127;68;30m██[38;2;2;2;2m██    
    [38;2;2;2;2m██[38;2;127;68;30m██[38;2;94;48;34m██[38;2;127;68;30m██[38;2;70;79;86m██[38;2;94;48;34m██                      [38;2;2;2;2m██[38;2;202;126;187m██[38;2;202;126;187m██[38;2;2;2;2m██[38;2;2;2;2m██[38;2;119;35;35m██[38;2;239;90;90m██[38;2;239;90;90m██[38;2;119;35;35m██[38;2;216;40;56m██[38;2;216;40;56m██[38;2;216;40;56m██[38;2;2;2;2m██[38;2;202;126;187m██[38;2;202;126;187m██[38;2;202;126;187m██[38;2;202;126;187m██[38;2;131;78;136m██[38;2;2;2;2m██[38;2;2;2;2m██[38;2;131;78;136m██[38;2;131;78;136m██[38;2;2;2;2m██                  [38;2;94;48;34m██[38;2;167;101;47m██[38;2;167;101;47m██[38;2;94;48;34m██[38;2;127;68;30m██[38;2;2;2;2m██    
    [38;2;2;2;2m██[38;2;127;68;30m██[38;2;94;48;34m██[38;2;167;101;47m██[38;2;127;68;30m██[38;2;70;79;86m██[38;2;94;48;34m██                      [38;2;2;2;2m██[38;2;2;2;2m██    [38;2;119;35;35m██[38;2;239;90;90m██[38;2;239;90;90m██[38;2;119;35;35m██[38;2;216;40;56m██[38;2;216;40;56m██[38;2;216;40;56m██[38;2;2;2;2m██[38;2;202;126;187m██[38;2;202;126;187m██[38;2;131;78;136m██[38;2;2;2;2m██[38;2;2;2;2m██    [38;2;2;2;2m██[38;2;142;137;139m██[38;2;2;2;2m██                [38;2;94;48;34m██[38;2;167;101;47m██[38;2;127;68;30m██[38;2;70;79;86m██[38;2;94;48;34m██[38;2;127;68;30m██[38;2;2;2;2m██    
    [38;2;2;2;2m██[38;2;127;68;30m██[38;2;94;48;34m██[38;2;167;101;47m██[38;2;167;101;47m██[38;2;167;101;47m██[38;2;94;48;34m██                              [38;2;119;35;35m██[38;2;239;90;90m██[38;2;239;90;90m██[38;2;119;35;35m██[38;2;216;40;56m██[38;2;216;40;56m██[38;2;216;40;56m██[38;2;2;2;2m██[38;2;2;2;2m██[38;2;2;2;2m██            [38;2;2;2;2m██[38;2;142;137;139m██[38;2;2;2;2m██              [38;2;94;48;34m██[38;2;127;68;30m██[38;2;70;79;86m██[38;2;70;79;86m██[38;2;94;48;34m██[38;2;127;68;30m██[38;2;2;2;2m██    
    [38;2;2;2;2m██[38;2;127;68;30m██[38;2;94;48;34m██[38;2;167;101;47m██[38;2;167;101;47m██[38;2;167;101;47m██[38;2;167;101;47m██[38;2;94;48;34m██                            [38;2;119;35;35m██[38;2;239;90;90m██[38;2;239;90;90m██[38;2;119;35;35m██[38;2;216;40;56m██[38;2;216;40;56m██[38;2;216;40;56m██[38;2;2;2;2m██                [38;2;2;2;2m██[38;2;142;137;139m██[38;2;206;196;201m██[38;2;2;2;2m██          [38;2;94;48;34m██[38;2;167;101;47m██[38;2;127;68;30m██[38;2;70;79;86m██[38;2;94;48;34m██[38;2;127;68;30m██[38;2;127;68;30m██[38;2;2;2;2m██    
      [38;2;94;48;34m██[38;2;127;68;30m██[38;2;94;48;34m██[38;2;167;101;47m██[38;2;167;101;47m██[38;2;167;101;47m██[38;2;119;35;35m██                            [38;2;119;35;35m██[38;2;239;90;90m██[38;2;239;90;90m██[38;2;119;35;35m██[38;2;216;40;56m██[38;2;216;40;56m██[38;2;216;40;56m██[38;2;2;2;2m██                  [38;2;2;2;2m██[38;2;206;196;201m██[38;2;206;196;201m██[38;2;2;2;2m██      [38;2;94;48;34m██[38;2;167;101;47m██[38;2;167;101;47m██[38;2;167;101;47m██[38;2;127;68;30m██[38;2;94;48;34m██[38;2;127;68;30m██[38;2;127;68;30m██[38;2;2;2;2m██    
      [38;2;2;2;2m██[38;2;127;68;30m██[38;2;94;48;34m██[38;2;167;101;47m██[38;2;167;101;47m██[38;2;216;40;56m██[38;2;239;90;90m██[38;2;119;35;35m██                          [38;2;119;35;35m██[38;2;239;90;90m██[38;2;239;90;90m██[38;2;119;35;35m██[38;2;216;40;56m██[38;2;216;40;56m██[38;2;216;40;56m██[38;2;2;2;2m██                  [38;2;2;2;2m██[38;2;206;196;201m██[38;2;206;196;201m██[38;2;2;2;2m██    [38;2;119;35;35m██[38;2;94;48;34m██[38;2;167;101;47m██[38;2;127;68;30m██[38;2;167;101;47m██[38;2;167;101;47m██[38;2;94;48;34m██[38;2;127;68;30m██[38;2;70;79;86m██[38;2;2;2;2m██    
      [38;2;2;2;2m██[38;2;70;79;86m██[38;2;94;48;34m██[38;2;167;101;47m██[38;2;216;40;56m██[38;2;239;90;90m██[38;2;239;90;90m██[38;2;239;90;90m██[38;2;119;35;35m██                        [38;2;119;35;35m██[38;2;239;90;90m██[38;2;239;90;90m██[38;2;119;35;35m██[38;2;216;40;56m██[38;2;216;40;56m██[38;2;216;40;56m██[38;2;2;2;2m██                    [38;2;2;2;2m██[38;2;2;2;2m██    [38;2;119;35;35m██[38;2;239;90;90m██[38;2;216;40;56m██[38;2;127;68;30m██[38;2;70;79;86m██[38;2;127;68;30m██[38;2;94;48;34m██[38;2;127;68;30m██[38;2;70;79;86m██[38;2;70;79;86m██[38;2;2;2;2m██    
      [38;2;2;2;2m██[38;2;70;79;86m██[38;2;127;68;30m██[38;2;127;68;30m██[38;2;216;40;56m██[38;2;239;90;90m██[38;2;239;90;90m██[38;2;239;90;90m██[38;2;239;90;90m██[38;2;119;35;35m██[38;2;119;35;35m██                    [38;2;119;35;35m██[38;2;239;90;90m██[38;2;239;90;90m██[38;2;119;35;35m██[38;2;216;40;56m██[38;2;216;40;56m██[38;2;216;40;56m██[38;2;2;2;2m██                        [38;2;119;35;35m██[38;2;119;35;35m██[38;2;239;90;90m██[38;2;239;90;90m██[38;2;216;40;56m██[38;2;167;101;47m██[38;2;127;68;30m██[38;2;167;101;47m██[38;2;94;48;34m██[38;2;127;68;30m██[38;2;70;79;86m██[38;2;70;79;86m██[38;2;2;2;2m██    
      [38;2;2;2;2m██[38;2;127;68;30m██[38;2;127;68;30m██[38;2;119;35;35m██[38;2;239;90;90m██[38;2;239;90;90m██[38;2;239;90;90m██[38;2;239;90;90m██[38;2;239;90;90m██[38;2;239;90;90m██[38;2;239;90;90m██[38;2;94;48;34m██[38;2;94;48;34m██[38;2;94;48;34m██              [38;2;119;35;35m██[38;2;239;90;90m██[38;2;239;90;90m██[38;2;119;35;35m██[38;2;216;40;56m██[38;2;216;40;56m██[38;2;216;40;56m██[38;2;2;2;2m██                  [38;2;119;35;35m██[38;2;119;35;35m██[38;2;119;35;35m██[38;2;239;90;90m██[38;2;239;90;90m██[38;2;239;90;90m██[38;2;239;90;90m██[38;2;239;90;90m██[38;2;216;40;56m██[38;2;167;101;47m██[38;2;94;48;34m██[38;2;127;68;30m██[38;2;127;68;30m██[38;2;70;79;86m██[38;2;2;2;2m██      
        [38;2;2;2;2m██[38;2;127;68;30m██[38;2;119;35;35m██[38;2;119;35;35m██[38;2;239;90;90m██[38;2;239;90;90m██[38;2;239;90;90m██[38;2;239;90;90m██[38;2;239;90;90m██[38;2;239;90;90m██[38;2;216;40;56m██[38;2;167;101;47m██[38;2;167;101;47m██[38;2;94;48;34m██[38;2;94;48;34m██[38;2;119;35;35m██[38;2;119;35;35m██[38;2;119;35;35m██[38;2;119;35;35m██[38;2;119;35;35m██[38;2;119;35;35m██[38;2;239;90;90m██[38;2;239;90;90m██[38;2;119;35;35m██[38;2;216;40;56m██[38;2;216;40;56m██[38;2;216;40;56m██[38;2;119;35;35m██[38;2;119;35;35m██[38;2;119;35;35m██[38;2;94;48;34m██[38;2;94;48;34m██[38;2;94;48;34m██[38;2;94;48;34m██[38;2;94;48;34m██[38;2;119;35;35m██[38;2;119;35;35m██[38;2;239;90;90m██[38;2;239;90;90m██[38;2;239;90;90m██[38;2;239;90;90m██[38;2;239;90;90m██[38;2;239;90;90m██[38;2;239;90;90m██[38;2;239;90;90m██[38;2;216;40;56m██[38;2;127;68;30m██[38;2;127;68;30m██[38;2;127;68;30m██[38;2;127;68;30m██[38;2;127;68;30m██[38;2;2;2;2m██      
        [38;2;2;2;2m██[38;2;127;68;30m██[38;2;119;35;35m██[38;2;216;40;56m██[38;2;119;35;35m██[38;2;239;90;90m██[38;2;239;90;90m██[38;2;239;90;90m██[38;2;239;90;90m██[38;2;239;90;90m██[38;2;216;40;56m██[38;2;167;101;47m██[38;2;167;101;47m██[38;2;167;101;47m██[38;2;216;40;56m██[38;2;239;90;90m██[38;2;239;90;90m██[38;2;239;90;90m██[38;2;239;90;90m██[38;2;239;90;90m██[38;2;239;90;90m██[38;2;239;90;90m██[38;2;239;90;90m██[38;2;119;35;35m██[38;2;216;40;56m██[38;2;216;40;56m██[38;2;216;40;56m██[38;2;239;90;90m██[38;2;239;90;90m██[38;2;239;90;90m██[38;2;216;40;56m██[38;2;167;101;47m██[38;2;167;101;47m██[38;2;167;101;47m██[38;2;167;101;47m██[38;2;216;40;56m██[38;2;239;90;90m██[38;2;239;90;90m██[38;2;239;90;90m██[38;2;239;90;90m██[38;2;239;90;90m██[38;2;239;90;90m██[38;2;239;90;90m██[38;2;239;90;90m██[38;2;239;90;90m██[38;2;216;40;56m██[38;2;119;35;35m██[38;2;127;68;30m██[38;2;127;68;30m██[38;2;127;68;30m██[38;2;127;68;30m██[38;2;2;2;2m██      
        [38;2;2;2;2m██[38;2;127;68;30m██[38;2;216;40;56m██[38;2;216;40;56m██[38;2;216;40;56m██[38;2;119;35;35m██[38;2;239;90;90m██[38;2;239;90;90m██[38;2;239;90;90m██[38;2;239;90;90m██[38;2;216;40;56m██[38;2;167;101;47m██[38;2;167;101;47m██[38;2;167;101;47m██[38;2;216;40;56m██[38;2;239;90;90m██[38;2;239;90;90m██[38;2;239;90;90m██[38;2;239;90;90m██[38;2;239;90;90m██[38;2;239;90;90m██[38;2;239;90;90m██[38;2;239;90;90m██[38;2;216;40;56m██[38;2;216;40;56m██[38;2;216;40;56m██[38;2;216;40;56m██[38;2;239;90;90m██[38;2;239;90;90m██[38;2;239;90;90m██[38;2;239;90;90m██[38;2;216;40;56m██[38;2;167;101;47m██[38;2;167;101;47m██[38;2;167;101;47m██[38;2;239;90;90m██[38;2;239;90;90m██[38;2;239;90;90m██[38;2;239;90;90m██[38;2;239;90;90m██[38;2;239;90;90m██[38;2;216;40;56m██[38;2;239;90;90m██[38;2;239;90;90m██[38;2;216;40;56m██[38;2;216;40;56m██[38;2;119;35;35m██[38;2;127;68;30m██[38;2;127;68;30m██[38;2;127;68;30m██[38;2;2;2;2m██        
          [38;2;119;35;35m██[38;2;216;40;56m██[38;2;216;40;56m██[38;2;216;40;56m██[38;2;216;40;56m██[38;2;216;40;56m██[38;2;239;90;90m██[38;2;239;90;90m██[38;2;239;90;90m██[38;2;239;90;90m██[38;2;167;101;47m██[38;2;167;101;47m██[38;2;167;101;47m██[38;2;239;90;90m██[38;2;239;90;90m██[38;2;239;90;90m██[38;2;239;90;90m██[38;2;239;90;90m██[38;2;216;40;56m██[38;2;239;90;90m██[38;2;239;90;90m██[38;2;239;90;90m██[38;2;216;40;56m██[38;2;216;40;56m██[38;2;216;40;56m██[38;2;119;35;35m██[38;2;239;90;90m██[38;2;239;90;90m██[38;2;239;90;90m██[38;2;239;90;90m██[38;2;239;90;90m██[38;2;167;101;47m██[38;2;167;101;47m██[38;2;216;40;56m██[38;2;239;90;90m██[38;2;239;90;90m██[38;2;239;90;90m██[38;2;239;90;90m██[38;2;239;90;90m██[38;2;239;90;90m██[38;2;119;35;35m██[38;2;216;40;56m██[38;2;216;40;56m██[38;2;216;40;56m██[38;2;216;40;56m██[38;2;216;40;56m██[38;2;119;35;35m██[38;2;127;68;30m██[38;2;127;68;30m██[38;2;2;2;2m██        
          [38;2;119;35;35m██[38;2;216;40;56m██[38;2;216;40;56m██[38;2;216;40;56m██[38;2;216;40;56m██[38;2;119;35;35m██[38;2;216;40;56m██[38;2;239;90;90m██[38;2;239;90;90m██[38;2;239;90;90m██[38;2;167;101;47m██[38;2;167;101;47m██[38;2;216;40;56m██[38;2;239;90;90m██[38;2;239;90;90m██[38;2;239;90;90m██[38;2;239;90;90m██[38;2;239;90;90m██[38;2;216;40;56m██[38;2;239;90;90m██[38;2;239;90;90m██[38;2;239;90;90m██[38;2;216;40;56m██[38;2;216;40;56m██[38;2;216;40;56m██[38;2;119;35;35m██[38;2;239;90;90m██[38;2;239;90;90m██[38;2;239;90;90m██[38;2;239;90;90m██[38;2;239;90;90m██[38;2;216;40;56m██[38;2;167;101;47m██[38;2;239;90;90m██[38;2;239;90;90m██[38;2;239;90;90m██[38;2;239;90;90m██[38;2;239;90;90m██[38;2;239;90;90m██[38;2;216;40;56m██[38;2;127;68;30m██[38;2;119;35;35m██[38;2;216;40;56m██[38;2;216;40;56m██[38;2;216;40;56m██[38;2;216;40;56m██[38;2;216;40;56m██[38;2;119;35;35m██[38;2;2;2;2m██          
          [38;2;119;35;35m██[38;2;216;40;56m██[38;2;216;40;56m██[38;2;216;40;56m██[38;2;119;35;35m██[38;2;127;68;30m██[38;2;216;40;56m██[38;2;216;40;56m██[38;2;216;40;56m██[38;2;239;90;90m██[38;2;216;40;56m██[38;2;167;101;47m██[38;2;216;40;56m██[38;2;239;90;90m██[38;2;239;90;90m██[38;2;239;90;90m██[38;2;239;90;90m██[38;2;239;90;90m██[38;2;239;90;90m██[38;2;216;40;56m██[38;2;239;90;90m██[38;2;239;90;90m██[38;2;216;40;56m██[38;2;216;40;56m██[38;2;119;35;35m██[38;2;239;90;90m██[38;2;239;90;90m██[38;2;239;90;90m██[38;2;239;90;90m██[38;2;239;90;90m██[38;2;239;90;90m██[38;2;239;90;90m██[38;2;216;40;56m██[38;2;239;90;90m██[38;2;239;90;90m██[38;2;239;90;90m██[38;2;239;90;90m██[38;2;216;40;56m██[38;2;216;40;56m██[38;2;119;35;35m██[38;2;127;68;30m██[38;2;119;35;35m██[38;2;216;40;56m██[38;2;216;40;56m██[38;2;216;40;56m██[38;2;216;40;56m██[38;2;216;40;56m██[38;2;216;40;56m██[38;2;2;2;2m██          
        [38;2;119;35;35m██[38;2;216;40;56m██[38;2;216;40;56m██[38;2;216;40;56m██[38;2;216;40;56m██[38;2;127;68;30m██[38;2;127;68;30m██[38;2;119;35;35m██[38;2;216;40;56m██[38;2;216;40;56m██[38;2;216;40;56m██[38;2;216;40;56m██[38;2;167;101;47m██[38;2;216;40;56m██[38;2;239;90;90m██[38;2;239;90;90m██[38;2;239;90;90m██[38;2;239;90;90m██[38;2;239;90;90m██[38;2;239;90;90m██[38;2;216;40;56m██[38;2;239;90;90m██[38;2;239;90;90m██[38;2;239;90;90m██[38;2;216;40;56m██[38;2;119;35;35m██[38;2;239;90;90m██[38;2;216;40;56m██[38;2;239;90;90m██[38;2;239;90;90m██[38;2;239;90;90m██[38;2;239;90;90m██[38;2;239;90;90m██[38;2;239;90;90m██[38;2;239;90;90m██[38;2;239;90;90m██[38;2;216;40;56m██[38;2;119;35;35m██[38;2;216;40;56m██[38;2;216;40;56m██[38;2;119;35;35m██[38;2;127;68;30m██[38;2;127;68;30m██[38;2;119;35;35m██[38;2;216;40;56m██[38;2;216;40;56m██[38;2;216;40;56m██[38;2;216;40;56m██[38;2;216;40;56m██[38;2;2;2;2m██          
      [38;2;119;35;35m██[38;2;216;40;56m██[38;2;216;40;56m██[38;2;216;40;56m██[38;2;119;35;35m██[38;2;119;35;35m██[38;2;127;68;30m██[38;2;127;68;30m██[38;2;119;35;35m██[38;2;216;40;56m██[38;2;216;40;56m██[38;2;216;40;56m██[38;2;216;40;56m██[38;2;127;68;30m██[38;2;216;40;56m██[38;2;239;90;90m██[38;2;239;90;90m██[38;2;239;90;90m██[38;2;239;90;90m██[38;2;239;90;90m██[38;2;239;90;90m██[38;2;239;90;90m██[38;2;239;90;90m██[38;2;239;90;90m██[38;2;239;90;90m██[38;2;239;90;90m██[38;2;239;90;90m██[38;2;239;90;90m██[38;2;167;101;47m██[38;2;239;90;90m██[38;2;239;90;90m██[38;2;239;90;90m██[38;2;239;90;90m██[38;2;239;90;90m██[38;2;239;90;90m██[38;2;216;40;56m██[38;2;119;35;35m██[38;2;216;40;56m██[38;2;216;40;56m██[38;2;216;40;56m██[38;2;216;40;56m██[38;2;127;68;30m██[38;2;127;68;30m██[38;2;127;68;30m██[38;2;119;35;35m██[38;2;216;40;56m██[38;2;216;40;56m██[38;2;216;40;56m██[38;2;216;40;56m██[38;2;216;40;56m██[38;2;2;2;2m██          
    [38;2;119;35;35m██[38;2;216;40;56m██[38;2;216;40;56m██[38;2;216;40;56m██[38;2;216;40;56m██[38;2;216;40;56m██[38;2;2;2;2m██[38;2;2;2;2m██[38;2;127;68;30m██[38;2;119;35;35m██[38;2;216;40;56m██[38;2;216;40;56m██[38;2;216;40;56m██[38;2;216;40;56m██[38;2;119;35;35m██[38;2;216;40;56m██[38;2;216;40;56m██[38;2;216;40;56m██[38;2;239;90;90m██[38;2;216;40;56m██[38;2;239;90;90m██[38;2;239;90;90m██[38;2;239;90;90m██[38;2;239;90;90m██[38;2;239;90;90m██[38;2;239;90;90m██[38;2;239;90;90m██[38;2;239;90;90m██[38;2;216;40;56m██[38;2;167;101;47m██[38;2;216;40;56m██[38;2;239;90;90m██[38;2;239;90;90m██[38;2;239;90;90m██[38;2;216;40;56m██[38;2;119;35;35m██[38;2;216;40;56m██[38;2;216;40;56m██[38;2;216;40;56m██[38;2;216;40;56m██[38;2;216;40;56m██[38;2;119;35;35m██[38;2;127;68;30m██[38;2;127;68;30m██[38;2;127;68;30m██[38;2;127;68;30m██[38;2;119;35;35m██[38;2;216;40;56m██[38;2;216;40;56m██[38;2;216;40;56m██[38;2;216;40;56m██[38;2;2;2;2m██          
  [38;2;119;35;35m██[38;2;216;40;56m██[38;2;216;40;56m██[38;2;216;40;56m██[38;2;216;40;56m██[38;2;216;40;56m██[38;2;2;2;2m██    [38;2;2;2;2m██[38;2;2;2;2m██[38;2;216;40;56m██[38;2;216;40;56m██[38;2;216;40;56m██[38;2;216;40;56m██[38;2;216;40;56m██[38;2;216;40;56m██[38;2;216;40;56m██[38;2;216;40;56m██[38;2;216;40;56m██[38;2;127;68;30m██[38;2;216;40;56m██[38;2;239;90;90m██[38;2;239;90;90m██[38;2;239;90;90m██[38;2;239;90;90m██[38;2;239;90;90m██[38;2;239;90;90m██[38;2;239;90;90m██[38;2;216;40;56m██[38;2;167;101;47m██[38;2;167;101;47m██[38;2;239;90;90m██[38;2;239;90;90m██[38;2;216;40;56m██[38;2;216;40;56m██[38;2;216;40;56m██[38;2;216;40;56m██[38;2;216;40;56m██[38;2;216;40;56m██[38;2;216;40;56m██[38;2;216;40;56m██[38;2;119;35;35m██[38;2;127;68;30m██[38;2;127;68;30m██[38;2;127;68;30m██[38;2;2;2;2m██[38;2;2;2;2m██[38;2;216;40;56m██[38;2;216;40;56m██[38;2;216;40;56m██[38;2;2;2;2m██            
  [38;2;119;35;35m██[38;2;216;40;56m██[38;2;216;40;56m██[38;2;216;40;56m██[38;2;2;2;2m██[38;2;2;2;2m██          [38;2;2;2;2m██[38;2;216;40;56m██[38;2;216;40;56m██[38;2;216;40;56m██[38;2;216;40;56m██[38;2;216;40;56m██[38;2;216;40;56m██[38;2;216;40;56m██[38;2;119;35;35m██[38;2;127;68;30m██[38;2;119;35;35m██[38;2;216;40;56m██[38;2;216;40;56m██[38;2;239;90;90m██[38;2;239;90;90m██[38;2;239;90;90m██[38;2;239;90;90m██[38;2;239;90;90m██[38;2;216;40;56m██[38;2;94;48;34m██[38;2;127;68;30m██[38;2;119;35;35m██[38;2;216;40;56m██[38;2;216;40;56m██[38;2;216;40;56m██[38;2;216;40;56m██[38;2;216;40;56m██[38;2;216;40;56m██[38;2;216;40;56m██[38;2;216;40;56m██[38;2;216;40;56m██[38;2;119;35;35m██[38;2;127;68;30m██[38;2;2;2;2m██[38;2;2;2;2m██  [38;2;2;2;2m██[38;2;216;40;56m██[38;2;216;40;56m██[38;2;216;40;56m██[38;2;2;2;2m██            
[38;2;119;35;35m██[38;2;216;40;56m██[38;2;216;40;56m██[38;2;2;2;2m██[38;2;2;2;2m██                [38;2;2;2;2m██[38;2;2;2;2m██[38;2;216;40;56m██[38;2;216;40;56m██[38;2;216;40;56m██[38;2;216;40;56m██[38;2;216;40;56m██[38;2;127;68;30m██[38;2;127;68;30m██[38;2;119;35;35m██[38;2;216;40;56m██[38;2;216;40;56m██[38;2;216;40;56m██[38;2;216;40;56m██[38;2;216;40;56m██[38;2;216;40;56m██[38;2;216;40;56m██[38;2;127;68;30m██[38;2;127;68;30m██[38;2;127;68;30m██[38;2;127;68;30m██[38;2;216;40;56m██[38;2;216;40;56m██[38;2;216;40;56m██[38;2;216;40;56m██[38;2;216;40;56m██[38;2;216;40;56m██[38;2;216;40;56m██[38;2;216;40;56m██[38;2;216;40;56m██[38;2;2;2;2m██[38;2;2;2;2m██      [38;2;2;2;2m██[38;2;216;40;56m██[38;2;216;40;56m██[38;2;216;40;56m██[38;2;216;40;56m██[38;2;2;2;2m██          
[38;2;119;35;35m██[38;2;216;40;56m██[38;2;119;35;35m██                        [38;2;2;2;2m██[38;2;216;40;56m██[38;2;216;40;56m██[38;2;216;40;56m██[38;2;119;35;35m██[38;2;127;68;30m██[38;2;127;68;30m██[38;2;119;35;35m██[38;2;216;40;56m██[38;2;216;40;56m██[38;2;216;40;56m██[38;2;216;40;56m██[38;2;216;40;56m██[38;2;216;40;56m██[38;2;119;35;35m██[38;2;127;68;30m██[38;2;127;68;30m██[38;2;127;68;30m██[38;2;127;68;30m██[38;2;119;35;35m██[38;2;216;40;56m██[38;2;216;40;56m██[38;2;216;40;56m██[38;2;216;40;56m██[38;2;216;40;56m██[38;2;119;35;35m██[38;2;2;2;2m██[38;2;2;2;2m██            [38;2;2;2;2m██[38;2;216;40;56m██[38;2;216;40;56m██[38;2;216;40;56m██[38;2;216;40;56m██[38;2;2;2;2m██        
[38;2;119;35;35m██[38;2;216;40;56m██[38;2;2;2;2m██                          [38;2;2;2;2m██[38;2;216;40;56m██[38;2;216;40;56m██[38;2;119;35;35m██[38;2;127;68;30m██[38;2;127;68;30m██[38;2;119;35;35m██[38;2;216;40;56m██[38;2;216;40;56m██[38;2;216;40;56m██[38;2;216;40;56m██[38;2;216;40;56m██[38;2;216;40;56m██[38;2;119;35;35m██[38;2;127;68;30m██[38;2;127;68;30m██[38;2;127;68;30m██[38;2;119;35;35m██[38;2;119;35;35m██[38;2;216;40;56m██[38;2;216;40;56m██[38;2;216;40;56m██[38;2;216;40;56m██[38;2;119;35;35m██[38;2;2;2;2m██                  [38;2;2;2;2m██[38;2;2;2;2m██[38;2;119;35;35m██[38;2;216;40;56m██[38;2;216;40;56m██[38;2;2;2;2m██      
  [38;2;119;35;35m██[38;2;2;2;2m██                            [38;2;119;35;35m██[38;2;216;40;56m██[38;2;216;40;56m██[38;2;216;40;56m██[38;2;119;35;35m██[38;2;119;35;35m██[38;2;216;40;56m██[38;2;216;40;56m██[38;2;216;40;56m██[38;2;216;40;56m██[38;2;216;40;56m██[38;2;216;40;56m██[38;2;119;35;35m██[38;2;119;35;35m██[38;2;119;35;35m██[38;2;216;40;56m██[38;2;216;40;56m██[38;2;216;40;56m██[38;2;216;40;56m██[38;2;216;40;56m██[38;2;216;40;56m██[38;2;216;40;56m██[38;2;2;2;2m██                          [38;2;2;2;2m██[38;2;216;40;56m██[38;2;2;2;2m██      
    [38;2;2;2;2m██                            [38;2;2;2;2m██[38;2;216;40;56m██[38;2;216;40;56m██[38;2;216;40;56m██[38;2;216;40;56m██[38;2;216;40;56m██[38;2;216;40;56m██[38;2;216;40;56m██[38;2;216;40;56m██[38;2;216;40;56m██[38;2;216;40;56m██[38;2;216;40;56m██[38;2;216;40;56m██[38;2;216;40;56m██[38;2;216;40;56m██[38;2;216;40;56m██[38;2;216;40;56m██[38;2;216;40;56m██[38;2;216;40;56m██[38;2;216;40;56m██[38;2;216;40;56m██[38;2;2;2;2m██                              [38;2;2;2;2m██[38;2;2;2;2m██      
                                  [38;2;2;2;2m██[38;2;216;40;56m██[38;2;216;40;56m██[38;2;216;40;56m██[38;2;216;40;56m██[38;2;216;40;56m██[38;2;216;40;56m██[38;2;216;40;56m██[38;2;216;40;56m██[38;2;216;40;56m██[38;2;216;40;56m██[38;2;216;40;56m██[38;2;216;40;56m██[38;2;216;40;56m██[38;2;216;40;56m██[38;2;216;40;56m██[38;2;216;40;56m██[38;2;216;40;56m██[38;2;216;40;56m██[38;2;216;40;56m██[38;2;216;40;56m██[38;2;2;2;2m██                                [38;2;2;2;2m██      
                                [38;2;2;2;2m██[38;2;216;40;56m██[38;2;216;40;56m██[38;2;216;40;56m██[38;2;216;40;56m██[38;2;2;2;2m██[38;2;119;35;35m██[38;2;216;40;56m██[38;2;216;40;56m██[38;2;216;40;56m██[38;2;216;40;56m██[38;2;216;40;56m██[38;2;216;40;56m██[38;2;216;40;56m██[38;2;216;40;56m██[38;2;216;40;56m██[38;2;119;35;35m██[38;2;216;40;56m██[38;2;216;40;56m██[38;2;216;40;56m██[38;2;216;40;56m██[38;2;2;2;2m██                                          
                              [38;2;2;2;2m██[38;2;216;40;56m██[38;2;216;40;56m██[38;2;216;40;56m██[38;2;216;40;56m██[38;2;2;2;2m██  [38;2;2;2;2m██[38;2;216;40;56m██[38;2;216;40;56m██[38;2;216;40;56m██[38;2;216;40;56m██[38;2;216;40;56m██[38;2;216;40;56m██[38;2;216;40;56m██[38;2;216;40;56m██[38;2;216;40;56m██[38;2;2;2;2m██[38;2;2;2;2m██[38;2;216;40;56m██[38;2;216;40;56m██[38;2;216;40;56m██[38;2;2;2;2m██                                          
                              [38;2;2;2;2m██[38;2;216;40;56m██[38;2;216;40;56m██[38;2;216;40;56m██[38;2;2;2;2m██    [38;2;2;2;2m██[38;2;216;40;56m██[38;2;216;40;56m██[38;2;216;40;56m██[38;2;216;40;56m██[38;2;216;40;56m██[38;2;216;40;56m██[38;2;216;40;56m██[38;2;216;40;56m██[38;2;2;2;2m██    [38;2;2;2;2m██[38;2;216;40;56m██[38;2;216;40;56m██[38;2;216;40;56m██[38;2;2;2;2m██                                        
                                [38;2;2;2;2m██[38;2;216;40;56m██[38;2;216;40;56m██[38;2;2;2;2m██    [38;2;2;2;2m██[38;2;216;40;56m██[38;2;216;40;56m██[38;2;216;40;56m██[38;2;216;40;56m██[38;2;216;40;56m██[38;2;216;40;56m██[38;2;216;40;56m██[38;2;216;40;56m██[38;2;2;2;2m██      [38;2;2;2;2m██[38;2;216;40;56m██[38;2;216;40;56m██[38;2;2;2;2m██                                        
                                  [38;2;2;2;2m██[38;2;216;40;56m██[38;2;216;40;56m██[38;2;2;2;2m██    [38;2;2;2;2m██[38;2;216;40;56m██[38;2;216;40;56m██[38;2;216;40;56m██[38;2;216;40;56m██[38;2;216;40;56m██[38;2;216;40;56m██[38;2;2;2;2m██        [38;2;2;2;2m██[38;2;216;40;56m██[38;2;216;40;56m██[38;2;2;2;2m██                                        
                                    [38;2;119;35;35m██[38;2;216;40;56m██[38;2;2;2;2m██      [38;2;2;2;2m██[38;2;216;40;56m██[38;2;216;40;56m██[38;2;216;40;56m██[38;2;216;40;56m██[38;2;216;40;56m██[38;2;2;2;2m██      [38;2;2;2;2m██[38;2;216;40;56m██[38;2;216;40;56m██[38;2;2;2;2m██                                          
                                    [38;2;119;35;35m██[38;2;2;2;2m██          [38;2;2;2;2m██[38;2;2;2;2m██[38;2;216;40;56m██[38;2;216;40;56m██[38;2;216;40;56m██[38;2;2;2;2m██      [38;2;2;2;2m██[38;2;216;40;56m██[38;2;119;35;35m██                                            
                                    [38;2;2;2;2m██                [38;2;2;2;2m██[38;2;216;40;56m██[38;2;216;40;56m██[38;2;216;40;56m██[38;2;2;2;2m██      [38;2;2;2;2m██[38;2;119;35;35m██                                            
                                                      [38;2;2;2;2m██[38;2;216;40;56m██[38;2;216;40;56m██[38;2;216;40;56m██[38;2;2;2;2m██        [38;2;2;2;2m██[38;2;119;35;35m██                                          
                                                    [38;2;2;2;2m██[38;2;216;40;56m██[38;2;216;40;56m██[38;2;2;2;2m██[38;2;2;2;2m██                                                        
                                                  [38;2;2;2;2m██[38;2;216;40;56m██[38;2;216;40;56m██[38;2;2;2;2m██                                                            
                                                  [38;2;2;2;2m██[38;2;216;40;56m██[38;2;119;35;35m██                                                              
                                                    [38;2;2;2;2m██[38;2;119;35;35m██                                                              
                                                      [38;2;2;2;2m██                                                              
