                                                                [38;2;32;82;74m██[38;2;32;82;74m██[38;2;32;82;74m██                                              
                        [38;2;24;32;32m██[38;2;24;32;32m██[38;2;24;32;32m██[38;2;24;32;32m██[38;2;24;32;32m██                            [38;2;32;82;74m██[38;2;148;189;189m██[38;2;148;189;189m██[38;2;148;189;189m██[38;2;32;82;74m██                                            
                  [38;2;24;32;32m██[38;2;24;32;32m██[38;2;24;24;32m██[38;2;24;24;32m██[38;2;65;74;90m██[38;2;65;74;90m██[38;2;24;24;32m██[38;2;65;74;90m██[38;2;24;32;32m██[38;2;24;24;32m██                      [38;2;32;82;74m██[38;2;148;189;189m██[38;2;148;189;189m██[38;2;148;189;189m██[38;2;148;189;189m██[38;2;32;82;74m██                                            
              [38;2;65;115;115m██[38;2;65;115;115m██[38;2;106;156;148m██[38;2;24;32;32m██[38;2;65;74;90m██[38;2;65;74;90m██[38;2;24;32;32m██[38;2;65;74;90m██[38;2;65;74;90m██[38;2;24;24;32m██[38;2;65;74;90m██[38;2;41;57;65m██[38;2;24;32;32m██                  [38;2;32;82;74m██[38;2;148;189;189m██[38;2;148;189;189m██[38;2;148;189;189m██[38;2;148;189;189m██[38;2;148;189;189m██[38;2;32;82;74m██                                            
        [38;2;65;115;115m██[38;2;65;115;115m██[38;2;65;115;115m██[38;2;148;189;189m██[38;2;148;189;189m██[38;2;24;32;32m██[38;2;65;74;90m██[38;2;65;74;90m██[38;2;65;74;90m██[38;2;65;74;90m██[38;2;24;32;32m██[38;2;65;74;90m██[38;2;24;24;32m██[38;2;65;74;90m██[38;2;65;74;90m██[38;2;24;24;32m██              [38;2;24;32;32m██[38;2;65;74;90m██[38;2;106;156;148m██[38;2;148;189;189m██[38;2;148;189;189m██[38;2;106;156;148m██[38;2;65;74;90m██[38;2;65;74;90m██[38;2;24;32;32m██                                            
      [38;2;65;115;115m██[38;2;148;189;189m██[38;2;65;115;115m██[38;2;148;189;189m██[38;2;148;189;189m██[38;2;24;32;32m██[38;2;41;57;65m██[38;2;24;32;32m██[38;2;24;32;32m██[38;2;65;74;90m██[38;2;65;74;90m██[38;2;24;24;32m██[38;2;65;74;90m██[38;2;24;24;32m██[38;2;65;74;90m██[38;2;65;74;90m██[38;2;24;24;32m██            [38;2;24;32;32m██[38;2;65;74;90m██[38;2;65;74;90m██[38;2;65;74;90m██[38;2;65;74;90m██[38;2;65;74;90m██[38;2;65;74;90m██[38;2;65;74;90m██[38;2;65;74;90m██[38;2;24;32;32m██                                            
    [38;2;65;115;115m██[38;2;148;189;189m██[38;2;106;156;148m██[38;2;106;156;148m██[38;2;148;189;189m██[38;2;148;189;189m██[38;2;24;32;32m██[38;2;41;57;65m██[38;2;41;57;65m██[38;2;24;32;32m██[38;2;41;57;65m██[38;2;41;57;65m██[38;2;24;24;32m██[38;2;41;57;65m██[38;2;24;24;32m██[38;2;24;32;32m██[38;2;24;32;32m██[38;2;24;24;32m██        [38;2;24;32;32m██[38;2;24;32;32m██[38;2;65;74;90m██[38;2;65;74;90m██[38;2;65;74;90m██[38;2;65;74;90m██[38;2;65;74;90m██[38;2;65;74;90m██[38;2;65;74;90m██[38;2;65;74;90m██[38;2;65;74;90m██[38;2;24;32;32m██                                            
    [38;2;65;115;115m██[38;2;148;189;189m██[38;2;106;156;148m██[38;2;148;189;189m██[38;2;148;189;189m██[38;2;65;115;115m██[38;2;24;32;32m██[38;2;41;57;65m██[38;2;41;57;65m██[38;2;24;24;32m██[38;2;24;32;32m██[38;2;24;32;32m██[38;2;24;24;32m██[38;2;24;24;32m██[38;2;41;57;65m██[38;2;41;57;65m██[38;2;24;24;32m██        [38;2;24;32;32m██[38;2;65;74;90m██[38;2;65;74;90m██[38;2;65;74;90m██[38;2;65;74;90m██[38;2;65;74;90m██[38;2;65;74;90m██[38;2;65;74;90m██[38;2;65;74;90m██[38;2;65;74;90m██[38;2;65;74;90m██[38;2;65;74;90m██[38;2;65;74;90m██[38;2;24;24;32m██                                          
  [38;2;65;115;115m██[38;2;148;189;189m██[38;2;106;156;148m██[38;2;148;189;189m██[38;2;148;189;189m██[38;2;65;115;115m██[38;2;106;156;148m██[38;2;24;32;32m██[38;2;41;57;65m██[38;2;41;57;65m██[38;2;41;57;65m██[38;2;24;24;32m██[38;2;24;24;32m██[38;2;41;57;65m██[38;2;24;32;32m██[38;2;24;24;32m██[38;2;24;24;32m██      [38;2;24;24;32m██[38;2;24;32;32m██[38;2;65;74;90m██[38;2;65;74;90m██[38;2;65;74;90m██[38;2;65;74;90m██[38;2;65;74;90m██[38;2;65;74;90m██[38;2;65;74;90m██[38;2;65;74;90m██[38;2;65;74;90m██[38;2;65;74;90m██[38;2;65;74;90m██[38;2;65;74;90m██[38;2;65;74;90m██[38;2;41;57;65m██[38;2;24;24;32m██                                        
  [38;2;65;115;115m██[38;2;148;189;189m██[38;2;106;156;148m██[38;2;148;189;189m██[38;2;148;189;189m██[38;2;65;115;115m██[38;2;106;156;148m██[38;2;106;156;148m██[38;2;24;32;32m██[38;2;41;57;65m██[38;2;41;57;65m██[38;2;41;57;65m██[38;2;41;57;65m██[38;2;41;57;65m██[38;2;24;24;32m██        [38;2;24;24;32m██[38;2;65;74;90m██[38;2;65;74;90m██[38;2;65;74;90m██[38;2;148;189;189m██[38;2;148;189;189m██[38;2;148;189;189m██[38;2;148;189;189m██[38;2;65;74;90m██[38;2;65;74;90m██[38;2;148;189;189m██[38;2;148;189;189m██[38;2;148;189;189m██[38;2;148;189;189m██[38;2;106;156;148m██[38;2;65;74;90m██[38;2;41;57;65m██[38;2;41;57;65m██[38;2;24;24;32m██                                      
  [38;2;65;115;115m██[38;2;148;189;189m██[38;2;106;156;148m██[38;2;148;189;189m██[38;2;148;189;189m██[38;2;65;115;115m██[38;2;106;156;148m██[38;2;106;156;148m██[38;2;106;156;148m██[38;2;24;32;32m██[38;2;24;24;32m██[38;2;24;24;32m██[38;2;24;24;32m██[38;2;24;24;32m██[38;2;106;156;148m██[38;2;24;24;32m██      [38;2;24;24;32m██[38;2;65;74;90m██[38;2;65;74;90m██[38;2;106;156;148m██[38;2;148;189;189m██[38;2;213;255;65m██[38;2;213;255;65m██[38;2;148;189;189m██[38;2;65;74;90m██[38;2;65;74;90m██[38;2;148;189;189m██[38;2;213;255;65m██[38;2;213;255;65m██[38;2;148;189;189m██[38;2;106;156;148m██[38;2;65;74;90m██[38;2;41;57;65m██[38;2;41;57;65m██[38;2;41;57;65m██[38;2;24;24;32m██                                    
[38;2;24;24;32m██[38;2;148;189;189m██[38;2;148;189;189m██[38;2;106;156;148m██[38;2;148;189;189m██[38;2;65;115;115m██[38;2;106;156;148m██[38;2;106;156;148m██[38;2;106;156;148m██[38;2;106;156;148m██[38;2;106;156;148m██[38;2;106;156;148m██[38;2;106;156;148m██[38;2;106;156;148m██[38;2;106;156;148m██[38;2;106;156;148m██[38;2;24;24;32m██      [38;2;24;24;32m██[38;2;65;74;90m██[38;2;65;74;90m██[38;2;106;156;148m██[38;2;148;189;189m██[38;2;213;255;65m██[38;2;213;255;65m██[38;2;148;189;189m██[38;2;65;74;90m██[38;2;65;74;90m██[38;2;148;189;189m██[38;2;213;255;65m██[38;2;213;255;65m██[38;2;148;189;189m██[38;2;106;156;148m██[38;2;41;57;65m██[38;2;41;57;65m██[38;2;41;57;65m██[38;2;41;57;65m██[38;2;24;24;32m██                                    
[38;2;24;24;32m██[38;2;148;189;189m██[38;2;106;156;148m██[38;2;148;189;189m██[38;2;148;189;189m██[38;2;65;115;115m██[38;2;106;156;148m██[38;2;106;156;148m██[38;2;106;156;148m██[38;2;106;156;148m██[38;2;106;156;148m██[38;2;106;156;148m██[38;2;106;156;148m██[38;2;106;156;148m██[38;2;106;156;148m██[38;2;24;24;32m██          [38;2;24;24;32m██[38;2;148;189;189m██[38;2;148;189;189m██[38;2;148;189;189m██[38;2;213;255;65m██[38;2;213;255;65m██[38;2;148;189;189m██[38;2;148;189;189m██[38;2;148;189;189m██[38;2;213;255;65m██[38;2;213;255;65m██[38;2;213;255;65m██[38;2;148;189;189m██[38;2;106;156;148m██[38;2;41;57;65m██[38;2;41;57;65m██[38;2;41;57;65m██[38;2;41;57;65m██[38;2;24;24;32m██                                    
[38;2;24;24;32m██[38;2;148;189;189m██[38;2;106;156;148m██[38;2;148;189;189m██[38;2;148;189;189m██[38;2;65;115;115m██[38;2;106;156;148m██[38;2;106;156;148m██[38;2;106;156;148m██[38;2;106;156;148m██[38;2;106;156;148m██[38;2;106;156;148m██[38;2;106;156;148m██[38;2;106;156;148m██[38;2;106;156;148m██[38;2;24;24;32m██          [38;2;24;24;32m██[38;2;106;156;148m██[38;2;148;189;189m██[38;2;148;189;189m██[38;2;213;255;65m██[38;2;213;255;65m██[38;2;148;189;189m██[38;2;148;189;189m██[38;2;148;189;189m██[38;2;213;255;65m██[38;2;213;255;65m██[38;2;213;255;65m██[38;2;148;189;189m██[38;2;148;189;189m██[38;2;106;156;148m██[38;2;106;156;148m██[38;2;106;156;148m██[38;2;24;24;32m██                                      
[38;2;24;24;32m██[38;2;148;189;189m██[38;2;65;115;115m██[38;2;148;189;189m██[38;2;148;189;189m██[38;2;106;156;148m██[38;2;106;156;148m██[38;2;106;156;148m██[38;2;106;156;148m██[38;2;106;156;148m██[38;2;106;156;148m██[38;2;106;156;148m██[38;2;106;156;148m██[38;2;106;156;148m██[38;2;24;24;32m██              [38;2;24;24;32m██[38;2;148;189;189m██[38;2;148;189;189m██[38;2;148;189;189m██[38;2;148;189;189m██[38;2;148;189;189m██[38;2;148;189;189m██[38;2;148;189;189m██[38;2;148;189;189m██[38;2;148;189;189m██[38;2;148;189;189m██[38;2;148;189;189m██[38;2;148;189;189m██[38;2;106;156;148m██[38;2;106;156;148m██[38;2;65;115;115m██[38;2;24;24;32m██                                      
[38;2;24;24;32m██[38;2;148;189;189m██[38;2;65;115;115m██[38;2;148;189;189m██[38;2;65;115;115m██[38;2;106;156;148m██[38;2;106;156;148m██[38;2;106;156;148m██[38;2;106;156;148m██[38;2;106;156;148m██[38;2;106;156;148m██[38;2;106;156;148m██[38;2;106;156;148m██[38;2;106;156;148m██[38;2;24;24;32m██        [38;2;82;57;16m██[38;2;82;57;16m██[38;2;65;74;90m██[38;2;65;74;90m██[38;2;41;57;65m██[38;2;106;156;148m██[38;2;148;189;189m██[38;2;148;189;189m██[38;2;148;189;189m██[38;2;148;189;189m██[38;2;148;189;189m██[38;2;148;189;189m██[38;2;148;189;189m██[38;2;148;189;189m██[38;2;148;189;189m██[38;2;106;156;148m██[38;2;106;156;148m██[38;2;82;57;16m██[38;2;82;57;16m██[38;2;82;57;16m██                                      
  [38;2;24;24;32m██[38;2;65;115;115m██[38;2;148;189;189m██[38;2;65;115;115m██[38;2;106;156;148m██[38;2;106;156;148m██[38;2;106;156;148m██[38;2;106;156;148m██[38;2;106;156;148m██[38;2;106;156;148m██[38;2;106;156;148m██[38;2;106;156;148m██[38;2;24;24;32m██      [38;2;82;57;16m██[38;2;82;57;16m██[38;2;180;148;98m██[38;2;82;57;16m██[38;2;106;156;148m██[38;2;148;189;189m██[38;2;148;189;189m██[38;2;41;57;65m██[38;2;148;189;189m██[38;2;148;189;189m██[38;2;148;189;189m██[38;2;148;189;189m██[38;2;148;189;189m██[38;2;148;189;189m██[38;2;106;156;148m██[38;2;41;57;65m██[38;2;41;57;65m██[38;2;82;57;16m██[38;2;82;57;16m██[38;2;180;148;98m██[38;2;180;148;98m██[38;2;180;148;98m██[38;2;82;57;16m██                                    
  [38;2;24;24;32m██[38;2;65;115;115m██[38;2;148;189;189m██[38;2;65;115;115m██[38;2;106;156;148m██[38;2;106;156;148m██[38;2;106;156;148m██[38;2;106;156;148m██[38;2;24;24;32m██[38;2;24;24;32m██[38;2;106;156;148m██[38;2;24;24;32m██      [38;2;82;57;16m██[38;2;180;148;98m██[38;2;180;148;98m██[38;2;82;57;16m██[38;2;148;189;189m██[38;2;148;189;189m██[38;2;148;189;189m██[38;2;148;189;189m██[38;2;148;189;189m██[38;2;41;57;65m██[38;2;41;57;65m██[38;2;41;57;65m██[38;2;41;57;65m██[38;2;41;57;65m██[38;2;41;57;65m██[38;2;65;74;90m██[38;2;82;57;16m██[38;2;82;57;16m██[38;2;180;148;98m██[38;2;180;148;98m██[38;2;180;148;98m██[38;2;180;148;98m██[38;2;180;148;98m██[38;2;131;106;57m██[38;2;82;57;16m██                                  
    [38;2;24;24;32m██[38;2;148;189;189m██[38;2;65;115;115m██[38;2;106;156;148m██[38;2;106;156;148m██[38;2;106;156;148m██[38;2;24;24;32m██[38;2;65;74;90m██[38;2;65;74;90m██[38;2;24;24;32m██[38;2;24;24;32m██    [38;2;82;57;16m██[38;2;180;148;98m██[38;2;180;148;98m██[38;2;180;148;98m██[38;2;82;57;16m██[38;2;106;156;148m██[38;2;148;189;189m██[38;2;148;189;189m██[38;2;41;57;65m██[38;2;41;57;65m██[38;2;41;57;65m██[38;2;65;74;90m██[38;2;65;74;90m██[38;2;65;74;90m██[38;2;65;74;90m██[38;2;65;74;90m██[38;2;82;57;16m██[38;2;180;148;98m██[38;2;180;148;98m██[38;2;180;148;98m██[38;2;180;148;98m██[38;2;180;148;98m██[38;2;131;106;57m██[38;2;131;106;57m██[38;2;180;148;98m██[38;2;180;148;98m██[38;2;82;57;16m██                                
      [38;2;24;24;32m██[38;2;148;189;189m██[38;2;106;156;148m██[38;2;106;156;148m██[38;2;106;156;148m██[38;2;24;24;32m██[38;2;65;74;90m██[38;2;65;74;90m██[38;2;65;74;90m██[38;2;24;24;32m██  [38;2;24;24;32m██[38;2;180;148;98m██[38;2;180;148;98m██[38;2;180;148;98m██[38;2;180;148;98m██[38;2;180;148;98m██[38;2;82;57;16m██[38;2;148;189;189m██[38;2;148;189;189m██[38;2;41;57;65m██[38;2;65;74;90m██[38;2;65;74;90m██[38;2;65;74;90m██[38;2;65;74;90m██[38;2;65;74;90m██[38;2;65;74;90m██[38;2;82;57;16m██[38;2;180;148;98m██[38;2;180;148;98m██[38;2;180;148;98m██[38;2;180;148;98m██[38;2;180;148;98m██[38;2;131;106;57m██[38;2;180;148;98m██[38;2;180;148;98m██[38;2;180;148;98m██[38;2;180;148;98m██[38;2;180;148;98m██[38;2;82;57;16m██      [38;2;32;82;74m██[38;2;32;82;74m██[38;2;32;82;74m██                  
      [38;2;24;24;32m██[38;2;148;189;189m██[38;2;106;156;148m██[38;2;106;156;148m██[38;2;106;156;148m██[38;2;24;24;32m██[38;2;65;74;90m██[38;2;65;74;90m██[38;2;65;74;90m██[38;2;65;74;90m██[38;2;24;24;32m██[38;2;24;24;32m██[38;2;180;148;98m██[38;2;131;106;57m██[38;2;180;148;98m██[38;2;180;148;98m██[38;2;180;148;98m██[38;2;82;57;16m██[38;2;106;156;148m██[38;2;148;189;189m██[38;2;41;57;65m██[38;2;65;74;90m██[38;2;148;189;189m██[38;2;148;189;189m██[38;2;106;156;148m██[38;2;24;32;32m██[38;2;65;74;90m██[38;2;180;148;98m██[38;2;180;148;98m██[38;2;180;148;98m██[38;2;180;148;98m██[38;2;131;106;57m██[38;2;180;148;98m██[38;2;180;148;98m██[38;2;180;148;98m██[38;2;180;148;98m██[38;2;131;106;57m██[38;2;82;57;16m██[38;2;82;57;16m██[38;2;82;57;16m██    [38;2;32;82;74m██[38;2;148;189;189m██[38;2;148;189;189m██[38;2;106;156;148m██[38;2;32;82;74m██  [38;2;32;82;74m██[38;2;32;82;74m██          
        [38;2;24;24;32m██[38;2;106;156;148m██[38;2;106;156;148m██[38;2;106;156;148m██[38;2;24;32;32m██[38;2;65;74;90m██[38;2;65;74;90m██[38;2;65;74;90m██[38;2;65;74;90m██[38;2;41;57;65m██[38;2;24;24;32m██[38;2;180;148;98m██[38;2;180;148;98m██[38;2;131;106;57m██[38;2;180;148;98m██[38;2;180;148;98m██[38;2;180;148;98m██[38;2;82;57;16m██[38;2;41;57;65m██[38;2;106;156;148m██[38;2;148;189;189m██[38;2;148;189;189m██[38;2;148;189;189m██[38;2;148;189;189m██[38;2;148;189;189m██[38;2;82;57;16m██[38;2;180;148;98m██[38;2;180;148;98m██[38;2;180;148;98m██[38;2;82;57;16m██[38;2;180;148;98m██[38;2;180;148;98m██[38;2;180;148;98m██[38;2;131;106;57m██[38;2;82;57;16m██[38;2;24;32;32m██[38;2;65;74;90m██[38;2;24;32;32m██[38;2;213;255;65m██[38;2;24;32;32m██  [38;2;32;82;74m██[38;2;148;189;189m██[38;2;148;189;189m██[38;2;148;189;189m██[38;2;148;189;189m██[38;2;32;82;74m██[38;2;148;189;189m██[38;2;148;189;189m██[38;2;32;82;74m██        
          [38;2;24;24;32m██[38;2;24;24;32m██[38;2;24;24;32m██[38;2;24;24;32m██[38;2;24;24;32m██[38;2;65;74;90m██[38;2;65;74;90m██[38;2;41;57;65m██[38;2;41;57;65m██[38;2;24;24;32m██[38;2;180;148;98m██[38;2;180;148;98m██[38;2;131;106;57m██[38;2;131;106;57m██[38;2;180;148;98m██[38;2;180;148;98m██[38;2;41;57;65m██[38;2;148;189;189m██[38;2;148;189;189m██[38;2;148;189;189m██[38;2;148;189;189m██[38;2;148;189;189m██[38;2;148;189;189m██[38;2;148;189;189m██[38;2;148;189;189m██[38;2;180;148;98m██[38;2;180;148;98m██[38;2;82;57;16m██[38;2;180;148;98m██[38;2;180;148;98m██[38;2;180;148;98m██[38;2;82;57;16m██[38;2;24;24;32m██[38;2;24;32;32m██[38;2;65;74;90m██[38;2;65;74;90m██[38;2;65;74;90m██[38;2;24;32;32m██[38;2;24;32;32m██[38;2;24;24;32m██[38;2;148;189;189m██[38;2;148;189;189m██[38;2;148;189;189m██[38;2;148;189;189m██[38;2;65;115;115m██[38;2;148;189;189m██[38;2;148;189;189m██[38;2;106;156;148m██[38;2;148;189;189m██[38;2;32;82;74m██      
                    [38;2;24;24;32m██[38;2;41;57;65m██[38;2;41;57;65m██[38;2;41;57;65m██[38;2;41;57;65m██[38;2;131;106;57m██[38;2;180;148;98m██[38;2;180;148;98m██[38;2;131;106;57m██[38;2;180;148;98m██[38;2;41;57;65m██[38;2;148;189;189m██[38;2;148;189;189m██[38;2;148;189;189m██[38;2;213;255;65m██[38;2;213;255;65m██[38;2;213;255;65m██[38;2;148;189;189m██[38;2;148;189;189m██[38;2;148;189;189m██[38;2;24;32;32m██[38;2;82;57;16m██[38;2;180;148;98m██[38;2;180;148;98m██[38;2;180;148;98m██[38;2;82;57;16m██[38;2;41;57;65m██[38;2;24;24;32m██[38;2;24;32;32m██[38;2;41;57;65m██[38;2;41;57;65m██[38;2;41;57;65m██[38;2;41;57;65m██[38;2;24;24;32m██[38;2;148;189;189m██[38;2;148;189;189m██[38;2;148;189;189m██[38;2;148;189;189m██[38;2;65;115;115m██[38;2;148;189;189m██[38;2;148;189;189m██[38;2;106;156;148m██[38;2;148;189;189m██[38;2;148;189;189m██[38;2;32;82;74m██      
                      [38;2;24;24;32m██[38;2;41;57;65m██[38;2;41;57;65m██[38;2;65;115;115m██[38;2;65;74;90m██[38;2;180;148;98m██[38;2;180;148;98m██[38;2;180;148;98m██[38;2;24;32;32m██[38;2;148;189;189m██[38;2;148;189;189m██[38;2;148;189;189m██[38;2;213;255;65m██[38;2;180;222;32m██[38;2;148;189;189m██[38;2;180;222;32m██[38;2;213;255;65m██[38;2;148;189;189m██[38;2;148;189;189m██[38;2;148;189;189m██[38;2;24;32;32m██[38;2;180;148;98m██[38;2;180;148;98m██[38;2;82;57;16m██[38;2;65;74;90m██[38;2;65;74;90m██[38;2;41;57;65m██[38;2;24;24;32m██[38;2;41;57;65m██[38;2;41;57;65m██[38;2;41;57;65m██[38;2;24;24;32m██[38;2;148;189;189m██[38;2;148;189;189m██[38;2;148;189;189m██[38;2;148;189;189m██[38;2;148;189;189m██[38;2;65;115;115m██[38;2;148;189;189m██[38;2;148;189;189m██[38;2;106;156;148m██[38;2;148;189;189m██[38;2;148;189;189m██[38;2;148;189;189m██[38;2;32;82;74m██    
                        [38;2;24;24;32m██[38;2;24;32;32m██[38;2;65;115;115m██[38;2;148;189;189m██[38;2;65;74;90m██[38;2;180;148;98m██[38;2;24;32;32m██[38;2;148;189;189m██[38;2;148;189;189m██[38;2;148;189;189m██[38;2;213;255;65m██[38;2;180;222;32m██[38;2;148;189;189m██[38;2;148;189;189m██[38;2;148;189;189m██[38;2;180;222;32m██[38;2;213;255;65m██[38;2;148;189;189m██[38;2;148;189;189m██[38;2;148;189;189m██[38;2;24;32;32m██[38;2;82;57;16m██[38;2;65;74;90m██[38;2;65;74;90m██[38;2;65;74;90m██[38;2;65;74;90m██[38;2;24;24;32m██[38;2;24;32;32m██[38;2;41;57;65m██[38;2;41;57;65m██[38;2;24;24;32m██[38;2;148;189;189m██[38;2;148;189;189m██[38;2;148;189;189m██[38;2;148;189;189m██[38;2;148;189;189m██[38;2;65;115;115m██[38;2;148;189;189m██[38;2;148;189;189m██[38;2;106;156;148m██[38;2;148;189;189m██[38;2;148;189;189m██[38;2;148;189;189m██[38;2;32;82;74m██    
                            [38;2;65;115;115m██[38;2;148;189;189m██[38;2;148;189;189m██[38;2;24;32;32m██[38;2;148;189;189m██[38;2;148;189;189m██[38;2;148;189;189m██[38;2;213;255;65m██[38;2;180;222;32m██[38;2;148;189;189m██[38;2;180;222;32m██[38;2;213;255;65m██[38;2;213;255;65m██[38;2;148;189;189m██[38;2;180;222;32m██[38;2;213;255;65m██[38;2;148;189;189m██[38;2;148;189;189m██[38;2;148;189;189m██[38;2;24;32;32m██[38;2;65;74;90m██[38;2;65;74;90m██[38;2;65;74;90m██[38;2;65;74;90m██[38;2;65;74;90m██[38;2;24;24;32m██[38;2;24;32;32m██[38;2;24;24;32m██[38;2;32;82;74m██[38;2;148;189;189m██[38;2;148;189;189m██[38;2;148;189;189m██[38;2;148;189;189m██[38;2;148;189;189m██[38;2;65;115;115m██[38;2;148;189;189m██[38;2;148;189;189m██[38;2;106;156;148m██[38;2;148;189;189m██[38;2;148;189;189m██[38;2;148;189;189m██[38;2;148;189;189m██[38;2;24;24;32m██  
                          [38;2;65;115;115m██[38;2;148;189;189m██[38;2;148;189;189m██[38;2;65;74;90m██[38;2;148;189;189m██[38;2;148;189;189m██[38;2;180;222;32m██[38;2;213;255;65m██[38;2;148;189;189m██[38;2;148;189;189m██[38;2;213;255;65m██[38;2;180;222;32m██[38;2;148;189;189m██[38;2;180;222;32m██[38;2;213;255;65m██[38;2;148;189;189m██[38;2;148;189;189m██[38;2;213;255;65m██[38;2;148;189;189m██[38;2;148;189;189m██[38;2;65;74;90m██[38;2;106;156;148m██[38;2;24;32;32m██[38;2;65;74;90m██[38;2;65;74;90m██[38;2;65;74;90m██[38;2;24;32;32m██[38;2;213;255;65m██[38;2;213;255;65m██[38;2;32;82;74m██[38;2;148;189;189m██[38;2;148;189;189m██[38;2;148;189;189m██[38;2;148;189;189m██[38;2;65;115;115m██[38;2;148;189;189m██[38;2;148;189;189m██[38;2;106;156;148m██[38;2;148;189;189m██[38;2;148;189;189m██[38;2;148;189;189m██[38;2;148;189;189m██[38;2;106;156;148m██[38;2;24;24;32m██  
                        [38;2;32;82;74m██[38;2;148;189;189m██[38;2;148;189;189m██[38;2;148;189;189m██[38;2;24;32;32m██[38;2;148;189;189m██[38;2;148;189;189m██[38;2;213;255;65m██[38;2;180;222;32m██[38;2;148;189;189m██[38;2;180;222;32m██[38;2;213;255;65m██[38;2;148;189;189m██[38;2;148;189;189m██[38;2;213;255;65m██[38;2;148;189;189m██[38;2;148;189;189m██[38;2;213;255;65m██[38;2;180;222;32m██[38;2;148;189;189m██[38;2;148;189;189m██[38;2;65;74;90m██[38;2;106;156;148m██[38;2;24;32;32m██[38;2;65;74;90m██[38;2;65;74;90m██[38;2;65;74;90m██[38;2;24;32;32m██[38;2;213;255;65m██[38;2;213;255;65m██[38;2;213;255;65m██[38;2;24;24;32m██[38;2;148;189;189m██[38;2;148;189;189m██[38;2;148;189;189m██[38;2;65;115;115m██[38;2;148;189;189m██[38;2;148;189;189m██[38;2;106;156;148m██[38;2;148;189;189m██[38;2;148;189;189m██[38;2;106;156;148m██[38;2;106;156;148m██[38;2;106;156;148m██[38;2;106;156;148m██[38;2;24;24;32m██
                        [38;2;32;82;74m██[38;2;148;189;189m██[38;2;148;189;189m██[38;2;148;189;189m██[38;2;24;32;32m██[38;2;148;189;189m██[38;2;148;189;189m██[38;2;148;189;189m██[38;2;213;255;65m██[38;2;180;222;32m██[38;2;148;189;189m██[38;2;180;222;32m██[38;2;213;255;65m██[38;2;148;189;189m██[38;2;148;189;189m██[38;2;148;189;189m██[38;2;213;255;65m██[38;2;180;222;32m██[38;2;148;189;189m██[38;2;148;189;189m██[38;2;65;74;90m██[38;2;106;156;148m██[38;2;106;156;148m██[38;2;24;32;32m██[38;2;65;74;90m██[38;2;65;74;90m██[38;2;41;57;65m██[38;2;65;115;115m██[38;2;213;255;65m██[38;2;213;255;65m██[38;2;213;255;65m██[38;2;213;255;65m██[38;2;24;24;32m██[38;2;148;189;189m██[38;2;148;189;189m██[38;2;65;115;115m██[38;2;148;189;189m██[38;2;148;189;189m██[38;2;106;156;148m██[38;2;106;156;148m██[38;2;106;156;148m██[38;2;106;156;148m██[38;2;106;156;148m██[38;2;106;156;148m██[38;2;106;156;148m██[38;2;24;24;32m██
                        [38;2;32;82;74m██[38;2;148;189;189m██[38;2;148;189;189m██[38;2;148;189;189m██[38;2;24;32;32m██[38;2;148;189;189m██[38;2;148;189;189m██[38;2;148;189;189m██[38;2;148;189;189m██[38;2;213;255;65m██[38;2;180;222;32m██[38;2;148;189;189m██[38;2;180;222;32m██[38;2;213;255;65m██[38;2;148;189;189m██[38;2;213;255;65m██[38;2;180;222;32m██[38;2;148;189;189m██[38;2;148;189;189m██[38;2;65;74;90m██[38;2;106;156;148m██[38;2;106;156;148m██[38;2;106;156;148m██[38;2;24;32;32m██[38;2;65;74;90m██[38;2;41;57;65m██[38;2;148;189;189m██[38;2;65;115;115m██[38;2;213;255;65m██[38;2;213;255;65m██[38;2;213;255;65m██[38;2;213;255;65m██[38;2;24;24;32m██[38;2;148;189;189m██[38;2;148;189;189m██[38;2;106;156;148m██[38;2;65;115;115m██[38;2;106;156;148m██[38;2;106;156;148m██[38;2;65;115;115m██[38;2;106;156;148m██[38;2;106;156;148m██[38;2;106;156;148m██[38;2;106;156;148m██[38;2;106;156;148m██[38;2;24;24;32m██
                          [38;2;32;82;74m██[38;2;148;189;189m██[38;2;65;74;90m██[38;2;65;74;90m██[38;2;82;57;16m██[38;2;148;189;189m██[38;2;148;189;189m██[38;2;148;189;189m██[38;2;148;189;189m██[38;2;213;255;65m██[38;2;180;222;32m██[38;2;148;189;189m██[38;2;180;222;32m██[38;2;213;255;65m██[38;2;180;222;32m██[38;2;148;189;189m██[38;2;148;189;189m██[38;2;106;156;148m██[38;2;106;156;148m██[38;2;65;74;90m██[38;2;65;74;90m██[38;2;24;32;32m██[38;2;65;74;90m██[38;2;65;74;90m██[38;2;41;57;65m██[38;2;148;189;189m██[38;2;65;115;115m██[38;2;180;222;32m██[38;2;213;255;65m██[38;2;213;255;65m██[38;2;213;255;65m██[38;2;213;255;65m██[38;2;65;115;115m██[38;2;106;156;148m██[38;2;106;156;148m██[38;2;65;115;115m██[38;2;106;156;148m██[38;2;106;156;148m██[38;2;65;115;115m██[38;2;106;156;148m██[38;2;106;156;148m██[38;2;106;156;148m██[38;2;106;156;148m██[38;2;106;156;148m██[38;2;24;24;32m██
                          [38;2;24;24;32m██[38;2;148;189;189m██[38;2;65;74;90m██[38;2;82;57;16m██[38;2;180;148;98m██[38;2;82;57;16m██[38;2;148;189;189m██[38;2;148;189;189m██[38;2;148;189;189m██[38;2;148;189;189m██[38;2;213;255;65m██[38;2;180;222;32m██[38;2;148;189;189m██[38;2;148;189;189m██[38;2;148;189;189m██[38;2;148;189;189m██[38;2;148;189;189m██[38;2;106;156;148m██[38;2;82;57;16m██[38;2;180;148;98m██[38;2;24;32;32m██[38;2;65;74;90m██[38;2;65;74;90m██[38;2;41;57;65m██[38;2;148;189;189m██[38;2;148;189;189m██[38;2;148;189;189m██[38;2;65;115;115m██[38;2;180;222;32m██[38;2;213;255;65m██[38;2;213;255;65m██[38;2;213;255;65m██[38;2;24;24;32m██[38;2;106;156;148m██[38;2;106;156;148m██[38;2;106;156;148m██[38;2;65;115;115m██[38;2;106;156;148m██[38;2;65;115;115m██[38;2;106;156;148m██[38;2;106;156;148m██[38;2;106;156;148m██[38;2;106;156;148m██[38;2;106;156;148m██[38;2;24;24;32m██
                          [38;2;24;24;32m██[38;2;65;74;90m██[38;2;82;57;16m██[38;2;180;148;98m██[38;2;180;148;98m██[38;2;180;148;98m██[38;2;131;106;57m██[38;2;148;189;189m██[38;2;148;189;189m██[38;2;148;189;189m██[38;2;148;189;189m██[38;2;213;255;65m██[38;2;180;222;32m██[38;2;148;189;189m██[38;2;148;189;189m██[38;2;148;189;189m██[38;2;106;156;148m██[38;2;82;57;16m██[38;2;131;106;57m██[38;2;180;148;98m██[38;2;180;148;98m██[38;2;82;57;16m██[38;2;65;74;90m██[38;2;41;57;65m██[38;2;148;189;189m██[38;2;148;189;189m██[38;2;148;189;189m██[38;2;106;156;148m██[38;2;65;115;115m██[38;2;180;222;32m██[38;2;213;255;65m██[38;2;106;156;148m██[38;2;24;24;32m██[38;2;106;156;148m██[38;2;106;156;148m██[38;2;106;156;148m██[38;2;65;115;115m██[38;2;106;156;148m██[38;2;106;156;148m██[38;2;65;115;115m██[38;2;65;115;115m██[38;2;65;115;115m██[38;2;65;115;115m██[38;2;106;156;148m██[38;2;24;24;32m██
                            [38;2;24;24;32m██[38;2;131;106;57m██[38;2;180;148;98m██[38;2;180;148;98m██[38;2;131;106;57m██[38;2;180;148;98m██[38;2;82;57;16m██[38;2;148;189;189m██[38;2;148;189;189m██[38;2;148;189;189m██[38;2;148;189;189m██[38;2;148;189;189m██[38;2;148;189;189m██[38;2;148;189;189m██[38;2;65;74;90m██[38;2;106;156;148m██[38;2;131;106;57m██[38;2;180;148;98m██[38;2;180;148;98m██[38;2;180;148;98m██[38;2;180;148;98m██[38;2;82;57;16m██[38;2;82;57;16m██[38;2;148;189;189m██[38;2;148;189;189m██[38;2;148;189;189m██[38;2;148;189;189m██[38;2;148;189;189m██[38;2;148;189;189m██[38;2;106;156;148m██[38;2;106;156;148m██[38;2;24;24;32m██[38;2;106;156;148m██[38;2;106;156;148m██[38;2;106;156;148m██[38;2;106;156;148m██[38;2;65;115;115m██[38;2;106;156;148m██[38;2;106;156;148m██[38;2;106;156;148m██[38;2;106;156;148m██[38;2;106;156;148m██[38;2;65;115;115m██[38;2;24;24;32m██
                            [38;2;24;24;32m██[38;2;180;148;98m██[38;2;180;148;98m██[38;2;131;106;57m██[38;2;180;148;98m██[38;2;180;148;98m██[38;2;180;148;98m██[38;2;82;57;16m██[38;2;106;156;148m██[38;2;148;189;189m██[38;2;148;189;189m██[38;2;148;189;189m██[38;2;106;156;148m██[38;2;65;74;90m██[38;2;106;156;148m██[38;2;82;57;16m██[38;2;180;148;98m██[38;2;82;57;16m██[38;2;180;148;98m██[38;2;180;148;98m██[38;2;180;148;98m██[38;2;180;148;98m██[38;2;180;148;98m██[38;2;82;57;16m██[38;2;82;57;16m██[38;2;148;189;189m██[38;2;148;189;189m██[38;2;148;189;189m██[38;2;148;189;189m██[38;2;82;57;16m██[38;2;24;24;32m██  [38;2;24;24;32m██[38;2;106;156;148m██[38;2;106;156;148m██[38;2;106;156;148m██[38;2;106;156;148m██[38;2;65;115;115m██[38;2;65;115;115m██[38;2;65;115;115m██[38;2;65;115;115m██[38;2;65;115;115m██[38;2;24;24;32m██  
                            [38;2;24;24;32m██[38;2;131;106;57m██[38;2;180;148;98m██[38;2;82;57;16m██[38;2;180;148;98m██[38;2;180;148;98m██[38;2;131;106;57m██[38;2;24;24;32m██[38;2;24;32;32m██[38;2;65;74;90m██[38;2;65;74;90m██[38;2;65;74;90m██[38;2;65;74;90m██[38;2;106;156;148m██[38;2;82;57;16m██[38;2;131;106;57m██[38;2;180;148;98m██[38;2;180;148;98m██[38;2;82;57;16m██[38;2;180;148;98m██[38;2;131;106;57m██[38;2;131;106;57m██[38;2;180;148;98m██[38;2;180;148;98m██[38;2;180;148;98m██[38;2;82;57;16m██[38;2;82;57;16m██[38;2;82;57;16m██[38;2;82;57;16m██[38;2;180;148;98m██[38;2;24;24;32m██  [38;2;24;24;32m██[38;2;106;156;148m██[38;2;106;156;148m██[38;2;106;156;148m██[38;2;106;156;148m██[38;2;106;156;148m██[38;2;106;156;148m██[38;2;106;156;148m██[38;2;106;156;148m██[38;2;106;156;148m██[38;2;24;24;32m██  
                            [38;2;24;24;32m██[38;2;131;106;57m██[38;2;82;57;16m██[38;2;131;106;57m██[38;2;131;106;57m██[38;2;131;106;57m██[38;2;24;24;32m██[38;2;41;57;65m██[38;2;41;57;65m██[38;2;24;32;32m██[38;2;106;156;148m██[38;2;106;156;148m██[38;2;106;156;148m██[38;2;106;156;148m██[38;2;24;32;32m██[38;2;82;57;16m██[38;2;131;106;57m██[38;2;131;106;57m██[38;2;131;106;57m██[38;2;82;57;16m██[38;2;82;57;16m██[38;2;131;106;57m██[38;2;131;106;57m██[38;2;131;106;57m██[38;2;131;106;57m██[38;2;180;148;98m██[38;2;180;148;98m██[38;2;180;148;98m██[38;2;180;148;98m██[38;2;24;24;32m██    [38;2;24;24;32m██[38;2;24;32;32m██[38;2;24;32;32m██[38;2;106;156;148m██[38;2;106;156;148m██[38;2;106;156;148m██[38;2;106;156;148m██[38;2;106;156;148m██[38;2;106;156;148m██[38;2;24;24;32m██    
                              [38;2;131;106;57m██[38;2;82;57;16m██[38;2;131;106;57m██[38;2;131;106;57m██[38;2;131;106;57m██[38;2;24;24;32m██[38;2;41;57;65m██[38;2;41;57;65m██[38;2;41;57;65m██[38;2;24;32;32m██[38;2;24;32;32m██[38;2;24;32;32m██[38;2;24;32;32m██[38;2;41;57;65m██[38;2;41;57;65m██[38;2;82;57;16m██[38;2;131;106;57m██[38;2;131;106;57m██[38;2;131;106;57m██[38;2;131;106;57m██[38;2;82;57;16m██[38;2;82;57;16m██[38;2;131;106;57m██[38;2;131;106;57m██[38;2;131;106;57m██[38;2;131;106;57m██[38;2;131;106;57m██[38;2;24;24;32m██    [38;2;24;24;32m██[38;2;65;74;90m██[38;2;24;32;32m██[38;2;41;57;65m██[38;2;24;32;32m██[38;2;24;32;32m██[38;2;24;32;32m██[38;2;24;32;32m██[38;2;24;32;32m██[38;2;24;32;32m██[38;2;24;24;32m██    
                              [38;2;24;24;32m██[38;2;131;106;57m██[38;2;131;106;57m██[38;2;131;106;57m██[38;2;24;24;32m██[38;2;41;57;65m██[38;2;41;57;65m██[38;2;41;57;65m██[38;2;41;57;65m██[38;2;41;57;65m██[38;2;41;57;65m██[38;2;41;57;65m██[38;2;41;57;65m██[38;2;41;57;65m██[38;2;41;57;65m██[38;2;41;57;65m██[38;2;82;57;16m██[38;2;82;57;16m██[38;2;131;106;57m██[38;2;131;106;57m██[38;2;131;106;57m██[38;2;131;106;57m██[38;2;82;57;16m██[38;2;82;57;16m██[38;2;82;57;16m██[38;2;82;57;16m██[38;2;24;24;32m██      [38;2;24;24;32m██[38;2;65;74;90m██[38;2;65;74;90m██[38;2;41;57;65m██[38;2;24;32;32m██[38;2;41;57;65m██[38;2;41;57;65m██[38;2;24;24;32m██[38;2;41;57;65m██[38;2;65;74;90m██[38;2;24;24;32m██    
                                [38;2;24;24;32m██[38;2;82;57;16m██[38;2;131;106;57m██[38;2;24;24;32m██[38;2;24;32;32m██[38;2;24;32;32m██[38;2;24;32;32m██[38;2;41;57;65m██[38;2;41;57;65m██[38;2;41;57;65m██[38;2;41;57;65m██[38;2;41;57;65m██[38;2;41;57;65m██[38;2;41;57;65m██[38;2;41;57;65m██[38;2;41;57;65m██[38;2;24;32;32m██[38;2;82;57;16m██[38;2;82;57;16m██[38;2;82;57;16m██[38;2;131;106;57m██[38;2;131;106;57m██[38;2;131;106;57m██[38;2;24;24;32m██[38;2;24;24;32m██          [38;2;24;24;32m██[38;2;24;24;32m██[38;2;24;24;32m██[38;2;41;57;65m██[38;2;41;57;65m██[38;2;24;24;32m██[38;2;41;57;65m██[38;2;41;57;65m██[38;2;24;24;32m██[38;2;24;24;32m██    
                                [38;2;32;82;74m██[38;2;24;24;32m██[38;2;24;24;32m██[38;2;24;32;32m██[38;2;41;57;65m██[38;2;41;57;65m██[38;2;41;57;65m██[38;2;24;32;32m██[38;2;41;57;65m██[38;2;41;57;65m██[38;2;41;57;65m██[38;2;41;57;65m██[38;2;41;57;65m██[38;2;41;57;65m██[38;2;41;57;65m██[38;2;180;222;32m██[38;2;24;32;32m██[38;2;41;57;65m██[38;2;41;57;65m██[38;2;24;32;32m██[38;2;24;32;32m██[38;2;24;24;32m██[38;2;24;24;32m██                  [38;2;24;24;32m██[38;2;24;24;32m██[38;2;24;24;32m██[38;2;24;24;32m██[38;2;24;24;32m██[38;2;24;24;32m██        
                            [38;2;32;82;74m██[38;2;106;156;148m██[38;2;106;156;148m██[38;2;106;156;148m██[38;2;106;156;148m██[38;2;106;156;148m██[38;2;24;24;32m██[38;2;41;57;65m██[38;2;41;57;65m██[38;2;24;24;32m██[38;2;41;57;65m██[38;2;41;57;65m██[38;2;41;57;65m██[38;2;41;57;65m██[38;2;41;57;65m██[38;2;24;32;32m██[38;2;213;255;65m██[38;2;213;255;65m██[38;2;24;24;32m██[38;2;41;57;65m██[38;2;24;24;32m██[38;2;106;156;148m██[38;2;106;156;148m██[38;2;106;156;148m██[38;2;106;156;148m██[38;2;32;82;74m██                                    
                          [38;2;32;82;74m██[38;2;106;156;148m██[38;2;106;156;148m██[38;2;106;156;148m██[38;2;106;156;148m██[38;2;106;156;148m██[38;2;106;156;148m██[38;2;106;156;148m██[38;2;24;24;32m██[38;2;24;32;32m██  [38;2;24;24;32m██[38;2;24;24;32m██[38;2;41;57;65m██[38;2;41;57;65m██[38;2;41;57;65m██[38;2;24;32;32m██[38;2;213;255;65m██[38;2;24;24;32m██[38;2;24;24;32m██[38;2;24;24;32m██[38;2;106;156;148m██[38;2;106;156;148m██[38;2;106;156;148m██[38;2;106;156;148m██[38;2;106;156;148m██[38;2;106;156;148m██[38;2;32;82;74m██                                  
                          [38;2;32;82;74m██[38;2;106;156;148m██[38;2;65;115;115m██[38;2;65;115;115m██[38;2;106;156;148m██[38;2;106;156;148m██[38;2;106;156;148m██[38;2;106;156;148m██[38;2;106;156;148m██[38;2;24;24;32m██      [38;2;24;24;32m██[38;2;24;24;32m██[38;2;24;24;32m██[38;2;24;24;32m██[38;2;24;24;32m██    [38;2;24;24;32m██[38;2;106;156;148m██[38;2;106;156;148m██[38;2;65;115;115m██[38;2;65;115;115m██[38;2;65;115;115m██[38;2;106;156;148m██[38;2;106;156;148m██[38;2;32;82;74m██                                
                          [38;2;32;82;74m██[38;2;65;115;115m██[38;2;106;156;148m██[38;2;106;156;148m██[38;2;65;115;115m██[38;2;106;156;148m██[38;2;106;156;148m██[38;2;106;156;148m██[38;2;106;156;148m██[38;2;106;156;148m██[38;2;24;24;32m██                [38;2;32;82;74m██[38;2;106;156;148m██[38;2;106;156;148m██[38;2;65;115;115m██[38;2;106;156;148m██[38;2;106;156;148m██[38;2;106;156;148m██[38;2;106;156;148m██[38;2;65;115;115m██[38;2;106;156;148m██[38;2;24;24;32m██                              
                        [38;2;24;24;32m██[38;2;106;156;148m██[38;2;148;189;189m██[38;2;148;189;189m██[38;2;106;156;148m██[38;2;106;156;148m██[38;2;65;115;115m██[38;2;106;156;148m██[38;2;106;156;148m██[38;2;106;156;148m██[38;2;106;156;148m██[38;2;24;24;32m██                [38;2;32;82;74m██[38;2;106;156;148m██[38;2;106;156;148m██[38;2;65;115;115m██[38;2;106;156;148m██[38;2;106;156;148m██[38;2;106;156;148m██[38;2;106;156;148m██[38;2;65;115;115m██[38;2;106;156;148m██[38;2;24;24;32m██                              
                        [38;2;24;24;32m██[38;2;148;189;189m██[38;2;148;189;189m██[38;2;148;189;189m██[38;2;106;156;148m██[38;2;148;189;189m██[38;2;65;115;115m██[38;2;106;156;148m██[38;2;148;189;189m██[38;2;106;156;148m██[38;2;106;156;148m██[38;2;24;24;32m██                [38;2;32;82;74m██[38;2;106;156;148m██[38;2;106;156;148m██[38;2;65;115;115m██[38;2;106;156;148m██[38;2;148;189;189m██[38;2;148;189;189m██[38;2;148;189;189m██[38;2;148;189;189m██[38;2;65;115;115m██[38;2;24;24;32m██                              
                        [38;2;24;24;32m██[38;2;148;189;189m██[38;2;148;189;189m██[38;2;148;189;189m██[38;2;106;156;148m██[38;2;148;189;189m██[38;2;65;115;115m██[38;2;148;189;189m██[38;2;148;189;189m██[38;2;106;156;148m██[38;2;106;156;148m██[38;2;24;24;32m██              [38;2;24;24;32m██[38;2;106;156;148m██[38;2;106;156;148m██[38;2;106;156;148m██[38;2;65;115;115m██[38;2;106;156;148m██[38;2;148;189;189m██[38;2;148;189;189m██[38;2;148;189;189m██[38;2;148;189;189m██[38;2;65;115;115m██[38;2;65;115;115m██[38;2;24;24;32m██                            
                        [38;2;24;24;32m██[38;2;148;189;189m██[38;2;148;189;189m██[38;2;148;189;189m██[38;2;148;189;189m██[38;2;106;156;148m██[38;2;148;189;189m██[38;2;65;115;115m██[38;2;148;189;189m██[38;2;148;189;189m██[38;2;148;189;189m██[38;2;24;24;32m██              [38;2;24;24;32m██[38;2;148;189;189m██[38;2;148;189;189m██[38;2;65;115;115m██[38;2;148;189;189m██[38;2;106;156;148m██[38;2;148;189;189m██[38;2;148;189;189m██[38;2;148;189;189m██[38;2;148;189;189m██[38;2;65;115;115m██[38;2;106;156;148m██[38;2;24;24;32m██                            
                      [38;2;24;24;32m██[38;2;148;189;189m██[38;2;148;189;189m██[38;2;148;189;189m██[38;2;148;189;189m██[38;2;148;189;189m██[38;2;106;156;148m██[38;2;148;189;189m██[38;2;65;115;115m██[38;2;148;189;189m██[38;2;148;189;189m██[38;2;148;189;189m██[38;2;24;24;32m██              [38;2;24;24;32m██[38;2;148;189;189m██[38;2;148;189;189m██[38;2;65;115;115m██[38;2;148;189;189m██[38;2;148;189;189m██[38;2;148;189;189m██[38;2;148;189;189m██[38;2;148;189;189m██[38;2;148;189;189m██[38;2;148;189;189m██[38;2;106;156;148m██[38;2;24;24;32m██                            
                      [38;2;24;24;32m██[38;2;148;189;189m██[38;2;148;189;189m██[38;2;148;189;189m██[38;2;148;189;189m██[38;2;148;189;189m██[38;2;148;189;189m██[38;2;148;189;189m██[38;2;106;156;148m██[38;2;65;115;115m██[38;2;148;189;189m██[38;2;148;189;189m██[38;2;24;24;32m██              [38;2;24;24;32m██[38;2;148;189;189m██[38;2;148;189;189m██[38;2;65;115;115m██[38;2;106;156;148m██[38;2;148;189;189m██[38;2;148;189;189m██[38;2;148;189;189m██[38;2;148;189;189m██[38;2;148;189;189m██[38;2;148;189;189m██[38;2;106;156;148m██[38;2;24;24;32m██                            
                      [38;2;24;24;32m██[38;2;148;189;189m██[38;2;148;189;189m██[38;2;148;189;189m██[38;2;148;189;189m██[38;2;148;189;189m██[38;2;148;189;189m██[38;2;148;189;189m██[38;2;106;156;148m██[38;2;65;115;115m██[38;2;148;189;189m██[38;2;24;24;32m██                [38;2;24;24;32m██[38;2;148;189;189m██[38;2;148;189;189m██[38;2;65;115;115m██[38;2;106;156;148m██[38;2;148;189;189m██[38;2;148;189;189m██[38;2;148;189;189m██[38;2;148;189;189m██[38;2;148;189;189m██[38;2;148;189;189m██[38;2;106;156;148m██[38;2;24;24;32m██                            
                      [38;2;24;24;32m██[38;2;106;156;148m██[38;2;148;189;189m██[38;2;148;189;189m██[38;2;148;189;189m██[38;2;148;189;189m██[38;2;148;189;189m██[38;2;148;189;189m██[38;2;106;156;148m██[38;2;24;24;32m██[38;2;24;24;32m██                  [38;2;24;24;32m██[38;2;106;156;148m██[38;2;148;189;189m██[38;2;65;115;115m██[38;2;106;156;148m██[38;2;148;189;189m██[38;2;148;189;189m██[38;2;148;189;189m██[38;2;148;189;189m██[38;2;148;189;189m██[38;2;148;189;189m██[38;2;106;156;148m██[38;2;24;24;32m██                            
                        [38;2;24;24;32m██[38;2;24;24;32m██[38;2;24;24;32m██[38;2;24;24;32m██[38;2;24;24;32m██[38;2;24;24;32m██[38;2;24;24;32m██[38;2;24;24;32m██                        [38;2;24;24;32m██[38;2;24;24;32m██[38;2;65;115;115m██[38;2;106;156;148m██[38;2;148;189;189m██[38;2;148;189;189m██[38;2;148;189;189m██[38;2;148;189;189m██[38;2;148;189;189m██[38;2;148;189;189m██[38;2;24;24;32m██                              
                                                                      [38;2;24;24;32m██[38;2;24;24;32m██[38;2;24;24;32m██[38;2;24;24;32m██[38;2;24;24;32m██[38;2;24;24;32m██[38;2;24;24;32m██                                
