              [38;2;128;115;128m██[38;2;128;115;128m██                                  
            [38;2;128;115;128m██[38;2;242;218;242m██[38;2;191;172;191m██[38;2;77;69;77m██                  [38;2;128;115;128m██[38;2;128;115;128m██          
            [38;2;128;115;128m██[38;2;242;218;242m██[38;2;242;218;242m██[38;2;77;69;77m██                [38;2;128;115;128m██[38;2;242;218;242m██[38;2;242;218;242m██[38;2;77;69;77m██        
          [38;2;128;115;128m██[38;2;242;218;242m██[38;2;242;218;242m██[38;2;242;218;242m██[38;2;77;69;77m██                [38;2;128;115;128m██[38;2;242;218;242m██[38;2;242;218;242m██[38;2;77;69;77m██        
          [38;2;128;115;128m██[38;2;242;218;242m██[38;2;242;218;242m██[38;2;77;69;77m██                [38;2;128;115;128m██[38;2;242;218;242m██[38;2;242;218;242m██[38;2;242;218;242m██[38;2;77;69;77m██        
        [38;2;128;115;128m██[38;2;242;218;242m██[38;2;242;218;242m██[38;2;242;218;242m██[38;2;77;69;77m██                [38;2;128;115;128m██[38;2;242;218;242m██[38;2;242;218;242m██[38;2;128;115;128m██          
    [38;2;128;115;128m██[38;2;128;115;128m██[38;2;128;115;128m██[38;2;242;218;242m██[38;2;242;218;242m██[38;2;242;218;242m██[38;2;77;69;77m██              [38;2;128;115;128m██[38;2;242;218;242m██[38;2;242;218;242m██[38;2;242;218;242m██[38;2;77;69;77m██          
  [38;2;128;115;128m██[38;2;242;218;242m██[38;2;242;218;242m██[38;2;128;115;128m██[38;2;242;218;242m██[38;2;242;218;242m██[38;2;77;69;77m██            [38;2;128;115;128m██[38;2;128;115;128m██[38;2;128;115;128m██[38;2;242;218;242m██[38;2;242;218;242m██[38;2;191;172;191m██[38;2;77;69;77m██          
  [38;2;128;115;128m██[38;2;242;218;242m██[38;2;242;218;242m██[38;2;128;115;128m██[38;2;242;218;242m██[38;2;191;172;191m██[38;2;77;69;77m██          [38;2;128;115;128m██[38;2;242;218;242m██[38;2;242;218;242m██[38;2;128;115;128m██[38;2;242;218;242m██[38;2;242;218;242m██[38;2;77;69;77m██            
  [38;2;128;115;128m██[38;2;242;218;242m██[38;2;242;218;242m██[38;2;242;218;242m██[38;2;128;115;128m██[38;2;191;172;191m██[38;2;77;69;77m██    [38;2;128;115;128m██[38;2;128;115;128m██[38;2;128;115;128m██[38;2;128;115;128m██[38;2;242;218;242m██[38;2;242;218;242m██[38;2;128;115;128m██[38;2;242;218;242m██[38;2;191;172;191m██[38;2;77;69;77m██            
    [38;2;128;115;128m██[38;2;242;218;242m██[38;2;242;218;242m██[38;2;128;115;128m██[38;2;191;172;191m██[38;2;191;172;191m██[38;2;128;115;128m██[38;2;128;115;128m██[38;2;242;218;242m██[38;2;242;218;242m██[38;2;242;218;242m██[38;2;128;115;128m██[38;2;242;218;242m██[38;2;242;218;242m██[38;2;191;172;191m██[38;2;128;115;128m██[38;2;191;172;191m██[38;2;128;115;128m██            
    [38;2;128;115;128m██[38;2;242;218;242m██[38;2;242;218;242m██[38;2;242;218;242m██[38;2;128;115;128m██[38;2;242;218;242m██[38;2;242;218;242m██[38;2;242;218;242m██[38;2;242;218;242m██[38;2;242;218;242m██[38;2;242;218;242m██[38;2;128;115;128m██[38;2;242;218;242m██[38;2;242;218;242m██[38;2;242;218;242m██[38;2;128;115;128m██[38;2;191;172;191m██[38;2;242;218;242m██[38;2;128;115;128m██          
      [38;2;128;115;128m██[38;2;242;218;242m██[38;2;242;218;242m██[38;2;242;218;242m██[38;2;242;218;242m██[38;2;242;218;242m██[38;2;242;218;242m██[38;2;242;218;242m██[38;2;242;218;242m██[38;2;242;218;242m██[38;2;242;218;242m██[38;2;128;115;128m██[38;2;242;218;242m██[38;2;242;218;242m██[38;2;128;115;128m██[38;2;242;218;242m██[38;2;242;218;242m██[38;2;242;218;242m██[38;2;77;69;77m██        
      [38;2;128;115;128m██[38;2;128;115;128m██[38;2;242;218;242m██[38;2;242;218;242m██[38;2;242;218;242m██[38;2;242;218;242m██[38;2;242;218;242m██[38;2;242;218;242m██[38;2;242;218;242m██[38;2;242;218;242m██[38;2;242;218;242m██[38;2;128;115;128m██[38;2;242;218;242m██[38;2;242;218;242m██[38;2;128;115;128m██[38;2;242;218;242m██[38;2;242;218;242m██[38;2;242;218;242m██[38;2;242;218;242m██[38;2;77;69;77m██      
    [38;2;128;115;128m██[38;2;191;172;191m██[38;2;242;218;242m██[38;2;242;218;242m██[38;2;242;218;242m██[38;2;242;218;242m██[38;2;242;218;242m██[38;2;242;218;242m██[38;2;242;218;242m██[38;2;242;218;242m██[38;2;242;218;242m██[38;2;242;218;242m██[38;2;242;218;242m██[38;2;128;115;128m██[38;2;242;218;242m██[38;2;242;218;242m██[38;2;242;218;242m██[38;2;242;218;242m██[38;2;242;218;242m██[38;2;242;218;242m██[38;2;77;69;77m██      
    [38;2;128;115;128m██[38;2;242;218;242m██[38;2;242;218;242m██[38;2;242;218;242m██[38;2;191;172;191m██[38;2;242;218;242m██[38;2;242;218;242m██[38;2;242;218;242m██[38;2;242;218;242m██[38;2;242;218;242m██[38;2;242;218;242m██[38;2;242;218;242m██[38;2;242;218;242m██[38;2;242;218;242m██[38;2;242;218;242m██[38;2;242;218;242m██[38;2;242;218;242m██[38;2;242;218;242m██[38;2;242;218;242m██[38;2;242;218;242m██[38;2;242;218;242m██[38;2;77;69;77m██    
  [38;2;128;115;128m██[38;2;242;218;242m██[38;2;242;218;242m██[38;2;242;218;242m██[38;2;242;218;242m██[38;2;16;16;16m██[38;2;242;218;242m██[38;2;242;218;242m██[38;2;242;218;242m██[38;2;242;218;242m██[38;2;242;218;242m██[38;2;191;172;191m██[38;2;242;218;242m██[38;2;242;218;242m██[38;2;242;218;242m██[38;2;242;218;242m██[38;2;242;218;242m██[38;2;242;218;242m██[38;2;242;218;242m██[38;2;242;218;242m██[38;2;242;218;242m██[38;2;242;218;242m██[38;2;77;69;77m██    
  [38;2;77;153;61m██[38;2;77;153;61m██[38;2;242;218;242m██[38;2;242;218;242m██[38;2;242;218;242m██[38;2;16;16;16m██[38;2;242;218;242m██[38;2;242;218;242m██[38;2;242;218;242m██[38;2;242;218;242m██[38;2;242;218;242m██[38;2;16;16;16m██[38;2;242;218;242m██[38;2;242;218;242m██[38;2;242;218;242m██[38;2;242;218;242m██[38;2;242;218;242m██[38;2;242;218;242m██[38;2;77;153;61m██[38;2;77;153;61m██[38;2;242;218;242m██[38;2;242;218;242m██[38;2;242;218;242m██[38;2;77;69;77m██  
[38;2;77;153;61m██[38;2;102;204;82m██[38;2;77;153;61m██[38;2;242;218;242m██[38;2;242;218;242m██[38;2;242;218;242m██[38;2;242;218;242m██[38;2;242;218;242m██[38;2;242;218;242m██[38;2;242;218;242m██[38;2;242;218;242m██[38;2;242;218;242m██[38;2;16;16;16m██[38;2;242;218;242m██[38;2;242;218;242m██[38;2;242;218;242m██[38;2;242;218;242m██[38;2;242;218;242m██[38;2;77;153;61m██[38;2;102;204;82m██[38;2;102;204;82m██[38;2;77;153;61m██[38;2;242;218;242m██[38;2;242;218;242m██[38;2;77;69;77m██  
[38;2;77;153;61m██[38;2;102;204;82m██[38;2;102;204;82m██[38;2;77;153;61m██[38;2;242;218;242m██[38;2;242;218;242m██[38;2;242;218;242m██[38;2;242;218;242m██[38;2;242;218;242m██[38;2;242;218;242m██[38;2;242;218;242m██[38;2;242;218;242m██[38;2;242;218;242m██[38;2;242;218;242m██[38;2;242;218;242m██[38;2;242;218;242m██[38;2;242;218;242m██[38;2;242;218;242m██[38;2;77;153;61m██[38;2;102;204;82m██[38;2;102;204;82m██[38;2;77;153;61m██[38;2;242;218;242m██[38;2;242;218;242m██[38;2;77;69;77m██  
[38;2;77;153;61m██[38;2;102;204;82m██[38;2;102;204;82m██[38;2;77;153;61m██[38;2;242;218;242m██[38;2;242;218;242m██[38;2;242;218;242m██[38;2;242;218;242m██[38;2;242;218;242m██[38;2;242;218;242m██[38;2;242;218;242m██[38;2;242;218;242m██[38;2;242;218;242m██[38;2;242;218;242m██[38;2;242;218;242m██[38;2;242;218;242m██[38;2;242;218;242m██[38;2;77;153;61m██[38;2;102;204;82m██[38;2;102;204;82m██[38;2;102;204;82m██[38;2;102;204;82m██[38;2;77;153;61m██[38;2;242;218;242m██[38;2;77;69;77m██  
[38;2;77;153;61m██[38;2;102;204;82m██[38;2;102;204;82m██[38;2;77;153;61m██[38;2;242;218;242m██[38;2;242;218;242m██[38;2;242;218;242m██[38;2;242;218;242m██[38;2;242;218;242m██[38;2;242;218;242m██[38;2;242;218;242m██[38;2;242;218;242m██[38;2;242;218;242m██[38;2;242;218;242m██[38;2;242;218;242m██[38;2;242;218;242m██[38;2;242;218;242m██[38;2;77;153;61m██[38;2;102;204;82m██[38;2;102;204;82m██[38;2;102;204;82m██[38;2;102;204;82m██[38;2;77;153;61m██[38;2;242;218;242m██[38;2;77;69;77m██  
[38;2;77;153;61m██[38;2;102;204;82m██[38;2;102;204;82m██[38;2;77;153;61m██[38;2;242;218;242m██[38;2;242;218;242m██[38;2;242;218;242m██[38;2;242;218;242m██[38;2;242;218;242m██[38;2;242;218;242m██[38;2;242;218;242m██[38;2;128;115;128m██[38;2;128;115;128m██[38;2;242;218;242m██[38;2;242;218;242m██[38;2;242;218;242m██[38;2;128;115;128m██[38;2;77;153;61m██[38;2;102;204;82m██[38;2;102;204;82m██[38;2;102;204;82m██[38;2;102;204;82m██[38;2;77;153;61m██[38;2;191;172;191m██[38;2;77;69;77m██  
[38;2;77;153;61m██[38;2;102;204;82m██[38;2;102;204;82m██[38;2;77;153;61m██[38;2;128;115;128m██[38;2;242;218;242m██[38;2;242;218;242m██[38;2;242;218;242m██[38;2;242;218;242m██[38;2;242;218;242m██[38;2;128;115;128m██[38;2;184;161;229m██[38;2;184;161;229m██[38;2;128;115;128m██[38;2;128;115;128m██[38;2;128;115;128m██[38;2;184;161;229m██[38;2;184;161;229m██[38;2;77;153;61m██[38;2;102;204;82m██[38;2;102;204;82m██[38;2;77;153;61m██[38;2;143;125;179m██[38;2;191;172;191m██[38;2;77;69;77m██  
  [38;2;77;153;61m██[38;2;77;153;61m██[38;2;184;161;229m██[38;2;184;161;229m██[38;2;128;115;128m██[38;2;242;218;242m██[38;2;242;218;242m██[38;2;242;218;242m██[38;2;128;115;128m██[38;2;184;161;229m██[38;2;184;161;229m██[38;2;184;161;229m██[38;2;184;161;229m██[38;2;184;161;229m██[38;2;184;161;229m██[38;2;184;161;229m██[38;2;184;161;229m██[38;2;77;153;61m██[38;2;102;204;82m██[38;2;102;204;82m██[38;2;77;153;61m██[38;2;143;125;179m██[38;2;102;89;128m██    
  [38;2;102;89;128m██[38;2;184;161;229m██[38;2;184;161;229m██[38;2;184;161;229m██[38;2;184;161;229m██[38;2;128;115;128m██[38;2;128;115;128m██[38;2;128;115;128m██[38;2;184;161;229m██[38;2;184;161;229m██[38;2;184;161;229m██[38;2;184;161;229m██[38;2;184;161;229m██[38;2;184;161;229m██[38;2;184;161;229m██[38;2;184;161;229m██[38;2;184;161;229m██[38;2;184;161;229m██[38;2;77;153;61m██[38;2;77;153;61m██[38;2;143;125;179m██[38;2;143;125;179m██[38;2;102;89;128m██    
  [38;2;102;89;128m██[38;2;184;161;229m██[38;2;184;161;229m██[38;2;184;161;229m██[38;2;184;161;229m██[38;2;184;161;229m██[38;2;184;161;229m██[38;2;184;161;229m██[38;2;184;161;229m██[38;2;184;161;229m██[38;2;184;161;229m██[38;2;184;161;229m██[38;2;184;161;229m██[38;2;184;161;229m██[38;2;184;161;229m██[38;2;184;161;229m██[38;2;184;161;229m██[38;2;184;161;229m██[38;2;184;161;229m██[38;2;143;125;179m██[38;2;143;125;179m██[38;2;143;125;179m██[38;2;102;89;128m██    
  [38;2;102;89;128m██[38;2;184;161;229m██[38;2;184;161;229m██[38;2;184;161;229m██[38;2;184;161;229m██[38;2;184;161;229m██[38;2;184;161;229m██[38;2;184;161;229m██[38;2;184;161;229m██[38;2;184;161;229m██[38;2;184;161;229m██[38;2;184;161;229m██[38;2;184;161;229m██[38;2;184;161;229m██[38;2;184;161;229m██[38;2;184;161;229m██[38;2;184;161;229m██[38;2;143;125;179m██[38;2;143;125;179m██[38;2;143;125;179m██[38;2;143;125;179m██[38;2;143;125;179m██[38;2;143;125;179m██[38;2;102;89;128m██  
  [38;2;143;125;179m██[38;2;143;125;179m██[38;2;184;161;229m██[38;2;184;161;229m██[38;2;184;161;229m██[38;2;184;161;229m██[38;2;184;161;229m██[38;2;184;161;229m██[38;2;184;161;229m██[38;2;184;161;229m██[38;2;184;161;229m██[38;2;184;161;229m██[38;2;184;161;229m██[38;2;184;161;229m██[38;2;184;161;229m██[38;2;143;125;179m██[38;2;143;125;179m██[38;2;143;125;179m██[38;2;143;125;179m██[38;2;143;125;179m██[38;2;143;125;179m██[38;2;102;89;128m██[38;2;143;125;179m██[38;2;143;125;179m██[38;2;102;89;128m██
[38;2;102;89;128m██[38;2;184;161;229m██[38;2;184;161;229m██[38;2;184;161;229m██[38;2;184;161;229m██[38;2;184;161;229m██[38;2;184;161;229m██[38;2;184;161;229m██[38;2;184;161;229m██[38;2;184;161;229m██[38;2;184;161;229m██[38;2;184;161;229m██[38;2;184;161;229m██[38;2;143;125;179m██[38;2;143;125;179m██[38;2;143;125;179m██[38;2;143;125;179m██[38;2;143;125;179m██[38;2;143;125;179m██[38;2;143;125;179m██[38;2;143;125;179m██[38;2;143;125;179m██[38;2;102;89;128m██[38;2;143;125;179m██[38;2;143;125;179m██[38;2;102;89;128m██
[38;2;102;89;128m██[38;2;184;161;229m██[38;2;184;161;229m██[38;2;184;161;229m██[38;2;184;161;229m██[38;2;184;161;229m██[38;2;143;125;179m██[38;2;143;125;179m██[38;2;184;161;229m██[38;2;184;161;229m██[38;2;184;161;229m██[38;2;184;161;229m██[38;2;184;161;229m██[38;2;184;161;229m██[38;2;184;161;229m██[38;2;184;161;229m██[38;2;184;161;229m██[38;2;143;125;179m██[38;2;143;125;179m██[38;2;143;125;179m██[38;2;143;125;179m██[38;2;102;89;128m██[38;2;16;16;16m██[38;2;16;16;16m██[38;2;16;16;16m██  
  [38;2;102;89;128m██[38;2;102;89;128m██[38;2;102;89;128m██[38;2;102;89;128m██[38;2;143;125;179m██[38;2;143;125;179m██[38;2;184;161;229m██[38;2;184;161;229m██[38;2;184;161;229m██[38;2;184;161;229m██[38;2;184;161;229m██[38;2;184;161;229m██[38;2;184;161;229m██[38;2;184;161;229m██[38;2;184;161;229m██[38;2;143;125;179m██[38;2;143;125;179m██[38;2;143;125;179m██[38;2;143;125;179m██[38;2;16;16;16m██[38;2;16;16;16m██        
          [38;2;16;16;16m██[38;2;16;16;16m██[38;2;184;161;229m██[38;2;184;161;229m██[38;2;184;161;229m██[38;2;184;161;229m██[38;2;184;161;229m██[38;2;184;161;229m██[38;2;184;161;229m██[38;2;184;161;229m██[38;2;143;125;179m██[38;2;143;125;179m██[38;2;16;16;16m██[38;2;16;16;16m██[38;2;16;16;16m██            
              [38;2;16;16;16m██[38;2;16;16;16m██[38;2;16;16;16m██[38;2;16;16;16m██[38;2;16;16;16m██[38;2;16;16;16m██[38;2;16;16;16m██[38;2;16;16;16m██[38;2;16;16;16m██[38;2;16;16;16m██                  
