                                [38;2;65;65;74m██[38;2;65;65;74m██[38;2;65;65;74m██                                                                              
                              [38;2;65;65;74m██[38;2;172;172;180m██[38;2;172;172;180m██[38;2;172;172;180m██[38;2;65;65;74m██[38;2;65;65;74m██                                                                          
                                [38;2;65;65;74m██[38;2;172;172;180m██[38;2;172;172;180m██[38;2;172;172;180m██[38;2;172;172;180m██[38;2;65;65;74m██                                [38;2;90;90;106m██[38;2;90;90;106m██[38;2;90;90;106m██[38;2;65;65;74m██[38;2;65;65;74m██[38;2;16;16;16m██                            
                                  [38;2;65;65;74m██[38;2;131;131;139m██[38;2;172;172;180m██[38;2;172;172;180m██[38;2;131;131;139m██[38;2;65;65;74m██                        [38;2;16;16;16m██[38;2;16;16;16m██[38;2;90;90;106m██[38;2;172;172;180m██[38;2;172;172;180m██[38;2;172;172;180m██[38;2;172;172;180m██[38;2;172;172;180m██[38;2;172;172;180m██[38;2;16;16;16m██                          
                                  [38;2;16;16;16m██[38;2;90;90;106m██[38;2;131;131;139m██[38;2;131;131;139m██[38;2;131;131;139m██[38;2;131;131;139m██[38;2;16;16;16m██    [38;2;205;172;74m██[38;2;205;172;74m██[38;2;205;172;74m██[38;2;205;172;74m██[38;2;205;172;74m██    [38;2;16;16;16m██[38;2;16;16;16m██[38;2;90;90;106m██[38;2;172;172;180m██[38;2;172;172;180m██[38;2;172;172;180m██[38;2;172;172;180m██[38;2;172;172;180m██[38;2;172;172;180m██[38;2;148;57;74m██[38;2;148;57;74m██[38;2;16;16;16m██                          
                                  [38;2;16;16;16m██[38;2;90;90;106m██[38;2;90;90;106m██[38;2;90;90;106m██[38;2;90;90;106m██[38;2;65;65;74m██[38;2;65;65;74m██[38;2;205;172;74m██[38;2;222;197;90m██[38;2;222;197;90m██[38;2;255;238;115m██[38;2;255;238;115m██[38;2;255;238;115m██[38;2;255;238;115m██[38;2;156;131;24m██[38;2;16;16;16m██[38;2;90;90;106m██[38;2;131;131;139m██[38;2;172;172;180m██[38;2;172;172;180m██[38;2;172;172;180m██[38;2;172;172;180m██[38;2;131;131;139m██[38;2;148;57;74m██[38;2;148;57;74m██[38;2;205;82;106m██[38;2;16;16;16m██                            
                                [38;2;65;65;74m██[38;2;90;90;106m██[38;2;90;90;106m██[38;2;90;90;106m██[38;2;90;90;106m██[38;2;65;65;74m██[38;2;255;255;255m██[38;2;172;172;180m██[38;2;16;16;16m██[38;2;255;238;115m██[38;2;255;238;115m██[38;2;255;238;115m██[38;2;255;238;115m██[38;2;255;238;115m██[38;2;255;238;115m██[38;2;16;16;16m██[38;2;90;90;106m██[38;2;131;131;139m██[38;2;131;131;139m██[38;2;172;172;180m██[38;2;172;172;180m██[38;2;131;131;139m██[38;2;148;57;74m██[38;2;148;57;74m██[38;2;205;82;106m██[38;2;205;82;106m██[38;2;148;57;74m██[38;2;16;16;16m██                            
                                [38;2;16;16;16m██[38;2;90;90;106m██[38;2;90;90;106m██[38;2;90;90;106m██[38;2;205;172;74m██[38;2;65;65;74m██[38;2;90;90;106m██[38;2;65;65;74m██[38;2;16;16;16m██[38;2;255;238;115m██[38;2;255;238;115m██[38;2;255;238;115m██[38;2;255;238;115m██[38;2;255;238;115m██[38;2;16;16;16m██[38;2;90;90;106m██[38;2;90;90;106m██[38;2;131;131;139m██[38;2;172;172;180m██[38;2;131;131;139m██[38;2;131;131;139m██[38;2;148;57;74m██[38;2;205;82;106m██[38;2;230;115;139m██[38;2;230;115;139m██[38;2;205;82;106m██[38;2;16;16;16m██                              
                                [38;2;16;16;16m██[38;2;90;90;106m██[38;2;90;90;106m██[38;2;205;172;74m██[38;2;222;197;90m██[38;2;255;238;115m██[38;2;16;16;16m██[38;2;16;16;16m██[38;2;255;238;115m██[38;2;255;238;115m██[38;2;255;238;115m██[38;2;255;238;115m██[38;2;255;238;115m██[38;2;255;238;115m██[38;2;16;16;16m██[38;2;90;90;106m██[38;2;90;90;106m██[38;2;90;90;106m██[38;2;131;131;139m██[38;2;131;131;139m██[38;2;148;57;74m██[38;2;205;82;106m██[38;2;230;115;139m██[38;2;230;115;139m██[38;2;230;115;139m██[38;2;16;16;16m██                                
                                [38;2;16;16;16m██[38;2;90;90;106m██[38;2;205;172;74m██[38;2;90;90;106m██[38;2;90;90;106m██[38;2;255;238;115m██[38;2;255;238;115m██[38;2;255;238;115m██[38;2;255;238;115m██[38;2;255;238;115m██[38;2;255;238;115m██[38;2;255;238;115m██[38;2;255;238;115m██[38;2;255;238;115m██[38;2;255;238;115m██[38;2;16;16;16m██[38;2;90;90;106m██[38;2;90;90;106m██[38;2;90;90;106m██[38;2;131;131;139m██[38;2;148;57;74m██[38;2;205;82;106m██[38;2;230;115;139m██[38;2;230;115;139m██[38;2;205;82;106m██[38;2;16;16;16m██                                
                                  [38;2;16;16;16m██[38;2;65;65;74m██[38;2;255;255;255m██[38;2;172;172;180m██[38;2;16;16;16m██[38;2;255;238;115m██[38;2;255;238;115m██[38;2;255;238;115m██[38;2;255;238;115m██[38;2;255;238;115m██[38;2;255;238;115m██[38;2;255;238;115m██[38;2;255;238;115m██[38;2;255;238;115m██[38;2;16;16;16m██[38;2;90;90;106m██[38;2;90;90;106m██[38;2;90;90;106m██[38;2;131;131;139m██[38;2;148;57;74m██[38;2;230;115;139m██[38;2;230;115;139m██[38;2;205;82;106m██[38;2;16;16;16m██                                  
                                  [38;2;205;172;74m██[38;2;65;65;74m██[38;2;90;90;106m██[38;2;65;65;74m██[38;2;16;16;16m██[38;2;255;238;115m██[38;2;255;238;115m██[38;2;255;238;115m██[38;2;255;238;115m██[38;2;255;238;115m██[38;2;255;238;115m██[38;2;255;238;115m██[38;2;255;238;115m██[38;2;255;238;115m██[38;2;255;238;115m██[38;2;16;16;16m██[38;2;90;90;106m██[38;2;90;90;106m██[38;2;90;90;106m██[38;2;148;57;74m██[38;2;230;115;139m██[38;2;230;115;139m██[38;2;148;57;74m██[38;2;16;16;16m██                                  
                                [38;2;205;172;74m██[38;2;222;197;90m██[38;2;255;238;115m██[38;2;16;16;16m██[38;2;16;16;16m██[38;2;255;238;115m██[38;2;255;238;115m██[38;2;255;238;115m██[38;2;255;238;115m██[38;2;255;238;115m██[38;2;255;238;115m██[38;2;156;131;24m██[38;2;156;131;24m██[38;2;156;131;24m██[38;2;255;238;115m██[38;2;222;197;90m██[38;2;205;172;74m██[38;2;65;65;74m██[38;2;90;90;106m██[38;2;148;57;74m██[38;2;205;82;106m██[38;2;230;115;139m██[38;2;205;82;106m██[38;2;65;65;74m██[38;2;16;16;16m██                                  
                                [38;2;205;172;74m██[38;2;255;238;115m██[38;2;255;238;115m██[38;2;255;238;115m██[38;2;255;238;115m██[38;2;255;238;115m██[38;2;255;238;115m██[38;2;255;238;115m██[38;2;255;238;115m██[38;2;255;238;115m██[38;2;156;131;24m██[38;2;16;16;16m██[38;2;255;255;255m██[38;2;255;255;255m██[38;2;156;131;24m██[38;2;205;172;74m██[38;2;205;172;74m██[38;2;16;16;16m██[38;2;90;90;106m██[38;2;148;57;74m██[38;2;205;82;106m██[38;2;205;82;106m██[38;2;148;57;74m██[38;2;65;65;74m██[38;2;16;16;16m██                                  
                              [38;2;205;82;106m██[38;2;205;82;106m██[38;2;205;82;106m██[38;2;205;82;106m██[38;2;205;82;106m██[38;2;148;57;74m██[38;2;205;172;74m██[38;2;255;238;115m██[38;2;255;238;115m██[38;2;255;238;115m██[38;2;156;131;24m██[38;2;255;255;255m██[38;2;16;16;16m██[38;2;255;255;255m██[38;2;255;255;255m██[38;2;156;131;24m██[38;2;205;172;74m██[38;2;205;172;74m██[38;2;16;16;16m██[38;2;90;90;106m██[38;2;148;57;74m██[38;2;205;82;106m██[38;2;205;82;106m██[38;2;148;57;74m██[38;2;65;65;74m██[38;2;16;16;16m██                                  
                            [38;2;205;82;106m██[38;2;205;82;106m██[38;2;255;156;172m██[38;2;255;156;172m██[38;2;255;156;172m██[38;2;255;156;172m██[38;2;230;115;139m██[38;2;148;57;74m██[38;2;205;172;74m██[38;2;255;238;115m██[38;2;255;238;115m██[38;2;16;16;16m██[38;2;16;16;16m██[38;2;16;16;16m██[38;2;255;255;255m██[38;2;255;255;164m██[38;2;205;172;74m██[38;2;205;172;74m██[38;2;205;172;74m██[38;2;16;16;16m██[38;2;90;90;106m██[38;2;148;57;74m██[38;2;148;57;74m██[38;2;148;57;74m██[38;2;65;65;74m██[38;2;16;16;16m██                                    
                            [38;2;148;57;74m██[38;2;230;115;139m██[38;2;148;57;74m██[38;2;255;156;172m██[38;2;255;156;172m██[38;2;148;57;74m██[38;2;230;115;139m██[38;2;230;115;139m██[38;2;148;57;74m██[38;2;222;197;90m██[38;2;222;197;90m██[38;2;205;172;74m██[38;2;156;131;24m██[38;2;156;131;24m██[38;2;156;131;24m██[38;2;205;172;74m██[38;2;205;172;74m██[38;2;205;172;74m██[38;2;205;172;74m██[38;2;65;65;74m██[38;2;90;90;106m██[38;2;90;90;106m██[38;2;148;57;74m██[38;2;65;65;74m██[38;2;65;65;74m██[38;2;16;16;16m██                                    
                            [38;2;16;16;16m██[38;2;205;82;106m██[38;2;16;16;16m██[38;2;255;156;172m██[38;2;255;156;172m██[38;2;16;16;16m██[38;2;230;115;139m██[38;2;205;82;106m██[38;2;148;57;74m██[38;2;205;172;74m██[38;2;205;172;74m██[38;2;205;172;74m██[38;2;205;172;74m██[38;2;205;172;74m██[38;2;205;172;74m██[38;2;205;172;74m██[38;2;205;172;74m██[38;2;205;172;74m██[38;2;205;172;74m██[38;2;65;65;74m██[38;2;65;65;74m██[38;2;90;90;106m██[38;2;65;65;74m██[38;2;65;65;74m██[38;2;16;16;16m██                                      
            [38;2;65;65;74m██[38;2;65;65;74m██[38;2;65;65;74m██[38;2;65;65;74m██        [38;2;16;16;16m██[38;2;148;57;74m██[38;2;205;82;106m██[38;2;205;82;106m██[38;2;205;82;106m██[38;2;205;82;106m██[38;2;205;82;106m██[38;2;148;57;74m██[38;2;205;172;74m██[38;2;205;172;74m██[38;2;205;172;74m██[38;2;205;172;74m██[38;2;205;172;74m██[38;2;205;172;74m██[38;2;205;172;74m██[38;2;205;172;74m██[38;2;205;172;74m██[38;2;205;172;74m██[38;2;205;172;74m██[38;2;65;65;74m██[38;2;65;65;74m██[38;2;65;65;74m██[38;2;65;65;74m██[38;2;16;16;16m██[38;2;156;131;24m██                                      
        [38;2;65;65;74m██[38;2;65;65;74m██[38;2;172;172;180m██[38;2;172;172;180m██[38;2;172;172;180m██[38;2;172;172;180m██[38;2;65;65;74m██[38;2;16;16;16m██      [38;2;16;16;16m██[38;2;16;16;16m██[38;2;16;16;16m██[38;2;148;57;74m██[38;2;148;57;74m██[38;2;148;57;74m██[38;2;205;172;74m██[38;2;205;172;74m██[38;2;205;172;74m██[38;2;156;131;24m██[38;2;156;131;24m██[38;2;205;172;74m██[38;2;205;172;74m██[38;2;205;172;74m██[38;2;205;172;74m██[38;2;205;172;74m██[38;2;205;172;74m██[38;2;205;172;74m██[38;2;205;172;74m██[38;2;65;65;74m██[38;2;16;16;16m██[38;2;16;16;16m██[38;2;205;172;74m██[38;2;156;131;24m██                                      
      [38;2;65;65;74m██[38;2;172;172;180m██[38;2;172;172;180m██[38;2;172;172;180m██[38;2;172;172;180m██[38;2;172;172;180m██[38;2;172;172;180m██[38;2;172;172;180m██[38;2;131;131;139m██[38;2;16;16;16m██          [38;2;16;16;16m██[38;2;16;16;16m██[38;2;156;131;24m██[38;2;156;131;24m██[38;2;156;131;24m██[38;2;156;131;24m██[38;2;205;172;74m██[38;2;205;172;74m██[38;2;205;172;74m██[38;2;205;172;74m██[38;2;205;172;74m██[38;2;205;172;74m██[38;2;205;172;74m██[38;2;205;172;74m██[38;2;205;172;74m██[38;2;205;172;74m██[38;2;205;172;74m██[38;2;205;172;74m██[38;2;205;172;74m██[38;2;205;172;74m██[38;2;156;131;24m██            [38;2;65;65;74m██[38;2;65;65;74m██[38;2;65;65;74m██                    
    [38;2;65;65;74m██[38;2;172;172;180m██[38;2;156;131;24m██[38;2;156;131;24m██[38;2;156;131;24m██[38;2;156;131;24m██[38;2;172;172;180m██[38;2;172;172;180m██[38;2;172;172;180m██[38;2;172;172;180m██[38;2;131;131;139m██[38;2;16;16;16m██            [38;2;16;16;16m██[38;2;205;172;74m██[38;2;205;172;74m██[38;2;205;172;74m██[38;2;205;172;74m██[38;2;205;172;74m██[38;2;205;172;74m██[38;2;205;172;74m██[38;2;205;172;74m██[38;2;205;172;74m██[38;2;205;172;74m██[38;2;205;172;74m██[38;2;205;172;74m██[38;2;205;172;74m██[38;2;205;172;74m██[38;2;205;172;74m██[38;2;205;172;74m██[38;2;205;172;74m██[38;2;205;172;74m██[38;2;156;131;24m██      [38;2;16;16;16m██[38;2;16;16;16m██[38;2;172;172;180m██[38;2;172;172;180m██[38;2;172;172;180m██[38;2;65;65;74m██[38;2;65;65;74m██                
    [38;2;16;16;16m██[38;2;156;131;24m██[38;2;255;238;115m██[38;2;222;197;90m██[38;2;255;238;115m██[38;2;222;197;90m██[38;2;156;131;24m██[38;2;172;172;180m██[38;2;172;172;180m██[38;2;131;131;139m██[38;2;131;131;139m██[38;2;131;131;139m██[38;2;16;16;16m██            [38;2;16;16;16m██[38;2;205;172;74m██[38;2;205;172;74m██[38;2;205;172;74m██[38;2;205;172;74m██[38;2;205;172;74m██[38;2;205;172;74m██[38;2;205;172;74m██[38;2;205;172;74m██[38;2;205;172;74m██[38;2;205;172;74m██[38;2;205;172;74m██[38;2;205;172;74m██[38;2;205;172;74m██[38;2;205;172;74m██[38;2;205;172;74m██[38;2;205;172;74m██[38;2;16;16;16m██[38;2;16;16;16m██[38;2;16;16;16m██[38;2;65;65;74m██[38;2;16;16;16m██[38;2;172;172;180m██[38;2;172;172;180m██[38;2;172;172;180m██[38;2;172;172;180m██[38;2;172;172;180m██[38;2;172;172;180m██[38;2;172;172;180m██[38;2;65;65;74m██              
  [38;2;16;16;16m██[38;2;255;238;115m██[38;2;255;238;115m██[38;2;255;238;115m██[38;2;205;172;74m██[38;2;255;238;115m██[38;2;255;238;115m██[38;2;205;172;74m██[38;2;16;16;16m██[38;2;131;131;139m██[38;2;131;131;139m██[38;2;131;131;139m██[38;2;131;131;139m██[38;2;131;131;139m██[38;2;16;16;16m██[38;2;16;16;16m██        [38;2;16;16;16m██[38;2;16;16;16m██[38;2;222;197;90m██[38;2;205;172;74m██[38;2;205;172;74m██[38;2;205;172;74m██[38;2;205;172;74m██[38;2;205;172;74m██[38;2;205;172;74m██[38;2;205;172;74m██[38;2;205;172;74m██[38;2;205;172;74m██[38;2;205;172;74m██[38;2;205;172;74m██[38;2;16;16;16m██[38;2;16;16;16m██[38;2;65;65;74m██[38;2;90;90;106m██[38;2;131;131;139m██[38;2;131;131;139m██[38;2;16;16;16m██[38;2;172;172;180m██[38;2;156;131;24m██[38;2;156;131;24m██[38;2;156;131;24m██[38;2;156;131;24m██[38;2;172;172;180m██[38;2;172;172;180m██[38;2;172;172;180m██[38;2;65;65;74m██              
[38;2;16;16;16m██[38;2;255;238;115m██[38;2;156;131;24m██[38;2;255;238;115m██[38;2;205;172;74m██[38;2;16;16;16m██[38;2;205;172;74m██[38;2;255;238;115m██[38;2;205;172;74m██[38;2;16;16;16m██[38;2;90;90;106m██[38;2;131;131;139m██[38;2;131;131;139m██[38;2;131;131;139m██[38;2;131;131;139m██[38;2;90;90;106m██[38;2;65;65;74m██[38;2;16;16;16m██[38;2;16;16;16m██[38;2;16;16;16m██[38;2;16;16;16m██[38;2;65;65;74m██[38;2;16;16;16m██[38;2;255;238;115m██[38;2;222;197;90m██[38;2;205;172;74m██[38;2;205;172;74m██[38;2;205;172;74m██[38;2;205;172;74m██[38;2;205;172;74m██[38;2;205;172;74m██[38;2;205;172;74m██[38;2;205;172;74m██[38;2;205;172;74m██[38;2;16;16;16m██[38;2;65;65;74m██[38;2;65;65;74m██[38;2;90;90;106m██[38;2;131;131;139m██[38;2;131;131;139m██[38;2;131;131;139m██[38;2;156;131;24m██[38;2;156;131;24m██[38;2;255;238;115m██[38;2;255;238;115m██[38;2;255;238;115m██[38;2;255;238;115m██[38;2;156;131;24m██[38;2;16;16;16m██[38;2;172;172;180m██[38;2;172;172;180m██[38;2;16;16;16m██            
[38;2;16;16;16m██[38;2;255;238;115m██[38;2;16;16;16m██[38;2;205;172;74m██[38;2;16;16;16m██[38;2;65;65;74m██[38;2;16;16;16m██[38;2;205;172;74m██[38;2;16;16;16m██[38;2;65;65;74m██[38;2;90;90;106m██[38;2;131;131;139m██[38;2;131;131;139m██[38;2;131;131;139m██[38;2;131;131;139m██[38;2;131;131;139m██[38;2;90;90;106m██[38;2;65;65;74m██[38;2;65;65;74m██[38;2;65;65;74m██[38;2;65;65;74m██[38;2;16;16;16m██[38;2;255;238;115m██[38;2;255;238;115m██[38;2;255;238;115m██[38;2;255;238;115m██[38;2;222;197;90m██[38;2;205;172;74m██[38;2;205;172;74m██[38;2;205;172;74m██[38;2;205;172;74m██[38;2;205;172;74m██[38;2;205;172;74m██[38;2;65;65;74m██[38;2;65;65;74m██[38;2;90;90;106m██[38;2;90;90;106m██[38;2;131;131;139m██[38;2;131;131;139m██[38;2;131;131;139m██[38;2;16;16;16m██[38;2;255;238;115m██[38;2;255;238;115m██[38;2;156;131;24m██[38;2;255;238;115m██[38;2;222;197;90m██[38;2;255;238;115m██[38;2;255;238;115m██[38;2;222;197;90m██[38;2;16;16;16m██[38;2;131;131;139m██[38;2;16;16;16m██            
[38;2;16;16;16m██[38;2;205;172;74m██[38;2;16;16;16m██[38;2;16;16;16m██[38;2;65;65;74m██[38;2;65;65;74m██[38;2;16;16;16m██[38;2;16;16;16m██[38;2;65;65;74m██[38;2;65;65;74m██[38;2;65;65;74m██[38;2;131;131;139m██[38;2;131;131;139m██[38;2;131;131;139m██[38;2;131;131;139m██[38;2;131;131;139m██[38;2;131;131;139m██[38;2;90;90;106m██[38;2;65;65;74m██[38;2;65;65;74m██[38;2;16;16;16m██[38;2;222;197;90m██[38;2;255;238;115m██[38;2;255;238;115m██[38;2;255;238;115m██[38;2;255;238;115m██[38;2;255;238;115m██[38;2;255;238;115m██[38;2;222;197;90m██[38;2;222;197;90m██[38;2;205;172;74m██[38;2;205;172;74m██[38;2;205;172;74m██[38;2;16;16;16m██[38;2;131;131;139m██[38;2;131;131;139m██[38;2;131;131;139m██[38;2;131;131;139m██[38;2;131;131;139m██[38;2;131;131;139m██[38;2;16;16;16m██[38;2;255;238;115m██[38;2;156;131;24m██[38;2;255;238;115m██[38;2;255;238;115m██[38;2;156;131;24m██[38;2;255;238;115m██[38;2;255;238;115m██[38;2;205;172;74m██[38;2;16;16;16m██[38;2;90;90;106m██[38;2;65;65;74m██[38;2;16;16;16m██          
  [38;2;16;16;16m██  [38;2;16;16;16m██[38;2;16;16;16m██[38;2;65;65;74m██[38;2;65;65;74m██[38;2;65;65;74m██[38;2;65;65;74m██[38;2;65;65;74m██[38;2;65;65;74m██[38;2;65;65;74m██[38;2;90;90;106m██[38;2;131;131;139m██[38;2;131;131;139m██[38;2;131;131;139m██[38;2;131;131;139m██[38;2;90;90;106m██[38;2;156;131;24m██[38;2;156;131;24m██[38;2;255;238;115m██[38;2;255;238;115m██[38;2;255;238;115m██[38;2;255;238;115m██[38;2;255;238;115m██[38;2;255;238;115m██[38;2;255;238;115m██[38;2;255;238;115m██[38;2;255;238;115m██[38;2;255;238;115m██[38;2;222;197;90m██[38;2;205;172;74m██[38;2;205;172;74m██[38;2;16;16;16m██[38;2;131;131;139m██[38;2;131;131;139m██[38;2;131;131;139m██[38;2;131;131;139m██[38;2;131;131;139m██[38;2;131;131;139m██[38;2;131;131;139m██[38;2;16;16;16m██[38;2;16;16;16m██[38;2;255;238;115m██[38;2;16;16;16m██[38;2;16;16;16m██[38;2;255;238;115m██[38;2;156;131;24m██[38;2;16;16;16m██[38;2;65;65;74m██[38;2;65;65;74m██[38;2;65;65;74m██[38;2;16;16;16m██          
          [38;2;16;16;16m██[38;2;16;16;16m██[38;2;65;65;74m██[38;2;65;65;74m██[38;2;65;65;74m██[38;2;65;65;74m██[38;2;65;65;74m██[38;2;65;65;74m██[38;2;65;65;74m██[38;2;90;90;106m██[38;2;90;90;106m██[38;2;65;65;74m██[38;2;156;131;24m██[38;2;222;197;90m██[38;2;255;238;115m██[38;2;255;238;115m██[38;2;255;238;115m██[38;2;255;238;115m██[38;2;255;238;115m██[38;2;255;238;115m██[38;2;255;238;115m██[38;2;255;238;115m██[38;2;255;238;115m██[38;2;255;238;115m██[38;2;255;238;115m██[38;2;255;238;115m██[38;2;222;197;90m██[38;2;205;172;74m██[38;2;16;16;16m██[38;2;90;90;106m██[38;2;131;131;139m██[38;2;131;131;139m██[38;2;131;131;139m██[38;2;131;131;139m██[38;2;131;131;139m██[38;2;131;131;139m██[38;2;131;131;139m██[38;2;16;16;16m██[38;2;16;16;16m██[38;2;65;65;74m██[38;2;65;65;74m██[38;2;16;16;16m██[38;2;16;16;16m██[38;2;65;65;74m██[38;2;65;65;74m██[38;2;65;65;74m██[38;2;65;65;74m██[38;2;16;16;16m██          
              [38;2;16;16;16m██[38;2;65;65;74m██[38;2;65;65;74m██[38;2;65;65;74m██[38;2;65;65;74m██[38;2;65;65;74m██[38;2;65;65;74m██[38;2;65;65;74m██[38;2;65;65;74m██[38;2;156;131;24m██[38;2;222;197;90m██[38;2;255;238;115m██[38;2;255;238;115m██[38;2;255;238;115m██[38;2;255;238;115m██[38;2;255;238;115m██[38;2;255;238;115m██[38;2;255;238;115m██[38;2;255;238;115m██[38;2;255;238;115m██[38;2;255;238;115m██[38;2;255;238;115m██[38;2;255;238;115m██[38;2;255;238;115m██[38;2;255;238;115m██[38;2;222;197;90m██[38;2;205;172;74m██[38;2;65;65;74m██[38;2;65;65;74m██[38;2;65;65;74m██[38;2;131;131;139m██[38;2;131;131;139m██[38;2;131;131;139m██[38;2;90;90;106m██[38;2;90;90;106m██[38;2;65;65;74m██[38;2;65;65;74m██[38;2;65;65;74m██[38;2;65;65;74m██[38;2;65;65;74m██[38;2;65;65;74m██[38;2;65;65;74m██[38;2;65;65;74m██[38;2;65;65;74m██[38;2;65;65;74m██[38;2;16;16;16m██          
                [38;2;16;16;16m██[38;2;65;65;74m██[38;2;65;65;74m██[38;2;65;65;74m██[38;2;65;65;74m██[38;2;65;65;74m██[38;2;65;65;74m██[38;2;65;65;74m██[38;2;156;131;24m██[38;2;255;238;115m██[38;2;255;238;115m██[38;2;255;238;115m██[38;2;255;238;115m██[38;2;255;238;115m██[38;2;255;238;115m██[38;2;255;238;115m██[38;2;255;238;115m██[38;2;255;238;115m██[38;2;255;238;115m██[38;2;255;238;115m██[38;2;255;238;115m██[38;2;255;238;115m██[38;2;255;238;115m██[38;2;255;238;115m██[38;2;255;238;115m██[38;2;222;197;90m██[38;2;16;16;16m██[38;2;65;65;74m██[38;2;65;65;74m██[38;2;65;65;74m██[38;2;65;65;74m██[38;2;65;65;74m██[38;2;65;65;74m██[38;2;65;65;74m██[38;2;65;65;74m██[38;2;65;65;74m██[38;2;65;65;74m██[38;2;65;65;74m██[38;2;65;65;74m██[38;2;65;65;74m██[38;2;65;65;74m██[38;2;65;65;74m██[38;2;65;65;74m██[38;2;16;16;16m██[38;2;148;57;74m██[38;2;148;57;74m██        
                  [38;2;16;16;16m██[38;2;16;16;16m██[38;2;65;65;74m██[38;2;65;65;74m██[38;2;65;65;74m██[38;2;16;16;16m██[38;2;156;131;24m██[38;2;255;238;115m██[38;2;255;238;115m██[38;2;65;65;74m██[38;2;65;65;74m██[38;2;255;238;115m██[38;2;255;238;115m██[38;2;255;238;115m██[38;2;255;238;115m██[38;2;255;238;115m██[38;2;255;238;115m██[38;2;255;238;115m██[38;2;255;238;115m██[38;2;255;238;115m██[38;2;255;238;115m██[38;2;255;238;115m██[38;2;255;238;115m██[38;2;255;238;115m██[38;2;255;238;115m██[38;2;205;172;74m██[38;2;16;16;16m██[38;2;16;16;16m██[38;2;65;65;74m██[38;2;65;65;74m██[38;2;65;65;74m██[38;2;65;65;74m██[38;2;65;65;74m██[38;2;65;65;74m██[38;2;65;65;74m██[38;2;65;65;74m██[38;2;65;65;74m██[38;2;65;65;74m██[38;2;65;65;74m██[38;2;65;65;74m██[38;2;65;65;74m██[38;2;65;65;74m██[38;2;16;16;16m██[38;2;230;115;139m██[38;2;230;115;139m██[38;2;148;57;74m██      
                      [38;2;16;16;16m██[38;2;16;16;16m██[38;2;16;16;16m██  [38;2;156;131;24m██[38;2;255;238;115m██[38;2;65;65;74m██[38;2;172;172;180m██[38;2;90;90;106m██[38;2;65;65;74m██[38;2;255;238;115m██[38;2;255;238;115m██[38;2;255;238;115m██[38;2;255;238;115m██[38;2;255;238;115m██[38;2;255;238;115m██[38;2;255;238;115m██[38;2;255;238;115m██[38;2;255;238;115m██[38;2;255;238;115m██[38;2;255;238;115m██[38;2;255;238;115m██[38;2;255;238;115m██[38;2;222;197;90m██[38;2;205;172;74m██[38;2;205;172;74m██[38;2;16;16;16m██[38;2;16;16;16m██[38;2;65;65;74m██[38;2;65;65;74m██[38;2;65;65;74m██[38;2;65;65;74m██[38;2;65;65;74m██[38;2;65;65;74m██[38;2;65;65;74m██[38;2;65;65;74m██[38;2;65;65;74m██[38;2;65;65;74m██[38;2;65;65;74m██[38;2;16;16;16m██[38;2;205;82;106m██[38;2;230;115;139m██[38;2;230;115;139m██[38;2;230;115;139m██[38;2;148;57;74m██    
                            [38;2;156;131;24m██[38;2;222;197;90m██[38;2;16;16;16m██[38;2;131;131;139m██[38;2;255;255;255m██[38;2;172;172;180m██[38;2;90;90;106m██[38;2;16;16;16m██[38;2;255;238;115m██[38;2;255;238;115m██[38;2;255;238;115m██[38;2;255;238;115m██[38;2;255;238;115m██[38;2;255;238;115m██[38;2;255;238;115m██[38;2;255;238;115m██[38;2;255;238;115m██[38;2;255;238;115m██[38;2;255;238;115m██[38;2;255;238;115m██[38;2;255;238;115m██[38;2;205;172;74m██[38;2;205;172;74m██[38;2;205;172;74m██[38;2;205;172;74m██[38;2;16;16;16m██[38;2;16;16;16m██[38;2;65;65;74m██[38;2;65;65;74m██[38;2;65;65;74m██[38;2;65;65;74m██[38;2;65;65;74m██[38;2;65;65;74m██[38;2;65;65;74m██[38;2;16;16;16m██[38;2;16;16;16m██[38;2;148;57;74m██[38;2;148;57;74m██[38;2;230;115;139m██[38;2;230;115;139m██[38;2;230;115;139m██[38;2;148;57;74m██    
                            [38;2;156;131;24m██[38;2;255;238;115m██[38;2;16;16;16m██[38;2;90;90;106m██[38;2;172;172;180m██[38;2;90;90;106m██[38;2;65;65;74m██[38;2;16;16;16m██[38;2;222;197;90m██[38;2;255;238;115m██[38;2;255;238;115m██[38;2;255;238;115m██[38;2;255;238;115m██[38;2;255;238;115m██[38;2;255;238;115m██[38;2;255;238;115m██[38;2;255;238;115m██[38;2;255;238;115m██[38;2;255;238;115m██[38;2;255;238;115m██[38;2;255;238;115m██[38;2;222;197;90m██[38;2;205;172;74m██[38;2;205;172;74m██[38;2;205;172;74m██[38;2;205;172;74m██[38;2;205;172;74m██[38;2;16;16;16m██[38;2;16;16;16m██[38;2;16;16;16m██[38;2;16;16;16m██[38;2;16;16;16m██[38;2;16;16;16m██[38;2;16;16;16m██      [38;2;16;16;16m██[38;2;148;57;74m██[38;2;230;115;139m██[38;2;230;115;139m██[38;2;230;115;139m██[38;2;148;57;74m██  
                          [38;2;16;16;16m██[38;2;222;197;90m██[38;2;255;238;115m██[38;2;16;16;16m██[38;2;65;65;74m██[38;2;90;90;106m██[38;2;65;65;74m██[38;2;65;65;74m██[38;2;16;16;16m██[38;2;222;197;90m██[38;2;255;238;115m██[38;2;255;238;115m██[38;2;255;238;115m██[38;2;255;238;115m██[38;2;255;238;115m██[38;2;255;238;115m██[38;2;255;238;115m██[38;2;255;238;115m██[38;2;255;238;115m██[38;2;255;238;115m██[38;2;255;238;115m██[38;2;255;238;115m██[38;2;255;238;115m██[38;2;205;172;74m██[38;2;205;172;74m██[38;2;205;172;74m██[38;2;205;172;74m██[38;2;205;172;74m██[38;2;205;172;74m██[38;2;16;16;16m██[38;2;205;82;106m██[38;2;205;82;106m██[38;2;205;82;106m██[38;2;205;82;106m██[38;2;148;57;74m██        [38;2;16;16;16m██[38;2;230;115;139m██[38;2;230;115;139m██[38;2;230;115;139m██[38;2;16;16;16m██  
                        [38;2;16;16;16m██[38;2;65;65;74m██[38;2;255;238;115m██[38;2;255;238;115m██[38;2;255;238;115m██[38;2;16;16;16m██[38;2;65;65;74m██[38;2;65;65;74m██[38;2;16;16;16m██[38;2;205;172;74m██[38;2;222;197;90m██[38;2;255;238;115m██[38;2;255;238;115m██[38;2;255;238;115m██[38;2;255;238;115m██[38;2;255;238;115m██[38;2;255;238;115m██[38;2;255;238;115m██[38;2;255;238;115m██[38;2;255;238;115m██[38;2;255;238;115m██[38;2;255;238;115m██[38;2;255;238;115m██[38;2;255;238;115m██[38;2;222;197;90m██[38;2;205;172;74m██[38;2;205;172;74m██[38;2;205;172;74m██[38;2;205;172;74m██[38;2;156;131;24m██[38;2;16;16;16m██[38;2;148;57;74m██[38;2;148;57;74m██[38;2;205;82;106m██[38;2;230;115;139m██[38;2;230;115;139m██[38;2;148;57;74m██      [38;2;16;16;16m██[38;2;205;82;106m██[38;2;230;115;139m██[38;2;230;115;139m██[38;2;230;115;139m██[38;2;16;16;16m██
                      [38;2;16;16;16m██[38;2;90;90;106m██[38;2;65;65;74m██[38;2;255;238;115m██[38;2;255;238;115m██[38;2;255;238;115m██[38;2;65;65;74m██[38;2;16;16;16m██[38;2;16;16;16m██[38;2;65;65;74m██[38;2;205;172;74m██[38;2;255;238;115m██[38;2;255;238;115m██[38;2;255;238;115m██[38;2;255;238;115m██[38;2;255;238;115m██[38;2;255;238;115m██[38;2;255;238;115m██[38;2;255;238;115m██[38;2;255;238;115m██[38;2;255;238;115m██[38;2;255;238;115m██[38;2;255;238;115m██[38;2;65;65;74m██[38;2;65;65;74m██[38;2;65;65;74m██[38;2;16;16;16m██[38;2;16;16;16m██[38;2;16;16;16m██[38;2;156;131;24m██[38;2;156;131;24m██[38;2;16;16;16m██    [38;2;148;57;74m██[38;2;230;115;139m██[38;2;230;115;139m██[38;2;230;115;139m██[38;2;148;57;74m██      [38;2;16;16;16m██[38;2;230;115;139m██[38;2;230;115;139m██[38;2;230;115;139m██[38;2;16;16;16m██
                      [38;2;16;16;16m██[38;2;131;131;139m██[38;2;131;131;139m██[38;2;255;238;115m██[38;2;255;238;115m██[38;2;255;238;115m██[38;2;65;65;74m██[38;2;65;65;74m██[38;2;65;65;74m██[38;2;65;65;74m██[38;2;222;197;90m██[38;2;255;238;115m██[38;2;255;238;115m██[38;2;255;238;115m██[38;2;255;238;115m██[38;2;255;238;115m██[38;2;255;238;115m██[38;2;255;238;115m██[38;2;255;238;115m██[38;2;255;238;115m██[38;2;222;197;90m██[38;2;65;65;74m██[38;2;65;65;74m██[38;2;131;131;139m██[38;2;131;131;139m██[38;2;131;131;139m██[38;2;131;131;139m██[38;2;90;90;106m██[38;2;65;65;74m██[38;2;16;16;16m██[38;2;156;131;24m██[38;2;156;131;24m██[38;2;16;16;16m██    [38;2;148;57;74m██[38;2;230;115;139m██[38;2;230;115;139m██[38;2;148;57;74m██      [38;2;16;16;16m██[38;2;205;82;106m██[38;2;230;115;139m██[38;2;230;115;139m██[38;2;16;16;16m██
                    [38;2;16;16;16m██[38;2;90;90;106m██[38;2;131;131;139m██[38;2;65;65;74m██[38;2;255;238;115m██[38;2;255;238;115m██[38;2;222;197;90m██[38;2;90;90;106m██[38;2;90;90;106m██[38;2;90;90;106m██[38;2;90;90;106m██[38;2;255;238;115m██[38;2;255;238;115m██[38;2;255;238;115m██[38;2;255;238;115m██[38;2;255;238;115m██[38;2;255;238;115m██[38;2;255;238;115m██[38;2;255;238;115m██[38;2;255;238;115m██[38;2;255;238;115m██[38;2;65;65;74m██[38;2;131;131;139m██[38;2;131;131;139m██[38;2;131;131;139m██[38;2;131;131;139m██[38;2;131;131;139m██[38;2;131;131;139m██[38;2;131;131;139m██[38;2;65;65;74m██[38;2;65;65;74m██[38;2;16;16;16m██[38;2;156;131;24m██[38;2;16;16;16m██    [38;2;148;57;74m██[38;2;230;115;139m██[38;2;230;115;139m██[38;2;230;115;139m██[38;2;16;16;16m██    [38;2;16;16;16m██[38;2;205;82;106m██[38;2;230;115;139m██[38;2;230;115;139m██[38;2;16;16;16m██
                    [38;2;16;16;16m██[38;2;131;131;139m██[38;2;131;131;139m██[38;2;16;16;16m██[38;2;255;238;115m██[38;2;255;238;115m██[38;2;205;172;74m██[38;2;90;90;106m██[38;2;90;90;106m██[38;2;90;90;106m██[38;2;90;90;106m██[38;2;222;197;90m██[38;2;255;238;115m██[38;2;255;238;115m██[38;2;255;238;115m██[38;2;255;238;115m██[38;2;255;238;115m██[38;2;255;238;115m██[38;2;255;238;115m██[38;2;255;238;115m██[38;2;65;65;74m██[38;2;90;90;106m██[38;2;131;131;139m██[38;2;131;131;139m██[38;2;131;131;139m██[38;2;131;131;139m██[38;2;131;131;139m██[38;2;131;131;139m██[38;2;131;131;139m██[38;2;90;90;106m██[38;2;65;65;74m██[38;2;65;65;74m██[38;2;16;16;16m██[38;2;16;16;16m██      [38;2;148;57;74m██[38;2;230;115;139m██[38;2;230;115;139m██[38;2;16;16;16m██    [38;2;16;16;16m██[38;2;205;82;106m██[38;2;230;115;139m██[38;2;230;115;139m██[38;2;16;16;16m██
                    [38;2;16;16;16m██[38;2;131;131;139m██[38;2;131;131;139m██[38;2;16;16;16m██[38;2;222;197;90m██[38;2;255;238;115m██[38;2;90;90;106m██[38;2;90;90;106m██[38;2;90;90;106m██[38;2;90;90;106m██[38;2;90;90;106m██[38;2;90;90;106m██[38;2;255;238;115m██[38;2;255;238;115m██[38;2;255;238;115m██[38;2;255;238;115m██[38;2;255;238;115m██[38;2;255;238;115m██[38;2;255;238;115m██[38;2;255;238;115m██[38;2;65;65;74m██[38;2;131;131;139m██[38;2;131;131;139m██[38;2;131;131;139m██[38;2;131;131;139m██[38;2;131;131;139m██[38;2;131;131;139m██[38;2;131;131;139m██[38;2;131;131;139m██[38;2;90;90;106m██[38;2;65;65;74m██[38;2;65;65;74m██[38;2;65;65;74m██[38;2;16;16;16m██      [38;2;148;57;74m██[38;2;230;115;139m██[38;2;230;115;139m██[38;2;16;16;16m██    [38;2;16;16;16m██[38;2;205;82;106m██[38;2;230;115;139m██[38;2;230;115;139m██[38;2;16;16;16m██
                    [38;2;16;16;16m██[38;2;131;131;139m██[38;2;131;131;139m██[38;2;16;16;16m██[38;2;205;172;74m██[38;2;255;238;115m██[38;2;90;90;106m██[38;2;90;90;106m██[38;2;90;90;106m██[38;2;90;90;106m██[38;2;90;90;106m██[38;2;90;90;106m██[38;2;222;197;90m██[38;2;255;238;115m██[38;2;255;238;115m██[38;2;255;238;115m██[38;2;255;238;115m██[38;2;255;238;115m██[38;2;255;238;115m██[38;2;222;197;90m██[38;2;65;65;74m██[38;2;131;131;139m██[38;2;131;131;139m██[38;2;131;131;139m██[38;2;131;131;139m██[38;2;131;131;139m██[38;2;131;131;139m██[38;2;131;131;139m██[38;2;131;131;139m██[38;2;90;90;106m██[38;2;65;65;74m██[38;2;65;65;74m██[38;2;65;65;74m██[38;2;16;16;16m██      [38;2;148;57;74m██[38;2;230;115;139m██[38;2;205;82;106m██[38;2;16;16;16m██    [38;2;16;16;16m██[38;2;205;82;106m██[38;2;230;115;139m██[38;2;205;82;106m██[38;2;16;16;16m██
                    [38;2;16;16;16m██[38;2;131;131;139m██[38;2;131;131;139m██[38;2;90;90;106m██[38;2;16;16;16m██[38;2;222;197;90m██[38;2;90;90;106m██[38;2;90;90;106m██[38;2;90;90;106m██[38;2;90;90;106m██[38;2;90;90;106m██[38;2;90;90;106m██[38;2;90;90;106m██[38;2;222;197;90m██[38;2;255;238;115m██[38;2;255;238;115m██[38;2;255;238;115m██[38;2;255;238;115m██[38;2;222;197;90m██[38;2;65;65;74m██[38;2;131;131;139m██[38;2;131;131;139m██[38;2;131;131;139m██[38;2;131;131;139m██[38;2;131;131;139m██[38;2;131;131;139m██[38;2;131;131;139m██[38;2;131;131;139m██[38;2;131;131;139m██[38;2;90;90;106m██[38;2;65;65;74m██[38;2;65;65;74m██[38;2;65;65;74m██[38;2;65;65;74m██[38;2;16;16;16m██  [38;2;148;57;74m██[38;2;148;57;74m██[38;2;205;82;106m██[38;2;205;82;106m██[38;2;16;16;16m██    [38;2;148;57;74m██[38;2;205;82;106m██[38;2;205;82;106m██[38;2;205;82;106m██[38;2;16;16;16m██
                    [38;2;16;16;16m██[38;2;131;131;139m██[38;2;90;90;106m██[38;2;65;65;74m██[38;2;16;16;16m██[38;2;205;172;74m██[38;2;90;90;106m██[38;2;90;90;106m██[38;2;90;90;106m██[38;2;90;90;106m██[38;2;90;90;106m██[38;2;90;90;106m██[38;2;90;90;106m██[38;2;90;90;106m██[38;2;90;90;106m██[38;2;222;197;90m██[38;2;255;238;115m██[38;2;205;172;74m██[38;2;205;172;74m██[38;2;16;16;16m██[38;2;131;131;139m██[38;2;131;131;139m██[38;2;131;131;139m██[38;2;131;131;139m██[38;2;131;131;139m██[38;2;131;131;139m██[38;2;131;131;139m██[38;2;131;131;139m██[38;2;131;131;139m██[38;2;65;65;74m██[38;2;65;65;74m██[38;2;65;65;74m██[38;2;65;65;74m██[38;2;65;65;74m██[38;2;16;16;16m██[38;2;148;57;74m██[38;2;148;57;74m██[38;2;205;82;106m██[38;2;205;82;106m██[38;2;16;16;16m██    [38;2;148;57;74m██[38;2;205;82;106m██[38;2;205;82;106m██[38;2;205;82;106m██[38;2;205;82;106m██[38;2;16;16;16m██
                      [38;2;16;16;16m██[38;2;65;65;74m██[38;2;65;65;74m██[38;2;65;65;74m██[38;2;16;16;16m██[38;2;65;65;74m██[38;2;90;90;106m██[38;2;90;90;106m██[38;2;90;90;106m██[38;2;90;90;106m██[38;2;90;90;106m██[38;2;90;90;106m██[38;2;90;90;106m██[38;2;90;90;106m██[38;2;90;90;106m██[38;2;65;65;74m██[38;2;65;65;74m██[38;2;65;65;74m██[38;2;16;16;16m██[38;2;131;131;139m██[38;2;131;131;139m██[38;2;131;131;139m██[38;2;131;131;139m██[38;2;131;131;139m██[38;2;131;131;139m██[38;2;131;131;139m██[38;2;131;131;139m██[38;2;90;90;106m██[38;2;65;65;74m██[38;2;65;65;74m██[38;2;65;65;74m██[38;2;65;65;74m██[38;2;65;65;74m██[38;2;16;16;16m██[38;2;148;57;74m██[38;2;148;57;74m██[38;2;148;57;74m██[38;2;205;82;106m██[38;2;16;16;16m██    [38;2;16;16;16m██[38;2;205;82;106m██[38;2;205;82;106m██[38;2;205;82;106m██[38;2;16;16;16m██  
                      [38;2;16;16;16m██[38;2;65;65;74m██[38;2;65;65;74m██[38;2;65;65;74m██[38;2;16;16;16m██[38;2;65;65;74m██[38;2;65;65;74m██[38;2;90;90;106m██[38;2;90;90;106m██[38;2;90;90;106m██[38;2;90;90;106m██[38;2;90;90;106m██[38;2;65;65;74m██[38;2;65;65;74m██[38;2;65;65;74m██[38;2;65;65;74m██[38;2;65;65;74m██[38;2;65;65;74m██[38;2;16;16;16m██[38;2;90;90;106m██[38;2;131;131;139m██[38;2;131;131;139m██[38;2;131;131;139m██[38;2;131;131;139m██[38;2;131;131;139m██[38;2;131;131;139m██[38;2;131;131;139m██[38;2;65;65;74m██[38;2;65;65;74m██[38;2;65;65;74m██[38;2;65;65;74m██[38;2;65;65;74m██[38;2;65;65;74m██[38;2;16;16;16m██[38;2;148;57;74m██[38;2;148;57;74m██[38;2;16;16;16m██[38;2;16;16;16m██        [38;2;16;16;16m██[38;2;16;16;16m██[38;2;16;16;16m██    
                        [38;2;16;16;16m██[38;2;65;65;74m██[38;2;65;65;74m██[38;2;65;65;74m██[38;2;16;16;16m██[38;2;65;65;74m██[38;2;65;65;74m██[38;2;65;65;74m██[38;2;65;65;74m██[38;2;65;65;74m██[38;2;65;65;74m██[38;2;65;65;74m██[38;2;65;65;74m██[38;2;65;65;74m██[38;2;65;65;74m██[38;2;65;65;74m██[38;2;65;65;74m██[38;2;16;16;16m██[38;2;65;65;74m██[38;2;131;131;139m██[38;2;131;131;139m██[38;2;131;131;139m██[38;2;131;131;139m██[38;2;131;131;139m██[38;2;90;90;106m██[38;2;65;65;74m██[38;2;65;65;74m██[38;2;65;65;74m██[38;2;65;65;74m██[38;2;65;65;74m██[38;2;65;65;74m██[38;2;65;65;74m██[38;2;16;16;16m██[38;2;16;16;16m██[38;2;16;16;16m██                      
                          [38;2;16;16;16m██[38;2;65;65;74m██[38;2;65;65;74m██[38;2;65;65;74m██[38;2;16;16;16m██[38;2;65;65;74m██[38;2;65;65;74m██[38;2;65;65;74m██[38;2;65;65;74m██[38;2;65;65;74m██[38;2;65;65;74m██[38;2;65;65;74m██[38;2;65;65;74m██[38;2;65;65;74m██[38;2;65;65;74m██[38;2;65;65;74m██[38;2;16;16;16m██[38;2;65;65;74m██[38;2;65;65;74m██[38;2;90;90;106m██[38;2;90;90;106m██[38;2;90;90;106m██[38;2;65;65;74m██[38;2;65;65;74m██[38;2;65;65;74m██[38;2;65;65;74m██[38;2;65;65;74m██[38;2;65;65;74m██[38;2;65;65;74m██[38;2;65;65;74m██[38;2;65;65;74m██[38;2;16;16;16m██                          
                            [38;2;16;16;16m██[38;2;65;65;74m██[38;2;65;65;74m██[38;2;65;65;74m██[38;2;16;16;16m██[38;2;65;65;74m██[38;2;65;65;74m██[38;2;65;65;74m██[38;2;65;65;74m██[38;2;65;65;74m██[38;2;65;65;74m██[38;2;65;65;74m██[38;2;65;65;74m██[38;2;65;65;74m██[38;2;65;65;74m██[38;2;16;16;16m██[38;2;65;65;74m██[38;2;65;65;74m██[38;2;65;65;74m██[38;2;65;65;74m██[38;2;65;65;74m██[38;2;65;65;74m██[38;2;65;65;74m██[38;2;65;65;74m██[38;2;65;65;74m██[38;2;65;65;74m██[38;2;65;65;74m██[38;2;65;65;74m██[38;2;65;65;74m██[38;2;65;65;74m██[38;2;16;16;16m██                          
                              [38;2;16;16;16m██[38;2;16;16;16m██[38;2;65;65;74m██[38;2;65;65;74m██[38;2;16;16;16m██[38;2;16;16;16m██[38;2;65;65;74m██[38;2;65;65;74m██[38;2;65;65;74m██[38;2;65;65;74m██[38;2;65;65;74m██[38;2;65;65;74m██[38;2;65;65;74m██[38;2;65;65;74m██[38;2;65;65;74m██[38;2;16;16;16m██[38;2;65;65;74m██[38;2;65;65;74m██[38;2;65;65;74m██[38;2;65;65;74m██[38;2;65;65;74m██[38;2;65;65;74m██[38;2;65;65;74m██[38;2;65;65;74m██[38;2;65;65;74m██[38;2;65;65;74m██[38;2;65;65;74m██[38;2;65;65;74m██[38;2;16;16;16m██                            
                          [38;2;16;16;16m██[38;2;16;16;16m██[38;2;65;65;74m██[38;2;65;65;74m██[38;2;65;65;74m██[38;2;65;65;74m██[38;2;65;65;74m██[38;2;65;65;74m██[38;2;16;16;16m██[38;2;16;16;16m██[38;2;16;16;16m██[38;2;16;16;16m██[38;2;65;65;74m██[38;2;65;65;74m██[38;2;65;65;74m██[38;2;65;65;74m██[38;2;65;65;74m██[38;2;16;16;16m██[38;2;65;65;74m██[38;2;65;65;74m██[38;2;65;65;74m██[38;2;65;65;74m██[38;2;65;65;74m██[38;2;65;65;74m██[38;2;65;65;74m██[38;2;65;65;74m██[38;2;65;65;74m██[38;2;65;65;74m██[38;2;65;65;74m██[38;2;65;65;74m██[38;2;16;16;16m██                            
                      [38;2;156;131;24m██[38;2;156;131;24m██[38;2;222;197;90m██[38;2;205;172;74m██[38;2;156;131;24m██[38;2;65;65;74m██[38;2;65;65;74m██[38;2;65;65;74m██[38;2;65;65;74m██[38;2;65;65;74m██[38;2;65;65;74m██[38;2;16;16;16m██    [38;2;16;16;16m██[38;2;16;16;16m██[38;2;16;16;16m██[38;2;16;16;16m██[38;2;16;16;16m██[38;2;16;16;16m██[38;2;16;16;16m██[38;2;65;65;74m██[38;2;65;65;74m██[38;2;65;65;74m██[38;2;65;65;74m██[38;2;65;65;74m██[38;2;65;65;74m██[38;2;65;65;74m██[38;2;65;65;74m██[38;2;65;65;74m██[38;2;65;65;74m██[38;2;16;16;16m██                              
                    [38;2;156;131;24m██[38;2;222;197;90m██[38;2;205;172;74m██[38;2;205;172;74m██[38;2;156;131;24m██[38;2;222;197;90m██[38;2;205;172;74m██[38;2;65;65;74m██[38;2;65;65;74m██[38;2;65;65;74m██[38;2;65;65;74m██[38;2;16;16;16m██                    [38;2;16;16;16m██[38;2;65;65;74m██[38;2;65;65;74m██[38;2;65;65;74m██[38;2;65;65;74m██[38;2;65;65;74m██[38;2;65;65;74m██[38;2;65;65;74m██[38;2;65;65;74m██[38;2;16;16;16m██                                
                    [38;2;16;16;16m██[38;2;16;16;16m██[38;2;16;16;16m██[38;2;156;131;24m██[38;2;222;197;90m██[38;2;205;172;74m██[38;2;205;172;74m██[38;2;65;65;74m██[38;2;65;65;74m██[38;2;16;16;16m██[38;2;16;16;16m██                        [38;2;16;16;16m██[38;2;16;16;16m██[38;2;65;65;74m██[38;2;65;65;74m██[38;2;65;65;74m██[38;2;65;65;74m██[38;2;65;65;74m██[38;2;65;65;74m██[38;2;16;16;16m██                                
                          [38;2;16;16;16m██[38;2;205;172;74m██[38;2;205;172;74m██[38;2;16;16;16m██[38;2;16;16;16m██[38;2;16;16;16m██                                [38;2;16;16;16m██[38;2;65;65;74m██[38;2;65;65;74m██[38;2;65;65;74m██[38;2;65;65;74m██[38;2;16;16;16m██                                  
                          [38;2;16;16;16m██[38;2;16;16;16m██[38;2;16;16;16m██                                      [38;2;16;16;16m██[38;2;65;65;74m██[38;2;65;65;74m██[38;2;65;65;74m██[38;2;65;65;74m██[38;2;65;65;74m██[38;2;16;16;16m██                                
                                                                  [38;2;16;16;16m██[38;2;16;16;16m██[38;2;65;65;74m██[38;2;65;65;74m██[38;2;65;65;74m██[38;2;65;65;74m██[38;2;65;65;74m██[38;2;65;65;74m██[38;2;16;16;16m██                                
                                                                [38;2;156;131;24m██[38;2;222;197;90m██[38;2;205;172;74m██[38;2;65;65;74m██[38;2;65;65;74m██[38;2;156;131;24m██[38;2;65;65;74m██[38;2;65;65;74m██[38;2;65;65;74m██[38;2;16;16;16m██                                
                                                              [38;2;156;131;24m██[38;2;222;197;90m██[38;2;205;172;74m██[38;2;156;131;24m██[38;2;65;65;74m██[38;2;156;131;24m██[38;2;222;197;90m██[38;2;156;131;24m██[38;2;65;65;74m██[38;2;16;16;16m██                                  
                                                              [38;2;16;16;16m██[38;2;205;172;74m██[38;2;16;16;16m██[38;2;16;16;16m██[38;2;156;131;24m██[38;2;222;197;90m██[38;2;205;172;74m██[38;2;205;172;74m██[38;2;16;16;16m██                                    
                                                              [38;2;16;16;16m██[38;2;16;16;16m██    [38;2;16;16;16m██[38;2;222;197;90m██[38;2;205;172;74m██[38;2;16;16;16m██                                      
                                                                      [38;2;16;16;16m██[38;2;205;172;74m██[38;2;16;16;16m██                                        
                                                                        [38;2;16;16;16m██                                          
