                                          [38;2;149;117;9m██[38;2;149;117;9m██[38;2;149;117;9m██[38;2;149;117;9m██                                                                        
                                      [38;2;149;117;9m██[38;2;149;117;9m██[38;2;244;218;66m██[38;2;244;218;66m██[38;2;244;218;66m██[38;2;244;218;66m██[38;2;149;117;9m██                                                                      
                                    [38;2;149;117;9m██[38;2;244;218;66m██[38;2;244;218;66m██[38;2;244;218;66m██[38;2;244;218;66m██[38;2;244;218;66m██[38;2;244;218;66m██[38;2;244;218;66m██[38;2;16;16;16m██                                                                    
                                  [38;2;149;117;9m██[38;2;255;245;174m██[38;2;244;218;66m██[38;2;244;218;66m██[38;2;255;245;174m██[38;2;255;245;174m██[38;2;255;245;174m██[38;2;255;245;174m██[38;2;244;218;66m██[38;2;16;16;16m██                                                                    
                                [38;2;149;117;9m██[38;2;255;245;174m██[38;2;255;245;174m██[38;2;255;245;174m██[38;2;255;245;174m██[38;2;255;245;174m██[38;2;255;245;174m██[38;2;255;245;174m██[38;2;255;245;174m██[38;2;255;245;174m██[38;2;16;16;16m██                                                                    
                              [38;2;149;117;9m██[38;2;255;245;174m██[38;2;255;245;174m██[38;2;255;245;174m██[38;2;255;245;174m██[38;2;255;245;174m██[38;2;255;245;174m██[38;2;255;245;174m██[38;2;255;245;174m██[38;2;255;245;174m██[38;2;255;245;174m██[38;2;16;16;16m██                                                                    
                              [38;2;149;117;9m██[38;2;255;245;174m██[38;2;255;245;174m██[38;2;255;245;174m██[38;2;255;245;174m██[38;2;255;245;174m██[38;2;255;245;174m██[38;2;255;245;174m██[38;2;255;245;174m██[38;2;255;245;174m██[38;2;16;16;16m██                                                                      
                            [38;2;149;117;9m██[38;2;255;245;174m██[38;2;255;245;174m██[38;2;255;245;174m██[38;2;255;245;174m██[38;2;255;245;174m██[38;2;255;245;174m██[38;2;255;245;174m██[38;2;255;245;174m██[38;2;255;245;174m██[38;2;255;245;174m██[38;2;16;16;16m██                                                                      
                            [38;2;149;117;9m██[38;2;255;245;174m██[38;2;255;245;174m██[38;2;255;245;174m██[38;2;255;245;174m██[38;2;255;245;174m██[38;2;255;245;174m██[38;2;255;245;174m██[38;2;255;245;174m██[38;2;255;245;174m██[38;2;16;16;16m██                                                                        
                          [38;2;149;117;9m██[38;2;244;218;66m██[38;2;255;245;174m██[38;2;255;245;174m██[38;2;255;245;174m██[38;2;255;245;174m██[38;2;244;218;66m██[38;2;244;218;66m██[38;2;244;218;66m██[38;2;255;245;174m██[38;2;255;245;174m██[38;2;16;16;16m██                                                                        
                          [38;2;149;117;9m██[38;2;244;218;66m██[38;2;244;218;66m██[38;2;255;245;174m██[38;2;244;218;66m██[38;2;244;218;66m██[38;2;244;218;66m██[38;2;244;218;66m██[38;2;244;218;66m██[38;2;244;218;66m██[38;2;16;16;16m██        [38;2;105;98;92m██[38;2;105;98;92m██[38;2;105;98;92m██                                                            
                          [38;2;149;117;9m██[38;2;244;218;66m██[38;2;244;218;66m██[38;2;244;218;66m██[38;2;244;218;66m██[38;2;244;218;66m██[38;2;244;218;66m██[38;2;244;218;66m██[38;2;244;218;66m██[38;2;16;16;16m██[38;2;105;98;92m██[38;2;105;98;92m██  [38;2;105;98;92m██[38;2;105;98;92m██[38;2;194;193;192m██[38;2;194;193;192m██[38;2;16;16;16m██                                                            
                          [38;2;149;117;9m██[38;2;244;218;66m██[38;2;151;147;140m██[38;2;244;218;66m██[38;2;244;218;66m██[38;2;244;218;66m██[38;2;244;218;66m██[38;2;244;218;66m██[38;2;16;16;16m██[38;2;151;147;140m██[38;2;194;193;192m██[38;2;194;193;192m██[38;2;105;98;92m██[38;2;151;147;140m██[38;2;194;193;192m██[38;2;194;193;192m██[38;2;16;16;16m██                                                              
                      [38;2;105;98;92m██  [38;2;149;117;9m██[38;2;105;98;92m██[38;2;194;193;192m██[38;2;244;218;66m██[38;2;244;218;66m██[38;2;244;218;66m██[38;2;149;117;9m██[38;2;16;16;16m██[38;2;151;147;140m██[38;2;194;193;192m██[38;2;194;193;192m██[38;2;194;193;192m██[38;2;194;193;192m██[38;2;194;193;192m██[38;2;194;193;192m██[38;2;105;98;92m██[38;2;16;16;16m██[38;2;16;16;16m██                                                            
                    [38;2;105;98;92m██[38;2;194;193;192m██[38;2;105;98;92m██[38;2;105;98;92m██[38;2;194;193;192m██[38;2;194;193;192m██[38;2;149;117;9m██[38;2;16;16;16m██[38;2;16;16;16m██[38;2;194;193;192m██[38;2;194;193;192m██[38;2;194;193;192m██[38;2;16;16;16m██[38;2;16;16;16m██[38;2;194;193;192m██[38;2;194;193;192m██[38;2;105;98;92m██[38;2;105;98;92m██[38;2;151;147;140m██[38;2;151;147;140m██[38;2;151;147;140m██[38;2;16;16;16m██                                                          
                    [38;2;105;98;92m██[38;2;194;193;192m██[38;2;194;193;192m██[38;2;194;193;192m██[38;2;151;147;140m██[38;2;194;193;192m██[38;2;194;193;192m██[38;2;194;193;192m██[38;2;151;147;140m██[38;2;194;193;192m██[38;2;16;16;16m██[38;2;16;16;16m██[38;2;253;253;253m██[38;2;16;16;16m██[38;2;194;193;192m██[38;2;194;193;192m██[38;2;194;193;192m██[38;2;151;147;140m██[38;2;151;147;140m██[38;2;16;16;16m██[38;2;16;16;16m██                                                            
                  [38;2;105;98;92m██[38;2;194;193;192m██[38;2;194;193;192m██[38;2;194;193;192m██[38;2;194;193;192m██[38;2;194;193;192m██[38;2;194;193;192m██[38;2;194;193;192m██[38;2;194;193;192m██[38;2;151;147;140m██[38;2;16;16;16m██[38;2;253;253;253m██[38;2;148;10;13m██[38;2;253;253;253m██[38;2;16;16;16m██[38;2;194;193;192m██[38;2;194;193;192m██[38;2;105;98;92m██[38;2;105;98;92m██[38;2;16;16;16m██                                                  [38;2;149;117;9m██[38;2;149;117;9m██[38;2;149;117;9m██[38;2;149;117;9m██      
                  [38;2;105;98;92m██[38;2;194;193;192m██[38;2;194;193;192m██[38;2;194;193;192m██[38;2;194;193;192m██[38;2;194;193;192m██[38;2;194;193;192m██[38;2;194;193;192m██[38;2;194;193;192m██[38;2;16;16;16m██[38;2;241;48;53m██[38;2;16;16;16m██[38;2;148;10;13m██[38;2;253;253;253m██[38;2;16;16;16m██[38;2;151;147;140m██[38;2;151;147;140m██[38;2;151;147;140m██[38;2;16;16;16m██                                                  [38;2;149;117;9m██[38;2;244;218;66m██[38;2;244;218;66m██[38;2;244;218;66m██[38;2;244;218;66m██[38;2;149;117;9m██    
                  [38;2;105;98;92m██[38;2;194;193;192m██[38;2;194;193;192m██[38;2;194;193;192m██[38;2;105;98;92m██[38;2;151;147;140m██[38;2;194;193;192m██[38;2;194;193;192m██[38;2;194;193;192m██[38;2;194;193;192m██[38;2;194;193;192m██[38;2;148;10;13m██[38;2;253;253;253m██[38;2;16;16;16m██[38;2;151;147;140m██[38;2;151;147;140m██[38;2;151;147;140m██[38;2;151;147;140m██[38;2;16;16;16m██                                                [38;2;149;117;9m██[38;2;244;218;66m██[38;2;244;218;66m██[38;2;244;218;66m██[38;2;244;218;66m██[38;2;244;218;66m██[38;2;244;218;66m██[38;2;149;117;9m██  
                  [38;2;105;98;92m██[38;2;194;193;192m██[38;2;194;193;192m██[38;2;194;193;192m██[38;2;151;147;140m██[38;2;194;193;192m██[38;2;194;193;192m██[38;2;105;98;92m██[38;2;105;98;92m██[38;2;194;193;192m██[38;2;194;193;192m██[38;2;105;98;92m██[38;2;105;98;92m██[38;2;151;147;140m██[38;2;151;147;140m██[38;2;151;147;140m██[38;2;151;147;140m██[38;2;16;16;16m██                                                  [38;2;149;117;9m██[38;2;244;218;66m██[38;2;244;218;66m██[38;2;244;218;66m██[38;2;244;218;66m██[38;2;244;218;66m██[38;2;244;218;66m██[38;2;149;117;9m██  
                    [38;2;105;98;92m██[38;2;194;193;192m██[38;2;194;193;192m██[38;2;194;193;192m██[38;2;194;193;192m██[38;2;194;193;192m██[38;2;105;98;92m██[38;2;151;147;140m██[38;2;105;98;92m██[38;2;105;98;92m██[38;2;151;147;140m██[38;2;105;98;92m██[38;2;151;147;140m██[38;2;151;147;140m██[38;2;151;147;140m██[38;2;151;147;140m██[38;2;16;16;16m██                                                [38;2;149;117;9m██[38;2;244;218;66m██[38;2;244;218;66m██[38;2;244;218;66m██[38;2;255;245;174m██[38;2;255;245;174m██[38;2;255;245;174m██[38;2;244;218;66m██[38;2;244;218;66m██[38;2;16;16;16m██
                    [38;2;105;98;92m██[38;2;194;193;192m██[38;2;194;193;192m██[38;2;194;193;192m██[38;2;105;98;92m██[38;2;105;98;92m██[38;2;151;147;140m██[38;2;151;147;140m██[38;2;151;147;140m██[38;2;151;147;140m██[38;2;151;147;140m██[38;2;105;98;92m██[38;2;151;147;140m██[38;2;151;147;140m██[38;2;151;147;140m██[38;2;16;16;16m██                                                  [38;2;149;117;9m██[38;2;244;218;66m██[38;2;244;218;66m██[38;2;255;245;174m██[38;2;255;245;174m██[38;2;255;245;174m██[38;2;255;245;174m██[38;2;255;245;174m██[38;2;244;218;66m██[38;2;16;16;16m██
                      [38;2;105;98;92m██[38;2;105;98;92m██[38;2;105;98;92m██[38;2;151;147;140m██[38;2;151;147;140m██[38;2;151;147;140m██[38;2;151;147;140m██[38;2;151;147;140m██[38;2;151;147;140m██[38;2;151;147;140m██[38;2;151;147;140m██[38;2;151;147;140m██[38;2;151;147;140m██[38;2;16;16;16m██                                                    [38;2;149;117;9m██[38;2;244;218;66m██[38;2;244;218;66m██[38;2;255;245;174m██[38;2;255;245;174m██[38;2;255;245;174m██[38;2;255;245;174m██[38;2;255;245;174m██[38;2;244;218;66m██[38;2;16;16;16m██
                        [38;2;16;16;16m██[38;2;151;147;140m██[38;2;151;147;140m██[38;2;151;147;140m██[38;2;151;147;140m██[38;2;151;147;140m██[38;2;151;147;140m██[38;2;151;147;140m██[38;2;16;16;16m██[38;2;16;16;16m██[38;2;105;98;92m██[38;2;151;147;140m██[38;2;16;16;16m██        [38;2;108;105;104m██[38;2;108;105;104m██                                        [38;2;149;117;9m██[38;2;244;218;66m██[38;2;244;218;66m██[38;2;255;245;174m██[38;2;255;245;174m██[38;2;255;245;174m██[38;2;255;245;174m██[38;2;255;245;174m██[38;2;244;218;66m██[38;2;16;16;16m██
                          [38;2;16;16;16m██[38;2;16;16;16m██[38;2;151;147;140m██[38;2;151;147;140m██[38;2;151;147;140m██[38;2;16;16;16m██[38;2;16;16;16m██[38;2;255;245;174m██[38;2;244;218;66m██[38;2;149;117;9m██[38;2;151;147;140m██[38;2;16;16;16m██      [38;2;108;105;104m██[38;2;253;253;253m██[38;2;16;16;16m██                                        [38;2;149;117;9m██[38;2;244;218;66m██[38;2;244;218;66m██[38;2;255;245;174m██[38;2;255;245;174m██[38;2;255;245;174m██[38;2;255;245;174m██[38;2;255;245;174m██[38;2;244;218;66m██[38;2;16;16;16m██
                              [38;2;16;16;16m██[38;2;16;16;16m██[38;2;16;16;16m██[38;2;255;245;174m██[38;2;255;245;174m██[38;2;255;245;174m██[38;2;244;218;66m██[38;2;149;117;9m██[38;2;151;147;140m██[38;2;16;16;16m██    [38;2;108;105;104m██[38;2;253;253;253m██[38;2;253;253;253m██[38;2;16;16;16m██                                        [38;2;149;117;9m██[38;2;244;218;66m██[38;2;244;218;66m██[38;2;255;245;174m██[38;2;255;245;174m██[38;2;255;245;174m██[38;2;255;245;174m██[38;2;255;245;174m██[38;2;244;218;66m██[38;2;16;16;16m██
                                  [38;2;149;117;9m██[38;2;255;245;174m██[38;2;255;245;174m██[38;2;244;218;66m██[38;2;244;218;66m██[38;2;149;117;9m██[38;2;151;147;140m██[38;2;16;16;16m██[38;2;108;105;104m██[38;2;108;105;104m██[38;2;253;253;253m██[38;2;253;253;253m██[38;2;16;16;16m██                                            [38;2;149;117;9m██[38;2;244;218;66m██[38;2;244;218;66m██[38;2;255;245;174m██[38;2;105;98;92m██[38;2;255;245;174m██[38;2;244;218;66m██[38;2;16;16;16m██  
                                    [38;2;149;117;9m██[38;2;244;218;66m██[38;2;244;218;66m██[38;2;149;117;9m██[38;2;151;147;140m██[38;2;194;193;192m██[38;2;16;16;16m██[38;2;253;253;253m██[38;2;253;253;253m██[38;2;253;253;253m██[38;2;253;253;253m██[38;2;16;16;16m██                                            [38;2;149;117;9m██[38;2;244;218;66m██[38;2;244;218;66m██[38;2;244;218;66m██[38;2;105;98;92m██[38;2;244;218;66m██[38;2;244;218;66m██[38;2;16;16;16m██  
                                  [38;2;149;117;9m██[38;2;255;245;174m██[38;2;149;117;9m██[38;2;149;117;9m██[38;2;244;218;66m██[38;2;149;117;9m██[38;2;194;193;192m██[38;2;194;193;192m██[38;2;105;98;92m██[38;2;253;253;253m██[38;2;253;253;253m██[38;2;108;105;104m██[38;2;108;105;104m██[38;2;108;105;104m██[38;2;108;105;104m██                                          [38;2;149;117;9m██[38;2;244;218;66m██[38;2;105;98;92m██[38;2;194;193;192m██[38;2;105;98;92m██[38;2;16;16;16m██    
                                  [38;2;149;117;9m██[38;2;255;245;174m██[38;2;255;245;174m██[38;2;255;245;174m██[38;2;244;218;66m██[38;2;149;117;9m██[38;2;194;193;192m██[38;2;194;193;192m██[38;2;105;98;92m██[38;2;253;253;253m██[38;2;253;253;253m██[38;2;253;253;253m██[38;2;253;253;253m██[38;2;253;253;253m██[38;2;16;16;16m██                                            [38;2;149;117;9m██[38;2;105;98;92m██[38;2;194;193;192m██[38;2;16;16;16m██      
                                  [38;2;149;117;9m██[38;2;255;245;174m██[38;2;255;245;174m██[38;2;244;218;66m██[38;2;244;218;66m██[38;2;149;117;9m██[38;2;194;193;192m██[38;2;194;193;192m██[38;2;194;193;192m██[38;2;105;98;92m██[38;2;105;98;92m██[38;2;253;253;253m██[38;2;253;253;253m██[38;2;16;16;16m██                                                [38;2;105;98;92m██[38;2;194;193;192m██[38;2;16;16;16m██      
                              [38;2;105;98;92m██[38;2;105;98;92m██[38;2;194;193;192m██[38;2;149;117;9m██[38;2;244;218;66m██[38;2;244;218;66m██[38;2;149;117;9m██[38;2;194;193;192m██[38;2;194;193;192m██[38;2;194;193;192m██[38;2;194;193;192m██[38;2;194;193;192m██[38;2;194;193;192m██[38;2;105;98;92m██[38;2;105;98;92m██                                                  [38;2;105;98;92m██[38;2;194;193;192m██[38;2;16;16;16m██      
                            [38;2;105;98;92m██[38;2;194;193;192m██[38;2;194;193;192m██[38;2;194;193;192m██[38;2;151;147;140m██[38;2;149;117;9m██[38;2;149;117;9m██[38;2;194;193;192m██[38;2;194;193;192m██[38;2;194;193;192m██[38;2;194;193;192m██[38;2;194;193;192m██[38;2;105;98;92m██[38;2;194;193;192m██[38;2;194;193;192m██[38;2;194;193;192m██[38;2;105;98;92m██                                              [38;2;105;98;92m██[38;2;194;193;192m██[38;2;194;193;192m██[38;2;16;16;16m██      
                          [38;2;105;98;92m██[38;2;194;193;192m██[38;2;194;193;192m██[38;2;16;16;16m██[38;2;16;16;16m██[38;2;151;147;140m██[38;2;194;193;192m██[38;2;194;193;192m██[38;2;194;193;192m██[38;2;194;193;192m██[38;2;105;98;92m██[38;2;194;193;192m██[38;2;194;193;192m██[38;2;16;16;16m██[38;2;16;16;16m██[38;2;194;193;192m██[38;2;194;193;192m██[38;2;194;193;192m██[38;2;105;98;92m██                                            [38;2;105;98;92m██[38;2;194;193;192m██[38;2;194;193;192m██[38;2;16;16;16m██      
                          [38;2;16;16;16m██[38;2;16;16;16m██[38;2;16;16;16m██[38;2;16;16;16m██[38;2;77;70;68m██[38;2;105;98;92m██[38;2;194;193;192m██[38;2;194;193;192m██[38;2;194;193;192m██[38;2;194;193;192m██[38;2;105;98;92m██[38;2;194;193;192m██[38;2;194;193;192m██[38;2;16;16;16m██[38;2;149;117;9m██[38;2;16;16;16m██[38;2;16;16;16m██[38;2;16;16;16m██[38;2;16;16;16m██                                          [38;2;105;98;92m██[38;2;194;193;192m██[38;2;194;193;192m██[38;2;194;193;192m██[38;2;16;16;16m██      
                            [38;2;149;117;9m██[38;2;215;170;34m██[38;2;16;16;16m██[38;2;77;70;68m██[38;2;105;98;92m██[38;2;194;193;192m██[38;2;194;193;192m██[38;2;194;193;192m██[38;2;194;193;192m██[38;2;151;147;140m██[38;2;16;16;16m██[38;2;16;16;16m██[38;2;108;105;104m██[38;2;149;117;9m██[38;2;215;170;34m██[38;2;194;193;192m██[38;2;194;193;192m██[38;2;194;193;192m██[38;2;16;16;16m██                                        [38;2;105;98;92m██[38;2;194;193;192m██[38;2;194;193;192m██[38;2;194;193;192m██[38;2;16;16;16m██      
                          [38;2;149;117;9m██[38;2;215;170;34m██[38;2;16;16;16m██[38;2;77;70;68m██[38;2;77;70;68m██[38;2;105;98;92m██[38;2;194;193;192m██[38;2;194;193;192m██[38;2;194;193;192m██[38;2;151;147;140m██[38;2;194;193;192m██[38;2;194;193;192m██[38;2;16;16;16m██[38;2;108;105;104m██[38;2;108;105;104m██[38;2;149;117;9m██[38;2;215;170;34m██[38;2;194;193;192m██[38;2;194;193;192m██[38;2;194;193;192m██[38;2;16;16;16m██                                    [38;2;105;98;92m██[38;2;194;193;192m██[38;2;194;193;192m██[38;2;194;193;192m██[38;2;16;16;16m██        
                          [38;2;149;117;9m██[38;2;215;170;34m██[38;2;16;16;16m██[38;2;77;70;68m██[38;2;77;70;68m██[38;2;77;70;68m██[38;2;105;98;92m██[38;2;151;147;140m██[38;2;151;147;140m██[38;2;194;193;192m██[38;2;151;147;140m██[38;2;194;193;192m██[38;2;194;193;192m██[38;2;16;16;16m██[38;2;108;105;104m██[38;2;149;117;9m██[38;2;215;170;34m██[38;2;244;218;66m██[38;2;215;170;34m██[38;2;215;170;34m██[38;2;244;218;66m██[38;2;16;16;16m██                                [38;2;105;98;92m██[38;2;194;193;192m██[38;2;194;193;192m██[38;2;194;193;192m██[38;2;194;193;192m██[38;2;16;16;16m██        
                        [38;2;149;117;9m██[38;2;149;117;9m██[38;2;16;16;16m██[38;2;77;70;68m██[38;2;77;70;68m██[38;2;77;70;68m██[38;2;16;16;16m██[38;2;105;98;92m██[38;2;194;193;192m██[38;2;194;193;192m██[38;2;194;193;192m██[38;2;151;147;140m██[38;2;194;193;192m██[38;2;194;193;192m██[38;2;194;193;192m██[38;2;16;16;16m██[38;2;108;105;104m██[38;2;149;117;9m██[38;2;244;218;66m██[38;2;244;218;66m██[38;2;244;218;66m██[38;2;244;218;66m██[38;2;16;16;16m██                              [38;2;105;98;92m██[38;2;194;193;192m██[38;2;194;193;192m██[38;2;194;193;192m██[38;2;194;193;192m██[38;2;151;147;140m██[38;2;16;16;16m██        
                      [38;2;149;117;9m██[38;2;215;170;34m██[38;2;16;16;16m██[38;2;77;70;68m██[38;2;77;70;68m██[38;2;77;70;68m██[38;2;16;16;16m██  [38;2;105;98;92m██[38;2;194;193;192m██[38;2;194;193;192m██[38;2;194;193;192m██[38;2;151;147;140m██[38;2;194;193;192m██[38;2;194;193;192m██[38;2;194;193;192m██[38;2;194;193;192m██[38;2;16;16;16m██[38;2;108;105;104m██[38;2;16;16;16m██[38;2;16;16;16m██[38;2;16;16;16m██[38;2;16;16;16m██                            [38;2;105;98;92m██[38;2;105;98;92m██[38;2;194;193;192m██[38;2;194;193;192m██[38;2;194;193;192m██[38;2;194;193;192m██[38;2;194;193;192m██[38;2;16;16;16m██          
                    [38;2;149;117;9m██[38;2;244;218;66m██[38;2;215;170;34m██[38;2;16;16;16m██[38;2;77;70;68m██[38;2;77;70;68m██[38;2;77;70;68m██[38;2;16;16;16m██  [38;2;105;98;92m██[38;2;194;193;192m██[38;2;194;193;192m██[38;2;194;193;192m██[38;2;151;147;140m██[38;2;194;193;192m██[38;2;194;193;192m██[38;2;194;193;192m██[38;2;194;193;192m██[38;2;16;16;16m██[38;2;108;105;104m██[38;2;149;117;9m██[38;2;244;218;66m██[38;2;215;170;34m██[38;2;194;193;192m██[38;2;16;16;16m██[38;2;16;16;16m██                  [38;2;105;98;92m██[38;2;105;98;92m██[38;2;105;98;92m██[38;2;194;193;192m██[38;2;194;193;192m██[38;2;194;193;192m██[38;2;194;193;192m██[38;2;194;193;192m██[38;2;194;193;192m██[38;2;151;147;140m██[38;2;16;16;16m██          
                    [38;2;149;117;9m██[38;2;244;218;66m██[38;2;77;70;68m██[38;2;108;105;104m██[38;2;77;70;68m██[38;2;77;70;68m██[38;2;16;16;16m██      [38;2;105;98;92m██[38;2;194;193;192m██[38;2;194;193;192m██[38;2;151;147;140m██[38;2;194;193;192m██[38;2;194;193;192m██[38;2;194;193;192m██[38;2;194;193;192m██[38;2;194;193;192m██[38;2;16;16;16m██[38;2;149;117;9m██[38;2;244;218;66m██[38;2;215;170;34m██[38;2;194;193;192m██[38;2;194;193;192m██[38;2;194;193;192m██[38;2;16;16;16m██          [38;2;105;98;92m██[38;2;105;98;92m██[38;2;105;98;92m██[38;2;194;193;192m██[38;2;194;193;192m██[38;2;194;193;192m██[38;2;194;193;192m██[38;2;194;193;192m██[38;2;194;193;192m██[38;2;194;193;192m██[38;2;194;193;192m██[38;2;151;147;140m██[38;2;16;16;16m██            
                  [38;2;16;16;16m██[38;2;244;218;66m██[38;2;77;70;68m██[38;2;108;105;104m██[38;2;108;105;104m██[38;2;77;70;68m██[38;2;77;70;68m██[38;2;16;16;16m██      [38;2;105;98;92m██[38;2;194;193;192m██[38;2;151;147;140m██[38;2;194;193;192m██[38;2;151;147;140m██[38;2;194;193;192m██[38;2;194;193;192m██[38;2;194;193;192m██[38;2;194;193;192m██[38;2;16;16;16m██[38;2;108;105;104m██[38;2;149;117;9m██[38;2;244;218;66m██[38;2;215;170;34m██[38;2;194;193;192m██[38;2;194;193;192m██[38;2;215;170;34m██[38;2;16;16;16m██[38;2;105;98;92m██[38;2;105;98;92m██[38;2;105;98;92m██[38;2;105;98;92m██[38;2;194;193;192m██[38;2;194;193;192m██[38;2;194;193;192m██[38;2;194;193;192m██[38;2;194;193;192m██[38;2;194;193;192m██[38;2;194;193;192m██[38;2;194;193;192m██[38;2;194;193;192m██[38;2;151;147;140m██[38;2;151;147;140m██[38;2;151;147;140m██[38;2;16;16;16m██            
                  [38;2;16;16;16m██[38;2;77;70;68m██[38;2;108;105;104m██[38;2;108;105;104m██[38;2;77;70;68m██[38;2;77;70;68m██[38;2;16;16;16m██          [38;2;105;98;92m██[38;2;194;193;192m██[38;2;194;193;192m██[38;2;194;193;192m██[38;2;105;98;92m██[38;2;194;193;192m██[38;2;194;193;192m██[38;2;194;193;192m██[38;2;16;16;16m██[38;2;108;105;104m██[38;2;149;117;9m██[38;2;244;218;66m██[38;2;244;218;66m██[38;2;215;170;34m██[38;2;215;170;34m██[38;2;244;218;66m██[38;2;16;16;16m██[38;2;151;147;140m██[38;2;151;147;140m██[38;2;151;147;140m██[38;2;194;193;192m██[38;2;194;193;192m██[38;2;194;193;192m██[38;2;194;193;192m██[38;2;194;193;192m██[38;2;194;193;192m██[38;2;194;193;192m██[38;2;151;147;140m██[38;2;151;147;140m██[38;2;151;147;140m██[38;2;151;147;140m██[38;2;151;147;140m██[38;2;16;16;16m██              
            [38;2;149;117;9m██[38;2;149;117;9m██[38;2;149;117;9m██[38;2;77;70;68m██[38;2;108;105;104m██[38;2;108;105;104m██[38;2;108;105;104m██[38;2;77;70;68m██[38;2;16;16;16m██            [38;2;105;98;92m██[38;2;194;193;192m██[38;2;194;193;192m██[38;2;194;193;192m██[38;2;105;98;92m██[38;2;194;193;192m██[38;2;194;193;192m██[38;2;151;147;140m██[38;2;16;16;16m██[38;2;149;117;9m██[38;2;244;218;66m██[38;2;149;117;9m██[38;2;149;117;9m██[38;2;244;218;66m██[38;2;244;218;66m██[38;2;244;218;66m██[38;2;16;16;16m██[38;2;151;147;140m██[38;2;151;147;140m██[38;2;151;147;140m██[38;2;151;147;140m██[38;2;151;147;140m██[38;2;151;147;140m██[38;2;151;147;140m██[38;2;151;147;140m██[38;2;151;147;140m██[38;2;151;147;140m██[38;2;151;147;140m██[38;2;151;147;140m██[38;2;151;147;140m██[38;2;151;147;140m██[38;2;16;16;16m██                
        [38;2;149;117;9m██[38;2;149;117;9m██[38;2;244;218;66m██[38;2;77;70;68m██[38;2;77;70;68m██[38;2;108;105;104m██[38;2;108;105;104m██[38;2;108;105;104m██[38;2;77;70;68m██[38;2;16;16;16m██              [38;2;105;98;92m██[38;2;194;193;192m██[38;2;194;193;192m██[38;2;194;193;192m██[38;2;105;98;92m██[38;2;151;147;140m██[38;2;151;147;140m██[38;2;151;147;140m██[38;2;149;117;9m██[38;2;244;218;66m██[38;2;244;218;66m██[38;2;215;170;34m██[38;2;241;48;53m██[38;2;16;16;16m██[38;2;16;16;16m██[38;2;16;16;16m██[38;2;151;147;140m██[38;2;151;147;140m██[38;2;151;147;140m██[38;2;151;147;140m██[38;2;151;147;140m██[38;2;151;147;140m██[38;2;151;147;140m██[38;2;151;147;140m██[38;2;151;147;140m██[38;2;151;147;140m██[38;2;151;147;140m██[38;2;151;147;140m██[38;2;151;147;140m██[38;2;151;147;140m██[38;2;16;16;16m██                  
      [38;2;149;117;9m██[38;2;244;218;66m██[38;2;244;218;66m██[38;2;77;70;68m██[38;2;108;105;104m██[38;2;108;105;104m██[38;2;108;105;104m██[38;2;108;105;104m██[38;2;108;105;104m██[38;2;16;16;16m██              [38;2;105;98;92m██[38;2;105;98;92m██[38;2;151;147;140m██[38;2;151;147;140m██[38;2;151;147;140m██[38;2;105;98;92m██[38;2;151;147;140m██[38;2;151;147;140m██[38;2;151;147;140m██[38;2;149;117;9m██[38;2;244;218;66m██[38;2;215;170;34m██[38;2;241;48;53m██[38;2;241;48;53m██[38;2;241;48;53m██[38;2;241;48;53m██[38;2;16;16;16m██[38;2;151;147;140m██[38;2;151;147;140m██[38;2;151;147;140m██[38;2;151;147;140m██[38;2;151;147;140m██[38;2;151;147;140m██[38;2;151;147;140m██[38;2;151;147;140m██[38;2;151;147;140m██[38;2;151;147;140m██[38;2;151;147;140m██[38;2;151;147;140m██[38;2;16;16;16m██[38;2;16;16;16m██                    
    [38;2;149;117;9m██[38;2;244;218;66m██[38;2;244;218;66m██[38;2;77;70;68m██[38;2;108;105;104m██[38;2;108;105;104m██[38;2;108;105;104m██[38;2;108;105;104m██[38;2;108;105;104m██[38;2;16;16;16m██              [38;2;105;98;92m██[38;2;194;193;192m██[38;2;194;193;192m██[38;2;105;98;92m██[38;2;151;147;140m██[38;2;151;147;140m██[38;2;105;98;92m██[38;2;151;147;140m██[38;2;151;147;140m██[38;2;149;117;9m██[38;2;244;218;66m██[38;2;244;218;66m██[38;2;215;170;34m██[38;2;241;48;53m██[38;2;241;48;53m██[38;2;241;48;53m██[38;2;241;48;53m██[38;2;16;16;16m██[38;2;151;147;140m██[38;2;151;147;140m██[38;2;105;98;92m██[38;2;151;147;140m██[38;2;151;147;140m██[38;2;151;147;140m██[38;2;151;147;140m██[38;2;151;147;140m██[38;2;151;147;140m██[38;2;151;147;140m██[38;2;16;16;16m██[38;2;16;16;16m██                        
  [38;2;16;16;16m██[38;2;244;218;66m██[38;2;215;170;34m██[38;2;77;70;68m██[38;2;108;105;104m██[38;2;108;105;104m██[38;2;108;105;104m██[38;2;108;105;104m██[38;2;108;105;104m██[38;2;108;105;104m██[38;2;16;16;16m██            [38;2;105;98;92m██[38;2;194;193;192m██[38;2;194;193;192m██[38;2;194;193;192m██[38;2;16;16;16m██[38;2;151;147;140m██[38;2;105;98;92m██[38;2;151;147;140m██[38;2;151;147;140m██[38;2;151;147;140m██[38;2;149;117;9m██[38;2;244;218;66m██[38;2;215;170;34m██[38;2;241;48;53m██[38;2;241;48;53m██[38;2;241;48;53m██[38;2;241;48;53m██[38;2;241;48;53m██[38;2;241;48;53m██[38;2;16;16;16m██[38;2;151;147;140m██[38;2;105;98;92m██[38;2;151;147;140m██[38;2;151;147;140m██[38;2;151;147;140m██[38;2;151;147;140m██[38;2;16;16;16m██[38;2;16;16;16m██[38;2;16;16;16m██                            
  [38;2;16;16;16m██[38;2;215;170;34m██[38;2;77;70;68m██[38;2;108;105;104m██[38;2;108;105;104m██[38;2;108;105;104m██[38;2;108;105;104m██[38;2;108;105;104m██[38;2;108;105;104m██[38;2;16;16;16m██            [38;2;105;98;92m██[38;2;194;193;192m██[38;2;194;193;192m██[38;2;194;193;192m██[38;2;194;193;192m██[38;2;194;193;192m██[38;2;16;16;16m██[38;2;151;147;140m██[38;2;151;147;140m██[38;2;151;147;140m██[38;2;151;147;140m██[38;2;149;117;9m██[38;2;244;218;66m██[38;2;215;170;34m██[38;2;241;48;53m██[38;2;241;48;53m██[38;2;241;48;53m██[38;2;241;48;53m██[38;2;241;48;53m██[38;2;241;48;53m██[38;2;16;16;16m██[38;2;151;147;140m██[38;2;151;147;140m██[38;2;105;98;92m██[38;2;16;16;16m██[38;2;16;16;16m██[38;2;16;16;16m██                                  
[38;2;16;16;16m██[38;2;215;170;34m██[38;2;77;70;68m██[38;2;108;105;104m██[38;2;108;105;104m██[38;2;108;105;104m██[38;2;108;105;104m██[38;2;108;105;104m██[38;2;108;105;104m██[38;2;108;105;104m██[38;2;16;16;16m██          [38;2;105;98;92m██[38;2;194;193;192m██[38;2;194;193;192m██[38;2;194;193;192m██[38;2;194;193;192m██[38;2;194;193;192m██[38;2;194;193;192m██[38;2;151;147;140m██[38;2;16;16;16m██[38;2;151;147;140m██[38;2;151;147;140m██[38;2;149;117;9m██[38;2;244;218;66m██[38;2;244;218;66m██[38;2;215;170;34m██[38;2;241;48;53m██[38;2;241;48;53m██[38;2;241;48;53m██[38;2;241;48;53m██[38;2;241;48;53m██[38;2;241;48;53m██[38;2;16;16;16m██[38;2;151;147;140m██[38;2;151;147;140m██[38;2;16;16;16m██                                        
[38;2;16;16;16m██[38;2;215;170;34m██[38;2;77;70;68m██[38;2;108;105;104m██[38;2;108;105;104m██[38;2;108;105;104m██[38;2;108;105;104m██[38;2;108;105;104m██[38;2;108;105;104m██[38;2;16;16;16m██            [38;2;105;98;92m██[38;2;194;193;192m██[38;2;194;193;192m██[38;2;194;193;192m██[38;2;194;193;192m██[38;2;194;193;192m██[38;2;194;193;192m██[38;2;151;147;140m██[38;2;151;147;140m██[38;2;16;16;16m██[38;2;16;16;16m██[38;2;149;117;9m██[38;2;244;218;66m██[38;2;244;218;66m██[38;2;215;170;34m██[38;2;241;48;53m██[38;2;241;48;53m██[38;2;241;48;53m██[38;2;241;48;53m██[38;2;241;48;53m██[38;2;241;48;53m██[38;2;244;218;66m██[38;2;16;16;16m██[38;2;151;147;140m██[38;2;16;16;16m██                                        
[38;2;16;16;16m██[38;2;77;70;68m██[38;2;108;105;104m██[38;2;108;105;104m██[38;2;149;117;9m██[38;2;149;117;9m██[38;2;108;105;104m██[38;2;108;105;104m██[38;2;108;105;104m██[38;2;16;16;16m██          [38;2;16;16;16m██[38;2;194;193;192m██[38;2;194;193;192m██[38;2;194;193;192m██[38;2;194;193;192m██[38;2;194;193;192m██[38;2;194;193;192m██[38;2;151;147;140m██[38;2;151;147;140m██[38;2;151;147;140m██[38;2;16;16;16m██  [38;2;16;16;16m██[38;2;244;218;66m██[38;2;244;218;66m██[38;2;244;218;66m██[38;2;215;170;34m██[38;2;241;48;53m██[38;2;241;48;53m██[38;2;241;48;53m██[38;2;241;48;53m██[38;2;215;170;34m██[38;2;244;218;66m██[38;2;16;16;16m██[38;2;151;147;140m██[38;2;16;16;16m██                                        
[38;2;16;16;16m██[38;2;77;70;68m██[38;2;108;105;104m██[38;2;149;117;9m██[38;2;244;218;66m██[38;2;244;218;66m██[38;2;149;117;9m██[38;2;108;105;104m██[38;2;16;16;16m██            [38;2;16;16;16m██[38;2;194;193;192m██[38;2;194;193;192m██[38;2;194;193;192m██[38;2;194;193;192m██[38;2;151;147;140m██[38;2;151;147;140m██[38;2;151;147;140m██[38;2;151;147;140m██[38;2;151;147;140m██[38;2;16;16;16m██  [38;2;16;16;16m██[38;2;244;218;66m██[38;2;244;218;66m██[38;2;244;218;66m██[38;2;255;245;174m██[38;2;215;170;34m██[38;2;215;170;34m██[38;2;215;170;34m██[38;2;215;170;34m██[38;2;244;218;66m██[38;2;244;218;66m██[38;2;16;16;16m██[38;2;151;147;140m██[38;2;16;16;16m██                                        
  [38;2;149;117;9m██[38;2;149;117;9m██[38;2;149;117;9m██[38;2;244;218;66m██[38;2;244;218;66m██[38;2;149;117;9m██[38;2;16;16;16m██              [38;2;16;16;16m██[38;2;151;147;140m██[38;2;151;147;140m██[38;2;151;147;140m██[38;2;151;147;140m██[38;2;151;147;140m██[38;2;151;147;140m██[38;2;151;147;140m██[38;2;151;147;140m██[38;2;16;16;16m██    [38;2;16;16;16m██[38;2;16;16;16m██[38;2;244;218;66m██[38;2;244;218;66m██[38;2;255;245;174m██[38;2;255;245;174m██[38;2;244;218;66m██[38;2;244;218;66m██[38;2;244;218;66m██[38;2;244;218;66m██[38;2;244;218;66m██[38;2;16;16;16m██[38;2;16;16;16m██                                          
  [38;2;149;117;9m██[38;2;244;218;66m██[38;2;244;218;66m██[38;2;16;16;16m██[38;2;244;218;66m██[38;2;244;218;66m██[38;2;149;117;9m██              [38;2;16;16;16m██[38;2;151;147;140m██[38;2;151;147;140m██[38;2;151;147;140m██[38;2;151;147;140m██[38;2;151;147;140m██[38;2;151;147;140m██[38;2;151;147;140m██[38;2;16;16;16m██    [38;2;16;16;16m██[38;2;108;105;104m██[38;2;16;16;16m██[38;2;244;218;66m██[38;2;255;245;174m██[38;2;255;245;174m██[38;2;255;245;174m██[38;2;244;218;66m██[38;2;244;218;66m██[38;2;244;218;66m██[38;2;244;218;66m██[38;2;16;16;16m██[38;2;151;147;140m██[38;2;16;16;16m██                                          
  [38;2;149;117;9m██[38;2;244;218;66m██[38;2;244;218;66m██[38;2;149;117;9m██[38;2;16;16;16m██[38;2;16;16;16m██[38;2;16;16;16m██                [38;2;16;16;16m██[38;2;151;147;140m██[38;2;151;147;140m██[38;2;151;147;140m██[38;2;151;147;140m██[38;2;16;16;16m██[38;2;16;16;16m██[38;2;16;16;16m██  [38;2;149;117;9m██[38;2;244;218;66m██[38;2;108;105;104m██[38;2;108;105;104m██[38;2;16;16;16m██[38;2;255;245;174m██[38;2;255;245;174m██[38;2;244;218;66m██[38;2;244;218;66m██[38;2;244;218;66m██[38;2;244;218;66m██[38;2;244;218;66m██[38;2;16;16;16m██[38;2;16;16;16m██[38;2;16;16;16m██                                          
  [38;2;149;117;9m██[38;2;244;218;66m██[38;2;16;16;16m██[38;2;149;117;9m██[38;2;244;218;66m██[38;2;16;16;16m██                    [38;2;16;16;16m██[38;2;16;16;16m██[38;2;16;16;16m██[38;2;16;16;16m██[38;2;77;70;68m██[38;2;77;70;68m██[38;2;16;16;16m██  [38;2;149;117;9m██[38;2;244;218;66m██[38;2;16;16;16m██[38;2;149;117;9m██[38;2;108;105;104m██[38;2;16;16;16m██[38;2;16;16;16m██[38;2;244;218;66m██[38;2;244;218;66m██[38;2;244;218;66m██[38;2;244;218;66m██[38;2;16;16;16m██[38;2;16;16;16m██[38;2;77;70;68m██[38;2;16;16;16m██                                          
    [38;2;16;16;16m██  [38;2;149;117;9m██[38;2;244;218;66m██[38;2;16;16;16m██                        [38;2;16;16;16m██[38;2;77;70;68m██[38;2;77;70;68m██[38;2;77;70;68m██[38;2;77;70;68m██[38;2;16;16;16m██  [38;2;16;16;16m██  [38;2;149;117;9m██[38;2;149;117;9m██[38;2;108;105;104m██[38;2;108;105;104m██[38;2;16;16;16m██[38;2;16;16;16m██[38;2;16;16;16m██[38;2;16;16;16m██[38;2;77;70;68m██[38;2;16;16;16m██[38;2;77;70;68m██[38;2;77;70;68m██[38;2;16;16;16m██                                        
          [38;2;16;16;16m██                            [38;2;16;16;16m██[38;2;77;70;68m██[38;2;77;70;68m██[38;2;77;70;68m██[38;2;16;16;16m██      [38;2;149;117;9m██[38;2;244;218;66m██[38;2;149;117;9m██[38;2;108;105;104m██[38;2;108;105;104m██[38;2;77;70;68m██[38;2;77;70;68m██[38;2;77;70;68m██[38;2;16;16;16m██[38;2;77;70;68m██[38;2;77;70;68m██[38;2;77;70;68m██[38;2;16;16;16m██                                        
                                        [38;2;16;16;16m██[38;2;77;70;68m██[38;2;77;70;68m██[38;2;77;70;68m██[38;2;16;16;16m██    [38;2;149;117;9m██[38;2;244;218;66m██[38;2;244;218;66m██[38;2;149;117;9m██[38;2;149;117;9m██[38;2;149;117;9m██[38;2;149;117;9m██[38;2;149;117;9m██[38;2;77;70;68m██[38;2;16;16;16m██[38;2;77;70;68m██[38;2;77;70;68m██[38;2;77;70;68m██[38;2;16;16;16m██                                        
                                      [38;2;16;16;16m██[38;2;77;70;68m██[38;2;77;70;68m██[38;2;77;70;68m██[38;2;77;70;68m██[38;2;16;16;16m██    [38;2;16;16;16m██[38;2;16;16;16m██[38;2;16;16;16m██[38;2;149;117;9m██[38;2;244;218;66m██[38;2;244;218;66m██[38;2;149;117;9m██[38;2;215;170;34m██[38;2;16;16;16m██[38;2;77;70;68m██[38;2;77;70;68m██[38;2;77;70;68m██[38;2;77;70;68m██[38;2;77;70;68m██[38;2;16;16;16m██                                      
                                    [38;2;16;16;16m██[38;2;108;105;104m██[38;2;108;105;104m██[38;2;108;105;104m██[38;2;77;70;68m██[38;2;16;16;16m██          [38;2;16;16;16m██[38;2;244;218;66m██[38;2;244;218;66m██[38;2;16;16;16m██[38;2;16;16;16m██[38;2;215;170;34m██[38;2;16;16;16m██[38;2;77;70;68m██[38;2;108;105;104m██[38;2;108;105;104m██[38;2;108;105;104m██[38;2;77;70;68m██[38;2;16;16;16m██                                      
                            [38;2;149;117;9m██[38;2;149;117;9m██[38;2;149;117;9m██[38;2;16;16;16m██[38;2;108;105;104m██[38;2;108;105;104m██[38;2;108;105;104m██[38;2;108;105;104m██[38;2;108;105;104m██[38;2;16;16;16m██          [38;2;16;16;16m██[38;2;16;16;16m██[38;2;16;16;16m██  [38;2;16;16;16m██[38;2;16;16;16m██[38;2;16;16;16m██[38;2;108;105;104m██[38;2;108;105;104m██[38;2;108;105;104m██[38;2;108;105;104m██[38;2;108;105;104m██[38;2;16;16;16m██                                      
                          [38;2;149;117;9m██[38;2;244;218;66m██[38;2;244;218;66m██[38;2;149;117;9m██[38;2;149;117;9m██[38;2;108;105;104m██[38;2;108;105;104m██[38;2;108;105;104m██[38;2;16;16;16m██[38;2;16;16;16m██                        [38;2;16;16;16m██[38;2;108;105;104m██[38;2;108;105;104m██[38;2;108;105;104m██[38;2;108;105;104m██[38;2;108;105;104m██[38;2;16;16;16m██                                      
                          [38;2;16;16;16m██[38;2;16;16;16m██[38;2;149;117;9m██[38;2;244;218;66m██[38;2;244;218;66m██[38;2;77;70;68m██[38;2;16;16;16m██[38;2;16;16;16m██                          [38;2;149;117;9m██[38;2;149;117;9m██[38;2;149;117;9m██[38;2;149;117;9m██[38;2;108;105;104m██[38;2;149;117;9m██[38;2;149;117;9m██[38;2;16;16;16m██                                      
                              [38;2;16;16;16m██[38;2;16;16;16m██[38;2;16;16;16m██[38;2;16;16;16m██                            [38;2;149;117;9m██[38;2;244;218;66m██[38;2;149;117;9m██[38;2;244;218;66m██[38;2;244;218;66m██[38;2;149;117;9m██[38;2;244;218;66m██[38;2;244;218;66m██[38;2;16;16;16m██                                      
                                                                  [38;2;16;16;16m██[38;2;16;16;16m██[38;2;149;117;9m██[38;2;244;218;66m██[38;2;244;218;66m██[38;2;16;16;16m██[38;2;16;16;16m██[38;2;244;218;66m██[38;2;16;16;16m██                                      
                                                                      [38;2;16;16;16m██[38;2;16;16;16m██[38;2;16;16;16m██    [38;2;16;16;16m██[38;2;16;16;16m██                                      
