                                        [38;2;102;69;36m██[38;2;102;69;36m██[38;2;102;69;36m██[38;2;102;69;36m██                                                
                                    [38;2;102;69;36m██[38;2;102;69;36m██[38;2;217;146;76m██[38;2;217;146;76m██[38;2;217;146;76m██[38;2;217;146;76m██[38;2;102;69;36m██[38;2;102;69;36m██                                            
                                  [38;2;102;69;36m██[38;2;166;112;58m██[38;2;217;146;76m██[38;2;217;146;76m██[38;2;217;146;76m██[38;2;217;146;76m██[38;2;217;146;76m██[38;2;217;146;76m██[38;2;166;112;58m██[38;2;102;69;36m██                                          
                                  [38;2;166;112;58m██[38;2;217;146;76m██[38;2;217;146;76m██[38;2;217;146;76m██[38;2;217;146;76m██[38;2;217;146;76m██[38;2;217;146;76m██[38;2;217;146;76m██[38;2;217;146;76m██[38;2;102;69;36m██[38;2;102;69;36m██[38;2;102;69;36m██                                      
                                [38;2;102;69;36m██[38;2;217;146;76m██[38;2;217;146;76m██[38;2;217;146;76m██[38;2;217;146;76m██[38;2;217;146;76m██[38;2;217;146;76m██[38;2;217;146;76m██[38;2;217;146;76m██[38;2;217;146;76m██[38;2;102;69;36m██[38;2;166;112;58m██[38;2;166;112;58m██[38;2;102;69;36m██                                    
        [38;2;128;118;70m██[38;2;128;118;70m██                    [38;2;102;69;36m██[38;2;166;112;58m██[38;2;217;146;76m██[38;2;217;146;76m██[38;2;217;146;76m██[38;2;217;146;76m██[38;2;217;146;76m██[38;2;217;146;76m██[38;2;217;146;76m██[38;2;166;112;58m██[38;2;166;112;58m██[38;2;166;112;58m██[38;2;166;112;58m██[38;2;102;69;36m██      [38;2;102;69;36m██            [38;2;128;118;70m██[38;2;128;118;70m██            
      [38;2;128;118;70m██[38;2;166;153;91m██[38;2;128;118;70m██                    [38;2;102;69;36m██[38;2;102;69;36m██[38;2;102;69;36m██[38;2;166;112;58m██[38;2;166;112;58m██[38;2;166;112;58m██[38;2;166;112;58m██[38;2;102;69;36m██[38;2;16;16;16m██[38;2;16;16;16m██[38;2;166;112;58m██[38;2;166;112;58m██[38;2;166;112;58m██[38;2;166;112;58m██[38;2;102;69;36m██[38;2;102;69;36m██[38;2;102;69;36m██[38;2;16;16;16m██            [38;2;128;118;70m██[38;2;166;153;91m██[38;2;128;118;70m██          
    [38;2;128;118;70m██[38;2;166;153;91m██[38;2;166;153;91m██[38;2;128;118;70m██                [38;2;102;69;36m██[38;2;102;69;36m██[38;2;217;146;76m██[38;2;217;146;76m██[38;2;166;112;58m██[38;2;217;146;76m██[38;2;217;146;76m██[38;2;217;146;76m██[38;2;217;146;76m██[38;2;217;146;76m██[38;2;217;146;76m██[38;2;217;146;76m██[38;2;16;16;16m██[38;2;16;16;16m██[38;2;102;69;36m██[38;2;166;112;58m██[38;2;166;112;58m██[38;2;166;112;58m██[38;2;166;112;58m██[38;2;16;16;16m██            [38;2;128;118;70m██[38;2;166;153;91m██[38;2;128;118;70m██          
    [38;2;128;118;70m██[38;2;166;153;91m██[38;2;166;153;91m██[38;2;128;118;70m██              [38;2;102;69;36m██[38;2;217;146;76m██[38;2;217;146;76m██[38;2;217;146;76m██[38;2;166;112;58m██[38;2;255;236;140m██[38;2;166;112;58m██[38;2;217;146;76m██[38;2;217;146;76m██[38;2;217;146;76m██[38;2;217;146;76m██[38;2;217;146;76m██[38;2;217;146;76m██[38;2;217;146;76m██[38;2;217;146;76m██[38;2;16;16;16m██[38;2;166;112;58m██[38;2;166;112;58m██[38;2;166;112;58m██[38;2;16;16;16m██              [38;2;128;118;70m██[38;2;166;153;91m██[38;2;166;153;91m██[38;2;128;118;70m██        
  [38;2;128;118;70m██[38;2;166;153;91m██[38;2;166;153;91m██[38;2;166;153;91m██[38;2;128;118;70m██            [38;2;102;69;36m██[38;2;217;146;76m██[38;2;217;146;76m██[38;2;217;146;76m██[38;2;166;112;58m██[38;2;255;236;140m██[38;2;255;236;140m██[38;2;166;112;58m██[38;2;217;146;76m██[38;2;217;146;76m██[38;2;217;146;76m██[38;2;217;146;76m██[38;2;217;146;76m██[38;2;217;146;76m██[38;2;217;146;76m██[38;2;217;146;76m██[38;2;217;146;76m██[38;2;16;16;16m██[38;2;16;16;16m██[38;2;16;16;16m██              [38;2;128;118;70m██[38;2;166;153;91m██[38;2;166;153;91m██[38;2;166;153;91m██[38;2;128;118;70m██        
  [38;2;128;118;70m██[38;2;166;153;91m██[38;2;166;153;91m██[38;2;166;153;91m██[38;2;166;153;91m██[38;2;128;118;70m██    [38;2;128;113;38m██[38;2;128;113;38m██[38;2;102;69;36m██[38;2;166;112;58m██[38;2;217;146;76m██[38;2;217;146;76m██[38;2;166;112;58m██[38;2;217;200;119m██[38;2;217;200;119m██[38;2;217;200;119m██[38;2;255;236;140m██[38;2;166;112;58m██[38;2;166;112;58m██[38;2;217;146;76m██[38;2;217;146;76m██[38;2;217;146;76m██[38;2;217;146;76m██[38;2;166;112;58m██[38;2;166;112;58m██[38;2;217;146;76m██[38;2;217;146;76m██[38;2;16;16;16m██    [38;2;128;113;38m██[38;2;128;113;38m██[38;2;128;113;38m██      [38;2;128;118;70m██[38;2;166;153;91m██[38;2;166;153;91m██[38;2;166;153;91m██[38;2;128;118;70m██        
[38;2;128;118;70m██[38;2;166;153;91m██[38;2;166;153;91m██[38;2;166;153;91m██[38;2;166;153;91m██[38;2;166;153;91m██[38;2;128;118;70m██  [38;2;128;113;38m██[38;2;253;253;253m██[38;2;102;69;36m██[38;2;166;112;58m██[38;2;255;236;140m██[38;2;166;112;58m██[38;2;166;112;58m██[38;2;255;236;140m██[38;2;217;200;119m██[38;2;255;225;76m██[38;2;217;200;119m██[38;2;255;236;140m██[38;2;255;236;140m██[38;2;255;236;140m██[38;2;166;112;58m██[38;2;166;112;58m██[38;2;166;112;58m██[38;2;217;200;119m██[38;2;255;236;140m██[38;2;166;112;58m██[38;2;217;146;76m██[38;2;217;146;76m██[38;2;217;146;76m██[38;2;102;69;36m██[38;2;128;113;38m██[38;2;253;253;253m██[38;2;255;225;76m██[38;2;204;180;61m██[38;2;128;113;38m██  [38;2;128;118;70m██[38;2;166;153;91m██[38;2;166;153;91m██[38;2;166;153;91m██[38;2;166;153;91m██[38;2;128;118;70m██        
[38;2;128;118;70m██[38;2;166;153;91m██[38;2;166;153;91m██[38;2;166;153;91m██[38;2;166;153;91m██[38;2;166;153;91m██[38;2;166;153;91m██[38;2;128;113;38m██[38;2;253;253;253m██[38;2;102;69;36m██[38;2;217;146;76m██[38;2;166;112;58m██[38;2;255;236;140m██[38;2;255;236;140m██[38;2;255;236;140m██[38;2;217;200;119m██[38;2;255;225;76m██[38;2;217;200;119m██[38;2;255;225;76m██[38;2;217;200;119m██[38;2;255;236;140m██[38;2;255;236;140m██[38;2;255;236;140m██[38;2;255;236;140m██[38;2;217;200;119m██[38;2;255;236;140m██[38;2;255;236;140m██[38;2;166;112;58m██[38;2;217;146;76m██[38;2;217;146;76m██[38;2;166;112;58m██[38;2;128;113;38m██[38;2;253;253;253m██[38;2;255;225;76m██[38;2;204;180;61m██[38;2;128;113;38m██[38;2;204;180;61m██[38;2;128;118;70m██[38;2;166;153;91m██[38;2;166;153;91m██[38;2;166;153;91m██[38;2;166;153;91m██[38;2;166;153;91m██[38;2;128;118;70m██        
[38;2;128;118;70m██[38;2;166;153;91m██[38;2;166;153;91m██[38;2;166;153;91m██[38;2;166;153;91m██[38;2;166;153;91m██[38;2;128;113;38m██[38;2;253;253;253m██[38;2;255;225;76m██[38;2;102;69;36m██[38;2;166;112;58m██[38;2;255;236;140m██[38;2;217;200;119m██[38;2;255;236;140m██[38;2;255;236;140m██[38;2;217;200;119m██[38;2;255;225;76m██[38;2;217;200;119m██[38;2;255;225;76m██[38;2;217;200;119m██[38;2;255;236;140m██[38;2;255;236;140m██[38;2;255;236;140m██[38;2;255;236;140m██[38;2;217;200;119m██[38;2;255;236;140m██[38;2;255;236;140m██[38;2;217;146;76m██[38;2;217;146;76m██[38;2;166;112;58m██[38;2;217;146;76m██[38;2;128;113;38m██[38;2;253;253;253m██[38;2;255;225;76m██[38;2;128;113;38m██[38;2;128;118;70m██[38;2;128;118;70m██[38;2;166;153;91m██[38;2;166;153;91m██[38;2;166;153;91m██[38;2;166;153;91m██[38;2;166;153;91m██[38;2;166;153;91m██[38;2;16;16;16m██        
[38;2;16;16;16m██[38;2;128;118;70m██[38;2;166;153;91m██[38;2;166;153;91m██[38;2;166;153;91m██[38;2;166;153;91m██[38;2;128;113;38m██[38;2;253;253;253m██[38;2;102;69;36m██[38;2;217;146;76m██[38;2;166;112;58m██[38;2;217;200;119m██[38;2;255;236;140m██[38;2;255;236;140m██[38;2;255;236;140m██[38;2;255;236;140m██[38;2;217;200;119m██[38;2;255;225;76m██[38;2;217;200;119m██[38;2;255;236;140m██[38;2;255;236;140m██[38;2;255;236;140m██[38;2;255;236;140m██[38;2;255;236;140m██[38;2;255;236;140m██[38;2;217;200;119m██[38;2;255;236;140m██[38;2;217;146;76m██[38;2;217;146;76m██[38;2;166;112;58m██[38;2;128;113;38m██[38;2;253;253;253m██[38;2;255;225;76m██[38;2;255;225;76m██[38;2;128;113;38m██[38;2;166;153;91m██[38;2;166;153;91m██[38;2;166;153;91m██[38;2;166;153;91m██[38;2;166;153;91m██[38;2;166;153;91m██[38;2;166;153;91m██[38;2;128;118;70m██[38;2;16;16;16m██        
[38;2;16;16;16m██[38;2;128;118;70m██[38;2;166;153;91m██[38;2;166;153;91m██[38;2;166;153;91m██[38;2;128;113;38m██[38;2;255;225;76m██[38;2;253;253;253m██[38;2;102;69;36m██[38;2;217;146;76m██[38;2;166;112;58m██[38;2;166;153;91m██[38;2;166;153;91m██[38;2;217;200;119m██[38;2;255;236;140m██[38;2;255;236;140m██[38;2;217;200;119m██[38;2;217;200;119m██[38;2;217;200;119m██[38;2;255;236;140m██[38;2;255;236;140m██[38;2;255;236;140m██[38;2;217;200;119m██[38;2;166;153;91m██[38;2;166;153;91m██[38;2;166;153;91m██[38;2;255;236;140m██[38;2;166;112;58m██[38;2;217;146;76m██[38;2;217;146;76m██[38;2;128;113;38m██[38;2;253;253;253m██[38;2;255;225;76m██[38;2;128;113;38m██[38;2;166;153;91m██[38;2;166;153;91m██[38;2;166;153;91m██[38;2;166;153;91m██[38;2;166;153;91m██[38;2;166;153;91m██[38;2;166;153;91m██[38;2;128;118;70m██[38;2;128;118;70m██[38;2;16;16;16m██        
[38;2;16;16;16m██[38;2;128;118;70m██[38;2;128;118;70m██[38;2;166;153;91m██[38;2;166;153;91m██[38;2;128;113;38m██[38;2;255;225;76m██[38;2;255;225;76m██[38;2;102;69;36m██[38;2;217;146;76m██[38;2;166;112;58m██[38;2;255;236;140m██[38;2;204;180;61m██[38;2;153;51;31m██[38;2;166;153;91m██[38;2;166;153;91m██[38;2;255;236;140m██[38;2;255;236;140m██[38;2;255;236;140m██[38;2;255;236;140m██[38;2;166;153;91m██[38;2;166;153;91m██[38;2;217;200;119m██[38;2;153;51;31m██[38;2;204;180;61m██[38;2;255;236;140m██[38;2;255;236;140m██[38;2;255;236;140m██[38;2;217;146;76m██[38;2;217;146;76m██[38;2;128;113;38m██[38;2;255;225;76m██[38;2;255;225;76m██[38;2;128;113;38m██[38;2;166;153;91m██[38;2;166;153;91m██[38;2;166;153;91m██[38;2;166;153;91m██[38;2;166;153;91m██[38;2;128;118;70m██[38;2;128;118;70m██[38;2;128;118;70m██[38;2;16;16;16m██          
  [38;2;16;16;16m██[38;2;128;118;70m██[38;2;128;118;70m██[38;2;128;118;70m██[38;2;128;113;38m██[38;2;255;225;76m██[38;2;255;225;76m██[38;2;102;69;36m██[38;2;217;146;76m██[38;2;166;112;58m██[38;2;255;236;140m██[38;2;255;225;76m██[38;2;204;68;41m██[38;2;253;253;253m██[38;2;204;68;41m██[38;2;255;236;140m██[38;2;255;236;140m██[38;2;255;236;140m██[38;2;255;236;140m██[38;2;204;180;61m██[38;2;204;68;41m██[38;2;253;253;253m██[38;2;204;68;41m██[38;2;255;225;76m██[38;2;255;236;140m██[38;2;255;236;140m██[38;2;255;236;140m██[38;2;166;112;58m██[38;2;217;146;76m██[38;2;128;113;38m██[38;2;255;225;76m██[38;2;255;225;76m██[38;2;128;113;38m██[38;2;166;153;91m██[38;2;166;153;91m██[38;2;166;153;91m██[38;2;128;118;70m██[38;2;128;118;70m██[38;2;128;118;70m██[38;2;128;118;70m██[38;2;128;118;70m██[38;2;16;16;16m██          
  [38;2;16;16;16m██[38;2;128;118;70m██[38;2;128;118;70m██[38;2;128;118;70m██[38;2;16;16;16m██[38;2;255;225;76m██[38;2;255;225;76m██[38;2;102;69;36m██[38;2;217;146;76m██[38;2;166;112;58m██[38;2;255;236;140m██[38;2;255;225;76m██[38;2;204;68;41m██[38;2;255;236;140m██[38;2;204;68;41m██[38;2;255;236;140m██[38;2;255;236;140m██[38;2;255;236;140m██[38;2;255;236;140m██[38;2;255;225;76m██[38;2;204;68;41m██[38;2;255;236;140m██[38;2;204;68;41m██[38;2;255;225;76m██[38;2;255;236;140m██[38;2;255;236;140m██[38;2;255;236;140m██[38;2;166;112;58m██[38;2;217;146;76m██[38;2;128;113;38m██[38;2;255;225;76m██[38;2;255;225;76m██[38;2;128;113;38m██[38;2;128;118;70m██[38;2;128;118;70m██[38;2;128;118;70m██[38;2;128;118;70m██[38;2;128;118;70m██[38;2;128;118;70m██[38;2;128;118;70m██[38;2;16;16;16m██            
    [38;2;16;16;16m██[38;2;128;118;70m██[38;2;128;118;70m██[38;2;16;16;16m██[38;2;255;225;76m██[38;2;255;225;76m██[38;2;16;16;16m██[38;2;166;112;58m██[38;2;166;112;58m██[38;2;217;200;119m██[38;2;255;225;76m██[38;2;153;51;31m██[38;2;204;68;41m██[38;2;255;225;76m██[38;2;255;236;140m██[38;2;255;236;140m██[38;2;255;236;140m██[38;2;255;236;140m██[38;2;255;225;76m██[38;2;153;51;31m██[38;2;204;68;41m██[38;2;153;51;31m██[38;2;204;180;61m██[38;2;217;200;119m██[38;2;217;200;119m██[38;2;255;236;140m██[38;2;166;112;58m██[38;2;166;112;58m██[38;2;16;16;16m██[38;2;255;225;76m██[38;2;255;225;76m██[38;2;128;113;38m██[38;2;128;118;70m██[38;2;128;118;70m██[38;2;128;118;70m██[38;2;128;118;70m██[38;2;128;118;70m██[38;2;128;118;70m██[38;2;16;16;16m██              
      [38;2;16;16;16m██[38;2;16;16;16m██[38;2;16;16;16m██[38;2;255;225;76m██[38;2;255;225;76m██[38;2;16;16;16m██[38;2;166;112;58m██[38;2;166;112;58m██[38;2;255;178;217m██[38;2;255;178;217m██[38;2;166;153;91m██[38;2;166;153;91m██[38;2;255;236;140m██[38;2;255;236;140m██[38;2;255;236;140m██[38;2;255;236;140m██[38;2;255;236;140m██[38;2;255;236;140m██[38;2;166;153;91m██[38;2;166;153;91m██[38;2;166;153;91m██[38;2;217;200;119m██[38;2;255;178;217m██[38;2;255;178;217m██[38;2;217;200;119m██[38;2;166;112;58m██[38;2;166;112;58m██[38;2;16;16;16m██[38;2;255;225;76m██[38;2;255;225;76m██[38;2;128;113;38m██[38;2;128;118;70m██[38;2;128;118;70m██[38;2;128;118;70m██[38;2;128;118;70m██[38;2;16;16;16m██[38;2;16;16;16m██                
          [38;2;16;16;16m██[38;2;16;16;16m██[38;2;255;225;76m██[38;2;204;180;61m██[38;2;16;16;16m██[38;2;166;112;58m██[38;2;166;112;58m██[38;2;255;178;217m██[38;2;217;200;119m██[38;2;255;236;140m██[38;2;255;236;140m██[38;2;255;236;140m██[38;2;255;236;140m██[38;2;255;236;140m██[38;2;255;236;140m██[38;2;255;236;140m██[38;2;255;236;140m██[38;2;255;236;140m██[38;2;255;236;140m██[38;2;255;178;217m██[38;2;255;178;217m██[38;2;255;178;217m██[38;2;217;200;119m██[38;2;166;112;58m██[38;2;166;112;58m██[38;2;166;112;58m██[38;2;16;16;16m██[38;2;255;225;76m██[38;2;204;180;61m██[38;2;128;113;38m██[38;2;16;16;16m██[38;2;16;16;16m██[38;2;16;16;16m██[38;2;16;16;16m██                  
            [38;2;16;16;16m██[38;2;255;225;76m██[38;2;204;180;61m██[38;2;204;180;61m██[38;2;16;16;16m██[38;2;166;112;58m██[38;2;217;200;119m██[38;2;217;200;119m██[38;2;166;153;91m██[38;2;217;200;119m██[38;2;255;236;140m██[38;2;255;236;140m██[38;2;255;236;140m██[38;2;255;236;140m██[38;2;255;236;140m██[38;2;255;236;140m██[38;2;166;153;91m██[38;2;166;153;91m██[38;2;166;153;91m██[38;2;217;200;119m██[38;2;217;200;119m██[38;2;166;112;58m██[38;2;166;112;58m██[38;2;166;112;58m██[38;2;16;16;16m██[38;2;16;16;16m██[38;2;255;225;76m██[38;2;204;180;61m██[38;2;128;113;38m██[38;2;204;180;61m██[38;2;204;180;61m██[38;2;204;180;61m██[38;2;16;16;16m██                  
              [38;2;16;16;16m██[38;2;204;180;61m██[38;2;204;180;61m██[38;2;204;180;61m██[38;2;16;16;16m██[38;2;16;16;16m██[38;2;255;236;140m██[38;2;255;236;140m██[38;2;217;200;119m██[38;2;166;153;91m██[38;2;166;153;91m██[38;2;217;200;119m██[38;2;217;200;119m██[38;2;217;200;119m██[38;2;253;253;253m██[38;2;255;236;140m██[38;2;166;153;91m██[38;2;217;200;119m██[38;2;217;200;119m██[38;2;166;112;58m██[38;2;166;112;58m██[38;2;16;16;16m██[38;2;16;16;16m██    [38;2;16;16;16m██[38;2;204;180;61m██[38;2;204;180;61m██[38;2;128;113;38m██[38;2;204;180;61m██[38;2;204;180;61m██[38;2;16;16;16m██                  
                [38;2;16;16;16m██[38;2;204;180;61m██[38;2;204;180;61m██[38;2;204;180;61m██[38;2;16;16;16m██[38;2;16;16;16m██[38;2;16;16;16m██[38;2;255;236;140m██[38;2;217;200;119m██[38;2;255;236;140m██[38;2;253;253;253m██[38;2;255;236;140m██[38;2;253;253;253m██[38;2;217;200;119m██[38;2;166;153;91m██[38;2;217;200;119m██[38;2;166;112;58m██[38;2;166;112;58m██[38;2;16;16;16m██[38;2;16;16;16m██          [38;2;16;16;16m██[38;2;204;180;61m██[38;2;204;180;61m██[38;2;204;180;61m██[38;2;16;16;16m██                    
                  [38;2;16;16;16m██[38;2;16;16;16m██[38;2;16;16;16m██      [38;2;16;16;16m██[38;2;16;16;16m██[38;2;128;118;70m██[38;2;166;153;91m██[38;2;166;153;91m██[38;2;128;118;70m██[38;2;128;118;70m██[38;2;16;16;16m██[38;2;16;16;16m██[38;2;16;16;16m██[38;2;16;16;16m██[38;2;128;113;38m██[38;2;128;113;38m██            [38;2;16;16;16m██[38;2;16;16;16m██[38;2;16;16;16m██                      
                      [38;2;128;118;70m██[38;2;128;113;38m██[38;2;128;113;38m██[38;2;128;113;38m██[38;2;128;113;38m██[38;2;204;180;61m██[38;2;166;112;58m██[38;2;217;200;119m██[38;2;217;200;119m██[38;2;217;200;119m██[38;2;217;200;119m██[38;2;217;200;119m██[38;2;217;200;119m██[38;2;166;112;58m██[38;2;128;113;38m██[38;2;255;225;76m██[38;2;128;113;38m██[38;2;128;113;38m██      [38;2;128;113;38m██[38;2;128;113;38m██[38;2;128;113;38m██[38;2;128;118;70m██                        
                  [38;2;128;118;70m██[38;2;128;118;70m██[38;2;255;236;140m██[38;2;166;153;91m██[38;2;253;253;253m██[38;2;255;225;76m██[38;2;128;113;38m██[38;2;128;118;70m██[38;2;166;112;58m██[38;2;255;236;140m██[38;2;255;236;140m██[38;2;255;236;140m██[38;2;217;200;119m██[38;2;217;200;119m██[38;2;166;112;58m██[38;2;166;112;58m██[38;2;166;112;58m██[38;2;128;113;38m██[38;2;128;118;70m██[38;2;204;180;61m██[38;2;128;113;38m██    [38;2;128;113;38m██[38;2;253;253;253m██[38;2;255;225;76m██[38;2;166;153;91m██[38;2;128;118;70m██[38;2;128;118;70m██[38;2;128;118;70m██[38;2;128;118;70m██                
            [38;2;102;69;36m██[38;2;102;69;36m██[38;2;128;118;70m██[38;2;217;200;119m██[38;2;255;236;140m██[38;2;255;236;140m██[38;2;166;153;91m██[38;2;255;225;76m██[38;2;128;113;38m██[38;2;128;118;70m██[38;2;166;112;58m██[38;2;166;112;58m██[38;2;166;112;58m██[38;2;255;236;140m██[38;2;255;236;140m██[38;2;255;236;140m██[38;2;166;112;58m██[38;2;166;112;58m██[38;2;166;112;58m██[38;2;166;112;58m██[38;2;217;200;119m██[38;2;128;118;70m██[38;2;204;180;61m██[38;2;204;180;61m██[38;2;128;113;38m██  [38;2;128;113;38m██[38;2;204;180;61m██[38;2;255;225;76m██[38;2;166;153;91m██[38;2;255;236;140m██[38;2;255;236;140m██[38;2;217;200;119m██[38;2;255;236;140m██[38;2;128;118;70m██[38;2;102;69;36m██[38;2;102;69;36m██          
          [38;2;102;69;36m██[38;2;217;146;76m██[38;2;166;112;58m██[38;2;255;236;140m██[38;2;217;200;119m██[38;2;255;236;140m██[38;2;255;236;140m██[38;2;217;200;119m██[38;2;128;113;38m██[38;2;255;225;76m██[38;2;128;118;70m██[38;2;166;112;58m██[38;2;217;146;76m██[38;2;166;112;58m██[38;2;255;236;140m██[38;2;255;236;140m██[38;2;166;112;58m██[38;2;217;146;76m██[38;2;217;146;76m██[38;2;166;112;58m██[38;2;217;200;119m██[38;2;217;200;119m██[38;2;217;200;119m██[38;2;128;118;70m██[38;2;204;180;61m██[38;2;204;180;61m██[38;2;128;113;38m██  [38;2;128;113;38m██[38;2;166;153;91m██[38;2;255;236;140m██[38;2;255;236;140m██[38;2;255;236;140m██[38;2;217;200;119m██[38;2;255;236;140m██[38;2;255;236;140m██[38;2;166;112;58m██[38;2;217;146;76m██[38;2;102;69;36m██        
        [38;2;102;69;36m██[38;2;217;146;76m██[38;2;217;146;76m██[38;2;166;112;58m██[38;2;255;236;140m██[38;2;255;236;140m██[38;2;217;200;119m██[38;2;255;236;140m██[38;2;217;200;119m██[38;2;128;113;38m██[38;2;255;225;76m██[38;2;128;118;70m██[38;2;166;112;58m██[38;2;217;146;76m██[38;2;217;146;76m██[38;2;166;112;58m██[38;2;166;112;58m██[38;2;217;146;76m██[38;2;217;146;76m██[38;2;166;112;58m██[38;2;255;236;140m██[38;2;255;236;140m██[38;2;217;200;119m██[38;2;217;200;119m██[38;2;128;118;70m██[38;2;204;180;61m██[38;2;204;180;61m██[38;2;128;113;38m██  [38;2;128;118;70m██[38;2;217;200;119m██[38;2;217;200;119m██[38;2;255;236;140m██[38;2;217;200;119m██[38;2;255;236;140m██[38;2;255;236;140m██[38;2;255;236;140m██[38;2;166;112;58m██[38;2;217;146;76m██[38;2;217;146;76m██[38;2;102;69;36m██      
        [38;2;102;69;36m██[38;2;217;146;76m██[38;2;217;146;76m██[38;2;166;112;58m██[38;2;255;236;140m██[38;2;255;236;140m██[38;2;255;236;140m██[38;2;166;153;91m██[38;2;16;16;16m██[38;2;255;225;76m██[38;2;255;225;76m██[38;2;128;118;70m██[38;2;255;236;140m██[38;2;166;112;58m██[38;2;217;146;76m██[38;2;217;146;76m██[38;2;217;146;76m██[38;2;217;146;76m██[38;2;217;146;76m██[38;2;217;200;119m██[38;2;255;236;140m██[38;2;255;236;140m██[38;2;217;200;119m██[38;2;217;200;119m██[38;2;128;113;38m██[38;2;204;180;61m██[38;2;204;180;61m██[38;2;204;180;61m██[38;2;16;16;16m██  [38;2;128;118;70m██[38;2;217;200;119m██[38;2;217;200;119m██[38;2;255;236;140m██[38;2;255;236;140m██[38;2;255;236;140m██[38;2;217;200;119m██[38;2;166;112;58m██[38;2;217;146;76m██[38;2;217;146;76m██[38;2;102;69;36m██[38;2;128;118;70m██    
        [38;2;102;69;36m██[38;2;217;146;76m██[38;2;217;146;76m██[38;2;166;112;58m██[38;2;255;236;140m██[38;2;255;236;140m██[38;2;217;200;119m██[38;2;217;200;119m██[38;2;16;16;16m██[38;2;253;253;253m██[38;2;255;225;76m██[38;2;128;113;38m██[38;2;255;236;140m██[38;2;166;112;58m██[38;2;217;146;76m██[38;2;217;146;76m██[38;2;217;146;76m██[38;2;217;146;76m██[38;2;166;112;58m██[38;2;255;236;140m██[38;2;255;236;140m██[38;2;255;236;140m██[38;2;217;200;119m██[38;2;128;113;38m██[38;2;204;180;61m██[38;2;204;180;61m██[38;2;204;180;61m██[38;2;204;180;61m██[38;2;16;16;16m██    [38;2;128;118;70m██[38;2;217;200;119m██[38;2;217;200;119m██[38;2;217;200;119m██[38;2;217;200;119m██[38;2;166;112;58m██[38;2;217;146;76m██[38;2;217;146;76m██[38;2;166;112;58m██[38;2;102;69;36m██[38;2;217;200;119m██[38;2;128;118;70m██  
        [38;2;102;69;36m██[38;2;217;146;76m██[38;2;217;146;76m██[38;2;217;146;76m██[38;2;102;69;36m██[38;2;217;200;119m██[38;2;217;200;119m██[38;2;217;200;119m██[38;2;16;16;16m██[38;2;253;253;253m██[38;2;253;253;253m██[38;2;255;225;76m██[38;2;217;200;119m██[38;2;255;236;140m██[38;2;166;112;58m██[38;2;217;146;76m██[38;2;217;146;76m██[38;2;166;112;58m██[38;2;255;236;140m██[38;2;255;236;140m██[38;2;255;236;140m██[38;2;255;236;140m██[38;2;128;113;38m██[38;2;204;180;61m██[38;2;255;225;76m██[38;2;204;180;61m██[38;2;204;180;61m██[38;2;204;180;61m██[38;2;16;16;16m██    [38;2;16;16;16m██[38;2;128;118;70m██[38;2;102;69;36m██[38;2;102;69;36m██[38;2;166;112;58m██[38;2;217;146;76m██[38;2;217;146;76m██[38;2;166;112;58m██[38;2;166;112;58m██[38;2;102;69;36m██[38;2;217;200;119m██[38;2;128;118;70m██  
      [38;2;128;118;70m██[38;2;217;200;119m██[38;2;102;69;36m██[38;2;217;146;76m██[38;2;217;146;76m██[38;2;166;112;58m██[38;2;102;69;36m██[38;2;102;69;36m██[38;2;102;69;36m██[38;2;16;16;16m██[38;2;255;225;76m██[38;2;253;253;253m██[38;2;255;225;76m██[38;2;128;113;38m██[38;2;217;200;119m██[38;2;255;236;140m██[38;2;217;146;76m██[38;2;255;236;140m██[38;2;255;236;140m██[38;2;255;236;140m██[38;2;255;236;140m██[38;2;128;113;38m██[38;2;128;113;38m██[38;2;204;180;61m██[38;2;255;225;76m██[38;2;255;225;76m██[38;2;204;180;61m██[38;2;204;180;61m██[38;2;128;113;38m██      [38;2;16;16;16m██[38;2;166;112;58m██[38;2;166;112;58m██[38;2;166;112;58m██[38;2;166;112;58m██[38;2;166;112;58m██[38;2;166;112;58m██[38;2;166;112;58m██[38;2;102;69;36m██[38;2;217;200;119m██[38;2;217;200;119m██[38;2;217;200;119m██[38;2;128;118;70m██
      [38;2;128;118;70m██[38;2;217;200;119m██[38;2;217;200;119m██[38;2;102;69;36m██[38;2;166;112;58m██[38;2;166;112;58m██[38;2;166;112;58m██[38;2;166;112;58m██[38;2;166;112;58m██[38;2;16;16;16m██[38;2;128;113;38m██[38;2;255;225;76m██[38;2;253;253;253m██[38;2;255;225;76m██[38;2;204;180;61m██[38;2;128;113;38m██[38;2;128;113;38m██[38;2;128;113;38m██[38;2;128;113;38m██[38;2;128;113;38m██[38;2;128;113;38m██[38;2;255;225;76m██[38;2;255;225;76m██[38;2;255;225;76m██[38;2;255;225;76m██[38;2;255;225;76m██[38;2;204;180;61m██[38;2;204;180;61m██[38;2;16;16;16m██        [38;2;16;16;16m██[38;2;166;112;58m██[38;2;166;112;58m██[38;2;166;112;58m██[38;2;166;112;58m██[38;2;102;69;36m██[38;2;102;69;36m██[38;2;166;153;91m██[38;2;217;200;119m██[38;2;217;200;119m██[38;2;217;200;119m██[38;2;128;118;70m██
      [38;2;128;118;70m██[38;2;217;200;119m██[38;2;217;200;119m██[38;2;166;153;91m██[38;2;102;69;36m██[38;2;102;69;36m██[38;2;102;69;36m██[38;2;16;16;16m██[38;2;16;16;16m██  [38;2;16;16;16m██[38;2;255;225;76m██[38;2;255;225;76m██[38;2;253;253;253m██[38;2;255;225;76m██[38;2;255;225;76m██[38;2;255;225;76m██[38;2;255;225;76m██[38;2;255;225;76m██[38;2;255;225;76m██[38;2;255;225;76m██[38;2;255;225;76m██[38;2;255;225;76m██[38;2;255;225;76m██[38;2;255;225;76m██[38;2;204;180;61m██[38;2;128;113;38m██[38;2;16;16;16m██            [38;2;16;16;16m██[38;2;16;16;16m██[38;2;16;16;16m██[38;2;102;69;36m██[38;2;166;153;91m██[38;2;128;118;70m██[38;2;166;153;91m██[38;2;166;153;91m██[38;2;217;200;119m██[38;2;217;200;119m██[38;2;128;118;70m██
      [38;2;128;118;70m██[38;2;217;200;119m██[38;2;166;153;91m██[38;2;16;16;16m██[38;2;128;118;70m██[38;2;166;153;91m██[38;2;16;16;16m██        [38;2;16;16;16m██[38;2;204;180;61m██[38;2;255;225;76m██[38;2;255;225;76m██[38;2;255;225;76m██[38;2;255;225;76m██[38;2;255;225;76m██[38;2;255;225;76m██[38;2;255;225;76m██[38;2;255;225;76m██[38;2;255;225;76m██[38;2;255;225;76m██[38;2;255;225;76m██[38;2;204;180;61m██[38;2;16;16;16m██[38;2;16;16;16m██                    [38;2;16;16;16m██[38;2;217;200;119m██[38;2;128;118;70m██[38;2;16;16;16m██[38;2;16;16;16m██[38;2;166;153;91m██[38;2;217;200;119m██[38;2;128;118;70m██
        [38;2;16;16;16m██[38;2;16;16;16m██  [38;2;16;16;16m██[38;2;16;16;16m██            [38;2;16;16;16m██[38;2;16;16;16m██[38;2;204;180;61m██[38;2;255;225;76m██[38;2;255;225;76m██[38;2;255;225;76m██[38;2;255;225;76m██[38;2;255;225;76m██[38;2;255;225;76m██[38;2;255;225;76m██[38;2;204;180;61m██[38;2;16;16;16m██[38;2;16;16;16m██[38;2;166;153;91m██[38;2;128;118;70m██[38;2;128;118;70m██                    [38;2;16;16;16m██[38;2;16;16;16m██    [38;2;16;16;16m██[38;2;16;16;16m██  
                                  [38;2;16;16;16m██[38;2;16;16;16m██[38;2;16;16;16m██[38;2;16;16;16m██[38;2;16;16;16m██[38;2;16;16;16m██[38;2;16;16;16m██[38;2;16;16;16m██[38;2;16;16;16m██[38;2;217;200;119m██[38;2;217;200;119m██[38;2;166;153;91m██[38;2;166;153;91m██[38;2;166;153;91m██[38;2;128;118;70m██                                
                                            [38;2;16;16;16m██[38;2;16;16;16m██[38;2;217;200;119m██[38;2;217;200;119m██[38;2;217;200;119m██[38;2;166;153;91m██[38;2;16;16;16m██[38;2;16;16;16m██[38;2;16;16;16m██[38;2;16;16;16m██[38;2;16;16;16m██                              
                                                [38;2;16;16;16m██[38;2;16;16;16m██[38;2;16;16;16m██[38;2;16;16;16m██                                        
