                                                        [38;2;115;115;115m██[38;2;115;115;115m██[38;2;115;115;115m██                                            
                                                    [38;2;115;115;115m██[38;2;115;115;115m██[38;2;248;248;248m██[38;2;191;191;191m██[38;2;248;248;248m██[38;2;115;115;115m██[38;2;115;115;115m██                                        
                                                  [38;2;115;115;115m██[38;2;248;248;248m██[38;2;248;248;248m██[38;2;248;248;248m██[38;2;191;191;191m██[38;2;248;248;248m██[38;2;248;248;248m██[38;2;248;248;248m██[38;2;115;115;115m██                                      
                                              [38;2;115;115;115m██[38;2;115;115;115m██[38;2;248;248;248m██[38;2;248;248;248m██[38;2;248;248;248m██[38;2;191;191;191m██[38;2;248;248;248m██[38;2;248;248;248m██[38;2;248;248;248m██[38;2;248;248;248m██[38;2;248;248;248m██[38;2;115;115;115m██                                    
                                            [38;2;115;115;115m██[38;2;191;191;191m██[38;2;248;248;248m██[38;2;248;248;248m██[38;2;248;248;248m██[38;2;248;248;248m██[38;2;191;191;191m██[38;2;248;248;248m██[38;2;248;248;248m██[38;2;248;248;248m██[38;2;248;248;248m██[38;2;248;248;248m██[38;2;248;248;248m██[38;2;115;115;115m██                                  
                                          [38;2;115;115;115m██[38;2;248;248;248m██[38;2;248;248;248m██[38;2;248;248;248m██[38;2;248;248;248m██[38;2;248;248;248m██[38;2;191;191;191m██[38;2;191;191;191m██[38;2;191;191;191m██[38;2;248;248;248m██[38;2;248;248;248m██[38;2;248;248;248m██[38;2;248;248;248m██[38;2;248;248;248m██[38;2;248;248;248m██[38;2;16;16;16m██                                
                                        [38;2;115;115;115m██[38;2;248;248;248m██[38;2;248;248;248m██[38;2;248;248;248m██[38;2;248;248;248m██[38;2;191;191;191m██[38;2;191;191;191m██[38;2;248;248;248m██[38;2;248;248;248m██[38;2;248;248;248m██[38;2;191;191;191m██[38;2;191;191;191m██[38;2;248;248;248m██[38;2;248;248;248m██[38;2;248;248;248m██[38;2;248;248;248m██[38;2;248;248;248m██[38;2;16;16;16m██                              
                                      [38;2;115;115;115m██[38;2;248;248;248m██[38;2;248;248;248m██[38;2;248;248;248m██[38;2;248;248;248m██[38;2;191;191;191m██[38;2;248;248;248m██[38;2;248;248;248m██[38;2;248;248;248m██[38;2;248;248;248m██[38;2;248;248;248m██[38;2;248;248;248m██[38;2;248;248;248m██[38;2;191;191;191m██[38;2;248;248;248m██[38;2;248;248;248m██[38;2;248;248;248m██[38;2;248;248;248m██[38;2;248;248;248m██[38;2;16;16;16m██                            
                                    [38;2;115;115;115m██[38;2;248;248;248m██[38;2;248;248;248m██[38;2;248;248;248m██[38;2;191;191;191m██[38;2;191;191;191m██[38;2;248;248;248m██[38;2;248;248;248m██[38;2;255;204;217m██[38;2;255;204;217m██[38;2;255;166;188m██[38;2;248;248;248m██[38;2;248;248;248m██[38;2;248;248;248m██[38;2;248;248;248m██[38;2;191;191;191m██[38;2;191;191;191m██[38;2;248;248;248m██[38;2;248;248;248m██[38;2;248;248;248m██[38;2;248;248;248m██[38;2;16;16;16m██                          
                                  [38;2;115;115;115m██[38;2;248;248;248m██[38;2;248;248;248m██[38;2;248;248;248m██[38;2;191;191;191m██[38;2;248;248;248m██[38;2;248;248;248m██[38;2;255;204;217m██[38;2;255;204;217m██[38;2;255;204;217m██[38;2;255;204;217m██[38;2;255;166;188m██[38;2;255;166;188m██[38;2;255;166;188m██[38;2;248;248;248m██[38;2;248;248;248m██[38;2;248;248;248m██[38;2;248;248;248m██[38;2;191;191;191m██[38;2;248;248;248m██[38;2;248;248;248m██[38;2;248;248;248m██[38;2;16;16;16m██                          
                                  [38;2;115;115;115m██[38;2;248;248;248m██[38;2;248;248;248m██[38;2;191;191;191m██[38;2;248;248;248m██[38;2;255;204;217m██[38;2;255;204;217m██[38;2;255;204;217m██[38;2;255;204;217m██[38;2;255;204;217m██[38;2;255;166;188m██[38;2;255;166;188m██[38;2;255;166;188m██[38;2;255;166;188m██[38;2;255;166;188m██[38;2;255;166;188m██[38;2;248;248;248m██[38;2;248;248;248m██[38;2;248;248;248m██[38;2;191;191;191m██[38;2;248;248;248m██[38;2;248;248;248m██[38;2;248;248;248m██[38;2;16;16;16m██                        
                                    [38;2;115;115;115m██[38;2;191;191;191m██[38;2;248;248;248m██[38;2;255;166;188m██[38;2;255;204;217m██[38;2;255;204;217m██[38;2;255;204;217m██[38;2;255;204;217m██[38;2;255;204;217m██[38;2;255;166;188m██[38;2;255;166;188m██[38;2;255;166;188m██[38;2;255;166;188m██[38;2;255;166;188m██[38;2;255;166;188m██[38;2;255;166;188m██[38;2;248;248;248m██[38;2;248;248;248m██[38;2;248;248;248m██[38;2;191;191;191m██[38;2;248;248;248m██[38;2;248;248;248m██[38;2;16;16;16m██                        
                                    [38;2;115;115;115m██[38;2;248;248;248m██[38;2;255;166;188m██[38;2;255;166;188m██[38;2;255;166;188m██[38;2;255;204;217m██[38;2;255;204;217m██[38;2;255;204;217m██[38;2;255;166;188m██[38;2;255;166;188m██[38;2;255;166;188m██[38;2;255;166;188m██[38;2;255;166;188m██[38;2;255;166;188m██[38;2;255;166;188m██[38;2;255;166;188m██[38;2;255;166;188m██[38;2;248;248;248m██[38;2;248;248;248m██[38;2;248;248;248m██[38;2;115;115;115m██[38;2;16;16;16m██                          
                                  [38;2;115;115;115m██[38;2;248;248;248m██[38;2;255;166;188m██[38;2;255;166;188m██[38;2;255;166;188m██[38;2;255;166;188m██[38;2;255;166;188m██[38;2;255;166;188m██[38;2;255;166;188m██[38;2;255;166;188m██[38;2;255;166;188m██[38;2;255;166;188m██[38;2;255;166;188m██[38;2;255;166;188m██[38;2;255;166;188m██[38;2;255;166;188m██[38;2;255;166;188m██[38;2;255;166;188m██[38;2;255;166;188m██[38;2;248;248;248m██[38;2;248;248;248m██[38;2;248;248;248m██[38;2;16;16;16m██                          
                                [38;2;115;115;115m██[38;2;248;248;248m██[38;2;255;166;188m██[38;2;255;166;188m██[38;2;229;199;138m██[38;2;229;199;138m██[38;2;255;166;188m██[38;2;255;166;188m██[38;2;255;166;188m██[38;2;255;166;188m██[38;2;255;166;188m██[38;2;255;166;188m██[38;2;229;199;138m██[38;2;229;199;138m██[38;2;255;166;188m██[38;2;255;166;188m██[38;2;255;166;188m██[38;2;255;166;188m██[38;2;255;166;188m██[38;2;255;166;188m██[38;2;255;166;188m██[38;2;248;248;248m██[38;2;248;248;248m██[38;2;248;248;248m██[38;2;16;16;16m██                        
                              [38;2;115;115;115m██[38;2;248;248;248m██[38;2;255;166;188m██[38;2;255;166;188m██[38;2;229;199;138m██[38;2;255;242;178m██[38;2;255;242;178m██[38;2;229;199;138m██[38;2;255;166;188m██[38;2;255;166;188m██[38;2;255;166;188m██[38;2;255;166;188m██[38;2;229;199;138m██[38;2;255;242;178m██[38;2;255;242;178m██[38;2;229;199;138m██[38;2;255;166;188m██[38;2;255;166;188m██[38;2;255;166;188m██[38;2;255;166;188m██[38;2;255;166;188m██[38;2;255;166;188m██[38;2;255;166;188m██[38;2;248;248;248m██[38;2;248;248;248m██[38;2;248;248;248m██[38;2;16;16;16m██                      
                              [38;2;115;115;115m██[38;2;248;248;248m██[38;2;255;166;188m██[38;2;229;199;138m██[38;2;255;242;178m██[38;2;255;242;178m██[38;2;255;242;178m██[38;2;229;199;138m██[38;2;255;166;188m██[38;2;255;166;188m██[38;2;255;166;188m██[38;2;255;166;188m██[38;2;255;242;178m██[38;2;255;242;178m██[38;2;255;242;178m██[38;2;255;242;178m██[38;2;229;199;138m██[38;2;255;166;188m██[38;2;255;166;188m██[38;2;255;166;188m██[38;2;255;166;188m██[38;2;255;166;188m██[38;2;255;166;188m██[38;2;255;166;188m██[38;2;248;248;248m██[38;2;248;248;248m██[38;2;16;16;16m██                      
                            [38;2;115;115;115m██[38;2;248;248;248m██[38;2;255;166;188m██[38;2;255;166;188m██[38;2;229;199;138m██[38;2;255;242;178m██[38;2;255;242;178m██[38;2;255;242;178m██[38;2;229;199;138m██[38;2;255;166;188m██[38;2;255;166;188m██[38;2;255;166;188m██[38;2;255;166;188m██[38;2;255;242;178m██[38;2;255;242;178m██[38;2;255;242;178m██[38;2;255;242;178m██[38;2;229;199;138m██[38;2;255;166;188m██[38;2;255;166;188m██[38;2;255;166;188m██[38;2;255;166;188m██[38;2;229;199;138m██[38;2;229;199;138m██[38;2;255;166;188m██[38;2;255;166;188m██[38;2;248;248;248m██[38;2;248;248;248m██[38;2;16;16;16m██                    
                          [38;2;115;115;115m██[38;2;248;248;248m██[38;2;255;166;188m██[38;2;255;166;188m██[38;2;255;166;188m██[38;2;229;199;138m██[38;2;255;242;178m██[38;2;255;242;178m██[38;2;229;199;138m██[38;2;255;166;188m██[38;2;255;166;188m██[38;2;255;166;188m██[38;2;255;166;188m██[38;2;255;166;188m██[38;2;229;199;138m██[38;2;255;242;178m██[38;2;255;242;178m██[38;2;255;242;178m██[38;2;229;199;138m██[38;2;255;166;188m██[38;2;255;166;188m██[38;2;255;166;188m██[38;2;255;166;188m██[38;2;255;242;178m██[38;2;255;242;178m██[38;2;229;199;138m██[38;2;255;166;188m██[38;2;248;248;248m██[38;2;248;248;248m██[38;2;248;248;248m██[38;2;16;16;16m██                  
                          [38;2;115;115;115m██[38;2;248;248;248m██[38;2;255;166;188m██[38;2;255;166;188m██[38;2;255;166;188m██[38;2;255;166;188m██[38;2;229;199;138m██[38;2;229;199;138m██[38;2;217;119;144m██[38;2;217;119;144m██[38;2;217;119;144m██[38;2;217;119;144m██[38;2;217;119;144m██[38;2;217;119;144m██[38;2;217;119;144m██[38;2;229;199;138m██[38;2;255;242;178m██[38;2;229;199;138m██[38;2;255;166;188m██[38;2;255;166;188m██[38;2;255;166;188m██[38;2;255;166;188m██[38;2;255;166;188m██[38;2;255;242;178m██[38;2;255;242;178m██[38;2;255;242;178m██[38;2;255;166;188m██[38;2;255;166;188m██[38;2;248;248;248m██[38;2;248;248;248m██[38;2;16;16;16m██                  
                        [38;2;115;115;115m██[38;2;191;191;191m██[38;2;255;166;188m██[38;2;255;166;188m██[38;2;255;166;188m██[38;2;255;166;188m██[38;2;217;119;144m██[38;2;217;119;144m██[38;2;217;119;144m██[38;2;217;119;144m██[38;2;217;119;144m██[38;2;217;119;144m██[38;2;217;119;144m██[38;2;217;119;144m██[38;2;217;119;144m██[38;2;217;119;144m██[38;2;217;119;144m██[38;2;217;119;144m██[38;2;217;119;144m██[38;2;217;119;144m██[38;2;255;166;188m██[38;2;255;166;188m██[38;2;255;166;188m██[38;2;255;166;188m██[38;2;229;199;138m██[38;2;255;242;178m██[38;2;255;242;178m██[38;2;255;166;188m██[38;2;255;166;188m██[38;2;248;248;248m██[38;2;191;191;191m██[38;2;191;191;191m██[38;2;16;16;16m██                
                        [38;2;115;115;115m██[38;2;191;191;191m██[38;2;217;119;144m██[38;2;255;166;188m██[38;2;255;166;188m██[38;2;217;119;144m██[38;2;217;119;144m██[38;2;217;119;144m██[38;2;115;63;76m██[38;2;115;63;76m██[38;2;115;63;76m██[38;2;115;63;76m██[38;2;115;63;76m██[38;2;115;63;76m██[38;2;115;63;76m██[38;2;115;63;76m██[38;2;115;63;76m██[38;2;115;63;76m██[38;2;217;119;144m██[38;2;217;119;144m██[38;2;217;119;144m██[38;2;217;119;144m██[38;2;255;166;188m██[38;2;255;166;188m██[38;2;255;166;188m██[38;2;229;199;138m██[38;2;229;199;138m██[38;2;255;166;188m██[38;2;255;166;188m██[38;2;191;191;191m██[38;2;191;191;191m██[38;2;191;191;191m██[38;2;16;16;16m██                
                        [38;2;16;16;16m██[38;2;191;191;191m██[38;2;217;119;144m██[38;2;217;119;144m██[38;2;217;119;144m██[38;2;217;119;144m██[38;2;115;63;76m██[38;2;115;63;76m██[38;2;98;138;179m██[38;2;98;138;179m██[38;2;98;138;179m██[38;2;98;138;179m██[38;2;98;138;179m██[38;2;98;138;179m██[38;2;98;138;179m██[38;2;98;138;179m██[38;2;98;138;179m██[38;2;98;138;179m██[38;2;115;63;76m██[38;2;115;63;76m██[38;2;217;119;144m██[38;2;217;119;144m██[38;2;217;119;144m██[38;2;255;166;188m██[38;2;255;166;188m██[38;2;255;166;188m██[38;2;255;166;188m██[38;2;217;119;144m██[38;2;217;119;144m██[38;2;191;191;191m██[38;2;191;191;191m██[38;2;191;191;191m██[38;2;16;16;16m██                
                        [38;2;16;16;16m██[38;2;191;191;191m██[38;2;217;119;144m██[38;2;217;119;144m██[38;2;217;119;144m██[38;2;115;63;76m██[38;2;191;191;191m██[38;2;38;38;38m██[38;2;38;38;38m██[38;2;98;138;179m██[38;2;98;138;179m██[38;2;115;63;76m██[38;2;115;63;76m██[38;2;98;138;179m██[38;2;98;138;179m██[38;2;98;138;179m██[38;2;191;191;191m██[38;2;38;38;38m██[38;2;38;38;38m██[38;2;191;191;191m██[38;2;115;63;76m██[38;2;115;63;76m██[38;2;217;119;144m██[38;2;217;119;144m██[38;2;217;119;144m██[38;2;217;119;144m██[38;2;217;119;144m██[38;2;217;119;144m██[38;2;191;191;191m██[38;2;191;191;191m██[38;2;191;191;191m██[38;2;191;191;191m██[38;2;16;16;16m██                
                        [38;2;16;16;16m██[38;2;191;191;191m██[38;2;191;191;191m██[38;2;217;119;144m██[38;2;16;16;16m██[38;2;248;248;248m██[38;2;38;38;38m██[38;2;38;38;38m██[38;2;248;248;248m██[38;2;38;38;38m██[38;2;115;63;76m██[38;2;255;166;188m██[38;2;255;166;188m██[38;2;16;16;16m██[38;2;98;138;179m██[38;2;248;248;248m██[38;2;38;38;38m██[38;2;248;248;248m██[38;2;38;38;38m██[38;2;38;38;38m██[38;2;191;191;191m██[38;2;98;138;179m██[38;2;115;63;76m██[38;2;217;119;144m██[38;2;217;119;144m██[38;2;217;119;144m██[38;2;217;119;144m██[38;2;217;119;144m██[38;2;191;191;191m██[38;2;191;191;191m██[38;2;191;191;191m██[38;2;191;191;191m██[38;2;16;16;16m██                
                          [38;2;16;16;16m██[38;2;191;191;191m██[38;2;191;191;191m██[38;2;16;16;16m██[38;2;248;248;248m██[38;2;38;38;38m██[38;2;38;38;38m██[38;2;248;248;248m██[38;2;38;38;38m██[38;2;115;63;76m██[38;2;255;166;188m██[38;2;115;63;76m██[38;2;16;16;16m██[38;2;98;138;179m██[38;2;248;248;248m██[38;2;38;38;38m██[38;2;248;248;248m██[38;2;38;38;38m██[38;2;38;38;38m██[38;2;191;191;191m██[38;2;98;138;179m██[38;2;98;138;179m██[38;2;16;16;16m██[38;2;217;119;144m██[38;2;217;119;144m██[38;2;217;119;144m██[38;2;191;191;191m██[38;2;191;191;191m██[38;2;191;191;191m██[38;2;191;191;191m██[38;2;16;16;16m██                  
                          [38;2;16;16;16m██[38;2;191;191;191m██[38;2;16;16;16m██[38;2;133;188;242m██[38;2;248;248;248m██[38;2;38;38;38m██[38;2;77;77;77m██[38;2;77;77;77m██[38;2;38;38;38m██[38;2;115;63;76m██[38;2;115;63;76m██[38;2;217;119;144m██[38;2;16;16;16m██[38;2;133;188;242m██[38;2;248;248;248m██[38;2;38;38;38m██[38;2;77;77;77m██[38;2;77;77;77m██[38;2;38;38;38m██[38;2;248;248;248m██[38;2;98;138;179m██[38;2;98;138;179m██[38;2;98;138;179m██[38;2;16;16;16m██[38;2;191;191;191m██[38;2;191;191;191m██[38;2;191;191;191m██[38;2;191;191;191m██[38;2;191;191;191m██[38;2;191;191;191m██[38;2;16;16;16m██                  
                            [38;2;16;16;16m██[38;2;16;16;16m██[38;2;133;188;242m██[38;2;248;248;248m██[38;2;248;248;248m██[38;2;77;77;77m██[38;2;77;77;77m██[38;2;248;248;248m██[38;2;133;188;242m██[38;2;16;16;16m██[38;2;16;16;16m██[38;2;133;188;242m██[38;2;133;188;242m██[38;2;133;188;242m██[38;2;248;248;248m██[38;2;77;77;77m██[38;2;77;77;77m██[38;2;248;248;248m██[38;2;248;248;248m██[38;2;133;188;242m██[38;2;133;188;242m██[38;2;98;138;179m██[38;2;16;16;16m██[38;2;115;115;115m██[38;2;191;191;191m██[38;2;191;191;191m██[38;2;191;191;191m██[38;2;191;191;191m██[38;2;16;16;16m██                    
                              [38;2;16;16;16m██[38;2;133;188;242m██[38;2;133;188;242m██[38;2;248;248;248m██[38;2;248;248;248m██[38;2;248;248;248m██[38;2;133;188;242m██[38;2;133;188;242m██[38;2;133;188;242m██[38;2;133;188;242m██[38;2;133;188;242m██[38;2;133;188;242m██[38;2;133;188;242m██[38;2;133;188;242m██[38;2;248;248;248m██[38;2;248;248;248m██[38;2;248;248;248m██[38;2;133;188;242m██[38;2;133;188;242m██[38;2;133;188;242m██[38;2;133;188;242m██[38;2;16;16;16m██[38;2;191;191;191m██[38;2;115;115;115m██[38;2;191;191;191m██[38;2;191;191;191m██[38;2;16;16;16m██                      
                              [38;2;16;16;16m██[38;2;133;188;242m██[38;2;133;188;242m██[38;2;133;188;242m██[38;2;133;188;242m██[38;2;133;188;242m██[38;2;133;188;242m██[38;2;133;188;242m██[38;2;133;188;242m██[38;2;133;188;242m██[38;2;133;188;242m██[38;2;133;188;242m██[38;2;133;188;242m██[38;2;133;188;242m██[38;2;133;188;242m██[38;2;133;188;242m██[38;2;133;188;242m██[38;2;133;188;242m██[38;2;133;188;242m██[38;2;133;188;242m██[38;2;133;188;242m██[38;2;16;16;16m██[38;2;191;191;191m██[38;2;191;191;191m██[38;2;16;16;16m██[38;2;16;16;16m██                        
                            [38;2;115;115;115m██[38;2;16;16;16m██[38;2;133;188;242m██[38;2;133;188;242m██[38;2;133;188;242m██[38;2;133;188;242m██[38;2;133;188;242m██[38;2;133;188;242m██[38;2;133;188;242m██[38;2;133;188;242m██[38;2;133;188;242m██[38;2;133;188;242m██[38;2;133;188;242m██[38;2;133;188;242m██[38;2;133;188;242m██[38;2;133;188;242m██[38;2;133;188;242m██[38;2;133;188;242m██[38;2;133;188;242m██[38;2;133;188;242m██[38;2;133;188;242m██[38;2;133;188;242m██[38;2;133;188;242m██[38;2;16;16;16m██[38;2;191;191;191m██[38;2;16;16;16m██                          
                          [38;2;115;115;115m██[38;2;191;191;191m██[38;2;16;16;16m██[38;2;133;188;242m██[38;2;133;188;242m██[38;2;133;188;242m██[38;2;133;188;242m██[38;2;133;188;242m██[38;2;133;188;242m██[38;2;133;188;242m██[38;2;133;188;242m██[38;2;133;188;242m██[38;2;133;188;242m██[38;2;133;188;242m██[38;2;133;188;242m██[38;2;133;188;242m██[38;2;133;188;242m██[38;2;133;188;242m██[38;2;133;188;242m██[38;2;133;188;242m██[38;2;133;188;242m██[38;2;133;188;242m██[38;2;98;138;179m██[38;2;133;188;242m██[38;2;16;16;16m██[38;2;191;191;191m██[38;2;191;191;191m██[38;2;16;16;16m██                        
                      [38;2;115;115;115m██[38;2;115;115;115m██[38;2;191;191;191m██[38;2;16;16;16m██[38;2;16;16;16m██[38;2;133;188;242m██[38;2;133;188;242m██[38;2;133;188;242m██[38;2;133;188;242m██[38;2;98;138;179m██[38;2;133;188;242m██[38;2;133;188;242m██[38;2;133;188;242m██[38;2;133;188;242m██[38;2;133;188;242m██[38;2;133;188;242m██[38;2;133;188;242m██[38;2;98;138;179m██[38;2;133;188;242m██[38;2;133;188;242m██[38;2;133;188;242m██[38;2;133;188;242m██[38;2;133;188;242m██[38;2;133;188;242m██[38;2;63;89;115m██[38;2;133;188;242m██[38;2;16;16;16m██[38;2;16;16;16m██[38;2;191;191;191m██[38;2;191;191;191m██[38;2;115;115;115m██                      
                [38;2;115;115;115m██[38;2;115;115;115m██[38;2;115;115;115m██[38;2;191;191;191m██[38;2;191;191;191m██[38;2;16;16;16m██  [38;2;16;16;16m██[38;2;133;188;242m██[38;2;133;188;242m██[38;2;133;188;242m██[38;2;133;188;242m██[38;2;63;89;115m██[38;2;133;188;242m██[38;2;133;188;242m██[38;2;133;188;242m██[38;2;133;188;242m██[38;2;133;188;242m██[38;2;133;188;242m██[38;2;133;188;242m██[38;2;98;138;179m██[38;2;133;188;242m██[38;2;133;188;242m██[38;2;133;188;242m██[38;2;133;188;242m██[38;2;133;188;242m██[38;2;133;188;242m██[38;2;63;89;115m██[38;2;98;138;179m██[38;2;16;16;16m██[38;2;16;16;16m██[38;2;191;191;191m██[38;2;191;191;191m██[38;2;248;248;248m██[38;2;115;115;115m██[38;2;115;115;115m██                  
      [38;2;115;115;115m██[38;2;115;115;115m██[38;2;115;115;115m██[38;2;115;115;115m██[38;2;115;115;115m██[38;2;248;248;248m██[38;2;248;248;248m██[38;2;248;248;248m██[38;2;191;191;191m██[38;2;16;16;16m██      [38;2;16;16;16m██[38;2;133;188;242m██[38;2;133;188;242m██[38;2;133;188;242m██[38;2;63;89;115m██[38;2;133;188;242m██[38;2;133;188;242m██[38;2;133;188;242m██[38;2;133;188;242m██[38;2;133;188;242m██[38;2;133;188;242m██[38;2;133;188;242m██[38;2;133;188;242m██[38;2;98;138;179m██[38;2;133;188;242m██[38;2;133;188;242m██[38;2;133;188;242m██[38;2;133;188;242m██[38;2;133;188;242m██[38;2;63;89;115m██[38;2;98;138;179m██[38;2;16;16;16m██  [38;2;16;16;16m██[38;2;248;248;248m██[38;2;191;191;191m██[38;2;248;248;248m██[38;2;248;248;248m██[38;2;115;115;115m██[38;2;115;115;115m██[38;2;16;16;16m██[38;2;16;16;16m██[38;2;16;16;16m██        
  [38;2;115;115;115m██[38;2;115;115;115m██[38;2;248;248;248m██[38;2;248;248;248m██[38;2;248;248;248m██[38;2;248;248;248m██[38;2;248;248;248m██[38;2;248;248;248m██[38;2;248;248;248m██[38;2;191;191;191m██[38;2;16;16;16m██        [38;2;16;16;16m██[38;2;98;138;179m██[38;2;133;188;242m██[38;2;133;188;242m██[38;2;133;188;242m██[38;2;63;89;115m██[38;2;133;188;242m██[38;2;133;188;242m██[38;2;133;188;242m██[38;2;133;188;242m██[38;2;133;188;242m██[38;2;133;188;242m██[38;2;133;188;242m██[38;2;63;89;115m██[38;2;133;188;242m██[38;2;133;188;242m██[38;2;133;188;242m██[38;2;133;188;242m██[38;2;63;89;115m██[38;2;98;138;179m██[38;2;16;16;16m██    [38;2;16;16;16m██[38;2;191;191;191m██[38;2;248;248;248m██[38;2;248;248;248m██[38;2;248;248;248m██[38;2;248;248;248m██[38;2;248;248;248m██[38;2;248;248;248m██[38;2;191;191;191m██[38;2;191;191;191m██[38;2;16;16;16m██[38;2;16;16;16m██[38;2;16;16;16m██  
[38;2;115;115;115m██[38;2;191;191;191m██[38;2;248;248;248m██[38;2;248;248;248m██[38;2;248;248;248m██[38;2;248;248;248m██[38;2;248;248;248m██[38;2;248;248;248m██[38;2;248;248;248m██[38;2;16;16;16m██[38;2;16;16;16m██            [38;2;16;16;16m██[38;2;98;138;179m██[38;2;98;138;179m██[38;2;98;138;179m██[38;2;63;89;115m██[38;2;133;188;242m██[38;2;133;188;242m██[38;2;133;188;242m██[38;2;133;188;242m██[38;2;133;188;242m██[38;2;133;188;242m██[38;2;133;188;242m██[38;2;63;89;115m██[38;2;133;188;242m██[38;2;133;188;242m██[38;2;133;188;242m██[38;2;98;138;179m██[38;2;63;89;115m██[38;2;98;138;179m██[38;2;16;16;16m██      [38;2;16;16;16m██[38;2;248;248;248m██[38;2;248;248;248m██[38;2;248;248;248m██[38;2;248;248;248m██[38;2;248;248;248m██[38;2;248;248;248m██[38;2;248;248;248m██[38;2;191;191;191m██[38;2;191;191;191m██[38;2;191;191;191m██[38;2;191;191;191m██[38;2;16;16;16m██
  [38;2;16;16;16m██[38;2;16;16;16m██[38;2;248;248;248m██[38;2;248;248;248m██[38;2;248;248;248m██[38;2;191;191;191m██[38;2;16;16;16m██[38;2;16;16;16m██                  [38;2;16;16;16m██[38;2;98;138;179m██[38;2;98;138;179m██[38;2;98;138;179m██[38;2;63;89;115m██[38;2;133;188;242m██[38;2;133;188;242m██[38;2;133;188;242m██[38;2;133;188;242m██[38;2;133;188;242m██[38;2;98;138;179m██[38;2;63;89;115m██[38;2;98;138;179m██[38;2;98;138;179m██[38;2;98;138;179m██[38;2;63;89;115m██[38;2;98;138;179m██[38;2;16;16;16m██          [38;2;16;16;16m██[38;2;191;191;191m██[38;2;248;248;248m██[38;2;248;248;248m██[38;2;248;248;248m██[38;2;248;248;248m██[38;2;191;191;191m██[38;2;191;191;191m██[38;2;191;191;191m██[38;2;191;191;191m██[38;2;16;16;16m██  
      [38;2;16;16;16m██[38;2;16;16;16m██[38;2;16;16;16m██[38;2;16;16;16m██                        [38;2;16;16;16m██[38;2;16;16;16m██[38;2;98;138;179m██[38;2;98;138;179m██[38;2;63;89;115m██[38;2;98;138;179m██[38;2;98;138;179m██[38;2;98;138;179m██[38;2;98;138;179m██[38;2;98;138;179m██[38;2;63;89;115m██[38;2;98;138;179m██[38;2;98;138;179m██[38;2;63;89;115m██[38;2;98;138;179m██[38;2;16;16;16m██              [38;2;16;16;16m██[38;2;16;16;16m██[38;2;191;191;191m██[38;2;191;191;191m██[38;2;191;191;191m██[38;2;191;191;191m██[38;2;191;191;191m██[38;2;16;16;16m██[38;2;16;16;16m██    
                                          [38;2;16;16;16m██[38;2;98;138;179m██[38;2;98;138;179m██[38;2;63;89;115m██[38;2;98;138;179m██[38;2;98;138;179m██[38;2;98;138;179m██[38;2;98;138;179m██[38;2;16;16;16m██[38;2;98;138;179m██[38;2;98;138;179m██[38;2;16;16;16m██[38;2;16;16;16m██                    [38;2;16;16;16m██[38;2;16;16;16m██[38;2;16;16;16m██[38;2;16;16;16m██[38;2;16;16;16m██        
                                            [38;2;16;16;16m██[38;2;16;16;16m██[38;2;98;138;179m██[38;2;63;89;115m██[38;2;98;138;179m██[38;2;98;138;179m██[38;2;98;138;179m██[38;2;16;16;16m██[38;2;98;138;179m██[38;2;16;16;16m██                                          
                                                [38;2;16;16;16m██[38;2;16;16;16m██[38;2;98;138;179m██[38;2;98;138;179m██[38;2;16;16;16m██  [38;2;16;16;16m██                                            
                                                    [38;2;16;16;16m██[38;2;98;138;179m██[38;2;16;16;16m██                                                
                                                      [38;2;16;16;16m██                                                  
