                  [38;2;0;0;0m██                                                                        
                [38;2;65;98;0m██[38;2;156;205;57m██[38;2;0;0;0m██                                                                      
              [38;2;65;98;0m██[38;2;156;205;57m██[38;2;156;205;57m██[38;2;0;0;0m██                                                                      
            [38;2;65;98;0m██[38;2;156;205;57m██[38;2;156;205;57m██[38;2;156;205;57m██[38;2;0;0;0m██                                                                      
          [38;2;65;98;0m██[38;2;156;205;57m██[38;2;156;205;57m██[38;2;156;205;57m██[38;2;156;205;57m██[38;2;0;0;0m██                                                                      
          [38;2;65;98;0m██[38;2;156;205;57m██[38;2;156;205;57m██[38;2;156;205;57m██[38;2;0;0;0m██                                                                        
        [38;2;65;98;0m██[38;2;156;205;57m██[38;2;156;205;57m██[38;2;156;205;57m██[38;2;156;205;57m██[38;2;0;0;0m██                          [38;2;131;172;41m██[38;2;131;172;41m██[38;2;131;172;41m██[38;2;98;139;8m██[38;2;65;98;0m██[38;2;0;0;0m██                                  
        [38;2;65;98;0m██[38;2;156;205;57m██[38;2;156;205;57m██[38;2;156;205;57m██[38;2;156;205;57m██[38;2;0;0;0m██                    [38;2;131;172;41m██[38;2;131;172;41m██[38;2;131;172;41m██[38;2;213;255;106m██[38;2;213;255;106m██[38;2;213;255;106m██[38;2;213;255;106m██[38;2;213;255;106m██[38;2;0;0;0m██                                  
      [38;2;65;98;0m██[38;2;156;205;57m██[38;2;156;205;57m██[38;2;156;205;57m██[38;2;156;205;57m██[38;2;0;0;0m██[38;2;98;139;8m██                [38;2;131;172;41m██[38;2;131;172;41m██[38;2;213;255;106m██[38;2;213;255;106m██[38;2;213;255;106m██[38;2;65;98;0m██[38;2;0;0;0m██[38;2;0;0;0m██[38;2;197;238;74m██[38;2;0;0;0m██                                    
      [38;2;65;98;0m██[38;2;156;205;57m██[38;2;156;205;57m██[38;2;156;205;57m██[38;2;156;205;57m██[38;2;98;139;8m██[38;2;197;238;74m██[38;2;98;139;8m██          [38;2;98;139;8m██[38;2;131;172;41m██[38;2;197;238;74m██[38;2;197;238;74m██[38;2;65;98;0m██[38;2;0;0;0m██[38;2;0;0;0m██[38;2;0;0;0m██[38;2;0;0;0m██[38;2;197;238;74m██[38;2;0;0;0m██                                      
      [38;2;0;0;0m██[38;2;156;205;57m██[38;2;156;205;57m██[38;2;156;205;57m██[38;2;98;139;8m██[38;2;197;238;74m██[38;2;197;238;74m██[38;2;65;98;0m██  [38;2;65;98;0m██[38;2;0;0;0m██  [38;2;98;139;8m██[38;2;197;238;74m██[38;2;197;238;74m██[38;2;65;98;0m██[38;2;0;0;0m██[38;2;0;0;0m██[38;2;0;0;0m██[38;2;0;0;0m██[38;2;0;0;0m██[38;2;156;205;57m██[38;2;0;0;0m██                                        
      [38;2;0;0;0m██[38;2;156;205;57m██[38;2;65;98;0m██[38;2;65;98;0m██[38;2;98;139;8m██[38;2;197;238;74m██[38;2;156;205;57m██[38;2;98;139;8m██[38;2;65;98;0m██[38;2;197;238;74m██[38;2;0;0;0m██[38;2;65;98;0m██[38;2;197;238;74m██[38;2;65;98;0m██[38;2;0;0;0m██[38;2;0;0;0m██[38;2;0;0;0m██[38;2;0;0;0m██[38;2;0;0;0m██[38;2;65;98;0m██[38;2;156;205;57m██[38;2;0;0;0m██                                          
      [38;2;0;0;0m██[38;2;65;98;0m██[38;2;197;238;74m██[38;2;98;139;8m██[38;2;197;238;74m██[38;2;197;238;74m██[38;2;156;205;57m██[38;2;65;98;0m██[38;2;197;238;74m██[38;2;197;238;74m██[38;2;65;98;0m██[38;2;197;238;74m██[38;2;0;0;0m██[38;2;0;0;0m██[38;2;0;0;0m██[38;2;0;0;0m██[38;2;0;0;0m██[38;2;0;0;0m██[38;2;65;98;0m██[38;2;156;205;57m██[38;2;0;0;0m██[38;2;0;0;0m██                  [38;2;0;0;0m██                      
      [38;2;0;0;0m██[38;2;65;98;0m██[38;2;197;238;74m██[38;2;197;238;74m██[38;2;197;238;74m██[38;2;156;205;57m██[38;2;156;205;57m██[38;2;197;238;74m██[38;2;197;238;74m██[38;2;65;98;0m██[38;2;197;238;74m██[38;2;0;0;0m██[38;2;0;0;0m██[38;2;0;0;0m██[38;2;0;0;0m██[38;2;0;0;0m██[38;2;0;0;0m██[38;2;65;98;0m██[38;2;156;205;57m██[38;2;156;205;57m██[38;2;156;205;57m██[38;2;197;238;74m██[38;2;0;0;0m██              [38;2;0;0;0m██[38;2;0;0;0m██                      
      [38;2;65;98;0m██[38;2;197;238;74m██[38;2;213;255;106m██[38;2;213;255;106m██[38;2;197;238;74m██[38;2;197;238;74m██[38;2;197;238;74m██[38;2;197;238;74m██[38;2;131;172;41m██[38;2;197;238;74m██[38;2;0;0;0m██[38;2;131;172;41m██[38;2;131;172;41m██[38;2;0;0;0m██[38;2;0;0;0m██[38;2;65;98;0m██[38;2;156;205;57m██[38;2;156;205;57m██[38;2;0;0;0m██[38;2;0;0;0m██[38;2;0;0;0m██[38;2;0;0;0m██          [38;2;0;0;0m██  [38;2;0;0;0m██[38;2;156;205;57m██[38;2;0;0;0m██          [38;2;98;139;8m██[38;2;0;0;0m██        
    [38;2;0;0;0m██[38;2;197;238;74m██[38;2;213;255;106m██[38;2;213;255;106m██[38;2;213;255;106m██[38;2;213;255;106m██[38;2;197;238;74m██[38;2;197;238;74m██[38;2;197;238;74m██[38;2;197;238;74m██[38;2;197;238;74m██[38;2;197;238;74m██[38;2;156;205;57m██[38;2;0;0;0m██[38;2;98;139;8m██[38;2;156;205;57m██[38;2;156;205;57m██[38;2;0;0;0m██[38;2;0;0;0m██                [38;2;0;0;0m██[38;2;156;205;57m██[38;2;0;0;0m██[38;2;197;238;74m██[38;2;156;205;57m██[38;2;0;0;0m██      [38;2;98;139;8m██[38;2;98;139;8m██[38;2;197;238;74m██[38;2;0;0;0m██        
    [38;2;0;0;0m██[38;2;197;238;74m██[38;2;213;255;106m██[38;2;213;255;106m██[38;2;213;255;106m██[38;2;213;255;106m██[38;2;197;238;74m██[38;2;197;238;74m██[38;2;197;238;74m██[38;2;197;238;74m██[38;2;197;238;74m██[38;2;197;238;74m██[38;2;156;205;57m██[38;2;156;205;57m██[38;2;156;205;57m██[38;2;0;0;0m██[38;2;0;0;0m██                [38;2;0;0;0m██  [38;2;0;0;0m██[38;2;156;205;57m██[38;2;213;255;106m██[38;2;156;205;57m██[38;2;156;205;57m██[38;2;0;0;0m██    [38;2;98;139;8m██[38;2;197;238;74m██[38;2;197;238;74m██[38;2;156;205;57m██[38;2;0;0;0m██        
  [38;2;0;0;0m██[38;2;255;255;255m██[38;2;197;238;74m██[38;2;197;238;74m██[38;2;213;255;106m██[38;2;213;255;106m██[38;2;197;238;74m██[38;2;197;238;74m██[38;2;197;238;74m██[38;2;197;238;74m██[38;2;197;238;74m██[38;2;197;238;74m██[38;2;197;238;74m██[38;2;98;139;8m██[38;2;65;98;0m██[38;2;0;0;0m██    [38;2;82;82;82m██[38;2;82;82;82m██          [38;2;0;0;0m██[38;2;156;205;57m██[38;2;0;0;0m██[38;2;156;205;57m██[38;2;213;255;106m██[38;2;213;255;106m██[38;2;156;205;57m██[38;2;0;0;0m██  [38;2;98;139;8m██[38;2;98;139;8m██[38;2;197;238;74m██[38;2;197;238;74m██[38;2;156;205;57m██[38;2;98;139;8m██[38;2;197;238;74m██[38;2;0;0;0m██      
  [38;2;0;0;0m██[38;2;0;0;0m██[38;2;197;238;74m██[38;2;197;238;74m██[38;2;197;238;74m██[38;2;197;238;74m██[38;2;197;238;74m██[38;2;197;238;74m██[38;2;65;98;0m██[38;2;65;98;0m██[38;2;65;98;0m██[38;2;197;238;74m██[38;2;197;238;74m██[38;2;156;205;57m██[38;2;156;205;57m██[38;2;156;205;57m██[38;2;0;0;0m██[38;2;82;82;82m██[38;2;197;197;197m██[38;2;0;0;0m██[38;2;0;0;0m██        [38;2;0;0;0m██[38;2;156;205;57m██[38;2;98;139;8m██[38;2;213;255;106m██[38;2;213;255;106m██[38;2;213;255;106m██[38;2;156;205;57m██[38;2;0;0;0m██[38;2;98;139;8m██[38;2;156;205;57m██[38;2;213;255;106m██[38;2;197;238;74m██[38;2;197;238;74m██[38;2;98;139;8m██[38;2;197;238;74m██[38;2;156;205;57m██[38;2;0;0;0m██      
  [38;2;65;98;0m██[38;2;0;0;0m██[38;2;197;238;74m██[38;2;197;238;74m██[38;2;197;238;74m██[38;2;197;238;74m██[38;2;197;238;74m██[38;2;65;98;0m██[38;2;255;255;255m██[38;2;0;0;0m██[38;2;0;0;0m██[38;2;197;238;74m██[38;2;197;238;74m██[38;2;156;205;57m██[38;2;156;205;57m██[38;2;0;0;0m██[38;2;82;82;82m██[38;2;197;197;197m██[38;2;197;197;197m██[38;2;197;197;197m██[38;2;82;82;82m██[38;2;0;0;0m██[38;2;0;0;0m██  [38;2;0;0;0m██[38;2;156;205;57m██[38;2;156;205;57m██[38;2;156;205;57m██[38;2;197;238;74m██[38;2;213;255;106m██[38;2;156;205;57m██[38;2;156;205;57m██[38;2;98;139;8m██[38;2;197;238;74m██[38;2;213;255;106m██[38;2;213;255;106m██[38;2;213;255;106m██[38;2;197;238;74m██[38;2;197;238;74m██[38;2;197;238;74m██[38;2;0;0;0m██        
[38;2;0;0;0m██[38;2;197;238;74m██[38;2;197;238;74m██[38;2;197;238;74m██[38;2;197;238;74m██[38;2;197;238;74m██[38;2;197;238;74m██[38;2;65;98;0m██[38;2;0;0;0m██[38;2;0;0;0m██[38;2;0;0;0m██[38;2;65;98;0m██[38;2;197;238;74m██[38;2;156;205;57m██[38;2;156;205;57m██[38;2;156;205;57m██[38;2;156;205;57m██[38;2;0;0;0m██[38;2;197;197;197m██[38;2;82;82;82m██[38;2;82;82;82m██[38;2;255;255;255m██[38;2;255;255;255m██[38;2;0;0;0m██  [38;2;0;0;0m██[38;2;156;205;57m██[38;2;98;139;8m██[38;2;197;238;74m██[38;2;197;238;74m██[38;2;197;238;74m██[38;2;156;205;57m██[38;2;156;205;57m██[38;2;197;238;74m██[38;2;213;255;106m██[38;2;213;255;106m██[38;2;213;255;106m██[38;2;213;255;106m██[38;2;197;238;74m██[38;2;156;205;57m██[38;2;156;205;57m██[38;2;0;0;0m██        
[38;2;0;0;0m██[38;2;197;238;74m██[38;2;65;98;0m██[38;2;156;205;57m██[38;2;197;238;74m██[38;2;197;238;74m██[38;2;197;238;74m██[38;2;65;98;0m██[38;2;0;0;0m██[38;2;0;0;0m██[38;2;65;98;0m██[38;2;197;238;74m██[38;2;197;238;74m██[38;2;156;205;57m██[38;2;156;205;57m██[38;2;65;98;0m██[38;2;65;98;0m██[38;2;197;197;197m██[38;2;197;197;197m██[38;2;197;197;197m██[38;2;255;255;255m██[38;2;255;255;255m██[38;2;0;0;0m██    [38;2;0;0;0m██[38;2;98;139;8m██[38;2;197;238;74m██[38;2;197;238;74m██[38;2;197;238;74m██[38;2;156;205;57m██[38;2;197;238;74m██[38;2;197;238;74m██[38;2;213;255;106m██[38;2;213;255;106m██[38;2;213;255;106m██[38;2;213;255;106m██[38;2;197;238;74m██[38;2;156;205;57m██[38;2;156;205;57m██[38;2;0;0;0m██          
[38;2;0;0;0m██[38;2;156;205;57m██[38;2;197;238;74m██[38;2;197;238;74m██[38;2;197;238;74m██[38;2;197;238;74m██[38;2;197;238;74m██[38;2;197;238;74m██[38;2;197;238;74m██[38;2;197;238;74m██[38;2;197;238;74m██[38;2;197;238;74m██[38;2;156;205;57m██[38;2;156;205;57m██[38;2;156;205;57m██[38;2;156;205;57m██[38;2;0;0;0m██[38;2;197;197;197m██[38;2;197;197;197m██[38;2;197;197;197m██[38;2;82;82;82m██[38;2;0;0;0m██[38;2;0;0;0m██[38;2;98;139;8m██[38;2;98;139;8m██[38;2;197;238;74m██[38;2;197;238;74m██[38;2;197;238;74m██[38;2;197;238;74m██[38;2;197;238;74m██[38;2;197;238;74m██[38;2;197;238;74m██[38;2;197;238;74m██[38;2;197;238;74m██[38;2;197;238;74m██[38;2;213;255;106m██[38;2;197;238;74m██[38;2;156;205;57m██[38;2;156;205;57m██[38;2;156;205;57m██[38;2;98;139;8m██[38;2;98;139;8m██[38;2;98;139;8m██[38;2;98;139;8m██[38;2;98;139;8m██[38;2;98;139;8m██
  [38;2;0;0;0m██[38;2;131;172;41m██[38;2;65;98;0m██[38;2;98;139;8m██[38;2;197;238;74m██[38;2;197;238;74m██[38;2;197;238;74m██[38;2;131;172;41m██[38;2;197;238;74m██[38;2;197;238;74m██[38;2;156;205;57m██[38;2;156;205;57m██[38;2;156;205;57m██[38;2;156;205;57m██[38;2;131;172;41m██[38;2;131;172;41m██[38;2;0;0;0m██[38;2;197;197;197m██[38;2;255;255;255m██[38;2;255;255;255m██[38;2;255;255;255m██[38;2;255;255;255m██[38;2;0;0;0m██[38;2;0;0;0m██[38;2;0;0;0m██[38;2;197;238;74m██[38;2;197;238;74m██[38;2;197;238;74m██[38;2;197;238;74m██[38;2;197;238;74m██[38;2;197;238;74m██[38;2;197;238;74m██[38;2;197;238;74m██[38;2;197;238;74m██[38;2;197;238;74m██[38;2;156;205;57m██[38;2;156;205;57m██[38;2;98;139;8m██[38;2;98;139;8m██[38;2;156;205;57m██[38;2;213;255;106m██[38;2;197;238;74m██[38;2;197;238;74m██[38;2;156;205;57m██[38;2;0;0;0m██
    [38;2;0;0;0m██[38;2;156;205;57m██[38;2;156;205;57m██[38;2;65;98;0m██[38;2;65;98;0m██[38;2;65;98;0m██[38;2;156;205;57m██[38;2;156;205;57m██[38;2;156;205;57m██[38;2;156;205;57m██[38;2;156;205;57m██[38;2;131;172;41m██[38;2;0;0;0m██[38;2;0;0;0m██[38;2;0;0;0m██[38;2;197;197;197m██[38;2;197;197;197m██[38;2;197;197;197m██[38;2;197;197;197m██[38;2;255;255;255m██[38;2;255;255;255m██[38;2;255;255;255m██[38;2;255;255;255m██[38;2;255;255;255m██[38;2;0;0;0m██[38;2;197;238;74m██[38;2;197;238;74m██[38;2;197;238;74m██[38;2;197;238;74m██[38;2;197;238;74m██[38;2;197;238;74m██[38;2;197;238;74m██[38;2;197;238;74m██[38;2;197;238;74m██[38;2;197;238;74m██[38;2;197;238;74m██[38;2;213;255;106m██[38;2;213;255;106m██[38;2;213;255;106m██[38;2;213;255;106m██[38;2;197;238;74m██[38;2;156;205;57m██[38;2;0;0;0m██  
      [38;2;0;0;0m██[38;2;156;205;57m██[38;2;156;205;57m██[38;2;156;205;57m██[38;2;156;205;57m██[38;2;156;205;57m██[38;2;156;205;57m██[38;2;156;205;57m██[38;2;156;205;57m██[38;2;131;172;41m██[38;2;0;0;0m██[38;2;197;197;197m██[38;2;197;197;197m██[38;2;197;197;197m██[38;2;197;197;197m██[38;2;197;197;197m██[38;2;197;197;197m██[38;2;197;197;197m██[38;2;197;197;197m██[38;2;82;82;82m██[38;2;82;82;82m██[38;2;0;0;0m██[38;2;0;0;0m██[38;2;197;238;74m██[38;2;197;238;74m██[38;2;197;238;74m██[38;2;197;238;74m██[38;2;197;238;74m██[38;2;197;238;74m██[38;2;197;238;74m██[38;2;197;238;74m██[38;2;197;238;74m██[38;2;197;238;74m██[38;2;197;238;74m██[38;2;197;238;74m██[38;2;197;238;74m██[38;2;213;255;106m██[38;2;213;255;106m██[38;2;156;205;57m██[38;2;0;0;0m██[38;2;0;0;0m██    
        [38;2;0;0;0m██[38;2;0;0;0m██[38;2;156;205;57m██[38;2;156;205;57m██[38;2;156;205;57m██[38;2;131;172;41m██[38;2;0;0;0m██[38;2;0;0;0m██[38;2;0;0;0m██[38;2;197;197;197m██[38;2;197;197;197m██[38;2;197;197;197m██[38;2;197;197;197m██[38;2;197;197;197m██[38;2;197;197;197m██[38;2;197;197;197m██[38;2;197;197;197m██[38;2;197;197;197m██[38;2;197;197;197m██[38;2;0;0;0m██[38;2;197;238;74m██[38;2;197;238;74m██[38;2;197;238;74m██[38;2;197;238;74m██[38;2;197;238;74m██[38;2;197;238;74m██[38;2;197;238;74m██[38;2;197;238;74m██[38;2;197;238;74m██[38;2;197;238;74m██[38;2;197;238;74m██[38;2;197;238;74m██[38;2;197;238;74m██[38;2;197;238;74m██[38;2;98;139;8m██[38;2;156;205;57m██[38;2;0;0;0m██[38;2;0;0;0m██        
      [38;2;0;0;0m██[38;2;197;197;197m██[38;2;197;197;197m██[38;2;0;0;0m██[38;2;0;0;0m██[38;2;0;0;0m██[38;2;0;0;0m██[38;2;197;197;197m██[38;2;197;197;197m██[38;2;197;197;197m██[38;2;197;197;197m██[38;2;197;197;197m██[38;2;197;197;197m██[38;2;197;197;197m██[38;2;255;255;255m██[38;2;255;255;255m██[38;2;197;197;197m██[38;2;82;82;82m██[38;2;197;197;197m██[38;2;197;197;197m██[38;2;197;197;197m██[38;2;0;0;0m██[38;2;197;238;74m██[38;2;197;238;74m██[38;2;197;238;74m██[38;2;197;238;74m██[38;2;197;238;74m██[38;2;197;238;74m██[38;2;197;238;74m██[38;2;197;238;74m██[38;2;197;238;74m██[38;2;197;238;74m██[38;2;156;205;57m██[38;2;156;205;57m██[38;2;197;238;74m██[38;2;197;238;74m██[38;2;0;0;0m██            
    [38;2;0;0;0m██[38;2;197;197;197m██[38;2;197;197;197m██[38;2;197;197;197m██[38;2;255;255;255m██[38;2;197;197;197m██[38;2;197;197;197m██[38;2;197;197;197m██[38;2;197;197;197m██[38;2;197;197;197m██[38;2;197;197;197m██[38;2;197;197;197m██[38;2;197;197;197m██[38;2;197;197;197m██[38;2;197;197;197m██[38;2;197;197;197m██[38;2;255;255;255m██[38;2;255;255;255m██[38;2;197;197;197m██[38;2;82;82;82m██[38;2;82;82;82m██[38;2;197;197;197m██[38;2;197;197;197m██[38;2;0;0;0m██[38;2;197;238;74m██[38;2;197;238;74m██[38;2;197;238;74m██[38;2;197;238;74m██[38;2;197;238;74m██[38;2;197;238;74m██[38;2;197;238;74m██[38;2;197;238;74m██[38;2;197;238;74m██[38;2;197;238;74m██[38;2;0;0;0m██[38;2;156;205;57m██[38;2;156;205;57m██[38;2;197;238;74m██[38;2;0;0;0m██          
      [38;2;0;0;0m██[38;2;82;82;82m██[38;2;255;255;255m██[38;2;255;255;255m██[38;2;197;197;197m██[38;2;255;255;255m██[38;2;197;197;197m██[38;2;197;197;197m██[38;2;255;255;255m██[38;2;197;197;197m██[38;2;197;197;197m██[38;2;197;197;197m██[38;2;197;197;197m██[38;2;255;255;255m██[38;2;82;82;82m██[38;2;197;197;197m██[38;2;255;255;255m██[38;2;255;255;255m██[38;2;82;82;82m██[38;2;156;205;57m██[38;2;0;0;0m██[38;2;0;0;0m██[38;2;82;82;82m██[38;2;156;205;57m██[38;2;156;205;57m██[38;2;197;238;74m██[38;2;197;238;74m██[38;2;197;238;74m██[38;2;197;238;74m██[38;2;197;238;74m██[38;2;197;238;74m██[38;2;197;238;74m██[38;2;197;238;74m██[38;2;197;238;74m██[38;2;0;0;0m██[38;2;0;0;0m██[38;2;98;139;8m██[38;2;156;205;57m██[38;2;0;0;0m██        
      [38;2;82;82;82m██[38;2;255;255;255m██[38;2;255;255;255m██[38;2;255;255;255m██[38;2;255;255;255m██[38;2;255;255;255m██[38;2;197;197;197m██[38;2;255;255;255m██[38;2;255;255;255m██[38;2;255;255;255m██[38;2;255;255;255m██[38;2;197;197;197m██[38;2;255;255;255m██[38;2;255;255;255m██[38;2;255;255;255m██[38;2;82;82;82m██[38;2;0;0;0m██[38;2;255;255;255m██[38;2;255;255;255m██[38;2;82;82;82m██[38;2;156;205;57m██[38;2;156;205;57m██[38;2;156;205;57m██[38;2;156;205;57m██[38;2;156;205;57m██[38;2;156;205;57m██[38;2;197;238;74m██[38;2;197;238;74m██[38;2;197;238;74m██[38;2;197;238;74m██[38;2;156;205;57m██[38;2;197;238;74m██[38;2;197;238;74m██[38;2;197;238;74m██[38;2;0;0;0m██  [38;2;0;0;0m██[38;2;0;0;0m██[38;2;0;0;0m██        
    [38;2;82;82;82m██[38;2;255;255;255m██[38;2;255;255;255m██[38;2;197;197;197m██[38;2;82;82;82m██[38;2;255;255;255m██[38;2;255;255;255m██[38;2;255;255;255m██[38;2;255;255;255m██[38;2;255;255;255m██[38;2;255;255;255m██[38;2;255;255;255m██[38;2;255;255;255m██[38;2;255;255;255m██[38;2;255;255;255m██[38;2;255;255;255m██[38;2;0;0;0m██[38;2;156;205;57m██[38;2;0;0;0m██[38;2;0;0;0m██[38;2;82;82;82m██[38;2;156;205;57m██[38;2;156;205;57m██[38;2;156;205;57m██[38;2;156;205;57m██[38;2;0;0;0m██[38;2;0;0;0m██[38;2;156;205;57m██[38;2;197;238;74m██[38;2;197;238;74m██[38;2;197;238;74m██[38;2;197;238;74m██[38;2;98;139;8m██[38;2;98;139;8m██[38;2;197;238;74m██[38;2;197;238;74m██[38;2;0;0;0m██              
    [38;2;0;0;0m██[38;2;0;0;0m██[38;2;0;0;0m██[38;2;82;82;82m██[38;2;197;197;197m██[38;2;255;255;255m██[38;2;255;255;255m██[38;2;197;197;197m██[38;2;255;255;255m██[38;2;255;255;255m██[38;2;255;255;255m██[38;2;197;197;197m██[38;2;255;255;255m██[38;2;255;255;255m██[38;2;255;255;255m██[38;2;255;255;255m██[38;2;0;0;0m██[38;2;156;205;57m██[38;2;156;205;57m██[38;2;156;205;57m██[38;2;156;205;57m██[38;2;156;205;57m██[38;2;0;0;0m██[38;2;0;0;0m██[38;2;0;0;0m██[38;2;98;139;8m██[38;2;98;139;8m██[38;2;0;0;0m██[38;2;197;238;74m██[38;2;197;238;74m██[38;2;197;238;74m██[38;2;197;238;74m██[38;2;197;238;74m██[38;2;197;238;74m██[38;2;0;0;0m██[38;2;0;0;0m██[38;2;197;238;74m██[38;2;0;0;0m██            
          [38;2;0;0;0m██[38;2;255;255;255m██[38;2;255;255;255m██[38;2;197;197;197m██[38;2;82;82;82m██[38;2;255;255;255m██[38;2;255;255;255m██[38;2;255;255;255m██[38;2;82;82;82m██[38;2;255;255;255m██[38;2;255;255;255m██[38;2;197;197;197m██[38;2;255;255;255m██[38;2;197;197;197m██[38;2;0;0;0m██[38;2;156;205;57m██[38;2;98;139;8m██[38;2;0;0;0m██[38;2;0;0;0m██[38;2;0;0;0m██[38;2;98;139;8m██[38;2;98;139;8m██[38;2;98;139;8m██[38;2;98;139;8m██[38;2;0;0;0m██[38;2;197;238;74m██[38;2;197;238;74m██[38;2;197;238;74m██[38;2;197;238;74m██[38;2;197;238;74m██[38;2;197;238;74m██[38;2;197;238;74m██[38;2;0;0;0m██[38;2;0;0;0m██[38;2;0;0;0m██            
          [38;2;0;0;0m██[38;2;255;255;255m██[38;2;255;255;255m██[38;2;0;0;0m██[38;2;0;0;0m██[38;2;197;197;197m██[38;2;255;255;255m██[38;2;197;197;197m██[38;2;0;0;0m██[38;2;197;197;197m██[38;2;255;255;255m██[38;2;0;0;0m██[38;2;255;255;255m██[38;2;255;255;255m██[38;2;0;0;0m██[38;2;156;205;57m██[38;2;0;0;0m██      [38;2;0;0;0m██[38;2;98;139;8m██[38;2;98;139;8m██[38;2;98;139;8m██[38;2;98;139;8m██[38;2;0;0;0m██[38;2;197;238;74m██[38;2;197;238;74m██[38;2;197;238;74m██[38;2;197;238;74m██[38;2;197;238;74m██[38;2;197;238;74m██[38;2;0;0;0m██                
        [38;2;0;0;0m██[38;2;197;197;197m██[38;2;255;255;255m██[38;2;0;0;0m██[38;2;0;0;0m██[38;2;156;205;57m██[38;2;0;0;0m██[38;2;255;255;255m██[38;2;0;0;0m██[38;2;156;205;57m██[38;2;0;0;0m██[38;2;255;255;255m██[38;2;0;0;0m██[38;2;0;0;0m██[38;2;255;255;255m██[38;2;0;0;0m██[38;2;156;205;57m██[38;2;0;0;0m██        [38;2;0;0;0m██[38;2;98;139;8m██[38;2;98;139;8m██[38;2;98;139;8m██[38;2;98;139;8m██[38;2;0;0;0m██[38;2;197;238;74m██[38;2;197;238;74m██[38;2;197;238;74m██[38;2;197;238;74m██[38;2;197;238;74m██[38;2;197;238;74m██[38;2;0;0;0m██              
        [38;2;0;0;0m██[38;2;255;255;255m██[38;2;0;0;0m██[38;2;82;82;82m██  [38;2;0;0;0m██[38;2;156;205;57m██[38;2;0;0;0m██[38;2;156;205;57m██[38;2;156;205;57m██[38;2;0;0;0m██[38;2;255;255;255m██[38;2;0;0;0m██[38;2;156;205;57m██[38;2;0;0;0m██[38;2;156;205;57m██[38;2;156;205;57m██[38;2;0;0;0m██        [38;2;0;0;0m██[38;2;98;139;8m██[38;2;98;139;8m██[38;2;98;139;8m██[38;2;0;0;0m██  [38;2;0;0;0m██[38;2;156;205;57m██[38;2;197;238;74m██[38;2;197;238;74m██[38;2;197;238;74m██[38;2;156;205;57m██[38;2;0;0;0m██              
        [38;2;0;0;0m██[38;2;0;0;0m██      [38;2;0;0;0m██[38;2;156;205;57m██[38;2;156;205;57m██[38;2;156;205;57m██[38;2;156;205;57m██[38;2;0;0;0m██[38;2;0;0;0m██[38;2;0;0;0m██[38;2;156;205;57m██[38;2;156;205;57m██[38;2;156;205;57m██[38;2;156;205;57m██[38;2;0;0;0m██        [38;2;0;0;0m██[38;2;98;139;8m██[38;2;98;139;8m██[38;2;98;139;8m██[38;2;0;0;0m██    [38;2;0;0;0m██[38;2;98;139;8m██[38;2;156;205;57m██[38;2;156;205;57m██[38;2;156;205;57m██[38;2;156;205;57m██[38;2;0;0;0m██            
                  [38;2;0;0;0m██[38;2;156;205;57m██[38;2;156;205;57m██[38;2;156;205;57m██[38;2;156;205;57m██[38;2;0;0;0m██  [38;2;0;0;0m██[38;2;156;205;57m██[38;2;156;205;57m██[38;2;156;205;57m██[38;2;156;205;57m██[38;2;0;0;0m██        [38;2;0;0;0m██[38;2;98;139;8m██[38;2;98;139;8m██[38;2;0;0;0m██        [38;2;0;0;0m██[38;2;156;205;57m██[38;2;156;205;57m██[38;2;156;205;57m██[38;2;156;205;57m██[38;2;0;0;0m██            
                    [38;2;0;0;0m██[38;2;197;238;74m██[38;2;156;205;57m██[38;2;156;205;57m██[38;2;0;0;0m██  [38;2;0;0;0m██[38;2;156;205;57m██[38;2;156;205;57m██[38;2;156;205;57m██[38;2;156;205;57m██[38;2;0;0;0m██      [38;2;0;0;0m██[38;2;98;139;8m██[38;2;98;139;8m██[38;2;98;139;8m██[38;2;0;0;0m██        [38;2;0;0;0m██[38;2;156;205;57m██[38;2;156;205;57m██[38;2;156;205;57m██[38;2;0;0;0m██              
                    [38;2;0;0;0m██[38;2;197;238;74m██[38;2;197;238;74m██[38;2;197;238;74m██[38;2;0;0;0m██  [38;2;0;0;0m██[38;2;197;238;74m██[38;2;197;238;74m██[38;2;156;205;57m██[38;2;156;205;57m██[38;2;0;0;0m██    [38;2;0;0;0m██[38;2;98;139;8m██[38;2;98;139;8m██[38;2;98;139;8m██[38;2;0;0;0m██          [38;2;0;0;0m██[38;2;156;205;57m██[38;2;156;205;57m██[38;2;156;205;57m██[38;2;0;0;0m██              
                    [38;2;0;0;0m██[38;2;197;238;74m██[38;2;197;238;74m██[38;2;197;238;74m██[38;2;0;0;0m██  [38;2;0;0;0m██[38;2;197;238;74m██[38;2;197;238;74m██[38;2;197;238;74m██[38;2;0;0;0m██      [38;2;0;0;0m██[38;2;98;139;8m██[38;2;98;139;8m██[38;2;98;139;8m██[38;2;0;0;0m██        [38;2;0;0;0m██[38;2;156;205;57m██[38;2;156;205;57m██[38;2;156;205;57m██[38;2;0;0;0m██                
                    [38;2;65;98;0m██[38;2;213;255;106m██[38;2;213;255;106m██[38;2;156;205;57m██[38;2;0;0;0m██  [38;2;0;0;0m██[38;2;197;238;74m██[38;2;197;238;74m██[38;2;197;238;74m██[38;2;0;0;0m██        [38;2;0;0;0m██[38;2;0;0;0m██[38;2;0;0;0m██          [38;2;0;0;0m██[38;2;197;238;74m██[38;2;197;238;74m██[38;2;156;205;57m██[38;2;0;0;0m██                
                  [38;2;0;0;0m██[38;2;213;255;106m██[38;2;213;255;106m██[38;2;156;205;57m██[38;2;0;0;0m██    [38;2;0;0;0m██[38;2;197;238;74m██[38;2;197;238;74m██[38;2;197;238;74m██[38;2;0;0;0m██                      [38;2;0;0;0m██[38;2;197;238;74m██[38;2;197;238;74m██[38;2;197;238;74m██[38;2;0;0;0m██                  
                  [38;2;0;0;0m██[38;2;156;205;57m██[38;2;98;139;8m██[38;2;156;205;57m██[38;2;0;0;0m██    [38;2;0;0;0m██[38;2;197;238;74m██[38;2;197;238;74m██[38;2;197;238;74m██[38;2;0;0;0m██                      [38;2;0;0;0m██[38;2;98;139;8m██[38;2;156;205;57m██[38;2;98;139;8m██[38;2;0;0;0m██                  
                    [38;2;0;0;0m██[38;2;0;0;0m██[38;2;0;0;0m██      [38;2;0;0;0m██[38;2;213;255;106m██[38;2;213;255;106m██[38;2;197;238;74m██[38;2;0;0;0m██                        [38;2;0;0;0m██[38;2;0;0;0m██[38;2;0;0;0m██                    
                              [38;2;0;0;0m██[38;2;213;255;106m██[38;2;213;255;106m██[38;2;213;255;106m██[38;2;0;0;0m██                                                    
                              [38;2;0;0;0m██[38;2;98;139;8m██[38;2;156;205;57m██[38;2;98;139;8m██[38;2;0;0;0m██                                                    
                                [38;2;0;0;0m██[38;2;0;0;0m██[38;2;0;0;0m██                                                      
