                                [38;2;110;103;107m██[38;2;110;103;107m██                                              
                              [38;2;110;103;107m██[38;2;210;205;185m██[38;2;110;103;107m██                                              
                            [38;2;110;103;107m██[38;2;210;205;185m██[38;2;210;205;185m██[38;2;110;103;107m██    [38;2;110;103;107m██[38;2;110;103;107m██[38;2;110;103;107m██[38;2;110;103;107m██                                  
                          [38;2;110;103;107m██[38;2;210;205;185m██[38;2;210;205;185m██[38;2;210;205;185m██[38;2;110;103;107m██[38;2;110;103;107m██[38;2;110;103;107m██[38;2;210;205;185m██[38;2;210;205;185m██[38;2;210;205;185m██[38;2;110;103;107m██                                  
                          [38;2;110;103;107m██[38;2;210;205;185m██[38;2;210;205;185m██[38;2;176;172;151m██[38;2;110;103;107m██[38;2;176;172;151m██[38;2;210;205;185m██[38;2;210;205;185m██[38;2;210;205;185m██[38;2;110;103;107m██                                    
                        [38;2;110;103;107m██[38;2;210;205;185m██[38;2;210;205;185m██[38;2;210;205;185m██[38;2;110;103;107m██[38;2;210;205;185m██[38;2;210;205;185m██[38;2;210;205;185m██[38;2;210;205;185m██[38;2;110;103;107m██                                      
                        [38;2;110;103;107m██[38;2;210;205;185m██[38;2;210;205;185m██[38;2;176;172;151m██[38;2;210;205;185m██[38;2;210;205;185m██[38;2;210;205;185m██[38;2;210;205;185m██[38;2;110;103;107m██                                        
                      [38;2;110;103;107m██[38;2;210;205;185m██[38;2;210;205;185m██[38;2;158;152;141m██[38;2;158;152;141m██[38;2;16;16;16m██[38;2;210;205;185m██[38;2;210;205;185m██[38;2;176;172;151m██[38;2;110;103;107m██[38;2;110;103;107m██  [38;2;110;103;107m██[38;2;110;103;107m██[38;2;110;103;107m██            [38;2;158;152;141m██[38;2;158;152;141m██[38;2;158;152;141m██[38;2;158;152;141m██          
                      [38;2;110;103;107m██[38;2;158;152;141m██[38;2;158;152;141m██[38;2;244;244;244m██[38;2;244;244;244m██[38;2;16;16;16m██[38;2;210;205;185m██[38;2;158;152;141m██[38;2;158;152;141m██[38;2;158;152;141m██[38;2;158;152;141m██[38;2;110;103;107m██[38;2;210;205;185m██[38;2;210;205;185m██[38;2;210;205;185m██[38;2;110;103;107m██      [38;2;158;152;141m██[38;2;158;152;141m██[38;2;200;196;195m██[38;2;200;196;195m██[38;2;200;196;195m██[38;2;16;16;16m██          
            [38;2;110;103;107m██[38;2;110;103;107m██[38;2;110;103;107m██  [38;2;110;103;107m██[38;2;158;152;141m██[38;2;244;244;244m██[38;2;244;244;244m██[38;2;244;244;244m██[38;2;200;196;195m██[38;2;16;16;16m██[38;2;158;152;141m██[38;2;244;244;244m██[38;2;244;244;244m██[38;2;244;244;244m██[38;2;16;16;16m██[38;2;176;172;151m██[38;2;210;205;185m██[38;2;210;205;185m██[38;2;210;205;185m██[38;2;210;205;185m██[38;2;16;16;16m██  [38;2;158;152;141m██[38;2;200;196;195m██[38;2;200;196;195m██[38;2;200;196;195m██[38;2;200;196;195m██[38;2;16;16;16m██            
          [38;2;110;103;107m██[38;2;210;205;185m██[38;2;210;205;185m██[38;2;210;205;185m██[38;2;110;103;107m██[38;2;158;152;141m██[38;2;244;244;244m██[38;2;244;244;244m██[38;2;244;244;244m██[38;2;200;196;195m██[38;2;16;16;16m██[38;2;200;196;195m██[38;2;244;244;244m██[38;2;244;244;244m██[38;2;200;196;195m██[38;2;16;16;16m██[38;2;176;172;151m██[38;2;210;205;185m██[38;2;210;205;185m██[38;2;210;205;185m██[38;2;210;205;185m██[38;2;210;205;185m██[38;2;16;16;16m██[38;2;158;152;141m██[38;2;200;196;195m██[38;2;200;196;195m██[38;2;200;196;195m██[38;2;200;196;195m██[38;2;158;152;141m██[38;2;158;152;141m██[38;2;158;152;141m██[38;2;158;152;141m██        
        [38;2;110;103;107m██[38;2;210;205;185m██[38;2;210;205;185m██[38;2;210;205;185m██[38;2;210;205;185m██[38;2;176;172;151m██[38;2;158;152;141m██[38;2;244;244;244m██[38;2;244;244;244m██[38;2;200;196;195m██[38;2;158;152;141m██[38;2;244;244;244m██[38;2;244;244;244m██[38;2;244;244;244m██[38;2;200;196;195m██[38;2;16;16;16m██[38;2;158;152;141m██[38;2;158;152;141m██[38;2;210;205;185m██[38;2;210;205;185m██[38;2;210;205;185m██[38;2;210;205;185m██[38;2;176;172;151m██[38;2;16;16;16m██[38;2;200;196;195m██[38;2;200;196;195m██[38;2;200;196;195m██[38;2;200;196;195m██[38;2;200;196;195m██[38;2;200;196;195m██[38;2;200;196;195m██[38;2;200;196;195m██[38;2;16;16;16m██        
        [38;2;110;103;107m██[38;2;210;205;185m██[38;2;210;205;185m██[38;2;210;205;185m██[38;2;210;205;185m██[38;2;158;152;141m██[38;2;200;196;195m██[38;2;200;196;195m██[38;2;244;244;244m██[38;2;244;244;244m██[38;2;244;244;244m██[38;2;244;244;244m██[38;2;200;196;195m██[38;2;200;196;195m██[38;2;158;152;141m██[38;2;200;196;195m██[38;2;244;244;244m██[38;2;244;244;244m██[38;2;158;152;141m██[38;2;158;152;141m██[38;2;210;205;185m██[38;2;176;172;151m██[38;2;110;103;107m██[38;2;16;16;16m██[38;2;200;196;195m██[38;2;200;196;195m██[38;2;200;196;195m██[38;2;200;196;195m██[38;2;200;196;195m██[38;2;200;196;195m██[38;2;200;196;195m██[38;2;16;16;16m██          
        [38;2;16;16;16m██[38;2;176;172;151m██[38;2;210;205;185m██[38;2;210;205;185m██[38;2;158;152;141m██[38;2;158;152;141m██[38;2;244;244;244m██[38;2;244;244;244m██[38;2;244;244;244m██[38;2;244;244;244m██[38;2;244;244;244m██[38;2;244;244;244m██[38;2;244;244;244m██[38;2;244;244;244m██[38;2;244;244;244m██[38;2;244;244;244m██[38;2;244;244;244m██[38;2;244;244;244m██[38;2;244;244;244m██[38;2;244;244;244m██[38;2;16;16;16m██[38;2;176;172;151m██[38;2;176;172;151m██[38;2;110;103;107m██[38;2;200;196;195m██[38;2;200;196;195m██[38;2;200;196;195m██[38;2;200;196;195m██[38;2;158;152;141m██[38;2;158;152;141m██[38;2;158;152;141m██[38;2;158;152;141m██          
          [38;2;16;16;16m██[38;2;210;205;185m██[38;2;158;152;141m██[38;2;244;244;244m██[38;2;244;244;244m██[38;2;244;244;244m██[38;2;244;244;244m██[38;2;244;244;244m██[38;2;244;244;244m██[38;2;244;244;244m██[38;2;244;244;244m██[38;2;244;244;244m██[38;2;244;244;244m██[38;2;200;196;195m██[38;2;38;38;40m██[38;2;38;38;40m██[38;2;244;244;244m██[38;2;200;196;195m██[38;2;244;244;244m██[38;2;200;196;195m██[38;2;16;16;16m██[38;2;176;172;151m██[38;2;176;172;151m██[38;2;16;16;16m██[38;2;200;196;195m██[38;2;158;152;141m██[38;2;158;152;141m██[38;2;244;244;244m██[38;2;244;244;244m██[38;2;244;244;244m██[38;2;244;244;244m██[38;2;158;152;141m██[38;2;158;152;141m██      
            [38;2;16;16;16m██[38;2;158;152;141m██[38;2;38;38;40m██[38;2;38;38;40m██[38;2;244;244;244m██[38;2;244;244;244m██[38;2;244;244;244m██[38;2;244;244;244m██[38;2;244;244;244m██[38;2;244;244;244m██[38;2;244;244;244m██[38;2;200;196;195m██[38;2;38;38;40m██[38;2;38;38;40m██[38;2;38;38;40m██[38;2;244;244;244m██[38;2;244;244;244m██[38;2;16;16;16m██[38;2;16;16;16m██[38;2;176;172;151m██[38;2;176;172;151m██[38;2;176;172;151m██[38;2;16;16;16m██[38;2;158;152;141m██[38;2;200;196;195m██[38;2;244;244;244m██[38;2;244;244;244m██[38;2;244;244;244m██[38;2;244;244;244m██[38;2;244;244;244m██[38;2;244;244;244m██[38;2;244;244;244m██[38;2;158;152;141m██    
            [38;2;16;16;16m██[38;2;244;244;244m██[38;2;38;38;40m██[38;2;38;38;40m██[38;2;200;196;195m██[38;2;244;244;244m██[38;2;244;244;244m██[38;2;244;244;244m██[38;2;244;244;244m██[38;2;244;244;244m██[38;2;244;244;244m██[38;2;200;196;195m██[38;2;38;38;40m██[38;2;38;38;40m██[38;2;244;244;244m██[38;2;244;244;244m██[38;2;244;244;244m██[38;2;244;244;244m██[38;2;16;16;16m██[38;2;176;172;151m██[38;2;176;172;151m██[38;2;110;103;107m██[38;2;110;103;107m██[38;2;200;196;195m██[38;2;200;196;195m██[38;2;200;196;195m██[38;2;244;244;244m██[38;2;244;244;244m██[38;2;244;244;244m██[38;2;244;244;244m██[38;2;244;244;244m██[38;2;244;244;244m██[38;2;244;244;244m██[38;2;158;152;141m██  
            [38;2;16;16;16m██[38;2;244;244;244m██[38;2;244;244;244m██[38;2;38;38;40m██[38;2;38;38;40m██[38;2;200;196;195m██[38;2;244;244;244m██[38;2;244;244;244m██[38;2;244;244;244m██[38;2;244;244;244m██[38;2;200;196;195m██[38;2;38;38;40m██[38;2;38;38;40m██[38;2;244;244;244m██[38;2;244;244;244m██[38;2;200;196;195m██[38;2;158;152;141m██[38;2;16;16;16m██[38;2;176;172;151m██[38;2;176;172;151m██[38;2;210;205;185m██[38;2;210;205;185m██[38;2;176;172;151m██[38;2;110;103;107m██[38;2;110;103;107m██[38;2;200;196;195m██[38;2;244;244;244m██[38;2;244;244;244m██[38;2;244;244;244m██[38;2;244;244;244m██[38;2;244;244;244m██[38;2;200;196;195m██[38;2;244;244;244m██[38;2;244;244;244m██[38;2;158;152;141m██
            [38;2;16;16;16m██[38;2;16;16;16m██[38;2;244;244;244m██[38;2;244;244;244m██[38;2;38;38;40m██[38;2;38;38;40m██[38;2;244;244;244m██[38;2;244;244;244m██[38;2;244;244;244m██[38;2;244;244;244m██[38;2;38;38;40m██[38;2;158;152;141m██[38;2;158;152;141m██[38;2;158;152;141m██[38;2;158;152;141m██[38;2;176;172;151m██[38;2;210;205;185m██[38;2;210;205;185m██[38;2;210;205;185m██[38;2;210;205;185m██[38;2;210;205;185m██[38;2;210;205;185m██[38;2;210;205;185m██[38;2;176;172;151m██[38;2;176;172;151m██[38;2;110;103;107m██[38;2;200;196;195m██[38;2;244;244;244m██[38;2;244;244;244m██[38;2;244;244;244m██[38;2;244;244;244m██[38;2;200;196;195m██[38;2;158;152;141m██[38;2;16;16;16m██[38;2;16;16;16m██
          [38;2;110;103;107m██[38;2;110;103;107m██[38;2;210;205;185m██[38;2;16;16;16m██[38;2;16;16;16m██[38;2;158;152;141m██[38;2;158;152;141m██[38;2;158;152;141m██[38;2;158;152;141m██[38;2;158;152;141m██[38;2;158;152;141m██[38;2;158;152;141m██[38;2;38;38;40m██[38;2;254;254;254m██[38;2;38;38;40m██[38;2;38;38;40m██[38;2;210;205;185m██[38;2;210;205;185m██[38;2;210;205;185m██[38;2;210;205;185m██[38;2;210;205;185m██[38;2;210;205;185m██[38;2;210;205;185m██[38;2;210;205;185m██[38;2;210;205;185m██[38;2;210;205;185m██[38;2;176;172;151m██[38;2;16;16;16m██[38;2;16;16;16m██[38;2;16;16;16m██[38;2;200;196;195m██[38;2;244;244;244m██[38;2;244;244;244m██[38;2;158;152;141m██    
        [38;2;110;103;107m██[38;2;210;205;185m██[38;2;210;205;185m██[38;2;210;205;185m██[38;2;210;205;185m██[38;2;38;38;40m██[38;2;38;38;40m██[38;2;254;254;254m██[38;2;176;172;151m██[38;2;210;205;185m██[38;2;210;205;185m██[38;2;210;205;185m██[38;2;210;205;185m██[38;2;38;38;40m██[38;2;38;38;40m██[38;2;92;86;83m██[38;2;38;38;40m██[38;2;210;205;185m██[38;2;210;205;185m██[38;2;210;205;185m██[38;2;210;205;185m██[38;2;210;205;185m██[38;2;210;205;185m██[38;2;176;172;151m██[38;2;176;172;151m██[38;2;176;172;151m██[38;2;16;16;16m██[38;2;16;16;16m██      [38;2;16;16;16m██[38;2;16;16;16m██[38;2;244;244;244m██[38;2;158;152;141m██    
      [38;2;110;103;107m██[38;2;210;205;185m██[38;2;210;205;185m██[38;2;210;205;185m██[38;2;210;205;185m██[38;2;210;205;185m██[38;2;38;38;40m██[38;2;92;86;83m██[38;2;38;38;40m██[38;2;176;172;151m██[38;2;176;172;151m██[38;2;199;93;87m██[38;2;199;93;87m██[38;2;199;93;87m██[38;2;176;172;151m██[38;2;38;38;40m██[38;2;38;38;40m██[38;2;176;172;151m██[38;2;210;205;185m██[38;2;210;205;185m██[38;2;210;205;185m██[38;2;210;205;185m██[38;2;210;205;185m██[38;2;176;172;151m██[38;2;176;172;151m██[38;2;110;103;107m██[38;2;16;16;16m██              [38;2;16;16;16m██[38;2;16;16;16m██    
      [38;2;16;16;16m██[38;2;16;16;16m██[38;2;110;103;107m██[38;2;176;172;151m██[38;2;210;205;185m██[38;2;210;205;185m██[38;2;176;172;151m██[38;2;38;38;40m██[38;2;38;38;40m██[38;2;199;93;87m██[38;2;199;93;87m██[38;2;249;147;80m██[38;2;249;147;80m██[38;2;249;147;80m██[38;2;199;93;87m██[38;2;199;93;87m██[38;2;210;205;185m██[38;2;210;205;185m██[38;2;210;205;185m██[38;2;210;205;185m██[38;2;210;205;185m██[38;2;210;205;185m██[38;2;210;205;185m██[38;2;210;205;185m██[38;2;176;172;151m██[38;2;176;172;151m██[38;2;110;103;107m██[38;2;16;16;16m██                    
          [38;2;110;103;107m██[38;2;176;172;151m██[38;2;176;172;151m██[38;2;210;205;185m██[38;2;210;205;185m██[38;2;210;205;185m██[38;2;210;205;185m██[38;2;199;93;87m██[38;2;249;147;80m██[38;2;92;86;83m██[38;2;92;86;83m██[38;2;249;147;80m██[38;2;249;147;80m██[38;2;199;93;87m██[38;2;210;205;185m██[38;2;210;205;185m██[38;2;210;205;185m██[38;2;210;205;185m██[38;2;210;205;185m██[38;2;210;205;185m██[38;2;176;172;151m██[38;2;210;205;185m██[38;2;210;205;185m██[38;2;210;205;185m██[38;2;176;172;151m██[38;2;176;172;151m██[38;2;16;16;16m██                  
        [38;2;110;103;107m██[38;2;210;205;185m██[38;2;210;205;185m██[38;2;110;103;107m██[38;2;210;205;185m██[38;2;210;205;185m██[38;2;210;205;185m██[38;2;199;93;87m██[38;2;249;147;80m██[38;2;249;147;80m██[38;2;249;147;80m██[38;2;199;93;87m██[38;2;249;147;80m██[38;2;249;147;80m██[38;2;249;147;80m██[38;2;199;93;87m██[38;2;210;205;185m██[38;2;210;205;185m██[38;2;210;205;185m██[38;2;176;172;151m██[38;2;176;172;151m██[38;2;176;172;151m██[38;2;176;172;151m██[38;2;176;172;151m██[38;2;176;172;151m██[38;2;176;172;151m██[38;2;16;16;16m██[38;2;16;16;16m██                  
      [38;2;110;103;107m██[38;2;210;205;185m██[38;2;176;172;151m██[38;2;176;172;151m██[38;2;110;103;107m██[38;2;176;172;151m██[38;2;210;205;185m██[38;2;210;205;185m██[38;2;199;93;87m██[38;2;249;147;80m██[38;2;249;147;80m██[38;2;165;68;83m██[38;2;199;93;87m██[38;2;165;68;83m██[38;2;249;147;80m██[38;2;249;147;80m██[38;2;199;93;87m██[38;2;176;172;151m██[38;2;176;172;151m██[38;2;176;172;151m██[38;2;176;172;151m██[38;2;176;172;151m██[38;2;110;103;107m██[38;2;176;172;151m██[38;2;176;172;151m██[38;2;16;16;16m██[38;2;16;16;16m██                      
      [38;2;16;16;16m██[38;2;16;16;16m██[38;2;110;103;107m██[38;2;176;172;151m██[38;2;176;172;151m██[38;2;110;103;107m██[38;2;176;172;151m██[38;2;176;172;151m██[38;2;199;93;87m██[38;2;249;147;80m██[38;2;249;147;80m██[38;2;165;68;83m██[38;2;249;147;80m██[38;2;249;147;80m██[38;2;165;68;83m██[38;2;249;147;80m██[38;2;199;93;87m██[38;2;176;172;151m██[38;2;176;172;151m██[38;2;176;172;151m██[38;2;176;172;151m██[38;2;110;103;107m██[38;2;16;16;16m██[38;2;16;16;16m██[38;2;16;16;16m██    [38;2;52;48;47m██[38;2;52;48;47m██[38;2;16;16;16m██[38;2;16;16;16m██              
  [38;2;16;16;16m██[38;2;52;48;47m██[38;2;52;48;47m██    [38;2;16;16;16m██[38;2;16;16;16m██[38;2;16;16;16m██[38;2;110;103;107m██[38;2;176;172;151m██[38;2;176;172;151m██[38;2;199;93;87m██[38;2;249;147;80m██[38;2;249;147;80m██[38;2;199;93;87m██[38;2;249;147;80m██[38;2;249;147;80m██[38;2;199;93;87m██[38;2;176;172;151m██[38;2;176;172;151m██[38;2;176;172;151m██[38;2;110;103;107m██[38;2;16;16;16m██          [38;2;52;48;47m██[38;2;92;86;83m██[38;2;92;86;83m██[38;2;52;48;47m██[38;2;92;86;83m██[38;2;16;16;16m██            
[38;2;16;16;16m██[38;2;52;48;47m██[38;2;92;86;83m██[38;2;52;48;47m██[38;2;52;48;47m██[38;2;52;48;47m██        [38;2;16;16;16m██[38;2;16;16;16m██[38;2;176;172;151m██[38;2;176;172;151m██[38;2;199;93;87m██[38;2;199;93;87m██[38;2;199;93;87m██[38;2;199;93;87m██[38;2;176;172;151m██[38;2;176;172;151m██[38;2;110;103;107m██[38;2;110;103;107m██[38;2;16;16;16m██          [38;2;52;48;47m██[38;2;52;48;47m██[38;2;52;48;47m██[38;2;92;86;83m██[38;2;92;86;83m██[38;2;52;48;47m██[38;2;16;16;16m██            
[38;2;16;16;16m██[38;2;92;86;83m██[38;2;52;48;47m██[38;2;92;86;83m██[38;2;92;86;83m██[38;2;52;48;47m██[38;2;52;48;47m██          [38;2;16;16;16m██[38;2;16;16;16m██[38;2;110;103;107m██[38;2;110;103;107m██[38;2;176;172;151m██[38;2;176;172;151m██[38;2;176;172;151m██[38;2;176;172;151m██[38;2;176;172;151m██[38;2;176;172;151m██[38;2;110;103;107m██        [38;2;52;48;47m██[38;2;92;86;83m██[38;2;92;86;83m██[38;2;92;86;83m██[38;2;52;48;47m██[38;2;92;86;83m██[38;2;52;48;47m██[38;2;16;16;16m██            
[38;2;16;16;16m██[38;2;92;86;83m██[38;2;52;48;47m██[38;2;92;86;83m██[38;2;52;48;47m██[38;2;92;86;83m██[38;2;92;86;83m██[38;2;52;48;47m██      [38;2;110;103;107m██[38;2;176;172;151m██[38;2;110;103;107m██[38;2;244;244;244m██[38;2;176;172;151m██[38;2;176;172;151m██[38;2;176;172;151m██[38;2;200;196;195m██[38;2;244;244;244m██[38;2;176;172;151m██[38;2;176;172;151m██[38;2;176;172;151m██[38;2;110;103;107m██    [38;2;110;103;107m██[38;2;52;48;47m██[38;2;92;86;83m██[38;2;52;48;47m██[38;2;92;86;83m██[38;2;52;48;47m██[38;2;92;86;83m██[38;2;52;48;47m██              
  [38;2;52;48;47m██[38;2;110;103;107m██[38;2;92;86;83m██[38;2;52;48;47m██[38;2;92;86;83m██[38;2;92;86;83m██[38;2;52;48;47m██[38;2;16;16;16m██  [38;2;110;103;107m██[38;2;210;205;185m██[38;2;176;172;151m██[38;2;110;103;107m██[38;2;244;244;244m██[38;2;244;244;244m██[38;2;176;172;151m██[38;2;244;244;244m██[38;2;244;244;244m██[38;2;244;244;244m██[38;2;176;172;151m██[38;2;176;172;151m██[38;2;176;172;151m██[38;2;176;172;151m██[38;2;110;103;107m██[38;2;110;103;107m██[38;2;210;205;185m██[38;2;210;205;185m██[38;2;52;48;47m██[38;2;52;48;47m██[38;2;92;86;83m██[38;2;110;103;107m██[38;2;110;103;107m██[38;2;16;16;16m██              
  [38;2;16;16;16m██[38;2;176;172;151m██[38;2;110;103;107m██[38;2;110;103;107m██[38;2;92;86;83m██[38;2;52;48;47m██[38;2;52;48;47m██[38;2;210;205;185m██[38;2;16;16;16m██[38;2;110;103;107m██[38;2;210;205;185m██[38;2;176;172;151m██[38;2;110;103;107m██[38;2;244;244;244m██[38;2;244;244;244m██[38;2;244;244;244m██[38;2;244;244;244m██[38;2;244;244;244m██[38;2;200;196;195m██[38;2;176;172;151m██[38;2;110;103;107m██[38;2;176;172;151m██[38;2;176;172;151m██[38;2;110;103;107m██[38;2;210;205;185m██[38;2;210;205;185m██[38;2;210;205;185m██[38;2;210;205;185m██[38;2;110;103;107m██[38;2;110;103;107m██[38;2;176;172;151m██[38;2;176;172;151m██[38;2;16;16;16m██              
  [38;2;16;16;16m██[38;2;176;172;151m██[38;2;176;172;151m██[38;2;176;172;151m██[38;2;110;103;107m██[38;2;110;103;107m██[38;2;176;172;151m██[38;2;210;205;185m██[38;2;110;103;107m██[38;2;210;205;185m██[38;2;210;205;185m██[38;2;110;103;107m██[38;2;210;205;185m██[38;2;176;172;151m██[38;2;244;244;244m██[38;2;176;172;151m██[38;2;244;244;244m██[38;2;244;244;244m██[38;2;176;172;151m██[38;2;176;172;151m██[38;2;16;16;16m██[38;2;176;172;151m██[38;2;176;172;151m██[38;2;210;205;185m██[38;2;210;205;185m██[38;2;210;205;185m██[38;2;210;205;185m██[38;2;176;172;151m██[38;2;176;172;151m██[38;2;176;172;151m██[38;2;176;172;151m██[38;2;16;16;16m██                
    [38;2;16;16;16m██[38;2;176;172;151m██[38;2;176;172;151m██[38;2;176;172;151m██[38;2;176;172;151m██[38;2;176;172;151m██[38;2;176;172;151m██[38;2;210;205;185m██[38;2;210;205;185m██[38;2;176;172;151m██[38;2;110;103;107m██[38;2;210;205;185m██[38;2;210;205;185m██[38;2;176;172;151m██[38;2;210;205;185m██[38;2;176;172;151m██[38;2;176;172;151m██[38;2;210;205;185m██[38;2;210;205;185m██[38;2;176;172;151m██[38;2;16;16;16m██[38;2;176;172;151m██[38;2;176;172;151m██[38;2;210;205;185m██[38;2;210;205;185m██[38;2;176;172;151m██[38;2;176;172;151m██[38;2;176;172;151m██[38;2;176;172;151m██[38;2;16;16;16m██                  
      [38;2;16;16;16m██[38;2;16;16;16m██[38;2;176;172;151m██[38;2;176;172;151m██[38;2;176;172;151m██[38;2;176;172;151m██[38;2;176;172;151m██[38;2;16;16;16m██[38;2;16;16;16m██[38;2;110;103;107m██[38;2;210;205;185m██[38;2;210;205;185m██[38;2;210;205;185m██[38;2;210;205;185m██[38;2;210;205;185m██[38;2;210;205;185m██[38;2;210;205;185m██[38;2;210;205;185m██[38;2;210;205;185m██[38;2;16;16;16m██[38;2;16;16;16m██[38;2;16;16;16m██[38;2;176;172;151m██[38;2;176;172;151m██[38;2;176;172;151m██[38;2;176;172;151m██[38;2;16;16;16m██[38;2;16;16;16m██                    
          [38;2;16;16;16m██[38;2;16;16;16m██[38;2;16;16;16m██[38;2;16;16;16m██[38;2;16;16;16m██    [38;2;110;103;107m██[38;2;210;205;185m██[38;2;210;205;185m██[38;2;210;205;185m██[38;2;210;205;185m██[38;2;210;205;185m██[38;2;210;205;185m██[38;2;210;205;185m██[38;2;210;205;185m██[38;2;210;205;185m██[38;2;16;16;16m██[38;2;92;86;83m██[38;2;52;48;47m██[38;2;16;16;16m██[38;2;16;16;16m██[38;2;16;16;16m██[38;2;16;16;16m██                        
                      [38;2;110;103;107m██[38;2;176;172;151m██[38;2;210;205;185m██[38;2;210;205;185m██[38;2;210;205;185m██[38;2;210;205;185m██[38;2;210;205;185m██[38;2;210;205;185m██[38;2;210;205;185m██[38;2;210;205;185m██[38;2;210;205;185m██[38;2;210;205;185m██[38;2;16;16;16m██[38;2;92;86;83m██[38;2;92;86;83m██[38;2;16;16;16m██                            
                  [38;2;110;103;107m██[38;2;110;103;107m██[38;2;210;205;185m██[38;2;210;205;185m██[38;2;210;205;185m██[38;2;210;205;185m██[38;2;210;205;185m██[38;2;210;205;185m██[38;2;210;205;185m██[38;2;210;205;185m██[38;2;176;172;151m██[38;2;210;205;185m██[38;2;210;205;185m██[38;2;210;205;185m██[38;2;210;205;185m██[38;2;16;16;16m██[38;2;16;16;16m██                              
              [38;2;110;103;107m██[38;2;110;103;107m██[38;2;210;205;185m██[38;2;210;205;185m██[38;2;210;205;185m██[38;2;210;205;185m██[38;2;176;172;151m██[38;2;110;103;107m██[38;2;176;172;151m██[38;2;176;172;151m██[38;2;176;172;151m██[38;2;110;103;107m██[38;2;176;172;151m██[38;2;210;205;185m██[38;2;210;205;185m██[38;2;210;205;185m██[38;2;210;205;185m██[38;2;210;205;185m██[38;2;16;16;16m██                              
            [38;2;110;103;107m██[38;2;210;205;185m██[38;2;210;205;185m██[38;2;210;205;185m██[38;2;210;205;185m██[38;2;210;205;185m██[38;2;210;205;185m██[38;2;176;172;151m██[38;2;176;172;151m██[38;2;16;16;16m██[38;2;16;16;16m██[38;2;16;16;16m██[38;2;16;16;16m██[38;2;16;16;16m██[38;2;210;205;185m██[38;2;210;205;185m██[38;2;210;205;185m██[38;2;210;205;185m██[38;2;210;205;185m██[38;2;210;205;185m██[38;2;16;16;16m██                            
          [38;2;110;103;107m██[38;2;210;205;185m██[38;2;210;205;185m██[38;2;210;205;185m██[38;2;210;205;185m██[38;2;210;205;185m██[38;2;210;205;185m██[38;2;176;172;151m██[38;2;176;172;151m██[38;2;16;16;16m██[38;2;16;16;16m██        [38;2;16;16;16m██[38;2;210;205;185m██[38;2;210;205;185m██[38;2;210;205;185m██[38;2;210;205;185m██[38;2;210;205;185m██[38;2;16;16;16m██                            
          [38;2;110;103;107m██[38;2;210;205;185m██[38;2;210;205;185m██[38;2;210;205;185m██[38;2;210;205;185m██[38;2;210;205;185m██[38;2;176;172;151m██[38;2;110;103;107m██[38;2;16;16;16m██            [38;2;16;16;16m██[38;2;176;172;151m██[38;2;210;205;185m██[38;2;210;205;185m██[38;2;210;205;185m██[38;2;176;172;151m██[38;2;176;172;151m██[38;2;16;16;16m██                          
          [38;2;16;16;16m██[38;2;176;172;151m██[38;2;210;205;185m██[38;2;210;205;185m██[38;2;176;172;151m██[38;2;176;172;151m██[38;2;110;103;107m██[38;2;16;16;16m██                [38;2;16;16;16m██[38;2;176;172;151m██[38;2;176;172;151m██[38;2;176;172;151m██[38;2;176;172;151m██[38;2;176;172;151m██[38;2;16;16;16m██                          
          [38;2;16;16;16m██[38;2;176;172;151m██[38;2;176;172;151m██[38;2;176;172;151m██[38;2;176;172;151m██[38;2;176;172;151m██[38;2;176;172;151m██[38;2;16;16;16m██                [38;2;16;16;16m██[38;2;176;172;151m██[38;2;176;172;151m██[38;2;176;172;151m██[38;2;176;172;151m██[38;2;176;172;151m██[38;2;176;172;151m██[38;2;16;16;16m██                        
            [38;2;110;103;107m██[38;2;176;172;151m██[38;2;176;172;151m██[38;2;176;172;151m██[38;2;176;172;151m██[38;2;176;172;151m██[38;2;16;16;16m██                  [38;2;16;16;16m██[38;2;176;172;151m██[38;2;176;172;151m██[38;2;176;172;151m██[38;2;176;172;151m██[38;2;176;172;151m██[38;2;16;16;16m██                        
            [38;2;16;16;16m██[38;2;176;172;151m██[38;2;176;172;151m██[38;2;176;172;151m██[38;2;176;172;151m██[38;2;176;172;151m██[38;2;176;172;151m██[38;2;16;16;16m██                [38;2;16;16;16m██[38;2;176;172;151m██[38;2;176;172;151m██[38;2;176;172;151m██[38;2;176;172;151m██[38;2;176;172;151m██[38;2;110;103;107m██[38;2;16;16;16m██                      
        [38;2;52;48;47m██  [38;2;16;16;16m██[38;2;176;172;151m██[38;2;176;172;151m██[38;2;176;172;151m██[38;2;176;172;151m██[38;2;176;172;151m██[38;2;176;172;151m██[38;2;16;16;16m██                [38;2;16;16;16m██[38;2;176;172;151m██[38;2;176;172;151m██[38;2;176;172;151m██[38;2;176;172;151m██[38;2;176;172;151m██[38;2;176;172;151m██[38;2;16;16;16m██                      
        [38;2;52;48;47m██[38;2;52;48;47m██[38;2;16;16;16m██[38;2;176;172;151m██[38;2;52;48;47m██[38;2;176;172;151m██[38;2;176;172;151m██[38;2;176;172;151m██[38;2;176;172;151m██[38;2;176;172;151m██[38;2;16;16;16m██              [38;2;16;16;16m██[38;2;176;172;151m██[38;2;176;172;151m██[38;2;176;172;151m██[38;2;176;172;151m██[38;2;176;172;151m██[38;2;176;172;151m██[38;2;110;103;107m██  [38;2;52;48;47m██                  
        [38;2;52;48;47m██[38;2;92;86;83m██[38;2;52;48;47m██[38;2;110;103;107m██[38;2;92;86;83m██[38;2;52;48;47m██[38;2;176;172;151m██[38;2;176;172;151m██[38;2;176;172;151m██[38;2;176;172;151m██[38;2;16;16;16m██              [38;2;16;16;16m██[38;2;176;172;151m██[38;2;176;172;151m██[38;2;176;172;151m██[38;2;176;172;151m██[38;2;52;48;47m██[38;2;176;172;151m██[38;2;176;172;151m██[38;2;16;16;16m██[38;2;52;48;47m██                  
        [38;2;52;48;47m██[38;2;92;86;83m██[38;2;92;86;83m██[38;2;52;48;47m██[38;2;92;86;83m██[38;2;92;86;83m██[38;2;52;48;47m██[38;2;176;172;151m██[38;2;176;172;151m██[38;2;176;172;151m██[38;2;16;16;16m██              [38;2;16;16;16m██[38;2;176;172;151m██[38;2;176;172;151m██[38;2;176;172;151m██[38;2;52;48;47m██[38;2;92;86;83m██[38;2;52;48;47m██[38;2;176;172;151m██[38;2;92;86;83m██[38;2;52;48;47m██                  
          [38;2;16;16;16m██[38;2;16;16;16m██[38;2;92;86;83m██[38;2;92;86;83m██[38;2;92;86;83m██[38;2;92;86;83m██[38;2;52;48;47m██[38;2;16;16;16m██[38;2;16;16;16m██                [38;2;16;16;16m██[38;2;176;172;151m██[38;2;176;172;151m██[38;2;110;103;107m██[38;2;92;86;83m██[38;2;92;86;83m██[38;2;92;86;83m██[38;2;52;48;47m██[38;2;92;86;83m██[38;2;52;48;47m██                  
              [38;2;16;16;16m██[38;2;16;16;16m██[38;2;16;16;16m██[38;2;16;16;16m██[38;2;16;16;16m██                      [38;2;16;16;16m██[38;2;110;103;107m██[38;2;52;48;47m██[38;2;92;86;83m██[38;2;92;86;83m██[38;2;92;86;83m██[38;2;92;86;83m██[38;2;92;86;83m██[38;2;16;16;16m██                  
                                                [38;2;16;16;16m██[38;2;16;16;16m██[38;2;16;16;16m██[38;2;16;16;16m██[38;2;16;16;16m██[38;2;16;16;16m██[38;2;16;16;16m██                    
