                                                                                                                                            [38;2;90;106;197m██[38;2;90;106;197m██                                            
                                                                                                                                        [38;2;90;106;197m██[38;2;90;106;197m██  [38;2;32;41;82m██                                            
                                                                                                                                      [38;2;32;41;82m██  [38;2;238;246;255m██[38;2;32;41;82m██                                              
                                                                                                                                  [38;2;32;41;82m██[38;2;32;41;82m██[38;2;238;246;255m██[38;2;238;246;255m██  [38;2;32;41;82m██                                              
                                                                                                                    [38;2;90;106;197m██[38;2;90;106;197m██        [38;2;32;41;82m██[38;2;90;106;197m██[38;2;238;246;255m██[38;2;238;246;255m██  [38;2;90;106;197m██                                                
                                                                                                                    [38;2;32;41;82m██[38;2;139;156;230m██[38;2;90;106;197m██[38;2;90;106;197m██  [38;2;32;41;82m██[38;2;90;106;197m██        [38;2;90;106;197m██                                                
                                                                                                              [38;2;32;41;82m██[38;2;32;41;82m██  [38;2;32;41;82m██[38;2;139;156;230m██[38;2;139;156;230m██[38;2;139;156;230m██[38;2;32;41;82m██[38;2;90;106;197m██        [38;2;90;106;197m██                                                  
                                                                                                            [38;2;32;41;82m██[38;2;139;156;230m██[38;2;90;106;197m██[38;2;32;41;82m██[38;2;139;156;230m██[38;2;139;156;230m██[38;2;139;156;230m██[38;2;32;41;82m██[38;2;139;156;230m██[38;2;139;156;230m██      [38;2;90;106;197m██                                                    
                                                                                                            [38;2;32;41;82m██[38;2;139;156;230m██[38;2;139;156;230m██[38;2;32;41;82m██[38;2;139;156;230m██[38;2;139;156;230m██[38;2;32;41;82m██[38;2;41;74;82m██[38;2;41;74;82m██[38;2;41;74;82m██[38;2;139;156;230m██    [38;2;32;41;82m██                                                    
                                                                                                          [38;2;32;41;82m██[38;2;238;246;255m██[38;2;139;156;230m██[38;2;90;106;197m██[38;2;32;41;82m██[38;2;90;106;197m██[38;2;139;156;230m██[38;2;32;41;82m██[38;2;41;74;82m██[38;2;238;65;180m██[38;2;238;65;180m██[38;2;41;74;82m██[38;2;139;156;230m██[38;2;32;41;82m██                                                      
                                                                                                          [38;2;32;41;82m██[38;2;238;246;255m██[38;2;90;106;197m██[38;2;238;246;255m██[38;2;238;246;255m██[38;2;90;106;197m██[38;2;139;156;230m██[38;2;32;41;82m██[38;2;41;74;82m██[38;2;238;65;180m██[38;2;238;65;180m██[38;2;41;74;82m██[38;2;32;41;82m██                                                        
                                                                                                          [38;2;90;106;197m██[38;2;238;246;255m██[38;2;238;246;255m██[38;2;238;246;255m██[38;2;238;246;255m██[38;2;90;106;197m██[38;2;139;156;230m██[38;2;139;156;230m██[38;2;32;41;82m██[38;2;41;74;82m██[38;2;41;74;82m██[38;2;32;41;82m██[38;2;90;106;197m██                                                        
                                                                                                          [38;2;90;106;197m██[38;2;238;246;255m██[38;2;238;246;255m██[38;2;238;246;255m██[38;2;139;156;230m██[38;2;205;213;255m██[38;2;90;106;197m██[38;2;139;156;230m██[38;2;139;156;230m██[38;2;32;41;82m██[38;2;32;41;82m██[38;2;139;156;230m██[38;2;90;106;197m██                [38;2;32;41;82m██[38;2;32;41;82m██[38;2;32;41;82m██[38;2;32;41;82m██                                
                                                                                                        [38;2;90;106;197m██[38;2;90;106;197m██[38;2;238;246;255m██[38;2;238;246;255m██[38;2;139;156;230m██[38;2;205;213;255m██[38;2;205;213;255m██[38;2;205;213;255m██[38;2;90;106;197m██[38;2;139;156;230m██[38;2;139;156;230m██[38;2;139;156;230m██[38;2;139;156;230m██[38;2;90;106;197m██          [38;2;32;41;82m██[38;2;32;41;82m██[38;2;32;41;82m██[38;2;238;246;255m██[38;2;238;246;255m██[38;2;238;246;255m██[38;2;32;41;82m██                                
                                                                                                        [38;2;90;106;197m██[38;2;238;246;255m██[38;2;238;246;255m██[38;2;238;246;255m██[38;2;90;106;197m██[38;2;205;213;255m██[38;2;205;213;255m██[38;2;205;213;255m██[38;2;205;213;255m██[38;2;90;106;197m██[38;2;139;156;230m██[38;2;139;156;230m██[38;2;139;156;230m██[38;2;139;156;230m██[38;2;90;106;197m██  [38;2;32;41;82m██[38;2;32;41;82m██[38;2;32;41;82m██    [38;2;238;246;255m██[38;2;238;246;255m██  [38;2;32;41;82m██                                  
                                                                                                        [38;2;90;106;197m██[38;2;238;246;255m██[38;2;238;246;255m██[38;2;238;246;255m██[38;2;90;106;197m██[38;2;205;213;255m██[38;2;205;213;255m██[38;2;205;213;255m██[38;2;205;213;255m██[38;2;90;106;197m██[38;2;139;156;230m██[38;2;139;156;230m██[38;2;139;156;230m██[38;2;32;41;82m██[38;2;32;41;82m██[38;2;32;41;82m██            [38;2;90;106;197m██[38;2;32;41;82m██                                    
                                                                                                        [38;2;90;106;197m██[38;2;238;246;255m██[38;2;238;246;255m██[38;2;90;106;197m██[38;2;205;213;255m██[38;2;205;213;255m██[38;2;205;213;255m██[38;2;205;213;255m██[38;2;205;213;255m██[38;2;205;213;255m██[38;2;90;106;197m██[38;2;139;156;230m██[38;2;32;41;82m██[38;2;41;74;82m██[38;2;41;74;82m██[38;2;139;156;230m██          [38;2;32;41;82m██[38;2;32;41;82m██                                      
                                                                                                        [38;2;90;106;197m██[38;2;238;246;255m██[38;2;238;246;255m██[38;2;90;106;197m██[38;2;205;213;255m██[38;2;205;213;255m██[38;2;205;213;255m██[38;2;205;213;255m██[38;2;205;213;255m██[38;2;205;213;255m██[38;2;90;106;197m██[38;2;32;41;82m██[38;2;41;74;82m██[38;2;238;65;180m██[38;2;238;65;180m██[38;2;41;74;82m██[38;2;139;156;230m██    [38;2;90;106;197m██[38;2;32;41;82m██                                          
                                                                                                        [38;2;90;106;197m██[38;2;238;246;255m██[38;2;238;246;255m██[38;2;90;106;197m██[38;2;205;213;255m██[38;2;205;213;255m██[38;2;205;213;255m██[38;2;205;213;255m██[38;2;205;213;255m██[38;2;205;213;255m██[38;2;90;106;197m██[38;2;32;41;82m██[38;2;41;74;82m██[38;2;238;65;180m██[38;2;238;65;180m██[38;2;41;74;82m██[38;2;139;156;230m██  [38;2;32;41;82m██[38;2;32;41;82m██                                  [38;2;90;106;197m██[38;2;90;106;197m██[38;2;90;106;197m██    
                                                                                                        [38;2;90;106;197m██[38;2;238;246;255m██[38;2;238;246;255m██[38;2;90;106;197m██[38;2;205;213;255m██[38;2;205;213;255m██[38;2;205;213;255m██[38;2;205;213;255m██[38;2;205;213;255m██[38;2;205;213;255m██[38;2;90;106;197m██[38;2;139;156;230m██[38;2;32;41;82m██[38;2;41;74;82m██[38;2;41;74;82m██[38;2;32;41;82m██[38;2;32;41;82m██[38;2;32;41;82m██                                [38;2;90;106;197m██[38;2;90;106;197m██[38;2;90;106;197m██[38;2;205;213;255m██[38;2;205;213;255m██[38;2;32;41;82m██    
                                                                                                      [38;2;90;106;197m██[38;2;238;246;255m██[38;2;238;246;255m██[38;2;238;246;255m██[38;2;90;106;197m██[38;2;205;213;255m██[38;2;205;213;255m██[38;2;205;213;255m██[38;2;139;156;230m██[38;2;139;156;230m██[38;2;90;106;197m██[38;2;205;213;255m██[38;2;90;106;197m██[38;2;139;156;230m██[38;2;32;41;82m██[38;2;32;41;82m██[38;2;139;156;230m██[38;2;32;41;82m██                  [38;2;90;106;197m██[38;2;90;106;197m██        [38;2;90;106;197m██[38;2;90;106;197m██[38;2;205;213;255m██[38;2;205;213;255m██[38;2;205;213;255m██[38;2;205;213;255m██[38;2;32;41;82m██      
                                                                                                      [38;2;90;106;197m██[38;2;238;246;255m██[38;2;238;246;255m██[38;2;238;246;255m██[38;2;90;106;197m██[38;2;90;106;197m██[38;2;139;156;230m██[38;2;139;156;230m██[38;2;205;213;255m██[38;2;205;213;255m██[38;2;205;213;255m██[38;2;205;213;255m██[38;2;205;213;255m██[38;2;90;106;197m██[38;2;139;156;230m██[38;2;139;156;230m██[38;2;32;41;82m██                [38;2;90;106;197m██[38;2;90;106;197m██[38;2;205;213;255m██[38;2;32;41;82m██  [38;2;90;106;197m██[38;2;90;106;197m██[38;2;90;106;197m██[38;2;205;213;255m██[38;2;205;213;255m██[38;2;205;213;255m██[38;2;205;213;255m██[38;2;32;41;82m██[38;2;32;41;82m██        
                                                                                                [38;2;90;106;197m██    [38;2;32;41;82m██[38;2;238;246;255m██[38;2;238;246;255m██[38;2;139;156;230m██[38;2;90;106;197m██[38;2;205;213;255m██[38;2;205;213;255m██[38;2;205;213;255m██[38;2;205;213;255m██[38;2;205;213;255m██[38;2;205;213;255m██[38;2;205;213;255m██[38;2;205;213;255m██[38;2;205;213;255m██[38;2;90;106;197m██[38;2;139;156;230m██[38;2;32;41;82m██            [38;2;90;106;197m██[38;2;90;106;197m██[38;2;205;213;255m██[38;2;205;213;255m██[38;2;205;213;255m██[38;2;32;41;82m██[38;2;90;106;197m██[38;2;139;156;230m██[38;2;205;213;255m██[38;2;205;213;255m██[38;2;205;213;255m██[38;2;205;213;255m██[38;2;90;106;197m██[38;2;32;41;82m██            
                                                              [38;2;32;41;82m██[38;2;32;41;82m██                            [38;2;90;106;197m██[38;2;238;246;255m██[38;2;90;106;197m██[38;2;32;41;82m██[38;2;238;246;255m██[38;2;238;246;255m██[38;2;238;246;255m██[38;2;90;106;197m██[38;2;205;213;255m██[38;2;205;213;255m██[38;2;205;213;255m██[38;2;205;213;255m██[38;2;205;213;255m██[38;2;205;213;255m██[38;2;205;213;255m██[38;2;205;213;255m██[38;2;205;213;255m██[38;2;205;213;255m██[38;2;205;213;255m██[38;2;32;41;82m██            [38;2;90;106;197m██[38;2;205;213;255m██[38;2;205;213;255m██[38;2;205;213;255m██[38;2;205;213;255m██[38;2;32;41;82m██[38;2;205;213;255m██[38;2;205;213;255m██[38;2;205;213;255m██[38;2;205;213;255m██[38;2;205;213;255m██[38;2;90;106;197m██[38;2;32;41;82m██                
                                                            [38;2;90;106;197m██[38;2;90;106;197m██[38;2;238;246;255m██[38;2;32;41;82m██                          [38;2;90;106;197m██[38;2;238;246;255m██[38;2;90;106;197m██[38;2;32;41;82m██[38;2;238;246;255m██[38;2;238;246;255m██[38;2;238;246;255m██[38;2;90;106;197m██[38;2;205;213;255m██[38;2;205;213;255m██[38;2;205;213;255m██[38;2;205;213;255m██[38;2;205;213;255m██[38;2;205;213;255m██[38;2;205;213;255m██[38;2;205;213;255m██[38;2;32;41;82m██[38;2;32;41;82m██[38;2;32;41;82m██            [38;2;90;106;197m██[38;2;205;213;255m██[38;2;205;213;255m██[38;2;205;213;255m██[38;2;205;213;255m██[38;2;90;106;197m██[38;2;205;213;255m██[38;2;205;213;255m██[38;2;205;213;255m██[38;2;205;213;255m██[38;2;205;213;255m██[38;2;32;41;82m██[38;2;32;41;82m██                  
                                                    [38;2;90;106;197m██[38;2;90;106;197m██[38;2;90;106;197m██[38;2;90;106;197m██[38;2;205;213;255m██[38;2;90;106;197m██[38;2;238;246;255m██[38;2;32;41;82m██  [38;2;90;106;197m██[38;2;32;41;82m██                    [38;2;90;106;197m██[38;2;238;246;255m██[38;2;238;246;255m██[38;2;32;41;82m██[38;2;238;246;255m██[38;2;238;246;255m██[38;2;238;246;255m██[38;2;90;106;197m██[38;2;205;213;255m██[38;2;205;213;255m██[38;2;205;213;255m██[38;2;205;213;255m██[38;2;205;213;255m██[38;2;205;213;255m██[38;2;32;41;82m██[38;2;32;41;82m██                [38;2;90;106;197m██[38;2;205;213;255m██[38;2;205;213;255m██[38;2;205;213;255m██[38;2;205;213;255m██[38;2;205;213;255m██[38;2;205;213;255m██[38;2;205;213;255m██[38;2;205;213;255m██[38;2;90;106;197m██[38;2;205;213;255m██[38;2;32;41;82m██              [38;2;90;106;197m██[38;2;90;106;197m██[38;2;90;106;197m██[38;2;90;106;197m██
                                                  [38;2;90;106;197m██[38;2;238;246;255m██[38;2;238;246;255m██  [38;2;32;41;82m██[38;2;205;213;255m██[38;2;205;213;255m██[38;2;90;106;197m██[38;2;238;246;255m██[38;2;32;41;82m██[38;2;90;106;197m██[38;2;205;213;255m██[38;2;32;41;82m██                  [38;2;90;106;197m██[38;2;238;246;255m██[38;2;238;246;255m██[38;2;32;41;82m██[38;2;238;246;255m██[38;2;238;246;255m██[38;2;238;246;255m██[38;2;90;106;197m██[38;2;205;213;255m██[38;2;205;213;255m██[38;2;205;213;255m██[38;2;205;213;255m██[38;2;205;213;255m██[38;2;90;106;197m██                    [38;2;90;106;197m██[38;2;205;213;255m██[38;2;205;213;255m██[38;2;205;213;255m██[38;2;32;41;82m██[38;2;32;41;82m██[38;2;205;213;255m██[38;2;205;213;255m██[38;2;205;213;255m██[38;2;205;213;255m██[38;2;32;41;82m██          [38;2;90;106;197m██[38;2;90;106;197m██[38;2;90;106;197m██[38;2;139;156;230m██[38;2;205;213;255m██[38;2;205;213;255m██[38;2;16;16;16m██
                                                    [38;2;90;106;197m██    [38;2;32;41;82m██[38;2;205;213;255m██[38;2;205;213;255m██[38;2;90;106;197m██[38;2;238;246;255m██[38;2;238;246;255m██[38;2;90;106;197m██[38;2;205;213;255m██[38;2;32;41;82m██                [38;2;32;41;82m██[38;2;238;246;255m██[38;2;238;246;255m██[38;2;90;106;197m██[38;2;238;246;255m██[38;2;238;246;255m██[38;2;238;246;255m██[38;2;139;156;230m██[38;2;205;213;255m██[38;2;205;213;255m██[38;2;205;213;255m██[38;2;205;213;255m██[38;2;205;213;255m██[38;2;205;213;255m██[38;2;90;106;197m██                  [38;2;24;41;49m██[38;2;205;213;255m██[38;2;205;213;255m██[38;2;32;41;82m██[38;2;32;41;82m██[38;2;74;106;123m██[38;2;74;106;123m██[38;2;32;41;82m██[38;2;205;213;255m██[38;2;205;213;255m██[38;2;205;213;255m██[38;2;90;106;197m██[38;2;32;41;82m██    [38;2;90;106;197m██[38;2;90;106;197m██[38;2;139;156;230m██[38;2;205;213;255m██[38;2;205;213;255m██[38;2;205;213;255m██[38;2;205;213;255m██[38;2;16;16;16m██  
                                                      [38;2;90;106;197m██[38;2;32;41;82m██[38;2;205;213;255m██[38;2;90;106;197m██[38;2;205;213;255m██[38;2;205;213;255m██[38;2;90;106;197m██[38;2;90;106;197m██[38;2;90;106;197m██[38;2;205;213;255m██[38;2;205;213;255m██[38;2;32;41;82m██              [38;2;32;41;82m██[38;2;238;246;255m██[38;2;90;106;197m██[38;2;238;246;255m██[38;2;238;246;255m██[38;2;238;246;255m██[38;2;238;246;255m██[38;2;139;156;230m██[38;2;205;213;255m██[38;2;205;213;255m██[38;2;205;213;255m██[38;2;205;213;255m██[38;2;205;213;255m██[38;2;90;106;197m██                    [38;2;24;41;49m██[38;2;32;41;82m██[38;2;32;41;82m██[38;2;74;106;123m██[38;2;74;106;123m██[38;2;74;106;123m██[38;2;41;74;82m██[38;2;74;106;123m██[38;2;32;41;82m██[38;2;205;213;255m██[38;2;205;213;255m██[38;2;205;213;255m██[38;2;32;41;82m██[38;2;90;106;197m██[38;2;90;106;197m██[38;2;205;213;255m██[38;2;205;213;255m██[38;2;205;213;255m██[38;2;205;213;255m██[38;2;205;213;255m██[38;2;16;16;16m██[38;2;16;16;16m██    
                                                        [38;2;32;41;82m██[38;2;205;213;255m██[38;2;90;106;197m██[38;2;205;213;255m██[38;2;205;213;255m██[38;2;205;213;255m██[38;2;205;213;255m██[38;2;205;213;255m██[38;2;205;213;255m██[38;2;205;213;255m██[38;2;32;41;82m██              [38;2;32;41;82m██[38;2;238;246;255m██[38;2;238;246;255m██[38;2;238;246;255m██[38;2;238;246;255m██[38;2;90;106;197m██[38;2;139;156;230m██[38;2;205;213;255m██[38;2;205;213;255m██[38;2;205;213;255m██[38;2;205;213;255m██[38;2;205;213;255m██[38;2;205;213;255m██[38;2;32;41;82m██                  [38;2;24;41;49m██[38;2;74;106;123m██[38;2;74;106;123m██[38;2;74;106;123m██[38;2;74;106;123m██[38;2;74;106;123m██[38;2;24;41;49m██[38;2;74;106;123m██[38;2;74;106;123m██[38;2;32;41;82m██[38;2;205;213;255m██[38;2;205;213;255m██[38;2;205;213;255m██[38;2;32;41;82m██[38;2;205;213;255m██[38;2;205;213;255m██[38;2;205;213;255m██[38;2;205;213;255m██[38;2;205;213;255m██[38;2;90;106;197m██[38;2;16;16;16m██        
                                                        [38;2;90;106;197m██[38;2;205;213;255m██[38;2;205;213;255m██[38;2;90;106;197m██[38;2;205;213;255m██[38;2;205;213;255m██[38;2;205;213;255m██[38;2;205;213;255m██[38;2;205;213;255m██[38;2;205;213;255m██[38;2;32;41;82m██              [38;2;32;41;82m██[38;2;238;246;255m██[38;2;238;246;255m██[38;2;90;106;197m██[38;2;90;106;197m██[38;2;205;213;255m██[38;2;205;213;255m██[38;2;205;213;255m██[38;2;205;213;255m██[38;2;205;213;255m██[38;2;205;213;255m██[38;2;32;41;82m██[38;2;32;41;82m██                    [38;2;24;41;49m██[38;2;74;106;123m██[38;2;74;106;123m██[38;2;74;106;123m██[38;2;74;106;123m██[38;2;24;41;49m██[38;2;74;106;123m██[38;2;74;106;123m██[38;2;74;106;123m██[38;2;41;74;82m██[38;2;32;41;82m██[38;2;205;213;255m██[38;2;205;213;255m██[38;2;205;213;255m██[38;2;205;213;255m██[38;2;205;213;255m██[38;2;205;213;255m██[38;2;205;213;255m██[38;2;16;16;16m██[38;2;16;16;16m██          
                                                        [38;2;90;106;197m██[38;2;205;213;255m██[38;2;205;213;255m██[38;2;90;106;197m██[38;2;205;213;255m██[38;2;205;213;255m██[38;2;205;213;255m██[38;2;205;213;255m██[38;2;205;213;255m██[38;2;205;213;255m██[38;2;139;156;230m██[38;2;32;41;82m██          [38;2;32;41;82m██[38;2;238;246;255m██[38;2;238;246;255m██[38;2;90;106;197m██[38;2;205;213;255m██[38;2;205;213;255m██[38;2;205;213;255m██[38;2;205;213;255m██[38;2;205;213;255m██[38;2;205;213;255m██[38;2;32;41;82m██[38;2;32;41;82m██                        [38;2;24;41;49m██[38;2;74;106;123m██[38;2;74;106;123m██[38;2;74;106;123m██[38;2;74;106;123m██[38;2;41;74;82m██[38;2;74;106;123m██[38;2;74;106;123m██[38;2;24;41;49m██[38;2;74;106;123m██[38;2;32;41;82m██[38;2;205;213;255m██[38;2;205;213;255m██[38;2;205;213;255m██[38;2;205;213;255m██[38;2;205;213;255m██[38;2;16;16;16m██[38;2;16;16;16m██              
                                                        [38;2;90;106;197m██[38;2;205;213;255m██[38;2;205;213;255m██[38;2;205;213;255m██[38;2;90;106;197m██[38;2;90;106;197m██[38;2;90;106;197m██[38;2;205;213;255m██[38;2;205;213;255m██[38;2;139;156;230m██[38;2;139;156;230m██[38;2;32;41;82m██          [38;2;32;41;82m██[38;2;238;246;255m██[38;2;238;246;255m██[38;2;90;106;197m██[38;2;205;213;255m██[38;2;205;213;255m██[38;2;205;213;255m██[38;2;205;213;255m██[38;2;205;213;255m██[38;2;16;16;16m██                              [38;2;24;41;49m██[38;2;74;106;123m██[38;2;74;106;123m██[38;2;41;74;82m██[38;2;74;106;123m██[38;2;41;74;82m██[38;2;24;41;49m██[38;2;74;106;123m██[38;2;74;106;123m██[38;2;32;41;82m██[38;2;205;213;255m██[38;2;205;213;255m██[38;2;205;213;255m██[38;2;205;213;255m██[38;2;32;41;82m██                  
                                                          [38;2;32;41;82m██[38;2;205;213;255m██[38;2;90;106;197m██[38;2;205;213;255m██[38;2;205;213;255m██[38;2;205;213;255m██[38;2;90;106;197m██[38;2;139;156;230m██[38;2;139;156;230m██[38;2;139;156;230m██[38;2;139;156;230m██[38;2;32;41;82m██        [38;2;32;41;82m██[38;2;238;246;255m██[38;2;90;106;197m██[38;2;205;213;255m██[38;2;205;213;255m██[38;2;205;213;255m██[38;2;205;213;255m██[38;2;205;213;255m██[38;2;90;106;197m██[38;2;16;16;16m██[38;2;24;41;49m██[38;2;24;41;49m██                          [38;2;24;41;49m██[38;2;74;106;123m██[38;2;74;106;123m██[38;2;41;74;82m██[38;2;41;74;82m██[38;2;74;106;123m██[38;2;74;106;123m██[38;2;32;41;82m██[38;2;32;41;82m██[38;2;205;213;255m██[38;2;205;213;255m██[38;2;205;213;255m██[38;2;205;213;255m██[38;2;139;156;230m██[38;2;32;41;82m██                  
                                                        [38;2;90;106;197m██[38;2;32;41;82m██[38;2;139;156;230m██[38;2;90;106;197m██[38;2;205;213;255m██[38;2;205;213;255m██[38;2;205;213;255m██[38;2;205;213;255m██[38;2;90;106;197m██[38;2;139;156;230m██[38;2;139;156;230m██[38;2;139;156;230m██[38;2;139;156;230m██[38;2;32;41;82m██    [38;2;24;41;49m██[38;2;32;41;82m██[38;2;238;246;255m██[38;2;90;106;197m██[38;2;205;213;255m██[38;2;205;213;255m██[38;2;205;213;255m██[38;2;205;213;255m██[38;2;205;213;255m██[38;2;16;16;16m██[38;2;74;106;123m██[38;2;74;106;123m██[38;2;74;106;123m██[38;2;24;41;49m██[38;2;24;41;49m██[38;2;24;41;49m██[38;2;24;41;49m██[38;2;24;41;49m██              [38;2;24;41;49m██[38;2;74;106;123m██[38;2;74;106;123m██[38;2;41;74;82m██[38;2;74;106;123m██[38;2;74;106;123m██[38;2;74;106;123m██[38;2;16;16;16m██[38;2;205;213;255m██[38;2;205;213;255m██[38;2;205;213;255m██[38;2;205;213;255m██[38;2;32;41;82m██[38;2;139;156;230m██[38;2;32;41;82m██                    
                                            [38;2;90;106;197m██[38;2;32;41;82m██      [38;2;90;106;197m██[38;2;90;106;197m██  [38;2;32;41;82m██[38;2;205;213;255m██[38;2;205;213;255m██[38;2;205;213;255m██[38;2;205;213;255m██[38;2;205;213;255m██[38;2;139;156;230m██[38;2;139;156;230m██[38;2;139;156;230m██[38;2;139;156;230m██[38;2;139;156;230m██[38;2;139;156;230m██[38;2;90;106;197m██[38;2;24;41;49m██[38;2;74;106;123m██[38;2;32;41;82m██[38;2;238;246;255m██[38;2;90;106;197m██[38;2;205;213;255m██[38;2;205;213;255m██[38;2;205;213;255m██[38;2;205;213;255m██[38;2;139;156;230m██[38;2;16;16;16m██[38;2;74;106;123m██[38;2;74;106;123m██[38;2;74;106;123m██[38;2;74;106;123m██[38;2;74;106;123m██[38;2;74;106;123m██[38;2;74;106;123m██[38;2;74;106;123m██[38;2;24;41;49m██[38;2;24;41;49m██[38;2;24;41;49m██[38;2;24;41;49m██[38;2;24;41;49m██[38;2;24;41;49m██[38;2;24;41;49m██[38;2;74;106;123m██[38;2;74;106;123m██[38;2;41;74;82m██[38;2;74;106;123m██[38;2;74;106;123m██[38;2;74;106;123m██[38;2;74;106;123m██[38;2;74;106;123m██[38;2;16;16;16m██[38;2;16;16;16m██[38;2;16;16;16m██[38;2;32;41;82m██[38;2;139;156;230m██[38;2;139;156;230m██[38;2;16;16;16m██                    
                                        [38;2;90;106;197m██[38;2;90;106;197m██[38;2;238;246;255m██[38;2;32;41;82m██    [38;2;90;106;197m██[38;2;238;246;255m██    [38;2;32;41;82m██[38;2;205;213;255m██[38;2;205;213;255m██[38;2;205;213;255m██[38;2;32;41;82m██[38;2;139;156;230m██[38;2;139;156;230m██[38;2;139;156;230m██[38;2;139;156;230m██[38;2;139;156;230m██[38;2;139;156;230m██[38;2;16;16;16m██[38;2;24;41;49m██[38;2;74;106;123m██[38;2;74;106;123m██[38;2;32;41;82m██[38;2;90;106;197m██[38;2;90;106;197m██[38;2;205;213;255m██[38;2;205;213;255m██[38;2;205;213;255m██[38;2;205;213;255m██[38;2;90;106;197m██[38;2;74;106;123m██[38;2;74;106;123m██[38;2;74;106;123m██[38;2;74;106;123m██[38;2;74;106;123m██[38;2;41;74;82m██[38;2;41;74;82m██[38;2;41;74;82m██[38;2;41;74;82m██[38;2;41;74;82m██[38;2;74;106;123m██[38;2;74;106;123m██[38;2;74;106;123m██[38;2;74;106;123m██[38;2;74;106;123m██[38;2;74;106;123m██[38;2;41;74;82m██[38;2;41;74;82m██[38;2;74;106;123m██[38;2;74;106;123m██[38;2;24;41;49m██[38;2;24;41;49m██[38;2;24;41;49m██[38;2;24;41;49m██[38;2;24;41;49m██[38;2;24;41;49m██  [38;2;16;16;16m██[38;2;16;16;16m██[38;2;16;16;16m██                      
                                      [38;2;90;106;197m██[38;2;238;246;255m██[38;2;238;246;255m██[38;2;238;246;255m██[38;2;16;16;16m██      [38;2;90;106;197m██[38;2;90;106;197m██[38;2;90;106;197m██[38;2;90;106;197m██[38;2;32;41;82m██[38;2;205;213;255m██[38;2;139;156;230m██[38;2;139;156;230m██[38;2;32;41;82m██[38;2;139;156;230m██[38;2;139;156;230m██[38;2;139;156;230m██[38;2;139;156;230m██[38;2;16;16;16m██[38;2;74;106;123m██[38;2;74;106;123m██[38;2;74;106;123m██[38;2;74;106;123m██[38;2;90;106;197m██[38;2;205;213;255m██[38;2;90;106;197m██[38;2;205;213;255m██[38;2;205;213;255m██[38;2;205;213;255m██[38;2;205;213;255m██[38;2;90;106;197m██[38;2;16;16;16m██[38;2;74;106;123m██[38;2;74;106;123m██[38;2;41;74;82m██[38;2;41;74;82m██[38;2;74;106;123m██[38;2;74;106;123m██[38;2;74;106;123m██[38;2;74;106;123m██[38;2;74;106;123m██[38;2;41;74;82m██[38;2;41;74;82m██[38;2;41;74;82m██[38;2;24;41;49m██[38;2;24;41;49m██[38;2;24;41;49m██[38;2;24;41;49m██[38;2;24;41;49m██[38;2;74;106;123m██[38;2;24;41;49m██                                          
                                    [38;2;90;106;197m██[38;2;238;246;255m██[38;2;238;246;255m██[38;2;238;246;255m██[38;2;90;106;197m██[38;2;16;16;16m██                [38;2;90;106;197m██[38;2;90;106;197m██[38;2;90;106;197m██  [38;2;90;106;197m██[38;2;139;156;230m██[38;2;90;106;197m██[38;2;16;16;16m██[38;2;74;106;123m██[38;2;74;106;123m██[38;2;74;106;123m██[38;2;74;106;123m██[38;2;90;106;197m██[38;2;205;213;255m██[38;2;205;213;255m██[38;2;205;213;255m██[38;2;90;106;197m██[38;2;205;213;255m██[38;2;205;213;255m██[38;2;205;213;255m██[38;2;90;106;197m██[38;2;16;16;16m██[38;2;74;106;123m██[38;2;41;74;82m██[38;2;74;106;123m██[38;2;74;106;123m██[38;2;74;106;123m██[38;2;74;106;123m██[38;2;74;106;123m██[38;2;74;106;123m██[38;2;74;106;123m██[38;2;74;106;123m██[38;2;24;41;49m██[38;2;24;41;49m██[38;2;74;106;123m██[38;2;74;106;123m██[38;2;74;106;123m██[38;2;74;106;123m██[38;2;74;106;123m██[38;2;24;41;49m██[38;2;24;41;49m██[38;2;24;41;49m██                                        
                                  [38;2;90;106;197m██[38;2;238;246;255m██[38;2;238;246;255m██[38;2;205;213;255m██[38;2;90;106;197m██[38;2;32;41;82m██                          [38;2;32;41;82m██[38;2;139;156;230m██[38;2;139;156;230m██[38;2;16;16;16m██[38;2;74;106;123m██[38;2;74;106;123m██[38;2;74;106;123m██[38;2;74;106;123m██[38;2;90;106;197m██[38;2;205;213;255m██[38;2;205;213;255m██[38;2;205;213;255m██[38;2;139;156;230m██[38;2;205;213;255m██[38;2;205;213;255m██[38;2;205;213;255m██[38;2;90;106;197m██[38;2;139;156;230m██[38;2;16;16;16m██[38;2;74;106;123m██[38;2;74;106;123m██[38;2;74;106;123m██[38;2;74;106;123m██[38;2;74;106;123m██[38;2;74;106;123m██[38;2;74;106;123m██[38;2;74;106;123m██[38;2;41;74;82m██[38;2;74;106;123m██[38;2;74;106;123m██[38;2;74;106;123m██[38;2;74;106;123m██[38;2;74;106;123m██[38;2;41;74;82m██[38;2;41;74;82m██[38;2;74;106;123m██[38;2;41;74;82m██[38;2;74;106;123m██[38;2;24;41;49m██                                      
          [38;2;90;106;197m██[38;2;32;41;82m██                  [38;2;90;106;197m██[38;2;238;246;255m██[38;2;238;246;255m██[38;2;238;246;255m██[38;2;90;106;197m██[38;2;139;156;230m██[38;2;16;16;16m██                          [38;2;32;41;82m██[38;2;139;156;230m██[38;2;24;41;49m██[38;2;74;106;123m██[38;2;74;106;123m██[38;2;24;41;49m██[38;2;24;41;49m██[38;2;90;106;197m██[38;2;205;213;255m██[38;2;205;213;255m██[38;2;205;213;255m██[38;2;205;213;255m██[38;2;90;106;197m██[38;2;205;213;255m██[38;2;205;213;255m██[38;2;205;213;255m██[38;2;90;106;197m██[38;2;139;156;230m██[38;2;16;16;16m██[38;2;74;106;123m██[38;2;74;106;123m██[38;2;74;106;123m██[38;2;74;106;123m██[38;2;74;106;123m██[38;2;74;106;123m██[38;2;74;106;123m██[38;2;74;106;123m██[38;2;74;106;123m██[38;2;74;106;123m██[38;2;74;106;123m██[38;2;74;106;123m██[38;2;74;106;123m██[38;2;41;74;82m██[38;2;74;106;123m██[38;2;74;106;123m██[38;2;74;106;123m██[38;2;74;106;123m██[38;2;41;74;82m██[38;2;74;106;123m██[38;2;24;41;49m██                                    
        [38;2;90;106;197m██[38;2;205;213;255m██[38;2;32;41;82m██                [38;2;90;106;197m██[38;2;238;246;255m██[38;2;238;246;255m██[38;2;238;246;255m██[38;2;90;106;197m██[38;2;139;156;230m██[38;2;16;16;16m██                          [38;2;32;41;82m██[38;2;139;156;230m██[38;2;139;156;230m██[38;2;24;41;49m██[38;2;16;16;16m██[38;2;16;16;16m██[38;2;74;106;123m██[38;2;74;106;123m██[38;2;90;106;197m██[38;2;205;213;255m██[38;2;205;213;255m██[38;2;16;16;16m██[38;2;16;16;16m██[38;2;205;213;255m██[38;2;205;213;255m██[38;2;205;213;255m██[38;2;205;213;255m██[38;2;90;106;197m██[38;2;139;156;230m██[38;2;139;156;230m██[38;2;32;41;82m██[38;2;74;106;123m██[38;2;74;106;123m██[38;2;74;106;123m██[38;2;74;106;123m██[38;2;74;106;123m██[38;2;74;106;123m██[38;2;41;74;82m██[38;2;74;106;123m██[38;2;74;106;123m██[38;2;74;106;123m██[38;2;74;106;123m██[38;2;74;106;123m██[38;2;41;74;82m██[38;2;74;106;123m██[38;2;74;106;123m██[38;2;74;106;123m██[38;2;74;106;123m██[38;2;41;74;82m██[38;2;74;106;123m██[38;2;24;41;49m██                                    
      [38;2;90;106;197m██[38;2;205;213;255m██[38;2;238;246;255m██[38;2;205;213;255m██[38;2;32;41;82m██              [38;2;90;106;197m██[38;2;238;246;255m██[38;2;238;246;255m██[38;2;205;213;255m██[38;2;90;106;197m██[38;2;139;156;230m██[38;2;32;41;82m██                          [38;2;32;41;82m██[38;2;139;156;230m██[38;2;16;16;16m██[38;2;16;16;16m██[38;2;74;106;123m██[38;2;74;106;123m██[38;2;74;106;123m██[38;2;74;106;123m██[38;2;16;16;16m██[38;2;16;16;16m██[38;2;16;16;16m██[38;2;74;106;123m██[38;2;74;106;123m██[38;2;16;16;16m██[38;2;205;213;255m██[38;2;205;213;255m██[38;2;205;213;255m██[38;2;205;213;255m██[38;2;90;106;197m██[38;2;139;156;230m██[38;2;205;213;255m██[38;2;90;106;197m██[38;2;74;106;123m██[38;2;74;106;123m██[38;2;74;106;123m██[38;2;74;106;123m██[38;2;74;106;123m██[38;2;41;74;82m██[38;2;74;106;123m██[38;2;74;106;123m██[38;2;74;106;123m██[38;2;74;106;123m██[38;2;41;74;82m██[38;2;74;106;123m██[38;2;74;106;123m██[38;2;74;106;123m██[38;2;74;106;123m██[38;2;74;106;123m██[38;2;74;106;123m██[38;2;41;74;82m██[38;2;24;41;49m██                                    
      [38;2;90;106;197m██[38;2;238;246;255m██[38;2;238;246;255m██[38;2;205;213;255m██[38;2;32;41;82m██[38;2;90;106;197m██[38;2;90;106;197m██        [38;2;90;106;197m██[38;2;238;246;255m██[38;2;238;246;255m██[38;2;205;213;255m██[38;2;90;106;197m██[38;2;139;156;230m██[38;2;139;156;230m██[38;2;32;41;82m██[38;2;16;16;16m██                          [38;2;16;16;16m██[38;2;24;41;49m██[38;2;74;106;123m██[38;2;74;106;123m██[38;2;74;106;123m██[38;2;74;106;123m██[38;2;74;106;123m██[38;2;74;106;123m██[38;2;24;41;49m██[38;2;24;41;49m██[38;2;41;74;82m██[38;2;41;74;82m██[38;2;16;16;16m██[38;2;90;106;197m██[38;2;205;213;255m██[38;2;205;213;255m██[38;2;205;213;255m██[38;2;90;106;197m██[38;2;205;213;255m██[38;2;205;213;255m██[38;2;205;213;255m██[38;2;90;106;197m██[38;2;90;106;197m██[38;2;74;106;123m██[38;2;74;106;123m██[38;2;24;41;49m██[38;2;41;74;82m██[38;2;74;106;123m██[38;2;74;106;123m██[38;2;74;106;123m██[38;2;74;106;123m██[38;2;41;74;82m██[38;2;74;106;123m██[38;2;74;106;123m██[38;2;74;106;123m██[38;2;74;106;123m██[38;2;74;106;123m██[38;2;74;106;123m██[38;2;41;74;82m██[38;2;74;106;123m██[38;2;24;41;49m██                                  
    [38;2;90;106;197m██[38;2;205;213;255m██[38;2;238;246;255m██[38;2;238;246;255m██[38;2;205;213;255m██[38;2;205;213;255m██[38;2;139;156;230m██[38;2;90;106;197m██      [38;2;90;106;197m██[38;2;238;246;255m██[38;2;238;246;255m██[38;2;205;213;255m██[38;2;90;106;197m██[38;2;139;156;230m██[38;2;139;156;230m██[38;2;32;41;82m██[38;2;139;156;230m██[38;2;16;16;16m██    [38;2;90;106;197m██[38;2;90;106;197m██                [38;2;24;41;49m██[38;2;74;106;123m██[38;2;74;106;123m██[38;2;74;106;123m██[38;2;74;106;123m██[38;2;74;106;123m██[38;2;24;41;49m██[38;2;24;41;49m██[38;2;24;41;49m██[38;2;74;106;123m██[38;2;74;106;123m██[38;2;24;41;49m██[38;2;74;106;123m██[38;2;74;106;123m██[38;2;90;106;197m██[38;2;205;213;255m██[38;2;205;213;255m██[38;2;205;213;255m██[38;2;90;106;197m██[38;2;90;106;197m██[38;2;205;213;255m██[38;2;205;213;255m██[38;2;205;213;255m██[38;2;205;213;255m██[38;2;90;106;197m██[38;2;74;106;123m██[38;2;24;41;49m██[38;2;74;106;123m██[38;2;74;106;123m██[38;2;74;106;123m██[38;2;74;106;123m██[38;2;41;74;82m██[38;2;74;106;123m██[38;2;74;106;123m██[38;2;74;106;123m██[38;2;74;106;123m██[38;2;74;106;123m██[38;2;74;106;123m██[38;2;74;106;123m██[38;2;24;41;49m██[38;2;74;106;123m██[38;2;24;41;49m██                                  
    [38;2;90;106;197m██[38;2;238;246;255m██[38;2;238;246;255m██[38;2;205;213;255m██[38;2;205;213;255m██[38;2;205;213;255m██[38;2;139;156;230m██[38;2;90;106;197m██  [38;2;98;57;82m██[38;2;90;106;197m██[38;2;205;213;255m██[38;2;205;213;255m██[38;2;205;213;255m██[38;2;205;213;255m██[38;2;90;106;197m██[38;2;139;156;230m██[38;2;139;156;230m██[38;2;139;156;230m██[38;2;139;156;230m██[38;2;16;16;16m██  [38;2;90;106;197m██[38;2;205;213;255m██[38;2;32;41;82m██  [38;2;90;106;197m██[38;2;90;106;197m██[38;2;32;41;82m██    [38;2;24;41;49m██[38;2;24;41;49m██[38;2;74;106;123m██[38;2;74;106;123m██[38;2;74;106;123m██[38;2;41;74;82m██[38;2;41;74;82m██[38;2;41;74;82m██[38;2;74;106;123m██[38;2;74;106;123m██[38;2;74;106;123m██[38;2;74;106;123m██[38;2;74;106;123m██[38;2;24;41;49m██[38;2;74;106;123m██[38;2;32;41;82m██[38;2;205;213;255m██[38;2;205;213;255m██[38;2;205;213;255m██[38;2;139;156;230m██[38;2;139;156;230m██[38;2;139;156;230m██[38;2;90;106;197m██[38;2;205;213;255m██[38;2;205;213;255m██[38;2;205;213;255m██[38;2;205;213;255m██[38;2;16;16;16m██[38;2;24;41;49m██[38;2;74;106;123m██[38;2;74;106;123m██[38;2;74;106;123m██[38;2;74;106;123m██[38;2;41;74;82m██[38;2;74;106;123m██[38;2;74;106;123m██[38;2;74;106;123m██[38;2;74;106;123m██[38;2;74;106;123m██[38;2;74;106;123m██[38;2;74;106;123m██[38;2;24;41;49m██[38;2;74;106;123m██[38;2;24;41;49m██                                  
    [38;2;90;106;197m██[38;2;238;246;255m██[38;2;238;246;255m██[38;2;205;213;255m██[38;2;205;213;255m██[38;2;205;213;255m██[38;2;139;156;230m██[38;2;90;106;197m██[38;2;98;57;82m██[38;2;238;65;180m██[38;2;90;106;197m██[38;2;205;213;255m██[38;2;205;213;255m██[38;2;205;213;255m██[38;2;205;213;255m██[38;2;90;106;197m██[38;2;139;156;230m██[38;2;139;156;230m██[38;2;139;156;230m██[38;2;16;16;16m██  [38;2;90;106;197m██[38;2;205;213;255m██[38;2;205;213;255m██[38;2;32;41;82m██[38;2;90;106;197m██[38;2;205;213;255m██[38;2;205;213;255m██[38;2;32;41;82m██[38;2;24;41;49m██[38;2;24;41;49m██[38;2;74;106;123m██[38;2;74;106;123m██[38;2;74;106;123m██[38;2;41;74;82m██[38;2;41;74;82m██[38;2;74;106;123m██[38;2;74;106;123m██[38;2;74;106;123m██[38;2;74;106;123m██[38;2;74;106;123m██[38;2;74;106;123m██[38;2;74;106;123m██[38;2;74;106;123m██[38;2;74;106;123m██[38;2;24;41;49m██[38;2;32;41;82m██[38;2;205;213;255m██[38;2;205;213;255m██[38;2;205;213;255m██[38;2;90;106;197m██[38;2;139;156;230m██[38;2;139;156;230m██[38;2;139;156;230m██[38;2;90;106;197m██[38;2;90;106;197m██[38;2;205;213;255m██[38;2;205;213;255m██[38;2;205;213;255m██[38;2;205;213;255m██[38;2;16;16;16m██[38;2;74;106;123m██[38;2;74;106;123m██[38;2;74;106;123m██[38;2;41;74;82m██[38;2;74;106;123m██[38;2;74;106;123m██[38;2;74;106;123m██[38;2;74;106;123m██[38;2;74;106;123m██[38;2;74;106;123m██[38;2;74;106;123m██[38;2;24;41;49m██[38;2;41;74;82m██[38;2;24;41;49m██                                  
    [38;2;90;106;197m██[38;2;238;246;255m██[38;2;238;246;255m██[38;2;205;213;255m██[38;2;205;213;255m██[38;2;205;213;255m██[38;2;90;106;197m██[38;2;98;57;82m██[38;2;238;65;180m██[38;2;90;106;197m██[38;2;205;213;255m██[38;2;205;213;255m██[38;2;205;213;255m██[38;2;205;213;255m██[38;2;90;106;197m██[38;2;139;156;230m██[38;2;139;156;230m██[38;2;139;156;230m██[38;2;32;41;82m██[38;2;16;16;16m██[38;2;90;106;197m██[38;2;90;106;197m██[38;2;205;213;255m██[38;2;205;213;255m██[38;2;32;41;82m██[38;2;205;213;255m██[38;2;205;213;255m██[38;2;32;41;82m██[38;2;41;74;82m██[38;2;74;106;123m██[38;2;74;106;123m██[38;2;74;106;123m██[38;2;74;106;123m██[38;2;41;74;82m██[38;2;74;106;123m██[38;2;74;106;123m██[38;2;74;106;123m██[38;2;74;106;123m██[38;2;74;106;123m██[38;2;74;106;123m██[38;2;74;106;123m██[38;2;74;106;123m██[38;2;74;106;123m██[38;2;74;106;123m██[38;2;74;106;123m██[38;2;32;41;82m██[38;2;205;213;255m██[38;2;205;213;255m██[38;2;205;213;255m██[38;2;90;106;197m██[38;2;139;156;230m██[38;2;24;41;49m██[38;2;24;41;49m██[38;2;139;156;230m██[38;2;139;156;230m██[38;2;139;156;230m██[38;2;90;106;197m██[38;2;205;213;255m██[38;2;205;213;255m██[38;2;205;213;255m██[38;2;205;213;255m██[38;2;32;41;82m██[38;2;74;106;123m██[38;2;74;106;123m██[38;2;41;74;82m██[38;2;74;106;123m██[38;2;74;106;123m██[38;2;74;106;123m██[38;2;74;106;123m██[38;2;74;106;123m██[38;2;74;106;123m██[38;2;41;74;82m██[38;2;24;41;49m██[38;2;41;74;82m██[38;2;24;41;49m██                                  
    [38;2;90;106;197m██[38;2;238;246;255m██[38;2;205;213;255m██[38;2;205;213;255m██[38;2;205;213;255m██[38;2;205;213;255m██[38;2;98;57;82m██[38;2;238;65;180m██[38;2;238;65;180m██[38;2;90;106;197m██[38;2;205;213;255m██[38;2;205;213;255m██[38;2;205;213;255m██[38;2;205;213;255m██[38;2;90;106;197m██[38;2;139;156;230m██[38;2;139;156;230m██[38;2;139;156;230m██[38;2;16;16;16m██[38;2;139;156;230m██[38;2;90;106;197m██[38;2;139;156;230m██[38;2;205;213;255m██[38;2;205;213;255m██[38;2;205;213;255m██[38;2;205;213;255m██[38;2;205;213;255m██[38;2;32;41;82m██[38;2;74;106;123m██[38;2;74;106;123m██[38;2;74;106;123m██[38;2;24;41;49m██[38;2;41;74;82m██[38;2;74;106;123m██[38;2;74;106;123m██[38;2;74;106;123m██[38;2;74;106;123m██[38;2;74;106;123m██[38;2;74;106;123m██[38;2;74;106;123m██[38;2;74;106;123m██[38;2;41;74;82m██[38;2;41;74;82m██[38;2;41;74;82m██[38;2;32;41;82m██[38;2;205;213;255m██[38;2;205;213;255m██[38;2;205;213;255m██[38;2;205;213;255m██[38;2;90;106;197m██[38;2;24;41;49m██[38;2;74;106;123m██[38;2;74;106;123m██[38;2;24;41;49m██[38;2;16;16;16m██[38;2;139;156;230m██[38;2;139;156;230m██[38;2;90;106;197m██[38;2;205;213;255m██[38;2;139;156;230m██[38;2;139;156;230m██[38;2;32;41;82m██[38;2;74;106;123m██[38;2;74;106;123m██[38;2;41;74;82m██[38;2;74;106;123m██[38;2;74;106;123m██[38;2;74;106;123m██[38;2;74;106;123m██[38;2;74;106;123m██[38;2;74;106;123m██[38;2;16;16;16m██[38;2;41;74;82m██[38;2;41;74;82m██[38;2;24;41;49m██                                  
    [38;2;90;106;197m██[38;2;238;246;255m██[38;2;205;213;255m██[38;2;205;213;255m██[38;2;205;213;255m██[38;2;205;213;255m██[38;2;98;57;82m██[38;2;238;65;180m██[38;2;90;106;197m██[38;2;205;213;255m██[38;2;205;213;255m██[38;2;205;213;255m██[38;2;205;213;255m██[38;2;90;106;197m██[38;2;139;156;230m██[38;2;139;156;230m██[38;2;139;156;230m██[38;2;139;156;230m██[38;2;16;16;16m██[38;2;139;156;230m██[38;2;139;156;230m██[38;2;139;156;230m██[38;2;205;213;255m██[38;2;205;213;255m██[38;2;205;213;255m██[38;2;90;106;197m██[38;2;90;106;197m██[38;2;74;106;123m██[38;2;74;106;123m██[38;2;74;106;123m██[38;2;24;41;49m██[38;2;74;106;123m██[38;2;74;106;123m██[38;2;74;106;123m██[38;2;74;106;123m██[38;2;74;106;123m██[38;2;41;74;82m██[38;2;41;74;82m██[38;2;41;74;82m██[38;2;41;74;82m██[38;2;41;74;82m██[38;2;41;74;82m██[38;2;41;74;82m██[38;2;41;74;82m██[38;2;32;41;82m██[38;2;205;213;255m██[38;2;205;213;255m██[38;2;205;213;255m██[38;2;90;106;197m██[38;2;139;156;230m██[38;2;16;16;16m██[38;2;74;106;123m██[38;2;74;106;123m██[38;2;74;106;123m██[38;2;24;41;49m██[38;2;16;16;16m██[38;2;139;156;230m██[38;2;90;106;197m██[38;2;139;156;230m██[38;2;139;156;230m██[38;2;32;41;82m██[38;2;74;106;123m██[38;2;74;106;123m██[38;2;74;106;123m██[38;2;41;74;82m██[38;2;74;106;123m██[38;2;74;106;123m██[38;2;74;106;123m██[38;2;74;106;123m██[38;2;74;106;123m██[38;2;74;106;123m██[38;2;16;16;16m██[38;2;41;74;82m██[38;2;24;41;49m██                                    
  [38;2;32;41;82m██[38;2;90;106;197m██[38;2;205;213;255m██[38;2;205;213;255m██[38;2;205;213;255m██[38;2;205;213;255m██[38;2;98;57;82m██[38;2;238;65;180m██[38;2;238;65;180m██[38;2;90;106;197m██[38;2;205;213;255m██[38;2;205;213;255m██[38;2;205;213;255m██[38;2;205;213;255m██[38;2;90;106;197m██[38;2;139;156;230m██[38;2;139;156;230m██[38;2;139;156;230m██[38;2;32;41;82m██[38;2;139;156;230m██[38;2;139;156;230m██[38;2;139;156;230m██[38;2;139;156;230m██[38;2;90;106;197m██[38;2;90;106;197m██[38;2;90;106;197m██[38;2;74;106;123m██[38;2;74;106;123m██[38;2;74;106;123m██[38;2;24;41;49m██[38;2;24;41;49m██[38;2;74;106;123m██[38;2;74;106;123m██[38;2;74;106;123m██[38;2;41;74;82m██[38;2;41;74;82m██[38;2;41;74;82m██[38;2;41;74;82m██[38;2;41;74;82m██[38;2;24;41;49m██[38;2;24;41;49m██[38;2;24;41;49m██[38;2;41;74;82m██[38;2;41;74;82m██[38;2;16;16;16m██[38;2;205;213;255m██[38;2;205;213;255m██[38;2;205;213;255m██[38;2;205;213;255m██[38;2;90;106;197m██[38;2;24;41;49m██[38;2;41;74;82m██[38;2;74;106;123m██[38;2;74;106;123m██[38;2;74;106;123m██[38;2;74;106;123m██[38;2;16;16;16m██[38;2;139;156;230m██[38;2;139;156;230m██[38;2;139;156;230m██[38;2;139;156;230m██[38;2;16;16;16m██[38;2;74;106;123m██[38;2;74;106;123m██[38;2;74;106;123m██[38;2;41;74;82m██[38;2;74;106;123m██[38;2;74;106;123m██[38;2;74;106;123m██[38;2;74;106;123m██[38;2;74;106;123m██[38;2;74;106;123m██[38;2;74;106;123m██[38;2;16;16;16m██[38;2;24;41;49m██                                    
  [38;2;32;41;82m██[38;2;90;106;197m██[38;2;205;213;255m██[38;2;205;213;255m██[38;2;205;213;255m██[38;2;98;57;82m██[38;2;238;65;180m██[38;2;238;65;180m██[38;2;90;106;197m██[38;2;205;213;255m██[38;2;205;213;255m██[38;2;205;213;255m██[38;2;205;213;255m██[38;2;90;106;197m██[38;2;139;156;230m██[38;2;139;156;230m██[38;2;139;156;230m██[38;2;32;41;82m██[38;2;139;156;230m██[38;2;139;156;230m██[38;2;139;156;230m██[38;2;90;106;197m██[38;2;90;106;197m██[38;2;74;106;123m██[38;2;74;106;123m██[38;2;74;106;123m██[38;2;74;106;123m██[38;2;24;41;49m██[38;2;24;41;49m██[38;2;74;106;123m██[38;2;74;106;123m██[38;2;41;74;82m██[38;2;41;74;82m██[38;2;41;74;82m██[38;2;41;74;82m██[38;2;24;41;49m██[38;2;24;41;49m██[38;2;24;41;49m██[38;2;24;41;49m██[38;2;41;74;82m██[38;2;41;74;82m██[38;2;41;74;82m██[38;2;24;41;49m██[38;2;24;41;49m██[38;2;16;16;16m██[38;2;205;213;255m██[38;2;90;106;197m██[38;2;205;213;255m██[38;2;205;213;255m██[38;2;90;106;197m██[38;2;16;16;16m██[38;2;41;74;82m██[38;2;41;74;82m██[38;2;74;106;123m██[38;2;74;106;123m██[38;2;24;41;49m██[38;2;24;41;49m██[38;2;24;41;49m██[38;2;139;156;230m██[38;2;139;156;230m██[38;2;139;156;230m██[38;2;16;16;16m██[38;2;74;106;123m██[38;2;74;106;123m██[38;2;74;106;123m██[38;2;74;106;123m██[38;2;24;41;49m██[38;2;74;106;123m██[38;2;74;106;123m██[38;2;74;106;123m██[38;2;74;106;123m██[38;2;74;106;123m██[38;2;74;106;123m██[38;2;74;106;123m██[38;2;16;16;16m██[38;2;16;16;16m██                                  
  [38;2;32;41;82m██[38;2;205;213;255m██[38;2;205;213;255m██[38;2;205;213;255m██[38;2;205;213;255m██[38;2;98;57;82m██[38;2;238;65;180m██[38;2;90;106;197m██[38;2;90;106;197m██[38;2;205;213;255m██[38;2;205;213;255m██[38;2;90;106;197m██[38;2;90;106;197m██[38;2;139;156;230m██[38;2;24;41;49m██[38;2;139;156;230m██[38;2;139;156;230m██[38;2;16;16;16m██[38;2;90;106;197m██[38;2;90;106;197m██[38;2;90;106;197m██[38;2;41;74;82m██[38;2;41;74;82m██[38;2;41;74;82m██[38;2;74;106;123m██[38;2;24;41;49m██[38;2;24;41;49m██[38;2;74;106;123m██[38;2;74;106;123m██[38;2;41;74;82m██[38;2;41;74;82m██[38;2;41;74;82m██[38;2;24;41;49m██[38;2;24;41;49m██[38;2;24;41;49m██[38;2;41;74;82m██[38;2;41;74;82m██[38;2;41;74;82m██[38;2;41;74;82m██[38;2;41;74;82m██[38;2;41;74;82m██[38;2;41;74;82m██[38;2;16;16;16m██[38;2;41;74;82m██[38;2;16;16;16m██[38;2;205;213;255m██[38;2;90;106;197m██[38;2;205;213;255m██[38;2;205;213;255m██[38;2;90;106;197m██[38;2;41;74;82m██[38;2;41;74;82m██[38;2;41;74;82m██[38;2;41;74;82m██[38;2;24;41;49m██[38;2;74;106;123m██[38;2;74;106;123m██[38;2;24;41;49m██[38;2;139;156;230m██[38;2;139;156;230m██[38;2;16;16;16m██[38;2;24;41;49m██[38;2;74;106;123m██[38;2;74;106;123m██[38;2;74;106;123m██[38;2;74;106;123m██[38;2;24;41;49m██[38;2;74;106;123m██[38;2;74;106;123m██[38;2;74;106;123m██[38;2;74;106;123m██[38;2;74;106;123m██[38;2;74;106;123m██[38;2;74;106;123m██[38;2;74;106;123m██[38;2;41;74;82m██[38;2;24;41;49m██                                
  [38;2;32;41;82m██[38;2;205;213;255m██[38;2;205;213;255m██[38;2;205;213;255m██[38;2;205;213;255m██[38;2;90;106;197m██[38;2;90;106;197m██[38;2;205;213;255m██[38;2;205;213;255m██[38;2;90;106;197m██[38;2;90;106;197m██[38;2;139;156;230m██[38;2;139;156;230m██[38;2;24;41;49m██[38;2;139;156;230m██[38;2;139;156;230m██[38;2;32;41;82m██[38;2;16;16;16m██[38;2;41;74;82m██[38;2;41;74;82m██[38;2;41;74;82m██[38;2;24;41;49m██[38;2;24;41;49m██[38;2;24;41;49m██[38;2;24;41;49m██[38;2;74;106;123m██[38;2;41;74;82m██[38;2;41;74;82m██[38;2;41;74;82m██[38;2;24;41;49m██[38;2;24;41;49m██[38;2;24;41;49m██[38;2;41;74;82m██[38;2;41;74;82m██[38;2;41;74;82m██[38;2;16;16;16m██[38;2;16;16;16m██[38;2;16;16;16m██[38;2;16;16;16m██[38;2;16;16;16m██[38;2;16;16;16m██[38;2;24;41;49m██[38;2;41;74;82m██[38;2;41;74;82m██[38;2;16;16;16m██[38;2;205;213;255m██[38;2;90;106;197m██[38;2;205;213;255m██[38;2;205;213;255m██[38;2;90;106;197m██[38;2;24;41;49m██[38;2;41;74;82m██[38;2;41;74;82m██[38;2;24;41;49m██[38;2;41;74;82m██[38;2;41;74;82m██[38;2;74;106;123m██[38;2;74;106;123m██[38;2;24;41;49m██[38;2;139;156;230m██[38;2;16;16;16m██[38;2;41;74;82m██[38;2;24;41;49m██[38;2;74;106;123m██[38;2;74;106;123m██[38;2;74;106;123m██[38;2;74;106;123m██[38;2;24;41;49m██[38;2;74;106;123m██[38;2;74;106;123m██[38;2;24;41;49m██[38;2;24;41;49m██[38;2;24;41;49m██[38;2;74;106;123m██[38;2;41;74;82m██[38;2;41;74;82m██[38;2;41;74;82m██[38;2;24;41;49m██                              
  [38;2;90;106;197m██[38;2;205;213;255m██[38;2;205;213;255m██[38;2;205;213;255m██[38;2;90;106;197m██[38;2;205;213;255m██[38;2;205;213;255m██[38;2;205;213;255m██[38;2;32;41;82m██[38;2;139;156;230m██[38;2;139;156;230m██[38;2;16;16;16m██[38;2;16;16;16m██[38;2;90;106;197m██[38;2;139;156;230m██[38;2;139;156;230m██[38;2;32;41;82m██[38;2;41;74;82m██[38;2;24;41;49m██[38;2;24;41;49m██[38;2;24;41;49m██[38;2;41;74;82m██[38;2;41;74;82m██[38;2;41;74;82m██[38;2;41;74;82m██[38;2;41;74;82m██[38;2;24;41;49m██[38;2;24;41;49m██[38;2;24;41;49m██[38;2;41;74;82m██[38;2;16;16;16m██[38;2;16;16;16m██[38;2;16;16;16m██[38;2;16;16;16m██[38;2;16;16;16m██[38;2;139;156;230m██[38;2;139;156;230m██[38;2;139;156;230m██[38;2;139;156;230m██[38;2;139;156;230m██[38;2;24;41;49m██[38;2;41;74;82m██[38;2;41;74;82m██[38;2;41;74;82m██[38;2;41;74;82m██[38;2;16;16;16m██[38;2;90;106;197m██[38;2;205;213;255m██[38;2;139;156;230m██[38;2;139;156;230m██[38;2;24;41;49m██[38;2;41;74;82m██[38;2;41;74;82m██[38;2;24;41;49m██[38;2;74;106;123m██[38;2;74;106;123m██[38;2;41;74;82m██[38;2;74;106;123m██[38;2;74;106;123m██[38;2;16;16;16m██[38;2;41;74;82m██[38;2;41;74;82m██[38;2;16;16;16m██[38;2;74;106;123m██[38;2;74;106;123m██[38;2;74;106;123m██[38;2;74;106;123m██[38;2;74;106;123m██[38;2;24;41;49m██[38;2;24;41;49m██[38;2;74;106;123m██[38;2;74;106;123m██[38;2;74;106;123m██[38;2;24;41;49m██[38;2;41;74;82m██[38;2;24;41;49m██[38;2;16;16;16m██[38;2;24;41;49m██                              
  [38;2;90;106;197m██[38;2;205;213;255m██[38;2;205;213;255m██[38;2;90;106;197m██[38;2;90;106;197m██[38;2;205;213;255m██[38;2;32;41;82m██[38;2;90;106;197m██[38;2;139;156;230m██[38;2;16;16;16m██[38;2;16;16;16m██[38;2;16;16;16m██[38;2;139;156;230m██[38;2;90;106;197m██[38;2;205;213;255m██[38;2;205;213;255m██[38;2;32;41;82m██[38;2;41;74;82m██[38;2;41;74;82m██[38;2;41;74;82m██[38;2;41;74;82m██[38;2;41;74;82m██[38;2;41;74;82m██[38;2;41;74;82m██[38;2;24;41;49m██[38;2;24;41;49m██[38;2;41;74;82m██[38;2;16;16;16m██[38;2;16;16;16m██[38;2;16;16;16m██      [38;2;32;41;82m██[38;2;139;156;230m██[38;2;90;106;197m██[38;2;90;106;197m██[38;2;139;156;230m██[38;2;139;156;230m██[38;2;139;156;230m██[38;2;139;156;230m██[38;2;16;16;16m██[38;2;16;16;16m██[38;2;41;74;82m██[38;2;41;74;82m██[38;2;16;16;16m██[38;2;205;213;255m██[38;2;90;106;197m██[38;2;139;156;230m██[38;2;139;156;230m██[38;2;16;16;16m██[38;2;16;16;16m██[38;2;16;16;16m██[38;2;16;16;16m██[38;2;24;41;49m██[38;2;74;106;123m██[38;2;74;106;123m██[38;2;41;74;82m██[38;2;24;41;49m██[38;2;24;41;49m██[38;2;16;16;16m██[38;2;41;74;82m██[38;2;41;74;82m██[38;2;16;16;16m██[38;2;74;106;123m██[38;2;74;106;123m██[38;2;74;106;123m██[38;2;74;106;123m██[38;2;74;106;123m██[38;2;74;106;123m██[38;2;74;106;123m██[38;2;24;41;49m██[38;2;41;74;82m██[38;2;41;74;82m██[38;2;24;41;49m██[38;2;41;74;82m██[38;2;41;74;82m██[38;2;16;16;16m██                              
  [38;2;90;106;197m██[38;2;205;213;255m██[38;2;205;213;255m██[38;2;90;106;197m██[38;2;205;213;255m██[38;2;90;106;197m██[38;2;139;156;230m██[38;2;16;16;16m██[38;2;16;16;16m██[38;2;164;65;131m██[38;2;238;65;180m██[38;2;16;16;16m██[38;2;139;156;230m██[38;2;90;106;197m██[38;2;205;213;255m██[38;2;205;213;255m██[38;2;205;213;255m██[38;2;32;41;82m██[38;2;41;74;82m██[38;2;41;74;82m██[38;2;41;74;82m██[38;2;41;74;82m██[38;2;24;41;49m██[38;2;24;41;49m██[38;2;41;74;82m██[38;2;16;16;16m██[38;2;16;16;16m██              [38;2;32;41;82m██[38;2;32;41;82m██[38;2;139;156;230m██[38;2;90;106;197m██[38;2;90;106;197m██[38;2;32;41;82m██[38;2;32;41;82m██[38;2;32;41;82m██[38;2;90;106;197m██[38;2;16;16;16m██[38;2;16;16;16m██  [38;2;16;16;16m██[38;2;90;106;197m██[38;2;139;156;230m██[38;2;139;156;230m██[38;2;139;156;230m██[38;2;24;41;49m██[38;2;41;74;82m██[38;2;41;74;82m██[38;2;41;74;82m██[38;2;24;41;49m██[38;2;24;41;49m██[38;2;41;74;82m██[38;2;74;106;123m██[38;2;74;106;123m██[38;2;74;106;123m██[38;2;16;16;16m██[38;2;41;74;82m██[38;2;41;74;82m██[38;2;16;16;16m██[38;2;74;106;123m██[38;2;74;106;123m██[38;2;74;106;123m██[38;2;74;106;123m██[38;2;16;16;16m██[38;2;16;16;16m██[38;2;41;74;82m██[38;2;41;74;82m██[38;2;41;74;82m██[38;2;24;41;49m██[38;2;41;74;82m██[38;2;41;74;82m██[38;2;16;16;16m██                              
  [38;2;90;106;197m██[38;2;205;213;255m██[38;2;139;156;230m██[38;2;205;213;255m██[38;2;205;213;255m██[38;2;32;41;82m██[38;2;139;156;230m██[38;2;24;41;49m██[38;2;238;65;180m██[38;2;238;65;180m██[38;2;16;16;16m██[38;2;24;41;49m██[38;2;90;106;197m██[38;2;205;213;255m██[38;2;205;213;255m██[38;2;205;213;255m██[38;2;139;156;230m██[38;2;32;41;82m██[38;2;32;41;82m██[38;2;32;41;82m██[38;2;24;41;49m██[38;2;24;41;49m██[38;2;41;74;82m██[38;2;16;16;16m██[38;2;16;16;16m██            [38;2;24;41;49m██[38;2;24;41;49m██[38;2;24;41;49m██[38;2;41;74;82m██[38;2;41;74;82m██[38;2;32;41;82m██[38;2;32;41;82m██[38;2;32;41;82m██              [38;2;24;41;49m██[38;2;16;16;16m██[38;2;90;106;197m██[38;2;139;156;230m██[38;2;16;16;16m██[38;2;41;74;82m██[38;2;41;74;82m██[38;2;41;74;82m██[38;2;41;74;82m██[38;2;41;74;82m██[38;2;16;16;16m██[38;2;74;106;123m██[38;2;74;106;123m██[38;2;74;106;123m██[38;2;74;106;123m██[38;2;16;16;16m██[38;2;41;74;82m██[38;2;41;74;82m██[38;2;41;74;82m██[38;2;16;16;16m██[38;2;16;16;16m██[38;2;16;16;16m██[38;2;16;16;16m██  [38;2;24;41;49m██[38;2;41;74;82m██[38;2;41;74;82m██[38;2;24;41;49m██[38;2;41;74;82m██[38;2;41;74;82m██[38;2;41;74;82m██[38;2;16;16;16m██                              
  [38;2;90;106;197m██[38;2;205;213;255m██[38;2;205;213;255m██[38;2;205;213;255m██[38;2;32;41;82m██[38;2;139;156;230m██[38;2;16;16;16m██[38;2;16;16;16m██[38;2;16;16;16m██[38;2;16;16;16m██[38;2;24;41;49m██[38;2;24;41;49m██[38;2;139;156;230m██[38;2;90;106;197m██[38;2;90;106;197m██[38;2;90;106;197m██[38;2;205;213;255m██[38;2;205;213;255m██[38;2;205;213;255m██[38;2;90;106;197m██[38;2;16;16;16m██[38;2;16;16;16m██[38;2;16;16;16m██          [38;2;24;41;49m██[38;2;24;41;49m██[38;2;24;41;49m██[38;2;41;74;82m██[38;2;41;74;82m██[38;2;41;74;82m██[38;2;41;74;82m██[38;2;41;74;82m██[38;2;41;74;82m██[38;2;16;16;16m██                [38;2;24;41;49m██[38;2;41;74;82m██[38;2;16;16;16m██[38;2;16;16;16m██[38;2;41;74;82m██[38;2;16;16;16m██[38;2;16;16;16m██[38;2;41;74;82m██[38;2;41;74;82m██[38;2;16;16;16m██[38;2;74;106;123m██[38;2;74;106;123m██[38;2;74;106;123m██[38;2;74;106;123m██[38;2;16;16;16m██[38;2;41;74;82m██[38;2;41;74;82m██[38;2;24;41;49m██[38;2;24;41;49m██          [38;2;24;41;49m██[38;2;41;74;82m██[38;2;41;74;82m██[38;2;24;41;49m██[38;2;41;74;82m██[38;2;41;74;82m██[38;2;24;41;49m██[38;2;16;16;16m██                              
[38;2;32;41;82m██[38;2;90;106;197m██[38;2;205;213;255m██[38;2;205;213;255m██[38;2;32;41;82m██[38;2;139;156;230m██[38;2;16;16;16m██[38;2;24;41;49m██[38;2;24;41;49m██[38;2;24;41;49m██[38;2;32;41;82m██[38;2;255;255;255m██[38;2;90;106;197m██[38;2;205;213;255m██[38;2;205;213;255m██[38;2;205;213;255m██[38;2;205;213;255m██[38;2;205;213;255m██[38;2;205;213;255m██[38;2;90;106;197m██[38;2;139;156;230m██[38;2;139;156;230m██[38;2;139;156;230m██[38;2;24;41;49m██        [38;2;24;41;49m██[38;2;205;205;205m██[38;2;16;16;16m██[38;2;205;205;205m██[38;2;205;205;205m██[38;2;24;41;49m██[38;2;41;74;82m██[38;2;41;74;82m██[38;2;16;16;16m██[38;2;16;16;16m██                [38;2;24;41;49m██[38;2;24;41;49m██[38;2;41;74;82m██[38;2;41;74;82m██[38;2;41;74;82m██[38;2;41;74;82m██[38;2;24;41;49m██  [38;2;24;41;49m██[38;2;16;16;16m██[38;2;41;74;82m██[38;2;41;74;82m██[38;2;74;106;123m██[38;2;74;106;123m██[38;2;16;16;16m██[38;2;24;41;49m██[38;2;24;41;49m██[38;2;24;41;49m██                [38;2;24;41;49m██[38;2;41;74;82m██[38;2;24;41;49m██[38;2;41;74;82m██[38;2;41;74;82m██[38;2;16;16;16m██                                
[38;2;32;41;82m██[38;2;205;213;255m██[38;2;90;106;197m██[38;2;32;41;82m██[38;2;139;156;230m██[38;2;139;156;230m██[38;2;16;16;16m██[38;2;255;255;255m██[38;2;32;41;82m██[38;2;255;255;255m██[38;2;90;106;197m██[38;2;90;106;197m██[38;2;205;213;255m██[38;2;205;213;255m██[38;2;205;213;255m██[38;2;205;213;255m██[38;2;205;213;255m██[38;2;205;213;255m██[38;2;32;41;82m██[38;2;139;156;230m██[38;2;139;156;230m██[38;2;139;156;230m██[38;2;16;16;16m██          [38;2;16;16;16m██[38;2;16;16;16m██[38;2;255;255;255m██[38;2;255;255;255m██[38;2;16;16;16m██[38;2;16;16;16m██[38;2;16;16;16m██[38;2;16;16;16m██                    [38;2;24;41;49m██[38;2;41;74;82m██[38;2;24;41;49m██[38;2;41;74;82m██[38;2;41;74;82m██[38;2;24;41;49m██      [38;2;16;16;16m██[38;2;41;74;82m██[38;2;41;74;82m██[38;2;41;74;82m██[38;2;16;16;16m██                        [38;2;24;41;49m██[38;2;41;74;82m██[38;2;24;41;49m██[38;2;41;74;82m██[38;2;41;74;82m██[38;2;16;16;16m██                                
  [38;2;32;41;82m██[38;2;32;41;82m██[38;2;139;156;230m██[38;2;32;41;82m██[38;2;32;41;82m██[38;2;90;106;197m██[38;2;205;213;255m██[38;2;205;213;255m██[38;2;205;213;255m██[38;2;205;213;255m██[38;2;205;213;255m██[38;2;205;213;255m██[38;2;205;213;255m██[38;2;205;213;255m██[38;2;205;213;255m██[38;2;205;213;255m██[38;2;90;106;197m██[38;2;139;156;230m██[38;2;139;156;230m██[38;2;139;156;230m██[38;2;24;41;49m██[38;2;16;16;16m██            [38;2;16;16;16m██[38;2;16;16;16m██[38;2;16;16;16m██                          [38;2;24;41;49m██[38;2;41;74;82m██[38;2;41;74;82m██[38;2;24;41;49m██[38;2;41;74;82m██[38;2;16;16;16m██      [38;2;16;16;16m██[38;2;41;74;82m██[38;2;41;74;82m██[38;2;41;74;82m██[38;2;41;74;82m██[38;2;16;16;16m██                        [38;2;24;41;49m██[38;2;41;74;82m██[38;2;24;41;49m██[38;2;41;74;82m██[38;2;16;16;16m██                                  
    [38;2;32;41;82m██[38;2;32;41;82m██[38;2;139;156;230m██[38;2;139;156;230m██[38;2;139;156;230m██[38;2;90;106;197m██[38;2;32;41;82m██[38;2;90;106;197m██[38;2;205;213;255m██[38;2;205;213;255m██[38;2;205;213;255m██[38;2;205;213;255m██[38;2;205;213;255m██[38;2;32;41;82m██[38;2;32;41;82m██[38;2;90;106;197m██[38;2;139;156;230m██[38;2;139;156;230m██[38;2;139;156;230m██[38;2;16;16;16m██                                              [38;2;24;41;49m██[38;2;41;74;82m██[38;2;24;41;49m██[38;2;41;74;82m██[38;2;24;41;49m██[38;2;16;16;16m██    [38;2;24;41;49m██[38;2;16;16;16m██[38;2;41;74;82m██[38;2;41;74;82m██[38;2;41;74;82m██[38;2;24;41;49m██                          [38;2;24;41;49m██[38;2;41;74;82m██[38;2;24;41;49m██[38;2;41;74;82m██[38;2;16;16;16m██                                  
        [38;2;32;41;82m██[38;2;32;41;82m██[38;2;139;156;230m██[38;2;139;156;230m██[38;2;139;156;230m██[38;2;139;156;230m██[38;2;32;41;82m██[38;2;32;41;82m██[38;2;32;41;82m██[38;2;32;41;82m██[38;2;32;41;82m██[38;2;139;156;230m██[38;2;139;156;230m██[38;2;139;156;230m██[38;2;90;106;197m██[38;2;16;16;16m██[38;2;16;16;16m██                                              [38;2;24;41;49m██[38;2;41;74;82m██[38;2;41;74;82m██[38;2;24;41;49m██[38;2;41;74;82m██[38;2;16;16;16m██    [38;2;24;41;49m██[38;2;205;205;205m██[38;2;41;74;82m██[38;2;24;41;49m██[38;2;41;74;82m██[38;2;16;16;16m██                          [38;2;24;41;49m██[38;2;41;74;82m██[38;2;41;74;82m██[38;2;41;74;82m██[38;2;16;16;16m██                                    
            [38;2;32;41;82m██[38;2;32;41;82m██[38;2;32;41;82m██[38;2;139;156;230m██[38;2;139;156;230m██[38;2;90;106;197m██[38;2;32;41;82m██[38;2;139;156;230m██[38;2;139;156;230m██[38;2;139;156;230m██[38;2;139;156;230m██[38;2;16;16;16m██[38;2;16;16;16m██                                                [38;2;24;41;49m██[38;2;41;74;82m██[38;2;41;74;82m██[38;2;41;74;82m██[38;2;24;41;49m██[38;2;41;74;82m██[38;2;16;16;16m██  [38;2;24;41;49m██[38;2;205;205;205m██[38;2;16;16;16m██[38;2;24;41;49m██[38;2;205;205;205m██[38;2;205;205;205m██[38;2;16;16;16m██                          [38;2;24;41;49m██[38;2;24;41;49m██[38;2;41;74;82m██[38;2;41;74;82m██[38;2;16;16;16m██                                    
                  [38;2;32;41;82m██[38;2;32;41;82m██[38;2;90;106;197m██[38;2;139;156;230m██[38;2;139;156;230m██[38;2;16;16;16m██[38;2;16;16;16m██[38;2;16;16;16m██                                              [38;2;24;41;49m██[38;2;24;41;49m██[38;2;24;41;49m██[38;2;41;74;82m██[38;2;41;74;82m██[38;2;41;74;82m██[38;2;24;41;49m██[38;2;41;74;82m██[38;2;24;41;49m██    [38;2;16;16;16m██[38;2;16;16;16m██  [38;2;24;41;49m██[38;2;205;205;205m██[38;2;16;16;16m██                          [38;2;24;41;49m██[38;2;41;74;82m██[38;2;24;41;49m██[38;2;41;74;82m██[38;2;41;74;82m██[38;2;24;41;49m██                                    
                      [38;2;16;16;16m██[38;2;16;16;16m██[38;2;16;16;16m██                                                  [38;2;24;41;49m██[38;2;205;205;205m██[38;2;41;74;82m██[38;2;255;255;255m██[38;2;255;255;255m██[38;2;41;74;82m██[38;2;24;41;49m██[38;2;24;41;49m██[38;2;41;74;82m██[38;2;16;16;16m██          [38;2;16;16;16m██[38;2;16;16;16m██                        [38;2;24;41;49m██[38;2;24;41;49m██[38;2;41;74;82m██[38;2;41;74;82m██[38;2;41;74;82m██[38;2;24;41;49m██[38;2;41;74;82m██[38;2;24;41;49m██                                    
                                                                            [38;2;16;16;16m██[38;2;205;205;205m██[38;2;41;74;82m██[38;2;255;255;255m██[38;2;255;255;255m██[38;2;205;205;205m██[38;2;24;41;49m██[38;2;255;255;255m██[38;2;255;255;255m██[38;2;41;74;82m██[38;2;16;16;16m██                                    [38;2;24;41;49m██[38;2;24;41;49m██[38;2;74;106;123m██[38;2;74;106;123m██[38;2;41;74;82m██[38;2;41;74;82m██[38;2;24;41;49m██[38;2;41;74;82m██[38;2;24;41;49m██                                    
                                                                            [38;2;16;16;16m██[38;2;16;16;16m██[38;2;24;41;49m██[38;2;205;205;205m██[38;2;24;41;49m██[38;2;24;41;49m██[38;2;255;255;255m██[38;2;255;255;255m██[38;2;16;16;16m██[38;2;16;16;16m██                                  [38;2;24;41;49m██[38;2;24;41;49m██[38;2;74;106;123m██[38;2;74;106;123m██[38;2;24;41;49m██[38;2;74;106;123m██[38;2;74;106;123m██[38;2;24;41;49m██[38;2;74;106;123m██[38;2;74;106;123m██[38;2;41;74;82m██[38;2;24;41;49m██                                  
                                                                                [38;2;16;16;16m██[38;2;16;16;16m██    [38;2;16;16;16m██[38;2;16;16;16m██                                    [38;2;24;41;49m██[38;2;205;205;205m██[38;2;205;205;205m██[38;2;24;41;49m██[38;2;24;41;49m██[38;2;74;106;123m██[38;2;74;106;123m██[38;2;74;106;123m██[38;2;24;41;49m██[38;2;24;41;49m██[38;2;74;106;123m██[38;2;74;106;123m██[38;2;16;16;16m██                                  
                                                                                                                              [38;2;24;41;49m██[38;2;205;205;205m██[38;2;205;205;205m██[38;2;24;41;49m██[38;2;255;255;255m██[38;2;255;255;255m██[38;2;24;41;49m██[38;2;74;106;123m██[38;2;24;41;49m██[38;2;255;255;255m██[38;2;255;255;255m██[38;2;24;41;49m██[38;2;74;106;123m██[38;2;16;16;16m██                                  
                                                                                                                              [38;2;16;16;16m██[38;2;16;16;16m██[38;2;24;41;49m██[38;2;255;255;255m██[38;2;255;255;255m██[38;2;255;255;255m██[38;2;24;41;49m██[38;2;24;41;49m██[38;2;255;255;255m██[38;2;255;255;255m██[38;2;255;255;255m██[38;2;16;16;16m██[38;2;16;16;16m██                                    
                                                                                                                                [38;2;24;41;49m██[38;2;205;205;205m██[38;2;205;205;205m██[38;2;24;41;49m██[38;2;16;16;16m██[38;2;16;16;16m██[38;2;24;41;49m██[38;2;205;205;205m██[38;2;16;16;16m██[38;2;16;16;16m██                                        
                                                                                                                                  [38;2;16;16;16m██[38;2;16;16;16m██      [38;2;16;16;16m██[38;2;16;16;16m██                                            
