                                                            [38;2;16;16;16m██[38;2;16;16;16m██    [38;2;98;65;65m██[38;2;98;65;65m██                                
                                                          [38;2;16;16;16m██[38;2;255;131;189m██[38;2;255;131;189m██[38;2;16;16;16m██[38;2;98;65;65m██[38;2;189;90;156m██[38;2;189;90;156m██[38;2;98;65;65m██                              
                                                          [38;2;16;16;16m██[38;2;255;131;189m██[38;2;255;131;189m██[38;2;16;16;16m██[38;2;98;65;65m██[38;2;189;90;156m██[38;2;189;90;156m██[38;2;16;16;16m██[38;2;16;16;16m██                            
                                                    [38;2;98;65;65m██[38;2;98;65;65m██[38;2;98;65;65m██  [38;2;16;16;16m██[38;2;16;16;16m██[38;2;189;164;82m██[38;2;189;164;82m██[38;2;98;65;65m██[38;2;16;16;16m██[38;2;255;131;189m██[38;2;255;131;189m██[38;2;98;65;65m██[38;2;98;65;65m██[38;2;98;65;65m██                      
                                      [38;2;98;65;65m██[38;2;98;65;65m██      [38;2;16;16;16m██[38;2;16;16;16m██[38;2;16;16;16m██[38;2;189;90;156m██[38;2;189;90;156m██[38;2;98;65;65m██[38;2;16;16;16m██[38;2;255;222;65m██[38;2;16;16;16m██[38;2;189;164;82m██[38;2;189;164;82m██[38;2;16;16;16m██[38;2;255;131;189m██[38;2;255;131;189m██[38;2;16;16;16m██[38;2;189;90;156m██[38;2;189;90;156m██[38;2;98;65;65m██                    
                        [38;2;49;65;90m██[38;2;49;65;90m██[38;2;49;65;90m██[38;2;41;123;148m██[38;2;41;123;148m██[38;2;49;65;90m██[38;2;98;65;65m██[38;2;255;131;189m██[38;2;255;131;189m██[38;2;98;65;65m██[38;2;16;16;16m██[38;2;16;16;16m██[38;2;255;180;156m██[38;2;255;255;255m██[38;2;255;255;255m██[38;2;16;16;16m██[38;2;16;16;16m██[38;2;189;90;156m██[38;2;189;90;156m██[38;2;255;222;65m██[38;2;189;164;82m██[38;2;16;16;16m██[38;2;98;65;65m██[38;2;255;222;65m██[38;2;16;16;16m██[38;2;16;16;16m██[38;2;98;65;65m██[38;2;189;90;156m██[38;2;16;16;16m██[38;2;16;16;16m██                    
                        [38;2;49;65;90m██[38;2;106;197;205m██[38;2;106;197;205m██[38;2;106;197;205m██[38;2;106;197;205m██[38;2;106;197;205m██[38;2;98;65;65m██[38;2;255;131;189m██[38;2;255;131;189m██[38;2;255;131;189m██[38;2;98;65;65m██[38;2;255;255;255m██[38;2;255;180;156m██[38;2;255;131;189m██[38;2;255;131;189m██[38;2;255;180;156m██[38;2;255;255;255m██[38;2;16;16;16m██[38;2;98;65;65m██[38;2;255;222;65m██[38;2;255;222;65m██[38;2;98;65;65m██[38;2;255;222;65m██[38;2;255;222;65m██[38;2;98;65;65m██[38;2;189;164;82m██[38;2;189;164;82m██[38;2;16;16;16m██[38;2;255;131;189m██[38;2;255;131;189m██[38;2;16;16;16m██                  
                        [38;2;49;65;90m██[38;2;106;197;205m██[38;2;106;197;205m██[38;2;106;197;205m██[38;2;106;197;205m██[38;2;106;197;205m██[38;2;16;16;16m██[38;2;255;131;189m██[38;2;255;131;189m██[38;2;255;131;189m██[38;2;255;131;189m██[38;2;255;131;189m██[38;2;255;131;189m██[38;2;255;131;189m██[38;2;255;255;255m██[38;2;255;131;189m██[38;2;255;131;189m██[38;2;255;131;189m██[38;2;16;16;16m██[38;2;255;222;65m██[38;2;255;222;65m██[38;2;255;222;65m██[38;2;255;222;65m██[38;2;255;222;65m██[38;2;98;65;65m██[38;2;189;164;82m██[38;2;98;65;65m██[38;2;16;16;16m██[38;2;255;131;189m██[38;2;255;131;189m██[38;2;16;16;16m██                  
                          [38;2;49;65;90m██[38;2;106;197;205m██[38;2;106;197;205m██[38;2;106;197;205m██[38;2;106;197;205m██[38;2;16;16;16m██[38;2;255;131;189m██[38;2;255;131;189m██[38;2;255;131;189m██[38;2;255;131;189m██[38;2;255;131;189m██[38;2;255;131;189m██[38;2;255;131;189m██[38;2;255;131;189m██[38;2;255;131;189m██[38;2;255;131;189m██[38;2;98;65;65m██[38;2;98;65;65m██[38;2;98;65;65m██[38;2;16;16;16m██[38;2;255;222;65m██[38;2;255;222;65m██[38;2;255;222;65m██[38;2;98;65;65m██[38;2;98;65;65m██[38;2;255;222;65m██[38;2;255;222;65m██[38;2;16;16;16m██[38;2;16;16;16m██                    
                          [38;2;49;65;90m██[38;2;106;197;205m██[38;2;106;197;205m██[38;2;106;197;205m██[38;2;106;197;205m██[38;2;106;197;205m██[38;2;16;16;16m██[38;2;255;131;189m██[38;2;255;131;189m██[38;2;255;131;189m██[38;2;255;131;189m██[38;2;255;131;189m██[38;2;255;131;189m██[38;2;255;131;189m██[38;2;98;65;65m██[38;2;98;65;65m██[38;2;255;131;189m██[38;2;255;131;189m██[38;2;255;131;189m██[38;2;255;131;189m██[38;2;16;16;16m██[38;2;255;222;65m██[38;2;255;222;65m██[38;2;255;222;65m██[38;2;255;222;65m██[38;2;255;222;65m██[38;2;16;16;16m██                        
                            [38;2;49;65;90m██[38;2;106;197;205m██[38;2;106;197;205m██[38;2;106;197;205m██[38;2;106;197;205m██[38;2;16;16;16m██[38;2;255;131;189m██[38;2;255;131;189m██[38;2;255;131;189m██[38;2;255;131;189m██[38;2;255;131;189m██[38;2;255;131;189m██[38;2;98;65;65m██[38;2;255;131;189m██[38;2;255;255;255m██[38;2;255;131;189m██[38;2;255;131;189m██[38;2;255;255;255m██[38;2;255;131;189m██[38;2;255;131;189m██[38;2;16;16;16m██[38;2;255;222;65m██[38;2;16;16;16m██[38;2;16;16;16m██[38;2;98;65;65m██[38;2;189;90;156m██[38;2;98;65;65m██                      
                              [38;2;49;65;90m██[38;2;106;197;205m██[38;2;106;197;205m██[38;2;106;197;205m██[38;2;106;197;205m██[38;2;16;16;16m██[38;2;16;16;16m██[38;2;255;131;189m██[38;2;255;131;189m██[38;2;255;131;189m██[38;2;98;65;65m██[38;2;255;131;189m██[38;2;255;131;189m██[38;2;255;131;189m██[38;2;255;131;189m██[38;2;255;180;156m██[38;2;255;180;156m██[38;2;255;131;189m██[38;2;255;131;189m██[38;2;16;16;16m██[38;2;98;65;65m██[38;2;255;131;189m██[38;2;255;255;255m██[38;2;16;16;16m██[38;2;16;16;16m██[38;2;189;90;156m██[38;2;98;65;65m██                    
                                [38;2;49;65;90m██[38;2;106;197;205m██[38;2;106;197;205m██[38;2;106;197;205m██[38;2;106;197;205m██[38;2;106;197;205m██[38;2;16;16;16m██[38;2;16;16;16m██[38;2;16;16;16m██[38;2;98;65;65m██[38;2;255;131;189m██[38;2;255;131;189m██[38;2;255;131;189m██[38;2;255;131;189m██[38;2;255;255;255m██[38;2;255;131;189m██[38;2;255;131;189m██[38;2;255;255;255m██[38;2;255;131;189m██[38;2;16;16;16m██[38;2;255;131;189m██[38;2;255;131;189m██[38;2;255;255;255m██[38;2;255;255;255m██[38;2;16;16;16m██[38;2;98;65;65m██                    
                                  [38;2;49;65;90m██[38;2;49;65;90m██[38;2;106;197;205m██[38;2;106;197;205m██[38;2;106;197;205m██[38;2;41;123;148m██[38;2;41;123;148m██[38;2;98;65;65m██[38;2;189;90;156m██[38;2;255;131;189m██[38;2;255;131;189m██[38;2;255;131;189m██[38;2;255;180;156m██[38;2;255;180;156m██[38;2;255;131;189m██[38;2;255;131;189m██[38;2;255;131;189m██[38;2;255;131;189m██[38;2;16;16;16m██[38;2;255;131;189m██[38;2;255;180;156m██[38;2;255;131;189m██[38;2;255;180;156m██[38;2;255;255;255m██[38;2;16;16;16m██                    
                                    [38;2;98;98;41m██[38;2;49;65;90m██[38;2;41;123;148m██[38;2;106;197;205m██[38;2;106;197;205m██[38;2;41;123;148m██[38;2;98;65;65m██[38;2;189;90;156m██[38;2;255;131;189m██[38;2;255;131;189m██[38;2;255;131;189m██[38;2;255;131;189m██[38;2;255;131;189m██[38;2;255;131;189m██[38;2;255;131;189m██[38;2;255;131;189m██[38;2;255;131;189m██[38;2;16;16;16m██[38;2;255;131;189m██[38;2;255;255;255m██[38;2;255;255;255m██[38;2;255;131;189m██[38;2;255;180;156m██[38;2;16;16;16m██                    
                                  [38;2;98;98;41m██[38;2;213;238;123m██[38;2;213;238;123m██[38;2;213;238;123m██[38;2;49;65;90m██[38;2;49;65;90m██[38;2;49;65;90m██[38;2;98;65;65m██[38;2;189;90;156m██[38;2;255;131;189m██[38;2;255;131;189m██[38;2;98;65;65m██[38;2;98;65;65m██[38;2;255;131;189m██[38;2;255;131;189m██[38;2;255;131;189m██[38;2;255;131;189m██[38;2;189;90;156m██[38;2;16;16;16m██[38;2;255;131;189m██[38;2;255;131;189m██[38;2;255;180;156m██[38;2;255;131;189m██[38;2;255;131;189m██[38;2;255;255;255m██[38;2;16;16;16m██                  
                                  [38;2;98;98;41m██[38;2;213;238;123m██[38;2;213;238;123m██[38;2;213;238;123m██[38;2;213;238;123m██[38;2;213;238;123m██[38;2;213;238;123m██[38;2;98;65;65m██[38;2;189;90;156m██[38;2;98;65;65m██[38;2;189;90;156m██[38;2;255;131;189m██[38;2;255;131;189m██[38;2;98;65;65m██[38;2;255;131;189m██[38;2;255;131;189m██[38;2;255;131;189m██[38;2;16;16;16m██[38;2;189;90;156m██[38;2;189;90;156m██[38;2;255;131;189m██[38;2;255;131;189m██[38;2;255;131;189m██[38;2;255;131;189m██[38;2;255;180;156m██[38;2;16;16;16m██                  
                                [38;2;98;98;41m██[38;2;213;238;123m██[38;2;213;238;123m██[38;2;213;238;123m██[38;2;213;238;123m██[38;2;213;238;123m██[38;2;213;238;123m██[38;2;213;238;123m██[38;2;98;65;65m██[38;2;189;90;156m██[38;2;189;90;156m██[38;2;189;90;156m██[38;2;255;131;189m██[38;2;255;131;189m██[38;2;98;65;65m██[38;2;255;131;189m██[38;2;189;90;156m██[38;2;189;90;156m██[38;2;16;16;16m██[38;2;189;90;156m██[38;2;189;90;156m██[38;2;255;131;189m██[38;2;255;131;189m██[38;2;255;131;189m██[38;2;255;131;189m██[38;2;255;131;189m██[38;2;16;16;16m██                  
                                [38;2;16;16;16m██[38;2;172;180;98m██[38;2;213;238;123m██[38;2;213;238;123m██[38;2;213;238;123m██[38;2;213;238;123m██[38;2;213;238;123m██[38;2;213;238;123m██[38;2;213;238;123m██[38;2;16;16;16m██[38;2;189;90;156m██[38;2;189;90;156m██[38;2;189;90;156m██[38;2;189;90;156m██[38;2;189;90;156m██[38;2;189;90;156m██[38;2;189;90;156m██[38;2;16;16;16m██[38;2;98;65;65m██[38;2;189;90;156m██[38;2;189;90;156m██[38;2;189;90;156m██[38;2;255;131;189m██[38;2;255;131;189m██[38;2;98;65;65m██[38;2;98;65;65m██[38;2;98;65;65m██[38;2;98;65;65m██                
                                  [38;2;16;16;16m██[38;2;16;16;16m██[38;2;172;180;98m██[38;2;213;238;123m██[38;2;213;238;123m██[38;2;213;238;123m██[38;2;172;180;98m██[38;2;98;98;41m██[38;2;16;16;16m██[38;2;189;90;156m██[38;2;189;90;156m██[38;2;189;90;156m██[38;2;189;90;156m██[38;2;189;90;156m██[38;2;189;90;156m██[38;2;16;16;16m██[38;2;41;123;148m██[38;2;16;16;16m██[38;2;189;90;156m██[38;2;189;90;156m██[38;2;189;90;156m██[38;2;189;90;156m██[38;2;189;90;156m██[38;2;189;90;156m██[38;2;189;90;156m██[38;2;189;90;156m██[38;2;16;16;16m██                
                                [38;2;98;98;41m██[38;2;172;180;98m██[38;2;98;98;41m██[38;2;16;16;16m██[38;2;16;16;16m██[38;2;16;16;16m██[38;2;98;98;41m██[38;2;98;98;41m██[38;2;255;255;255m██[38;2;255;255;255m██[38;2;16;16;16m██[38;2;189;90;156m██[38;2;189;90;156m██[38;2;189;90;156m██[38;2;16;16;16m██[38;2;16;16;16m██[38;2;49;65;90m██[38;2;41;123;148m██[38;2;41;123;148m██[38;2;16;16;16m██[38;2;189;90;156m██[38;2;189;90;156m██[38;2;189;90;156m██[38;2;189;90;156m██[38;2;189;90;156m██[38;2;189;90;156m██[38;2;189;90;156m██[38;2;16;16;16m██                
                                [38;2;98;98;41m██[38;2;98;98;41m██[38;2;172;180;98m██[38;2;16;16;16m██[38;2;189;90;156m██[38;2;255;255;255m██[38;2;255;255;255m██[38;2;255;255;255m██[38;2;255;255;255m██[38;2;255;255;255m██[38;2;255;255;255m██[38;2;16;16;16m██[38;2;16;16;16m██[38;2;16;16;16m██[38;2;98;98;41m██[38;2;172;180;98m██[38;2;16;16;16m██[38;2;41;123;148m██[38;2;41;123;148m██[38;2;41;123;148m██[38;2;16;16;16m██[38;2;16;16;16m██[38;2;189;90;156m██[38;2;189;90;156m██[38;2;189;90;156m██[38;2;189;90;156m██[38;2;16;16;16m██                  
                              [38;2;98;98;41m██[38;2;172;180;98m██[38;2;98;98;41m██[38;2;172;180;98m██[38;2;98;65;65m██[38;2;255;255;255m██[38;2;98;65;65m██[38;2;255;255;255m██[38;2;255;255;255m██[38;2;255;255;255m██[38;2;255;255;255m██[38;2;255;255;255m██[38;2;255;255;255m██[38;2;189;90;156m██[38;2;255;255;255m██[38;2;16;16;16m██[38;2;172;180;98m██[38;2;98;98;41m██[38;2;16;16;16m██[38;2;41;123;148m██[38;2;41;123;148m██[38;2;41;123;148m██[38;2;41;123;148m██[38;2;16;16;16m██[38;2;16;16;16m██[38;2;16;16;16m██[38;2;16;16;16m██                    
                            [38;2;98;98;41m██[38;2;213;238;123m██[38;2;98;98;41m██[38;2;172;180;98m██[38;2;16;16;16m██[38;2;98;65;65m██[38;2;255;131;189m██[38;2;98;65;65m██[38;2;255;255;255m██[38;2;255;255;255m██[38;2;255;255;255m██[38;2;255;255;255m██[38;2;255;255;255m██[38;2;189;90;156m██[38;2;255;255;255m██[38;2;189;90;156m██[38;2;16;16;16m██[38;2;172;180;98m██[38;2;172;180;98m██[38;2;98;98;41m██[38;2;16;16;16m██[38;2;41;123;148m██[38;2;41;123;148m██[38;2;106;197;205m██[38;2;106;197;205m██[38;2;106;197;205m██[38;2;106;197;205m██[38;2;49;65;90m██                    
    [38;2;49;65;90m██[38;2;49;65;90m██                [38;2;98;98;41m██[38;2;98;98;41m██[38;2;213;238;123m██[38;2;213;238;123m██[38;2;172;180;98m██[38;2;213;238;123m██[38;2;16;16;16m██[38;2;205;197;189m██[38;2;98;65;65m██[38;2;205;197;189m██[38;2;255;255;255m██[38;2;255;255;255m██[38;2;255;255;255m██[38;2;255;255;255m██[38;2;255;255;255m██[38;2;98;65;65m██[38;2;255;131;189m██[38;2;98;65;65m██[38;2;205;197;189m██[38;2;16;16;16m██[38;2;172;180;98m██[38;2;98;98;41m██[38;2;213;238;123m██[38;2;16;16;16m██[38;2;106;197;205m██[38;2;106;197;205m██[38;2;106;197;205m██[38;2;106;197;205m██[38;2;106;197;205m██[38;2;106;197;205m██                    
  [38;2;49;65;90m██[38;2;106;197;205m██[38;2;106;197;205m██[38;2;49;65;90m██[38;2;49;65;90m██        [38;2;98;98;41m██[38;2;98;98;41m██[38;2;213;238;123m██[38;2;213;238;123m██[38;2;213;238;123m██[38;2;172;180;98m██[38;2;213;238;123m██[38;2;16;16;16m██[38;2;172;180;98m██[38;2;16;16;16m██[38;2;205;197;189m██[38;2;205;197;189m██[38;2;205;197;189m██[38;2;255;255;255m██[38;2;255;255;255m██[38;2;255;255;255m██[38;2;255;255;255m██[38;2;205;197;189m██[38;2;98;65;65m██[38;2;205;197;189m██[38;2;205;197;189m██[38;2;16;16;16m██[38;2;213;238;123m██[38;2;98;98;41m██[38;2;213;238;123m██[38;2;213;238;123m██[38;2;16;16;16m██[38;2;106;197;205m██[38;2;106;197;205m██[38;2;106;197;205m██[38;2;106;197;205m██[38;2;106;197;205m██[38;2;49;65;90m██                  
[38;2;49;65;90m██[38;2;106;197;205m██[38;2;41;123;148m██[38;2;106;197;205m██[38;2;106;197;205m██[38;2;106;197;205m██[38;2;49;65;90m██[38;2;49;65;90m██  [38;2;98;98;41m██[38;2;213;238;123m██[38;2;213;238;123m██[38;2;213;238;123m██[38;2;213;238;123m██[38;2;213;238;123m██[38;2;213;238;123m██[38;2;16;16;16m██[38;2;98;98;41m██[38;2;172;180;98m██[38;2;98;65;65m██[38;2;16;16;16m██[38;2;205;197;189m██[38;2;205;197;189m██[38;2;205;197;189m██[38;2;205;197;189m██[38;2;205;197;189m██[38;2;205;197;189m██[38;2;205;197;189m██[38;2;205;197;189m██[38;2;205;197;189m██[38;2;98;98;41m██[38;2;16;16;16m██[38;2;213;238;123m██[38;2;213;238;123m██[38;2;172;180;98m██[38;2;213;238;123m██[38;2;98;98;41m██[38;2;16;16;16m██[38;2;106;197;205m██[38;2;106;197;205m██[38;2;106;197;205m██[38;2;106;197;205m██[38;2;49;65;90m██                  
[38;2;49;65;90m██[38;2;106;197;205m██[38;2;106;197;205m██[38;2;41;123;148m██[38;2;106;197;205m██[38;2;106;197;205m██[38;2;106;197;205m██[38;2;106;197;205m██[38;2;98;98;41m██[38;2;213;238;123m██[38;2;213;238;123m██[38;2;213;238;123m██[38;2;213;238;123m██[38;2;213;238;123m██[38;2;213;238;123m██[38;2;213;238;123m██[38;2;16;16;16m██[38;2;98;65;65m██[38;2;98;65;65m██[38;2;255;222;65m██[38;2;255;222;65m██[38;2;16;16;16m██[38;2;16;16;16m██[38;2;205;197;189m██[38;2;205;197;189m██[38;2;205;197;189m██[38;2;205;197;189m██[38;2;205;197;189m██[38;2;16;16;16m██[38;2;16;16;16m██[38;2;172;180;98m██[38;2;16;16;16m██[38;2;213;238;123m██[38;2;213;238;123m██[38;2;172;180;98m██[38;2;213;238;123m██[38;2;98;98;41m██[38;2;172;180;98m██[38;2;16;16;16m██[38;2;16;16;16m██[38;2;106;197;205m██[38;2;106;197;205m██[38;2;49;65;90m██                  
[38;2;49;65;90m██[38;2;106;197;205m██[38;2;106;197;205m██[38;2;106;197;205m██[38;2;41;123;148m██[38;2;41;123;148m██[38;2;106;197;205m██[38;2;98;98;41m██[38;2;213;238;123m██[38;2;213;238;123m██[38;2;213;238;123m██[38;2;213;238;123m██[38;2;213;238;123m██[38;2;213;238;123m██[38;2;213;238;123m██[38;2;16;16;16m██[38;2;98;65;65m██[38;2;255;222;65m██[38;2;255;222;65m██[38;2;255;222;65m██[38;2;255;222;65m██[38;2;189;164;82m██[38;2;189;164;82m██[38;2;16;16;16m██[38;2;16;16;16m██[38;2;16;16;16m██[38;2;16;16;16m██[38;2;16;16;16m██[38;2;189;164;82m██[38;2;98;65;65m██[38;2;98;65;65m██[38;2;172;180;98m██[38;2;16;16;16m██[38;2;213;238;123m██[38;2;172;180;98m██[38;2;213;238;123m██[38;2;213;238;123m██[38;2;98;98;41m██[38;2;172;180;98m██[38;2;16;16;16m██[38;2;16;16;16m██[38;2;16;16;16m██[38;2;16;16;16m██                  
  [38;2;49;65;90m██[38;2;106;197;205m██[38;2;106;197;205m██[38;2;106;197;205m██[38;2;106;197;205m██[38;2;41;123;148m██[38;2;98;98;41m██[38;2;213;238;123m██[38;2;213;238;123m██[38;2;213;238;123m██[38;2;213;238;123m██[38;2;213;238;123m██[38;2;213;238;123m██[38;2;16;16;16m██[38;2;49;65;90m██[38;2;49;65;90m██[38;2;16;16;16m██[38;2;255;222;65m██[38;2;255;222;65m██[38;2;255;222;65m██[38;2;189;164;82m██[38;2;189;164;82m██[38;2;189;164;82m██[38;2;189;164;82m██[38;2;189;164;82m██[38;2;189;164;82m██[38;2;189;164;82m██[38;2;189;164;82m██[38;2;189;164;82m██[38;2;255;222;65m██[38;2;98;65;65m██[38;2;16;16;16m██[38;2;213;238;123m██[38;2;213;238;123m██[38;2;172;180;98m██[38;2;213;238;123m██[38;2;98;98;41m██[38;2;172;180;98m██[38;2;16;16;16m██                        
  [38;2;49;65;90m██[38;2;106;197;205m██[38;2;106;197;205m██[38;2;106;197;205m██[38;2;106;197;205m██[38;2;106;197;205m██[38;2;106;197;205m██[38;2;98;98;41m██[38;2;213;238;123m██[38;2;213;238;123m██[38;2;213;238;123m██[38;2;16;16;16m██[38;2;16;16;16m██[38;2;106;197;205m██[38;2;41;123;148m██[38;2;41;123;148m██[38;2;41;123;148m██[38;2;16;16;16m██[38;2;16;16;16m██[38;2;255;222;65m██[38;2;255;222;65m██[38;2;98;65;65m██[38;2;189;164;82m██[38;2;189;164;82m██[38;2;189;164;82m██[38;2;98;65;65m██[38;2;189;164;82m██[38;2;189;164;82m██[38;2;255;222;65m██[38;2;255;222;65m██[38;2;255;222;65m██[38;2;16;16;16m██[38;2;213;238;123m██[38;2;213;238;123m██[38;2;213;238;123m██[38;2;213;238;123m██[38;2;213;238;123m██[38;2;98;98;41m██[38;2;172;180;98m██[38;2;16;16;16m██                      
    [38;2;49;65;90m██[38;2;106;197;205m██[38;2;106;197;205m██[38;2;106;197;205m██[38;2;106;197;205m██[38;2;106;197;205m██[38;2;106;197;205m██[38;2;16;16;16m██[38;2;16;16;16m██[38;2;16;16;16m██[38;2;106;197;205m██[38;2;41;123;148m██[38;2;41;123;148m██[38;2;49;65;90m██[38;2;49;65;90m██[38;2;49;65;90m██[38;2;49;65;90m██[38;2;41;123;148m██[38;2;16;16;16m██[38;2;16;16;16m██[38;2;189;164;82m██[38;2;255;222;65m██[38;2;255;222;65m██[38;2;255;222;65m██[38;2;189;164;82m██[38;2;16;16;16m██[38;2;16;16;16m██[38;2;189;164;82m██[38;2;255;222;65m██[38;2;255;222;65m██[38;2;255;222;65m██[38;2;16;16;16m██[38;2;213;238;123m██[38;2;213;238;123m██[38;2;213;238;123m██[38;2;213;238;123m██[38;2;213;238;123m██[38;2;98;98;41m██[38;2;16;16;16m██                      
      [38;2;49;65;90m██[38;2;106;197;205m██[38;2;106;197;205m██[38;2;106;197;205m██[38;2;106;197;205m██[38;2;106;197;205m██[38;2;106;197;205m██[38;2;106;197;205m██[38;2;106;197;205m██[38;2;106;197;205m██[38;2;106;197;205m██[38;2;106;197;205m██[38;2;106;197;205m██[38;2;41;123;148m██[38;2;41;123;148m██[38;2;41;123;148m██[38;2;49;65;90m██[38;2;172;180;98m██[38;2;16;16;16m██[38;2;255;222;65m██[38;2;255;222;65m██[38;2;255;222;65m██[38;2;255;222;65m██[38;2;255;222;65m██[38;2;16;16;16m██[38;2;41;123;148m██[38;2;16;16;16m██[38;2;16;16;16m██[38;2;16;16;16m██[38;2;16;16;16m██[38;2;16;16;16m██[38;2;213;238;123m██[38;2;213;238;123m██[38;2;213;238;123m██[38;2;213;238;123m██[38;2;213;238;123m██[38;2;213;238;123m██[38;2;98;98;41m██[38;2;16;16;16m██                    
        [38;2;49;65;90m██[38;2;49;65;90m██[38;2;106;197;205m██[38;2;106;197;205m██[38;2;106;197;205m██[38;2;106;197;205m██[38;2;106;197;205m██[38;2;106;197;205m██[38;2;106;197;205m██[38;2;106;197;205m██[38;2;106;197;205m██[38;2;106;197;205m██[38;2;41;123;148m██[38;2;41;123;148m██[38;2;16;16;16m██[38;2;172;180;98m██[38;2;98;98;41m██[38;2;16;16;16m██[38;2;189;164;82m██[38;2;255;222;65m██[38;2;255;222;65m██[38;2;255;222;65m██[38;2;16;16;16m██[38;2;98;98;41m██[38;2;16;16;16m██[38;2;41;123;148m██[38;2;41;123;148m██[38;2;49;65;90m██[38;2;49;65;90m██[38;2;172;180;98m██[38;2;16;16;16m██[38;2;213;238;123m██[38;2;213;238;123m██[38;2;213;238;123m██[38;2;213;238;123m██[38;2;213;238;123m██[38;2;98;98;41m██[38;2;16;16;16m██                    
            [38;2;16;16;16m██[38;2;16;16;16m██[38;2;16;16;16m██[38;2;106;197;205m██[38;2;106;197;205m██[38;2;106;197;205m██[38;2;106;197;205m██[38;2;106;197;205m██[38;2;106;197;205m██[38;2;16;16;16m██[38;2;16;16;16m██[38;2;16;16;16m██[38;2;172;180;98m██[38;2;172;180;98m██[38;2;98;98;41m██[38;2;205;197;189m██[38;2;16;16;16m██[38;2;255;222;65m██[38;2;255;222;65m██[38;2;16;16;16m██[38;2;255;255;255m██[38;2;255;255;255m██[38;2;16;16;16m██[38;2;41;123;148m██[38;2;41;123;148m██[38;2;41;123;148m██[38;2;41;123;148m██[38;2;49;65;90m██[38;2;49;65;90m██[38;2;16;16;16m██[38;2;16;16;16m██[38;2;213;238;123m██[38;2;213;238;123m██[38;2;16;16;16m██[38;2;172;180;98m██[38;2;49;65;90m██[38;2;49;65;90m██[38;2;49;65;90m██                
                  [38;2;16;16;16m██[38;2;16;16;16m██[38;2;16;16;16m██[38;2;16;16;16m██[38;2;16;16;16m██[38;2;16;16;16m██[38;2;98;98;41m██[38;2;172;180;98m██[38;2;172;180;98m██[38;2;172;180;98m██[38;2;16;16;16m██[38;2;98;98;41m██[38;2;255;255;255m██[38;2;205;197;189m██[38;2;16;16;16m██[38;2;16;16;16m██[38;2;205;197;189m██[38;2;255;255;255m██[38;2;255;255;255m██[38;2;98;98;41m██[38;2;16;16;16m██[38;2;41;123;148m██[38;2;41;123;148m██[38;2;41;123;148m██[38;2;41;123;148m██[38;2;41;123;148m██[38;2;106;197;205m██[38;2;106;197;205m██[38;2;16;16;16m██[38;2;16;16;16m██[38;2;49;65;90m██[38;2;49;65;90m██[38;2;106;197;205m██[38;2;106;197;205m██[38;2;106;197;205m██[38;2;49;65;90m██[38;2;49;65;90m██            
                              [38;2;98;98;41m██[38;2;172;180;98m██[38;2;172;180;98m██[38;2;172;180;98m██[38;2;16;16;16m██[38;2;255;255;255m██[38;2;255;255;255m██[38;2;255;255;255m██[38;2;255;255;255m██[38;2;255;255;255m██[38;2;255;255;255m██[38;2;255;255;255m██[38;2;255;255;255m██[38;2;255;255;255m██[38;2;98;98;41m██[38;2;16;16;16m██[38;2;41;123;148m██[38;2;41;123;148m██[38;2;106;197;205m██[38;2;106;197;205m██[38;2;41;123;148m██[38;2;41;123;148m██[38;2;106;197;205m██[38;2;106;197;205m██[38;2;106;197;205m██[38;2;106;197;205m██[38;2;41;123;148m██[38;2;41;123;148m██[38;2;41;123;148m██[38;2;106;197;205m██[38;2;106;197;205m██[38;2;16;16;16m██          
                              [38;2;98;98;41m██[38;2;172;180;98m██[38;2;16;16;16m██[38;2;16;16;16m██[38;2;98;98;41m██[38;2;255;255;255m██[38;2;255;255;255m██[38;2;255;255;255m██[38;2;255;255;255m██[38;2;255;255;255m██[38;2;255;255;255m██[38;2;255;255;255m██[38;2;255;255;255m██[38;2;98;98;41m██[38;2;98;98;41m██[38;2;172;180;98m██[38;2;16;16;16m██[38;2;106;197;205m██[38;2;106;197;205m██[38;2;106;197;205m██[38;2;106;197;205m██[38;2;106;197;205m██[38;2;41;123;148m██[38;2;41;123;148m██[38;2;41;123;148m██[38;2;41;123;148m██[38;2;106;197;205m██[38;2;106;197;205m██[38;2;106;197;205m██[38;2;106;197;205m██[38;2;106;197;205m██[38;2;16;16;16m██          
                              [38;2;16;16;16m██[38;2;16;16;16m██[38;2;213;238;123m██[38;2;213;238;123m██[38;2;213;238;123m██[38;2;98;98;41m██[38;2;255;255;255m██[38;2;98;98;41m██[38;2;98;98;41m██[38;2;255;255;255m██[38;2;255;255;255m██[38;2;255;255;255m██[38;2;98;98;41m██[38;2;213;238;123m██[38;2;213;238;123m██[38;2;98;98;41m██[38;2;98;98;41m██[38;2;16;16;16m██[38;2;106;197;205m██[38;2;106;197;205m██[38;2;106;197;205m██[38;2;106;197;205m██[38;2;106;197;205m██[38;2;106;197;205m██[38;2;106;197;205m██[38;2;106;197;205m██[38;2;106;197;205m██[38;2;106;197;205m██[38;2;106;197;205m██[38;2;106;197;205m██[38;2;16;16;16m██            
                          [38;2;98;98;41m██[38;2;98;98;41m██[38;2;213;238;123m██[38;2;213;238;123m██[38;2;213;238;123m██[38;2;213;238;123m██[38;2;213;238;123m██[38;2;98;98;41m██[38;2;98;98;41m██[38;2;213;238;123m██[38;2;213;238;123m██[38;2;16;16;16m██[38;2;255;255;255m██[38;2;98;98;41m██[38;2;172;180;98m██[38;2;213;238;123m██[38;2;213;238;123m██[38;2;213;238;123m██[38;2;213;238;123m██[38;2;213;238;123m██[38;2;16;16;16m██[38;2;16;16;16m██[38;2;106;197;205m██[38;2;106;197;205m██[38;2;106;197;205m██[38;2;106;197;205m██[38;2;106;197;205m██[38;2;106;197;205m██[38;2;106;197;205m██[38;2;106;197;205m██[38;2;16;16;16m██[38;2;16;16;16m██              
                      [38;2;98;98;41m██[38;2;98;98;41m██[38;2;213;238;123m██[38;2;213;238;123m██[38;2;213;238;123m██[38;2;213;238;123m██[38;2;213;238;123m██[38;2;213;238;123m██[38;2;98;98;41m██[38;2;213;238;123m██[38;2;213;238;123m██[38;2;213;238;123m██[38;2;213;238;123m██[38;2;213;238;123m██[38;2;16;16;16m██[38;2;98;98;41m██[38;2;213;238;123m██[38;2;213;238;123m██[38;2;213;238;123m██[38;2;213;238;123m██[38;2;213;238;123m██[38;2;213;238;123m██[38;2;213;238;123m██[38;2;213;238;123m██[38;2;16;16;16m██[38;2;16;16;16m██[38;2;106;197;205m██[38;2;106;197;205m██[38;2;106;197;205m██[38;2;106;197;205m██[38;2;16;16;16m██[38;2;16;16;16m██                  
                  [38;2;49;65;90m██[38;2;16;16;16m██[38;2;213;238;123m██[38;2;213;238;123m██[38;2;213;238;123m██[38;2;213;238;123m██[38;2;213;238;123m██[38;2;213;238;123m██[38;2;213;238;123m██[38;2;172;180;98m██[38;2;213;238;123m██[38;2;213;238;123m██[38;2;213;238;123m██[38;2;213;238;123m██[38;2;213;238;123m██[38;2;213;238;123m██[38;2;213;238;123m██[38;2;213;238;123m██[38;2;98;98;41m██[38;2;213;238;123m██[38;2;213;238;123m██[38;2;213;238;123m██[38;2;213;238;123m██[38;2;213;238;123m██[38;2;213;238;123m██[38;2;213;238;123m██[38;2;213;238;123m██[38;2;213;238;123m██[38;2;16;16;16m██[38;2;16;16;16m██[38;2;16;16;16m██[38;2;16;16;16m██[38;2;49;65;90m██                    
                [38;2;49;65;90m██[38;2;16;16;16m██[38;2;213;238;123m██[38;2;213;238;123m██[38;2;213;238;123m██[38;2;213;238;123m██[38;2;213;238;123m██[38;2;213;238;123m██[38;2;213;238;123m██[38;2;172;180;98m██[38;2;213;238;123m██[38;2;213;238;123m██[38;2;213;238;123m██[38;2;213;238;123m██[38;2;213;238;123m██[38;2;213;238;123m██[38;2;213;238;123m██[38;2;213;238;123m██[38;2;213;238;123m██[38;2;213;238;123m██[38;2;98;98;41m██[38;2;213;238;123m██[38;2;213;238;123m██[38;2;213;238;123m██[38;2;213;238;123m██[38;2;213;238;123m██[38;2;213;238;123m██[38;2;213;238;123m██[38;2;213;238;123m██[38;2;213;238;123m██[38;2;98;98;41m██[38;2;41;123;148m██[38;2;41;123;148m██[38;2;41;123;148m██[38;2;49;65;90m██[38;2;49;65;90m██                
              [38;2;49;65;90m██[38;2;16;16;16m██[38;2;213;238;123m██[38;2;213;238;123m██[38;2;213;238;123m██[38;2;213;238;123m██[38;2;213;238;123m██[38;2;213;238;123m██[38;2;213;238;123m██[38;2;172;180;98m██[38;2;213;238;123m██[38;2;213;238;123m██[38;2;213;238;123m██[38;2;213;238;123m██[38;2;213;238;123m██[38;2;213;238;123m██[38;2;213;238;123m██[38;2;213;238;123m██[38;2;213;238;123m██[38;2;213;238;123m██[38;2;213;238;123m██[38;2;98;98;41m██[38;2;213;238;123m██[38;2;213;238;123m██[38;2;213;238;123m██[38;2;213;238;123m██[38;2;213;238;123m██[38;2;213;238;123m██[38;2;213;238;123m██[38;2;213;238;123m██[38;2;213;238;123m██[38;2;213;238;123m██[38;2;98;98;41m██[38;2;41;123;148m██[38;2;41;123;148m██[38;2;41;123;148m██[38;2;41;123;148m██[38;2;49;65;90m██              
            [38;2;49;65;90m██[38;2;41;123;148m██[38;2;16;16;16m██[38;2;213;238;123m██[38;2;213;238;123m██[38;2;213;238;123m██[38;2;213;238;123m██[38;2;213;238;123m██[38;2;213;238;123m██[38;2;213;238;123m██[38;2;98;98;41m██[38;2;213;238;123m██[38;2;213;238;123m██[38;2;213;238;123m██[38;2;213;238;123m██[38;2;213;238;123m██[38;2;213;238;123m██[38;2;213;238;123m██[38;2;213;238;123m██[38;2;213;238;123m██[38;2;213;238;123m██[38;2;213;238;123m██[38;2;213;238;123m██[38;2;98;98;41m██[38;2;213;238;123m██[38;2;213;238;123m██[38;2;213;238;123m██[38;2;213;238;123m██[38;2;213;238;123m██[38;2;213;238;123m██[38;2;213;238;123m██[38;2;213;238;123m██[38;2;213;238;123m██[38;2;213;238;123m██[38;2;16;16;16m██[38;2;41;123;148m██[38;2;41;123;148m██[38;2;41;123;148m██[38;2;41;123;148m██[38;2;49;65;90m██            
          [38;2;49;65;90m██[38;2;41;123;148m██[38;2;16;16;16m██[38;2;213;238;123m██[38;2;213;238;123m██[38;2;213;238;123m██[38;2;213;238;123m██[38;2;213;238;123m██[38;2;213;238;123m██[38;2;213;238;123m██[38;2;98;98;41m██[38;2;213;238;123m██[38;2;213;238;123m██[38;2;213;238;123m██[38;2;213;238;123m██[38;2;213;238;123m██[38;2;213;238;123m██[38;2;213;238;123m██[38;2;213;238;123m██[38;2;213;238;123m██[38;2;213;238;123m██[38;2;213;238;123m██[38;2;213;238;123m██[38;2;213;238;123m██[38;2;213;238;123m██[38;2;98;98;41m██[38;2;213;238;123m██[38;2;213;238;123m██[38;2;213;238;123m██[38;2;213;238;123m██[38;2;213;238;123m██[38;2;213;238;123m██[38;2;213;238;123m██[38;2;213;238;123m██[38;2;213;238;123m██[38;2;16;16;16m██[38;2;41;123;148m██[38;2;41;123;148m██[38;2;41;123;148m██[38;2;41;123;148m██[38;2;41;123;148m██[38;2;49;65;90m██          
        [38;2;49;65;90m██[38;2;41;123;148m██[38;2;41;123;148m██[38;2;16;16;16m██[38;2;213;238;123m██[38;2;213;238;123m██[38;2;213;238;123m██[38;2;213;238;123m██[38;2;213;238;123m██[38;2;213;238;123m██[38;2;213;238;123m██[38;2;16;16;16m██[38;2;213;238;123m██[38;2;213;238;123m██[38;2;213;238;123m██[38;2;213;238;123m██[38;2;213;238;123m██[38;2;213;238;123m██[38;2;213;238;123m██[38;2;213;238;123m██[38;2;213;238;123m██[38;2;213;238;123m██[38;2;213;238;123m██[38;2;213;238;123m██[38;2;213;238;123m██[38;2;213;238;123m██[38;2;98;98;41m██[38;2;213;238;123m██[38;2;213;238;123m██[38;2;213;238;123m██[38;2;213;238;123m██[38;2;213;238;123m██[38;2;213;238;123m██[38;2;213;238;123m██[38;2;213;238;123m██[38;2;213;238;123m██[38;2;213;238;123m██[38;2;16;16;16m██[38;2;41;123;148m██[38;2;41;123;148m██[38;2;41;123;148m██[38;2;41;123;148m██[38;2;49;65;90m██          
        [38;2;49;65;90m██[38;2;41;123;148m██[38;2;41;123;148m██[38;2;16;16;16m██[38;2;213;238;123m██[38;2;213;238;123m██[38;2;213;238;123m██[38;2;213;238;123m██[38;2;213;238;123m██[38;2;213;238;123m██[38;2;98;98;41m██[38;2;213;238;123m██[38;2;213;238;123m██[38;2;213;238;123m██[38;2;213;238;123m██[38;2;213;238;123m██[38;2;213;238;123m██[38;2;213;238;123m██[38;2;213;238;123m██[38;2;213;238;123m██[38;2;213;238;123m██[38;2;213;238;123m██[38;2;213;238;123m██[38;2;213;238;123m██[38;2;213;238;123m██[38;2;213;238;123m██[38;2;213;238;123m██[38;2;98;98;41m██[38;2;213;238;123m██[38;2;213;238;123m██[38;2;213;238;123m██[38;2;213;238;123m██[38;2;213;238;123m██[38;2;213;238;123m██[38;2;213;238;123m██[38;2;213;238;123m██[38;2;213;238;123m██[38;2;16;16;16m██[38;2;41;123;148m██[38;2;41;123;148m██[38;2;41;123;148m██[38;2;41;123;148m██[38;2;41;123;148m██[38;2;49;65;90m██        
      [38;2;49;65;90m██[38;2;41;123;148m██[38;2;41;123;148m██[38;2;16;16;16m██[38;2;213;238;123m██[38;2;213;238;123m██[38;2;213;238;123m██[38;2;213;238;123m██[38;2;213;238;123m██[38;2;213;238;123m██[38;2;213;238;123m██[38;2;16;16;16m██[38;2;213;238;123m██[38;2;213;238;123m██[38;2;213;238;123m██[38;2;213;238;123m██[38;2;213;238;123m██[38;2;213;238;123m██[38;2;213;238;123m██[38;2;213;238;123m██[38;2;213;238;123m██[38;2;213;238;123m██[38;2;213;238;123m██[38;2;213;238;123m██[38;2;213;238;123m██[38;2;213;238;123m██[38;2;213;238;123m██[38;2;213;238;123m██[38;2;16;16;16m██[38;2;213;238;123m██[38;2;213;238;123m██[38;2;213;238;123m██[38;2;213;238;123m██[38;2;213;238;123m██[38;2;213;238;123m██[38;2;213;238;123m██[38;2;213;238;123m██[38;2;213;238;123m██[38;2;16;16;16m██[38;2;41;123;148m██[38;2;41;123;148m██[38;2;41;123;148m██[38;2;41;123;148m██[38;2;106;197;205m██[38;2;106;197;205m██[38;2;49;65;90m██      
    [38;2;49;65;90m██[38;2;106;197;205m██[38;2;41;123;148m██[38;2;41;123;148m██[38;2;16;16;16m██[38;2;213;238;123m██[38;2;213;238;123m██[38;2;213;238;123m██[38;2;213;238;123m██[38;2;213;238;123m██[38;2;213;238;123m██[38;2;213;238;123m██[38;2;16;16;16m██[38;2;213;238;123m██[38;2;213;238;123m██[38;2;213;238;123m██[38;2;213;238;123m██[38;2;213;238;123m██[38;2;213;238;123m██[38;2;213;238;123m██[38;2;213;238;123m██[38;2;213;238;123m██[38;2;213;238;123m██[38;2;213;238;123m██[38;2;213;238;123m██[38;2;213;238;123m██[38;2;213;238;123m██[38;2;213;238;123m██[38;2;213;238;123m██[38;2;16;16;16m██[38;2;213;238;123m██[38;2;213;238;123m██[38;2;213;238;123m██[38;2;213;238;123m██[38;2;213;238;123m██[38;2;213;238;123m██[38;2;213;238;123m██[38;2;213;238;123m██[38;2;213;238;123m██[38;2;213;238;123m██[38;2;16;16;16m██[38;2;41;123;148m██[38;2;41;123;148m██[38;2;106;197;205m██[38;2;106;197;205m██[38;2;106;197;205m██[38;2;16;16;16m██      
    [38;2;49;65;90m██[38;2;106;197;205m██[38;2;106;197;205m██[38;2;41;123;148m██[38;2;16;16;16m██[38;2;213;238;123m██[38;2;213;238;123m██[38;2;213;238;123m██[38;2;213;238;123m██[38;2;213;238;123m██[38;2;213;238;123m██[38;2;98;98;41m██[38;2;213;238;123m██[38;2;213;238;123m██[38;2;213;238;123m██[38;2;213;238;123m██[38;2;213;238;123m██[38;2;213;238;123m██[38;2;213;238;123m██[38;2;213;238;123m██[38;2;213;238;123m██[38;2;213;238;123m██[38;2;213;238;123m██[38;2;213;238;123m██[38;2;213;238;123m██[38;2;213;238;123m██[38;2;213;238;123m██[38;2;213;238;123m██[38;2;213;238;123m██[38;2;213;238;123m██[38;2;16;16;16m██[38;2;213;238;123m██[38;2;213;238;123m██[38;2;213;238;123m██[38;2;213;238;123m██[38;2;213;238;123m██[38;2;213;238;123m██[38;2;213;238;123m██[38;2;213;238;123m██[38;2;213;238;123m██[38;2;16;16;16m██[38;2;106;197;205m██[38;2;106;197;205m██[38;2;106;197;205m██[38;2;106;197;205m██[38;2;106;197;205m██[38;2;106;197;205m██[38;2;49;65;90m██    
  [38;2;49;65;90m██[38;2;106;197;205m██[38;2;106;197;205m██[38;2;106;197;205m██[38;2;106;197;205m██[38;2;16;16;16m██[38;2;172;180;98m██[38;2;213;238;123m██[38;2;213;238;123m██[38;2;213;238;123m██[38;2;213;238;123m██[38;2;213;238;123m██[38;2;16;16;16m██[38;2;213;238;123m██[38;2;213;238;123m██[38;2;213;238;123m██[38;2;213;238;123m██[38;2;213;238;123m██[38;2;213;238;123m██[38;2;213;238;123m██[38;2;213;238;123m██[38;2;213;238;123m██[38;2;213;238;123m██[38;2;213;238;123m██[38;2;213;238;123m██[38;2;213;238;123m██[38;2;213;238;123m██[38;2;213;238;123m██[38;2;213;238;123m██[38;2;213;238;123m██[38;2;213;238;123m██[38;2;16;16;16m██[38;2;213;238;123m██[38;2;213;238;123m██[38;2;213;238;123m██[38;2;213;238;123m██[38;2;213;238;123m██[38;2;213;238;123m██[38;2;213;238;123m██[38;2;213;238;123m██[38;2;213;238;123m██[38;2;16;16;16m██[38;2;106;197;205m██[38;2;106;197;205m██[38;2;106;197;205m██[38;2;106;197;205m██[38;2;106;197;205m██[38;2;106;197;205m██[38;2;16;16;16m██    
  [38;2;49;65;90m██[38;2;106;197;205m██[38;2;106;197;205m██[38;2;106;197;205m██[38;2;106;197;205m██[38;2;16;16;16m██[38;2;172;180;98m██[38;2;172;180;98m██[38;2;213;238;123m██[38;2;213;238;123m██[38;2;213;238;123m██[38;2;172;180;98m██[38;2;16;16;16m██[38;2;213;238;123m██[38;2;213;238;123m██[38;2;213;238;123m██[38;2;213;238;123m██[38;2;213;238;123m██[38;2;213;238;123m██[38;2;213;238;123m██[38;2;213;238;123m██[38;2;213;238;123m██[38;2;213;238;123m██[38;2;213;238;123m██[38;2;213;238;123m██[38;2;213;238;123m██[38;2;213;238;123m██[38;2;213;238;123m██[38;2;213;238;123m██[38;2;213;238;123m██[38;2;213;238;123m██[38;2;16;16;16m██[38;2;213;238;123m██[38;2;213;238;123m██[38;2;213;238;123m██[38;2;213;238;123m██[38;2;213;238;123m██[38;2;213;238;123m██[38;2;213;238;123m██[38;2;213;238;123m██[38;2;172;180;98m██[38;2;16;16;16m██[38;2;106;197;205m██[38;2;106;197;205m██[38;2;106;197;205m██[38;2;106;197;205m██[38;2;106;197;205m██[38;2;106;197;205m██[38;2;106;197;205m██[38;2;16;16;16m██  
  [38;2;49;65;90m██[38;2;106;197;205m██[38;2;106;197;205m██[38;2;106;197;205m██[38;2;106;197;205m██[38;2;16;16;16m██[38;2;172;180;98m██[38;2;172;180;98m██[38;2;172;180;98m██[38;2;172;180;98m██[38;2;172;180;98m██[38;2;172;180;98m██[38;2;16;16;16m██[38;2;172;180;98m██[38;2;213;238;123m██[38;2;213;238;123m██[38;2;213;238;123m██[38;2;213;238;123m██[38;2;213;238;123m██[38;2;213;238;123m██[38;2;213;238;123m██[38;2;213;238;123m██[38;2;213;238;123m██[38;2;213;238;123m██[38;2;213;238;123m██[38;2;213;238;123m██[38;2;213;238;123m██[38;2;213;238;123m██[38;2;213;238;123m██[38;2;213;238;123m██[38;2;213;238;123m██[38;2;16;16;16m██[38;2;172;180;98m██[38;2;172;180;98m██[38;2;213;238;123m██[38;2;213;238;123m██[38;2;213;238;123m██[38;2;213;238;123m██[38;2;172;180;98m██[38;2;172;180;98m██[38;2;16;16;16m██[38;2;106;197;205m██[38;2;106;197;205m██[38;2;106;197;205m██[38;2;106;197;205m██[38;2;106;197;205m██[38;2;106;197;205m██[38;2;106;197;205m██[38;2;106;197;205m██[38;2;16;16;16m██  
  [38;2;49;65;90m██[38;2;106;197;205m██[38;2;106;197;205m██[38;2;106;197;205m██[38;2;49;65;90m██[38;2;49;65;90m██[38;2;16;16;16m██[38;2;172;180;98m██[38;2;172;180;98m██[38;2;172;180;98m██[38;2;172;180;98m██[38;2;172;180;98m██[38;2;16;16;16m██[38;2;172;180;98m██[38;2;172;180;98m██[38;2;213;238;123m██[38;2;213;238;123m██[38;2;213;238;123m██[38;2;213;238;123m██[38;2;213;238;123m██[38;2;213;238;123m██[38;2;213;238;123m██[38;2;213;238;123m██[38;2;213;238;123m██[38;2;213;238;123m██[38;2;213;238;123m██[38;2;213;238;123m██[38;2;213;238;123m██[38;2;213;238;123m██[38;2;213;238;123m██[38;2;172;180;98m██[38;2;16;16;16m██[38;2;172;180;98m██[38;2;172;180;98m██[38;2;172;180;98m██[38;2;172;180;98m██[38;2;172;180;98m██[38;2;172;180;98m██[38;2;172;180;98m██[38;2;172;180;98m██[38;2;16;16;16m██[38;2;106;197;205m██[38;2;106;197;205m██[38;2;106;197;205m██[38;2;106;197;205m██[38;2;106;197;205m██[38;2;106;197;205m██[38;2;106;197;205m██[38;2;106;197;205m██[38;2;16;16;16m██  
  [38;2;49;65;90m██[38;2;49;65;90m██[38;2;49;65;90m██[38;2;49;65;90m██    [38;2;16;16;16m██[38;2;172;180;98m██[38;2;172;180;98m██[38;2;172;180;98m██[38;2;172;180;98m██[38;2;172;180;98m██[38;2;16;16;16m██[38;2;172;180;98m██[38;2;172;180;98m██[38;2;172;180;98m██[38;2;172;180;98m██[38;2;213;238;123m██[38;2;213;238;123m██[38;2;213;238;123m██[38;2;213;238;123m██[38;2;213;238;123m██[38;2;213;238;123m██[38;2;213;238;123m██[38;2;213;238;123m██[38;2;213;238;123m██[38;2;213;238;123m██[38;2;213;238;123m██[38;2;172;180;98m██[38;2;172;180;98m██[38;2;172;180;98m██[38;2;16;16;16m██[38;2;172;180;98m██[38;2;172;180;98m██[38;2;172;180;98m██[38;2;172;180;98m██[38;2;172;180;98m██[38;2;172;180;98m██[38;2;172;180;98m██[38;2;16;16;16m██[38;2;106;197;205m██[38;2;106;197;205m██[38;2;106;197;205m██[38;2;106;197;205m██[38;2;106;197;205m██[38;2;106;197;205m██[38;2;106;197;205m██[38;2;106;197;205m██[38;2;106;197;205m██[38;2;106;197;205m██[38;2;16;16;16m██
                [38;2;16;16;16m██[38;2;172;180;98m██[38;2;172;180;98m██[38;2;172;180;98m██[38;2;172;180;98m██[38;2;172;180;98m██[38;2;98;98;41m██[38;2;172;180;98m██[38;2;172;180;98m██[38;2;172;180;98m██[38;2;172;180;98m██[38;2;172;180;98m██[38;2;213;238;123m██[38;2;213;238;123m██[38;2;213;238;123m██[38;2;213;238;123m██[38;2;213;238;123m██[38;2;172;180;98m██[38;2;172;180;98m██[38;2;172;180;98m██[38;2;172;180;98m██[38;2;172;180;98m██[38;2;172;180;98m██[38;2;172;180;98m██[38;2;98;98;41m██[38;2;172;180;98m██[38;2;172;180;98m██[38;2;172;180;98m██[38;2;172;180;98m██[38;2;172;180;98m██[38;2;172;180;98m██[38;2;172;180;98m██[38;2;16;16;16m██[38;2;106;197;205m██[38;2;106;197;205m██[38;2;106;197;205m██[38;2;106;197;205m██[38;2;106;197;205m██[38;2;106;197;205m██[38;2;106;197;205m██[38;2;106;197;205m██[38;2;106;197;205m██[38;2;106;197;205m██[38;2;16;16;16m██
                  [38;2;16;16;16m██[38;2;16;16;16m██[38;2;172;180;98m██[38;2;172;180;98m██[38;2;172;180;98m██[38;2;98;98;41m██[38;2;172;180;98m██[38;2;172;180;98m██[38;2;172;180;98m██[38;2;172;180;98m██[38;2;172;180;98m██[38;2;172;180;98m██[38;2;172;180;98m██[38;2;172;180;98m██[38;2;172;180;98m██[38;2;172;180;98m██[38;2;172;180;98m██[38;2;172;180;98m██[38;2;172;180;98m██[38;2;172;180;98m██[38;2;172;180;98m██[38;2;172;180;98m██[38;2;98;98;41m██[38;2;172;180;98m██[38;2;172;180;98m██[38;2;172;180;98m██[38;2;172;180;98m██[38;2;172;180;98m██[38;2;172;180;98m██[38;2;172;180;98m██[38;2;16;16;16m██[38;2;49;65;90m██[38;2;49;65;90m██[38;2;106;197;205m██[38;2;106;197;205m██[38;2;106;197;205m██[38;2;106;197;205m██[38;2;106;197;205m██[38;2;106;197;205m██[38;2;106;197;205m██[38;2;106;197;205m██[38;2;106;197;205m██[38;2;16;16;16m██
                      [38;2;16;16;16m██[38;2;16;16;16m██[38;2;16;16;16m██[38;2;16;16;16m██[38;2;98;98;41m██[38;2;172;180;98m██[38;2;172;180;98m██[38;2;172;180;98m██[38;2;172;180;98m██[38;2;172;180;98m██[38;2;172;180;98m██[38;2;172;180;98m██[38;2;172;180;98m██[38;2;172;180;98m██[38;2;172;180;98m██[38;2;172;180;98m██[38;2;172;180;98m██[38;2;172;180;98m██[38;2;172;180;98m██[38;2;172;180;98m██[38;2;98;98;41m██[38;2;172;180;98m██[38;2;172;180;98m██[38;2;172;180;98m██[38;2;172;180;98m██[38;2;16;16;16m██[38;2;16;16;16m██[38;2;16;16;16m██      [38;2;49;65;90m██[38;2;49;65;90m██[38;2;49;65;90m██[38;2;106;197;205m██[38;2;106;197;205m██[38;2;106;197;205m██[38;2;106;197;205m██[38;2;106;197;205m██[38;2;106;197;205m██[38;2;16;16;16m██
                            [38;2;98;65;65m██[38;2;16;16;16m██[38;2;98;98;41m██[38;2;172;180;98m██[38;2;172;180;98m██[38;2;172;180;98m██[38;2;172;180;98m██[38;2;172;180;98m██[38;2;172;180;98m██[38;2;172;180;98m██[38;2;172;180;98m██[38;2;172;180;98m██[38;2;172;180;98m██[38;2;172;180;98m██[38;2;172;180;98m██[38;2;172;180;98m██[38;2;16;16;16m██[38;2;16;16;16m██[38;2;16;16;16m██[38;2;16;16;16m██[38;2;16;16;16m██[38;2;16;16;16m██                  [38;2;49;65;90m██[38;2;16;16;16m██[38;2;16;16;16m██[38;2;16;16;16m██[38;2;16;16;16m██[38;2;16;16;16m██  
                          [38;2;98;65;65m██[38;2;189;164;82m██[38;2;189;164;82m██[38;2;16;16;16m██[38;2;16;16;16m██[38;2;172;180;98m██[38;2;172;180;98m██[38;2;172;180;98m██[38;2;172;180;98m██[38;2;172;180;98m██[38;2;172;180;98m██[38;2;172;180;98m██[38;2;172;180;98m██[38;2;172;180;98m██[38;2;172;180;98m██[38;2;172;180;98m██[38;2;16;16;16m██[38;2;189;164;82m██[38;2;189;164;82m██[38;2;98;65;65m██[38;2;189;164;82m██[38;2;189;164;82m██[38;2;98;65;65m██                                
                          [38;2;98;65;65m██[38;2;189;164;82m██[38;2;189;164;82m██[38;2;189;164;82m██[38;2;189;164;82m██[38;2;16;16;16m██[38;2;16;16;16m██[38;2;16;16;16m██[38;2;172;180;98m██[38;2;172;180;98m██[38;2;172;180;98m██[38;2;172;180;98m██[38;2;172;180;98m██[38;2;16;16;16m██[38;2;16;16;16m██[38;2;16;16;16m██[38;2;189;164;82m██[38;2;189;164;82m██[38;2;189;164;82m██[38;2;255;222;65m██[38;2;255;222;65m██[38;2;255;222;65m██[38;2;16;16;16m██                                
                            [38;2;98;65;65m██[38;2;98;65;65m██[38;2;189;164;82m██[38;2;189;164;82m██[38;2;189;164;82m██[38;2;16;16;16m██[38;2;189;164;82m██[38;2;16;16;16m██[38;2;16;16;16m██[38;2;16;16;16m██[38;2;16;16;16m██[38;2;16;16;16m██[38;2;98;65;65m██[38;2;189;164;82m██[38;2;16;16;16m██[38;2;98;65;65m██[38;2;255;222;65m██[38;2;255;222;65m██[38;2;255;222;65m██[38;2;255;222;65m██[38;2;16;16;16m██                                  
                                [38;2;98;65;65m██[38;2;98;65;65m██[38;2;98;65;65m██[38;2;16;16;16m██[38;2;189;164;82m██[38;2;189;164;82m██[38;2;189;164;82m██[38;2;98;65;65m██[38;2;255;222;65m██[38;2;255;222;65m██[38;2;189;164;82m██[38;2;98;65;65m██[38;2;16;16;16m██  [38;2;16;16;16m██[38;2;16;16;16m██[38;2;16;16;16m██[38;2;98;65;65m██                                    
                                        [38;2;16;16;16m██[38;2;189;164;82m██[38;2;189;164;82m██[38;2;255;222;65m██[38;2;255;222;65m██[38;2;255;222;65m██[38;2;255;222;65m██[38;2;16;16;16m██                                                
                                          [38;2;16;16;16m██[38;2;16;16;16m██[38;2;189;164;82m██[38;2;255;222;65m██[38;2;255;222;65m██[38;2;16;16;16m██[38;2;16;16;16m██                                                
                                              [38;2;16;16;16m██[38;2;16;16;16m██[38;2;16;16;16m██                                                    
