                                                          [38;2;82;102;41m██[38;2;82;102;41m██                              
                        [38;2;82;102;41m██[38;2;82;102;41m██                          [38;2;82;102;41m██[38;2;82;102;41m██[38;2;163;204;82m██[38;2;163;204;82m██[38;2;82;102;41m██                            
                      [38;2;82;102;41m██[38;2;163;204;82m██[38;2;163;204;82m██[38;2;82;102;41m██                      [38;2;82;102;41m██[38;2;163;204;82m██[38;2;163;204;82m██[38;2;163;204;82m██[38;2;163;204;82m██[38;2;82;102;41m██                            
                      [38;2;82;102;41m██[38;2;163;204;82m██[38;2;163;204;82m██[38;2;82;102;41m██                    [38;2;82;102;41m██[38;2;163;204;82m██[38;2;163;204;82m██[38;2;163;204;82m██[38;2;163;204;82m██[38;2;163;204;82m██[38;2;82;102;41m██                            
                      [38;2;82;102;41m██[38;2;163;204;82m██[38;2;163;204;82m██[38;2;163;204;82m██[38;2;82;102;41m██                [38;2;82;102;41m██[38;2;255;240;166m██[38;2;255;240;166m██[38;2;163;204;82m██[38;2;163;204;82m██[38;2;163;204;82m██[38;2;82;102;41m██                              
                      [38;2;82;102;41m██[38;2;163;204;82m██[38;2;255;240;166m██[38;2;255;240;166m██[38;2;82;102;41m██              [38;2;82;102;41m██[38;2;255;240;166m██[38;2;255;240;166m██[38;2;255;240;166m██[38;2;255;240;166m██[38;2;163;204;82m██[38;2;163;204;82m██[38;2;82;102;41m██                              
                    [38;2;82;102;41m██[38;2;82;102;41m██[38;2;255;240;166m██[38;2;255;240;166m██[38;2;255;240;166m██[38;2;82;102;41m██          [38;2;49;89;69m██[38;2;49;89;69m██[38;2;255;240;166m██[38;2;255;240;166m██[38;2;255;240;166m██[38;2;255;240;166m██[38;2;255;240;166m██[38;2;255;240;166m██[38;2;82;102;41m██[38;2;82;102;41m██[38;2;82;102;41m██                            
                  [38;2;82;102;41m██[38;2;255;240;166m██[38;2;204;189;112m██[38;2;49;89;69m██[38;2;49;89;69m██[38;2;255;240;166m██[38;2;255;240;166m██[38;2;82;102;41m██      [38;2;49;89;69m██[38;2;105;191;148m██[38;2;49;89;69m██[38;2;255;240;166m██[38;2;255;240;166m██[38;2;255;240;166m██[38;2;255;240;166m██[38;2;255;240;166m██[38;2;82;102;41m██[38;2;255;240;166m██[38;2;255;240;166m██[38;2;82;102;41m██                            
                  [38;2;82;102;41m██[38;2;255;240;166m██[38;2;255;240;166m██[38;2;49;89;69m██[38;2;105;191;148m██[38;2;49;89;69m██[38;2;255;240;166m██[38;2;82;102;41m██      [38;2;49;89;69m██[38;2;105;191;148m██[38;2;49;89;69m██[38;2;255;240;166m██[38;2;255;240;166m██[38;2;255;240;166m██[38;2;255;240;166m██[38;2;204;189;112m██[38;2;255;240;166m██[38;2;255;240;166m██[38;2;82;102;41m██                              
                  [38;2;82;102;41m██[38;2;255;240;166m██[38;2;255;240;166m██[38;2;49;89;69m██[38;2;105;191;148m██[38;2;49;89;69m██[38;2;255;240;166m██[38;2;82;102;41m██[38;2;82;102;41m██[38;2;82;102;41m██[38;2;49;89;69m██[38;2;105;191;148m██[38;2;105;191;148m██[38;2;49;89;69m██[38;2;255;240;166m██[38;2;255;240;166m██[38;2;255;240;166m██[38;2;255;240;166m██[38;2;255;240;166m██[38;2;255;240;166m██[38;2;82;102;41m██                                
                    [38;2;82;102;41m██[38;2;255;240;166m██[38;2;49;89;69m██[38;2;105;191;148m██[38;2;105;191;148m██[38;2;49;89;69m██[38;2;82;102;41m██[38;2;255;240;166m██[38;2;255;240;166m██[38;2;49;89;69m██[38;2;105;191;148m██[38;2;105;191;148m██[38;2;49;89;69m██[38;2;255;240;166m██[38;2;255;240;166m██[38;2;255;240;166m██[38;2;255;240;166m██[38;2;255;240;166m██[38;2;82;102;41m██                                  
                    [38;2;82;102;41m██[38;2;255;240;166m██[38;2;49;89;69m██[38;2;105;191;148m██[38;2;105;191;148m██[38;2;49;89;69m██[38;2;255;240;166m██[38;2;255;240;166m██[38;2;255;240;166m██[38;2;49;89;69m██[38;2;105;191;148m██[38;2;105;191;148m██[38;2;49;89;69m██[38;2;255;240;166m██[38;2;255;240;166m██[38;2;255;240;166m██[38;2;204;189;112m██[38;2;82;102;41m██                                    
                      [38;2;82;102;41m██[38;2;255;240;166m██[38;2;49;89;69m██[38;2;105;191;148m██[38;2;204;189;112m██[38;2;255;240;166m██[38;2;255;240;166m██[38;2;255;240;166m██[38;2;49;89;69m██[38;2;105;191;148m██[38;2;49;89;69m██[38;2;255;240;166m██[38;2;255;240;166m██[38;2;255;240;166m██[38;2;82;102;41m██[38;2;82;102;41m██                                      
                      [38;2;82;102;41m██[38;2;255;240;166m██[38;2;49;89;69m██[38;2;105;191;148m██[38;2;49;89;69m██[38;2;49;89;69m██[38;2;255;240;166m██[38;2;255;240;166m██[38;2;49;89;69m██[38;2;105;191;148m██[38;2;49;89;69m██[38;2;255;240;166m██[38;2;255;240;166m██[38;2;255;240;166m██[38;2;255;240;166m██[38;2;255;240;166m██[38;2;82;102;41m██                                    
                        [38;2;82;102;41m██[38;2;255;240;166m██[38;2;49;89;69m██[38;2;105;191;148m██[38;2;49;89;69m██[38;2;255;240;166m██[38;2;255;240;166m██[38;2;255;240;166m██[38;2;49;89;69m██[38;2;255;240;166m██[38;2;255;240;166m██[38;2;255;240;166m██[38;2;255;240;166m██[38;2;255;240;166m██[38;2;255;240;166m██[38;2;255;240;166m██[38;2;82;102;41m██                                  
                        [38;2;82;102;41m██[38;2;255;240;166m██[38;2;49;89;69m██[38;2;105;191;148m██[38;2;49;89;69m██[38;2;255;240;166m██[38;2;255;240;166m██[38;2;255;240;166m██[38;2;255;240;166m██[38;2;255;240;166m██[38;2;255;240;166m██[38;2;255;240;166m██[38;2;255;240;166m██[38;2;255;240;166m██[38;2;255;240;166m██[38;2;255;240;166m██[38;2;82;102;41m██                                  
                      [38;2;82;102;41m██[38;2;255;240;166m██[38;2;255;240;166m██[38;2;49;89;69m██[38;2;105;191;148m██[38;2;49;89;69m██[38;2;255;240;166m██[38;2;255;240;166m██[38;2;255;240;166m██[38;2;255;240;166m██[38;2;255;240;166m██[38;2;204;189;112m██[38;2;163;204;82m██[38;2;204;189;112m██[38;2;255;240;166m██[38;2;255;240;166m██[38;2;82;102;41m██[38;2;255;240;166m██[38;2;82;102;41m██                                
      [38;2;16;16;16m██[38;2;16;16;16m██[38;2;16;16;16m██          [38;2;82;102;41m██[38;2;255;240;166m██[38;2;255;240;166m██[38;2;255;240;166m██[38;2;49;89;69m██[38;2;255;240;166m██[38;2;255;240;166m██[38;2;255;240;166m██[38;2;255;240;166m██[38;2;204;189;112m██[38;2;122;153;61m██[38;2;64;64;64m██[38;2;163;204;82m██[38;2;163;204;82m██[38;2;255;240;166m██[38;2;255;240;166m██[38;2;255;240;166m██[38;2;82;102;41m██[38;2;82;102;41m██                                
      [38;2;16;16;16m██[38;2;191;191;191m██[38;2;191;191;191m██[38;2;16;16;16m██[38;2;16;16;16m██    [38;2;82;102;41m██[38;2;163;204;82m██[38;2;204;189;112m██[38;2;255;240;166m██[38;2;255;240;166m██[38;2;255;240;166m██[38;2;255;240;166m██[38;2;255;240;166m██[38;2;255;240;166m██[38;2;204;189;112m██[38;2;163;204;82m██[38;2;64;64;64m██[38;2;64;64;64m██[38;2;163;204;82m██[38;2;163;204;82m██[38;2;82;102;41m██[38;2;255;240;166m██[38;2;255;240;166m██[38;2;255;240;166m██[38;2;255;240;166m██[38;2;82;102;41m██[38;2;82;102;41m██            [38;2;16;16;16m██[38;2;16;16;16m██[38;2;16;16;16m██[38;2;16;16;16m██[38;2;16;16;16m██      
      [38;2;16;16;16m██[38;2;191;191;191m██[38;2;191;191;191m██[38;2;191;191;191m██[38;2;191;191;191m██[38;2;82;102;41m██[38;2;82;102;41m██[38;2;248;248;248m██[38;2;122;153;61m██[38;2;64;64;64m██[38;2;255;240;166m██[38;2;255;240;166m██[38;2;255;240;166m██[38;2;255;240;166m██[38;2;255;240;166m██[38;2;255;240;166m██[38;2;163;204;82m██[38;2;248;248;248m██[38;2;64;64;64m██[38;2;64;64;64m██[38;2;163;204;82m██[38;2;163;204;82m██[38;2;82;102;41m██[38;2;255;240;166m██[38;2;255;240;166m██[38;2;255;240;166m██[38;2;255;240;166m██[38;2;255;240;166m██[38;2;255;240;166m██[38;2;82;102;41m██[38;2;82;102;41m██[38;2;82;102;41m██  [38;2;16;16;16m██[38;2;16;16;16m██[38;2;191;191;191m██[38;2;191;191;191m██[38;2;191;191;191m██[38;2;191;191;191m██[38;2;16;16;16m██      
      [38;2;16;16;16m██[38;2;191;191;191m██[38;2;82;102;41m██[38;2;82;102;41m██[38;2;82;102;41m██[38;2;255;240;166m██[38;2;255;240;166m██[38;2;163;204;82m██[38;2;122;153;61m██[38;2;64;64;64m██[38;2;204;189;112m██[38;2;255;240;166m██[38;2;255;240;166m██[38;2;255;240;166m██[38;2;255;240;166m██[38;2;204;189;112m██[38;2;163;204;82m██[38;2;163;204;82m██[38;2;64;64;64m██[38;2;122;153;61m██[38;2;163;204;82m██[38;2;191;191;191m██[38;2;191;191;191m██[38;2;82;102;41m██[38;2;255;240;166m██[38;2;255;240;166m██[38;2;255;240;166m██[38;2;255;240;166m██[38;2;255;240;166m██[38;2;255;240;166m██[38;2;255;240;166m██[38;2;255;240;166m██[38;2;115;115;115m██[38;2;115;115;115m██[38;2;115;115;115m██[38;2;115;115;115m██[38;2;191;191;191m██[38;2;191;191;191m██[38;2;191;191;191m██[38;2;16;16;16m██      
    [38;2;115;115;115m██[38;2;115;115;115m██[38;2;115;115;115m██[38;2;255;240;166m██[38;2;255;240;166m██[38;2;255;240;166m██[38;2;255;240;166m██[38;2;255;240;166m██[38;2;163;204;82m██[38;2;163;204;82m██[38;2;64;64;64m██[38;2;248;248;248m██[38;2;204;189;112m██[38;2;204;189;112m██[38;2;204;189;112m██[38;2;204;189;112m██[38;2;248;248;248m██[38;2;248;248;248m██[38;2;163;204;82m██[38;2;163;204;82m██[38;2;163;204;82m██[38;2;191;191;191m██[38;2;191;191;191m██[38;2;191;191;191m██[38;2;16;16;16m██[38;2;16;16;16m██[38;2;255;240;166m██[38;2;255;240;166m██[38;2;255;240;166m██[38;2;204;189;112m██[38;2;255;240;166m██[38;2;255;240;166m██[38;2;255;240;166m██[38;2;255;240;166m██[38;2;248;248;248m██[38;2;248;248;248m██[38;2;248;248;248m██[38;2;115;115;115m██[38;2;191;191;191m██[38;2;191;191;191m██[38;2;16;16;16m██      
  [38;2;115;115;115m██[38;2;248;248;248m██[38;2;248;248;248m██[38;2;248;248;248m██[38;2;255;240;166m██[38;2;255;240;166m██[38;2;255;240;166m██[38;2;255;240;166m██[38;2;255;240;166m██[38;2;255;240;166m██[38;2;163;204;82m██[38;2;163;204;82m██[38;2;248;248;248m██[38;2;248;248;248m██[38;2;248;248;248m██[38;2;248;248;248m██[38;2;248;248;248m██[38;2;248;248;248m██[38;2;248;248;248m██[38;2;248;248;248m██[38;2;248;248;248m██[38;2;248;248;248m██[38;2;191;191;191m██[38;2;191;191;191m██[38;2;16;16;16m██    [38;2;16;16;16m██[38;2;16;16;16m██[38;2;16;16;16m██[38;2;16;16;16m██[38;2;255;240;166m██[38;2;255;240;166m██[38;2;255;240;166m██[38;2;255;240;166m██[38;2;248;248;248m██[38;2;248;248;248m██[38;2;248;248;248m██[38;2;115;115;115m██[38;2;191;191;191m██[38;2;191;191;191m██[38;2;16;16;16m██      
  [38;2;115;115;115m██[38;2;248;248;248m██[38;2;248;248;248m██[38;2;248;248;248m██[38;2;255;240;166m██[38;2;255;240;166m██[38;2;255;240;166m██[38;2;255;240;166m██[38;2;82;102;41m██[38;2;255;240;166m██[38;2;255;240;166m██[38;2;255;240;166m██[38;2;82;102;41m██[38;2;82;102;41m██[38;2;82;102;41m██[38;2;248;248;248m██[38;2;248;248;248m██[38;2;248;248;248m██[38;2;248;248;248m██[38;2;248;248;248m██[38;2;248;248;248m██[38;2;191;191;191m██[38;2;16;16;16m██[38;2;16;16;16m██        [38;2;16;16;16m██[38;2;122;153;61m██[38;2;16;16;16m██[38;2;255;240;166m██[38;2;255;240;166m██[38;2;255;240;166m██[38;2;255;240;166m██[38;2;248;248;248m██[38;2;248;248;248m██[38;2;115;115;115m██[38;2;191;191;191m██[38;2;191;191;191m██[38;2;16;16;16m██        
    [38;2;115;115;115m██[38;2;248;248;248m██[38;2;248;248;248m██[38;2;248;248;248m██[38;2;255;240;166m██[38;2;255;240;166m██[38;2;82;102;41m██[38;2;122;153;61m██[38;2;82;102;41m██[38;2;255;240;166m██[38;2;82;102;41m██[38;2;248;248;248m██[38;2;163;204;82m██[38;2;163;204;82m██[38;2;82;102;41m██[38;2;248;248;248m██[38;2;248;248;248m██[38;2;248;248;248m██[38;2;191;191;191m██[38;2;16;16;16m██[38;2;16;16;16m██          [38;2;16;16;16m██[38;2;122;153;61m██[38;2;122;153;61m██[38;2;122;153;61m██[38;2;16;16;16m██[38;2;255;240;166m██[38;2;255;240;166m██[38;2;248;248;248m██[38;2;248;248;248m██[38;2;248;248;248m██[38;2;115;115;115m██[38;2;122;153;61m██[38;2;191;191;191m██[38;2;16;16;16m██        
      [38;2;115;115;115m██[38;2;248;248;248m██[38;2;248;248;248m██[38;2;248;248;248m██[38;2;115;115;115m██[38;2;122;153;61m██[38;2;122;153;61m██[38;2;122;153;61m██[38;2;16;16;16m██[38;2;248;248;248m██[38;2;163;204;82m██[38;2;163;204;82m██[38;2;163;204;82m██[38;2;163;204;82m██[38;2;82;102;41m██[38;2;16;16;16m██[38;2;16;16;16m██[38;2;16;16;16m██[38;2;105;191;148m██[38;2;49;89;69m██[38;2;16;16;16m██      [38;2;16;16;16m██[38;2;122;153;61m██[38;2;122;153;61m██[38;2;122;153;61m██[38;2;122;153;61m██[38;2;82;102;41m██[38;2;82;102;41m██[38;2;82;102;41m██[38;2;82;102;41m██[38;2;248;248;248m██[38;2;115;115;115m██[38;2;122;153;61m██[38;2;122;153;61m██[38;2;16;16;16m██          
        [38;2;115;115;115m██[38;2;115;115;115m██[38;2;115;115;115m██[38;2;122;153;61m██[38;2;122;153;61m██[38;2;122;153;61m██[38;2;16;16;16m██[38;2;248;248;248m██[38;2;163;204;82m██[38;2;163;204;82m██[38;2;163;204;82m██[38;2;163;204;82m██[38;2;163;204;82m██[38;2;82;102;41m██    [38;2;49;89;69m██[38;2;105;191;148m██[38;2;49;89;69m██[38;2;82;102;41m██[38;2;16;16;16m██  [38;2;16;16;16m██[38;2;122;153;61m██[38;2;122;153;61m██[38;2;122;153;61m██[38;2;122;153;61m██[38;2;82;102;41m██[38;2;163;204;82m██[38;2;163;204;82m██[38;2;163;204;82m██[38;2;163;204;82m██[38;2;82;102;41m██[38;2;122;153;61m██[38;2;122;153;61m██[38;2;122;153;61m██[38;2;16;16;16m██          
          [38;2;16;16;16m██[38;2;122;153;61m██[38;2;122;153;61m██[38;2;122;153;61m██[38;2;122;153;61m██[38;2;16;16;16m██[38;2;248;248;248m██[38;2;163;204;82m██[38;2;163;204;82m██[38;2;163;204;82m██[38;2;163;204;82m██[38;2;163;204;82m██[38;2;163;204;82m██[38;2;82;102;41m██[38;2;82;102;41m██[38;2;49;89;69m██[38;2;105;191;148m██[38;2;82;102;41m██[38;2;82;102;41m██[38;2;191;191;191m██[38;2;16;16;16m██[38;2;122;153;61m██[38;2;122;153;61m██[38;2;122;153;61m██[38;2;122;153;61m██[38;2;82;102;41m██[38;2;163;204;82m██[38;2;163;204;82m██[38;2;163;204;82m██[38;2;163;204;82m██[38;2;163;204;82m██[38;2;163;204;82m██[38;2;82;102;41m██[38;2;122;153;61m██[38;2;16;16;16m██            
          [38;2;16;16;16m██[38;2;122;153;61m██[38;2;122;153;61m██[38;2;122;153;61m██[38;2;16;16;16m██[38;2;248;248;248m██[38;2;163;204;82m██[38;2;163;204;82m██[38;2;163;204;82m██[38;2;163;204;82m██[38;2;163;204;82m██[38;2;163;204;82m██[38;2;163;204;82m██[38;2;82;102;41m██[38;2;122;153;61m██[38;2;49;89;69m██[38;2;82;102;41m██[38;2;122;153;61m██[38;2;82;102;41m██[38;2;191;191;191m██[38;2;16;16;16m██[38;2;122;153;61m██[38;2;122;153;61m██[38;2;122;153;61m██[38;2;122;153;61m██[38;2;82;102;41m██[38;2;163;204;82m██[38;2;163;204;82m██[38;2;163;204;82m██[38;2;163;204;82m██[38;2;163;204;82m██[38;2;163;204;82m██[38;2;163;204;82m██[38;2;82;102;41m██              
            [38;2;16;16;16m██[38;2;122;153;61m██[38;2;122;153;61m██[38;2;16;16;16m██[38;2;248;248;248m██[38;2;163;204;82m██[38;2;163;204;82m██[38;2;163;204;82m██[38;2;163;204;82m██[38;2;163;204;82m██[38;2;163;204;82m██[38;2;163;204;82m██[38;2;82;102;41m██[38;2;122;153;61m██[38;2;82;102;41m██[38;2;122;153;61m██[38;2;122;153;61m██[38;2;16;16;16m██[38;2;191;191;191m██[38;2;191;191;191m██[38;2;16;16;16m██[38;2;122;153;61m██[38;2;16;16;16m██[38;2;16;16;16m██[38;2;248;248;248m██[38;2;163;204;82m██[38;2;163;204;82m██[38;2;163;204;82m██[38;2;163;204;82m██[38;2;163;204;82m██[38;2;163;204;82m██[38;2;163;204;82m██[38;2;82;102;41m██              
            [38;2;16;16;16m██[38;2;122;153;61m██[38;2;122;153;61m██[38;2;16;16;16m██[38;2;248;248;248m██[38;2;163;204;82m██[38;2;163;204;82m██[38;2;163;204;82m██[38;2;163;204;82m██[38;2;163;204;82m██[38;2;163;204;82m██[38;2;163;204;82m██[38;2;82;102;41m██[38;2;122;153;61m██[38;2;82;102;41m██[38;2;122;153;61m██[38;2;204;189;112m██[38;2;16;16;16m██[38;2;16;16;16m██[38;2;191;191;191m██[38;2;191;191;191m██[38;2;16;16;16m██[38;2;248;248;248m██[38;2;16;16;16m██[38;2;248;248;248m██[38;2;163;204;82m██[38;2;163;204;82m██[38;2;163;204;82m██[38;2;163;204;82m██[38;2;163;204;82m██[38;2;163;204;82m██[38;2;163;204;82m██[38;2;163;204;82m██[38;2;82;102;41m██            
              [38;2;16;16;16m██[38;2;122;153;61m██[38;2;16;16;16m██[38;2;248;248;248m██[38;2;163;204;82m██[38;2;163;204;82m██[38;2;163;204;82m██[38;2;163;204;82m██[38;2;163;204;82m██[38;2;163;204;82m██[38;2;163;204;82m██[38;2;82;102;41m██[38;2;204;189;112m██[38;2;82;102;41m██[38;2;204;189;112m██[38;2;204;189;112m██[38;2;16;16;16m██[38;2;122;153;61m██[38;2;16;16;16m██[38;2;248;248;248m██[38;2;248;248;248m██[38;2;191;191;191m██[38;2;16;16;16m██[38;2;248;248;248m██[38;2;163;204;82m██[38;2;163;204;82m██[38;2;163;204;82m██[38;2;163;204;82m██[38;2;163;204;82m██[38;2;163;204;82m██[38;2;163;204;82m██[38;2;163;204;82m██[38;2;82;102;41m██            
                [38;2;16;16;16m██[38;2;122;153;61m██[38;2;16;16;16m██[38;2;248;248;248m██[38;2;163;204;82m██[38;2;163;204;82m██[38;2;163;204;82m██[38;2;163;204;82m██[38;2;163;204;82m██[38;2;163;204;82m██[38;2;82;102;41m██[38;2;204;189;112m██[38;2;82;102;41m██[38;2;204;189;112m██[38;2;204;189;112m██[38;2;16;16;16m██[38;2;122;153;61m██[38;2;122;153;61m██[38;2;16;16;16m██[38;2;16;16;16m██[38;2;16;16;16m██[38;2;16;16;16m██[38;2;248;248;248m██[38;2;163;204;82m██[38;2;163;204;82m██[38;2;163;204;82m██[38;2;163;204;82m██[38;2;163;204;82m██[38;2;163;204;82m██[38;2;163;204;82m██[38;2;163;204;82m██[38;2;82;102;41m██            
                  [38;2;16;16;16m██[38;2;248;248;248m██[38;2;163;204;82m██[38;2;163;204;82m██[38;2;163;204;82m██[38;2;163;204;82m██[38;2;163;204;82m██[38;2;163;204;82m██[38;2;163;204;82m██[38;2;82;102;41m██[38;2;204;189;112m██[38;2;82;102;41m██[38;2;204;189;112m██[38;2;16;16;16m██[38;2;122;153;61m██[38;2;122;153;61m██[38;2;122;153;61m██[38;2;122;153;61m██[38;2;122;153;61m██[38;2;122;153;61m██[38;2;16;16;16m██[38;2;248;248;248m██[38;2;163;204;82m██[38;2;163;204;82m██[38;2;163;204;82m██[38;2;163;204;82m██[38;2;163;204;82m██[38;2;163;204;82m██[38;2;163;204;82m██[38;2;163;204;82m██[38;2;163;204;82m██[38;2;82;102;41m██          
                [38;2;16;16;16m██[38;2;248;248;248m██[38;2;163;204;82m██[38;2;163;204;82m██[38;2;163;204;82m██[38;2;163;204;82m██[38;2;163;204;82m██[38;2;163;204;82m██[38;2;163;204;82m██[38;2;163;204;82m██[38;2;82;102;41m██[38;2;204;189;112m██[38;2;82;102;41m██[38;2;204;189;112m██[38;2;16;16;16m██[38;2;122;153;61m██[38;2;122;153;61m██[38;2;122;153;61m██[38;2;122;153;61m██[38;2;122;153;61m██[38;2;122;153;61m██[38;2;122;153;61m██[38;2;16;16;16m██[38;2;248;248;248m██[38;2;163;204;82m██[38;2;163;204;82m██[38;2;163;204;82m██[38;2;163;204;82m██[38;2;163;204;82m██[38;2;163;204;82m██[38;2;163;204;82m██[38;2;163;204;82m██[38;2;82;102;41m██          
              [38;2;16;16;16m██[38;2;248;248;248m██[38;2;163;204;82m██[38;2;163;204;82m██[38;2;163;204;82m██[38;2;163;204;82m██[38;2;163;204;82m██[38;2;163;204;82m██[38;2;163;204;82m██[38;2;163;204;82m██[38;2;163;204;82m██[38;2;82;102;41m██[38;2;191;191;191m██[38;2;82;102;41m██[38;2;191;191;191m██[38;2;16;16;16m██[38;2;122;153;61m██[38;2;122;153;61m██[38;2;122;153;61m██[38;2;122;153;61m██[38;2;122;153;61m██[38;2;122;153;61m██[38;2;122;153;61m██[38;2;16;16;16m██[38;2;248;248;248m██[38;2;163;204;82m██[38;2;163;204;82m██[38;2;163;204;82m██[38;2;163;204;82m██[38;2;163;204;82m██[38;2;163;204;82m██[38;2;163;204;82m██[38;2;163;204;82m██[38;2;82;102;41m██          
              [38;2;16;16;16m██[38;2;248;248;248m██[38;2;163;204;82m██[38;2;163;204;82m██[38;2;163;204;82m██[38;2;163;204;82m██[38;2;163;204;82m██[38;2;163;204;82m██[38;2;163;204;82m██[38;2;163;204;82m██[38;2;163;204;82m██[38;2;82;102;41m██[38;2;191;191;191m██[38;2;82;102;41m██[38;2;191;191;191m██[38;2;191;191;191m██[38;2;16;16;16m██[38;2;16;16;16m██[38;2;16;16;16m██[38;2;122;153;61m██[38;2;122;153;61m██[38;2;16;16;16m██[38;2;16;16;16m██  [38;2;16;16;16m██[38;2;248;248;248m██[38;2;163;204;82m██[38;2;163;204;82m██[38;2;163;204;82m██[38;2;163;204;82m██[38;2;163;204;82m██[38;2;163;204;82m██[38;2;163;204;82m██[38;2;82;102;41m██          
            [38;2;16;16;16m██[38;2;248;248;248m██[38;2;163;204;82m██[38;2;163;204;82m██[38;2;163;204;82m██[38;2;163;204;82m██[38;2;163;204;82m██[38;2;163;204;82m██[38;2;163;204;82m██[38;2;163;204;82m██[38;2;163;204;82m██[38;2;82;102;41m██[38;2;191;191;191m██[38;2;82;102;41m██[38;2;191;191;191m██[38;2;191;191;191m██[38;2;248;248;248m██[38;2;248;248;248m██[38;2;248;248;248m██[38;2;191;191;191m██[38;2;16;16;16m██[38;2;16;16;16m██        [38;2;16;16;16m██[38;2;248;248;248m██[38;2;163;204;82m██[38;2;163;204;82m██[38;2;163;204;82m██[38;2;163;204;82m██[38;2;163;204;82m██[38;2;163;204;82m██[38;2;163;204;82m██[38;2;82;102;41m██        
            [38;2;16;16;16m██[38;2;248;248;248m██[38;2;163;204;82m██[38;2;163;204;82m██[38;2;163;204;82m██[38;2;163;204;82m██[38;2;163;204;82m██[38;2;163;204;82m██[38;2;163;204;82m██[38;2;163;204;82m██[38;2;163;204;82m██[38;2;82;102;41m██[38;2;191;191;191m██[38;2;82;102;41m██[38;2;191;191;191m██[38;2;248;248;248m██[38;2;248;248;248m██[38;2;248;248;248m██[38;2;248;248;248m██[38;2;248;248;248m██[38;2;255;240;166m██[38;2;255;240;166m██[38;2;16;16;16m██[38;2;16;16;16m██  [38;2;16;16;16m██[38;2;248;248;248m██[38;2;163;204;82m██[38;2;163;204;82m██[38;2;163;204;82m██[38;2;163;204;82m██[38;2;163;204;82m██[38;2;163;204;82m██[38;2;163;204;82m██[38;2;163;204;82m██[38;2;82;102;41m██        
            [38;2;16;16;16m██[38;2;248;248;248m██[38;2;163;204;82m██[38;2;163;204;82m██[38;2;163;204;82m██[38;2;163;204;82m██[38;2;163;204;82m██[38;2;163;204;82m██[38;2;163;204;82m██[38;2;163;204;82m██[38;2;163;204;82m██[38;2;82;102;41m██[38;2;204;189;112m██[38;2;82;102;41m██[38;2;255;240;166m██[38;2;191;191;191m██[38;2;248;248;248m██[38;2;248;248;248m██[38;2;248;248;248m██[38;2;255;240;166m██[38;2;255;240;166m██[38;2;255;240;166m██[38;2;255;240;166m██[38;2;255;240;166m██[38;2;16;16;16m██[38;2;16;16;16m██[38;2;248;248;248m██[38;2;163;204;82m██[38;2;163;204;82m██[38;2;163;204;82m██[38;2;163;204;82m██[38;2;163;204;82m██[38;2;163;204;82m██[38;2;163;204;82m██[38;2;163;204;82m██[38;2;82;102;41m██        
              [38;2;16;16;16m██[38;2;248;248;248m██[38;2;163;204;82m██[38;2;163;204;82m██[38;2;163;204;82m██[38;2;163;204;82m██[38;2;163;204;82m██[38;2;163;204;82m██[38;2;163;204;82m██[38;2;163;204;82m██[38;2;82;102;41m██[38;2;82;102;41m██[38;2;105;191;148m██[38;2;82;102;41m██[38;2;255;240;166m██[38;2;255;240;166m██[38;2;255;240;166m██[38;2;255;240;166m██[38;2;255;240;166m██[38;2;255;240;166m██[38;2;255;240;166m██[38;2;255;240;166m██[38;2;255;240;166m██[38;2;255;240;166m██[38;2;16;16;16m██[38;2;248;248;248m██[38;2;163;204;82m██[38;2;163;204;82m██[38;2;163;204;82m██[38;2;163;204;82m██[38;2;163;204;82m██[38;2;163;204;82m██[38;2;163;204;82m██[38;2;163;204;82m██[38;2;82;102;41m██        
              [38;2;16;16;16m██[38;2;248;248;248m██[38;2;163;204;82m██[38;2;163;204;82m██[38;2;163;204;82m██[38;2;163;204;82m██[38;2;163;204;82m██[38;2;163;204;82m██[38;2;163;204;82m██[38;2;82;102;41m██[38;2;204;189;112m██[38;2;16;16;16m██[38;2;49;89;69m██[38;2;49;89;69m██[38;2;82;102;41m██[38;2;82;102;41m██[38;2;82;102;41m██[38;2;82;102;41m██[38;2;255;240;166m██[38;2;255;240;166m██[38;2;255;240;166m██[38;2;255;240;166m██[38;2;255;240;166m██[38;2;255;240;166m██[38;2;16;16;16m██[38;2;248;248;248m██[38;2;163;204;82m██[38;2;163;204;82m██[38;2;163;204;82m██[38;2;163;204;82m██[38;2;163;204;82m██[38;2;163;204;82m██[38;2;163;204;82m██[38;2;163;204;82m██[38;2;82;102;41m██        
            [38;2;82;102;41m██[38;2;163;204;82m██[38;2;16;16;16m██[38;2;248;248;248m██[38;2;163;204;82m██[38;2;163;204;82m██[38;2;163;204;82m██[38;2;163;204;82m██[38;2;163;204;82m██[38;2;163;204;82m██[38;2;82;102;41m██[38;2;204;189;112m██[38;2;16;16;16m██[38;2;105;191;148m██[38;2;105;191;148m██[38;2;16;16;16m██[38;2;204;189;112m██[38;2;122;153;61m██[38;2;82;102;41m██[38;2;255;240;166m██[38;2;255;240;166m██[38;2;255;240;166m██[38;2;255;240;166m██[38;2;255;240;166m██[38;2;255;240;166m██[38;2;255;240;166m██[38;2;16;16;16m██[38;2;248;248;248m██[38;2;163;204;82m██[38;2;163;204;82m██[38;2;163;204;82m██[38;2;163;204;82m██[38;2;163;204;82m██[38;2;163;204;82m██[38;2;163;204;82m██[38;2;82;102;41m██        
          [38;2;82;102;41m██[38;2;163;204;82m██[38;2;163;204;82m██[38;2;163;204;82m██[38;2;16;16;16m██[38;2;248;248;248m██[38;2;163;204;82m██[38;2;163;204;82m██[38;2;163;204;82m██[38;2;163;204;82m██[38;2;163;204;82m██[38;2;82;102;41m██[38;2;204;189;112m██[38;2;122;153;61m██[38;2;49;89;69m██[38;2;105;191;148m██[38;2;16;16;16m██[38;2;204;189;112m██[38;2;122;153;61m██[38;2;82;102;41m██[38;2;255;240;166m██[38;2;255;240;166m██[38;2;255;240;166m██[38;2;255;240;166m██[38;2;255;240;166m██[38;2;255;240;166m██[38;2;255;240;166m██[38;2;16;16;16m██[38;2;248;248;248m██[38;2;163;204;82m██[38;2;163;204;82m██[38;2;163;204;82m██[38;2;163;204;82m██[38;2;163;204;82m██[38;2;163;204;82m██[38;2;163;204;82m██[38;2;82;102;41m██        
        [38;2;82;102;41m██[38;2;163;204;82m██[38;2;163;204;82m██[38;2;163;204;82m██[38;2;16;16;16m██[38;2;248;248;248m██[38;2;163;204;82m██[38;2;163;204;82m██[38;2;163;204;82m██[38;2;163;204;82m██[38;2;163;204;82m██[38;2;82;102;41m██[38;2;122;153;61m██[38;2;204;189;112m██[38;2;122;153;61m██[38;2;16;16;16m██[38;2;16;16;16m██[38;2;16;16;16m██[38;2;204;189;112m██[38;2;122;153;61m██[38;2;204;189;112m██[38;2;82;102;41m██[38;2;255;240;166m██[38;2;255;240;166m██[38;2;255;240;166m██[38;2;255;240;166m██[38;2;255;240;166m██[38;2;255;240;166m██[38;2;255;240;166m██[38;2;16;16;16m██[38;2;248;248;248m██[38;2;163;204;82m██[38;2;163;204;82m██[38;2;163;204;82m██[38;2;163;204;82m██[38;2;163;204;82m██[38;2;163;204;82m██[38;2;82;102;41m██        
      [38;2;82;102;41m██[38;2;163;204;82m██[38;2;163;204;82m██[38;2;163;204;82m██[38;2;163;204;82m██[38;2;16;16;16m██[38;2;248;248;248m██[38;2;163;204;82m██[38;2;163;204;82m██[38;2;163;204;82m██[38;2;163;204;82m██[38;2;163;204;82m██[38;2;82;102;41m██[38;2;122;153;61m██[38;2;204;189;112m██[38;2;204;189;112m██[38;2;16;16;16m██  [38;2;16;16;16m██[38;2;204;189;112m██[38;2;122;153;61m██[38;2;204;189;112m██[38;2;122;153;61m██[38;2;82;102;41m██[38;2;82;102;41m██[38;2;255;240;166m██[38;2;255;240;166m██[38;2;255;240;166m██[38;2;82;102;41m██[38;2;82;102;41m██[38;2;122;153;61m██[38;2;16;16;16m██[38;2;248;248;248m██[38;2;163;204;82m██[38;2;163;204;82m██[38;2;163;204;82m██[38;2;163;204;82m██[38;2;163;204;82m██[38;2;82;102;41m██        
      [38;2;82;102;41m██[38;2;163;204;82m██[38;2;163;204;82m██[38;2;163;204;82m██[38;2;16;16;16m██[38;2;248;248;248m██[38;2;163;204;82m██[38;2;163;204;82m██[38;2;163;204;82m██[38;2;163;204;82m██[38;2;163;204;82m██[38;2;82;102;41m██[38;2;204;189;112m██[38;2;122;153;61m██[38;2;122;153;61m██[38;2;204;189;112m██[38;2;16;16;16m██  [38;2;16;16;16m██[38;2;255;240;166m██[38;2;163;204;82m██[38;2;255;240;166m██[38;2;122;153;61m██[38;2;122;153;61m██[38;2;204;189;112m██[38;2;82;102;41m██[38;2;82;102;41m██[38;2;82;102;41m██[38;2;122;153;61m██[38;2;122;153;61m██[38;2;122;153;61m██[38;2;16;16;16m██[38;2;248;248;248m██[38;2;163;204;82m██[38;2;163;204;82m██[38;2;163;204;82m██[38;2;163;204;82m██[38;2;163;204;82m██[38;2;82;102;41m██        
    [38;2;82;102;41m██[38;2;163;204;82m██[38;2;163;204;82m██[38;2;163;204;82m██[38;2;163;204;82m██[38;2;16;16;16m██[38;2;248;248;248m██[38;2;163;204;82m██[38;2;163;204;82m██[38;2;163;204;82m██[38;2;163;204;82m██[38;2;163;204;82m██[38;2;82;102;41m██[38;2;204;189;112m██[38;2;122;153;61m██[38;2;122;153;61m██[38;2;204;189;112m██[38;2;16;16;16m██  [38;2;82;102;41m██[38;2;255;240;166m██[38;2;163;204;82m██[38;2;255;240;166m██[38;2;163;204;82m██[38;2;163;204;82m██[38;2;204;189;112m██[38;2;16;16;16m██[38;2;122;153;61m██[38;2;122;153;61m██[38;2;122;153;61m██[38;2;122;153;61m██[38;2;16;16;16m██[38;2;248;248;248m██[38;2;163;204;82m██[38;2;163;204;82m██[38;2;163;204;82m██[38;2;163;204;82m██[38;2;163;204;82m██[38;2;82;102;41m██[38;2;122;153;61m██[38;2;82;102;41m██      
    [38;2;82;102;41m██[38;2;163;204;82m██[38;2;163;204;82m██[38;2;163;204;82m██[38;2;163;204;82m██[38;2;16;16;16m██[38;2;248;248;248m██[38;2;163;204;82m██[38;2;163;204;82m██[38;2;163;204;82m██[38;2;163;204;82m██[38;2;82;102;41m██[38;2;122;153;61m██[38;2;204;189;112m██[38;2;122;153;61m██[38;2;122;153;61m██[38;2;204;189;112m██[38;2;122;153;61m██[38;2;16;16;16m██[38;2;255;240;166m██[38;2;204;189;112m██[38;2;163;204;82m██[38;2;255;240;166m██[38;2;163;204;82m██[38;2;163;204;82m██[38;2;255;240;166m██[38;2;16;16;16m██[38;2;122;153;61m██[38;2;122;153;61m██[38;2;122;153;61m██[38;2;122;153;61m██[38;2;16;16;16m██[38;2;248;248;248m██[38;2;163;204;82m██[38;2;163;204;82m██[38;2;163;204;82m██[38;2;163;204;82m██[38;2;163;204;82m██[38;2;82;102;41m██[38;2;122;153;61m██[38;2;82;102;41m██      
  [38;2;115;115;115m██[38;2;248;248;248m██[38;2;163;204;82m██[38;2;163;204;82m██[38;2;163;204;82m██[38;2;163;204;82m██[38;2;16;16;16m██[38;2;248;248;248m██[38;2;163;204;82m██[38;2;163;204;82m██[38;2;163;204;82m██[38;2;82;102;41m██[38;2;204;189;112m██[38;2;122;153;61m██[38;2;204;189;112m██[38;2;204;189;112m██[38;2;122;153;61m██[38;2;204;189;112m██[38;2;204;189;112m██[38;2;16;16;16m██[38;2;255;240;166m██[38;2;163;204;82m██[38;2;163;204;82m██[38;2;255;240;166m██[38;2;163;204;82m██[38;2;163;204;82m██[38;2;255;240;166m██[38;2;163;204;82m██[38;2;16;16;16m██[38;2;122;153;61m██[38;2;122;153;61m██[38;2;122;153;61m██[38;2;16;16;16m██[38;2;248;248;248m██[38;2;163;204;82m██[38;2;163;204;82m██[38;2;163;204;82m██[38;2;163;204;82m██[38;2;163;204;82m██[38;2;82;102;41m██[38;2;122;153;61m██[38;2;122;153;61m██[38;2;82;102;41m██    
  [38;2;115;115;115m██[38;2;248;248;248m██[38;2;163;204;82m██[38;2;163;204;82m██[38;2;163;204;82m██[38;2;163;204;82m██[38;2;16;16;16m██[38;2;248;248;248m██[38;2;163;204;82m██[38;2;163;204;82m██[38;2;82;102;41m██[38;2;16;16;16m██[38;2;204;189;112m██[38;2;122;153;61m██[38;2;122;153;61m██[38;2;204;189;112m██[38;2;122;153;61m██[38;2;122;153;61m██[38;2;204;189;112m██[38;2;16;16;16m██[38;2;255;240;166m██[38;2;163;204;82m██[38;2;204;189;112m██[38;2;255;240;166m██[38;2;163;204;82m██[38;2;163;204;82m██[38;2;255;240;166m██[38;2;163;204;82m██[38;2;16;16;16m██[38;2;16;16;16m██[38;2;122;153;61m██[38;2;122;153;61m██[38;2;122;153;61m██[38;2;16;16;16m██[38;2;248;248;248m██[38;2;163;204;82m██[38;2;163;204;82m██[38;2;163;204;82m██[38;2;163;204;82m██[38;2;82;102;41m██[38;2;122;153;61m██[38;2;122;153;61m██[38;2;82;102;41m██    
  [38;2;115;115;115m██[38;2;248;248;248m██[38;2;248;248;248m██[38;2;163;204;82m██[38;2;163;204;82m██[38;2;16;16;16m██[38;2;105;191;148m██[38;2;49;89;69m██[38;2;49;89;69m██[38;2;49;89;69m██  [38;2;16;16;16m██[38;2;204;189;112m██[38;2;122;153;61m██[38;2;122;153;61m██[38;2;204;189;112m██[38;2;122;153;61m██[38;2;122;153;61m██[38;2;204;189;112m██[38;2;16;16;16m██[38;2;255;240;166m██[38;2;163;204;82m██[38;2;255;240;166m██[38;2;255;240;166m██[38;2;163;204;82m██[38;2;204;189;112m██[38;2;255;240;166m██[38;2;163;204;82m██[38;2;16;16;16m██  [38;2;16;16;16m██[38;2;122;153;61m██[38;2;122;153;61m██[38;2;16;16;16m██[38;2;248;248;248m██[38;2;163;204;82m██[38;2;163;204;82m██[38;2;163;204;82m██[38;2;82;102;41m██[38;2;122;153;61m██[38;2;122;153;61m██[38;2;122;153;61m██[38;2;191;191;191m██[38;2;115;115;115m██  
[38;2;115;115;115m██[38;2;248;248;248m██[38;2;248;248;248m██[38;2;248;248;248m██[38;2;248;248;248m██[38;2;163;204;82m██[38;2;16;16;16m██[38;2;105;191;148m██[38;2;105;191;148m██[38;2;49;89;69m██    [38;2;16;16;16m██[38;2;204;189;112m██[38;2;204;189;112m██[38;2;122;153;61m██[38;2;204;189;112m██[38;2;204;189;112m██[38;2;122;153;61m██[38;2;204;189;112m██[38;2;16;16;16m██[38;2;255;240;166m██[38;2;163;204;82m██[38;2;255;240;166m██[38;2;163;204;82m██[38;2;163;204;82m██[38;2;255;240;166m██[38;2;255;240;166m██[38;2;163;204;82m██[38;2;16;16;16m██    [38;2;16;16;16m██[38;2;16;16;16m██[38;2;122;153;61m██[38;2;16;16;16m██[38;2;248;248;248m██[38;2;163;204;82m██[38;2;163;204;82m██[38;2;82;102;41m██[38;2;122;153;61m██[38;2;122;153;61m██[38;2;122;153;61m██[38;2;191;191;191m██[38;2;115;115;115m██  
[38;2;115;115;115m██[38;2;248;248;248m██[38;2;248;248;248m██[38;2;248;248;248m██[38;2;248;248;248m██[38;2;16;16;16m██[38;2;105;191;148m██[38;2;105;191;148m██[38;2;49;89;69m██        [38;2;16;16;16m██[38;2;204;189;112m██[38;2;122;153;61m██[38;2;122;153;61m██[38;2;204;189;112m██[38;2;122;153;61m██[38;2;122;153;61m██[38;2;16;16;16m██[38;2;255;240;166m██[38;2;163;204;82m██[38;2;255;240;166m██[38;2;163;204;82m██[38;2;163;204;82m██[38;2;255;240;166m██[38;2;204;189;112m██[38;2;163;204;82m██[38;2;16;16;16m██        [38;2;16;16;16m██[38;2;16;16;16m██[38;2;248;248;248m██[38;2;163;204;82m██[38;2;163;204;82m██[38;2;82;102;41m██[38;2;122;153;61m██[38;2;122;153;61m██[38;2;191;191;191m██[38;2;191;191;191m██[38;2;115;115;115m██  
[38;2;115;115;115m██[38;2;248;248;248m██[38;2;248;248;248m██[38;2;248;248;248m██[38;2;248;248;248m██[38;2;16;16;16m██[38;2;105;191;148m██[38;2;49;89;69m██          [38;2;16;16;16m██[38;2;204;189;112m██[38;2;122;153;61m██[38;2;122;153;61m██[38;2;204;189;112m██[38;2;122;153;61m██[38;2;122;153;61m██[38;2;82;102;41m██[38;2;255;240;166m██[38;2;163;204;82m██[38;2;255;240;166m██[38;2;163;204;82m██[38;2;163;204;82m██[38;2;255;240;166m██[38;2;163;204;82m██[38;2;163;204;82m██[38;2;16;16;16m██          [38;2;16;16;16m██[38;2;49;89;69m██[38;2;163;204;82m██[38;2;82;102;41m██[38;2;122;153;61m██[38;2;122;153;61m██[38;2;191;191;191m██[38;2;191;191;191m██[38;2;191;191;191m██[38;2;191;191;191m██[38;2;115;115;115m██
[38;2;115;115;115m██[38;2;248;248;248m██[38;2;248;248;248m██[38;2;248;248;248m██[38;2;16;16;16m██[38;2;16;16;16m██[38;2;49;89;69m██            [38;2;16;16;16m██[38;2;204;189;112m██[38;2;204;189;112m██[38;2;122;153;61m██[38;2;204;189;112m██[38;2;204;189;112m██[38;2;122;153;61m██[38;2;82;102;41m██[38;2;204;189;112m██[38;2;163;204;82m██[38;2;255;240;166m██[38;2;163;204;82m██[38;2;204;189;112m██[38;2;255;240;166m██[38;2;163;204;82m██[38;2;163;204;82m██[38;2;16;16;16m██          [38;2;16;16;16m██[38;2;105;191;148m██[38;2;49;89;69m██[38;2;49;89;69m██[38;2;16;16;16m██[38;2;191;191;191m██[38;2;191;191;191m██[38;2;191;191;191m██[38;2;191;191;191m██[38;2;191;191;191m██[38;2;115;115;115m██
[38;2;16;16;16m██[38;2;16;16;16m██[38;2;16;16;16m██[38;2;16;16;16m██                    [38;2;16;16;16m██[38;2;204;189;112m██[38;2;122;153;61m██[38;2;122;153;61m██[38;2;204;189;112m██[38;2;82;102;41m██[38;2;255;240;166m██[38;2;163;204;82m██[38;2;163;204;82m██[38;2;255;240;166m██[38;2;163;204;82m██[38;2;255;240;166m██[38;2;255;240;166m██[38;2;163;204;82m██[38;2;16;16;16m██            [38;2;16;16;16m██[38;2;105;191;148m██[38;2;105;191;148m██[38;2;49;89;69m██  [38;2;16;16;16m██[38;2;16;16;16m██[38;2;191;191;191m██[38;2;191;191;191m██[38;2;191;191;191m██[38;2;115;115;115m██
                            [38;2;16;16;16m██[38;2;204;189;112m██[38;2;204;189;112m██[38;2;122;153;61m██[38;2;204;189;112m██[38;2;82;102;41m██[38;2;255;240;166m██[38;2;163;204;82m██[38;2;255;240;166m██[38;2;255;240;166m██[38;2;163;204;82m██[38;2;255;240;166m██[38;2;204;189;112m██[38;2;163;204;82m██[38;2;16;16;16m██            [38;2;16;16;16m██[38;2;105;191;148m██[38;2;49;89;69m██        [38;2;16;16;16m██[38;2;16;16;16m██[38;2;16;16;16m██[38;2;16;16;16m██
                              [38;2;16;16;16m██[38;2;204;189;112m██[38;2;122;153;61m██[38;2;122;153;61m██[38;2;82;102;41m██[38;2;255;240;166m██[38;2;163;204;82m██[38;2;255;240;166m██[38;2;204;189;112m██[38;2;163;204;82m██[38;2;255;240;166m██[38;2;163;204;82m██[38;2;163;204;82m██[38;2;16;16;16m██            [38;2;16;16;16m██[38;2;105;191;148m██[38;2;49;89;69m██                
                              [38;2;16;16;16m██[38;2;204;189;112m██[38;2;204;189;112m██[38;2;122;153;61m██[38;2;82;102;41m██[38;2;204;189;112m██[38;2;163;204;82m██[38;2;255;240;166m██[38;2;163;204;82m██[38;2;163;204;82m██[38;2;255;240;166m██[38;2;163;204;82m██[38;2;16;16;16m██              [38;2;16;16;16m██[38;2;49;89;69m██                  
                                [38;2;16;16;16m██[38;2;204;189;112m██[38;2;204;189;112m██[38;2;82;102;41m██[38;2;163;204;82m██[38;2;163;204;82m██[38;2;255;240;166m██[38;2;163;204;82m██[38;2;204;189;112m██[38;2;255;240;166m██[38;2;163;204;82m██[38;2;16;16;16m██                                    
                                  [38;2;16;16;16m██[38;2;204;189;112m██[38;2;82;102;41m██[38;2;163;204;82m██[38;2;204;189;112m██[38;2;255;240;166m██[38;2;163;204;82m██[38;2;255;240;166m██[38;2;255;240;166m██[38;2;16;16;16m██                                      
                                    [38;2;16;16;16m██[38;2;82;102;41m██[38;2;163;204;82m██[38;2;255;240;166m██[38;2;255;240;166m██[38;2;163;204;82m██[38;2;255;240;166m██[38;2;16;16;16m██                                        
                                      [38;2;82;102;41m██[38;2;163;204;82m██[38;2;255;240;166m██[38;2;163;204;82m██[38;2;163;204;82m██[38;2;16;16;16m██                                          
                                        [38;2;82;102;41m██[38;2;82;102;41m██[38;2;82;102;41m██[38;2;16;16;16m██                                            
                                        [38;2;49;89;69m██[38;2;105;191;148m██[38;2;105;191;148m██[38;2;16;16;16m██                                            
                                        [38;2;49;89;69m██[38;2;105;191;148m██[38;2;16;16;16m██                                              
                                        [38;2;16;16;16m██[38;2;16;16;16m██                                                
