                                                                                                            [38;2;63;89;140m██[38;2;63;89;140m██[38;2;63;89;140m██[38;2;63;89;140m██[38;2;63;89;140m██                      
                                                                                                        [38;2;63;89;140m██[38;2;63;89;140m██[38;2;92;129;204m██[38;2;92;129;204m██[38;2;92;129;204m██[38;2;92;129;204m██[38;2;63;89;140m██                      
                                                                                                      [38;2;63;89;140m██[38;2;92;129;204m██[38;2;92;129;204m██[38;2;92;129;204m██[38;2;92;129;204m██[38;2;63;89;140m██[38;2;63;89;140m██                        
                                                        [38;2;63;89;140m██[38;2;63;89;140m██[38;2;63;89;140m██[38;2;63;89;140m██[38;2;63;89;140m██[38;2;63;89;140m██                                [38;2;63;89;140m██[38;2;92;129;204m██[38;2;92;129;204m██[38;2;92;129;204m██[38;2;126;212;229m██[38;2;63;89;140m██                            
                                                      [38;2;63;89;140m██[38;2;92;129;204m██[38;2;92;129;204m██[38;2;92;129;204m██[38;2;92;129;204m██[38;2;92;129;204m██[38;2;92;129;204m██[38;2;63;89;140m██[38;2;63;89;140m██                          [38;2;63;89;140m██[38;2;92;129;204m██[38;2;92;129;204m██[38;2;92;129;204m██[38;2;126;212;229m██[38;2;63;89;140m██                              
                                                        [38;2;63;89;140m██[38;2;63;89;140m██[38;2;92;129;204m██[38;2;92;129;204m██[38;2;92;129;204m██[38;2;92;129;204m██[38;2;92;129;204m██[38;2;126;212;229m██[38;2;63;89;140m██                        [38;2;63;89;140m██[38;2;92;129;204m██[38;2;92;129;204m██[38;2;92;129;204m██[38;2;126;212;229m██[38;2;63;89;140m██                              
                                                            [38;2;63;89;140m██[38;2;92;129;204m██[38;2;92;129;204m██[38;2;92;129;204m██[38;2;92;129;204m██[38;2;92;129;204m██[38;2;126;212;229m██[38;2;16;16;16m██                    [38;2;63;89;140m██[38;2;92;129;204m██[38;2;92;129;204m██[38;2;92;129;204m██[38;2;126;212;229m██[38;2;63;89;140m██                                
                                                              [38;2;63;89;140m██[38;2;92;129;204m██[38;2;92;129;204m██[38;2;92;129;204m██[38;2;92;129;204m██[38;2;126;212;229m██[38;2;63;89;140m██                  [38;2;63;89;140m██[38;2;92;129;204m██[38;2;92;129;204m██[38;2;92;129;204m██[38;2;92;129;204m██[38;2;126;212;229m██[38;2;63;89;140m██                                
                                                              [38;2;63;89;140m██[38;2;92;129;204m██[38;2;92;129;204m██[38;2;92;129;204m██[38;2;92;129;204m██[38;2;92;129;204m██[38;2;126;212;229m██[38;2;16;16;16m██            [38;2;63;89;140m██[38;2;63;89;140m██[38;2;92;129;204m██[38;2;92;129;204m██[38;2;92;129;204m██[38;2;92;129;204m██[38;2;92;129;204m██[38;2;126;212;229m██[38;2;63;89;140m██                                
                                                              [38;2;63;89;140m██[38;2;92;129;204m██[38;2;92;129;204m██[38;2;92;129;204m██[38;2;92;129;204m██[38;2;92;129;204m██[38;2;126;212;229m██[38;2;16;16;16m██      [38;2;63;89;140m██[38;2;63;89;140m██[38;2;63;89;140m██[38;2;92;129;204m██[38;2;92;129;204m██[38;2;92;129;204m██[38;2;92;129;204m██[38;2;92;129;204m██[38;2;92;129;204m██[38;2;92;129;204m██[38;2;126;212;229m██[38;2;16;16;16m██                  [38;2;63;89;140m██[38;2;63;89;140m██          
                                                            [38;2;63;89;140m██[38;2;92;129;204m██[38;2;92;129;204m██[38;2;92;129;204m██[38;2;92;129;204m██[38;2;92;129;204m██[38;2;92;129;204m██[38;2;126;212;229m██[38;2;16;16;16m██  [38;2;63;89;140m██[38;2;63;89;140m██[38;2;92;129;204m██[38;2;92;129;204m██[38;2;92;129;204m██[38;2;92;129;204m██[38;2;92;129;204m██[38;2;92;129;204m██[38;2;92;129;204m██[38;2;92;129;204m██[38;2;92;129;204m██[38;2;92;129;204m██[38;2;126;212;229m██[38;2;16;16;16m██                  [38;2;63;89;140m██[38;2;92;129;204m██[38;2;63;89;140m██        
                                                          [38;2;63;89;140m██[38;2;92;129;204m██[38;2;92;129;204m██[38;2;92;129;204m██[38;2;92;129;204m██[38;2;92;129;204m██[38;2;92;129;204m██[38;2;92;129;204m██[38;2;126;212;229m██[38;2;63;89;140m██[38;2;63;89;140m██[38;2;92;129;204m██[38;2;92;129;204m██[38;2;92;129;204m██[38;2;92;129;204m██[38;2;92;129;204m██[38;2;92;129;204m██[38;2;92;129;204m██[38;2;92;129;204m██[38;2;92;129;204m██[38;2;92;129;204m██[38;2;92;129;204m██[38;2;92;129;204m██[38;2;126;212;229m██[38;2;16;16;16m██                  [38;2;63;89;140m██[38;2;126;212;229m██[38;2;92;129;204m██[38;2;63;89;140m██      
                                                      [38;2;63;89;140m██[38;2;63;89;140m██[38;2;92;129;204m██[38;2;92;129;204m██[38;2;92;129;204m██[38;2;92;129;204m██[38;2;92;129;204m██[38;2;92;129;204m██[38;2;92;129;204m██[38;2;63;89;140m██[38;2;63;89;140m██[38;2;92;129;204m██[38;2;92;129;204m██[38;2;92;129;204m██[38;2;92;129;204m██[38;2;92;129;204m██[38;2;92;129;204m██[38;2;92;129;204m██[38;2;92;129;204m██[38;2;92;129;204m██[38;2;92;129;204m██[38;2;92;129;204m██[38;2;92;129;204m██[38;2;92;129;204m██[38;2;126;212;229m██[38;2;16;16;16m██                      [38;2;63;89;140m██[38;2;126;212;229m██[38;2;92;129;204m██[38;2;63;89;140m██    
                                                    [38;2;63;89;140m██[38;2;92;129;204m██[38;2;92;129;204m██[38;2;92;129;204m██[38;2;92;129;204m██[38;2;92;129;204m██[38;2;92;129;204m██[38;2;92;129;204m██[38;2;92;129;204m██[38;2;63;89;140m██[38;2;92;129;204m██[38;2;92;129;204m██[38;2;92;129;204m██[38;2;92;129;204m██[38;2;92;129;204m██[38;2;92;129;204m██[38;2;92;129;204m██[38;2;92;129;204m██[38;2;92;129;204m██[38;2;92;129;204m██[38;2;92;129;204m██[38;2;92;129;204m██[38;2;92;129;204m██[38;2;92;129;204m██[38;2;92;129;204m██[38;2;126;212;229m██[38;2;16;16;16m██                        [38;2;63;89;140m██[38;2;126;212;229m██[38;2;92;129;204m██[38;2;63;89;140m██  
                                                  [38;2;63;89;140m██[38;2;92;129;204m██[38;2;92;129;204m██[38;2;92;129;204m██[38;2;92;129;204m██[38;2;92;129;204m██[38;2;92;129;204m██[38;2;92;129;204m██[38;2;92;129;204m██[38;2;63;89;140m██[38;2;92;129;204m██[38;2;92;129;204m██[38;2;92;129;204m██[38;2;92;129;204m██[38;2;92;129;204m██[38;2;92;129;204m██[38;2;92;129;204m██[38;2;92;129;204m██[38;2;92;129;204m██[38;2;92;129;204m██[38;2;92;129;204m██[38;2;92;129;204m██[38;2;92;129;204m██[38;2;92;129;204m██[38;2;92;129;204m██[38;2;126;212;229m██[38;2;16;16;16m██                          [38;2;63;89;140m██[38;2;126;212;229m██[38;2;92;129;204m██[38;2;63;89;140m██  
                            [38;2;63;89;140m██[38;2;63;89;140m██[38;2;63;89;140m██[38;2;63;89;140m██            [38;2;63;89;140m██[38;2;92;129;204m██[38;2;92;129;204m██[38;2;153;153;191m██[38;2;153;153;191m██[38;2;153;153;191m██[38;2;153;153;191m██[38;2;92;129;204m██[38;2;92;129;204m██[38;2;63;89;140m██[38;2;92;129;204m██[38;2;153;153;191m██[38;2;153;153;191m██[38;2;92;129;204m██[38;2;92;129;204m██[38;2;92;129;204m██[38;2;92;129;204m██[38;2;92;129;204m██[38;2;92;129;204m██[38;2;92;129;204m██[38;2;92;129;204m██[38;2;92;129;204m██[38;2;92;129;204m██[38;2;92;129;204m██[38;2;92;129;204m██[38;2;126;212;229m██[38;2;16;16;16m██  [38;2;63;89;140m██[38;2;63;89;140m██[38;2;63;89;140m██[38;2;63;89;140m██[38;2;63;89;140m██                [38;2;63;89;140m██[38;2;126;212;229m██[38;2;92;129;204m██[38;2;92;129;204m██[38;2;63;89;140m██
                          [38;2;63;89;140m██[38;2;92;129;204m██[38;2;92;129;204m██[38;2;92;129;204m██[38;2;92;129;204m██[38;2;63;89;140m██[38;2;63;89;140m██        [38;2;63;89;140m██[38;2;153;153;191m██[38;2;153;153;191m██[38;2;153;153;191m██[38;2;153;153;191m██[38;2;92;129;204m██[38;2;92;129;204m██[38;2;92;129;204m██[38;2;92;129;204m██[38;2;63;89;140m██[38;2;153;153;191m██[38;2;153;153;191m██[38;2;153;153;191m██[38;2;153;153;191m██[38;2;153;153;191m██[38;2;92;129;204m██[38;2;92;129;204m██[38;2;92;129;204m██[38;2;92;129;204m██[38;2;92;129;204m██[38;2;92;129;204m██[38;2;92;129;204m██[38;2;92;129;204m██[38;2;92;129;204m██[38;2;126;212;229m██[38;2;63;89;140m██[38;2;63;89;140m██[38;2;63;89;140m██[38;2;92;129;204m██[38;2;92;129;204m██[38;2;92;129;204m██[38;2;126;212;229m██[38;2;126;212;229m██[38;2;63;89;140m██[38;2;63;89;140m██[38;2;63;89;140m██        [38;2;63;89;140m██[38;2;126;212;229m██[38;2;126;212;229m██[38;2;92;129;204m██[38;2;92;129;204m██[38;2;63;89;140m██
                            [38;2;63;89;140m██[38;2;63;89;140m██[38;2;92;129;204m██[38;2;92;129;204m██[38;2;92;129;204m██[38;2;126;212;229m██[38;2;63;89;140m██    [38;2;63;89;140m██[38;2;153;153;191m██[38;2;153;153;191m██[38;2;153;153;191m██[38;2;92;129;204m██[38;2;92;129;204m██[38;2;92;129;204m██[38;2;92;129;204m██[38;2;92;129;204m██[38;2;63;89;140m██[38;2;92;129;204m██[38;2;92;129;204m██[38;2;92;129;204m██[38;2;153;153;191m██[38;2;153;153;191m██[38;2;153;153;191m██[38;2;153;153;191m██[38;2;92;129;204m██[38;2;92;129;204m██[38;2;92;129;204m██[38;2;92;129;204m██[38;2;92;129;204m██[38;2;92;129;204m██[38;2;92;129;204m██[38;2;63;89;140m██[38;2;63;89;140m██[38;2;92;129;204m██[38;2;92;129;204m██[38;2;92;129;204m██[38;2;92;129;204m██[38;2;92;129;204m██[38;2;92;129;204m██[38;2;92;129;204m██[38;2;92;129;204m██[38;2;92;129;204m██[38;2;126;212;229m██[38;2;126;212;229m██[38;2;63;89;140m██[38;2;63;89;140m██[38;2;63;89;140m██[38;2;63;89;140m██[38;2;126;212;229m██[38;2;126;212;229m██[38;2;92;129;204m██[38;2;92;129;204m██[38;2;92;129;204m██[38;2;63;89;140m██
                                [38;2;63;89;140m██[38;2;92;129;204m██[38;2;92;129;204m██[38;2;92;129;204m██[38;2;126;212;229m██[38;2;63;89;140m██  [38;2;63;89;140m██[38;2;153;153;191m██[38;2;92;129;204m██[38;2;92;129;204m██[38;2;92;129;204m██[38;2;92;129;204m██[38;2;92;129;204m██[38;2;92;129;204m██[38;2;92;129;204m██[38;2;63;89;140m██[38;2;92;129;204m██[38;2;92;129;204m██[38;2;92;129;204m██[38;2;92;129;204m██[38;2;92;129;204m██[38;2;92;129;204m██[38;2;153;153;191m██[38;2;153;153;191m██[38;2;92;129;204m██[38;2;92;129;204m██[38;2;92;129;204m██[38;2;92;129;204m██[38;2;63;89;140m██[38;2;63;89;140m██[38;2;92;129;204m██[38;2;92;129;204m██[38;2;92;129;204m██[38;2;92;129;204m██[38;2;92;129;204m██[38;2;92;129;204m██[38;2;92;129;204m██[38;2;92;129;204m██[38;2;92;129;204m██[38;2;92;129;204m██[38;2;92;129;204m██[38;2;92;129;204m██[38;2;92;129;204m██[38;2;126;212;229m██[38;2;126;212;229m██[38;2;126;212;229m██[38;2;126;212;229m██[38;2;126;212;229m██[38;2;92;129;204m██[38;2;92;129;204m██[38;2;92;129;204m██[38;2;92;129;204m██[38;2;63;89;140m██
                                  [38;2;63;89;140m██[38;2;92;129;204m██[38;2;92;129;204m██[38;2;92;129;204m██[38;2;126;212;229m██[38;2;63;89;140m██[38;2;63;89;140m██[38;2;92;129;204m██[38;2;92;129;204m██[38;2;92;129;204m██[38;2;92;129;204m██[38;2;92;129;204m██[38;2;92;129;204m██[38;2;92;129;204m██[38;2;92;129;204m██[38;2;63;89;140m██[38;2;92;129;204m██[38;2;92;129;204m██[38;2;92;129;204m██[38;2;92;129;204m██[38;2;92;129;204m██[38;2;92;129;204m██[38;2;92;129;204m██[38;2;92;129;204m██[38;2;92;129;204m██[38;2;92;129;204m██[38;2;92;129;204m██[38;2;63;89;140m██[38;2;92;129;204m██[38;2;153;153;191m██[38;2;153;153;191m██[38;2;153;153;191m██[38;2;92;129;204m██[38;2;92;129;204m██[38;2;92;129;204m██[38;2;92;129;204m██[38;2;92;129;204m██[38;2;92;129;204m██[38;2;92;129;204m██[38;2;92;129;204m██[38;2;92;129;204m██[38;2;92;129;204m██[38;2;92;129;204m██[38;2;92;129;204m██[38;2;92;129;204m██[38;2;92;129;204m██[38;2;92;129;204m██[38;2;92;129;204m██[38;2;92;129;204m██[38;2;92;129;204m██[38;2;92;129;204m██[38;2;92;129;204m██[38;2;63;89;140m██
                                    [38;2;63;89;140m██[38;2;92;129;204m██[38;2;92;129;204m██[38;2;92;129;204m██[38;2;126;212;229m██[38;2;63;89;140m██[38;2;92;129;204m██[38;2;92;129;204m██[38;2;92;129;204m██[38;2;92;129;204m██[38;2;92;129;204m██[38;2;92;129;204m██[38;2;92;129;204m██[38;2;92;129;204m██[38;2;63;89;140m██[38;2;92;129;204m██[38;2;92;129;204m██[38;2;92;129;204m██[38;2;92;129;204m██[38;2;92;129;204m██[38;2;92;129;204m██[38;2;92;129;204m██[38;2;92;129;204m██[38;2;92;129;204m██[38;2;92;129;204m██[38;2;63;89;140m██[38;2;92;129;204m██[38;2;92;129;204m██[38;2;92;129;204m██[38;2;153;153;191m██[38;2;153;153;191m██[38;2;153;153;191m██[38;2;92;129;204m██[38;2;92;129;204m██[38;2;92;129;204m██[38;2;92;129;204m██[38;2;92;129;204m██[38;2;92;129;204m██[38;2;92;129;204m██[38;2;92;129;204m██[38;2;92;129;204m██[38;2;92;129;204m██[38;2;92;129;204m██[38;2;92;129;204m██[38;2;92;129;204m██[38;2;92;129;204m██[38;2;92;129;204m██[38;2;92;129;204m██[38;2;92;129;204m██[38;2;92;129;204m██[38;2;63;89;140m██  
                                    [38;2;63;89;140m██[38;2;92;129;204m██[38;2;92;129;204m██[38;2;153;153;191m██[38;2;126;212;229m██[38;2;63;89;140m██[38;2;92;129;204m██[38;2;92;129;204m██[38;2;92;129;204m██[38;2;92;129;204m██[38;2;92;129;204m██[38;2;92;129;204m██[38;2;92;129;204m██[38;2;92;129;204m██[38;2;63;89;140m██[38;2;92;129;204m██[38;2;92;129;204m██[38;2;92;129;204m██[38;2;92;129;204m██[38;2;92;129;204m██[38;2;92;129;204m██[38;2;92;129;204m██[38;2;92;129;204m██[38;2;92;129;204m██[38;2;63;89;140m██[38;2;92;129;204m██[38;2;92;129;204m██[38;2;92;129;204m██[38;2;92;129;204m██[38;2;92;129;204m██[38;2;92;129;204m██[38;2;153;153;191m██[38;2;153;153;191m██[38;2;92;129;204m██[38;2;92;129;204m██[38;2;92;129;204m██[38;2;92;129;204m██[38;2;92;129;204m██[38;2;92;129;204m██[38;2;92;129;204m██[38;2;92;129;204m██[38;2;92;129;204m██[38;2;92;129;204m██[38;2;92;129;204m██[38;2;92;129;204m██[38;2;92;129;204m██[38;2;92;129;204m██[38;2;92;129;204m██[38;2;92;129;204m██[38;2;92;129;204m██[38;2;16;16;16m██  
                                    [38;2;63;89;140m██[38;2;92;129;204m██[38;2;153;153;191m██[38;2;153;153;191m██[38;2;92;129;204m██[38;2;63;89;140m██[38;2;92;129;204m██[38;2;92;129;204m██[38;2;92;129;204m██[38;2;92;129;204m██[38;2;92;129;204m██[38;2;92;129;204m██[38;2;92;129;204m██[38;2;92;129;204m██[38;2;63;89;140m██[38;2;92;129;204m██[38;2;92;129;204m██[38;2;92;129;204m██[38;2;92;129;204m██[38;2;92;129;204m██[38;2;92;129;204m██[38;2;92;129;204m██[38;2;92;129;204m██[38;2;92;129;204m██[38;2;63;89;140m██[38;2;92;129;204m██[38;2;92;129;204m██[38;2;92;129;204m██[38;2;92;129;204m██[38;2;92;129;204m██[38;2;92;129;204m██[38;2;92;129;204m██[38;2;92;129;204m██[38;2;153;153;191m██[38;2;92;129;204m██[38;2;92;129;204m██[38;2;92;129;204m██[38;2;92;129;204m██[38;2;92;129;204m██[38;2;92;129;204m██[38;2;92;129;204m██[38;2;92;129;204m██[38;2;92;129;204m██[38;2;92;129;204m██[38;2;92;129;204m██[38;2;92;129;204m██[38;2;92;129;204m██[38;2;92;129;204m██[38;2;92;129;204m██[38;2;16;16;16m██    
                                      [38;2;63;89;140m██[38;2;153;153;191m██[38;2;92;129;204m██[38;2;92;129;204m██[38;2;92;129;204m██[38;2;63;89;140m██[38;2;92;129;204m██[38;2;92;129;204m██[38;2;92;129;204m██[38;2;92;129;204m██[38;2;92;129;204m██[38;2;92;129;204m██[38;2;92;129;204m██[38;2;63;89;140m██[38;2;92;129;204m██[38;2;92;129;204m██[38;2;92;129;204m██[38;2;92;129;204m██[38;2;92;129;204m██[38;2;92;129;204m██[38;2;92;129;204m██[38;2;92;129;204m██[38;2;63;89;140m██[38;2;92;129;204m██[38;2;92;129;204m██[38;2;92;129;204m██[38;2;92;129;204m██[38;2;92;129;204m██[38;2;92;129;204m██[38;2;92;129;204m██[38;2;92;129;204m██[38;2;92;129;204m██[38;2;92;129;204m██[38;2;153;153;191m██[38;2;92;129;204m██[38;2;92;129;204m██[38;2;92;129;204m██[38;2;92;129;204m██[38;2;92;129;204m██[38;2;92;129;204m██[38;2;92;129;204m██[38;2;92;129;204m██[38;2;92;129;204m██[38;2;92;129;204m██[38;2;92;129;204m██[38;2;92;129;204m██[38;2;16;16;16m██[38;2;16;16;16m██      
                                      [38;2;63;89;140m██[38;2;153;153;191m██[38;2;92;129;204m██[38;2;92;129;204m██[38;2;92;129;204m██[38;2;63;89;140m██[38;2;92;129;204m██[38;2;92;129;204m██[38;2;92;129;204m██[38;2;92;129;204m██[38;2;92;129;204m██[38;2;92;129;204m██[38;2;92;129;204m██[38;2;92;129;204m██[38;2;63;89;140m██[38;2;92;129;204m██[38;2;92;129;204m██[38;2;92;129;204m██[38;2;92;129;204m██[38;2;92;129;204m██[38;2;92;129;204m██[38;2;92;129;204m██[38;2;63;89;140m██[38;2;92;129;204m██[38;2;92;129;204m██[38;2;92;129;204m██[38;2;92;129;204m██[38;2;92;129;204m██[38;2;92;129;204m██[38;2;92;129;204m██[38;2;92;129;204m██[38;2;92;129;204m██[38;2;92;129;204m██[38;2;92;129;204m██[38;2;92;129;204m██[38;2;92;129;204m██[38;2;92;129;204m██[38;2;92;129;204m██[38;2;92;129;204m██[38;2;92;129;204m██[38;2;92;129;204m██[38;2;63;89;140m██[38;2;16;16;16m██[38;2;16;16;16m██[38;2;16;16;16m██[38;2;16;16;16m██          
                                      [38;2;63;89;140m██[38;2;92;129;204m██[38;2;92;129;204m██[38;2;92;129;204m██[38;2;92;129;204m██[38;2;92;129;204m██[38;2;63;89;140m██[38;2;92;129;204m██[38;2;92;129;204m██[38;2;92;129;204m██[38;2;92;129;204m██[38;2;92;129;204m██[38;2;92;129;204m██[38;2;92;129;204m██[38;2;63;89;140m██[38;2;92;129;204m██[38;2;92;129;204m██[38;2;92;129;204m██[38;2;92;129;204m██[38;2;92;129;204m██[38;2;92;129;204m██[38;2;92;129;204m██[38;2;92;129;204m██[38;2;92;129;204m██[38;2;92;129;204m██[38;2;92;129;204m██[38;2;92;129;204m██[38;2;92;129;204m██[38;2;92;129;204m██[38;2;92;129;204m██[38;2;92;129;204m██[38;2;92;129;204m██[38;2;92;129;204m██[38;2;92;129;204m██[38;2;92;129;204m██[38;2;92;129;204m██[38;2;92;129;204m██[38;2;92;129;204m██[38;2;16;16;16m██[38;2;16;16;16m██[38;2;16;16;16m██                    
                                        [38;2;63;89;140m██[38;2;92;129;204m██[38;2;92;129;204m██[38;2;92;129;204m██[38;2;92;129;204m██[38;2;92;129;204m██[38;2;63;89;140m██[38;2;92;129;204m██[38;2;92;129;204m██[38;2;92;129;204m██[38;2;92;129;204m██[38;2;92;129;204m██[38;2;92;129;204m██[38;2;92;129;204m██[38;2;92;129;204m██[38;2;92;129;204m██[38;2;92;129;204m██[38;2;92;129;204m██[38;2;92;129;204m██[38;2;92;129;204m██[38;2;92;129;204m██[38;2;92;129;204m██[38;2;92;129;204m██[38;2;92;129;204m██[38;2;92;129;204m██[38;2;92;129;204m██[38;2;92;129;204m██[38;2;92;129;204m██[38;2;92;129;204m██[38;2;92;129;204m██[38;2;92;129;204m██[38;2;92;129;204m██[38;2;92;129;204m██[38;2;92;129;204m██[38;2;92;129;204m██[38;2;63;89;140m██[38;2;16;16;16m██[38;2;63;89;140m██[38;2;16;16;16m██              [38;2;16;16;16m██[38;2;16;16;16m██    
                                        [38;2;63;89;140m██[38;2;92;129;204m██[38;2;92;129;204m██[38;2;92;129;204m██[38;2;92;129;204m██[38;2;92;129;204m██[38;2;92;129;204m██[38;2;92;129;204m██[38;2;92;129;204m██[38;2;92;129;204m██[38;2;92;129;204m██[38;2;92;129;204m██[38;2;92;129;204m██[38;2;92;129;204m██[38;2;92;129;204m██[38;2;92;129;204m██[38;2;92;129;204m██[38;2;92;129;204m██[38;2;92;129;204m██[38;2;92;129;204m██[38;2;92;129;204m██[38;2;92;129;204m██[38;2;92;129;204m██[38;2;92;129;204m██[38;2;92;129;204m██[38;2;92;129;204m██[38;2;92;129;204m██[38;2;92;129;204m██[38;2;92;129;204m██[38;2;92;129;204m██[38;2;92;129;204m██[38;2;92;129;204m██[38;2;92;129;204m██[38;2;92;129;204m██[38;2;16;16;16m██[38;2;16;16;16m██[38;2;63;89;140m██[38;2;63;89;140m██[38;2;63;89;140m██[38;2;16;16;16m██        [38;2;16;16;16m██[38;2;16;16;16m██[38;2;63;89;140m██[38;2;16;16;16m██    
                                          [38;2;63;89;140m██[38;2;92;129;204m██[38;2;92;129;204m██[38;2;92;129;204m██[38;2;92;129;204m██[38;2;92;129;204m██[38;2;92;129;204m██[38;2;92;129;204m██[38;2;92;129;204m██[38;2;92;129;204m██[38;2;92;129;204m██[38;2;92;129;204m██[38;2;92;129;204m██[38;2;92;129;204m██[38;2;92;129;204m██[38;2;92;129;204m██[38;2;92;129;204m██[38;2;92;129;204m██[38;2;92;129;204m██[38;2;92;129;204m██[38;2;92;129;204m██[38;2;92;129;204m██[38;2;92;129;204m██[38;2;92;129;204m██[38;2;92;129;204m██[38;2;92;129;204m██[38;2;92;129;204m██[38;2;92;129;204m██[38;2;92;129;204m██[38;2;92;129;204m██[38;2;92;129;204m██[38;2;92;129;204m██[38;2;16;16;16m██[38;2;63;89;140m██[38;2;63;89;140m██[38;2;63;89;140m██[38;2;63;89;140m██[38;2;63;89;140m██[38;2;63;89;140m██[38;2;16;16;16m██[38;2;16;16;16m██[38;2;16;16;16m██[38;2;16;16;16m██[38;2;63;89;140m██[38;2;63;89;140m██[38;2;16;16;16m██      
                                            [38;2;63;89;140m██[38;2;92;129;204m██[38;2;92;129;204m██[38;2;92;129;204m██[38;2;92;129;204m██[38;2;92;129;204m██[38;2;92;129;204m██[38;2;92;129;204m██[38;2;92;129;204m██[38;2;92;129;204m██[38;2;92;129;204m██[38;2;92;129;204m██[38;2;92;129;204m██[38;2;92;129;204m██[38;2;92;129;204m██[38;2;92;129;204m██[38;2;92;129;204m██[38;2;92;129;204m██[38;2;92;129;204m██[38;2;92;129;204m██[38;2;92;129;204m██[38;2;92;129;204m██[38;2;92;129;204m██[38;2;92;129;204m██[38;2;92;129;204m██[38;2;92;129;204m██[38;2;92;129;204m██[38;2;92;129;204m██[38;2;92;129;204m██[38;2;92;129;204m██[38;2;16;16;16m██[38;2;63;89;140m██[38;2;63;89;140m██[38;2;63;89;140m██[38;2;63;89;140m██[38;2;63;89;140m██[38;2;63;89;140m██[38;2;63;89;140m██[38;2;63;89;140m██[38;2;63;89;140m██[38;2;63;89;140m██[38;2;63;89;140m██[38;2;63;89;140m██[38;2;63;89;140m██[38;2;16;16;16m██      
                                              [38;2;63;89;140m██[38;2;63;89;140m██[38;2;92;129;204m██[38;2;92;129;204m██[38;2;92;129;204m██[38;2;92;129;204m██[38;2;92;129;204m██[38;2;63;89;140m██[38;2;92;129;204m██[38;2;92;129;204m██[38;2;92;129;204m██[38;2;92;129;204m██[38;2;92;129;204m██[38;2;92;129;204m██[38;2;92;129;204m██[38;2;63;89;140m██[38;2;63;89;140m██[38;2;92;129;204m██[38;2;92;129;204m██[38;2;92;129;204m██[38;2;92;129;204m██[38;2;92;129;204m██[38;2;92;129;204m██[38;2;92;129;204m██[38;2;92;129;204m██[38;2;92;129;204m██[38;2;92;129;204m██[38;2;92;129;204m██[38;2;16;16;16m██[38;2;63;89;140m██[38;2;63;89;140m██[38;2;63;89;140m██[38;2;63;89;140m██[38;2;63;89;140m██[38;2;63;89;140m██[38;2;63;89;140m██[38;2;63;89;140m██[38;2;63;89;140m██[38;2;63;89;140m██[38;2;63;89;140m██[38;2;63;89;140m██[38;2;63;89;140m██[38;2;16;16;16m██        
                                                  [38;2;63;89;140m██[38;2;63;89;140m██[38;2;92;129;204m██[38;2;63;89;140m██[38;2;153;153;191m██[38;2;197;197;243m██[38;2;63;89;140m██[38;2;92;129;204m██[38;2;92;129;204m██[38;2;92;129;204m██[38;2;92;129;204m██[38;2;92;129;204m██[38;2;63;89;140m██[38;2;197;197;243m██[38;2;197;197;243m██[38;2;63;89;140m██[38;2;92;129;204m██[38;2;92;129;204m██[38;2;92;129;204m██[38;2;92;129;204m██[38;2;92;129;204m██[38;2;92;129;204m██[38;2;92;129;204m██[38;2;128;32;78m██[38;2;128;32;78m██[38;2;128;32;78m██[38;2;128;32;78m██[38;2;128;32;78m██[38;2;128;32;78m██[38;2;128;32;78m██[38;2;63;89;140m██[38;2;63;89;140m██[38;2;63;89;140m██[38;2;63;89;140m██[38;2;63;89;140m██[38;2;63;89;140m██[38;2;63;89;140m██[38;2;63;89;140m██[38;2;63;89;140m██[38;2;16;16;16m██          
                                                      [38;2;63;89;140m██[38;2;16;16;16m██[38;2;197;197;243m██[38;2;197;197;243m██[38;2;63;89;140m██[38;2;92;129;204m██[38;2;128;32;78m██[38;2;92;129;204m██[38;2;92;129;204m██[38;2;92;129;204m██[38;2;197;197;243m██[38;2;197;197;243m██[38;2;197;197;243m██[38;2;197;197;243m██[38;2;63;89;140m██[38;2;92;129;204m██[38;2;92;129;204m██[38;2;92;129;204m██[38;2;128;32;78m██[38;2;128;32;78m██[38;2;128;32;78m██[38;2;242;73;157m██[38;2;242;73;157m██[38;2;242;73;157m██[38;2;242;73;157m██[38;2;242;73;157m██[38;2;242;73;157m██[38;2;242;73;157m██[38;2;128;32;78m██[38;2;128;32;78m██[38;2;16;16;16m██[38;2;63;89;140m██[38;2;63;89;140m██[38;2;63;89;140m██[38;2;63;89;140m██[38;2;16;16;16m██[38;2;16;16;16m██            
                                        [38;2;128;32;78m██[38;2;128;32;78m██[38;2;128;32;78m██[38;2;128;32;78m██[38;2;128;32;78m██      [38;2;16;16;16m██[38;2;63;89;140m██[38;2;197;197;243m██[38;2;63;89;140m██[38;2;128;32;78m██[38;2;242;73;157m██[38;2;63;89;140m██[38;2;92;129;204m██[38;2;63;89;140m██[38;2;197;197;243m██[38;2;197;197;243m██[38;2;153;153;191m██[38;2;63;89;140m██[38;2;16;16;16m██[38;2;92;129;204m██[38;2;128;32;78m██[38;2;128;32;78m██[38;2;242;73;157m██[38;2;242;73;157m██[38;2;242;73;157m██[38;2;242;73;157m██[38;2;242;73;157m██[38;2;242;73;157m██[38;2;242;73;157m██[38;2;242;73;157m██[38;2;242;73;157m██[38;2;242;73;157m██[38;2;242;73;157m██[38;2;242;73;157m██[38;2;242;73;157m██[38;2;128;32;78m██[38;2;16;16;16m██[38;2;16;16;16m██[38;2;16;16;16m██                
                                    [38;2;128;32;78m██[38;2;128;32;78m██[38;2;242;73;157m██[38;2;242;73;157m██[38;2;242;73;157m██[38;2;242;73;157m██[38;2;242;73;157m██[38;2;128;32;78m██[38;2;128;32;78m██  [38;2;16;16;16m██[38;2;255;242;178m██[38;2;16;16;16m██[38;2;128;32;78m██[38;2;242;73;157m██[38;2;242;73;157m██[38;2;128;32;78m██[38;2;92;129;204m██[38;2;63;89;140m██[38;2;153;153;191m██[38;2;16;16;16m██[38;2;255;242;178m██[38;2;16;16;16m██[38;2;16;16;16m██[38;2;128;32;78m██[38;2;242;73;157m██[38;2;242;73;157m██[38;2;170;55;112m██[38;2;170;55;112m██[38;2;170;55;112m██[38;2;170;55;112m██[38;2;170;55;112m██[38;2;170;55;112m██[38;2;170;55;112m██[38;2;242;73;157m██[38;2;242;73;157m██[38;2;242;73;157m██[38;2;242;73;157m██[38;2;242;73;157m██[38;2;242;73;157m██[38;2;242;73;157m██[38;2;242;73;157m██[38;2;16;16;16m██                  
                                  [38;2;128;32;78m██[38;2;242;73;157m██[38;2;242;73;157m██[38;2;242;73;157m██[38;2;242;73;157m██[38;2;242;73;157m██[38;2;242;73;157m██[38;2;242;73;157m██[38;2;242;73;157m██[38;2;170;55;112m██[38;2;128;32;78m██[38;2;16;16;16m██[38;2;63;89;140m██[38;2;255;242;178m██[38;2;128;32;78m██[38;2;242;73;157m██[38;2;242;73;157m██[38;2;128;32;78m██[38;2;92;129;204m██[38;2;63;89;140m██[38;2;63;89;140m██[38;2;153;153;191m██[38;2;255;242;178m██[38;2;63;89;140m██[38;2;128;32;78m██[38;2;242;73;157m██[38;2;170;55;112m██[38;2;16;16;16m██[38;2;16;16;16m██[38;2;16;16;16m██[38;2;16;16;16m██[38;2;16;16;16m██[38;2;16;16;16m██[38;2;153;153;191m██[38;2;153;153;191m██[38;2;170;55;112m██[38;2;170;55;112m██[38;2;170;55;112m██[38;2;242;73;157m██[38;2;242;73;157m██[38;2;242;73;157m██[38;2;242;73;157m██[38;2;242;73;157m██[38;2;242;73;157m██[38;2;16;16;16m██                
                                [38;2;128;32;78m██[38;2;242;73;157m██[38;2;170;55;112m██[38;2;170;55;112m██[38;2;170;55;112m██[38;2;128;32;78m██[38;2;128;32;78m██[38;2;128;32;78m██[38;2;128;32;78m██[38;2;242;73;157m██[38;2;242;73;157m██[38;2;170;55;112m██[38;2;16;16;16m██[38;2;153;153;191m██[38;2;128;32;78m██[38;2;242;73;157m██[38;2;242;73;157m██[38;2;242;73;157m██[38;2;242;73;157m██[38;2;128;32;78m██[38;2;63;89;140m██[38;2;153;153;191m██[38;2;63;89;140m██[38;2;63;89;140m██[38;2;128;32;78m██[38;2;242;73;157m██[38;2;16;16;16m██[38;2;16;16;16m██[38;2;88;61;102m██[38;2;88;61;102m██[38;2;88;61;102m██[38;2;153;153;191m██[38;2;153;153;191m██[38;2;153;153;191m██[38;2;16;16;16m██[38;2;16;16;16m██[38;2;16;16;16m██[38;2;153;153;191m██[38;2;153;153;191m██[38;2;170;55;112m██[38;2;170;55;112m██[38;2;242;73;157m██[38;2;242;73;157m██[38;2;242;73;157m██[38;2;242;73;157m██[38;2;242;73;157m██[38;2;16;16;16m██              
                              [38;2;128;32;78m██[38;2;170;55;112m██[38;2;170;55;112m██[38;2;197;197;243m██[38;2;153;153;191m██[38;2;153;153;191m██[38;2;153;153;191m██[38;2;153;153;191m██[38;2;153;153;191m██[38;2;153;153;191m██[38;2;170;55;112m██[38;2;128;32;78m██[38;2;170;55;112m██[38;2;128;32;78m██[38;2;16;16;16m██[38;2;128;32;78m██[38;2;242;73;157m██[38;2;242;73;157m██[38;2;242;73;157m██[38;2;242;73;157m██[38;2;128;32;78m██[38;2;63;89;140m██[38;2;63;89;140m██[38;2;153;153;191m██[38;2;128;32;78m██[38;2;16;16;16m██[38;2;16;16;16m██[38;2;88;61;102m██[38;2;88;61;102m██[38;2;88;61;102m██[38;2;88;61;102m██[38;2;88;61;102m██[38;2;153;153;191m██[38;2;153;153;191m██[38;2;16;16;16m██[38;2;63;89;140m██[38;2;63;89;140m██[38;2;63;89;140m██[38;2;16;16;16m██[38;2;16;16;16m██[38;2;153;153;191m██[38;2;153;153;191m██[38;2;170;55;112m██[38;2;242;73;157m██[38;2;242;73;157m██[38;2;242;73;157m██[38;2;242;73;157m██[38;2;16;16;16m██              
                              [38;2;170;55;112m██[38;2;197;197;243m██[38;2;197;197;243m██[38;2;153;153;191m██[38;2;153;153;191m██[38;2;153;153;191m██[38;2;153;153;191m██[38;2;153;153;191m██[38;2;153;153;191m██[38;2;153;153;191m██[38;2;16;16;16m██[38;2;16;16;16m██[38;2;128;32;78m██[38;2;170;55;112m██[38;2;16;16;16m██[38;2;16;16;16m██[38;2;242;73;157m██[38;2;128;32;78m██[38;2;242;73;157m██[38;2;16;16;16m██[38;2;170;55;112m██[38;2;16;16;16m██[38;2;63;89;140m██[38;2;63;89;140m██[38;2;16;16;16m██[38;2;88;61;102m██[38;2;88;61;102m██[38;2;88;61;102m██[38;2;88;61;102m██[38;2;88;61;102m██[38;2;88;61;102m██[38;2;153;153;191m██[38;2;153;153;191m██[38;2;16;16;16m██[38;2;63;89;140m██[38;2;63;89;140m██[38;2;63;89;140m██[38;2;16;16;16m██    [38;2;16;16;16m██[38;2;153;153;191m██[38;2;197;197;243m██[38;2;170;55;112m██[38;2;242;73;157m██[38;2;242;73;157m██[38;2;242;73;157m██[38;2;170;55;112m██[38;2;16;16;16m██            
                            [38;2;63;89;140m██[38;2;197;197;243m██[38;2;197;197;243m██[38;2;197;197;243m██[38;2;153;153;191m██[38;2;153;153;191m██[38;2;153;153;191m██[38;2;153;153;191m██[38;2;153;153;191m██[38;2;153;153;191m██[38;2;16;16;16m██      [38;2;16;16;16m██[38;2;16;16;16m██[38;2;63;89;140m██[38;2;16;16;16m██[38;2;170;55;112m██[38;2;16;16;16m██[38;2;170;55;112m██[38;2;16;16;16m██[38;2;63;89;140m██[38;2;63;89;140m██[38;2;16;16;16m██[38;2;88;61;102m██[38;2;88;61;102m██[38;2;88;61;102m██[38;2;88;61;102m██[38;2;88;61;102m██[38;2;88;61;102m██[38;2;88;61;102m██[38;2;153;153;191m██[38;2;153;153;191m██[38;2;16;16;16m██[38;2;63;89;140m██[38;2;63;89;140m██[38;2;16;16;16m██        [38;2;63;89;140m██[38;2;197;197;243m██[38;2;153;153;191m██[38;2;242;73;157m██[38;2;242;73;157m██[38;2;242;73;157m██[38;2;170;55;112m██[38;2;16;16;16m██            
                            [38;2;63;89;140m██[38;2;197;197;243m██[38;2;197;197;243m██[38;2;153;153;191m██[38;2;153;153;191m██[38;2;153;153;191m██[38;2;153;153;191m██[38;2;153;153;191m██[38;2;153;153;191m██[38;2;16;16;16m██        [38;2;63;89;140m██[38;2;16;16;16m██[38;2;63;89;140m██[38;2;63;89;140m██[38;2;16;16;16m██[38;2;170;55;112m██[38;2;16;16;16m██[38;2;63;89;140m██[38;2;63;89;140m██[38;2;16;16;16m██[38;2;88;61;102m██[38;2;88;61;102m██[38;2;88;61;102m██[38;2;88;61;102m██[38;2;88;61;102m██[38;2;88;61;102m██[38;2;88;61;102m██[38;2;88;61;102m██[38;2;153;153;191m██[38;2;153;153;191m██[38;2;16;16;16m██[38;2;63;89;140m██[38;2;63;89;140m██[38;2;16;16;16m██        [38;2;63;89;140m██[38;2;153;153;191m██[38;2;197;197;243m██[38;2;170;55;112m██[38;2;242;73;157m██[38;2;242;73;157m██[38;2;153;153;191m██[38;2;16;16;16m██            
                          [38;2;63;89;140m██[38;2;197;197;243m██[38;2;197;197;243m██[38;2;197;197;243m██[38;2;153;153;191m██[38;2;153;153;191m██[38;2;153;153;191m██[38;2;153;153;191m██[38;2;153;153;191m██[38;2;16;16;16m██          [38;2;63;89;140m██[38;2;153;153;191m██[38;2;16;16;16m██[38;2;63;89;140m██[38;2;63;89;140m██[38;2;16;16;16m██[38;2;63;89;140m██[38;2;63;89;140m██[38;2;16;16;16m██[38;2;88;61;102m██[38;2;88;61;102m██[38;2;88;61;102m██[38;2;88;61;102m██[38;2;88;61;102m██[38;2;88;61;102m██[38;2;88;61;102m██[38;2;88;61;102m██[38;2;88;61;102m██[38;2;88;61;102m██[38;2;153;153;191m██[38;2;153;153;191m██[38;2;16;16;16m██[38;2;63;89;140m██[38;2;16;16;16m██          [38;2;63;89;140m██[38;2;197;197;243m██[38;2;170;55;112m██[38;2;242;73;157m██[38;2;170;55;112m██[38;2;197;197;243m██[38;2;16;16;16m██            
                          [38;2;63;89;140m██[38;2;197;197;243m██[38;2;197;197;243m██[38;2;197;197;243m██[38;2;153;153;191m██[38;2;153;153;191m██[38;2;153;153;191m██[38;2;153;153;191m██[38;2;153;153;191m██[38;2;16;16;16m██          [38;2;63;89;140m██[38;2;153;153;191m██[38;2;88;61;102m██[38;2;16;16;16m██[38;2;63;89;140m██[38;2;63;89;140m██[38;2;63;89;140m██[38;2;16;16;16m██[38;2;88;61;102m██[38;2;88;61;102m██[38;2;88;61;102m██[38;2;88;61;102m██[38;2;88;61;102m██[38;2;88;61;102m██[38;2;88;61;102m██[38;2;88;61;102m██[38;2;88;61;102m██[38;2;88;61;102m██[38;2;255;242;178m██[38;2;197;197;243m██[38;2;197;197;243m██[38;2;16;16;16m██[38;2;63;89;140m██[38;2;63;89;140m██[38;2;16;16;16m██        [38;2;63;89;140m██[38;2;197;197;243m██[38;2;170;55;112m██[38;2;170;55;112m██[38;2;197;197;243m██[38;2;197;197;243m██[38;2;16;16;16m██            
                          [38;2;63;89;140m██[38;2;197;197;243m██[38;2;197;197;243m██[38;2;197;197;243m██[38;2;197;197;243m██[38;2;153;153;191m██[38;2;153;153;191m██[38;2;153;153;191m██[38;2;16;16;16m██          [38;2;63;89;140m██[38;2;153;153;191m██[38;2;88;61;102m██[38;2;88;61;102m██[38;2;16;16;16m██[38;2;63;89;140m██[38;2;63;89;140m██[38;2;16;16;16m██[38;2;88;61;102m██[38;2;88;61;102m██[38;2;88;61;102m██[38;2;88;61;102m██[38;2;88;61;102m██[38;2;88;61;102m██[38;2;88;61;102m██[38;2;88;61;102m██[38;2;153;153;191m██[38;2;255;242;178m██[38;2;255;242;178m██[38;2;255;242;178m██[38;2;255;242;178m██[38;2;197;197;243m██[38;2;197;197;243m██[38;2;16;16;16m██[38;2;63;89;140m██[38;2;63;89;140m██[38;2;16;16;16m██      [38;2;63;89;140m██[38;2;197;197;243m██[38;2;197;197;243m██[38;2;197;197;243m██[38;2;197;197;243m██[38;2;16;16;16m██              
                          [38;2;63;89;140m██[38;2;197;197;243m██[38;2;197;197;243m██[38;2;197;197;243m██[38;2;197;197;243m██[38;2;153;153;191m██[38;2;153;153;191m██[38;2;153;153;191m██[38;2;16;16;16m██          [38;2;63;89;140m██[38;2;153;153;191m██[38;2;133;92;153m██[38;2;88;61;102m██[38;2;88;61;102m██[38;2;16;16;16m██[38;2;16;16;16m██[38;2;88;61;102m██[38;2;88;61;102m██[38;2;88;61;102m██[38;2;88;61;102m██[38;2;88;61;102m██[38;2;133;92;153m██[38;2;133;92;153m██[38;2;153;153;191m██[38;2;255;242;178m██[38;2;255;242;178m██[38;2;255;242;178m██[38;2;255;242;178m██[38;2;255;242;178m██[38;2;255;242;178m██[38;2;197;197;243m██[38;2;197;197;243m██[38;2;16;16;16m██[38;2;16;16;16m██[38;2;16;16;16m██[38;2;16;16;16m██      [38;2;63;89;140m██[38;2;197;197;243m██[38;2;197;197;243m██[38;2;197;197;243m██[38;2;197;197;243m██[38;2;16;16;16m██              
                          [38;2;63;89;140m██[38;2;197;197;243m██[38;2;197;197;243m██[38;2;197;197;243m██[38;2;197;197;243m██[38;2;153;153;191m██[38;2;153;153;191m██[38;2;153;153;191m██[38;2;16;16;16m██          [38;2;63;89;140m██[38;2;255;242;178m██[38;2;255;242;178m██[38;2;153;153;191m██[38;2;153;153;191m██[38;2;88;61;102m██[38;2;133;92;153m██[38;2;133;92;153m██[38;2;133;92;153m██[38;2;133;92;153m██[38;2;133;92;153m██[38;2;133;92;153m██[38;2;153;153;191m██[38;2;255;242;178m██[38;2;255;242;178m██[38;2;255;242;178m██[38;2;255;242;178m██[38;2;255;242;178m██[38;2;255;242;178m██[38;2;255;242;178m██[38;2;255;242;178m██[38;2;197;197;243m██[38;2;197;197;243m██[38;2;16;16;16m██            [38;2;63;89;140m██[38;2;197;197;243m██[38;2;197;197;243m██[38;2;197;197;243m██[38;2;153;153;191m██[38;2;16;16;16m██              
                          [38;2;63;89;140m██[38;2;197;197;243m██[38;2;197;197;243m██[38;2;197;197;243m██[38;2;197;197;243m██[38;2;197;197;243m██[38;2;153;153;191m██[38;2;16;16;16m██          [38;2;63;89;140m██[38;2;153;153;191m██[38;2;255;242;178m██[38;2;255;242;178m██[38;2;255;242;178m██[38;2;153;153;191m██[38;2;153;153;191m██[38;2;133;92;153m██[38;2;133;92;153m██[38;2;133;92;153m██[38;2;133;92;153m██[38;2;153;153;191m██[38;2;255;242;178m██[38;2;255;242;178m██[38;2;255;242;178m██[38;2;255;242;178m██[38;2;255;242;178m██[38;2;255;242;178m██[38;2;255;242;178m██[38;2;255;242;178m██[38;2;255;242;178m██[38;2;153;153;191m██[38;2;197;197;243m██[38;2;197;197;243m██[38;2;197;197;243m██[38;2;16;16;16m██        [38;2;63;89;140m██[38;2;197;197;243m██[38;2;197;197;243m██[38;2;197;197;243m██[38;2;197;197;243m██[38;2;16;16;16m██                
                            [38;2;63;89;140m██[38;2;197;197;243m██[38;2;197;197;243m██[38;2;197;197;243m██[38;2;197;197;243m██[38;2;153;153;191m██[38;2;16;16;16m██          [38;2;63;89;140m██[38;2;153;153;191m██[38;2;255;242;178m██[38;2;255;242;178m██[38;2;255;242;178m██[38;2;255;242;178m██[38;2;153;153;191m██[38;2;133;92;153m██[38;2;133;92;153m██[38;2;133;92;153m██[38;2;133;92;153m██[38;2;255;242;178m██[38;2;255;242;178m██[38;2;255;242;178m██[38;2;255;242;178m██[38;2;255;242;178m██[38;2;255;242;178m██[38;2;255;242;178m██[38;2;255;242;178m██[38;2;153;153;191m██[38;2;133;92;153m██[38;2;133;92;153m██[38;2;197;197;243m██[38;2;197;197;243m██[38;2;197;197;243m██[38;2;16;16;16m██        [38;2;63;89;140m██[38;2;197;197;243m██[38;2;197;197;243m██[38;2;197;197;243m██[38;2;197;197;243m██[38;2;16;16;16m██                
                            [38;2;63;89;140m██[38;2;197;197;243m██[38;2;197;197;243m██[38;2;197;197;243m██[38;2;197;197;243m██[38;2;197;197;243m██[38;2;16;16;16m██        [38;2;63;89;140m██[38;2;153;153;191m██[38;2;133;92;153m██[38;2;153;153;191m██[38;2;255;242;178m██[38;2;255;242;178m██[38;2;255;242;178m██[38;2;153;153;191m██[38;2;133;92;153m██[38;2;133;92;153m██[38;2;133;92;153m██[38;2;133;92;153m██[38;2;255;242;178m██[38;2;255;242;178m██[38;2;255;242;178m██[38;2;255;242;178m██[38;2;255;242;178m██[38;2;153;153;191m██[38;2;133;92;153m██[38;2;133;92;153m██[38;2;133;92;153m██[38;2;133;92;153m██[38;2;133;92;153m██[38;2;197;197;243m██[38;2;197;197;243m██[38;2;197;197;243m██[38;2;16;16;16m██        [38;2;63;89;140m██[38;2;197;197;243m██[38;2;197;197;243m██[38;2;197;197;243m██[38;2;16;16;16m██                  
                              [38;2;63;89;140m██[38;2;197;197;243m██[38;2;197;197;243m██[38;2;197;197;243m██[38;2;197;197;243m██[38;2;16;16;16m██        [38;2;63;89;140m██[38;2;153;153;191m██[38;2;133;92;153m██[38;2;133;92;153m██[38;2;153;153;191m██[38;2;153;153;191m██[38;2;153;153;191m██[38;2;133;92;153m██[38;2;133;92;153m██[38;2;133;92;153m██[38;2;133;92;153m██[38;2;133;92;153m██[38;2;133;92;153m██[38;2;133;92;153m██[38;2;133;92;153m██[38;2;133;92;153m██[38;2;133;92;153m██[38;2;133;92;153m██[38;2;133;92;153m██[38;2;133;92;153m██[38;2;133;92;153m██[38;2;133;92;153m██[38;2;133;92;153m██[38;2;197;197;243m██[38;2;197;197;243m██[38;2;197;197;243m██[38;2;16;16;16m██      [38;2;63;89;140m██[38;2;197;197;243m██[38;2;197;197;243m██[38;2;197;197;243m██[38;2;197;197;243m██[38;2;16;16;16m██                  
                              [38;2;63;89;140m██[38;2;197;197;243m██[38;2;197;197;243m██[38;2;197;197;243m██[38;2;197;197;243m██[38;2;16;16;16m██        [38;2;63;89;140m██[38;2;153;153;191m██[38;2;133;92;153m██[38;2;133;92;153m██[38;2;153;153;191m██[38;2;153;153;191m██[38;2;133;92;153m██[38;2;133;92;153m██[38;2;133;92;153m██[38;2;133;92;153m██[38;2;133;92;153m██[38;2;133;92;153m██[38;2;133;92;153m██[38;2;133;92;153m██[38;2;133;92;153m██[38;2;133;92;153m██[38;2;133;92;153m██[38;2;133;92;153m██[38;2;133;92;153m██[38;2;133;92;153m██[38;2;133;92;153m██[38;2;133;92;153m██[38;2;133;92;153m██[38;2;197;197;243m██[38;2;197;197;243m██[38;2;197;197;243m██[38;2;16;16;16m██      [38;2;63;89;140m██[38;2;197;197;243m██[38;2;197;197;243m██[38;2;197;197;243m██[38;2;16;16;16m██                    
                              [38;2;63;89;140m██[38;2;197;197;243m██[38;2;197;197;243m██[38;2;197;197;243m██[38;2;197;197;243m██[38;2;16;16;16m██      [38;2;63;89;140m██[38;2;197;197;243m██[38;2;133;92;153m██[38;2;133;92;153m██[38;2;133;92;153m██[38;2;153;153;191m██[38;2;255;242;178m██[38;2;153;153;191m██[38;2;133;92;153m██[38;2;133;92;153m██[38;2;133;92;153m██[38;2;133;92;153m██[38;2;153;153;191m██[38;2;255;242;178m██[38;2;255;242;178m██[38;2;153;153;191m██[38;2;133;92;153m██[38;2;133;92;153m██[38;2;133;92;153m██[38;2;133;92;153m██[38;2;133;92;153m██[38;2;133;92;153m██[38;2;133;92;153m██[38;2;133;92;153m██[38;2;197;197;243m██[38;2;197;197;243m██[38;2;16;16;16m██      [38;2;63;89;140m██[38;2;197;197;243m██[38;2;197;197;243m██[38;2;197;197;243m██[38;2;197;197;243m██[38;2;16;16;16m██                    
                                [38;2;63;89;140m██[38;2;197;197;243m██[38;2;197;197;243m██[38;2;197;197;243m██[38;2;16;16;16m██      [38;2;63;89;140m██[38;2;197;197;243m██[38;2;133;92;153m██[38;2;133;92;153m██[38;2;153;153;191m██[38;2;255;242;178m██[38;2;255;242;178m██[38;2;255;242;178m██[38;2;133;92;153m██[38;2;133;92;153m██[38;2;133;92;153m██[38;2;133;92;153m██[38;2;255;242;178m██[38;2;255;242;178m██[38;2;255;242;178m██[38;2;255;242;178m██[38;2;133;92;153m██[38;2;133;92;153m██[38;2;133;92;153m██[38;2;133;92;153m██[38;2;133;92;153m██[38;2;133;92;153m██[38;2;133;92;153m██[38;2;133;92;153m██[38;2;197;197;243m██[38;2;197;197;243m██[38;2;16;16;16m██      [38;2;63;89;140m██[38;2;197;197;243m██[38;2;197;197;243m██[38;2;197;197;243m██[38;2;16;16;16m██                      
                                [38;2;63;89;140m██[38;2;197;197;243m██[38;2;197;197;243m██[38;2;197;197;243m██[38;2;16;16;16m██      [38;2;63;89;140m██[38;2;197;197;243m██[38;2;133;92;153m██[38;2;133;92;153m██[38;2;153;153;191m██[38;2;255;242;178m██[38;2;255;242;178m██[38;2;255;242;178m██[38;2;133;92;153m██[38;2;133;92;153m██[38;2;133;92;153m██[38;2;133;92;153m██[38;2;255;242;178m██[38;2;255;242;178m██[38;2;255;242;178m██[38;2;255;242;178m██[38;2;133;92;153m██[38;2;133;92;153m██[38;2;133;92;153m██[38;2;133;92;153m██[38;2;133;92;153m██[38;2;133;92;153m██[38;2;133;92;153m██[38;2;153;153;191m██[38;2;197;197;243m██[38;2;197;197;243m██[38;2;16;16;16m██      [38;2;63;89;140m██[38;2;197;197;243m██[38;2;197;197;243m██[38;2;197;197;243m██[38;2;16;16;16m██                      
                                [38;2;63;89;140m██[38;2;197;197;243m██[38;2;197;197;243m██[38;2;197;197;243m██[38;2;16;16;16m██      [38;2;16;16;16m██[38;2;197;197;243m██[38;2;133;92;153m██[38;2;133;92;153m██[38;2;153;153;191m██[38;2;255;242;178m██[38;2;255;242;178m██[38;2;255;242;178m██[38;2;133;92;153m██[38;2;133;92;153m██[38;2;133;92;153m██[38;2;133;92;153m██[38;2;255;242;178m██[38;2;255;242;178m██[38;2;255;242;178m██[38;2;255;242;178m██[38;2;133;92;153m██[38;2;133;92;153m██[38;2;133;92;153m██[38;2;133;92;153m██[38;2;133;92;153m██[38;2;133;92;153m██[38;2;133;92;153m██[38;2;153;153;191m██[38;2;197;197;243m██[38;2;16;16;16m██      [38;2;63;89;140m██[38;2;197;197;243m██[38;2;197;197;243m██[38;2;197;197;243m██[38;2;16;16;16m██                        
                                [38;2;63;89;140m██[38;2;197;197;243m██[38;2;197;197;243m██[38;2;16;16;16m██        [38;2;16;16;16m██[38;2;197;197;243m██[38;2;153;153;191m██[38;2;133;92;153m██[38;2;153;153;191m██[38;2;153;153;191m██[38;2;255;242;178m██[38;2;153;153;191m██[38;2;133;92;153m██[38;2;133;92;153m██[38;2;133;92;153m██[38;2;133;92;153m██[38;2;153;153;191m██[38;2;255;242;178m██[38;2;255;242;178m██[38;2;153;153;191m██[38;2;133;92;153m██[38;2;133;92;153m██[38;2;133;92;153m██[38;2;133;92;153m██[38;2;133;92;153m██[38;2;133;92;153m██[38;2;133;92;153m██[38;2;197;197;243m██[38;2;197;197;243m██[38;2;16;16;16m██      [38;2;63;89;140m██[38;2;197;197;243m██[38;2;197;197;243m██[38;2;197;197;243m██[38;2;16;16;16m██                        
                              [38;2;63;89;140m██[38;2;197;197;243m██[38;2;197;197;243m██[38;2;197;197;243m██[38;2;16;16;16m██        [38;2;16;16;16m██[38;2;197;197;243m██[38;2;153;153;191m██[38;2;133;92;153m██[38;2;153;153;191m██[38;2;153;153;191m██[38;2;153;153;191m██[38;2;133;92;153m██[38;2;133;92;153m██[38;2;133;92;153m██[38;2;133;92;153m██[38;2;133;92;153m██[38;2;133;92;153m██[38;2;133;92;153m██[38;2;133;92;153m██[38;2;133;92;153m██[38;2;133;92;153m██[38;2;133;92;153m██[38;2;133;92;153m██[38;2;133;92;153m██[38;2;133;92;153m██[38;2;133;92;153m██[38;2;133;92;153m██[38;2;197;197;243m██[38;2;197;197;243m██[38;2;16;16;16m██      [38;2;63;89;140m██[38;2;197;197;243m██[38;2;197;197;243m██[38;2;16;16;16m██                          
                              [38;2;63;89;140m██[38;2;197;197;243m██[38;2;197;197;243m██[38;2;197;197;243m██[38;2;16;16;16m██          [38;2;63;89;140m██[38;2;197;197;243m██[38;2;133;92;153m██[38;2;153;153;191m██[38;2;153;153;191m██[38;2;153;153;191m██[38;2;133;92;153m██[38;2;133;92;153m██[38;2;133;92;153m██[38;2;133;92;153m██[38;2;133;92;153m██[38;2;133;92;153m██[38;2;133;92;153m██[38;2;133;92;153m██[38;2;133;92;153m██[38;2;133;92;153m██[38;2;133;92;153m██[38;2;133;92;153m██[38;2;133;92;153m██[38;2;133;92;153m██[38;2;133;92;153m██[38;2;133;92;153m██[38;2;197;197;243m██[38;2;16;16;16m██        [38;2;63;89;140m██[38;2;197;197;243m██[38;2;197;197;243m██[38;2;16;16;16m██                          
                            [38;2;63;89;140m██[38;2;197;197;243m██[38;2;197;197;243m██[38;2;197;197;243m██[38;2;16;16;16m██            [38;2;16;16;16m██[38;2;197;197;243m██[38;2;153;153;191m██[38;2;133;92;153m██[38;2;153;153;191m██[38;2;153;153;191m██[38;2;133;92;153m██[38;2;133;92;153m██[38;2;133;92;153m██[38;2;133;92;153m██[38;2;133;92;153m██[38;2;133;92;153m██[38;2;133;92;153m██[38;2;133;92;153m██[38;2;133;92;153m██[38;2;133;92;153m██[38;2;133;92;153m██[38;2;133;92;153m██[38;2;16;16;16m██[38;2;133;92;153m██[38;2;133;92;153m██[38;2;153;153;191m██[38;2;197;197;243m██[38;2;16;16;16m██      [38;2;63;89;140m██[38;2;197;197;243m██[38;2;197;197;243m██[38;2;16;16;16m██                            
                          [38;2;63;89;140m██[38;2;197;197;243m██[38;2;197;197;243m██[38;2;197;197;243m██[38;2;197;197;243m██[38;2;16;16;16m██            [38;2;16;16;16m██[38;2;197;197;243m██[38;2;153;153;191m██[38;2;133;92;153m██[38;2;153;153;191m██[38;2;153;153;191m██[38;2;255;242;178m██[38;2;153;153;191m██[38;2;133;92;153m██[38;2;133;92;153m██[38;2;133;92;153m██[38;2;153;153;191m██[38;2;255;242;178m██[38;2;153;153;191m██[38;2;133;92;153m██[38;2;133;92;153m██[38;2;133;92;153m██[38;2;16;16;16m██[38;2;248;248;248m██[38;2;16;16;16m██[38;2;133;92;153m██[38;2;197;197;243m██[38;2;197;197;243m██[38;2;16;16;16m██      [38;2;63;89;140m██[38;2;197;197;243m██[38;2;197;197;243m██[38;2;16;16;16m██                            
                        [38;2;63;89;140m██[38;2;197;197;243m██[38;2;197;197;243m██[38;2;197;197;243m██[38;2;197;197;243m██[38;2;16;16;16m██                [38;2;16;16;16m██[38;2;197;197;243m██[38;2;133;92;153m██[38;2;133;92;153m██[38;2;153;153;191m██[38;2;255;242;178m██[38;2;255;242;178m██[38;2;133;92;153m██[38;2;133;92;153m██[38;2;133;92;153m██[38;2;255;242;178m██[38;2;255;242;178m██[38;2;255;242;178m██[38;2;133;92;153m██[38;2;133;92;153m██[38;2;133;92;153m██[38;2;16;16;16m██[38;2;248;248;248m██[38;2;16;16;16m██[38;2;133;92;153m██[38;2;197;197;243m██[38;2;16;16;16m██        [38;2;63;89;140m██[38;2;197;197;243m██[38;2;197;197;243m██[38;2;16;16;16m██                            
                      [38;2;63;89;140m██[38;2;197;197;243m██[38;2;197;197;243m██[38;2;197;197;243m██[38;2;153;153;191m██[38;2;16;16;16m██                  [38;2;16;16;16m██[38;2;197;197;243m██[38;2;153;153;191m██[38;2;133;92;153m██[38;2;153;153;191m██[38;2;255;242;178m██[38;2;255;242;178m██[38;2;133;92;153m██[38;2;133;92;153m██[38;2;133;92;153m██[38;2;255;242;178m██[38;2;255;242;178m██[38;2;255;242;178m██[38;2;133;92;153m██[38;2;133;92;153m██[38;2;16;16;16m██[38;2;248;248;248m██[38;2;248;248;248m██[38;2;248;248;248m██[38;2;16;16;16m██[38;2;197;197;243m██[38;2;16;16;16m██        [38;2;63;89;140m██[38;2;197;197;243m██[38;2;16;16;16m██                              
                  [38;2;63;89;140m██[38;2;63;89;140m██[38;2;197;197;243m██[38;2;197;197;243m██[38;2;197;197;243m██[38;2;16;16;16m██[38;2;16;16;16m██                    [38;2;63;89;140m██[38;2;16;16;16m██[38;2;197;197;243m██[38;2;133;92;153m██[38;2;153;153;191m██[38;2;153;153;191m██[38;2;255;242;178m██[38;2;133;92;153m██[38;2;133;92;153m██[38;2;133;92;153m██[38;2;153;153;191m██[38;2;255;242;178m██[38;2;153;153;191m██[38;2;133;92;153m██[38;2;133;92;153m██[38;2;16;16;16m██[38;2;248;248;248m██[38;2;248;248;248m██[38;2;248;248;248m██[38;2;16;16;16m██[38;2;197;197;243m██[38;2;16;16;16m██        [38;2;63;89;140m██[38;2;197;197;243m██[38;2;16;16;16m██                              
                [38;2;63;89;140m██[38;2;153;153;191m██[38;2;197;197;243m██[38;2;197;197;243m██[38;2;153;153;191m██[38;2;16;16;16m██                        [38;2;63;89;140m██[38;2;16;16;16m██[38;2;197;197;243m██[38;2;153;153;191m██[38;2;133;92;153m██[38;2;153;153;191m██[38;2;133;92;153m██[38;2;133;92;153m██[38;2;133;92;153m██[38;2;133;92;153m██[38;2;133;92;153m██[38;2;133;92;153m██[38;2;133;92;153m██[38;2;133;92;153m██[38;2;88;61;102m██[38;2;16;16;16m██[38;2;248;248;248m██[38;2;248;248;248m██[38;2;248;248;248m██[38;2;248;248;248m██[38;2;16;16;16m██          [38;2;63;89;140m██[38;2;197;197;243m██[38;2;63;89;140m██                              
              [38;2;63;89;140m██[38;2;197;197;243m██[38;2;197;197;243m██[38;2;153;153;191m██[38;2;153;153;191m██[38;2;63;89;140m██                          [38;2;63;89;140m██[38;2;197;197;243m██[38;2;16;16;16m██[38;2;197;197;243m██[38;2;88;61;102m██[38;2;153;153;191m██[38;2;153;153;191m██[38;2;133;92;153m██[38;2;133;92;153m██[38;2;133;92;153m██[38;2;133;92;153m██[38;2;133;92;153m██[38;2;133;92;153m██[38;2;88;61;102m██[38;2;16;16;16m██[38;2;248;248;248m██[38;2;248;248;248m██[38;2;248;248;248m██[38;2;248;248;248m██[38;2;248;248;248m██[38;2;16;16;16m██          [38;2;63;89;140m██[38;2;197;197;243m██[38;2;153;153;191m██[38;2;63;89;140m██                            
            [38;2;63;89;140m██[38;2;197;197;243m██[38;2;197;197;243m██[38;2;153;153;191m██[38;2;248;248;248m██[38;2;248;248;248m██[38;2;63;89;140m██                        [38;2;63;89;140m██[38;2;197;197;243m██[38;2;197;197;243m██[38;2;16;16;16m██[38;2;197;197;243m██[38;2;153;153;191m██[38;2;88;61;102m██[38;2;153;153;191m██[38;2;133;92;153m██[38;2;133;92;153m██[38;2;133;92;153m██[38;2;133;92;153m██[38;2;88;61;102m██[38;2;88;61;102m██[38;2;88;61;102m██[38;2;16;16;16m██[38;2;248;248;248m██[38;2;248;248;248m██[38;2;248;248;248m██[38;2;248;248;248m██[38;2;248;248;248m██[38;2;248;248;248m██[38;2;16;16;16m██        [38;2;63;89;140m██[38;2;197;197;243m██[38;2;153;153;191m██[38;2;248;248;248m██[38;2;63;89;140m██[38;2;63;89;140m██                        
          [38;2;63;89;140m██[38;2;197;197;243m██[38;2;197;197;243m██[38;2;153;153;191m██[38;2;248;248;248m██[38;2;248;248;248m██[38;2;248;248;248m██[38;2;63;89;140m██                        [38;2;63;89;140m██[38;2;197;197;243m██[38;2;197;197;243m██[38;2;197;197;243m██[38;2;16;16;16m██[38;2;197;197;243m██[38;2;133;92;153m██[38;2;255;242;178m██[38;2;153;153;191m██[38;2;88;61;102m██[38;2;88;61;102m██[38;2;153;153;191m██[38;2;255;242;178m██[38;2;153;153;191m██[38;2;88;61;102m██[38;2;16;16;16m██[38;2;248;248;248m██[38;2;248;248;248m██[38;2;248;248;248m██[38;2;248;248;248m██[38;2;248;248;248m██[38;2;248;248;248m██[38;2;248;248;248m██[38;2;63;89;140m██      [38;2;63;89;140m██[38;2;197;197;243m██[38;2;153;153;191m██[38;2;248;248;248m██[38;2;248;248;248m██[38;2;248;248;248m██[38;2;63;89;140m██[38;2;63;89;140m██                    
        [38;2;63;89;140m██[38;2;197;197;243m██[38;2;197;197;243m██[38;2;153;153;191m██[38;2;248;248;248m██[38;2;248;248;248m██[38;2;248;248;248m██[38;2;248;248;248m██[38;2;63;89;140m██                      [38;2;63;89;140m██[38;2;197;197;243m██[38;2;197;197;243m██[38;2;197;197;243m██[38;2;197;197;243m██[38;2;16;16;16m██[38;2;197;197;243m██[38;2;153;153;191m██[38;2;255;242;178m██[38;2;255;242;178m██[38;2;88;61;102m██[38;2;88;61;102m██[38;2;255;242;178m██[38;2;255;242;178m██[38;2;255;242;178m██[38;2;88;61;102m██[38;2;16;16;16m██[38;2;248;248;248m██[38;2;248;248;248m██[38;2;248;248;248m██[38;2;248;248;248m██[38;2;248;248;248m██[38;2;248;248;248m██[38;2;248;248;248m██[38;2;248;248;248m██[38;2;63;89;140m██    [38;2;63;89;140m██[38;2;153;153;191m██[38;2;197;197;243m██[38;2;153;153;191m██[38;2;248;248;248m██[38;2;248;248;248m██[38;2;248;248;248m██[38;2;248;248;248m██[38;2;16;16;16m██                  
      [38;2;63;89;140m██[38;2;197;197;243m██[38;2;197;197;243m██[38;2;153;153;191m██[38;2;248;248;248m██[38;2;248;248;248m██[38;2;248;248;248m██[38;2;248;248;248m██[38;2;248;248;248m██[38;2;248;248;248m██[38;2;63;89;140m██                    [38;2;63;89;140m██[38;2;197;197;243m██[38;2;197;197;243m██[38;2;197;197;243m██[38;2;197;197;243m██[38;2;197;197;243m██[38;2;16;16;16m██[38;2;197;197;243m██[38;2;153;153;191m██[38;2;255;242;178m██[38;2;88;61;102m██[38;2;88;61;102m██[38;2;153;153;191m██[38;2;255;242;178m██[38;2;153;153;191m██[38;2;16;16;16m██[38;2;248;248;248m██[38;2;248;248;248m██[38;2;248;248;248m██[38;2;248;248;248m██[38;2;248;248;248m██[38;2;248;248;248m██[38;2;248;248;248m██[38;2;248;248;248m██[38;2;248;248;248m██[38;2;248;248;248m██[38;2;63;89;140m██    [38;2;63;89;140m██[38;2;197;197;243m██[38;2;153;153;191m██[38;2;248;248;248m██[38;2;248;248;248m██[38;2;248;248;248m██[38;2;248;248;248m██[38;2;16;16;16m██                  
      [38;2;63;89;140m██[38;2;197;197;243m██[38;2;153;153;191m██[38;2;248;248;248m██[38;2;248;248;248m██[38;2;248;248;248m██[38;2;248;248;248m██[38;2;248;248;248m██[38;2;248;248;248m██[38;2;248;248;248m██[38;2;63;89;140m██                      [38;2;63;89;140m██[38;2;197;197;243m██[38;2;197;197;243m██[38;2;197;197;243m██[38;2;197;197;243m██[38;2;16;16;16m██[38;2;197;197;243m██[38;2;153;153;191m██[38;2;88;61;102m██[38;2;88;61;102m██[38;2;88;61;102m██[38;2;88;61;102m██[38;2;88;61;102m██[38;2;88;61;102m██[38;2;16;16;16m██[38;2;248;248;248m██[38;2;248;248;248m██[38;2;248;248;248m██[38;2;248;248;248m██[38;2;248;248;248m██[38;2;248;248;248m██[38;2;248;248;248m██[38;2;248;248;248m██[38;2;248;248;248m██[38;2;197;197;243m██[38;2;63;89;140m██    [38;2;63;89;140m██[38;2;197;197;243m██[38;2;153;153;191m██[38;2;248;248;248m██[38;2;248;248;248m██[38;2;248;248;248m██[38;2;248;248;248m██[38;2;16;16;16m██                  
    [38;2;63;89;140m██[38;2;197;197;243m██[38;2;197;197;243m██[38;2;153;153;191m██[38;2;248;248;248m██[38;2;248;248;248m██[38;2;248;248;248m██[38;2;248;248;248m██[38;2;63;89;140m██[38;2;63;89;140m██[38;2;63;89;140m██                        [38;2;63;89;140m██[38;2;197;197;243m██[38;2;197;197;243m██[38;2;197;197;243m██[38;2;197;197;243m██[38;2;197;197;243m██[38;2;16;16;16m██[38;2;197;197;243m██[38;2;88;61;102m██[38;2;88;61;102m██[38;2;88;61;102m██[38;2;88;61;102m██[38;2;88;61;102m██[38;2;88;61;102m██[38;2;16;16;16m██[38;2;248;248;248m██[38;2;248;248;248m██[38;2;248;248;248m██[38;2;248;248;248m██[38;2;248;248;248m██[38;2;248;248;248m██[38;2;248;248;248m██[38;2;248;248;248m██[38;2;248;248;248m██[38;2;63;89;140m██        [38;2;63;89;140m██[38;2;197;197;243m██[38;2;153;153;191m██[38;2;248;248;248m██[38;2;248;248;248m██[38;2;248;248;248m██[38;2;248;248;248m██[38;2;16;16;16m██                
    [38;2;63;89;140m██[38;2;197;197;243m██[38;2;153;153;191m██[38;2;248;248;248m██[38;2;248;248;248m██[38;2;248;248;248m██[38;2;63;89;140m██[38;2;63;89;140m██                                [38;2;63;89;140m██[38;2;197;197;243m██[38;2;197;197;243m██[38;2;197;197;243m██[38;2;197;197;243m██[38;2;197;197;243m██[38;2;16;16;16m██[38;2;197;197;243m██[38;2;88;61;102m██[38;2;88;61;102m██[38;2;88;61;102m██[38;2;88;61;102m██[38;2;88;61;102m██[38;2;16;16;16m██[38;2;248;248;248m██[38;2;248;248;248m██[38;2;248;248;248m██[38;2;248;248;248m██[38;2;248;248;248m██[38;2;248;248;248m██[38;2;248;248;248m██[38;2;248;248;248m██[38;2;63;89;140m██          [38;2;63;89;140m██[38;2;197;197;243m██[38;2;153;153;191m██[38;2;248;248;248m██[38;2;248;248;248m██[38;2;248;248;248m██[38;2;248;248;248m██[38;2;16;16;16m██                
  [38;2;63;89;140m██[38;2;197;197;243m██[38;2;153;153;191m██[38;2;248;248;248m██[38;2;248;248;248m██[38;2;248;248;248m██[38;2;63;89;140m██                                      [38;2;63;89;140m██[38;2;197;197;243m██[38;2;197;197;243m██[38;2;197;197;243m██[38;2;197;197;243m██[38;2;63;89;140m██[38;2;63;89;140m██[38;2;153;153;191m██[38;2;88;61;102m██[38;2;88;61;102m██[38;2;88;61;102m██[38;2;88;61;102m██[38;2;16;16;16m██[38;2;248;248;248m██[38;2;248;248;248m██[38;2;248;248;248m██[38;2;248;248;248m██[38;2;248;248;248m██[38;2;248;248;248m██[38;2;248;248;248m██[38;2;248;248;248m██[38;2;63;89;140m██            [38;2;63;89;140m██[38;2;197;197;243m██[38;2;153;153;191m██[38;2;248;248;248m██[38;2;248;248;248m██[38;2;248;248;248m██[38;2;16;16;16m██                
  [38;2;63;89;140m██[38;2;197;197;243m██[38;2;153;153;191m██[38;2;248;248;248m██[38;2;248;248;248m██[38;2;63;89;140m██                                          [38;2;63;89;140m██[38;2;197;197;243m██[38;2;197;197;243m██[38;2;197;197;243m██[38;2;197;197;243m██[38;2;16;16;16m██[38;2;197;197;243m██[38;2;153;153;191m██[38;2;88;61;102m██[38;2;88;61;102m██[38;2;88;61;102m██[38;2;16;16;16m██[38;2;248;248;248m██[38;2;248;248;248m██[38;2;248;248;248m██[38;2;248;248;248m██[38;2;248;248;248m██[38;2;248;248;248m██[38;2;248;248;248m██[38;2;63;89;140m██              [38;2;63;89;140m██[38;2;197;197;243m██[38;2;197;197;243m██[38;2;153;153;191m██[38;2;248;248;248m██[38;2;248;248;248m██[38;2;248;248;248m██[38;2;16;16;16m██              
  [38;2;63;89;140m██[38;2;153;153;191m██[38;2;248;248;248m██[38;2;248;248;248m██[38;2;16;16;16m██                                              [38;2;63;89;140m██[38;2;197;197;243m██[38;2;197;197;243m██[38;2;197;197;243m██[38;2;197;197;243m██[38;2;16;16;16m██[38;2;153;153;191m██[38;2;153;153;191m██[38;2;88;61;102m██[38;2;88;61;102m██[38;2;16;16;16m██[38;2;248;248;248m██[38;2;248;248;248m██[38;2;248;248;248m██[38;2;248;248;248m██[38;2;248;248;248m██[38;2;248;248;248m██[38;2;248;248;248m██[38;2;63;89;140m██                [38;2;63;89;140m██[38;2;197;197;243m██[38;2;153;153;191m██[38;2;248;248;248m██[38;2;248;248;248m██[38;2;248;248;248m██[38;2;16;16;16m██              
[38;2;63;89;140m██[38;2;197;197;243m██[38;2;153;153;191m██[38;2;248;248;248m██[38;2;16;16;16m██                                                  [38;2;63;89;140m██[38;2;197;197;243m██[38;2;197;197;243m██[38;2;197;197;243m██[38;2;197;197;243m██[38;2;16;16;16m██[38;2;153;153;191m██[38;2;153;153;191m██[38;2;153;153;191m██[38;2;16;16;16m██[38;2;248;248;248m██[38;2;248;248;248m██[38;2;248;248;248m██[38;2;248;248;248m██[38;2;248;248;248m██[38;2;248;248;248m██[38;2;63;89;140m██                    [38;2;63;89;140m██[38;2;197;197;243m██[38;2;153;153;191m██[38;2;248;248;248m██[38;2;248;248;248m██[38;2;248;248;248m██[38;2;16;16;16m██            
[38;2;63;89;140m██[38;2;197;197;243m██[38;2;248;248;248m██[38;2;16;16;16m██                                                      [38;2;16;16;16m██[38;2;63;89;140m██[38;2;197;197;243m██[38;2;197;197;243m██[38;2;197;197;243m██[38;2;16;16;16m██[38;2;63;89;140m██[38;2;153;153;191m██[38;2;16;16;16m██[38;2;248;248;248m██[38;2;248;248;248m██[38;2;248;248;248m██[38;2;248;248;248m██[38;2;248;248;248m██[38;2;248;248;248m██[38;2;16;16;16m██                      [38;2;63;89;140m██[38;2;197;197;243m██[38;2;153;153;191m██[38;2;248;248;248m██[38;2;248;248;248m██[38;2;16;16;16m██            
[38;2;63;89;140m██[38;2;197;197;243m██[38;2;248;248;248m██[38;2;16;16;16m██                                                          [38;2;16;16;16m██[38;2;197;197;243m██[38;2;197;197;243m██[38;2;197;197;243m██[38;2;63;89;140m██[38;2;16;16;16m██[38;2;16;16;16m██[38;2;197;197;243m██[38;2;248;248;248m██[38;2;248;248;248m██[38;2;248;248;248m██[38;2;248;248;248m██[38;2;197;197;243m██[38;2;16;16;16m██                        [38;2;16;16;16m██[38;2;197;197;243m██[38;2;153;153;191m██[38;2;197;197;243m██[38;2;248;248;248m██[38;2;16;16;16m██          
[38;2;63;89;140m██[38;2;197;197;243m██[38;2;16;16;16m██                                                              [38;2;16;16;16m██[38;2;197;197;243m██[38;2;197;197;243m██[38;2;197;197;243m██[38;2;197;197;243m██[38;2;197;197;243m██[38;2;16;16;16m██[38;2;248;248;248m██[38;2;248;248;248m██[38;2;248;248;248m██[38;2;197;197;243m██[38;2;16;16;16m██                            [38;2;16;16;16m██[38;2;197;197;243m██[38;2;153;153;191m██[38;2;197;197;243m██[38;2;197;197;243m██[38;2;16;16;16m██        
[38;2;63;89;140m██[38;2;197;197;243m██[38;2;16;16;16m██                                                                [38;2;16;16;16m██[38;2;197;197;243m██[38;2;197;197;243m██[38;2;197;197;243m██[38;2;197;197;243m██[38;2;16;16;16m██[38;2;197;197;243m██[38;2;197;197;243m██[38;2;197;197;243m██[38;2;197;197;243m██[38;2;16;16;16m██                              [38;2;16;16;16m██[38;2;197;197;243m██[38;2;63;89;140m██[38;2;153;153;191m██[38;2;197;197;243m██[38;2;16;16;16m██      
  [38;2;63;89;140m██[38;2;16;16;16m██                                                              [38;2;63;89;140m██[38;2;197;197;243m██[38;2;63;89;140m██[38;2;197;197;243m██[38;2;197;197;243m██[38;2;197;197;243m██[38;2;16;16;16m██[38;2;197;197;243m██[38;2;197;197;243m██[38;2;197;197;243m██[38;2;197;197;243m██[38;2;16;16;16m██                                [38;2;16;16;16m██[38;2;16;16;16m██[38;2;197;197;243m██[38;2;63;89;140m██[38;2;197;197;243m██[38;2;16;16;16m██    
  [38;2;63;89;140m██[38;2;16;16;16m██                                                          [38;2;63;89;140m██[38;2;63;89;140m██[38;2;197;197;243m██[38;2;197;197;243m██[38;2;197;197;243m██[38;2;197;197;243m██[38;2;197;197;243m██[38;2;197;197;243m██[38;2;16;16;16m██[38;2;63;89;140m██[38;2;197;197;243m██[38;2;197;197;243m██[38;2;197;197;243m██[38;2;16;16;16m██  [38;2;63;89;140m██[38;2;63;89;140m██[38;2;63;89;140m██[38;2;63;89;140m██                          [38;2;16;16;16m██[38;2;16;16;16m██[38;2;153;153;191m██[38;2;153;153;191m██[38;2;16;16;16m██  
    [38;2;16;16;16m██                                                      [38;2;63;89;140m██[38;2;63;89;140m██[38;2;248;248;248m██[38;2;248;248;248m██[38;2;248;248;248m██[38;2;248;248;248m██[38;2;197;197;243m██[38;2;197;197;243m██[38;2;197;197;243m██[38;2;16;16;16m██  [38;2;63;89;140m██[38;2;197;197;243m██[38;2;197;197;243m██[38;2;197;197;243m██[38;2;197;197;243m██[38;2;63;89;140m██[38;2;248;248;248m██[38;2;248;248;248m██[38;2;248;248;248m██[38;2;248;248;248m██[38;2;63;89;140m██[38;2;63;89;140m██                          [38;2;16;16;16m██[38;2;16;16;16m██[38;2;16;16;16m██[38;2;16;16;16m██
                                                        [38;2;63;89;140m██[38;2;197;197;243m██[38;2;248;248;248m██[38;2;248;248;248m██[38;2;248;248;248m██[38;2;248;248;248m██[38;2;248;248;248m██[38;2;248;248;248m██[38;2;16;16;16m██[38;2;16;16;16m██[38;2;16;16;16m██      [38;2;63;89;140m██[38;2;197;197;243m██[38;2;197;197;243m██[38;2;63;89;140m██[38;2;248;248;248m██[38;2;248;248;248m██[38;2;248;248;248m██[38;2;248;248;248m██[38;2;248;248;248m██[38;2;248;248;248m██[38;2;248;248;248m██[38;2;63;89;140m██                                
                                                          [38;2;16;16;16m██[38;2;16;16;16m██[38;2;16;16;16m██[38;2;16;16;16m██[38;2;16;16;16m██[38;2;16;16;16m██[38;2;16;16;16m██              [38;2;63;89;140m██[38;2;197;197;243m██[38;2;248;248;248m██[38;2;248;248;248m██[38;2;248;248;248m██[38;2;63;89;140m██[38;2;63;89;140m██[38;2;16;16;16m██[38;2;16;16;16m██[38;2;16;16;16m██[38;2;248;248;248m██[38;2;63;89;140m██                              
                                                                                        [38;2;16;16;16m██[38;2;16;16;16m██[38;2;16;16;16m██[38;2;16;16;16m██          [38;2;16;16;16m██[38;2;16;16;16m██                              
