                                                                    [38;2;205;148;180m██[38;2;205;148;180m██[38;2;205;148;180m██[38;2;205;148;180m██      
                                                                  [38;2;205;148;180m██[38;2;222;172;0m██[38;2;246;222;0m██[38;2;246;222;0m██[38;2;222;172;0m██[38;2;156;82;123m██    
                                                                [38;2;205;148;180m██[38;2;222;172;0m██[38;2;255;255;255m██[38;2;255;255;255m██[38;2;222;172;0m██[38;2;246;222;0m██[38;2;222;172;0m██[38;2;156;82;123m██  
                              [38;2;156;82;123m██[38;2;156;82;123m██[38;2;156;82;123m██[38;2;156;82;123m██[38;2;156;82;123m██[38;2;156;82;123m██                      [38;2;205;148;180m██[38;2;246;222;0m██[38;2;255;255;255m██[38;2;255;255;255m██[38;2;222;172;0m██[38;2;222;172;0m██[38;2;246;222;0m██[38;2;16;16;16m██  
                          [38;2;156;82;123m██[38;2;156;82;123m██[38;2;205;148;180m██[38;2;255;205;255m██[38;2;255;205;255m██[38;2;255;205;255m██[38;2;255;205;255m██[38;2;230;180;222m██[38;2;156;82;123m██[38;2;156;82;123m██[38;2;156;82;123m██[38;2;156;82;123m██[38;2;156;82;123m██[38;2;156;82;123m██          [38;2;156;82;123m██[38;2;246;222;0m██[38;2;222;172;0m██[38;2;222;172;0m██[38;2;222;172;0m██[38;2;222;172;0m██[38;2;246;222;0m██[38;2;16;16;16m██  
                        [38;2;156;82;123m██[38;2;230;180;222m██[38;2;255;205;255m██[38;2;255;205;255m██[38;2;255;205;255m██[38;2;255;205;255m██[38;2;255;205;255m██[38;2;255;205;255m██[38;2;255;205;255m██[38;2;205;148;180m██[38;2;205;148;180m██[38;2;255;205;255m██[38;2;255;205;255m██[38;2;255;205;255m██[38;2;205;148;180m██[38;2;156;82;123m██[38;2;156;82;123m██      [38;2;16;16;16m██[38;2;222;172;0m██[38;2;246;222;0m██[38;2;222;172;0m██[38;2;222;172;0m██[38;2;246;222;0m██[38;2;222;172;0m██[38;2;16;16;16m██  
                [38;2;156;82;123m██[38;2;156;82;123m██[38;2;156;82;123m██[38;2;156;82;123m██[38;2;255;205;255m██[38;2;255;205;255m██[38;2;255;205;255m██[38;2;255;205;255m██[38;2;255;205;255m██[38;2;255;205;255m██[38;2;255;205;255m██[38;2;255;205;255m██[38;2;205;148;180m██[38;2;255;205;255m██[38;2;255;205;255m██[38;2;255;205;255m██[38;2;255;205;255m██[38;2;255;205;255m██[38;2;255;205;255m██[38;2;255;205;255m██[38;2;255;205;255m██[38;2;156;82;123m██      [38;2;16;16;16m██[38;2;222;172;0m██[38;2;246;222;0m██[38;2;246;222;0m██[38;2;222;172;0m██[38;2;16;16;16m██    
            [38;2;156;82;123m██[38;2;156;82;123m██[38;2;255;205;255m██[38;2;255;205;255m██[38;2;255;205;255m██[38;2;205;148;180m██[38;2;156;82;123m██[38;2;16;16;16m██[38;2;255;205;255m██[38;2;255;205;255m██[38;2;255;205;255m██[38;2;255;205;255m██[38;2;255;205;255m██[38;2;255;205;255m██[38;2;255;205;255m██[38;2;255;205;255m██[38;2;255;205;255m██[38;2;255;205;255m██[38;2;255;205;255m██[38;2;255;205;255m██[38;2;255;205;255m██[38;2;255;205;255m██[38;2;255;205;255m██[38;2;255;205;255m██[38;2;156;82;123m██      [38;2;16;16;16m██[38;2;16;16;16m██[38;2;16;16;16m██[38;2;16;16;16m██[38;2;82;82;82m██    
          [38;2;16;16;16m██[38;2;205;148;180m██[38;2;255;205;255m██[38;2;255;205;255m██[38;2;255;205;255m██[38;2;255;205;255m██[38;2;255;205;255m██[38;2;230;180;222m██[38;2;205;148;180m██[38;2;16;16;16m██[38;2;255;205;255m██[38;2;255;205;255m██[38;2;255;205;255m██[38;2;255;205;255m██[38;2;255;205;255m██[38;2;255;205;255m██[38;2;255;205;255m██[38;2;255;205;255m██[38;2;255;205;255m██[38;2;255;205;255m██[38;2;255;205;255m██[38;2;255;205;255m██[38;2;255;205;255m██[38;2;255;205;255m██[38;2;255;205;255m██[38;2;255;205;255m██[38;2;156;82;123m██        [38;2;16;16;16m██[38;2;82;82;82m██[38;2;82;82;82m██[38;2;16;16;16m██  
        [38;2;16;16;16m██[38;2;205;148;180m██[38;2;255;205;255m██[38;2;255;205;255m██[38;2;255;205;255m██[38;2;255;205;255m██[38;2;255;205;255m██[38;2;255;205;255m██[38;2;230;180;222m██[38;2;230;180;222m██[38;2;205;148;180m██[38;2;16;16;16m██[38;2;255;205;255m██[38;2;255;205;255m██[38;2;255;205;255m██[38;2;255;205;255m██[38;2;255;205;255m██[38;2;255;205;255m██[38;2;255;205;255m██[38;2;255;205;255m██[38;2;255;205;255m██[38;2;255;205;255m██[38;2;255;205;255m██[38;2;255;205;255m██[38;2;255;205;255m██[38;2;255;205;255m██[38;2;255;205;255m██[38;2;156;82;123m██[38;2;156;82;123m██      [38;2;16;16;16m██[38;2;82;82;82m██[38;2;82;82;82m██[38;2;82;82;82m██  
        [38;2;16;16;16m██[38;2;255;205;255m██[38;2;255;205;255m██[38;2;255;205;255m██[38;2;255;205;255m██[38;2;205;148;180m██[38;2;156;82;123m██[38;2;205;148;180m██[38;2;230;180;222m██[38;2;230;180;222m██[38;2;230;180;222m██[38;2;16;16;16m██[38;2;255;205;255m██[38;2;255;205;255m██[38;2;255;205;255m██[38;2;255;205;255m██[38;2;255;205;255m██[38;2;255;205;255m██[38;2;255;205;255m██[38;2;255;205;255m██[38;2;255;205;255m██[38;2;255;205;255m██[38;2;255;205;255m██[38;2;255;205;255m██[38;2;255;205;255m██[38;2;255;205;255m██[38;2;255;205;255m██[38;2;205;148;180m██[38;2;205;148;180m██[38;2;156;82;123m██      [38;2;16;16;16m██[38;2;246;222;0m██[38;2;246;222;0m██[38;2;16;16;16m██
    [38;2;16;16;16m██[38;2;16;16;16m██[38;2;230;180;222m██[38;2;255;205;255m██[38;2;255;205;255m██[38;2;255;205;255m██[38;2;205;148;180m██[38;2;255;205;255m██[38;2;255;205;255m██[38;2;156;82;123m██[38;2;230;180;222m██[38;2;230;180;222m██[38;2;205;148;180m██[38;2;82;82;82m██[38;2;16;16;16m██[38;2;16;16;16m██[38;2;16;16;16m██[38;2;255;205;255m██[38;2;255;205;255m██[38;2;255;205;255m██[38;2;255;205;255m██[38;2;255;205;255m██[38;2;255;205;255m██[38;2;255;205;255m██[38;2;255;205;255m██[38;2;255;205;255m██[38;2;255;205;255m██[38;2;255;205;255m██[38;2;255;205;255m██[38;2;205;148;180m██[38;2;255;205;255m██[38;2;230;180;222m██[38;2;156;82;123m██    [38;2;16;16;16m██[38;2;246;222;0m██[38;2;246;222;0m██[38;2;16;16;16m██
  [38;2;16;16;16m██[38;2;82;82;82m██[38;2;16;16;16m██[38;2;205;148;180m██[38;2;255;205;255m██[38;2;255;205;255m██[38;2;255;205;255m██[38;2;255;205;255m██[38;2;255;205;255m██[38;2;230;180;222m██[38;2;205;148;180m██[38;2;156;82;123m██[38;2;205;148;180m██[38;2;82;82;82m██[38;2;164;164;164m██[38;2;164;164;164m██[38;2;222;172;0m██[38;2;222;172;0m██[38;2;16;16;16m██[38;2;16;16;16m██[38;2;255;205;255m██[38;2;255;205;255m██[38;2;255;205;255m██[38;2;255;205;255m██[38;2;255;205;255m██[38;2;255;205;255m██[38;2;255;205;255m██[38;2;255;205;255m██[38;2;255;205;255m██[38;2;205;148;180m██[38;2;255;205;255m██[38;2;255;205;255m██[38;2;255;205;255m██[38;2;230;180;222m██[38;2;156;82;123m██  [38;2;16;16;16m██[38;2;246;222;0m██[38;2;246;222;0m██[38;2;16;16;16m██
[38;2;16;16;16m██[38;2;82;82;82m██[38;2;164;164;164m██[38;2;16;16;16m██[38;2;205;148;180m██[38;2;230;180;222m██[38;2;255;205;255m██[38;2;255;205;255m██[38;2;255;205;255m██[38;2;230;180;222m██[38;2;205;148;180m██[38;2;205;148;180m██[38;2;16;74;148m██[38;2;82;82;82m██[38;2;164;164;164m██[38;2;164;164;164m██[38;2;246;222;0m██[38;2;246;222;0m██[38;2;246;222;0m██[38;2;164;164;164m██[38;2;82;82;82m██[38;2;16;16;16m██[38;2;255;205;255m██[38;2;255;205;255m██[38;2;255;205;255m██[38;2;255;205;255m██[38;2;255;205;255m██[38;2;255;205;255m██[38;2;255;205;255m██[38;2;255;205;255m██[38;2;255;205;255m██[38;2;255;205;255m██[38;2;255;205;255m██[38;2;255;205;255m██[38;2;255;205;255m██[38;2;156;82;123m██[38;2;16;16;16m██[38;2;82;82;82m██[38;2;82;82;82m██[38;2;82;82;82m██[38;2;16;16;16m██
[38;2;16;16;16m██[38;2;82;82;82m██[38;2;164;164;164m██[38;2;246;222;0m██[38;2;16;16;16m██[38;2;205;148;180m██[38;2;205;148;180m██[38;2;205;148;180m██[38;2;205;148;180m██[38;2;205;148;180m██[38;2;205;148;180m██[38;2;205;148;180m██[38;2;16;74;148m██[38;2;82;82;82m██[38;2;164;164;164m██[38;2;164;164;164m██[38;2;246;222;0m██[38;2;246;222;0m██[38;2;164;164;164m██[38;2;164;164;164m██[38;2;164;164;164m██[38;2;82;82;82m██[38;2;16;16;16m██[38;2;255;205;255m██[38;2;255;205;255m██[38;2;255;205;255m██[38;2;255;205;255m██[38;2;255;205;255m██[38;2;255;205;255m██[38;2;255;205;255m██[38;2;255;205;255m██[38;2;255;205;255m██[38;2;255;205;255m██[38;2;255;205;255m██[38;2;230;180;222m██[38;2;156;82;123m██[38;2;16;16;16m██[38;2;82;82;82m██[38;2;82;82;82m██[38;2;82;82;82m██[38;2;16;16;16m██
[38;2;16;16;16m██[38;2;82;82;82m██[38;2;82;82;82m██[38;2;222;172;0m██[38;2;16;74;148m██[38;2;16;16;16m██[38;2;205;148;180m██[38;2;205;148;180m██[38;2;205;148;180m██[38;2;205;148;180m██[38;2;205;148;180m██[38;2;16;74;148m██[38;2;49;139;189m██[38;2;16;16;16m██[38;2;82;82;82m██[38;2;164;164;164m██[38;2;222;172;0m██[38;2;222;172;0m██[38;2;82;82;82m██[38;2;82;82;82m██[38;2;82;82;82m██[38;2;82;82;82m██[38;2;16;16;16m██[38;2;255;205;255m██[38;2;255;205;255m██[38;2;255;205;255m██[38;2;255;205;255m██[38;2;255;205;255m██[38;2;255;205;255m██[38;2;255;205;255m██[38;2;255;205;255m██[38;2;255;205;255m██[38;2;255;205;255m██[38;2;255;205;255m██[38;2;205;148;180m██[38;2;156;82;123m██[38;2;82;82;82m██[38;2;82;82;82m██[38;2;82;82;82m██[38;2;82;82;82m██[38;2;16;16;16m██
  [38;2;16;16;16m██[38;2;82;82;82m██[38;2;16;74;148m██[38;2;82;172;230m██[38;2;131;197;246m██[38;2;156;82;123m██[38;2;156;82;123m██[38;2;156;82;123m██[38;2;16;74;148m██[38;2;16;74;148m██[38;2;49;139;189m██[38;2;49;139;189m██[38;2;16;16;16m██[38;2;82;82;82m██[38;2;82;82;82m██[38;2;172;123;0m██[38;2;222;172;0m██[38;2;222;172;0m██[38;2;82;82;82m██[38;2;82;82;82m██[38;2;16;16;16m██[38;2;255;205;255m██[38;2;255;205;255m██[38;2;255;205;255m██[38;2;255;205;255m██[38;2;255;205;255m██[38;2;255;205;255m██[38;2;255;205;255m██[38;2;255;205;255m██[38;2;255;205;255m██[38;2;255;205;255m██[38;2;255;205;255m██[38;2;205;148;180m██[38;2;205;148;180m██[38;2;205;148;180m██[38;2;156;82;123m██[38;2;172;123;0m██[38;2;82;82;82m██[38;2;16;16;16m██[38;2;16;16;16m██
    [38;2;16;16;16m██[38;2;16;74;148m██[38;2;82;172;230m██[38;2;131;197;246m██[38;2;131;197;246m██[38;2;131;197;246m██[38;2;131;197;246m██[38;2;131;197;246m██[38;2;131;197;246m██[38;2;131;197;246m██[38;2;49;139;189m██[38;2;82;82;82m██[38;2;16;16;16m██[38;2;82;82;82m██[38;2;82;82;82m██[38;2;172;123;0m██[38;2;172;123;0m██[38;2;172;123;0m██[38;2;16;16;16m██[38;2;255;205;255m██[38;2;255;205;255m██[38;2;255;205;255m██[38;2;255;205;255m██[38;2;255;205;255m██[38;2;255;205;255m██[38;2;255;205;255m██[38;2;255;205;255m██[38;2;255;205;255m██[38;2;255;205;255m██[38;2;255;205;255m██[38;2;205;148;180m██[38;2;205;148;180m██[38;2;205;148;180m██[38;2;205;148;180m██[38;2;205;148;180m██[38;2;156;82;123m██[38;2;172;123;0m██[38;2;16;16;16m██  
      [38;2;255;255;255m██[38;2;82;82;82m██[38;2;131;197;246m██[38;2;131;197;246m██[38;2;131;197;246m██[38;2;131;197;246m██[38;2;131;197;246m██[38;2;82;82;82m██[38;2;255;255;255m██[38;2;16;16;16m██[38;2;49;139;189m██[38;2;16;74;148m██[38;2;16;16;16m██[38;2;82;82;82m██[38;2;82;82;82m██[38;2;16;16;16m██[38;2;16;16;16m██[38;2;255;205;255m██[38;2;255;205;255m██[38;2;255;205;255m██[38;2;255;205;255m██[38;2;255;205;255m██[38;2;255;205;255m██[38;2;255;205;255m██[38;2;255;205;255m██[38;2;255;205;255m██[38;2;255;205;255m██[38;2;255;205;255m██[38;2;255;205;255m██[38;2;230;180;222m██[38;2;205;148;180m██[38;2;205;148;180m██[38;2;205;148;180m██[38;2;205;148;180m██[38;2;156;82;123m██[38;2;172;123;0m██[38;2;16;16;16m██  
      [38;2;16;16;16m██[38;2;16;16;16m██[38;2;131;197;246m██[38;2;131;197;246m██[38;2;131;197;246m██[38;2;131;197;246m██[38;2;131;197;246m██[38;2;16;16;16m██[38;2;16;16;16m██[38;2;16;16;16m██[38;2;49;139;189m██[38;2;16;16;16m██[38;2;16;16;16m██[38;2;16;16;16m██[38;2;16;16;16m██[38;2;255;205;255m██[38;2;255;205;255m██[38;2;255;205;255m██[38;2;255;205;255m██[38;2;255;205;255m██[38;2;255;205;255m██[38;2;255;205;255m██[38;2;255;205;255m██[38;2;255;205;255m██[38;2;255;205;255m██[38;2;255;205;255m██[38;2;255;205;255m██[38;2;255;205;255m██[38;2;255;205;255m██[38;2;255;205;255m██[38;2;230;180;222m██[38;2;205;148;180m██[38;2;205;148;180m██[38;2;205;148;180m██[38;2;156;82;123m██[38;2;172;123;0m██[38;2;16;16;16m██  
      [38;2;16;74;148m██[38;2;131;197;246m██[38;2;131;197;246m██[38;2;131;197;246m██[38;2;131;197;246m██[38;2;131;197;246m██[38;2;131;197;246m██[38;2;131;197;246m██[38;2;82;172;230m██[38;2;49;139;189m██[38;2;49;139;189m██[38;2;16;16;16m██[38;2;205;148;180m██[38;2;255;205;255m██[38;2;255;205;255m██[38;2;255;205;255m██[38;2;255;205;255m██[38;2;255;205;255m██[38;2;255;205;255m██[38;2;255;205;255m██[38;2;255;205;255m██[38;2;255;205;255m██[38;2;255;205;255m██[38;2;255;205;255m██[38;2;255;205;255m██[38;2;255;205;255m██[38;2;255;205;255m██[38;2;255;205;255m██[38;2;255;205;255m██[38;2;255;205;255m██[38;2;255;205;255m██[38;2;205;148;180m██[38;2;205;148;180m██[38;2;205;148;180m██[38;2;156;82;123m██[38;2;16;16;16m██    
      [38;2;16;74;148m██[38;2;131;197;246m██[38;2;131;197;246m██[38;2;131;197;246m██[38;2;131;197;246m██[38;2;131;197;246m██[38;2;131;197;246m██[38;2;131;197;246m██[38;2;82;172;230m██[38;2;49;139;189m██[38;2;16;16;16m██[38;2;205;148;180m██[38;2;255;205;255m██[38;2;255;205;255m██[38;2;255;205;255m██[38;2;255;205;255m██[38;2;255;205;255m██[38;2;255;205;255m██[38;2;255;205;255m██[38;2;255;205;255m██[38;2;255;205;255m██[38;2;255;205;255m██[38;2;255;205;255m██[38;2;255;205;255m██[38;2;255;205;255m██[38;2;255;205;255m██[38;2;255;205;255m██[38;2;255;205;255m██[38;2;255;205;255m██[38;2;255;205;255m██[38;2;255;205;255m██[38;2;205;148;180m██[38;2;205;148;180m██[38;2;205;148;180m██[38;2;156;82;123m██[38;2;16;16;16m██    
      [38;2;156;82;123m██[38;2;16;74;148m██[38;2;131;197;246m██[38;2;131;197;246m██[38;2;131;197;246m██[38;2;131;197;246m██[38;2;131;197;246m██[38;2;131;197;246m██[38;2;49;139;189m██[38;2;49;139;189m██[38;2;16;16;16m██[38;2;255;205;255m██[38;2;255;205;255m██[38;2;255;205;255m██[38;2;255;205;255m██[38;2;255;205;255m██[38;2;255;205;255m██[38;2;255;205;255m██[38;2;255;205;255m██[38;2;255;205;255m██[38;2;255;205;255m██[38;2;255;205;255m██[38;2;255;205;255m██[38;2;255;205;255m██[38;2;255;205;255m██[38;2;255;205;255m██[38;2;255;205;255m██[38;2;255;205;255m██[38;2;255;205;255m██[38;2;255;205;255m██[38;2;230;180;222m██[38;2;205;148;180m██[38;2;205;148;180m██[38;2;205;148;180m██[38;2;16;16;16m██      
    [38;2;156;82;123m██[38;2;255;205;255m██[38;2;16;16;16m██[38;2;131;197;246m██[38;2;131;197;246m██[38;2;131;197;246m██[38;2;131;197;246m██[38;2;131;197;246m██[38;2;82;172;230m██[38;2;49;139;189m██[38;2;16;16;16m██[38;2;205;148;180m██[38;2;255;205;255m██[38;2;255;205;255m██[38;2;255;205;255m██[38;2;255;205;255m██[38;2;255;205;255m██[38;2;255;205;255m██[38;2;230;180;222m██[38;2;255;205;255m██[38;2;255;205;255m██[38;2;255;205;255m██[38;2;255;205;255m██[38;2;255;205;255m██[38;2;255;205;255m██[38;2;205;148;180m██[38;2;230;180;222m██[38;2;255;205;255m██[38;2;255;205;255m██[38;2;255;205;255m██[38;2;230;180;222m██[38;2;205;148;180m██[38;2;205;148;180m██[38;2;205;148;180m██[38;2;205;148;180m██[38;2;16;16;16m██      
    [38;2;156;82;123m██[38;2;255;205;255m██[38;2;255;205;255m██[38;2;16;16;16m██[38;2;16;16;16m██[38;2;82;172;230m██[38;2;82;172;230m██[38;2;49;139;189m██[38;2;16;16;16m██[38;2;16;16;16m██[38;2;205;148;180m██[38;2;255;205;255m██[38;2;255;205;255m██[38;2;255;205;255m██[38;2;255;205;255m██[38;2;255;205;255m██[38;2;255;205;255m██[38;2;230;180;222m██[38;2;205;148;180m██[38;2;230;180;222m██[38;2;255;205;255m██[38;2;255;205;255m██[38;2;255;205;255m██[38;2;255;205;255m██[38;2;230;180;222m██[38;2;205;148;180m██[38;2;205;148;180m██[38;2;230;180;222m██[38;2;230;180;222m██[38;2;205;148;180m██[38;2;205;148;180m██[38;2;205;148;180m██[38;2;205;148;180m██[38;2;205;148;180m██[38;2;156;82;123m██        
    [38;2;156;82;123m██[38;2;255;205;255m██[38;2;255;205;255m██[38;2;255;205;255m██[38;2;255;205;255m██[38;2;16;16;16m██[38;2;16;16;16m██[38;2;16;16;16m██[38;2;205;148;180m██[38;2;205;148;180m██[38;2;230;180;222m██[38;2;255;205;255m██[38;2;255;205;255m██[38;2;255;205;255m██[38;2;255;205;255m██[38;2;255;205;255m██[38;2;230;180;222m██[38;2;205;148;180m██[38;2;205;148;180m██[38;2;156;82;123m██[38;2;205;148;180m██[38;2;230;180;222m██[38;2;230;180;222m██[38;2;205;148;180m██[38;2;156;82;123m██[38;2;205;148;180m██[38;2;205;148;180m██[38;2;205;148;180m██[38;2;205;148;180m██[38;2;205;148;180m██[38;2;205;148;180m██[38;2;205;148;180m██[38;2;205;148;180m██[38;2;205;148;180m██[38;2;16;16;16m██        
      [38;2;16;16;16m██[38;2;255;205;255m██[38;2;255;205;255m██[38;2;255;205;255m██[38;2;255;205;255m██[38;2;230;180;222m██[38;2;205;148;180m██[38;2;205;148;180m██[38;2;205;148;180m██[38;2;205;148;180m██[38;2;230;180;222m██[38;2;255;205;255m██[38;2;255;205;255m██[38;2;230;180;222m██[38;2;205;148;180m██[38;2;205;148;180m██[38;2;205;148;180m██[38;2;205;148;180m██[38;2;205;148;180m██[38;2;156;82;123m██[38;2;156;82;123m██[38;2;156;82;123m██[38;2;156;82;123m██[38;2;205;148;180m██[38;2;205;148;180m██[38;2;205;148;180m██[38;2;205;148;180m██[38;2;205;148;180m██[38;2;205;148;180m██[38;2;205;148;180m██[38;2;205;148;180m██[38;2;205;148;180m██[38;2;205;148;180m██[38;2;16;16;16m██        
      [38;2;16;16;16m██[38;2;205;148;180m██[38;2;255;205;255m██[38;2;255;205;255m██[38;2;230;180;222m██[38;2;205;148;180m██[38;2;205;148;180m██[38;2;205;148;180m██[38;2;205;148;180m██[38;2;205;148;180m██[38;2;205;148;180m██[38;2;205;148;180m██[38;2;205;148;180m██[38;2;205;148;180m██[38;2;205;148;180m██[38;2;205;148;180m██[38;2;205;148;180m██[38;2;205;148;180m██[38;2;205;148;180m██[38;2;205;148;180m██[38;2;205;148;180m██[38;2;205;148;180m██[38;2;205;148;180m██[38;2;205;148;180m██[38;2;205;148;180m██[38;2;205;148;180m██[38;2;205;148;180m██[38;2;205;148;180m██[38;2;156;82;123m██[38;2;205;148;180m██[38;2;205;148;180m██[38;2;205;148;180m██[38;2;156;82;123m██[38;2;16;16;16m██        
        [38;2;16;16;16m██[38;2;16;16;16m██[38;2;205;148;180m██[38;2;205;148;180m██[38;2;205;148;180m██[38;2;205;148;180m██[38;2;205;148;180m██[38;2;205;148;180m██[38;2;205;148;180m██[38;2;205;148;180m██[38;2;205;148;180m██[38;2;205;148;180m██[38;2;205;148;180m██[38;2;205;148;180m██[38;2;205;148;180m██[38;2;205;148;180m██[38;2;205;148;180m██[38;2;205;148;180m██[38;2;205;148;180m██[38;2;205;148;180m██[38;2;205;148;180m██[38;2;205;148;180m██[38;2;205;148;180m██[38;2;205;148;180m██[38;2;205;148;180m██[38;2;205;148;180m██[38;2;205;148;180m██[38;2;205;148;180m██[38;2;156;82;123m██[38;2;205;148;180m██[38;2;205;148;180m██[38;2;16;16;16m██          
            [38;2;156;82;123m██[38;2;205;148;180m██[38;2;205;148;180m██[38;2;205;148;180m██[38;2;205;148;180m██[38;2;205;148;180m██[38;2;205;148;180m██[38;2;205;148;180m██[38;2;205;148;180m██[38;2;156;82;123m██[38;2;205;148;180m██[38;2;205;148;180m██[38;2;205;148;180m██[38;2;205;148;180m██[38;2;205;148;180m██[38;2;205;148;180m██[38;2;205;148;180m██[38;2;205;148;180m██[38;2;205;148;180m██[38;2;205;148;180m██[38;2;156;82;123m██[38;2;205;148;180m██[38;2;205;148;180m██[38;2;205;148;180m██[38;2;205;148;180m██[38;2;205;148;180m██[38;2;156;82;123m██[38;2;205;148;180m██[38;2;156;82;123m██[38;2;16;16;16m██          
            [38;2;16;16;16m██[38;2;205;148;180m██[38;2;205;148;180m██[38;2;205;148;180m██[38;2;205;148;180m██[38;2;205;148;180m██[38;2;205;148;180m██[38;2;205;148;180m██[38;2;205;148;180m██[38;2;156;82;123m██[38;2;205;148;180m██[38;2;205;148;180m██[38;2;205;148;180m██[38;2;205;148;180m██[38;2;205;148;180m██[38;2;205;148;180m██[38;2;205;148;180m██[38;2;205;148;180m██[38;2;205;148;180m██[38;2;205;148;180m██[38;2;156;82;123m██[38;2;205;148;180m██[38;2;205;148;180m██[38;2;205;148;180m██[38;2;205;148;180m██[38;2;156;82;123m██[38;2;49;139;189m██[38;2;156;82;123m██[38;2;16;16;16m██            
            [38;2;16;16;16m██[38;2;205;148;180m██[38;2;205;148;180m██[38;2;205;148;180m██[38;2;205;148;180m██[38;2;205;148;180m██[38;2;205;148;180m██[38;2;205;148;180m██[38;2;205;148;180m██[38;2;16;16;16m██[38;2;156;82;123m██[38;2;205;148;180m██[38;2;205;148;180m██[38;2;205;148;180m██[38;2;205;148;180m██[38;2;205;148;180m██[38;2;205;148;180m██[38;2;205;148;180m██[38;2;205;148;180m██[38;2;156;82;123m██[38;2;205;148;180m██[38;2;205;148;180m██[38;2;205;148;180m██[38;2;205;148;180m██[38;2;156;82;123m██[38;2;49;139;189m██[38;2;49;139;189m██[38;2;16;16;16m██              
              [38;2;16;16;16m██[38;2;205;148;180m██[38;2;205;148;180m██[38;2;205;148;180m██[38;2;205;148;180m██[38;2;205;148;180m██[38;2;156;82;123m██[38;2;16;16;16m██  [38;2;16;16;16m██[38;2;156;82;123m██[38;2;156;82;123m██[38;2;205;148;180m██[38;2;205;148;180m██[38;2;205;148;180m██[38;2;205;148;180m██[38;2;156;82;123m██[38;2;156;82;123m██[38;2;16;16;16m██[38;2;16;16;16m██[38;2;16;16;16m██[38;2;16;16;16m██[38;2;49;139;189m██[38;2;49;139;189m██[38;2;49;139;189m██[38;2;49;139;189m██[38;2;16;16;16m██              
                [38;2;16;74;148m██[38;2;49;139;189m██[38;2;49;139;189m██[38;2;49;139;189m██[38;2;49;139;189m██[38;2;16;16;16m██      [38;2;16;16;16m██[38;2;49;139;189m██[38;2;49;139;189m██[38;2;49;139;189m██[38;2;16;74;148m██[38;2;16;16;16m██[38;2;49;139;189m██[38;2;49;139;189m██[38;2;16;74;148m██    [38;2;16;16;16m██[38;2;49;139;189m██[38;2;49;139;189m██[38;2;49;139;189m██[38;2;49;139;189m██[38;2;16;16;16m██              
                  [38;2;16;74;148m██[38;2;49;139;189m██[38;2;16;74;148m██[38;2;49;139;189m██[38;2;16;16;16m██      [38;2;16;16;16m██[38;2;49;139;189m██[38;2;49;139;189m██[38;2;82;172;230m██[38;2;82;172;230m██[38;2;16;16;16m██[38;2;16;74;148m██[38;2;16;74;148m██        [38;2;16;16;16m██[38;2;16;74;148m██[38;2;49;139;189m██[38;2;16;16;16m██                
                  [38;2;16;16;16m██[38;2;49;139;189m██[38;2;16;74;148m██[38;2;16;16;16m██        [38;2;16;16;16m██[38;2;49;139;189m██[38;2;16;74;148m██[38;2;82;172;230m██[38;2;82;172;230m██[38;2;16;16;16m██            [38;2;16;16;16m██[38;2;16;74;148m██[38;2;49;139;189m██[38;2;16;16;16m██                
                    [38;2;16;16;16m██[38;2;16;16;16m██[38;2;16;16;16m██          [38;2;16;16;16m██[38;2;16;74;148m██[38;2;49;139;189m██[38;2;16;16;16m██                [38;2;16;16;16m██[38;2;16;16;16m██                  
                                    [38;2;16;16;16m██[38;2;16;74;148m██[38;2;49;139;189m██[38;2;16;16;16m██                                      
                                      [38;2;16;16;16m██[38;2;16;16;16m██                                        
