                                [38;2;41;41;41m██                                        
                              [38;2;41;41;41m██[38;2;243;243;243m██[38;2;16;16;16m██                                      
                              [38;2;41;41;41m██[38;2;243;243;243m██[38;2;153;153;162m██[38;2;16;16;16m██                                    
                            [38;2;41;41;41m██[38;2;243;243;243m██[38;2;243;243;243m██[38;2;243;243;243m██[38;2;16;16;16m██                                    
                            [38;2;41;41;41m██[38;2;243;243;243m██[38;2;243;243;243m██[38;2;243;243;243m██[38;2;153;153;162m██[38;2;16;16;16m██                                  
                            [38;2;41;41;41m██[38;2;243;243;243m██[38;2;243;243;243m██[38;2;243;243;243m██[38;2;153;153;162m██[38;2;16;16;16m██                                  
                          [38;2;41;41;41m██[38;2;153;153;162m██[38;2;243;243;243m██[38;2;243;243;243m██[38;2;153;153;162m██[38;2;153;153;162m██[38;2;41;41;41m██[38;2;41;41;41m██[38;2;41;41;41m██                              
                          [38;2;41;41;41m██[38;2;89;89;89m██[38;2;153;153;162m██[38;2;153;153;162m██[38;2;153;153;162m██[38;2;89;89;89m██[38;2;89;89;89m██[38;2;89;89;89m██[38;2;89;89;89m██[38;2;41;41;41m██[38;2;41;41;41m██[38;2;41;41;41m██                        
                        [38;2;41;41;41m██[38;2;41;41;41m██[38;2;89;89;89m██[38;2;89;89;89m██[38;2;89;89;89m██[38;2;89;89;89m██[38;2;89;89;89m██[38;2;89;89;89m██[38;2;89;89;89m██[38;2;89;89;89m██[38;2;89;89;89m██[38;2;89;89;89m██[38;2;89;89;89m██[38;2;41;41;41m██[38;2;41;41;41m██                    
                    [38;2;41;41;41m██[38;2;41;41;41m██[38;2;89;89;89m██[38;2;89;89;89m██[38;2;89;89;89m██[38;2;89;89;89m██[38;2;89;89;89m██[38;2;89;89;89m██[38;2;89;89;89m██[38;2;89;89;89m██[38;2;89;89;89m██[38;2;89;89;89m██[38;2;89;89;89m██[38;2;89;89;89m██[38;2;89;89;89m██[38;2;89;89;89m██[38;2;89;89;89m██[38;2;41;41;41m██[38;2;41;41;41m██[38;2;41;41;41m██[38;2;41;41;41m██[38;2;41;41;41m██[38;2;41;41;41m██[38;2;41;41;41m██[38;2;41;41;41m██[38;2;41;41;41m██[38;2;41;41;41m██
                  [38;2;41;41;41m██[38;2;58;58;58m██[38;2;89;89;89m██[38;2;153;153;162m██[38;2;153;153;162m██[38;2;89;89;89m██[38;2;89;89;89m██[38;2;89;89;89m██[38;2;89;89;89m██[38;2;89;89;89m██[38;2;89;89;89m██[38;2;89;89;89m██[38;2;89;89;89m██[38;2;89;89;89m██[38;2;89;89;89m██[38;2;251;223;66m██[38;2;89;89;89m██[38;2;89;89;89m██[38;2;89;89;89m██[38;2;153;153;162m██[38;2;243;243;243m██[38;2;243;243;243m██[38;2;243;243;243m██[38;2;243;243;243m██[38;2;243;243;243m██[38;2;243;243;243m██[38;2;243;243;243m██[38;2;16;16;16m██
                [38;2;41;41;41m██[38;2;89;89;89m██[38;2;89;89;89m██[38;2;153;153;162m██[38;2;153;153;162m██[38;2;153;153;162m██[38;2;89;89;89m██[38;2;148;222;82m██[38;2;148;222;82m██[38;2;148;222;82m██[38;2;148;222;82m██[38;2;89;89;89m██[38;2;89;89;89m██[38;2;89;89;89m██[38;2;89;89;89m██[38;2;251;223;66m██[38;2;251;223;66m██[38;2;89;89;89m██[38;2;89;89;89m██[38;2;89;89;89m██[38;2;153;153;162m██[38;2;243;243;243m██[38;2;243;243;243m██[38;2;243;243;243m██[38;2;243;243;243m██[38;2;243;243;243m██[38;2;243;243;243m██[38;2;16;16;16m██  
              [38;2;41;41;41m██[38;2;89;89;89m██[38;2;89;89;89m██[38;2;89;89;89m██[38;2;153;153;162m██[38;2;153;153;162m██[38;2;89;89;89m██[38;2;89;89;89m██[38;2;148;222;82m██[38;2;148;222;82m██[38;2;148;222;82m██[38;2;89;89;89m██[38;2;89;89;89m██[38;2;89;89;89m██[38;2;89;89;89m██[38;2;251;223;66m██[38;2;251;223;66m██[38;2;251;223;66m██[38;2;89;89;89m██[38;2;89;89;89m██[38;2;89;89;89m██[38;2;153;153;162m██[38;2;153;153;162m██[38;2;243;243;243m██[38;2;243;243;243m██[38;2;243;243;243m██[38;2;243;243;243m██[38;2;16;16;16m██    
              [38;2;41;41;41m██[38;2;49;175;223m██[38;2;49;175;223m██[38;2;49;175;223m██[38;2;89;89;89m██[38;2;89;89;89m██[38;2;89;89;89m██[38;2;89;89;89m██[38;2;148;222;82m██[38;2;148;222;82m██[38;2;89;89;89m██[38;2;89;89;89m██[38;2;89;89;89m██[38;2;153;153;162m██[38;2;153;153;162m██[38;2;153;153;162m██[38;2;153;153;162m██[38;2;89;89;89m██[38;2;89;89;89m██[38;2;89;89;89m██[38;2;89;89;89m██[38;2;89;89;89m██[38;2;153;153;162m██[38;2;153;153;162m██[38;2;243;243;243m██[38;2;243;243;243m██[38;2;16;16;16m██      
            [38;2;41;41;41m██[38;2;89;89;89m██[38;2;49;175;223m██[38;2;49;175;223m██[38;2;89;89;89m██[38;2;89;89;89m██[38;2;89;89;89m██[38;2;89;89;89m██[38;2;89;89;89m██[38;2;148;222;82m██[38;2;89;89;89m██[38;2;89;89;89m██[38;2;153;153;162m██[38;2;243;243;243m██[38;2;243;243;243m██[38;2;243;243;243m██[38;2;243;243;243m██[38;2;243;243;243m██[38;2;153;153;162m██[38;2;153;153;162m██[38;2;89;89;89m██[38;2;89;89;89m██[38;2;89;89;89m██[38;2;89;89;89m██[38;2;153;153;162m██[38;2;153;153;162m██[38;2;16;16;16m██        
      [38;2;41;41;41m██[38;2;41;41;41m██[38;2;41;41;41m██[38;2;41;41;41m██[38;2;89;89;89m██[38;2;49;175;223m██[38;2;89;89;89m██[38;2;89;89;89m██[38;2;89;89;89m██[38;2;89;89;89m██[38;2;89;89;89m██[38;2;89;89;89m██[38;2;89;89;89m██[38;2;89;89;89m██[38;2;89;89;89m██[38;2;89;89;89m██[38;2;89;89;89m██[38;2;89;89;89m██[38;2;153;153;162m██[38;2;153;153;162m██[38;2;243;243;243m██[38;2;243;243;243m██[38;2;243;243;243m██[38;2;153;153;162m██[38;2;89;89;89m██[38;2;89;89;89m██[38;2;89;89;89m██[38;2;58;58;58m██[38;2;16;16;16m██          
  [38;2;41;41;41m██[38;2;41;41;41m██[38;2;243;243;243m██[38;2;243;243;243m██[38;2;153;153;162m██[38;2;89;89;89m██[38;2;153;153;162m██[38;2;153;153;162m██[38;2;153;153;162m██[38;2;153;153;162m██[38;2;89;89;89m██[38;2;89;89;89m██[38;2;89;89;89m██[38;2;89;89;89m██[38;2;89;89;89m██[38;2;89;89;89m██[38;2;89;89;89m██[38;2;89;89;89m██[38;2;153;153;162m██[38;2;153;153;162m██[38;2;153;153;162m██[38;2;89;89;89m██[38;2;153;153;162m██[38;2;243;243;243m██[38;2;243;243;243m██[38;2;243;243;243m██[38;2;153;153;162m██[38;2;89;89;89m██[38;2;89;89;89m██[38;2;58;58;58m██[38;2;16;16;16m██          
[38;2;41;41;41m██[38;2;243;243;243m██[38;2;243;243;243m██[38;2;243;243;243m██[38;2;243;243;243m██[38;2;153;153;162m██[38;2;153;153;162m██[38;2;243;243;243m██[38;2;243;243;243m██[38;2;243;243;243m██[38;2;243;243;243m██[38;2;153;153;162m██[38;2;89;89;89m██[38;2;89;89;89m██[38;2;89;89;89m██[38;2;89;89;89m██[38;2;89;89;89m██[38;2;89;89;89m██[38;2;153;153;162m██[38;2;243;243;243m██[38;2;243;243;243m██[38;2;243;243;243m██[38;2;153;153;162m██[38;2;89;89;89m██[38;2;153;153;162m██[38;2;243;243;243m██[38;2;243;243;243m██[38;2;153;153;162m██[38;2;89;89;89m██[38;2;89;89;89m██[38;2;58;58;58m██[38;2;58;58;58m██[38;2;16;16;16m██        
  [38;2;16;16;16m██[38;2;243;243;243m██[38;2;243;243;243m██[38;2;153;153;162m██[38;2;243;243;243m██[38;2;243;243;243m██[38;2;153;153;162m██[38;2;153;153;162m██[38;2;243;243;243m██[38;2;243;243;243m██[38;2;243;243;243m██[38;2;153;153;162m██[38;2;89;89;89m██[38;2;89;89;89m██[38;2;89;89;89m██[38;2;89;89;89m██[38;2;153;153;162m██[38;2;243;243;243m██[38;2;243;243;243m██[38;2;243;243;243m██[38;2;243;243;243m██[38;2;243;243;243m██[38;2;153;153;162m██[38;2;89;89;89m██[38;2;243;243;243m██[38;2;243;243;243m██[38;2;243;243;243m██[38;2;153;153;162m██[38;2;89;89;89m██[38;2;58;58;58m██[38;2;58;58;58m██[38;2;16;16;16m██        
    [38;2;16;16;16m██[38;2;243;243;243m██[38;2;153;153;162m██[38;2;243;243;243m██[38;2;153;153;162m██[38;2;89;89;89m██[38;2;243;243;243m██[38;2;243;243;243m██[38;2;243;243;243m██[38;2;243;243;243m██[38;2;243;243;243m██[38;2;153;153;162m██[38;2;89;89;89m██[38;2;89;89;89m██[38;2;153;153;162m██[38;2;243;243;243m██[38;2;243;243;243m██[38;2;243;243;243m██[38;2;243;243;243m██[38;2;243;243;243m██[38;2;243;243;243m██[38;2;243;243;243m██[38;2;89;89;89m██[38;2;243;243;243m██[38;2;243;243;243m██[38;2;243;243;243m██[38;2;153;153;162m██[38;2;89;89;89m██[38;2;148;222;82m██[38;2;58;58;58m██[38;2;16;16;16m██        
      [38;2;153;153;162m██[38;2;243;243;243m██[38;2;243;243;243m██[38;2;89;89;89m██[38;2;243;243;243m██[38;2;243;243;243m██[38;2;243;243;243m██[38;2;243;243;243m██[38;2;243;243;243m██[38;2;243;243;243m██[38;2;153;153;162m██[38;2;89;89;89m██[38;2;89;89;89m██[38;2;153;153;162m██[38;2;243;243;243m██[38;2;243;243;243m██[38;2;243;243;243m██[38;2;243;243;243m██[38;2;243;243;243m██[38;2;243;243;243m██[38;2;243;243;243m██[38;2;89;89;89m██[38;2;243;243;243m██[38;2;243;243;243m██[38;2;243;243;243m██[38;2;153;153;162m██[38;2;148;222;82m██[38;2;148;222;82m██[38;2;58;58;58m██[38;2;16;16;16m██        
      [38;2;153;153;162m██[38;2;243;243;243m██[38;2;243;243;243m██[38;2;89;89;89m██[38;2;243;243;243m██[38;2;243;243;243m██[38;2;243;243;243m██[38;2;243;243;243m██[38;2;243;243;243m██[38;2;243;243;243m██[38;2;153;153;162m██[38;2;89;89;89m██[38;2;89;89;89m██[38;2;153;153;162m██[38;2;243;243;243m██[38;2;243;243;243m██[38;2;243;243;243m██[38;2;243;243;243m██[38;2;243;243;243m██[38;2;243;243;243m██[38;2;89;89;89m██[38;2;153;153;162m██[38;2;243;243;243m██[38;2;243;243;243m██[38;2;153;153;162m██[38;2;148;222;82m██[38;2;148;222;82m██[38;2;148;222;82m██[38;2;58;58;58m██[38;2;16;16;16m██        
      [38;2;153;153;162m██[38;2;243;243;243m██[38;2;243;243;243m██[38;2;89;89;89m██[38;2;153;153;162m██[38;2;243;243;243m██[38;2;243;243;243m██[38;2;243;243;243m██[38;2;243;243;243m██[38;2;243;243;243m██[38;2;153;153;162m██[38;2;89;89;89m██[38;2;89;89;89m██[38;2;153;153;162m██[38;2;243;243;243m██[38;2;243;243;243m██[38;2;243;243;243m██[38;2;243;243;243m██[38;2;243;243;243m██[38;2;153;153;162m██[38;2;153;153;162m██[38;2;243;243;243m██[38;2;243;243;243m██[38;2;243;243;243m██[38;2;153;153;162m██[38;2;89;89;89m██[38;2;89;89;89m██[38;2;58;58;58m██[38;2;58;58;58m██[38;2;16;16;16m██        
      [38;2;153;153;162m██[38;2;243;243;243m██[38;2;243;243;243m██[38;2;153;153;162m██[38;2;89;89;89m██[38;2;243;243;243m██[38;2;243;243;243m██[38;2;243;243;243m██[38;2;243;243;243m██[38;2;153;153;162m██[38;2;89;89;89m██[38;2;89;89;89m██[38;2;89;89;89m██[38;2;89;89;89m██[38;2;153;153;162m██[38;2;243;243;243m██[38;2;243;243;243m██[38;2;243;243;243m██[38;2;243;243;243m██[38;2;243;243;243m██[38;2;243;243;243m██[38;2;243;243;243m██[38;2;243;243;243m██[38;2;153;153;162m██[38;2;89;89;89m██[38;2;89;89;89m██[38;2;89;89;89m██[38;2;58;58;58m██[38;2;16;16;16m██          
        [38;2;153;153;162m██[38;2;243;243;243m██[38;2;243;243;243m██[38;2;153;153;162m██[38;2;89;89;89m██[38;2;153;153;162m██[38;2;153;153;162m██[38;2;153;153;162m██[38;2;89;89;89m██[38;2;243;243;243m██[38;2;243;243;243m██[38;2;243;243;243m██[38;2;243;243;243m██[38;2;89;89;89m██[38;2;153;153;162m██[38;2;153;153;162m██[38;2;243;243;243m██[38;2;243;243;243m██[38;2;243;243;243m██[38;2;243;243;243m██[38;2;153;153;162m██[38;2;153;153;162m██[38;2;89;89;89m██[38;2;89;89;89m██[38;2;89;89;89m██[38;2;58;58;58m██[38;2;58;58;58m██[38;2;16;16;16m██          
        [38;2;153;153;162m██[38;2;243;243;243m██[38;2;243;243;243m██[38;2;243;243;243m██[38;2;243;243;243m██[38;2;153;153;162m██[38;2;89;89;89m██[38;2;89;89;89m██[38;2;89;89;89m██[38;2;153;153;162m██[38;2;243;243;243m██[38;2;243;243;243m██[38;2;153;153;162m██[38;2;89;89;89m██[38;2;89;89;89m██[38;2;89;89;89m██[38;2;153;153;162m██[38;2;153;153;162m██[38;2;153;153;162m██[38;2;153;153;162m██[38;2;89;89;89m██[38;2;89;89;89m██[38;2;89;89;89m██[38;2;89;89;89m██[38;2;89;89;89m██[38;2;58;58;58m██[38;2;16;16;16m██            
          [38;2;153;153;162m██[38;2;243;243;243m██[38;2;243;243;243m██[38;2;243;243;243m██[38;2;243;243;243m██[38;2;243;243;243m██[38;2;243;243;243m██[38;2;153;153;162m██[38;2;89;89;89m██[38;2;153;153;162m██[38;2;153;153;162m██[38;2;89;89;89m██[38;2;89;89;89m██[38;2;89;89;89m██[38;2;251;223;66m██[38;2;89;89;89m██[38;2;89;89;89m██[38;2;89;89;89m██[38;2;89;89;89m██[38;2;89;89;89m██[38;2;89;89;89m██[38;2;89;89;89m██[38;2;89;89;89m██[38;2;58;58;58m██[38;2;153;153;162m██[38;2;16;16;16m██            
            [38;2;153;153;162m██[38;2;153;153;162m██[38;2;243;243;243m██[38;2;243;243;243m██[38;2;153;153;162m██[38;2;89;89;89m██[38;2;89;89;89m██[38;2;89;89;89m██[38;2;89;89;89m██[38;2;89;89;89m██[38;2;89;89;89m██[38;2;89;89;89m██[38;2;251;223;66m██[38;2;251;223;66m██[38;2;89;89;89m██[38;2;89;89;89m██[38;2;89;89;89m██[38;2;89;89;89m██[38;2;89;89;89m██[38;2;89;89;89m██[38;2;89;89;89m██[38;2;58;58;58m██[38;2;153;153;162m██[38;2;153;153;162m██[38;2;153;153;162m██[38;2;16;16;16m██          
            [38;2;16;16;16m██[38;2;153;153;162m██[38;2;58;58;58m██[38;2;58;58;58m██[38;2;58;58;58m██[38;2;89;89;89m██[38;2;89;89;89m██[38;2;89;89;89m██[38;2;89;89;89m██[38;2;89;89;89m██[38;2;89;89;89m██[38;2;251;223;66m██[38;2;251;223;66m██[38;2;251;223;66m██[38;2;89;89;89m██[38;2;89;89;89m██[38;2;89;89;89m██[38;2;89;89;89m██[38;2;89;89;89m██[38;2;58;58;58m██[38;2;58;58;58m██[38;2;153;153;162m██[38;2;153;153;162m██[38;2;243;243;243m██[38;2;243;243;243m██[38;2;16;16;16m██          
            [38;2;16;16;16m██[38;2;153;153;162m██[38;2;153;153;162m██[38;2;58;58;58m██[38;2;58;58;58m██[38;2;58;58;58m██[38;2;58;58;58m██[38;2;89;89;89m██[38;2;89;89;89m██[38;2;89;89;89m██[38;2;89;89;89m██[38;2;89;89;89m██[38;2;89;89;89m██[38;2;89;89;89m██[38;2;89;89;89m██[38;2;89;89;89m██[38;2;58;58;58m██[38;2;58;58;58m██[38;2;58;58;58m██[38;2;58;58;58m██[38;2;58;58;58m██[38;2;153;153;162m██[38;2;243;243;243m██[38;2;243;243;243m██[38;2;243;243;243m██[38;2;243;243;243m██[38;2;16;16;16m██        
            [38;2;16;16;16m██[38;2;243;243;243m██[38;2;153;153;162m██[38;2;153;153;162m██[38;2;41;41;41m██[38;2;41;41;41m██[38;2;58;58;58m██[38;2;58;58;58m██[38;2;58;58;58m██[38;2;58;58;58m██[38;2;58;58;58m██[38;2;58;58;58m██[38;2;58;58;58m██[38;2;58;58;58m██[38;2;58;58;58m██[38;2;58;58;58m██[38;2;58;58;58m██[38;2;58;58;58m██[38;2;58;58;58m██[38;2;16;16;16m██[38;2;16;16;16m██[38;2;153;153;162m██[38;2;243;243;243m██[38;2;243;243;243m██[38;2;243;243;243m██[38;2;243;243;243m██[38;2;16;16;16m██        
            [38;2;16;16;16m██[38;2;243;243;243m██[38;2;243;243;243m██[38;2;153;153;162m██[38;2;153;153;162m██[38;2;153;153;162m██[38;2;16;16;16m██[38;2;16;16;16m██[38;2;41;41;41m██[38;2;58;58;58m██[38;2;58;58;58m██[38;2;58;58;58m██[38;2;58;58;58m██[38;2;58;58;58m██[38;2;58;58;58m██[38;2;58;58;58m██[38;2;16;16;16m██[38;2;16;16;16m██[38;2;16;16;16m██    [38;2;16;16;16m██[38;2;16;16;16m██[38;2;243;243;243m██[38;2;243;243;243m██[38;2;243;243;243m██[38;2;243;243;243m██[38;2;16;16;16m██      
            [38;2;16;16;16m██[38;2;243;243;243m██[38;2;243;243;243m██[38;2;243;243;243m██[38;2;16;16;16m██[38;2;16;16;16m██    [38;2;16;16;16m██[38;2;16;16;16m██[38;2;16;16;16m██[38;2;16;16;16m██[38;2;16;16;16m██[38;2;16;16;16m██[38;2;16;16;16m██[38;2;16;16;16m██              [38;2;16;16;16m██[38;2;16;16;16m██[38;2;243;243;243m██[38;2;243;243;243m██[38;2;16;16;16m██      
            [38;2;16;16;16m██[38;2;243;243;243m██[38;2;243;243;243m██[38;2;16;16;16m██                                          [38;2;16;16;16m██[38;2;16;16;16m██[38;2;16;16;16m██      
            [38;2;16;16;16m██[38;2;16;16;16m██[38;2;16;16;16m██                                                        
