                [38;2;49;131;74m██[38;2;49;131;74m██                                                    
              [38;2;49;131;74m██[38;2;139;222;164m██[38;2;139;222;164m██[38;2;16;16;16m██                                                  
              [38;2;82;164;106m██[38;2;139;222;164m██[38;2;139;222;164m██[38;2;139;222;164m██[38;2;16;16;16m██                                                
            [38;2;49;131;74m██[38;2;139;222;164m██[38;2;139;222;164m██[38;2;139;222;164m██[38;2;139;222;164m██[38;2;16;16;16m██                                                
            [38;2;49;131;74m██[38;2;139;222;164m██[38;2;139;222;164m██[38;2;139;222;164m██[38;2;139;222;164m██[38;2;49;131;74m██                                                
            [38;2;82;164;106m██[38;2;139;222;164m██[38;2;139;222;164m██[38;2;139;222;164m██[38;2;139;222;164m██[38;2;139;222;164m██[38;2;16;16;16m██                                              
          [38;2;49;131;74m██[38;2;139;222;164m██[38;2;139;222;164m██[38;2;139;222;164m██[38;2;139;222;164m██[38;2;139;222;164m██[38;2;139;222;164m██[38;2;16;16;16m██                                              
          [38;2;16;16;16m██[38;2;139;222;164m██[38;2;139;222;164m██[38;2;139;222;164m██[38;2;139;222;164m██[38;2;139;222;164m██[38;2;82;164;106m██[38;2;16;16;16m██                                              
          [38;2;16;16;16m██[38;2;139;222;164m██[38;2;139;222;164m██[38;2;139;222;164m██[38;2;82;164;106m██[38;2;82;164;106m██[38;2;82;164;106m██[38;2;49;131;74m██                                  [38;2;49;131;74m██[38;2;49;131;74m██[38;2;49;131;74m██[38;2;49;131;74m██[38;2;49;131;74m██  
          [38;2;16;16;16m██[38;2;139;222;164m██[38;2;82;164;106m██[38;2;82;164;106m██[38;2;82;164;106m██[38;2;82;164;106m██[38;2;82;164;106m██[38;2;82;164;106m██[38;2;16;16;16m██                          [38;2;49;131;74m██[38;2;49;131;74m██[38;2;49;131;74m██[38;2;82;164;106m██[38;2;82;164;106m██[38;2;82;164;106m██[38;2;82;164;106m██[38;2;82;164;106m██[38;2;16;16;16m██
            [38;2;16;16;16m██[38;2;82;164;106m██[38;2;82;164;106m██[38;2;82;164;106m██[38;2;82;164;106m██[38;2;82;164;106m██[38;2;82;164;106m██[38;2;16;16;16m██                      [38;2;49;131;74m██[38;2;49;131;74m██[38;2;82;164;106m██[38;2;82;164;106m██[38;2;82;164;106m██[38;2;82;164;106m██[38;2;82;164;106m██[38;2;82;164;106m██[38;2;82;164;106m██[38;2;82;164;106m██[38;2;16;16;16m██
            [38;2;16;16;16m██[38;2;82;164;106m██[38;2;82;164;106m██[38;2;82;164;106m██[38;2;82;164;106m██[38;2;82;164;106m██[38;2;82;164;106m██[38;2;16;16;16m██                  [38;2;49;131;74m██[38;2;49;131;74m██[38;2;82;164;106m██[38;2;82;164;106m██[38;2;82;164;106m██[38;2;82;164;106m██[38;2;82;164;106m██[38;2;82;164;106m██[38;2;82;164;106m██[38;2;82;164;106m██[38;2;82;164;106m██[38;2;16;16;16m██  
            [38;2;16;16;16m██[38;2;82;164;106m██[38;2;82;164;106m██[38;2;139;222;164m██[38;2;255;238;164m██[38;2;255;238;164m██[38;2;139;222;164m██[38;2;16;16;16m██                [38;2;49;131;74m██[38;2;82;164;106m██[38;2;82;164;106m██[38;2;82;164;106m██[38;2;82;164;106m██[38;2;82;164;106m██[38;2;82;164;106m██[38;2;82;164;106m██[38;2;82;164;106m██[38;2;82;164;106m██[38;2;82;164;106m██[38;2;82;164;106m██[38;2;16;16;16m██  
              [38;2;16;16;16m██[38;2;82;164;106m██[38;2;255;238;164m██[38;2;255;238;164m██[38;2;255;238;164m██[38;2;255;238;164m██[38;2;16;16;16m██              [38;2;16;16;16m██[38;2;82;164;106m██[38;2;82;164;106m██[38;2;82;164;106m██[38;2;82;164;106m██[38;2;82;164;106m██[38;2;82;164;106m██[38;2;82;164;106m██[38;2;82;164;106m██[38;2;82;164;106m██[38;2;82;164;106m██[38;2;82;164;106m██[38;2;16;16;16m██    
              [38;2;16;16;16m██[38;2;82;164;106m██[38;2;255;238;164m██[38;2;255;238;164m██[38;2;255;238;164m██[38;2;255;238;164m██[38;2;16;16;16m██              [38;2;16;16;16m██[38;2;82;164;106m██[38;2;82;164;106m██[38;2;82;164;106m██[38;2;82;164;106m██[38;2;82;164;106m██[38;2;82;164;106m██[38;2;82;164;106m██[38;2;82;164;106m██[38;2;82;164;106m██[38;2;82;164;106m██[38;2;16;16;16m██      
                [38;2;16;16;16m██[38;2;139;222;164m██[38;2;255;238;164m██[38;2;255;238;164m██[38;2;139;98;74m██[38;2;16;16;16m██[38;2;16;16;16m██[38;2;16;16;16m██[38;2;16;16;16m██      [38;2;16;16;16m██[38;2;139;222;164m██[38;2;255;238;164m██[38;2;255;238;164m██[38;2;139;222;164m██[38;2;82;164;106m██[38;2;82;164;106m██[38;2;82;164;106m██[38;2;82;164;106m██[38;2;82;164;106m██[38;2;82;164;106m██[38;2;16;16;16m██        
                  [38;2;16;16;16m██[38;2;16;16;16m██[38;2;255;238;164m██[38;2;255;238;164m██[38;2;255;238;164m██[38;2;255;238;164m██[38;2;255;238;164m██[38;2;255;238;164m██[38;2;139;98;74m██[38;2;139;98;74m██  [38;2;16;16;16m██[38;2;255;238;164m██[38;2;255;238;164m██[38;2;255;238;164m██[38;2;255;238;164m██[38;2;82;164;106m██[38;2;82;164;106m██[38;2;82;164;106m██[38;2;82;164;106m██[38;2;82;164;106m██[38;2;16;16;16m██          
                [38;2;16;16;16m██[38;2;255;238;164m██[38;2;255;238;164m██[38;2;255;238;164m██[38;2;255;238;164m██[38;2;255;238;164m██[38;2;255;238;164m██[38;2;255;238;164m██[38;2;255;238;164m██[38;2;255;238;164m██[38;2;255;238;164m██[38;2;139;98;74m██[38;2;16;16;16m██[38;2;255;238;164m██[38;2;255;238;164m██[38;2;255;238;164m██[38;2;255;238;164m██[38;2;82;164;106m██[38;2;82;164;106m██[38;2;82;164;106m██[38;2;16;16;16m██[38;2;16;16;16m██            
              [38;2;16;16;16m██[38;2;255;238;164m██[38;2;255;238;164m██[38;2;255;238;164m██[38;2;255;238;164m██[38;2;255;238;164m██[38;2;255;238;164m██[38;2;255;238;164m██[38;2;255;238;164m██[38;2;255;238;164m██[38;2;255;238;164m██[38;2;255;238;164m██[38;2;255;238;164m██[38;2;255;238;164m██[38;2;255;238;164m██[38;2;255;238;164m██[38;2;255;238;164m██[38;2;139;222;164m██[38;2;82;164;106m██[38;2;16;16;16m██[38;2;16;16;16m██                
              [38;2;16;16;16m██[38;2;205;156;82m██[38;2;205;156;82m██[38;2;255;238;164m██[38;2;255;238;164m██[38;2;255;238;164m██[38;2;255;238;164m██[38;2;255;238;164m██[38;2;255;238;164m██[38;2;255;238;164m██[38;2;255;238;164m██[38;2;255;238;164m██[38;2;255;238;164m██[38;2;255;238;164m██[38;2;205;156;82m██[38;2;205;156;82m██[38;2;16;16;16m██[38;2;16;16;16m██[38;2;16;16;16m██                    
            [38;2;16;16;16m██[38;2;255;238;164m██[38;2;255;255;255m██[38;2;16;16;16m██[38;2;255;238;164m██[38;2;255;238;164m██[38;2;255;238;164m██[38;2;255;238;164m██[38;2;255;238;164m██[38;2;255;238;164m██[38;2;255;238;164m██[38;2;255;238;164m██[38;2;255;238;164m██[38;2;255;238;164m██[38;2;255;238;164m██[38;2;255;238;164m██[38;2;16;16;16m██                          
            [38;2;16;16;16m██[38;2;255;238;164m██[38;2;16;16;16m██[38;2;16;16;16m██[38;2;255;238;164m██[38;2;255;238;164m██[38;2;255;238;164m██[38;2;255;238;164m██[38;2;255;238;164m██[38;2;255;238;164m██[38;2;205;156;82m██[38;2;205;156;82m██[38;2;255;238;164m██[38;2;255;238;164m██[38;2;255;238;164m██[38;2;246;205;106m██[38;2;16;16;16m██                          
            [38;2;49;131;74m██[38;2;139;222;164m██[38;2;16;16;16m██[38;2;139;98;74m██[38;2;255;238;164m██[38;2;255;238;164m██[38;2;255;238;164m██[38;2;255;238;164m██[38;2;255;238;164m██[38;2;255;238;164m██[38;2;255;255;255m██[38;2;16;16;16m██[38;2;255;238;164m██[38;2;255;238;164m██[38;2;255;238;164m██[38;2;246;205;106m██[38;2;246;205;106m██[38;2;16;16;16m██                        
            [38;2;49;131;74m██[38;2;82;164;106m██[38;2;255;238;164m██[38;2;255;238;164m██[38;2;255;238;164m██[38;2;205;156;82m██[38;2;255;238;164m██[38;2;255;238;164m██[38;2;255;238;164m██[38;2;255;238;164m██[38;2;16;16;16m██[38;2;16;16;16m██[38;2;255;238;164m██[38;2;255;238;164m██[38;2;246;205;106m██[38;2;246;205;106m██[38;2;246;205;106m██[38;2;16;16;16m██                        
              [38;2;82;164;106m██[38;2;255;238;164m██[38;2;205;156;82m██[38;2;246;205;106m██[38;2;255;238;164m██[38;2;255;238;164m██[38;2;255;238;164m██[38;2;255;238;164m██[38;2;255;238;164m██[38;2;16;16;16m██[38;2;139;98;74m██[38;2;255;238;164m██[38;2;139;222;164m██[38;2;82;164;106m██[38;2;82;164;106m██[38;2;246;205;106m██[38;2;16;16;16m██                        
          [38;2;16;16;16m██[38;2;16;16;16m██[38;2;49;131;74m██[38;2;255;238;164m██[38;2;255;238;164m██[38;2;246;205;106m██[38;2;139;98;74m██[38;2;139;98;74m██[38;2;139;98;74m██[38;2;205;156;82m██[38;2;255;238;164m██[38;2;255;238;164m██[38;2;255;238;164m██[38;2;139;222;164m██[38;2;82;164;106m██[38;2;82;164;106m██[38;2;82;164;106m██[38;2;82;164;106m██[38;2;16;16;16m██                        
        [38;2;16;16;16m██[38;2;139;222;164m██[38;2;139;222;164m██[38;2;16;16;16m██[38;2;16;16;16m██[38;2;255;238;164m██[38;2;255;238;164m██[38;2;255;238;164m██[38;2;255;238;164m██[38;2;255;238;164m██[38;2;255;238;164m██[38;2;255;238;164m██[38;2;255;238;164m██[38;2;255;238;164m██[38;2;82;164;106m██[38;2;246;205;106m██[38;2;246;205;106m██[38;2;246;205;106m██[38;2;16;16;16m██                          
        [38;2;16;16;16m██[38;2;82;164;106m██[38;2;139;222;164m██[38;2;139;222;164m██[38;2;255;238;164m██[38;2;16;16;16m██[38;2;255;238;164m██[38;2;255;238;164m██[38;2;255;238;164m██[38;2;255;238;164m██[38;2;255;238;164m██[38;2;255;238;164m██[38;2;246;205;106m██[38;2;246;205;106m██[38;2;82;164;106m██[38;2;82;164;106m██[38;2;82;164;106m██[38;2;82;164;106m██[38;2;16;16;16m██                          
          [38;2;16;16;16m██[38;2;82;164;106m██[38;2;255;238;164m██[38;2;255;238;164m██[38;2;255;238;164m██[38;2;139;98;74m██[38;2;139;98;74m██[38;2;246;205;106m██[38;2;246;205;106m██[38;2;246;205;106m██[38;2;246;205;106m██[38;2;246;205;106m██[38;2;246;205;106m██[38;2;139;222;164m██[38;2;82;164;106m██[38;2;82;164;106m██[38;2;16;16;16m██                            
          [38;2;16;16;16m██[38;2;246;205;106m██[38;2;246;205;106m██[38;2;255;238;164m██[38;2;255;238;164m██[38;2;255;238;164m██[38;2;246;205;106m██[38;2;246;205;106m██[38;2;246;205;106m██[38;2;246;205;106m██[38;2;246;205;106m██[38;2;246;205;106m██[38;2;246;205;106m██[38;2;246;205;106m██[38;2;16;16;16m██[38;2;16;16;16m██                              
            [38;2;16;16;16m██[38;2;246;205;106m██[38;2;246;205;106m██[38;2;255;238;164m██[38;2;255;238;164m██[38;2;255;238;164m██[38;2;255;238;164m██[38;2;246;205;106m██[38;2;246;205;106m██[38;2;139;98;74m██[38;2;16;16;16m██[38;2;16;16;16m██[38;2;16;16;16m██                                  
    [38;2;82;164;106m██[38;2;82;164;106m██      [38;2;16;16;16m██[38;2;255;238;164m██[38;2;255;238;164m██[38;2;255;238;164m██[38;2;255;238;164m██[38;2;255;238;164m██[38;2;255;238;164m██[38;2;246;205;106m██[38;2;246;205;106m██[38;2;246;205;106m██[38;2;246;205;106m██[38;2;49;131;74m██[38;2;49;131;74m██[38;2;49;131;74m██                              
[38;2;82;164;106m██[38;2;139;222;164m██[38;2;139;222;164m██[38;2;139;222;164m██[38;2;82;164;106m██  [38;2;139;98;74m██[38;2;246;205;106m██[38;2;255;238;164m██[38;2;139;98;74m██[38;2;139;98;74m██[38;2;255;238;164m██[38;2;255;238;164m██[38;2;255;238;164m██[38;2;255;238;164m██[38;2;139;98;74m██[38;2;246;205;106m██[38;2;246;205;106m██[38;2;246;205;106m██[38;2;82;164;106m██[38;2;82;164;106m██[38;2;49;131;74m██                            
[38;2;82;164;106m██[38;2;139;222;164m██[38;2;139;222;164m██[38;2;139;222;164m██[38;2;82;164;106m██  [38;2;139;98;74m██[38;2;246;205;106m██[38;2;139;98;74m██[38;2;255;238;164m██[38;2;255;238;164m██[38;2;139;98;74m██[38;2;255;238;164m██[38;2;255;238;164m██[38;2;255;238;164m██[38;2;139;98;74m██[38;2;139;98;74m██[38;2;246;205;106m██[38;2;246;205;106m██[38;2;82;164;106m██[38;2;82;164;106m██[38;2;16;16;16m██                            
[38;2;82;164;106m██[38;2;139;222;164m██[38;2;139;222;164m██[38;2;139;222;164m██[38;2;139;222;164m██[38;2;16;16;16m██[38;2;246;205;106m██[38;2;139;98;74m██[38;2;255;238;164m██[38;2;246;205;106m██[38;2;246;205;106m██[38;2;16;16;16m██[38;2;255;238;164m██[38;2;255;238;164m██[38;2;255;238;164m██[38;2;255;238;164m██[38;2;16;16;16m██[38;2;16;16;16m██[38;2;16;16;16m██[38;2;16;16;16m██[38;2;49;131;74m██                              
  [38;2;49;131;74m██[38;2;139;222;164m██[38;2;139;222;164m██[38;2;139;222;164m██[38;2;16;16;16m██[38;2;246;205;106m██[38;2;139;98;74m██[38;2;255;238;164m██[38;2;246;205;106m██[38;2;246;205;106m██[38;2;16;16;16m██[38;2;255;238;164m██[38;2;255;238;164m██[38;2;255;238;164m██[38;2;255;238;164m██[38;2;16;16;16m██                                      
  [38;2;16;16;16m██[38;2;139;222;164m██[38;2;139;222;164m██[38;2;82;164;106m██[38;2;16;16;16m██[38;2;246;205;106m██[38;2;246;205;106m██[38;2;246;205;106m██[38;2;246;205;106m██[38;2;16;16;16m██[38;2;255;238;164m██[38;2;255;238;164m██[38;2;255;238;164m██[38;2;255;238;164m██[38;2;246;205;106m██[38;2;16;16;16m██                                      
  [38;2;16;16;16m██[38;2;139;222;164m██[38;2;82;164;106m██[38;2;82;164;106m██[38;2;82;164;106m██[38;2;16;16;16m██[38;2;246;205;106m██[38;2;246;205;106m██[38;2;246;205;106m██[38;2;246;205;106m██[38;2;246;205;106m██[38;2;246;205;106m██[38;2;246;205;106m██[38;2;246;205;106m██[38;2;246;205;106m██[38;2;16;16;16m██                                      
    [38;2;49;131;74m██[38;2;82;164;106m██[38;2;82;164;106m██[38;2;82;164;106m██[38;2;49;131;74m██[38;2;16;16;16m██[38;2;16;16;16m██[38;2;246;205;106m██[38;2;246;205;106m██[38;2;246;205;106m██[38;2;246;205;106m██[38;2;246;205;106m██[38;2;246;205;106m██[38;2;16;16;16m██                                        
    [38;2;16;16;16m██[38;2;82;164;106m██[38;2;82;164;106m██[38;2;82;164;106m██[38;2;49;131;74m██    [38;2;16;16;16m██[38;2;139;98;74m██[38;2;246;205;106m██[38;2;246;205;106m██[38;2;246;205;106m██[38;2;246;205;106m██[38;2;16;16;16m██                                        
    [38;2;16;16;16m██[38;2;82;164;106m██[38;2;82;164;106m██[38;2;49;131;74m██[38;2;16;16;16m██      [38;2;16;16;16m██[38;2;246;205;106m██[38;2;246;205;106m██[38;2;246;205;106m██[38;2;16;16;16m██                                          
      [38;2;16;16;16m██[38;2;16;16;16m██[38;2;49;131;74m██        [38;2;16;16;16m██[38;2;246;205;106m██[38;2;246;205;106m██[38;2;16;16;16m██                                            
                      [38;2;16;16;16m██[38;2;16;16;16m██                                              
