                                                        [38;2;180;115;0m██[38;2;16;16;16m██                      
                                                        [38;2;180;115;0m██[38;2;255;197;0m██[38;2;16;16;16m██                    
                                                      [38;2;180;115;0m██[38;2;180;115;0m██[38;2;255;197;0m██[38;2;230;156;0m██[38;2;16;16;16m██  [38;2;180;115;0m██[38;2;180;115;0m██            
                              [38;2;180;115;0m██[38;2;16;16;16m██                [38;2;180;115;0m██  [38;2;16;16;16m██[38;2;230;156;0m██[38;2;230;156;0m██[38;2;230;156;0m██[38;2;16;16;16m██  [38;2;180;115;0m██[38;2;255;197;0m██[38;2;16;16;16m██          
                            [38;2;16;16;16m██[38;2;180;115;0m██[38;2;255;197;0m██[38;2;16;16;16m██          [38;2;180;115;0m██[38;2;180;115;0m██[38;2;230;156;0m██[38;2;180;115;0m██  [38;2;16;16;16m██[38;2;230;156;0m██[38;2;230;156;0m██[38;2;230;156;0m██[38;2;16;16;16m██[38;2;180;115;0m██[38;2;255;197;0m██[38;2;16;16;16m██    [38;2;16;16;16m██[38;2;16;16;16m██[38;2;16;16;16m██
                          [38;2;180;115;0m██[38;2;255;197;0m██[38;2;16;16;16m██[38;2;255;197;0m██[38;2;16;16;16m██          [38;2;180;115;0m██[38;2;230;156;0m██[38;2;230;156;0m██[38;2;197;213;98m██[38;2;98;123;16m██[38;2;16;16;16m██[38;2;230;156;0m██[38;2;230;156;0m██[38;2;230;156;0m██[38;2;16;16;16m██[38;2;255;197;0m██[38;2;230;156;0m██[38;2;230;156;0m██[38;2;16;16;16m██[38;2;180;115;0m██[38;2;230;156;0m██[38;2;230;156;0m██[38;2;180;115;0m██
                          [38;2;180;115;0m██[38;2;255;197;0m██[38;2;230;156;0m██[38;2;180;115;0m██[38;2;230;156;0m██[38;2;16;16;16m██          [38;2;180;115;0m██[38;2;230;156;0m██[38;2;197;213;98m██[38;2;98;123;16m██[38;2;16;16;16m██[38;2;230;156;0m██[38;2;197;213;98m██[38;2;230;156;0m██[38;2;180;115;0m██[38;2;255;197;0m██[38;2;230;156;0m██[38;2;230;156;0m██[38;2;16;16;16m██[38;2;230;156;0m██[38;2;230;156;0m██[38;2;16;16;16m██  
                            [38;2;180;115;0m██[38;2;230;156;0m██[38;2;230;156;0m██[38;2;230;156;0m██[38;2;230;156;0m██[38;2;16;16;16m██        [38;2;98;123;16m██[38;2;197;213;98m██[38;2;197;213;98m██[38;2;197;213;98m██[38;2;180;115;0m██[38;2;230;156;0m██[38;2;197;213;98m██[38;2;197;213;98m██[38;2;180;115;0m██[38;2;230;156;0m██[38;2;230;156;0m██[38;2;230;156;0m██[38;2;230;156;0m██[38;2;230;156;0m██[38;2;180;115;0m██[38;2;230;156;0m██[38;2;180;115;0m██
                            [38;2;180;115;0m██[38;2;230;156;0m██[38;2;139;164;65m██[38;2;230;156;0m██[38;2;139;164;65m██[38;2;16;16;16m██[38;2;16;16;16m██[38;2;16;16;16m██[38;2;16;16;16m██  [38;2;98;123;16m██[38;2;197;213;98m██[38;2;98;123;16m██[38;2;197;213;98m██[38;2;197;213;98m██[38;2;197;213;98m██[38;2;197;213;98m██[38;2;197;213;98m██[38;2;180;115;0m██[38;2;197;213;98m██[38;2;230;156;0m██[38;2;139;164;65m██[38;2;230;156;0m██[38;2;139;164;65m██[38;2;139;164;65m██[38;2;230;156;0m██[38;2;180;115;0m██
                            [38;2;16;16;16m██[38;2;139;164;65m██[38;2;139;164;65m██[38;2;139;164;65m██[38;2;16;16;16m██[38;2;197;213;98m██[38;2;197;213;98m██[38;2;197;213;98m██[38;2;197;213;98m██[38;2;16;16;16m██[38;2;16;16;16m██[38;2;98;123;16m██[38;2;197;213;98m██[38;2;197;213;98m██[38;2;197;213;98m██[38;2;197;213;98m██[38;2;197;213;98m██[38;2;98;123;16m██[38;2;197;213;98m██[38;2;197;213;98m██[38;2;230;156;0m██[38;2;139;164;65m██[38;2;139;164;65m██[38;2;139;164;65m██[38;2;139;164;65m██[38;2;180;115;0m██  
          [38;2;16;16;16m██[38;2;16;16;16m██[38;2;16;16;16m██    [38;2;16;16;16m██[38;2;180;115;0m██  [38;2;16;16;16m██[38;2;255;197;0m██[38;2;180;115;0m██[38;2;139;164;65m██[38;2;98;123;16m██[38;2;197;213;98m██[38;2;197;213;98m██[38;2;197;213;98m██[38;2;197;213;98m██[38;2;197;213;98m██[38;2;197;213;98m██[38;2;197;213;98m██[38;2;197;213;98m██[38;2;197;213;98m██[38;2;180;115;0m██[38;2;180;115;0m██[38;2;197;213;98m██[38;2;197;213;98m██[38;2;197;213;98m██[38;2;197;213;98m██[38;2;98;123;16m██[38;2;139;164;65m██[38;2;139;164;65m██[38;2;139;164;65m██[38;2;139;164;65m██[38;2;180;115;0m██    
      [38;2;16;16;16m██[38;2;16;16;16m██[38;2;139;164;65m██[38;2;139;164;65m██[38;2;139;164;65m██[38;2;98;123;16m██[38;2;98;123;16m██[38;2;16;16;16m██[38;2;255;197;0m██[38;2;180;115;0m██[38;2;16;16;16m██[38;2;255;197;0m██[38;2;180;115;0m██[38;2;139;164;65m██[38;2;16;16;16m██[38;2;197;213;98m██[38;2;197;213;98m██[38;2;197;213;98m██[38;2;197;213;98m██[38;2;197;213;98m██[38;2;197;213;98m██[38;2;180;115;0m██[38;2;180;115;0m██[38;2;180;115;0m██[38;2;16;16;16m██[38;2;255;197;0m██[38;2;16;16;16m██[38;2;180;115;0m██[38;2;197;213;98m██[38;2;197;213;98m██[38;2;98;123;16m██[38;2;139;164;65m██[38;2;139;164;65m██[38;2;139;164;65m██[38;2;16;16;16m██      
    [38;2;98;123;16m██[38;2;139;164;65m██[38;2;139;164;65m██[38;2;139;164;65m██[38;2;139;164;65m██[38;2;139;164;65m██[38;2;139;164;65m██[38;2;139;164;65m██[38;2;139;164;65m██[38;2;16;16;16m██[38;2;255;197;0m██[38;2;16;16;16m██[38;2;255;197;0m██[38;2;255;197;0m██[38;2;16;16;16m██[38;2;230;156;0m██[38;2;16;16;16m██[38;2;139;164;65m██[38;2;197;213;98m██[38;2;197;213;98m██[38;2;197;213;98m██[38;2;197;213;98m██[38;2;16;16;16m██[38;2;255;197;0m██[38;2;255;197;0m██[38;2;16;16;16m██[38;2;255;197;0m██[38;2;16;16;16m██[38;2;255;197;0m██[38;2;180;115;0m██[38;2;197;213;98m██[38;2;139;164;65m██[38;2;139;164;65m██[38;2;139;164;65m██[38;2;139;164;65m██[38;2;16;16;16m██      
  [38;2;98;123;16m██[38;2;139;164;65m██[38;2;139;164;65m██[38;2;139;164;65m██[38;2;139;164;65m██[38;2;139;164;65m██[38;2;139;164;65m██[38;2;139;164;65m██[38;2;139;164;65m██[38;2;139;164;65m██[38;2;16;16;16m██[38;2;255;197;0m██[38;2;230;156;0m██[38;2;230;156;0m██[38;2;255;197;0m██[38;2;180;115;0m██[38;2;230;156;0m██[38;2;16;16;16m██[38;2;139;164;65m██[38;2;139;164;65m██[38;2;139;164;65m██[38;2;139;164;65m██[38;2;139;164;65m██[38;2;139;164;65m██[38;2;16;16;16m██[38;2;255;197;0m██[38;2;255;197;0m██[38;2;255;197;0m██[38;2;255;197;0m██[38;2;255;197;0m██[38;2;180;115;0m██[38;2;197;213;98m██[38;2;139;164;65m██[38;2;139;164;65m██[38;2;139;164;65m██[38;2;16;16;16m██        
  [38;2;98;123;16m██[38;2;139;164;65m██[38;2;139;164;65m██[38;2;139;164;65m██[38;2;139;164;65m██[38;2;139;164;65m██[38;2;139;164;65m██[38;2;139;164;65m██[38;2;16;16;16m██[38;2;16;16;16m██[38;2;230;156;0m██[38;2;230;156;0m██[38;2;230;156;0m██[38;2;197;213;98m██[38;2;230;156;0m██[38;2;230;156;0m██[38;2;230;156;0m██[38;2;16;16;16m██[38;2;139;164;65m██[38;2;139;164;65m██[38;2;139;164;65m██[38;2;139;164;65m██[38;2;139;164;65m██[38;2;139;164;65m██[38;2;16;16;16m██[38;2;255;197;0m██[38;2;230;156;0m██[38;2;230;156;0m██[38;2;255;197;0m██[38;2;255;197;0m██[38;2;255;197;0m██[38;2;16;16;16m██[38;2;139;164;65m██[38;2;139;164;65m██[38;2;139;164;65m██[38;2;16;16;16m██        
[38;2;98;123;16m██[38;2;139;164;65m██[38;2;139;164;65m██[38;2;139;164;65m██[38;2;139;164;65m██[38;2;139;164;65m██[38;2;98;123;16m██[38;2;98;123;16m██[38;2;98;123;16m██[38;2;197;213;98m██[38;2;230;156;0m██[38;2;230;156;0m██[38;2;197;213;98m██[38;2;197;213;98m██[38;2;197;213;98m██[38;2;230;156;0m██[38;2;230;156;0m██[38;2;197;213;98m██[38;2;16;16;16m██[38;2;139;164;65m██[38;2;139;164;65m██[38;2;139;164;65m██[38;2;139;164;65m██[38;2;139;164;65m██[38;2;139;164;65m██[38;2;16;16;16m██[38;2;230;156;0m██[38;2;230;156;0m██[38;2;230;156;0m██[38;2;255;197;0m██[38;2;255;197;0m██[38;2;230;156;0m██[38;2;16;16;16m██[38;2;139;164;65m██[38;2;139;164;65m██[38;2;139;164;65m██[38;2;16;16;16m██        
[38;2;98;123;16m██[38;2;139;164;65m██[38;2;139;164;65m██[38;2;139;164;65m██[38;2;16;16;16m██[38;2;16;16;16m██[38;2;139;164;65m██[38;2;197;213;98m██[38;2;197;213;98m██[38;2;197;213;98m██[38;2;197;213;98m██[38;2;197;213;98m██[38;2;197;213;98m██[38;2;197;213;98m██[38;2;197;213;98m██[38;2;197;213;98m██[38;2;197;213;98m██[38;2;16;16;16m██[38;2;139;164;65m██[38;2;139;164;65m██[38;2;139;164;65m██[38;2;139;164;65m██[38;2;139;164;65m██[38;2;98;123;16m██[38;2;16;16;16m██[38;2;230;156;0m██[38;2;230;156;0m██[38;2;230;156;0m██[38;2;230;156;0m██[38;2;230;156;0m██[38;2;230;156;0m██[38;2;230;156;0m██[38;2;16;16;16m██[38;2;139;164;65m██[38;2;139;164;65m██[38;2;139;164;65m██[38;2;98;123;16m██        
[38;2;16;16;16m██[38;2;139;164;65m██[38;2;139;164;65m██[38;2;98;123;16m██[38;2;139;164;65m██[38;2;139;164;65m██[38;2;197;213;98m██[38;2;197;213;98m██[38;2;197;213;98m██[38;2;197;213;98m██[38;2;98;123;16m██[38;2;98;123;16m██[38;2;98;123;16m██[38;2;98;123;16m██[38;2;197;213;98m██[38;2;197;213;98m██[38;2;98;123;16m██[38;2;139;164;65m██[38;2;139;164;65m██[38;2;139;164;65m██[38;2;139;164;65m██[38;2;16;16;16m██[38;2;16;16;16m██[38;2;230;156;0m██[38;2;230;156;0m██[38;2;230;156;0m██[38;2;197;213;98m██[38;2;230;156;0m██[38;2;230;156;0m██[38;2;230;156;0m██[38;2;230;156;0m██[38;2;230;156;0m██[38;2;16;16;16m██[38;2;139;164;65m██[38;2;139;164;65m██[38;2;139;164;65m██[38;2;139;164;65m██[38;2;98;123;16m██      
[38;2;16;16;16m██[38;2;139;164;65m██[38;2;16;16;16m██[38;2;139;164;65m██[38;2;139;164;65m██[38;2;139;164;65m██[38;2;197;213;98m██[38;2;197;213;98m██[38;2;197;213;98m██[38;2;16;16;16m██[38;2;197;213;98m██[38;2;197;213;98m██[38;2;197;213;98m██[38;2;197;213;98m██[38;2;98;123;16m██[38;2;98;123;16m██[38;2;139;164;65m██[38;2;139;164;65m██[38;2;139;164;65m██[38;2;139;164;65m██[38;2;16;16;16m██[38;2;230;156;0m██[38;2;230;156;0m██[38;2;230;156;0m██[38;2;197;213;98m██[38;2;197;213;98m██[38;2;197;213;98m██[38;2;230;156;0m██[38;2;230;156;0m██[38;2;230;156;0m██[38;2;230;156;0m██[38;2;230;156;0m██[38;2;16;16;16m██[38;2;139;164;65m██[38;2;139;164;65m██[38;2;139;164;65m██[38;2;139;164;65m██[38;2;98;123;16m██      
  [38;2;16;16;16m██[38;2;16;16;16m██[38;2;139;164;65m██[38;2;139;164;65m██[38;2;139;164;65m██[38;2;139;164;65m██[38;2;197;213;98m██[38;2;16;16;16m██[38;2;197;213;98m██[38;2;197;213;98m██[38;2;197;213;98m██[38;2;197;213;98m██[38;2;197;213;98m██[38;2;197;213;98m██[38;2;197;213;98m██[38;2;139;164;65m██[38;2;139;164;65m██[38;2;139;164;65m██[38;2;180;115;0m██[38;2;230;156;0m██[38;2;230;156;0m██[38;2;230;156;0m██[38;2;197;213;98m██[38;2;197;213;98m██[38;2;197;213;98m██[38;2;230;156;0m██[38;2;230;156;0m██[38;2;230;156;0m██[38;2;197;213;98m██[38;2;230;156;0m██[38;2;16;16;16m██[38;2;139;164;65m██[38;2;139;164;65m██[38;2;139;164;65m██[38;2;139;164;65m██[38;2;139;164;65m██[38;2;139;164;65m██[38;2;16;16;16m██    
  [38;2;16;16;16m██[38;2;16;16;16m██[38;2;139;164;65m██[38;2;139;164;65m██[38;2;139;164;65m██[38;2;139;164;65m██[38;2;139;164;65m██[38;2;16;16;16m██[38;2;139;164;65m██[38;2;197;213;98m██[38;2;197;213;98m██[38;2;197;213;98m██[38;2;197;213;98m██[38;2;197;213;98m██[38;2;197;213;98m██[38;2;197;213;98m██[38;2;197;213;98m██[38;2;197;213;98m██[38;2;180;115;0m██[38;2;230;156;0m██[38;2;197;213;98m██[38;2;197;213;98m██[38;2;197;213;98m██[38;2;197;213;98m██[38;2;230;156;0m██[38;2;230;156;0m██[38;2;197;213;98m██[38;2;197;213;98m██[38;2;197;213;98m██[38;2;230;156;0m██[38;2;16;16;16m██[38;2;139;164;65m██[38;2;139;164;65m██[38;2;139;164;65m██[38;2;139;164;65m██[38;2;139;164;65m██[38;2;139;164;65m██[38;2;16;16;16m██    
    [38;2;16;16;16m██[38;2;139;164;65m██[38;2;139;164;65m██[38;2;139;164;65m██[38;2;139;164;65m██[38;2;139;164;65m██[38;2;98;123;16m██[38;2;139;164;65m██[38;2;139;164;65m██[38;2;139;164;65m██[38;2;139;164;65m██[38;2;197;213;98m██[38;2;197;213;98m██[38;2;197;213;98m██[38;2;197;213;98m██[38;2;197;213;98m██[38;2;98;123;16m██[38;2;197;213;98m██[38;2;197;213;98m██[38;2;197;213;98m██[38;2;197;213;98m██[38;2;197;213;98m██[38;2;197;213;98m██[38;2;197;213;98m██[38;2;197;213;98m██[38;2;197;213;98m██[38;2;197;213;98m██[38;2;197;213;98m██[38;2;16;16;16m██[38;2;139;164;65m██[38;2;139;164;65m██[38;2;139;164;65m██[38;2;139;164;65m██[38;2;139;164;65m██[38;2;139;164;65m██[38;2;139;164;65m██[38;2;16;16;16m██    
      [38;2;16;16;16m██[38;2;139;164;65m██[38;2;139;164;65m██[38;2;139;164;65m██[38;2;139;164;65m██[38;2;98;123;16m██[38;2;139;164;65m██[38;2;139;164;65m██[38;2;139;164;65m██[38;2;139;164;65m██[38;2;139;164;65m██[38;2;139;164;65m██[38;2;139;164;65m██[38;2;139;164;65m██[38;2;139;164;65m██[38;2;98;123;16m██[38;2;197;213;98m██[38;2;197;213;98m██[38;2;197;213;98m██[38;2;197;213;98m██[38;2;197;213;98m██[38;2;139;164;65m██[38;2;139;164;65m██[38;2;139;164;65m██[38;2;197;213;98m██[38;2;197;213;98m██[38;2;139;164;65m██[38;2;16;16;16m██[38;2;139;164;65m██[38;2;139;164;65m██[38;2;139;164;65m██[38;2;139;164;65m██[38;2;139;164;65m██[38;2;16;16;16m██[38;2;16;16;16m██      
      [38;2;16;16;16m██[38;2;139;164;65m██[38;2;139;164;65m██[38;2;139;164;65m██[38;2;139;164;65m██[38;2;139;164;65m██[38;2;98;123;16m██[38;2;139;164;65m██[38;2;139;164;65m██[38;2;139;164;65m██[38;2;139;164;65m██[38;2;139;164;65m██[38;2;139;164;65m██[38;2;139;164;65m██[38;2;98;123;16m██[38;2;197;213;98m██[38;2;197;213;98m██[38;2;197;213;98m██[38;2;197;213;98m██[38;2;139;164;65m██[38;2;139;164;65m██[38;2;139;164;65m██[38;2;139;164;65m██[38;2;139;164;65m██[38;2;139;164;65m██[38;2;197;213;98m██[38;2;16;16;16m██[38;2;139;164;65m██[38;2;139;164;65m██[38;2;139;164;65m██[38;2;139;164;65m██[38;2;139;164;65m██[38;2;16;16;16m██          
        [38;2;16;16;16m██[38;2;139;164;65m██[38;2;139;164;65m██[38;2;139;164;65m██[38;2;139;164;65m██[38;2;139;164;65m██[38;2;139;164;65m██[38;2;139;164;65m██[38;2;139;164;65m██[38;2;139;164;65m██[38;2;139;164;65m██[38;2;98;123;16m██[38;2;98;123;16m██[38;2;197;213;98m██[38;2;197;213;98m██[38;2;197;213;98m██[38;2;197;213;98m██[38;2;139;164;65m██[38;2;139;164;65m██[38;2;139;164;65m██[38;2;139;164;65m██[38;2;139;164;65m██[38;2;139;164;65m██[38;2;139;164;65m██[38;2;98;123;16m██[38;2;139;164;65m██[38;2;139;164;65m██[38;2;139;164;65m██[38;2;139;164;65m██[38;2;139;164;65m██[38;2;16;16;16m██            
          [38;2;16;16;16m██[38;2;16;16;16m██[38;2;139;164;65m██[38;2;139;164;65m██[38;2;139;164;65m██[38;2;139;164;65m██[38;2;139;164;65m██[38;2;139;164;65m██[38;2;139;164;65m██[38;2;172;189;82m██[38;2;197;213;98m██[38;2;197;213;98m██[38;2;197;213;98m██[38;2;197;213;98m██[38;2;139;164;65m██[38;2;139;164;65m██[38;2;139;164;65m██[38;2;139;164;65m██[38;2;139;164;65m██[38;2;139;164;65m██[38;2;139;164;65m██[38;2;98;123;16m██[38;2;98;123;16m██[38;2;139;164;65m██[38;2;139;164;65m██[38;2;139;164;65m██[38;2;139;164;65m██[38;2;139;164;65m██[38;2;139;164;65m██[38;2;16;16;16m██            
          [38;2;16;16;16m██[38;2;255;197;8m██[38;2;16;16;16m██[38;2;16;16;16m██[38;2;139;164;65m██[38;2;139;164;65m██[38;2;139;164;65m██[38;2;139;164;65m██[38;2;139;164;65m██[38;2;139;164;65m██[38;2;139;164;65m██[38;2;139;164;65m██[38;2;139;164;65m██[38;2;139;164;65m██[38;2;16;16;16m██[38;2;16;16;16m██[38;2;16;16;16m██[38;2;16;16;16m██[38;2;139;164;65m██[38;2;139;164;65m██[38;2;139;164;65m██[38;2;139;164;65m██[38;2;139;164;65m██[38;2;139;164;65m██[38;2;139;164;65m██[38;2;98;123;16m██[38;2;98;123;16m██[38;2;139;164;65m██[38;2;139;164;65m██[38;2;98;123;16m██            
          [38;2;16;16;16m██[38;2;255;197;8m██[38;2;189;32;24m██[38;2;16;16;16m██[38;2;16;16;16m██[38;2;139;164;65m██[38;2;139;164;65m██[38;2;139;164;65m██[38;2;139;164;65m██[38;2;16;16;16m██[38;2;16;16;16m██[38;2;16;16;16m██[38;2;16;16;16m██[38;2;16;16;16m██[38;2;255;197;8m██[38;2;255;197;8m██[38;2;16;16;16m██[38;2;16;16;16m██[38;2;139;164;65m██[38;2;139;164;65m██[38;2;139;164;65m██[38;2;139;164;65m██[38;2;139;164;65m██[38;2;98;123;16m██[38;2;98;123;16m██    [38;2;16;16;16m██[38;2;16;16;16m██              
            [38;2;16;16;16m██[38;2;255;255;255m██[38;2;189;32;24m██[38;2;16;16;16m██[38;2;197;213;98m██[38;2;172;189;82m██[38;2;139;164;65m██[38;2;139;164;65m██[38;2;16;16;16m██[38;2;189;32;24m██[38;2;16;16;16m██[38;2;16;16;16m██[38;2;189;32;24m██[38;2;255;197;8m██[38;2;255;197;8m██[38;2;16;16;16m██[38;2;16;16;16m██[38;2;197;213;98m██[38;2;172;189;82m██[38;2;139;164;65m██[38;2;139;164;65m██[38;2;98;123;16m██[38;2;139;164;65m██[38;2;98;123;16m██                      
            [38;2;16;16;16m██[38;2;16;16;16m██[38;2;16;16;16m██[38;2;197;213;98m██[38;2;197;213;98m██[38;2;197;213;98m██[38;2;197;213;98m██[38;2;197;213;98m██[38;2;16;16;16m██[38;2;189;32;24m██[38;2;16;16;16m██[38;2;255;255;255m██[38;2;189;32;24m██[38;2;255;246;82m██[38;2;255;197;8m██[38;2;16;16;16m██[38;2;98;123;16m██[38;2;197;213;98m██[38;2;197;213;98m██[38;2;139;164;65m██[38;2;139;164;65m██[38;2;98;123;16m██[38;2;139;164;65m██[38;2;98;123;16m██                      
              [38;2;98;123;16m██[38;2;197;213;98m██[38;2;197;213;98m██[38;2;197;213;98m██[38;2;197;213;98m██[38;2;197;213;98m██[38;2;197;213;98m██[38;2;197;213;98m██[38;2;16;16;16m██[38;2;255;90;41m██[38;2;189;32;24m██[38;2;255;246;82m██[38;2;255;246;82m██[38;2;16;16;16m██[38;2;98;123;16m██[38;2;197;213;98m██[38;2;197;213;98m██[38;2;197;213;98m██[38;2;139;164;65m██[38;2;98;123;16m██[38;2;139;164;65m██[38;2;139;164;65m██[38;2;139;164;65m██[38;2;98;123;16m██[38;2;98;123;16m██[38;2;98;123;16m██                
                [38;2;98;123;16m██[38;2;197;213;98m██[38;2;98;123;16m██[38;2;197;213;98m██[38;2;197;213;98m██[38;2;139;164;65m██[38;2;197;213;98m██[38;2;197;213;98m██[38;2;16;16;16m██[38;2;16;16;16m██[38;2;16;16;16m██[38;2;16;16;16m██[38;2;197;213;98m██[38;2;197;213;98m██[38;2;197;213;98m██[38;2;197;213;98m██[38;2;139;164;65m██[38;2;98;123;16m██[38;2;123;32;0m██[38;2;98;123;16m██[38;2;139;164;65m██[38;2;139;164;65m██[38;2;139;164;65m██[38;2;139;164;65m██[38;2;139;164;65m██[38;2;16;16;16m██              
                  [38;2;98;123;16m██[38;2;98;123;16m██[38;2;16;16;16m██[38;2;16;16;16m██[38;2;197;213;98m██[38;2;197;213;98m██[38;2;197;213;98m██[38;2;197;213;98m██[38;2;197;213;98m██[38;2;197;213;98m██[38;2;197;213;98m██[38;2;197;213;98m██[38;2;197;213;98m██[38;2;197;213;98m██[38;2;98;123;16m██[38;2;98;123;16m██[38;2;123;32;0m██[38;2;189;32;24m██[38;2;123;32;0m██[38;2;139;164;65m██[38;2;139;164;65m██[38;2;139;164;65m██[38;2;139;164;65m██[38;2;139;164;65m██[38;2;16;16;16m██              
                      [38;2;98;123;16m██[38;2;98;123;16m██[38;2;98;123;16m██[38;2;197;213;98m██[38;2;197;213;98m██[38;2;197;213;98m██[38;2;197;213;98m██[38;2;197;213;98m██[38;2;197;213;98m██[38;2;98;123;16m██[38;2;98;123;16m██[38;2;98;123;16m██[38;2;123;32;0m██[38;2;123;32;0m██[38;2;98;123;16m██[38;2;123;32;0m██[38;2;98;123;16m██[38;2;139;164;65m██[38;2;139;164;65m██[38;2;139;164;65m██[38;2;139;164;65m██[38;2;16;16;16m██                
                      [38;2;123;32;0m██[38;2;189;32;24m██[38;2;189;32;24m██[38;2;98;123;16m██[38;2;98;123;16m██[38;2;98;123;16m██[38;2;98;123;16m██[38;2;98;123;16m██[38;2;98;123;16m██[38;2;123;32;0m██[38;2;123;32;0m██[38;2;123;32;0m██[38;2;255;90;41m██[38;2;189;32;24m██[38;2;16;16;16m██[38;2;139;164;65m██[38;2;139;164;65m██[38;2;139;164;65m██[38;2;139;164;65m██[38;2;139;164;65m██[38;2;98;123;16m██                  
                      [38;2;123;32;0m██[38;2;255;90;41m██[38;2;189;32;24m██[38;2;123;32;0m██[38;2;16;16;16m██[38;2;255;90;41m██[38;2;255;90;41m██[38;2;123;32;0m██[38;2;123;32;0m██[38;2;255;90;41m██[38;2;189;32;24m██[38;2;16;16;16m██[38;2;189;32;24m██[38;2;189;32;24m██[38;2;16;16;16m██[38;2;139;164;65m██[38;2;139;164;65m██[38;2;139;164;65m██[38;2;139;164;65m██[38;2;139;164;65m██[38;2;98;123;16m██                  
                        [38;2;123;32;0m██[38;2;123;32;0m██[38;2;16;16;16m██[38;2;255;90;41m██[38;2;255;255;255m██[38;2;189;32;24m██[38;2;255;90;41m██[38;2;16;16;16m██[38;2;189;32;24m██[38;2;189;32;24m██[38;2;16;16;16m██[38;2;16;16;16m██[38;2;16;16;16m██[38;2;139;164;65m██[38;2;139;164;65m██[38;2;139;164;65m██[38;2;139;164;65m██[38;2;139;164;65m██[38;2;139;164;65m██[38;2;139;164;65m██[38;2;98;123;16m██                
                            [38;2;16;16;16m██[38;2;255;90;41m██[38;2;189;32;24m██[38;2;189;32;24m██[38;2;189;32;24m██[38;2;16;16;16m██[38;2;16;16;16m██[38;2;16;16;16m██[38;2;197;213;98m██[38;2;197;213;98m██[38;2;197;213;98m██[38;2;197;213;98m██[38;2;197;213;98m██[38;2;139;164;65m██[38;2;139;164;65m██[38;2;139;164;65m██[38;2;139;164;65m██[38;2;139;164;65m██[38;2;16;16;16m██                
                              [38;2;16;16;16m██[38;2;189;32;24m██[38;2;189;32;24m██[38;2;16;16;16m██[38;2;197;213;98m██[38;2;197;213;98m██[38;2;197;213;98m██[38;2;197;213;98m██[38;2;197;213;98m██[38;2;197;213;98m██[38;2;197;213;98m██[38;2;197;213;98m██[38;2;197;213;98m██[38;2;139;164;65m██[38;2;139;164;65m██[38;2;16;16;16m██[38;2;16;16;16m██                  
                                [38;2;16;16;16m██[38;2;16;16;16m██[38;2;98;123;16m██[38;2;197;213;98m██[38;2;197;213;98m██[38;2;16;16;16m██[38;2;16;16;16m██[38;2;197;213;98m██[38;2;197;213;98m██[38;2;197;213;98m██[38;2;197;213;98m██[38;2;197;213;98m██[38;2;16;16;16m██[38;2;16;16;16m██                      
                                      [38;2;98;123;16m██[38;2;98;123;16m██    [38;2;16;16;16m██[38;2;139;164;65m██[38;2;197;213;98m██[38;2;197;213;98m██[38;2;98;123;16m██                          
                                                [38;2;16;16;16m██[38;2;16;16;16m██[38;2;16;16;16m██                            
