                                                                              [38;2;50;33;50m██[38;2;50;33;50m██[38;2;50;33;50m██[38;2;50;33;50m██[38;2;50;33;50m██                
                                                                            [38;2;50;33;50m██[38;2;96;78;103m██[38;2;96;78;103m██[38;2;96;78;103m██[38;2;96;78;103m██[38;2;96;78;103m██[38;2;50;33;50m██[38;2;50;33;50m██            
                                                                            [38;2;50;33;50m██[38;2;96;78;103m██[38;2;96;78;103m██[38;2;96;78;103m██[38;2;96;78;103m██[38;2;96;78;103m██[38;2;96;78;103m██[38;2;96;78;103m██[38;2;50;33;50m██[38;2;50;33;50m██        
                                          [38;2;50;33;50m██[38;2;50;33;50m██[38;2;50;33;50m██[38;2;50;33;50m██[38;2;50;33;50m██[38;2;50;33;50m██[38;2;50;33;50m██                    [38;2;50;33;50m██[38;2;96;78;103m██[38;2;96;78;103m██[38;2;96;78;103m██[38;2;96;78;103m██[38;2;96;78;103m██[38;2;96;78;103m██[38;2;96;78;103m██[38;2;96;78;103m██[38;2;96;78;103m██[38;2;50;33;50m██      
                                      [38;2;50;33;50m██[38;2;50;33;50m██[38;2;96;78;103m██[38;2;96;78;103m██[38;2;96;78;103m██[38;2;96;78;103m██[38;2;96;78;103m██[38;2;96;78;103m██[38;2;96;78;103m██[38;2;50;33;50m██[38;2;16;16;16m██              [38;2;50;33;50m██[38;2;96;78;103m██[38;2;96;78;103m██[38;2;96;78;103m██[38;2;96;78;103m██[38;2;96;78;103m██[38;2;96;78;103m██[38;2;96;78;103m██[38;2;96;78;103m██[38;2;96;78;103m██[38;2;96;78;103m██[38;2;96;78;103m██[38;2;50;33;50m██    
                                    [38;2;50;33;50m██[38;2;96;78;103m██[38;2;96;78;103m██[38;2;96;78;103m██[38;2;96;78;103m██[38;2;96;78;103m██[38;2;96;78;103m██[38;2;96;78;103m██[38;2;96;78;103m██[38;2;96;78;103m██[38;2;96;78;103m██[38;2;74;54;74m██[38;2;16;16;16m██            [38;2;50;33;50m██[38;2;96;78;103m██[38;2;96;78;103m██[38;2;96;78;103m██[38;2;50;33;50m██[38;2;16;16;16m██[38;2;16;16;16m██[38;2;16;16;16m██[38;2;16;16;16m██[38;2;16;16;16m██[38;2;16;16;16m██[38;2;16;16;16m██[38;2;16;16;16m██    
          [38;2;50;33;50m██[38;2;50;33;50m██[38;2;50;33;50m██                  [38;2;50;33;50m██[38;2;96;78;103m██[38;2;96;78;103m██[38;2;96;78;103m██[38;2;96;78;103m██[38;2;96;78;103m██[38;2;96;78;103m██[38;2;96;78;103m██[38;2;96;78;103m██[38;2;96;78;103m██[38;2;96;78;103m██[38;2;96;78;103m██[38;2;96;78;103m██[38;2;74;54;74m██[38;2;16;16;16m██          [38;2;50;33;50m██[38;2;96;78;103m██[38;2;96;78;103m██[38;2;96;78;103m██[38;2;96;78;103m██[38;2;50;33;50m██                  
        [38;2;50;33;50m██[38;2;96;78;103m██[38;2;96;78;103m██[38;2;96;78;103m██[38;2;50;33;50m██                [38;2;50;33;50m██[38;2;96;78;103m██[38;2;96;78;103m██[38;2;96;78;103m██[38;2;96;78;103m██[38;2;96;78;103m██[38;2;96;78;103m██[38;2;96;78;103m██[38;2;96;78;103m██[38;2;96;78;103m██[38;2;96;78;103m██[38;2;96;78;103m██[38;2;96;78;103m██[38;2;74;54;74m██[38;2;16;16;16m██        [38;2;50;33;50m██[38;2;96;78;103m██[38;2;96;78;103m██[38;2;96;78;103m██[38;2;96;78;103m██[38;2;96;78;103m██[38;2;96;78;103m██[38;2;50;33;50m██                
      [38;2;50;33;50m██[38;2;96;78;103m██[38;2;96;78;103m██[38;2;96;78;103m██[38;2;96;78;103m██[38;2;74;54;74m██[38;2;50;33;50m██            [38;2;50;33;50m██[38;2;74;54;74m██[38;2;96;78;103m██[38;2;50;33;50m██[38;2;50;33;50m██[38;2;50;33;50m██[38;2;50;33;50m██[38;2;50;33;50m██[38;2;50;33;50m██[38;2;50;33;50m██[38;2;50;33;50m██[38;2;50;33;50m██[38;2;50;33;50m██[38;2;50;33;50m██[38;2;50;33;50m██[38;2;50;33;50m██[38;2;50;33;50m██      [38;2;50;33;50m██[38;2;96;78;103m██[38;2;96;78;103m██[38;2;74;54;74m██[38;2;96;78;103m██[38;2;96;78;103m██[38;2;96;78;103m██[38;2;96;78;103m██[38;2;50;33;50m██              
    [38;2;50;33;50m██[38;2;96;78;103m██[38;2;96;78;103m██[38;2;96;78;103m██[38;2;96;78;103m██[38;2;96;78;103m██[38;2;96;78;103m██[38;2;50;33;50m██            [38;2;50;33;50m██[38;2;50;33;50m██[38;2;50;33;50m██[38;2;96;78;103m██[38;2;96;78;103m██[38;2;96;78;103m██[38;2;96;78;103m██[38;2;96;78;103m██[38;2;96;78;103m██[38;2;96;78;103m██[38;2;96;78;103m██[38;2;96;78;103m██[38;2;96;78;103m██[38;2;96;78;103m██[38;2;96;78;103m██[38;2;96;78;103m██[38;2;96;78;103m██[38;2;50;33;50m██[38;2;50;33;50m██[38;2;50;33;50m██[38;2;96;78;103m██[38;2;96;78;103m██[38;2;74;54;74m██[38;2;16;16;16m██[38;2;16;16;16m██[38;2;74;54;74m██[38;2;96;78;103m██[38;2;96;78;103m██[38;2;96;78;103m██[38;2;50;33;50m██            
  [38;2;50;33;50m██[38;2;96;78;103m██[38;2;96;78;103m██[38;2;96;78;103m██[38;2;96;78;103m██[38;2;96;78;103m██[38;2;74;54;74m██[38;2;96;78;103m██[38;2;96;78;103m██[38;2;50;33;50m██      [38;2;50;33;50m██[38;2;50;33;50m██[38;2;96;78;103m██[38;2;96;78;103m██[38;2;96;78;103m██[38;2;96;78;103m██[38;2;96;78;103m██[38;2;96;78;103m██[38;2;96;78;103m██[38;2;96;78;103m██[38;2;96;78;103m██[38;2;96;78;103m██[38;2;96;78;103m██[38;2;96;78;103m██[38;2;96;78;103m██[38;2;96;78;103m██[38;2;96;78;103m██[38;2;96;78;103m██[38;2;96;78;103m██[38;2;96;78;103m██[38;2;96;78;103m██[38;2;74;54;74m██[38;2;96;78;103m██[38;2;74;54;74m██[38;2;16;16;16m██    [38;2;16;16;16m██[38;2;16;16;16m██[38;2;50;33;50m██[38;2;74;54;74m██[38;2;96;78;103m██[38;2;50;33;50m██          
  [38;2;50;33;50m██[38;2;96;78;103m██[38;2;96;78;103m██[38;2;96;78;103m██[38;2;96;78;103m██[38;2;74;54;74m██[38;2;50;33;50m██[38;2;96;78;103m██[38;2;96;78;103m██[38;2;96;78;103m██[38;2;50;33;50m██  [38;2;50;33;50m██[38;2;96;78;103m██[38;2;96;78;103m██[38;2;96;78;103m██[38;2;96;78;103m██[38;2;96;78;103m██[38;2;74;54;74m██[38;2;74;54;74m██[38;2;74;54;74m██[38;2;74;54;74m██[38;2;74;54;74m██[38;2;74;54;74m██[38;2;74;54;74m██[38;2;74;54;74m██[38;2;74;54;74m██[38;2;74;54;74m██[38;2;74;54;74m██[38;2;74;54;74m██[38;2;96;78;103m██[38;2;96;78;103m██[38;2;96;78;103m██[38;2;96;78;103m██[38;2;96;78;103m██[38;2;50;33;50m██[38;2;74;54;74m██[38;2;16;16;16m██          [38;2;16;16;16m██[38;2;16;16;16m██[38;2;16;16;16m██          
[38;2;50;33;50m██[38;2;96;78;103m██[38;2;96;78;103m██[38;2;96;78;103m██[38;2;74;54;74m██[38;2;16;16;16m██[38;2;16;16;16m██[38;2;50;33;50m██[38;2;96;78;103m██[38;2;96;78;103m██[38;2;96;78;103m██[38;2;74;54;74m██[38;2;50;33;50m██[38;2;96;78;103m██[38;2;96;78;103m██[38;2;96;78;103m██[38;2;74;54;74m██[38;2;74;54;74m██[38;2;74;54;74m██[38;2;74;54;74m██[38;2;74;54;74m██[38;2;50;33;50m██[38;2;50;33;50m██[38;2;50;33;50m██[38;2;50;33;50m██[38;2;50;33;50m██[38;2;50;33;50m██[38;2;50;33;50m██[38;2;50;33;50m██[38;2;50;33;50m██[38;2;50;33;50m██[38;2;74;54;74m██[38;2;74;54;74m██[38;2;96;78;103m██[38;2;96;78;103m██[38;2;74;54;74m██[38;2;74;54;74m██[38;2;16;16;16m██                            
[38;2;50;33;50m██[38;2;96;78;103m██[38;2;74;54;74m██[38;2;16;16;16m██[38;2;16;16;16m██    [38;2;50;33;50m██[38;2;96;78;103m██[38;2;96;78;103m██[38;2;74;54;74m██[38;2;74;54;74m██[38;2;16;16;16m██[38;2;96;78;103m██[38;2;74;54;74m██[38;2;74;54;74m██[38;2;74;54;74m██[38;2;74;54;74m██[38;2;50;33;50m██[38;2;50;33;50m██[38;2;50;33;50m██[38;2;211;148;148m██[38;2;211;148;148m██[38;2;211;148;148m██[38;2;203;212;236m██[38;2;203;212;236m██[38;2;201;125;81m██[38;2;203;212;236m██[38;2;203;212;236m██[38;2;201;116;126m██[38;2;211;148;148m██[38;2;50;33;50m██[38;2;50;33;50m██[38;2;74;54;74m██[38;2;74;54;74m██[38;2;74;54;74m██[38;2;74;54;74m██[38;2;16;16;16m██                            
[38;2;50;33;50m██[38;2;16;16;16m██[38;2;16;16;16m██      [38;2;50;33;50m██[38;2;96;78;103m██[38;2;96;78;103m██[38;2;74;54;74m██[38;2;16;16;16m██[38;2;16;16;16m██[38;2;16;16;16m██[38;2;74;54;74m██[38;2;74;54;74m██[38;2;74;54;74m██[38;2;50;33;50m██[38;2;50;33;50m██[38;2;201;125;81m██[38;2;203;212;236m██[38;2;211;148;148m██[38;2;211;148;148m██[38;2;255;182;182m██[38;2;255;182;182m██[38;2;253;253;253m██[38;2;201;125;81m██[38;2;244;189;75m██[38;2;201;125;81m██[38;2;253;253;253m██[38;2;201;116;126m██[38;2;211;148;148m██[38;2;211;148;148m██[38;2;16;16;16m██[38;2;50;33;50m██[38;2;74;54;74m██[38;2;74;54;74m██[38;2;16;16;16m██                              
            [38;2;50;33;50m██[38;2;96;78;103m██[38;2;74;54;74m██[38;2;16;16;16m██      [38;2;16;16;16m██[38;2;74;54;74m██[38;2;50;33;50m██[38;2;203;212;236m██[38;2;201;125;81m██[38;2;244;189;75m██[38;2;201;125;81m██[38;2;211;148;148m██[38;2;255;182;182m██[38;2;255;182;182m██[38;2;255;182;182m██[38;2;253;253;253m██[38;2;201;125;81m██[38;2;253;253;253m██[38;2;201;125;81m██[38;2;253;253;253m██[38;2;201;116;126m██[38;2;255;182;182m██[38;2;211;148;148m██[38;2;16;16;16m██[38;2;74;54;74m██[38;2;74;54;74m██[38;2;16;16;16m██                                
            [38;2;50;33;50m██[38;2;96;78;103m██[38;2;16;16;16m██          [38;2;16;16;16m██[38;2;115;49;57m██[38;2;253;253;253m██[38;2;201;125;81m██[38;2;253;253;253m██[38;2;201;125;81m██[38;2;211;148;148m██[38;2;255;182;182m██[38;2;255;182;182m██[38;2;255;182;182m██[38;2;253;253;253m██[38;2;201;125;81m██[38;2;244;189;75m██[38;2;201;125;81m██[38;2;253;253;253m██[38;2;201;116;126m██[38;2;255;182;182m██[38;2;255;182;182m██[38;2;16;16;16m██[38;2;74;54;74m██[38;2;74;54;74m██[38;2;16;16;16m██                                
            [38;2;50;33;50m██[38;2;16;16;16m██              [38;2;115;49;57m██[38;2;253;253;253m██[38;2;201;125;81m██[38;2;244;189;75m██[38;2;201;125;81m██[38;2;211;148;148m██[38;2;50;33;50m██[38;2;50;33;50m██[38;2;50;33;50m██[38;2;255;182;182m██[38;2;253;253;253m██[38;2;201;125;81m██[38;2;253;253;253m██[38;2;201;116;126m██[38;2;255;182;182m██[38;2;255;182;182m██[38;2;211;148;148m██[38;2;16;16;16m██[38;2;74;54;74m██[38;2;16;16;16m██                                  
                              [38;2;115;49;57m██[38;2;201;116;126m██[38;2;253;253;253m██[38;2;201;125;81m██[38;2;253;253;253m██[38;2;50;33;50m██[38;2;96;78;103m██[38;2;96;78;103m██[38;2;96;78;103m██[38;2;74;54;74m██[38;2;50;33;50m██[38;2;50;33;50m██[38;2;50;33;50m██[38;2;255;182;182m██[38;2;255;182;182m██[38;2;211;148;148m██[38;2;211;148;148m██[38;2;16;16;16m██[38;2;74;54;74m██[38;2;16;16;16m██                                  
      [38;2;96;78;103m██[38;2;96;78;103m██[38;2;96;78;103m██                    [38;2;115;49;57m██[38;2;201;116;126m██[38;2;253;253;253m██[38;2;50;33;50m██[38;2;96;78;103m██[38;2;96;78;103m██[38;2;74;54;74m██[38;2;96;78;103m██[38;2;96;78;103m██[38;2;96;78;103m██[38;2;96;78;103m██[38;2;50;33;50m██[38;2;211;148;148m██[38;2;211;148;148m██[38;2;211;148;148m██[38;2;16;16;16m██[38;2;74;54;74m██[38;2;50;33;50m██[38;2;16;16;16m██                  [38;2;96;78;103m██[38;2;96;78;103m██[38;2;96;78;103m██[38;2;96;78;103m██        
    [38;2;96;78;103m██[38;2;253;253;253m██[38;2;253;253;253m██[38;2;253;253;253m██[38;2;96;78;103m██                  [38;2;16;16;16m██[38;2;211;148;148m██[38;2;50;33;50m██[38;2;96;78;103m██[38;2;96;78;103m██[38;2;74;54;74m██[38;2;50;33;50m██[38;2;74;54;74m██[38;2;74;54;74m██[38;2;50;33;50m██[38;2;50;33;50m██[38;2;211;148;148m██[38;2;211;148;148m██[38;2;211;148;148m██[38;2;115;49;57m██[38;2;16;16;16m██[38;2;96;78;103m██[38;2;96;78;103m██[38;2;74;54;74m██[38;2;16;16;16m██              [38;2;96;78;103m██[38;2;203;212;236m██[38;2;253;253;253m██[38;2;253;253;253m██[38;2;253;253;253m██[38;2;96;78;103m██[38;2;96;78;103m██    
  [38;2;96;78;103m██[38;2;253;253;253m██[38;2;253;253;253m██[38;2;253;253;253m██[38;2;253;253;253m██[38;2;253;253;253m██[38;2;96;78;103m██                  [38;2;16;16;16m██[38;2;211;148;148m██[38;2;50;33;50m██[38;2;50;33;50m██[38;2;50;33;50m██[38;2;211;148;148m██[38;2;211;148;148m██[38;2;211;148;148m██[38;2;211;148;148m██[38;2;211;148;148m██[38;2;211;148;148m██[38;2;211;148;148m██[38;2;16;16;16m██[38;2;16;16;16m██[38;2;74;54;74m██[38;2;96;78;103m██[38;2;96;78;103m██[38;2;96;78;103m██[38;2;16;16;16m██            [38;2;96;78;103m██[38;2;203;212;236m██[38;2;253;253;253m██[38;2;253;253;253m██[38;2;253;253;253m██[38;2;253;253;253m██[38;2;253;253;253m██[38;2;203;212;236m██[38;2;96;78;103m██  
[38;2;96;78;103m██[38;2;253;253;253m██[38;2;253;253;253m██[38;2;253;253;253m██[38;2;253;253;253m██[38;2;253;253;253m██[38;2;253;253;253m██[38;2;96;78;103m██  [38;2;96;78;103m██[38;2;96;78;103m██          [38;2;50;33;50m██[38;2;96;78;103m██[38;2;16;16;16m██[38;2;16;16;16m██[38;2;211;148;148m██[38;2;211;148;148m██[38;2;211;148;148m██[38;2;211;148;148m██[38;2;211;148;148m██[38;2;211;148;148m██[38;2;115;49;57m██[38;2;16;16;16m██[38;2;16;16;16m██[38;2;74;54;74m██[38;2;74;54;74m██[38;2;74;54;74m██[38;2;96;78;103m██[38;2;96;78;103m██[38;2;74;54;74m██[38;2;100;77;125m██[38;2;100;77;125m██[38;2;74;54;74m██[38;2;74;54;74m██[38;2;74;54;74m██[38;2;96;78;103m██[38;2;96;78;103m██[38;2;203;212;236m██[38;2;253;253;253m██[38;2;253;253;253m██[38;2;253;253;253m██[38;2;253;253;253m██[38;2;253;253;253m██[38;2;253;253;253m██[38;2;253;253;253m██[38;2;96;78;103m██  
[38;2;96;78;103m██[38;2;253;253;253m██[38;2;253;253;253m██[38;2;253;253;253m██[38;2;253;253;253m██[38;2;203;212;236m██[38;2;253;253;253m██[38;2;253;253;253m██[38;2;96;78;103m██[38;2;203;212;236m██[38;2;253;253;253m██[38;2;16;16;16m██      [38;2;50;33;50m██[38;2;96;78;103m██[38;2;96;78;103m██[38;2;96;78;103m██[38;2;74;54;74m██[38;2;16;16;16m██[38;2;16;16;16m██[38;2;16;16;16m██[38;2;16;16;16m██[38;2;16;16;16m██[38;2;16;16;16m██[38;2;74;54;74m██[38;2;74;54;74m██[38;2;74;54;74m██[38;2;74;54;74m██[38;2;96;78;103m██[38;2;50;33;50m██[38;2;74;54;74m██[38;2;96;78;103m██[38;2;74;54;74m██[38;2;122;114;161m██[38;2;122;114;161m██[38;2;122;114;161m██[38;2;122;114;161m██[38;2;96;78;103m██[38;2;253;253;253m██[38;2;253;253;253m██[38;2;203;212;236m██[38;2;96;78;103m██[38;2;203;212;236m██[38;2;253;253;253m██[38;2;253;253;253m██[38;2;253;253;253m██[38;2;253;253;253m██[38;2;203;212;236m██[38;2;16;16;16m██  
[38;2;16;16;16m██[38;2;203;212;236m██[38;2;203;212;236m██[38;2;203;212;236m██[38;2;203;212;236m██[38;2;253;253;253m██[38;2;253;253;253m██[38;2;253;253;253m██[38;2;203;212;236m██[38;2;253;253;253m██[38;2;253;253;253m██[38;2;16;16;16m██      [38;2;50;33;50m██[38;2;50;33;50m██[38;2;96;78;103m██[38;2;96;78;103m██[38;2;50;33;50m██[38;2;74;54;74m██[38;2;74;54;74m██[38;2;74;54;74m██[38;2;74;54;74m██[38;2;74;54;74m██[38;2;74;54;74m██[38;2;74;54;74m██[38;2;74;54;74m██[38;2;96;78;103m██[38;2;96;78;103m██[38;2;96;78;103m██[38;2;96;78;103m██[38;2;50;33;50m██[38;2;50;33;50m██[38;2;50;33;50m██[38;2;16;16;16m██[38;2;16;16;16m██[38;2;100;77;125m██[38;2;100;77;125m██[38;2;96;78;103m██[38;2;253;253;253m██[38;2;253;253;253m██[38;2;96;78;103m██[38;2;16;16;16m██[38;2;16;16;16m██[38;2;203;212;236m██[38;2;203;212;236m██[38;2;203;212;236m██[38;2;203;212;236m██[38;2;16;16;16m██[38;2;203;212;236m██[38;2;16;16;16m██
  [38;2;16;16;16m██[38;2;16;16;16m██[38;2;203;212;236m██[38;2;253;253;253m██[38;2;96;78;103m██[38;2;253;253;253m██[38;2;253;253;253m██[38;2;253;253;253m██[38;2;203;212;236m██[38;2;16;16;16m██        [38;2;74;54;74m██[38;2;100;77;125m██[38;2;50;33;50m██[38;2;74;54;74m██[38;2;50;33;50m██[38;2;96;78;103m██[38;2;74;54;74m██[38;2;74;54;74m██[38;2;74;54;74m██[38;2;74;54;74m██[38;2;74;54;74m██[38;2;96;78;103m██[38;2;96;78;103m██[38;2;96;78;103m██[38;2;96;78;103m██[38;2;96;78;103m██[38;2;96;78;103m██[38;2;96;78;103m██[38;2;96;78;103m██[38;2;74;54;74m██[38;2;16;16;16m██  [38;2;16;16;16m██[38;2;16;16;16m██[38;2;16;16;16m██[38;2;96;78;103m██[38;2;96;78;103m██[38;2;203;212;236m██[38;2;165;160;201m██[38;2;122;114;161m██[38;2;16;16;16m██[38;2;16;16;16m██[38;2;16;16;16m██[38;2;16;16;16m██[38;2;122;114;161m██[38;2;203;212;236m██[38;2;16;16;16m██
      [38;2;16;16;16m██[38;2;253;253;253m██[38;2;253;253;253m██[38;2;96;78;103m██[38;2;253;253;253m██[38;2;203;212;236m██[38;2;96;78;103m██[38;2;74;54;74m██      [38;2;74;54;74m██[38;2;100;77;125m██[38;2;100;77;125m██[38;2;16;16;16m██[38;2;50;33;50m██[38;2;96;78;103m██[38;2;96;78;103m██[38;2;96;78;103m██[38;2;96;78;103m██[38;2;96;78;103m██[38;2;96;78;103m██[38;2;96;78;103m██[38;2;96;78;103m██[38;2;96;78;103m██[38;2;96;78;103m██[38;2;96;78;103m██[38;2;96;78;103m██[38;2;96;78;103m██[38;2;96;78;103m██[38;2;96;78;103m██[38;2;96;78;103m██[38;2;50;33;50m██[38;2;16;16;16m██        [38;2;122;114;161m██[38;2;203;212;236m██[38;2;165;160;201m██[38;2;122;114;161m██          [38;2;16;16;16m██[38;2;16;16;16m██
      [38;2;16;16;16m██[38;2;203;212;236m██[38;2;203;212;236m██[38;2;203;212;236m██[38;2;96;78;103m██[38;2;96;78;103m██[38;2;122;114;161m██[38;2;122;114;161m██[38;2;74;54;74m██[38;2;74;54;74m██[38;2;74;54;74m██[38;2;122;114;161m██[38;2;100;77;125m██[38;2;16;16;16m██  [38;2;50;33;50m██[38;2;96;78;103m██[38;2;96;78;103m██[38;2;96;78;103m██[38;2;96;78;103m██[38;2;74;54;74m██[38;2;96;78;103m██[38;2;96;78;103m██[38;2;96;78;103m██[38;2;96;78;103m██[38;2;96;78;103m██[38;2;96;78;103m██[38;2;96;78;103m██[38;2;96;78;103m██[38;2;96;78;103m██[38;2;96;78;103m██[38;2;96;78;103m██[38;2;96;78;103m██[38;2;96;78;103m██[38;2;16;16;16m██      [38;2;122;114;161m██[38;2;203;212;236m██[38;2;203;212;236m██[38;2;122;114;161m██              
        [38;2;16;16;16m██[38;2;16;16;16m██[38;2;16;16;16m██[38;2;16;16;16m██[38;2;16;16;16m██[38;2;122;114;161m██[38;2;122;114;161m██[38;2;122;114;161m██[38;2;74;54;74m██[38;2;122;114;161m██[38;2;100;77;125m██[38;2;16;16;16m██  [38;2;50;33;50m██[38;2;96;78;103m██[38;2;96;78;103m██[38;2;96;78;103m██[38;2;96;78;103m██[38;2;96;78;103m██[38;2;253;253;253m██[38;2;74;54;74m██[38;2;96;78;103m██[38;2;96;78;103m██[38;2;96;78;103m██[38;2;96;78;103m██[38;2;96;78;103m██[38;2;96;78;103m██[38;2;96;78;103m██[38;2;96;78;103m██[38;2;96;78;103m██[38;2;96;78;103m██[38;2;96;78;103m██[38;2;96;78;103m██[38;2;96;78;103m██[38;2;16;16;16m██      [38;2;122;114;161m██[38;2;203;212;236m██[38;2;165;160;201m██[38;2;122;114;161m██            
                  [38;2;16;16;16m██[38;2;16;16;16m██[38;2;122;114;161m██[38;2;122;114;161m██[38;2;100;77;125m██[38;2;16;16;16m██  [38;2;50;33;50m██[38;2;96;78;103m██[38;2;96;78;103m██[38;2;96;78;103m██[38;2;96;78;103m██[38;2;96;78;103m██[38;2;203;212;236m██[38;2;253;253;253m██[38;2;203;212;236m██[38;2;96;78;103m██[38;2;96;78;103m██[38;2;96;78;103m██[38;2;96;78;103m██[38;2;96;78;103m██[38;2;96;78;103m██[38;2;96;78;103m██[38;2;96;78;103m██[38;2;96;78;103m██[38;2;96;78;103m██[38;2;96;78;103m██[38;2;96;78;103m██[38;2;96;78;103m██[38;2;96;78;103m██[38;2;16;16;16m██    [38;2;122;114;161m██[38;2;203;212;236m██[38;2;203;212;236m██[38;2;165;160;201m██[38;2;122;114;161m██          
                      [38;2;16;16;16m██[38;2;16;16;16m██[38;2;16;16;16m██  [38;2;50;33;50m██[38;2;96;78;103m██[38;2;96;78;103m██[38;2;96;78;103m██[38;2;96;78;103m██[38;2;96;78;103m██[38;2;115;49;57m██[38;2;115;49;57m██[38;2;115;49;57m██[38;2;115;49;57m██[38;2;115;49;57m██[38;2;96;78;103m██[38;2;96;78;103m██[38;2;96;78;103m██[38;2;96;78;103m██[38;2;96;78;103m██[38;2;96;78;103m██[38;2;244;189;75m██[38;2;96;78;103m██[38;2;96;78;103m██[38;2;96;78;103m██[38;2;96;78;103m██[38;2;96;78;103m██[38;2;96;78;103m██[38;2;16;16;16m██      [38;2;122;114;161m██[38;2;203;212;236m██[38;2;203;212;236m██[38;2;203;212;236m██[38;2;122;114;161m██[38;2;122;114;161m██      
                              [38;2;50;33;50m██[38;2;244;189;75m██[38;2;96;78;103m██[38;2;96;78;103m██[38;2;115;49;57m██[38;2;115;49;57m██[38;2;201;116;126m██[38;2;201;116;126m██[38;2;201;116;126m██[38;2;201;116;126m██[38;2;201;116;126m██[38;2;115;49;57m██[38;2;115;49;57m██[38;2;96;78;103m██[38;2;96;78;103m██[38;2;96;78;103m██[38;2;244;189;75m██[38;2;253;253;253m██[38;2;244;189;75m██[38;2;96;78;103m██[38;2;96;78;103m██[38;2;96;78;103m██[38;2;96;78;103m██[38;2;96;78;103m██[38;2;74;54;74m██[38;2;16;16;16m██      [38;2;122;114;161m██[38;2;203;212;236m██[38;2;203;212;236m██[38;2;203;212;236m██[38;2;203;212;236m██[38;2;16;16;16m██    
                            [38;2;50;33;50m██[38;2;244;189;75m██[38;2;253;253;253m██[38;2;96;78;103m██[38;2;115;49;57m██[38;2;201;116;126m██[38;2;203;212;236m██[38;2;201;116;126m██[38;2;201;116;126m██[38;2;201;116;126m██[38;2;201;116;126m██[38;2;201;116;126m██[38;2;201;116;126m██[38;2;201;116;126m██[38;2;115;49;57m██[38;2;96;78;103m██[38;2;96;78;103m██[38;2;244;189;75m██[38;2;244;189;75m██[38;2;244;189;75m██[38;2;96;78;103m██[38;2;96;78;103m██[38;2;96;78;103m██[38;2;96;78;103m██[38;2;96;78;103m██[38;2;74;54;74m██[38;2;16;16;16m██        [38;2;122;114;161m██[38;2;203;212;236m██[38;2;203;212;236m██[38;2;165;160;201m██[38;2;16;16;16m██    
                            [38;2;50;33;50m██[38;2;244;189;75m██[38;2;244;189;75m██[38;2;96;78;103m██[38;2;115;49;57m██[38;2;201;116;126m██[38;2;201;116;126m██[38;2;201;116;126m██[38;2;201;116;126m██[38;2;201;116;126m██[38;2;201;116;126m██[38;2;201;116;126m██[38;2;201;116;126m██[38;2;201;116;126m██[38;2;115;49;57m██[38;2;96;78;103m██[38;2;96;78;103m██[38;2;244;189;75m██[38;2;244;189;75m██[38;2;244;189;75m██[38;2;96;78;103m██[38;2;96;78;103m██[38;2;96;78;103m██[38;2;96;78;103m██[38;2;96;78;103m██[38;2;74;54;74m██[38;2;16;16;16m██        [38;2;122;114;161m██[38;2;253;253;253m██[38;2;203;212;236m██[38;2;122;114;161m██      
                            [38;2;50;33;50m██[38;2;244;189;75m██[38;2;244;189;75m██[38;2;96;78;103m██[38;2;115;49;57m██[38;2;201;116;126m██[38;2;201;116;126m██[38;2;201;116;126m██[38;2;201;116;126m██[38;2;201;116;126m██[38;2;201;116;126m██[38;2;201;116;126m██[38;2;201;116;126m██[38;2;201;116;126m██[38;2;115;49;57m██[38;2;96;78;103m██[38;2;96;78;103m██[38;2;96;78;103m██[38;2;244;189;75m██[38;2;96;78;103m██[38;2;96;78;103m██[38;2;96;78;103m██[38;2;96;78;103m██[38;2;96;78;103m██[38;2;74;54;74m██[38;2;74;54;74m██[38;2;16;16;16m██      [38;2;122;114;161m██[38;2;253;253;253m██[38;2;253;253;253m██[38;2;165;160;201m██[38;2;16;16;16m██      
                            [38;2;16;16;16m██[38;2;96;78;103m██[38;2;244;189;75m██[38;2;96;78;103m██[38;2;96;78;103m██[38;2;115;49;57m██[38;2;115;49;57m██[38;2;201;116;126m██[38;2;201;116;126m██[38;2;201;116;126m██[38;2;201;116;126m██[38;2;201;116;126m██[38;2;115;49;57m██[38;2;115;49;57m██[38;2;203;212;236m██[38;2;50;33;50m██[38;2;96;78;103m██[38;2;96;78;103m██[38;2;96;78;103m██[38;2;96;78;103m██[38;2;96;78;103m██[38;2;96;78;103m██[38;2;96;78;103m██[38;2;96;78;103m██[38;2;74;54;74m██[38;2;74;54;74m██[38;2;16;16;16m██      [38;2;122;114;161m██[38;2;253;253;253m██[38;2;203;212;236m██[38;2;122;114;161m██        
                            [38;2;16;16;16m██[38;2;96;78;103m██[38;2;96;78;103m██[38;2;96;78;103m██[38;2;50;33;50m██[38;2;253;253;253m██[38;2;203;212;236m██[38;2;115;49;57m██[38;2;115;49;57m██[38;2;115;49;57m██[38;2;115;49;57m██[38;2;115;49;57m██[38;2;203;212;236m██[38;2;253;253;253m██[38;2;253;253;253m██[38;2;203;212;236m██[38;2;50;33;50m██[38;2;50;33;50m██[38;2;96;78;103m██[38;2;96;78;103m██[38;2;96;78;103m██[38;2;96;78;103m██[38;2;96;78;103m██[38;2;74;54;74m██[38;2;74;54;74m██[38;2;74;54;74m██[38;2;16;16;16m██    [38;2;122;114;161m██[38;2;203;212;236m██[38;2;253;253;253m██[38;2;165;160;201m██[38;2;16;16;16m██        
                            [38;2;16;16;16m██[38;2;96;78;103m██[38;2;96;78;103m██[38;2;50;33;50m██[38;2;253;253;253m██[38;2;253;253;253m██[38;2;253;253;253m██[38;2;253;253;253m██[38;2;253;253;253m██[38;2;253;253;253m██[38;2;253;253;253m██[38;2;253;253;253m██[38;2;253;253;253m██[38;2;253;253;253m██[38;2;253;253;253m██[38;2;253;253;253m██[38;2;253;253;253m██[38;2;203;212;236m██[38;2;50;33;50m██[38;2;50;33;50m██[38;2;74;54;74m██[38;2;74;54;74m██[38;2;74;54;74m██[38;2;74;54;74m██[38;2;74;54;74m██[38;2;16;16;16m██      [38;2;16;16;16m██[38;2;203;212;236m██[38;2;203;212;236m██[38;2;165;160;201m██[38;2;16;16;16m██        
                              [38;2;16;16;16m██[38;2;50;33;50m██[38;2;122;114;161m██[38;2;253;253;253m██[38;2;253;253;253m██[38;2;253;253;253m██[38;2;253;253;253m██[38;2;253;253;253m██[38;2;253;253;253m██[38;2;253;253;253m██[38;2;253;253;253m██[38;2;253;253;253m██[38;2;253;253;253m██[38;2;253;253;253m██[38;2;253;253;253m██[38;2;253;253;253m██[38;2;100;77;125m██[38;2;122;114;161m██[38;2;122;114;161m██[38;2;50;33;50m██[38;2;50;33;50m██[38;2;50;33;50m██[38;2;50;33;50m██[38;2;50;33;50m██[38;2;16;16;16m██        [38;2;16;16;16m██[38;2;203;212;236m██[38;2;203;212;236m██[38;2;16;16;16m██        
                              [38;2;16;16;16m██[38;2;122;114;161m██[38;2;122;114;161m██[38;2;100;77;125m██[38;2;253;253;253m██[38;2;253;253;253m██[38;2;253;253;253m██[38;2;253;253;253m██[38;2;253;253;253m██[38;2;253;253;253m██[38;2;253;253;253m██[38;2;253;253;253m██[38;2;253;253;253m██[38;2;253;253;253m██[38;2;253;253;253m██[38;2;100;77;125m██[38;2;122;114;161m██[38;2;122;114;161m██[38;2;122;114;161m██[38;2;122;114;161m██[38;2;122;114;161m██[38;2;100;77;125m██[38;2;100;77;125m██[38;2;16;16;16m██            [38;2;16;16;16m██[38;2;203;212;236m██[38;2;122;114;161m██        
                                [38;2;16;16;16m██[38;2;122;114;161m██[38;2;122;114;161m██[38;2;100;77;125m██[38;2;100;77;125m██[38;2;253;253;253m██[38;2;253;253;253m██[38;2;253;253;253m██[38;2;253;253;253m██[38;2;253;253;253m██[38;2;253;253;253m██[38;2;253;253;253m██[38;2;100;77;125m██[38;2;100;77;125m██[38;2;122;114;161m██[38;2;122;114;161m██[38;2;122;114;161m██[38;2;122;114;161m██[38;2;100;77;125m██[38;2;100;77;125m██[38;2;100;77;125m██[38;2;100;77;125m██[38;2;16;16;16m██            [38;2;16;16;16m██[38;2;165;160;201m██[38;2;203;212;236m██[38;2;16;16;16m██      
                                  [38;2;16;16;16m██[38;2;122;114;161m██[38;2;122;114;161m██[38;2;122;114;161m██[38;2;100;77;125m██[38;2;100;77;125m██[38;2;100;77;125m██[38;2;100;77;125m██[38;2;100;77;125m██[38;2;100;77;125m██[38;2;100;77;125m██[38;2;122;114;161m██[38;2;122;114;161m██[38;2;122;114;161m██[38;2;100;77;125m██[38;2;122;114;161m██[38;2;122;114;161m██[38;2;122;114;161m██[38;2;122;114;161m██[38;2;74;54;74m██[38;2;74;54;74m██                [38;2;122;114;161m██[38;2;203;212;236m██[38;2;16;16;16m██      
                                    [38;2;74;54;74m██[38;2;100;77;125m██[38;2;122;114;161m██[38;2;122;114;161m██[38;2;122;114;161m██[38;2;122;114;161m██[38;2;100;77;125m██[38;2;122;114;161m██[38;2;122;114;161m██[38;2;122;114;161m██[38;2;122;114;161m██[38;2;122;114;161m██[38;2;100;77;125m██[38;2;122;114;161m██[38;2;122;114;161m██[38;2;122;114;161m██[38;2;122;114;161m██[38;2;122;114;161m██[38;2;122;114;161m██[38;2;16;16;16m██                [38;2;16;16;16m██[38;2;203;212;236m██[38;2;16;16;16m██      
                                    [38;2;16;16;16m██[38;2;122;114;161m██[38;2;122;114;161m██[38;2;100;77;125m██[38;2;74;54;74m██[38;2;122;114;161m██[38;2;122;114;161m██[38;2;100;77;125m██[38;2;122;114;161m██[38;2;122;114;161m██[38;2;122;114;161m██[38;2;122;114;161m██[38;2;122;114;161m██[38;2;122;114;161m██[38;2;122;114;161m██[38;2;122;114;161m██[38;2;122;114;161m██[38;2;122;114;161m██[38;2;122;114;161m██[38;2;16;16;16m██                [38;2;16;16;16m██[38;2;203;212;236m██[38;2;16;16;16m██      
                                    [38;2;16;16;16m██[38;2;122;114;161m██[38;2;122;114;161m██[38;2;122;114;161m██[38;2;122;114;161m██[38;2;74;54;74m██[38;2;16;16;16m██[38;2;16;16;16m██[38;2;16;16;16m██[38;2;16;16;16m██[38;2;16;16;16m██[38;2;100;77;125m██[38;2;122;114;161m██[38;2;122;114;161m██[38;2;122;114;161m██[38;2;122;114;161m██[38;2;122;114;161m██[38;2;122;114;161m██[38;2;100;77;125m██[38;2;16;16;16m██                [38;2;16;16;16m██[38;2;165;160;201m██[38;2;16;16;16m██      
                                    [38;2;16;16;16m██[38;2;100;77;125m██[38;2;122;114;161m██[38;2;122;114;161m██[38;2;122;114;161m██[38;2;122;114;161m██[38;2;122;114;161m██[38;2;100;77;125m██[38;2;100;77;125m██[38;2;16;16;16m██  [38;2;16;16;16m██[38;2;100;77;125m██[38;2;122;114;161m██[38;2;122;114;161m██[38;2;122;114;161m██[38;2;100;77;125m██[38;2;100;77;125m██[38;2;100;77;125m██[38;2;16;16;16m██                [38;2;16;16;16m██[38;2;165;160;201m██[38;2;203;212;236m██[38;2;16;16;16m██    
                            [38;2;122;114;161m██[38;2;122;114;161m██[38;2;122;114;161m██[38;2;122;114;161m██  [38;2;74;54;74m██[38;2;100;77;125m██[38;2;122;114;161m██[38;2;122;114;161m██[38;2;122;114;161m██[38;2;100;77;125m██[38;2;100;77;125m██[38;2;100;77;125m██[38;2;16;16;16m██  [38;2;16;16;16m██[38;2;100;77;125m██[38;2;100;77;125m██[38;2;100;77;125m██[38;2;100;77;125m██[38;2;100;77;125m██[38;2;100;77;125m██[38;2;74;54;74m██                    [38;2;122;114;161m██[38;2;203;212;236m██[38;2;16;16;16m██    
                          [38;2;122;114;161m██[38;2;203;212;236m██[38;2;203;212;236m██[38;2;203;212;236m██[38;2;203;212;236m██[38;2;122;114;161m██  [38;2;74;54;74m██[38;2;74;54;74m██[38;2;100;77;125m██[38;2;100;77;125m██[38;2;100;77;125m██[38;2;16;16;16m██[38;2;16;16;16m██      [38;2;16;16;16m██[38;2;16;16;16m██[38;2;74;54;74m██[38;2;100;77;125m██[38;2;100;77;125m██[38;2;74;54;74m██[38;2;122;114;161m██[38;2;122;114;161m██[38;2;122;114;161m██[38;2;122;114;161m██              [38;2;16;16;16m██[38;2;203;212;236m██[38;2;16;16;16m██    
                        [38;2;122;114;161m██[38;2;203;212;236m██[38;2;253;253;253m██[38;2;203;212;236m██[38;2;203;212;236m██[38;2;203;212;236m██[38;2;203;212;236m██[38;2;122;114;161m██    [38;2;50;33;50m██[38;2;100;77;125m██[38;2;100;77;125m██[38;2;16;16;16m██            [38;2;50;33;50m██[38;2;100;77;125m██[38;2;100;77;125m██[38;2;122;114;161m██[38;2;203;212;236m██[38;2;203;212;236m██[38;2;203;212;236m██[38;2;203;212;236m██[38;2;122;114;161m██            [38;2;16;16;16m██[38;2;165;160;201m██[38;2;203;212;236m██[38;2;16;16;16m██  
                        [38;2;122;114;161m██[38;2;203;212;236m██[38;2;203;212;236m██[38;2;203;212;236m██[38;2;203;212;236m██[38;2;203;212;236m██[38;2;203;212;236m██[38;2;122;114;161m██[38;2;50;33;50m██[38;2;50;33;50m██[38;2;96;78;103m██[38;2;96;78;103m██[38;2;74;54;74m██[38;2;74;54;74m██[38;2;16;16;16m██          [38;2;50;33;50m██[38;2;74;54;74m██[38;2;122;114;161m██[38;2;203;212;236m██[38;2;253;253;253m██[38;2;203;212;236m██[38;2;203;212;236m██[38;2;203;212;236m██[38;2;165;160;201m██[38;2;122;114;161m██            [38;2;122;114;161m██[38;2;203;212;236m██[38;2;16;16;16m██  
                      [38;2;16;16;16m██[38;2;203;212;236m██[38;2;203;212;236m██[38;2;203;212;236m██[38;2;203;212;236m██[38;2;203;212;236m██[38;2;203;212;236m██[38;2;203;212;236m██[38;2;122;114;161m██[38;2;74;54;74m██[38;2;96;78;103m██[38;2;96;78;103m██[38;2;96;78;103m██[38;2;74;54;74m██[38;2;74;54;74m██[38;2;74;54;74m██[38;2;16;16;16m██        [38;2;50;33;50m██[38;2;96;78;103m██[38;2;122;114;161m██[38;2;203;212;236m██[38;2;203;212;236m██[38;2;203;212;236m██[38;2;203;212;236m██[38;2;203;212;236m██[38;2;203;212;236m██[38;2;122;114;161m██            [38;2;16;16;16m██[38;2;203;212;236m██[38;2;16;16;16m██  
                      [38;2;16;16;16m██[38;2;203;212;236m██[38;2;203;212;236m██[38;2;203;212;236m██[38;2;203;212;236m██[38;2;203;212;236m██[38;2;203;212;236m██[38;2;165;160;201m██[38;2;122;114;161m██[38;2;165;160;201m██[38;2;74;54;74m██[38;2;96;78;103m██[38;2;74;54;74m██[38;2;74;54;74m██[38;2;74;54;74m██[38;2;74;54;74m██[38;2;16;16;16m██      [38;2;50;33;50m██[38;2;96;78;103m██[38;2;74;54;74m██[38;2;203;212;236m██[38;2;203;212;236m██[38;2;203;212;236m██[38;2;203;212;236m██[38;2;203;212;236m██[38;2;203;212;236m██[38;2;203;212;236m██[38;2;165;160;201m██[38;2;16;16;16m██          [38;2;16;16;16m██[38;2;165;160;201m██[38;2;16;16;16m██  
                      [38;2;16;16;16m██[38;2;165;160;201m██[38;2;203;212;236m██[38;2;203;212;236m██[38;2;203;212;236m██[38;2;165;160;201m██[38;2;165;160;201m██[38;2;165;160;201m██[38;2;165;160;201m██[38;2;165;160;201m██[38;2;74;54;74m██[38;2;74;54;74m██[38;2;50;33;50m██[38;2;16;16;16m██[38;2;16;16;16m██[38;2;16;16;16m██        [38;2;50;33;50m██[38;2;96;78;103m██[38;2;165;160;201m██[38;2;203;212;236m██[38;2;203;212;236m██[38;2;203;212;236m██[38;2;203;212;236m██[38;2;203;212;236m██[38;2;203;212;236m██[38;2;203;212;236m██[38;2;165;160;201m██[38;2;16;16;16m██          [38;2;16;16;16m██[38;2;165;160;201m██[38;2;203;212;236m██[38;2;16;16;16m██
                        [38;2;16;16;16m██[38;2;165;160;201m██[38;2;165;160;201m██[38;2;165;160;201m██[38;2;165;160;201m██[38;2;165;160;201m██[38;2;165;160;201m██[38;2;165;160;201m██[38;2;165;160;201m██[38;2;16;16;16m██[38;2;16;16;16m██                [38;2;16;16;16m██[38;2;96;78;103m██[38;2;165;160;201m██[38;2;203;212;236m██[38;2;203;212;236m██[38;2;203;212;236m██[38;2;203;212;236m██[38;2;203;212;236m██[38;2;203;212;236m██[38;2;203;212;236m██[38;2;165;160;201m██[38;2;16;16;16m██            [38;2;16;16;16m██[38;2;203;212;236m██[38;2;16;16;16m██
                          [38;2;16;16;16m██[38;2;16;16;16m██[38;2;16;16;16m██[38;2;16;16;16m██[38;2;16;16;16m██[38;2;16;16;16m██[38;2;16;16;16m██[38;2;16;16;16m██                    [38;2;16;16;16m██[38;2;74;54;74m██[38;2;165;160;201m██[38;2;165;160;201m██[38;2;203;212;236m██[38;2;203;212;236m██[38;2;203;212;236m██[38;2;203;212;236m██[38;2;203;212;236m██[38;2;165;160;201m██[38;2;165;160;201m██[38;2;16;16;16m██            [38;2;16;16;16m██[38;2;203;212;236m██[38;2;16;16;16m██
                                                                [38;2;16;16;16m██[38;2;50;33;50m██[38;2;165;160;201m██[38;2;165;160;201m██[38;2;165;160;201m██[38;2;165;160;201m██[38;2;165;160;201m██[38;2;165;160;201m██[38;2;165;160;201m██[38;2;16;16;16m██              [38;2;16;16;16m██[38;2;203;212;236m██[38;2;16;16;16m██
                                                                    [38;2;16;16;16m██[38;2;16;16;16m██[38;2;16;16;16m██[38;2;16;16;16m██[38;2;16;16;16m██[38;2;16;16;16m██[38;2;16;16;16m██                  [38;2;16;16;16m██  
