    [38;2;98;48;47m██[38;2;98;48;47m██                          [38;2;98;48;47m██[38;2;98;48;47m██                                                      
  [38;2;98;48;47m██[38;2;174;119;96m██[38;2;174;119;96m██[38;2;98;48;47m██                      [38;2;98;48;47m██[38;2;174;119;96m██[38;2;174;119;96m██[38;2;16;16;16m██                                                    
  [38;2;16;16;16m██[38;2;174;119;96m██[38;2;174;119;96m██[38;2;174;119;96m██[38;2;98;48;47m██                  [38;2;98;48;47m██[38;2;174;119;96m██[38;2;174;119;96m██[38;2;174;119;96m██[38;2;16;16;16m██                                                    
  [38;2;16;16;16m██[38;2;174;119;96m██[38;2;135;86;71m██[38;2;174;119;96m██[38;2;135;86;71m██                [38;2;98;48;47m██[38;2;135;86;71m██[38;2;174;119;96m██[38;2;174;119;96m██[38;2;174;119;96m██[38;2;16;16;16m██                                                    
    [38;2;98;48;47m██[38;2;247;150;117m██[38;2;135;86;71m██[38;2;174;119;96m██[38;2;98;48;47m██    [38;2;23;27;30m██[38;2;23;27;30m██[38;2;23;27;30m██[38;2;23;27;30m██[38;2;16;16;16m██[38;2;135;86;71m██[38;2;247;150;117m██[38;2;135;86;71m██[38;2;174;119;96m██[38;2;135;86;71m██[38;2;16;16;16m██                                                    
    [38;2;16;16;16m██[38;2;247;150;117m██[38;2;247;150;117m██[38;2;174;119;96m██[38;2;23;27;30m██[38;2;23;27;30m██[38;2;23;27;30m██[38;2;39;46;50m██[38;2;39;46;50m██[38;2;39;46;50m██[38;2;39;46;50m██[38;2;16;16;16m██[38;2;247;150;117m██[38;2;247;150;117m██[38;2;135;86;71m██[38;2;174;119;96m██[38;2;16;16;16m██                                                      
    [38;2;16;16;16m██[38;2;230;92;85m██[38;2;247;150;117m██[38;2;23;27;30m██[38;2;68;74;84m██[38;2;68;74;84m██[38;2;68;74;84m██[38;2;39;46;50m██[38;2;39;46;50m██[38;2;39;46;50m██[38;2;16;16;16m██[38;2;247;150;117m██[38;2;247;150;117m██[38;2;230;92;85m██[38;2;135;86;71m██[38;2;135;86;71m██[38;2;16;16;16m██                                                      
      [38;2;16;16;16m██[38;2;230;92;85m██[38;2;23;27;30m██[38;2;68;74;84m██[38;2;68;74;84m██[38;2;68;74;84m██[38;2;39;46;50m██[38;2;39;46;50m██[38;2;39;46;50m██[38;2;16;16;16m██[38;2;247;150;117m██[38;2;230;92;85m██[38;2;135;86;71m██[38;2;135;86;71m██[38;2;16;16;16m██                                                        
      [38;2;16;16;16m██[38;2;230;92;85m██[38;2;135;86;71m██[38;2;68;74;84m██[38;2;68;74;84m██[38;2;68;74;84m██[38;2;39;46;50m██[38;2;39;46;50m██[38;2;16;16;16m██[38;2;247;150;117m██[38;2;230;92;85m██[38;2;230;92;85m██[38;2;135;86;71m██[38;2;135;86;71m██[38;2;16;16;16m██                                                        
        [38;2;16;16;16m██[38;2;135;86;71m██[38;2;16;16;16m██[38;2;68;74;84m██[38;2;68;74;84m██[38;2;39;46;50m██[38;2;39;46;50m██[38;2;16;16;16m██[38;2;230;92;85m██[38;2;230;92;85m██[38;2;135;86;71m██[38;2;135;86;71m██[38;2;16;16;16m██[38;2;68;74;84m██[38;2;23;27;30m██                                                      
          [38;2;23;27;30m██[38;2;16;16;16m██[38;2;68;74;84m██[38;2;68;74;84m██[38;2;39;46;50m██[38;2;23;27;30m██[38;2;16;16;16m██[38;2;230;92;85m██[38;2;135;86;71m██[38;2;135;86;71m██[38;2;16;16;16m██[38;2;39;46;50m██[38;2;68;74;84m██[38;2;68;74;84m██[38;2;16;16;16m██                                                    
      [38;2;23;27;30m██[38;2;23;27;30m██[38;2;39;46;50m██[38;2;39;46;50m██[38;2;23;27;30m██[38;2;68;74;84m██[38;2;68;74;84m██[38;2;68;74;84m██[38;2;23;27;30m██[38;2;135;86;71m██[38;2;135;86;71m██[38;2;16;16;16m██[38;2;39;46;50m██[38;2;39;46;50m██[38;2;39;46;50m██[38;2;39;46;50m██[38;2;16;16;16m██                                                    
  [38;2;23;27;30m██[38;2;23;27;30m██[38;2;39;46;50m██[38;2;68;74;84m██[38;2;68;74;84m██[38;2;23;27;30m██[38;2;23;27;30m██[38;2;68;74;84m██[38;2;39;46;50m██[38;2;68;74;84m██[38;2;68;74;84m██[38;2;23;27;30m██[38;2;135;86;71m██[38;2;16;16;16m██[38;2;39;46;50m██[38;2;39;46;50m██[38;2;39;46;50m██[38;2;16;16;16m██                                                      
[38;2;23;27;30m██[38;2;39;46;50m██[38;2;68;74;84m██[38;2;68;74;84m██[38;2;68;74;84m██[38;2;23;27;30m██[38;2;135;86;71m██[38;2;23;27;30m██[38;2;68;74;84m██[38;2;39;46;50m██[38;2;39;46;50m██[38;2;68;74;84m██[38;2;68;74;84m██[38;2;23;27;30m██[38;2;174;119;96m██[38;2;98;48;47m██[38;2;39;46;50m██[38;2;39;46;50m██[38;2;23;27;30m██                                                      
      [38;2;23;27;30m██[38;2;23;27;30m██[38;2;159;92;83m██[38;2;135;86;71m██[38;2;23;27;30m██[38;2;68;74;84m██[38;2;39;46;50m██[38;2;39;46;50m██[38;2;23;27;30m██[38;2;23;27;30m██[38;2;23;27;30m██[38;2;174;119;96m██[38;2;174;119;96m██[38;2;98;48;47m██[38;2;39;46;50m██[38;2;39;46;50m██[38;2;23;27;30m██[38;2;16;16;16m██                                                  
        [38;2;159;92;83m██[38;2;174;119;96m██[38;2;200;153;147m██[38;2;23;27;30m██[38;2;23;27;30m██[38;2;23;27;30m██[38;2;135;86;71m██[38;2;174;119;96m██[38;2;135;86;71m██[38;2;135;86;71m██[38;2;174;119;96m██[38;2;174;119;96m██[38;2;174;119;96m██[38;2;98;48;47m██[38;2;39;46;50m██[38;2;68;74;84m██[38;2;23;27;30m██                                                  
        [38;2;159;92;83m██[38;2;200;153;147m██[38;2;240;209;191m██[38;2;200;153;147m██[38;2;174;119;96m██[38;2;174;119;96m██[38;2;174;119;96m██[38;2;135;86;71m██[38;2;253;253;253m██[38;2;253;253;253m██[38;2;135;86;71m██[38;2;174;119;96m██[38;2;174;119;96m██[38;2;98;48;47m██[38;2;39;46;50m██[38;2;39;46;50m██[38;2;68;74;84m██[38;2;16;16;16m██                                                
        [38;2;159;92;83m██[38;2;240;209;191m██[38;2;240;209;191m██[38;2;200;153;147m██[38;2;174;119;96m██[38;2;174;119;96m██[38;2;174;119;96m██[38;2;253;253;253m██[38;2;253;253;253m██[38;2;253;253;253m██[38;2;253;253;253m██[38;2;174;119;96m██[38;2;174;119;96m██[38;2;174;119;96m██[38;2;16;16;16m██[38;2;39;46;50m██[38;2;39;46;50m██[38;2;16;16;16m██                                                
        [38;2;159;92;83m██[38;2;240;209;191m██[38;2;200;153;147m██[38;2;174;119;96m██[38;2;174;119;96m██[38;2;174;119;96m██[38;2;174;119;96m██[38;2;68;74;84m██[38;2;68;74;84m██[38;2;68;74;84m██[38;2;253;253;253m██[38;2;174;119;96m██[38;2;174;119;96m██[38;2;174;119;96m██[38;2;16;16;16m██[38;2;39;46;50m██[38;2;39;46;50m██[38;2;16;16;16m██                                                
      [38;2;159;92;83m██[38;2;159;92;83m██[38;2;200;153;147m██[38;2;200;153;147m██[38;2;200;153;147m██[38;2;174;119;96m██[38;2;174;119;96m██[38;2;174;119;96m██[38;2;39;46;50m██[38;2;39;46;50m██[38;2;39;46;50m██[38;2;253;253;253m██[38;2;174;119;96m██[38;2;174;119;96m██[38;2;135;86;71m██[38;2;16;16;16m██[38;2;39;46;50m██[38;2;16;16;16m██                                                  
    [38;2;159;92;83m██[38;2;240;209;191m██[38;2;240;209;191m██[38;2;240;209;191m██[38;2;240;209;191m██[38;2;240;209;191m██[38;2;200;153;147m██[38;2;174;119;96m██[38;2;174;119;96m██[38;2;253;253;253m██[38;2;253;253;253m██[38;2;253;253;253m██[38;2;253;253;253m██[38;2;200;153;147m██[38;2;135;86;71m██[38;2;135;86;71m██[38;2;16;16;16m██[38;2;39;46;50m██[38;2;16;16;16m██                                                  
  [38;2;159;92;83m██[38;2;240;209;191m██[38;2;240;209;191m██[38;2;240;209;191m██[38;2;240;209;191m██[38;2;240;209;191m██[38;2;240;209;191m██[38;2;240;209;191m██[38;2;200;153;147m██[38;2;174;119;96m██[38;2;174;119;96m██[38;2;253;253;253m██[38;2;253;253;253m██[38;2;200;153;147m██[38;2;240;209;191m██[38;2;200;153;147m██[38;2;135;86;71m██[38;2;16;16;16m██[38;2;39;46;50m██[38;2;39;46;50m██[38;2;16;16;16m██                                                
  [38;2;16;16;16m██[38;2;39;46;50m██[38;2;240;209;191m██[38;2;240;209;191m██[38;2;200;153;147m██[38;2;68;74;84m██[38;2;68;74;84m██[38;2;240;209;191m██[38;2;200;153;147m██[38;2;174;119;96m██[38;2;174;119;96m██[38;2;174;119;96m██[38;2;174;119;96m██[38;2;200;153;147m██[38;2;240;209;191m██[38;2;200;153;147m██[38;2;135;86;71m██[38;2;16;16;16m██[38;2;39;46;50m██[38;2;39;46;50m██[38;2;16;16;16m██                                                
  [38;2;16;16;16m██[38;2;68;74;84m██[38;2;240;209;191m██[38;2;200;153;147m██[38;2;39;46;50m██[38;2;68;74;84m██[38;2;68;74;84m██[38;2;240;209;191m██[38;2;200;153;147m██[38;2;174;119;96m██[38;2;174;119;96m██[38;2;174;119;96m██[38;2;135;86;71m██[38;2;135;86;71m██[38;2;200;153;147m██[38;2;135;86;71m██[38;2;135;86;71m██[38;2;16;16;16m██[38;2;39;46;50m██[38;2;39;46;50m██[38;2;16;16;16m██                                                
  [38;2;16;16;16m██[38;2;200;153;147m██[38;2;240;209;191m██[38;2;200;153;147m██[38;2;68;74;84m██[38;2;68;74;84m██[38;2;240;209;191m██[38;2;240;209;191m██[38;2;200;153;147m██[38;2;135;86;71m██[38;2;135;86;71m██[38;2;135;86;71m██[38;2;98;48;47m██[38;2;135;86;71m██[38;2;135;86;71m██[38;2;135;86;71m██[38;2;135;86;71m██[38;2;135;86;71m██[38;2;16;16;16m██[38;2;16;16;16m██              [38;2;98;48;47m██[38;2;98;48;47m██[38;2;98;48;47m██[38;2;98;48;47m██[38;2;98;48;47m██                          
    [38;2;16;16;16m██[38;2;200;153;147m██[38;2;240;209;191m██[38;2;240;209;191m██[38;2;240;209;191m██[38;2;240;209;191m██[38;2;200;153;147m██[38;2;135;86;71m██[38;2;16;16;16m██[38;2;16;16;16m██[38;2;98;48;47m██[38;2;135;86;71m██[38;2;135;86;71m██[38;2;135;86;71m██[38;2;135;86;71m██[38;2;135;86;71m██[38;2;135;86;71m██[38;2;98;48;47m██[38;2;16;16;16m██        [38;2;98;48;47m██[38;2;98;48;47m██[38;2;98;48;47m██[38;2;174;119;96m██[38;2;174;119;96m██[38;2;174;119;96m██[38;2;174;119;96m██[38;2;174;119;96m██[38;2;98;48;47m██[38;2;98;48;47m██                      
      [38;2;16;16;16m██[38;2;16;16;16m██[38;2;16;16;16m██[38;2;16;16;16m██[38;2;16;16;16m██[38;2;16;16;16m██[38;2;16;16;16m██  [38;2;16;16;16m██[38;2;135;86;71m██[38;2;135;86;71m██[38;2;135;86;71m██[38;2;135;86;71m██[38;2;135;86;71m██[38;2;135;86;71m██[38;2;174;119;96m██[38;2;174;119;96m██[38;2;98;48;47m██[38;2;98;48;47m██[38;2;98;48;47m██[38;2;98;48;47m██[38;2;98;48;47m██[38;2;174;119;96m██[38;2;174;119;96m██[38;2;174;119;96m██[38;2;174;119;96m██[38;2;174;119;96m██[38;2;174;119;96m██[38;2;174;119;96m██[38;2;174;119;96m██[38;2;174;119;96m██[38;2;174;119;96m██[38;2;98;48;47m██[38;2;23;27;30m██[38;2;23;27;30m██[38;2;23;27;30m██              
                      [38;2;16;16;16m██[38;2;135;86;71m██[38;2;135;86;71m██[38;2;135;86;71m██[38;2;135;86;71m██[38;2;135;86;71m██[38;2;174;119;96m██[38;2;174;119;96m██[38;2;174;119;96m██[38;2;174;119;96m██[38;2;174;119;96m██[38;2;174;119;96m██[38;2;174;119;96m██[38;2;174;119;96m██[38;2;174;119;96m██[38;2;174;119;96m██[38;2;174;119;96m██[38;2;174;119;96m██[38;2;174;119;96m██[38;2;174;119;96m██[38;2;174;119;96m██[38;2;174;119;96m██[38;2;174;119;96m██[38;2;174;119;96m██[38;2;174;119;96m██[38;2;98;48;47m██[38;2;68;74;84m██[38;2;68;74;84m██[38;2;23;27;30m██[38;2;23;27;30m██          
                      [38;2;16;16;16m██[38;2;135;86;71m██[38;2;135;86;71m██[38;2;135;86;71m██[38;2;174;119;96m██[38;2;174;119;96m██[38;2;174;119;96m██[38;2;174;119;96m██[38;2;174;119;96m██[38;2;174;119;96m██[38;2;174;119;96m██[38;2;174;119;96m██[38;2;174;119;96m██[38;2;174;119;96m██[38;2;174;119;96m██[38;2;174;119;96m██[38;2;174;119;96m██[38;2;174;119;96m██[38;2;174;119;96m██[38;2;174;119;96m██[38;2;174;119;96m██[38;2;174;119;96m██[38;2;174;119;96m██[38;2;174;119;96m██[38;2;174;119;96m██[38;2;174;119;96m██[38;2;98;48;47m██[38;2;68;74;84m██[38;2;68;74;84m██[38;2;68;74;84m██[38;2;23;27;30m██        
                      [38;2;16;16;16m██[38;2;135;86;71m██[38;2;174;119;96m██[38;2;174;119;96m██[38;2;174;119;96m██[38;2;174;119;96m██[38;2;174;119;96m██[38;2;174;119;96m██[38;2;174;119;96m██[38;2;174;119;96m██[38;2;174;119;96m██[38;2;174;119;96m██[38;2;174;119;96m██[38;2;174;119;96m██[38;2;174;119;96m██[38;2;174;119;96m██[38;2;174;119;96m██[38;2;174;119;96m██[38;2;174;119;96m██[38;2;174;119;96m██[38;2;174;119;96m██[38;2;174;119;96m██[38;2;174;119;96m██[38;2;174;119;96m██[38;2;174;119;96m██[38;2;174;119;96m██[38;2;98;48;47m██[38;2;39;46;50m██[38;2;68;74;84m██[38;2;68;74;84m██[38;2;68;74;84m██[38;2;23;27;30m██      
                      [38;2;16;16;16m██[38;2;135;86;71m██[38;2;174;119;96m██[38;2;174;119;96m██[38;2;174;119;96m██[38;2;174;119;96m██[38;2;174;119;96m██[38;2;174;119;96m██[38;2;174;119;96m██[38;2;174;119;96m██[38;2;174;119;96m██[38;2;174;119;96m██[38;2;174;119;96m██[38;2;174;119;96m██[38;2;174;119;96m██[38;2;174;119;96m██[38;2;174;119;96m██[38;2;174;119;96m██[38;2;174;119;96m██[38;2;174;119;96m██[38;2;174;119;96m██[38;2;174;119;96m██[38;2;174;119;96m██[38;2;174;119;96m██[38;2;174;119;96m██[38;2;174;119;96m██[38;2;174;119;96m██[38;2;98;48;47m██[38;2;68;74;84m██[38;2;68;74;84m██[38;2;68;74;84m██[38;2;68;74;84m██[38;2;23;27;30m██    
                    [38;2;16;16;16m██[38;2;135;86;71m██[38;2;98;48;47m██[38;2;135;86;71m██[38;2;174;119;96m██[38;2;174;119;96m██[38;2;174;119;96m██[38;2;174;119;96m██[38;2;174;119;96m██[38;2;174;119;96m██[38;2;174;119;96m██[38;2;174;119;96m██[38;2;174;119;96m██[38;2;174;119;96m██[38;2;174;119;96m██[38;2;174;119;96m██[38;2;200;153;147m██[38;2;200;153;147m██[38;2;174;119;96m██[38;2;174;119;96m██[38;2;174;119;96m██[38;2;174;119;96m██[38;2;174;119;96m██[38;2;174;119;96m██[38;2;174;119;96m██[38;2;174;119;96m██[38;2;174;119;96m██[38;2;174;119;96m██[38;2;98;48;47m██[38;2;39;46;50m██[38;2;68;74;84m██[38;2;68;74;84m██[38;2;68;74;84m██[38;2;39;46;50m██[38;2;23;27;30m██  
                    [38;2;16;16;16m██[38;2;135;86;71m██[38;2;98;48;47m██[38;2;135;86;71m██[38;2;174;119;96m██[38;2;200;153;147m██[38;2;200;153;147m██[38;2;200;153;147m██[38;2;174;119;96m██[38;2;174;119;96m██[38;2;174;119;96m██[38;2;174;119;96m██[38;2;174;119;96m██[38;2;174;119;96m██[38;2;174;119;96m██[38;2;200;153;147m██[38;2;240;209;191m██[38;2;240;209;191m██[38;2;200;153;147m██[38;2;174;119;96m██[38;2;174;119;96m██[38;2;200;153;147m██[38;2;135;86;71m██[38;2;174;119;96m██[38;2;174;119;96m██[38;2;174;119;96m██[38;2;174;119;96m██[38;2;174;119;96m██[38;2;98;48;47m██[38;2;39;46;50m██[38;2;23;27;30m██[38;2;68;74;84m██[38;2;68;74;84m██[38;2;39;46;50m██[38;2;23;27;30m██  
                    [38;2;16;16;16m██[38;2;135;86;71m██[38;2;135;86;71m██[38;2;135;86;71m██[38;2;200;153;147m██[38;2;200;153;147m██[38;2;240;209;191m██[38;2;240;209;191m██[38;2;98;48;47m██[38;2;174;119;96m██[38;2;174;119;96m██[38;2;174;119;96m██[38;2;174;119;96m██[38;2;174;119;96m██[38;2;174;119;96m██[38;2;200;153;147m██[38;2;240;209;191m██[38;2;240;209;191m██[38;2;200;153;147m██[38;2;174;119;96m██[38;2;200;153;147m██[38;2;200;153;147m██[38;2;98;48;47m██[38;2;174;119;96m██[38;2;174;119;96m██[38;2;174;119;96m██[38;2;174;119;96m██[38;2;174;119;96m██[38;2;98;48;47m██[38;2;39;46;50m██[38;2;39;46;50m██[38;2;23;27;30m██[38;2;39;46;50m██[38;2;39;46;50m██[38;2;39;46;50m██[38;2;23;27;30m██
                    [38;2;16;16;16m██[38;2;135;86;71m██[38;2;135;86;71m██[38;2;135;86;71m██[38;2;240;209;191m██[38;2;200;153;147m██[38;2;240;209;191m██[38;2;240;209;191m██[38;2;98;48;47m██[38;2;174;119;96m██[38;2;174;119;96m██[38;2;174;119;96m██[38;2;174;119;96m██[38;2;174;119;96m██[38;2;98;48;47m██[38;2;240;209;191m██[38;2;240;209;191m██[38;2;240;209;191m██[38;2;240;209;191m██[38;2;200;153;147m██[38;2;200;153;147m██[38;2;200;153;147m██[38;2;98;48;47m██[38;2;174;119;96m██[38;2;174;119;96m██[38;2;174;119;96m██[38;2;174;119;96m██[38;2;174;119;96m██[38;2;16;16;16m██[38;2;39;46;50m██[38;2;39;46;50m██[38;2;23;27;30m██[38;2;39;46;50m██[38;2;39;46;50m██[38;2;39;46;50m██[38;2;23;27;30m██
                    [38;2;16;16;16m██[38;2;135;86;71m██[38;2;135;86;71m██[38;2;135;86;71m██[38;2;98;48;47m██[38;2;240;209;191m██[38;2;240;209;191m██[38;2;240;209;191m██[38;2;240;209;191m██[38;2;98;48;47m██[38;2;174;119;96m██[38;2;174;119;96m██[38;2;174;119;96m██[38;2;174;119;96m██[38;2;98;48;47m██[38;2;240;209;191m██[38;2;240;209;191m██[38;2;240;209;191m██[38;2;200;153;147m██[38;2;200;153;147m██[38;2;200;153;147m██[38;2;200;153;147m██[38;2;16;16;16m██[38;2;135;86;71m██[38;2;174;119;96m██[38;2;174;119;96m██[38;2;174;119;96m██[38;2;135;86;71m██[38;2;16;16;16m██[38;2;39;46;50m██[38;2;39;46;50m██[38;2;39;46;50m██[38;2;23;27;30m██[38;2;23;27;30m██[38;2;23;27;30m██  
                      [38;2;16;16;16m██[38;2;135;86;71m██[38;2;135;86;71m██[38;2;135;86;71m██[38;2;16;16;16m██[38;2;16;16;16m██[38;2;200;153;147m██[38;2;200;153;147m██[38;2;98;48;47m██[38;2;174;119;96m██[38;2;174;119;96m██[38;2;174;119;96m██[38;2;174;119;96m██[38;2;16;16;16m██[38;2;200;153;147m██[38;2;200;153;147m██[38;2;200;153;147m██[38;2;16;16;16m██[38;2;16;16;16m██[38;2;16;16;16m██[38;2;16;16;16m██[38;2;16;16;16m██[38;2;135;86;71m██[38;2;135;86;71m██[38;2;135;86;71m██[38;2;135;86;71m██[38;2;135;86;71m██[38;2;16;16;16m██[38;2;39;46;50m██[38;2;39;46;50m██[38;2;39;46;50m██[38;2;23;27;30m██      
                      [38;2;16;16;16m██[38;2;135;86;71m██[38;2;135;86;71m██[38;2;135;86;71m██[38;2;135;86;71m██[38;2;135;86;71m██[38;2;16;16;16m██[38;2;16;16;16m██[38;2;98;48;47m██[38;2;174;119;96m██[38;2;174;119;96m██[38;2;174;119;96m██[38;2;174;119;96m██[38;2;16;16;16m██[38;2;16;16;16m██[38;2;16;16;16m██[38;2;16;16;16m██    [38;2;16;16;16m██[38;2;98;48;47m██[38;2;98;48;47m██[38;2;98;48;47m██[38;2;135;86;71m██[38;2;135;86;71m██[38;2;135;86;71m██[38;2;135;86;71m██[38;2;16;16;16m██[38;2;39;46;50m██[38;2;39;46;50m██[38;2;23;27;30m██[38;2;23;27;30m██      
                        [38;2;16;16;16m██[38;2;135;86;71m██[38;2;135;86;71m██[38;2;135;86;71m██[38;2;135;86;71m██[38;2;16;16;16m██    [38;2;98;48;47m██[38;2;174;119;96m██[38;2;174;119;96m██[38;2;174;119;96m██[38;2;16;16;16m██          [38;2;16;16;16m██[38;2;98;48;47m██[38;2;98;48;47m██[38;2;16;16;16m██[38;2;135;86;71m██[38;2;135;86;71m██[38;2;135;86;71m██[38;2;135;86;71m██[38;2;135;86;71m██[38;2;16;16;16m██[38;2;23;27;30m██          
                        [38;2;16;16;16m██[38;2;135;86;71m██[38;2;135;86;71m██[38;2;135;86;71m██[38;2;16;16;16m██      [38;2;98;48;47m██[38;2;174;119;96m██[38;2;174;119;96m██[38;2;16;16;16m██            [38;2;16;16;16m██[38;2;159;92;83m██[38;2;98;48;47m██[38;2;16;16;16m██[38;2;16;16;16m██[38;2;135;86;71m██[38;2;135;86;71m██[38;2;135;86;71m██[38;2;200;153;147m██[38;2;16;16;16m██            
                          [38;2;16;16;16m██[38;2;135;86;71m██[38;2;200;153;147m██[38;2;16;16;16m██      [38;2;98;48;47m██[38;2;200;153;147m██[38;2;174;119;96m██[38;2;16;16;16m██          [38;2;16;16;16m██[38;2;200;153;147m██[38;2;200;153;147m██[38;2;159;92;83m██[38;2;16;16;16m██  [38;2;16;16;16m██[38;2;200;153;147m██[38;2;200;153;147m██[38;2;200;153;147m██[38;2;16;16;16m██            
                          [38;2;16;16;16m██[38;2;200;153;147m██[38;2;200;153;147m██[38;2;16;16;16m██      [38;2;159;92;83m██[38;2;240;209;191m██[38;2;200;153;147m██[38;2;16;16;16m██          [38;2;16;16;16m██[38;2;200;153;147m██[38;2;200;153;147m██[38;2;200;153;147m██[38;2;16;16;16m██  [38;2;16;16;16m██[38;2;200;153;147m██[38;2;200;153;147m██[38;2;200;153;147m██[38;2;16;16;16m██            
                          [38;2;16;16;16m██[38;2;200;153;147m██[38;2;200;153;147m██[38;2;16;16;16m██      [38;2;159;92;83m██[38;2;240;209;191m██[38;2;240;209;191m██[38;2;16;16;16m██        [38;2;16;16;16m██[38;2;159;92;83m██[38;2;200;153;147m██[38;2;200;153;147m██[38;2;16;16;16m██      [38;2;16;16;16m██[38;2;200;153;147m██[38;2;200;153;147m██[38;2;200;153;147m██[38;2;16;16;16m██          
                          [38;2;16;16;16m██[38;2;200;153;147m██[38;2;200;153;147m██[38;2;16;16;16m██      [38;2;159;92;83m██[38;2;240;209;191m██[38;2;240;209;191m██[38;2;16;16;16m██      [38;2;16;16;16m██[38;2;200;153;147m██[38;2;200;153;147m██[38;2;200;153;147m██[38;2;200;153;147m██[38;2;16;16;16m██      [38;2;16;16;16m██[38;2;200;153;147m██[38;2;200;153;147m██[38;2;200;153;147m██[38;2;16;16;16m██          
                        [38;2;16;16;16m██[38;2;200;153;147m██[38;2;200;153;147m██[38;2;200;153;147m██[38;2;200;153;147m██[38;2;16;16;16m██    [38;2;159;92;83m██[38;2;240;209;191m██[38;2;240;209;191m██[38;2;16;16;16m██    [38;2;16;16;16m██[38;2;200;153;147m██[38;2;200;153;147m██[38;2;200;153;147m██[38;2;200;153;147m██[38;2;200;153;147m██[38;2;16;16;16m██      [38;2;16;16;16m██[38;2;200;153;147m██[38;2;200;153;147m██[38;2;200;153;147m██[38;2;16;16;16m██          
                        [38;2;16;16;16m██[38;2;200;153;147m██[38;2;200;153;147m██[38;2;200;153;147m██[38;2;200;153;147m██[38;2;16;16;16m██    [38;2;159;92;83m██[38;2;240;209;191m██[38;2;240;209;191m██[38;2;16;16;16m██    [38;2;16;16;16m██[38;2;200;153;147m██[38;2;200;153;147m██[38;2;200;153;147m██[38;2;200;153;147m██[38;2;159;92;83m██[38;2;16;16;16m██    [38;2;159;92;83m██[38;2;200;153;147m██[38;2;200;153;147m██[38;2;200;153;147m██[38;2;200;153;147m██[38;2;200;153;147m██[38;2;16;16;16m██        
                      [38;2;16;16;16m██[38;2;159;92;83m██[38;2;159;92;83m██[38;2;200;153;147m██[38;2;200;153;147m██[38;2;159;92;83m██[38;2;16;16;16m██  [38;2;159;92;83m██[38;2;240;209;191m██[38;2;240;209;191m██[38;2;240;209;191m██[38;2;16;16;16m██  [38;2;16;16;16m██[38;2;159;92;83m██[38;2;159;92;83m██[38;2;159;92;83m██[38;2;200;153;147m██[38;2;200;153;147m██[38;2;200;153;147m██[38;2;200;153;147m██[38;2;16;16;16m██[38;2;159;92;83m██[38;2;200;153;147m██[38;2;200;153;147m██[38;2;200;153;147m██[38;2;200;153;147m██[38;2;200;153;147m██[38;2;200;153;147m██[38;2;200;153;147m██[38;2;16;16;16m██      
                    [38;2;16;16;16m██[38;2;200;153;147m██[38;2;200;153;147m██[38;2;200;153;147m██[38;2;200;153;147m██[38;2;200;153;147m██[38;2;200;153;147m██[38;2;200;153;147m██[38;2;16;16;16m██[38;2;240;209;191m██[38;2;240;209;191m██[38;2;240;209;191m██[38;2;240;209;191m██[38;2;16;16;16m██[38;2;16;16;16m██[38;2;200;153;147m██[38;2;200;153;147m██[38;2;200;153;147m██[38;2;200;153;147m██[38;2;200;153;147m██[38;2;200;153;147m██[38;2;200;153;147m██[38;2;200;153;147m██[38;2;16;16;16m██[38;2;159;92;83m██[38;2;200;153;147m██[38;2;200;153;147m██[38;2;200;153;147m██[38;2;200;153;147m██[38;2;200;153;147m██[38;2;200;153;147m██[38;2;159;92;83m██[38;2;16;16;16m██      
                    [38;2;16;16;16m██[38;2;200;153;147m██[38;2;200;153;147m██[38;2;200;153;147m██[38;2;200;153;147m██[38;2;200;153;147m██[38;2;200;153;147m██[38;2;200;153;147m██[38;2;159;92;83m██[38;2;240;209;191m██[38;2;240;209;191m██[38;2;240;209;191m██[38;2;240;209;191m██[38;2;240;209;191m██[38;2;16;16;16m██[38;2;23;27;30m██[38;2;23;27;30m██[38;2;200;153;147m██[38;2;200;153;147m██[38;2;200;153;147m██[38;2;200;153;147m██[38;2;200;153;147m██[38;2;200;153;147m██[38;2;16;16;16m██[38;2;159;92;83m██[38;2;159;92;83m██[38;2;200;153;147m██[38;2;200;153;147m██[38;2;200;153;147m██[38;2;200;153;147m██[38;2;159;92;83m██[38;2;16;16;16m██        
                    [38;2;16;16;16m██[38;2;200;153;147m██[38;2;200;153;147m██[38;2;200;153;147m██[38;2;200;153;147m██[38;2;200;153;147m██[38;2;200;153;147m██[38;2;159;92;83m██[38;2;240;209;191m██[38;2;240;209;191m██[38;2;240;209;191m██[38;2;240;209;191m██[38;2;240;209;191m██[38;2;240;209;191m██[38;2;16;16;16m██[38;2;39;46;50m██[38;2;39;46;50m██[38;2;23;27;30m██[38;2;200;153;147m██[38;2;200;153;147m██[38;2;200;153;147m██[38;2;200;153;147m██[38;2;16;16;16m██[38;2;159;92;83m██[38;2;200;153;147m██[38;2;200;153;147m██[38;2;200;153;147m██[38;2;200;153;147m██[38;2;200;153;147m██[38;2;200;153;147m██[38;2;200;153;147m██[38;2;200;153;147m██[38;2;16;16;16m██      
                  [38;2;16;16;16m██[38;2;200;153;147m██[38;2;200;153;147m██[38;2;200;153;147m██[38;2;200;153;147m██[38;2;200;153;147m██[38;2;200;153;147m██[38;2;200;153;147m██[38;2;159;92;83m██[38;2;200;153;147m██[38;2;240;209;191m██[38;2;240;209;191m██[38;2;240;209;191m██[38;2;240;209;191m██[38;2;159;92;83m██[38;2;16;16;16m██[38;2;39;46;50m██[38;2;39;46;50m██[38;2;39;46;50m██[38;2;23;27;30m██[38;2;200;153;147m██[38;2;16;16;16m██[38;2;16;16;16m██[38;2;16;16;16m██[38;2;23;27;30m██[38;2;23;27;30m██[38;2;23;27;30m██[38;2;23;27;30m██[38;2;200;153;147m██[38;2;200;153;147m██[38;2;200;153;147m██[38;2;200;153;147m██[38;2;200;153;147m██[38;2;16;16;16m██      
                  [38;2;16;16;16m██[38;2;23;27;30m██[38;2;23;27;30m██[38;2;23;27;30m██[38;2;200;153;147m██[38;2;200;153;147m██[38;2;200;153;147m██[38;2;159;92;83m██[38;2;240;209;191m██[38;2;240;209;191m██[38;2;240;209;191m██[38;2;240;209;191m██[38;2;240;209;191m██[38;2;240;209;191m██[38;2;240;209;191m██[38;2;240;209;191m██[38;2;16;16;16m██[38;2;16;16;16m██[38;2;16;16;16m██[38;2;16;16;16m██[38;2;16;16;16m██    [38;2;16;16;16m██[38;2;39;46;50m██[38;2;39;46;50m██[38;2;39;46;50m██[38;2;39;46;50m██[38;2;23;27;30m██[38;2;200;153;147m██[38;2;200;153;147m██[38;2;159;92;83m██[38;2;16;16;16m██        
                  [38;2;16;16;16m██[38;2;39;46;50m██[38;2;39;46;50m██[38;2;39;46;50m██[38;2;23;27;30m██[38;2;200;153;147m██[38;2;16;16;16m██[38;2;39;46;50m██[38;2;39;46;50m██[38;2;39;46;50m██[38;2;240;209;191m██[38;2;240;209;191m██[38;2;240;209;191m██[38;2;240;209;191m██[38;2;240;209;191m██[38;2;240;209;191m██[38;2;16;16;16m██              [38;2;16;16;16m██[38;2;39;46;50m██[38;2;39;46;50m██[38;2;39;46;50m██[38;2;39;46;50m██[38;2;23;27;30m██[38;2;16;16;16m██[38;2;16;16;16m██          
                  [38;2;16;16;16m██[38;2;39;46;50m██[38;2;39;46;50m██[38;2;39;46;50m██[38;2;39;46;50m██[38;2;16;16;16m██[38;2;16;16;16m██[38;2;68;74;84m██[38;2;68;74;84m██[38;2;68;74;84m██[38;2;39;46;50m██[38;2;39;46;50m██[38;2;240;209;191m██[38;2;240;209;191m██[38;2;240;209;191m██[38;2;240;209;191m██[38;2;16;16;16m██                [38;2;16;16;16m██[38;2;16;16;16m██[38;2;16;16;16m██[38;2;16;16;16m██[38;2;16;16;16m██              
                    [38;2;16;16;16m██[38;2;16;16;16m██[38;2;16;16;16m██[38;2;16;16;16m██  [38;2;16;16;16m██[38;2;68;74;84m██[38;2;68;74;84m██[38;2;68;74;84m██[38;2;68;74;84m██[38;2;68;74;84m██[38;2;39;46;50m██[38;2;240;209;191m██[38;2;16;16;16m██[38;2;16;16;16m██                                          
                                [38;2;16;16;16m██[38;2;16;16;16m██[38;2;16;16;16m██[38;2;16;16;16m██[38;2;16;16;16m██[38;2;16;16;16m██[38;2;16;16;16m██                                              
