          [38;2;180;106;164m██[38;2;180;106;164m██                                                                                
        [38;2;180;106;164m██[38;2;238;222;230m██[38;2;180;106;164m██                                                                                
        [38;2;180;106;164m██[38;2;238;222;230m██[38;2;98;82;90m██      [38;2;180;106;164m██[38;2;180;106;164m██                                                                      
        [38;2;180;106;164m██[38;2;238;222;230m██[38;2;98;82;90m██    [38;2;180;106;164m██[38;2;238;222;230m██[38;2;98;82;90m██                                                                      
        [38;2;205;148;197m██[38;2;238;222;230m██[38;2;205;148;197m██[38;2;180;106;164m██[38;2;180;106;164m██[38;2;238;222;230m██[38;2;205;148;197m██[38;2;98;82;90m██                              [38;2;180;106;164m██[38;2;180;106;164m██[38;2;180;106;164m██[38;2;180;106;164m██                                
      [38;2;180;106;164m██[38;2;238;222;230m██[38;2;238;222;230m██[38;2;205;148;197m██[38;2;205;148;197m██[38;2;238;222;230m██[38;2;205;148;197m██[38;2;205;148;197m██[38;2;98;82;90m██                          [38;2;180;106;164m██[38;2;180;106;164m██[38;2;238;222;230m██[38;2;238;222;230m██[38;2;238;222;230m██[38;2;98;82;90m██                                
      [38;2;180;106;164m██[38;2;238;222;230m██[38;2;205;148;197m██[38;2;205;148;197m██[38;2;205;148;197m██[38;2;205;148;197m██[38;2;205;148;197m██[38;2;205;148;197m██[38;2;98;82;90m██                      [38;2;180;106;164m██[38;2;180;106;164m██[38;2;238;222;230m██[38;2;238;222;230m██[38;2;238;222;230m██[38;2;205;148;197m██[38;2;98;82;90m██                                  
      [38;2;180;106;164m██[38;2;238;222;230m██[38;2;205;148;197m██[38;2;205;148;197m██[38;2;205;148;197m██[38;2;205;148;197m██[38;2;205;148;197m██[38;2;205;148;197m██[38;2;205;148;197m██[38;2;16;16;16m██          [38;2;180;106;164m██[38;2;180;106;164m██    [38;2;180;106;164m██[38;2;238;222;230m██[38;2;238;222;230m██[38;2;238;222;230m██[38;2;238;222;230m██[38;2;205;148;197m██[38;2;98;82;90m██                                    
[38;2;180;106;164m██[38;2;98;82;90m██  [38;2;180;106;164m██[38;2;238;222;230m██[38;2;205;148;197m██[38;2;205;148;197m██[38;2;205;148;197m██[38;2;205;148;197m██[38;2;205;148;197m██[38;2;205;148;197m██[38;2;205;148;197m██[38;2;98;82;90m██        [38;2;180;106;164m██[38;2;238;222;230m██[38;2;98;82;90m██  [38;2;180;106;164m██[38;2;238;222;230m██[38;2;238;222;230m██[38;2;238;222;230m██[38;2;205;148;197m██[38;2;205;148;197m██[38;2;205;148;197m██[38;2;98;82;90m██                                    
[38;2;180;106;164m██[38;2;238;222;230m██[38;2;98;82;90m██[38;2;180;106;164m██[38;2;238;222;230m██[38;2;205;148;197m██[38;2;205;148;197m██[38;2;205;148;197m██[38;2;205;148;197m██[38;2;205;148;197m██[38;2;205;148;197m██[38;2;205;148;197m██[38;2;205;148;197m██[38;2;98;82;90m██      [38;2;180;106;164m██[38;2;238;222;230m██[38;2;98;82;90m██[38;2;180;106;164m██[38;2;238;222;230m██[38;2;205;148;197m██[38;2;65;106;16m██[38;2;65;106;16m██[38;2;65;106;16m██[38;2;205;148;197m██[38;2;205;148;197m██[38;2;205;148;197m██[38;2;98;82;90m██[38;2;98;82;90m██                                
[38;2;180;106;164m██[38;2;238;222;230m██[38;2;238;222;230m██[38;2;98;82;90m██[38;2;205;148;197m██[38;2;205;148;197m██[38;2;205;148;197m██[38;2;205;148;197m██[38;2;205;148;197m██[38;2;205;148;197m██[38;2;205;148;197m██[38;2;205;148;197m██[38;2;205;148;197m██[38;2;98;82;90m██    [38;2;180;106;164m██[38;2;238;222;230m██[38;2;238;222;230m██[38;2;98;82;90m██[38;2;238;222;230m██[38;2;238;222;230m██[38;2;32;74;0m██[38;2;32;74;0m██[38;2;32;74;0m██[38;2;32;74;0m██[38;2;65;106;16m██[38;2;205;148;197m██[38;2;205;148;197m██[38;2;205;148;197m██[38;2;205;148;197m██[38;2;98;82;90m██                              
  [38;2;180;106;164m██[38;2;238;222;230m██[38;2;205;148;197m██[38;2;180;106;164m██[38;2;205;148;197m██[38;2;205;148;197m██[38;2;205;148;197m██[38;2;205;148;197m██[38;2;205;148;197m██[38;2;205;148;197m██[38;2;205;148;197m██[38;2;205;148;197m██[38;2;16;16;16m██    [38;2;180;106;164m██[38;2;238;222;230m██[38;2;238;222;230m██[38;2;180;106;164m██[38;2;238;222;230m██[38;2;32;74;0m██[38;2;32;74;0m██[38;2;32;74;0m██[38;2;32;74;0m██[38;2;32;74;0m██[38;2;32;74;0m██[38;2;65;106;16m██[38;2;205;148;197m██[38;2;205;148;197m██[38;2;180;106;164m██[38;2;98;82;90m██                              
  [38;2;98;82;90m██[38;2;238;222;230m██[38;2;238;222;230m██[38;2;205;148;197m██[38;2;205;148;197m██[38;2;205;148;197m██[38;2;205;148;197m██[38;2;205;148;197m██[38;2;205;148;197m██[38;2;205;148;197m██[38;2;205;148;197m██[38;2;205;148;197m██[38;2;16;16;16m██    [38;2;180;106;164m██[38;2;238;222;230m██[38;2;238;222;230m██[38;2;238;222;230m██[38;2;32;74;0m██[38;2;32;74;0m██[38;2;32;74;0m██[38;2;32;74;0m██[38;2;32;74;0m██[38;2;32;74;0m██[38;2;32;74;0m██[38;2;32;74;0m██[38;2;205;148;197m██[38;2;205;148;197m██[38;2;98;82;90m██                                
    [38;2;180;106;164m██[38;2;238;222;230m██[38;2;238;222;230m██[38;2;205;148;197m██[38;2;205;148;197m██[38;2;205;148;197m██[38;2;205;148;197m██[38;2;180;106;164m██[38;2;180;106;164m██[38;2;98;82;90m██[38;2;98;82;90m██[38;2;98;82;90m██[38;2;98;82;90m██[38;2;98;82;90m██[38;2;180;106;164m██[38;2;238;222;230m██[38;2;238;222;230m██[38;2;65;106;16m██[38;2;32;74;0m██[38;2;32;74;0m██[38;2;90;131;32m██[38;2;90;131;32m██[38;2;90;131;32m██[38;2;32;74;0m██[38;2;32;74;0m██[38;2;32;74;0m██[38;2;32;74;0m██[38;2;205;148;197m██[38;2;205;148;197m██[38;2;98;82;90m██                              
    [38;2;98;82;90m██[38;2;180;106;164m██[38;2;238;222;230m██[38;2;238;222;230m██[38;2;205;148;197m██[38;2;205;148;197m██[38;2;180;106;164m██[38;2;205;148;197m██[38;2;238;222;230m██[38;2;238;222;230m██[38;2;238;222;230m██[38;2;238;222;230m██[38;2;238;222;230m██[38;2;180;106;164m██[38;2;238;222;230m██[38;2;238;222;230m██[38;2;238;222;230m██[38;2;32;74;0m██[38;2;32;74;0m██[38;2;90;131;32m██[38;2;90;131;32m██[38;2;90;131;32m██[38;2;90;131;32m██[38;2;90;131;32m██[38;2;32;74;0m██[38;2;32;74;0m██[38;2;32;74;0m██[38;2;205;148;197m██[38;2;205;148;197m██[38;2;98;82;90m██[38;2;180;106;164m██[38;2;98;82;90m██                          
      [38;2;98;82;90m██[38;2;205;148;197m██[38;2;238;222;230m██[38;2;205;148;197m██[38;2;180;106;164m██[38;2;238;222;230m██[38;2;238;222;230m██[38;2;238;222;230m██[38;2;238;222;230m██[38;2;238;222;230m██[38;2;238;222;230m██[38;2;238;222;230m██[38;2;180;106;164m██[38;2;238;222;230m██[38;2;238;222;230m██[38;2;65;106;16m██[38;2;32;74;0m██[38;2;90;131;32m██[38;2;90;131;32m██[38;2;90;131;32m██[38;2;90;131;32m██[38;2;90;131;32m██[38;2;90;131;32m██[38;2;32;74;0m██[38;2;32;74;0m██[38;2;32;74;0m██[38;2;205;148;197m██[38;2;205;148;197m██[38;2;98;82;90m██[38;2;238;222;230m██[38;2;238;222;230m██[38;2;98;82;90m██                        
        [38;2;98;82;90m██[38;2;205;148;197m██[38;2;180;106;164m██[38;2;205;148;197m██[38;2;238;222;230m██[38;2;238;222;230m██[38;2;238;222;230m██[38;2;238;222;230m██[38;2;238;222;230m██[38;2;238;222;230m██[38;2;205;148;197m██[38;2;180;106;164m██[38;2;238;222;230m██[38;2;238;222;230m██[38;2;32;74;0m██[38;2;65;106;16m██[38;2;90;131;32m██[38;2;90;131;32m██[38;2;90;131;32m██[38;2;90;131;32m██[38;2;90;131;32m██[38;2;90;131;32m██[38;2;32;74;0m██[38;2;32;74;0m██[38;2;65;106;16m██[38;2;205;148;197m██[38;2;98;82;90m██[38;2;238;222;230m██[38;2;238;222;230m██[38;2;238;222;230m██[38;2;98;82;90m██                        
          [38;2;180;106;164m██[38;2;180;106;164m██[38;2;238;222;230m██[38;2;238;222;230m██[38;2;238;222;230m██[38;2;238;222;230m██[38;2;238;222;230m██[38;2;238;222;230m██[38;2;238;222;230m██[38;2;205;148;197m██[38;2;180;106;164m██[38;2;238;222;230m██[38;2;238;222;230m██[38;2;65;106;16m██[38;2;98;82;90m██[38;2;90;131;32m██[38;2;90;131;32m██[38;2;90;131;32m██[38;2;90;131;32m██[38;2;90;131;32m██[38;2;32;74;0m██[38;2;32;74;0m██[38;2;32;74;0m██[38;2;205;148;197m██[38;2;180;106;164m██[38;2;98;82;90m██[38;2;238;222;230m██[38;2;238;222;230m██[38;2;238;222;230m██[38;2;98;82;90m██                        
        [38;2;180;106;164m██[38;2;238;222;230m██[38;2;205;148;197m██[38;2;238;222;230m██[38;2;238;222;230m██[38;2;238;222;230m██[38;2;238;222;230m██[38;2;238;222;230m██[38;2;238;222;230m██[38;2;205;148;197m██[38;2;205;148;197m██[38;2;180;106;164m██[38;2;238;222;230m██[38;2;205;148;197m██[38;2;205;148;197m██[38;2;205;148;197m██[38;2;98;82;90m██[38;2;90;131;32m██[38;2;90;131;32m██[38;2;90;131;32m██[38;2;32;74;0m██[38;2;32;74;0m██[38;2;65;106;16m██[38;2;180;106;164m██[38;2;180;106;164m██[38;2;16;16;16m██[38;2;238;222;230m██[38;2;238;222;230m██[38;2;238;222;230m██[38;2;238;222;230m██[38;2;16;16;16m██                        
      [38;2;180;106;164m██[38;2;238;222;230m██[38;2;238;222;230m██[38;2;205;148;197m██[38;2;238;222;230m██[38;2;238;222;230m██[38;2;238;222;230m██[38;2;238;222;230m██[38;2;238;222;230m██[38;2;238;222;230m██[38;2;205;148;197m██[38;2;205;148;197m██[38;2;205;148;197m██[38;2;205;148;197m██[38;2;205;148;197m██[38;2;205;148;197m██[38;2;205;148;197m██[38;2;205;148;197m██[38;2;90;131;32m██[38;2;32;74;0m██[38;2;32;74;0m██[38;2;65;106;16m██[38;2;180;106;164m██[38;2;180;106;164m██[38;2;180;106;164m██[38;2;16;16;16m██[38;2;205;148;197m██[38;2;205;148;197m██[38;2;238;222;230m██[38;2;238;222;230m██[38;2;205;148;197m██[38;2;16;16;16m██                        
      [38;2;180;106;164m██[38;2;238;222;230m██[38;2;238;222;230m██[38;2;238;222;230m██[38;2;238;222;230m██[38;2;238;222;230m██[38;2;238;222;230m██[38;2;238;222;230m██[38;2;238;222;230m██[38;2;205;148;197m██[38;2;205;148;197m██[38;2;205;148;197m██[38;2;205;148;197m██[38;2;205;148;197m██[38;2;205;148;197m██[38;2;205;148;197m██[38;2;205;148;197m██[38;2;205;148;197m██[38;2;205;148;197m██[38;2;180;106;164m██[38;2;180;106;164m██[38;2;180;106;164m██[38;2;180;106;164m██[38;2;98;82;90m██[38;2;16;16;16m██[38;2;180;106;164m██[38;2;205;148;197m██[38;2;205;148;197m██[38;2;205;148;197m██[38;2;205;148;197m██[38;2;205;148;197m██[38;2;16;16;16m██                        
        [38;2;180;106;164m██[38;2;238;222;230m██[38;2;238;222;230m██[38;2;238;222;230m██[38;2;238;222;230m██[38;2;238;222;230m██[38;2;238;222;230m██[38;2;205;148;197m██[38;2;180;106;164m██[38;2;205;148;197m██[38;2;205;148;197m██[38;2;205;148;197m██[38;2;205;148;197m██[38;2;205;148;197m██[38;2;205;148;197m██[38;2;205;148;197m██[38;2;205;148;197m██[38;2;205;148;197m██[38;2;180;106;164m██[38;2;98;82;90m██[38;2;16;16;16m██[38;2;16;16;16m██[38;2;205;148;197m██[38;2;205;148;197m██[38;2;205;148;197m██[38;2;180;106;164m██[38;2;205;148;197m██[38;2;205;148;197m██[38;2;205;148;197m██[38;2;205;148;197m██[38;2;16;16;16m██  [38;2;98;82;90m██[38;2;98;82;90m██                  
        [38;2;98;82;90m██[38;2;238;222;230m██[38;2;205;148;197m██[38;2;238;222;230m██[38;2;238;222;230m██[38;2;238;222;230m██[38;2;205;148;197m██[38;2;205;148;197m██[38;2;205;148;197m██[38;2;238;222;230m██[38;2;205;148;197m██[38;2;180;106;164m██[38;2;98;82;90m██[38;2;205;148;197m██[38;2;205;148;197m██[38;2;205;148;197m██[38;2;205;148;197m██[38;2;205;148;197m██[38;2;205;148;197m██[38;2;205;148;197m██[38;2;205;148;197m██[38;2;205;148;197m██[38;2;205;148;197m██[38;2;205;148;197m██[38;2;205;148;197m██[38;2;205;148;197m██[38;2;180;106;164m██[38;2;205;148;197m██[38;2;205;148;197m██[38;2;205;148;197m██[38;2;98;82;90m██[38;2;98;82;90m██[38;2;205;148;197m██[38;2;205;148;197m██[38;2;98;82;90m██                
          [38;2;16;16;16m██[38;2;238;222;230m██[38;2;238;222;230m██[38;2;238;222;230m██[38;2;205;148;197m██[38;2;205;148;197m██[38;2;180;106;164m██[38;2;238;222;230m██[38;2;238;222;230m██[38;2;180;106;164m██[38;2;16;16;16m██[38;2;255;255;255m██[38;2;180;106;164m██[38;2;205;148;197m██[38;2;205;148;197m██[38;2;205;148;197m██[38;2;205;148;197m██[38;2;205;148;197m██[38;2;205;148;197m██[38;2;205;148;197m██[38;2;205;148;197m██[38;2;205;148;197m██[38;2;205;148;197m██[38;2;205;148;197m██[38;2;205;148;197m██[38;2;205;148;197m██[38;2;205;148;197m██[38;2;205;148;197m██[38;2;180;106;164m██[38;2;98;82;90m██[38;2;205;148;197m██[38;2;205;148;197m██[38;2;205;148;197m██[38;2;16;16;16m██                
          [38;2;197;32;16m██[38;2;205;148;197m██[38;2;205;148;197m██[38;2;205;148;197m██[38;2;205;148;197m██[38;2;205;148;197m██[38;2;180;106;164m██[38;2;238;222;230m██[38;2;16;16;16m██[38;2;197;32;16m██[38;2;255;156;139m██[38;2;255;255;255m██[38;2;255;255;255m██[38;2;205;148;197m██[38;2;205;148;197m██[38;2;205;148;197m██[38;2;205;148;197m██[38;2;205;148;197m██[38;2;205;148;197m██[38;2;205;148;197m██[38;2;205;148;197m██[38;2;205;148;197m██[38;2;180;106;164m██[38;2;98;82;90m██[38;2;180;106;164m██[38;2;205;148;197m██[38;2;205;148;197m██[38;2;205;148;197m██[38;2;205;148;197m██[38;2;205;148;197m██[38;2;98;82;90m██[38;2;205;148;197m██[38;2;180;106;164m██[38;2;16;16;16m██                
        [38;2;98;82;90m██[38;2;238;74;57m██[38;2;180;106;164m██[38;2;205;148;197m██[38;2;205;148;197m██[38;2;205;148;197m██[38;2;205;148;197m██[38;2;205;148;197m██[38;2;205;148;197m██[38;2;197;32;16m██[38;2;255;255;255m██[38;2;197;32;16m██[38;2;255;255;255m██[38;2;238;222;230m██[38;2;180;106;164m██[38;2;205;148;197m██[38;2;205;148;197m██[38;2;205;148;197m██[38;2;205;148;197m██[38;2;205;148;197m██[38;2;205;148;197m██[38;2;205;148;197m██[38;2;205;148;197m██[38;2;205;148;197m██[38;2;98;82;90m██[38;2;98;82;90m██[38;2;98;82;90m██[38;2;205;148;197m██[38;2;205;148;197m██[38;2;205;148;197m██[38;2;205;148;197m██[38;2;205;148;197m██[38;2;180;106;164m██[38;2;98;82;90m██            [38;2;180;106;164m██[38;2;180;106;164m██  
      [38;2;98;82;90m██[38;2;205;148;197m██[38;2;180;106;164m██[38;2;180;106;164m██[38;2;205;148;197m██[38;2;205;148;197m██[38;2;205;148;197m██[38;2;205;148;197m██[38;2;205;148;197m██[38;2;98;82;90m██[38;2;238;74;57m██[38;2;255;156;139m██[38;2;197;32;16m██[38;2;205;148;197m██[38;2;180;106;164m██[38;2;205;148;197m██[38;2;205;148;197m██[38;2;205;148;197m██[38;2;205;148;197m██[38;2;180;106;164m██[38;2;205;148;197m██[38;2;205;148;197m██[38;2;205;148;197m██[38;2;205;148;197m██[38;2;205;148;197m██[38;2;205;148;197m██[38;2;98;82;90m██[38;2;180;106;164m██[38;2;205;148;197m██[38;2;205;148;197m██[38;2;205;148;197m██[38;2;205;148;197m██[38;2;205;148;197m██[38;2;98;82;90m██[38;2;16;16;16m██      [38;2;98;82;90m██[38;2;98;82;90m██[38;2;180;106;164m██[38;2;205;148;197m██[38;2;205;148;197m██[38;2;98;82;90m██
      [38;2;98;82;90m██[38;2;238;222;230m██[38;2;238;222;230m██[38;2;205;148;197m██[38;2;205;148;197m██[38;2;205;148;197m██[38;2;205;148;197m██[38;2;205;148;197m██[38;2;205;148;197m██[38;2;205;148;197m██[38;2;205;148;197m██[38;2;205;148;197m██[38;2;205;148;197m██[38;2;205;148;197m██[38;2;205;148;197m██[38;2;205;148;197m██[38;2;205;148;197m██[38;2;205;148;197m██[38;2;205;148;197m██[38;2;98;82;90m██[38;2;205;148;197m██[38;2;205;148;197m██[38;2;205;148;197m██[38;2;205;148;197m██[38;2;205;148;197m██[38;2;205;148;197m██[38;2;205;148;197m██[38;2;205;148;197m██[38;2;205;148;197m██[38;2;205;148;197m██[38;2;205;148;197m██[38;2;205;148;197m██[38;2;205;148;197m██[38;2;205;148;197m██[38;2;16;16;16m██[38;2;98;82;90m██[38;2;98;82;90m██[38;2;180;106;164m██[38;2;180;106;164m██[38;2;180;106;164m██[38;2;205;148;197m██[38;2;205;148;197m██[38;2;205;148;197m██[38;2;98;82;90m██
      [38;2;180;106;164m██[38;2;98;82;90m██[38;2;238;222;230m██[38;2;238;222;230m██[38;2;238;222;230m██[38;2;205;148;197m██[38;2;205;148;197m██[38;2;205;148;197m██[38;2;205;148;197m██[38;2;205;148;197m██[38;2;205;148;197m██[38;2;205;148;197m██[38;2;180;106;164m██[38;2;98;82;90m██[38;2;16;16;16m██[38;2;98;82;90m██[38;2;205;148;197m██[38;2;205;148;197m██[38;2;180;106;164m██[38;2;180;106;164m██[38;2;205;148;197m██[38;2;180;106;164m██[38;2;180;106;164m██[38;2;205;148;197m██[38;2;205;148;197m██[38;2;205;148;197m██[38;2;205;148;197m██[38;2;205;148;197m██[38;2;205;148;197m██[38;2;205;148;197m██[38;2;205;148;197m██[38;2;180;106;164m██[38;2;180;106;164m██[38;2;205;148;197m██[38;2;98;82;90m██[38;2;180;106;164m██[38;2;180;106;164m██[38;2;180;106;164m██[38;2;180;106;164m██[38;2;180;106;164m██[38;2;180;106;164m██[38;2;180;106;164m██[38;2;180;106;164m██[38;2;16;16;16m██
    [38;2;180;106;164m██[38;2;238;222;230m██[38;2;98;82;90m██[38;2;238;222;230m██[38;2;238;222;230m██[38;2;238;222;230m██[38;2;205;148;197m██[38;2;205;148;197m██[38;2;205;148;197m██[38;2;205;148;197m██[38;2;205;148;197m██[38;2;205;148;197m██[38;2;205;148;197m██[38;2;16;16;16m██[38;2;255;255;255m██[38;2;98;82;90m██[38;2;205;148;197m██[38;2;205;148;197m██[38;2;98;82;90m██[38;2;205;148;197m██[38;2;205;148;197m██[38;2;238;222;230m██[38;2;238;222;230m██[38;2;205;148;197m██[38;2;180;106;164m██[38;2;205;148;197m██[38;2;205;148;197m██[38;2;205;148;197m██[38;2;205;148;197m██[38;2;205;148;197m██[38;2;205;148;197m██[38;2;180;106;164m██[38;2;98;82;90m██[38;2;98;82;90m██[38;2;205;148;197m██[38;2;205;148;197m██[38;2;16;16;16m██[38;2;180;106;164m██[38;2;180;106;164m██[38;2;180;106;164m██[38;2;180;106;164m██[38;2;180;106;164m██[38;2;180;106;164m██[38;2;98;82;90m██  
    [38;2;180;106;164m██[38;2;238;222;230m██[38;2;238;222;230m██[38;2;98;82;90m██[38;2;238;222;230m██[38;2;205;148;197m██[38;2;180;106;164m██[38;2;205;148;197m██[38;2;205;148;197m██[38;2;205;148;197m██[38;2;98;82;90m██[38;2;98;82;90m██[38;2;16;16;16m██[38;2;197;32;16m██[38;2;213;213;213m██[38;2;180;106;164m██[38;2;205;148;197m██[38;2;205;148;197m██[38;2;98;82;90m██[38;2;205;148;197m██[38;2;238;222;230m██[38;2;238;222;230m██[38;2;238;222;230m██[38;2;238;222;230m██[38;2;205;148;197m██[38;2;180;106;164m██[38;2;205;148;197m██[38;2;205;148;197m██[38;2;180;106;164m██[38;2;205;148;197m██[38;2;205;148;197m██[38;2;180;106;164m██[38;2;98;82;90m██[38;2;98;82;90m██[38;2;180;106;164m██[38;2;205;148;197m██[38;2;98;82;90m██[38;2;180;106;164m██[38;2;180;106;164m██[38;2;180;106;164m██[38;2;180;106;164m██[38;2;180;106;164m██[38;2;180;106;164m██[38;2;16;16;16m██  
  [38;2;180;106;164m██[38;2;238;222;230m██[38;2;238;222;230m██[38;2;238;222;230m██[38;2;238;222;230m██[38;2;98;82;90m██[38;2;16;16;16m██[38;2;205;148;197m██[38;2;205;148;197m██[38;2;98;82;90m██[38;2;16;16;16m██[38;2;197;32;16m██[38;2;238;74;57m██[38;2;238;74;57m██[38;2;98;82;90m██[38;2;180;106;164m██[38;2;205;148;197m██[38;2;205;148;197m██[38;2;98;82;90m██[38;2;205;148;197m██[38;2;205;148;197m██[38;2;238;222;230m██[38;2;238;222;230m██[38;2;238;222;230m██[38;2;238;222;230m██[38;2;205;148;197m██[38;2;98;82;90m██[38;2;205;148;197m██[38;2;205;148;197m██[38;2;180;106;164m██[38;2;205;148;197m██[38;2;205;148;197m██[38;2;205;148;197m██[38;2;98;82;90m██[38;2;98;82;90m██[38;2;180;106;164m██[38;2;205;148;197m██[38;2;205;148;197m██[38;2;16;16;16m██[38;2;180;106;164m██[38;2;180;106;164m██[38;2;180;106;164m██[38;2;180;106;164m██[38;2;16;16;16m██    
[38;2;131;131;131m██[38;2;98;82;90m██[38;2;238;222;230m██[38;2;238;222;230m██[38;2;205;148;197m██[38;2;205;148;197m██[38;2;205;148;197m██[38;2;98;82;90m██[38;2;16;16;16m██[38;2;16;16;16m██  [38;2;98;82;90m██[38;2;98;82;90m██[38;2;98;82;90m██[38;2;205;148;197m██[38;2;205;148;197m██[38;2;205;148;197m██[38;2;205;148;197m██[38;2;98;82;90m██[38;2;98;82;90m██[38;2;98;82;90m██[38;2;180;106;164m██[38;2;205;148;197m██[38;2;205;148;197m██[38;2;238;222;230m██[38;2;205;148;197m██[38;2;205;148;197m██[38;2;98;82;90m██[38;2;238;222;230m██[38;2;98;82;90m██[38;2;205;148;197m██[38;2;205;148;197m██[38;2;205;148;197m██[38;2;205;148;197m██[38;2;180;106;164m██[38;2;98;82;90m██[38;2;180;106;164m██[38;2;205;148;197m██[38;2;205;148;197m██[38;2;16;16;16m██[38;2;180;106;164m██[38;2;180;106;164m██[38;2;180;106;164m██[38;2;16;16;16m██      
[38;2;131;131;131m██[38;2;213;213;213m██[38;2;180;106;164m██[38;2;180;106;164m██[38;2;205;148;197m██[38;2;180;106;164m██[38;2;16;16;16m██              [38;2;16;16;16m██[38;2;16;16;16m██[38;2;98;82;90m██[38;2;238;222;230m██[38;2;238;222;230m██[38;2;98;82;90m██[38;2;238;222;230m██[38;2;238;222;230m██[38;2;205;148;197m██[38;2;180;106;164m██[38;2;205;148;197m██[38;2;205;148;197m██[38;2;205;148;197m██[38;2;16;16;16m██[38;2;238;222;230m██[38;2;98;82;90m██[38;2;205;148;197m██[38;2;205;148;197m██[38;2;180;106;164m██[38;2;180;106;164m██[38;2;205;148;197m██[38;2;205;148;197m██[38;2;205;148;197m██[38;2;205;148;197m██[38;2;205;148;197m██[38;2;98;82;90m██[38;2;180;106;164m██[38;2;180;106;164m██[38;2;180;106;164m██[38;2;16;16;16m██      
[38;2;16;16;16m██[38;2;131;131;131m██[38;2;255;255;255m██[38;2;255;255;255m██[38;2;16;16;16m██[38;2;255;255;255m██[38;2;16;16;16m██              [38;2;98;82;90m██[38;2;180;106;164m██[38;2;98;82;90m██[38;2;238;222;230m██[38;2;98;82;90m██[38;2;205;148;197m██[38;2;238;222;230m██[38;2;238;222;230m██[38;2;238;222;230m██[38;2;238;222;230m██[38;2;180;106;164m██[38;2;205;148;197m██[38;2;98;82;90m██[38;2;238;222;230m██[38;2;238;222;230m██[38;2;98;82;90m██[38;2;205;148;197m██[38;2;205;148;197m██[38;2;98;82;90m██[38;2;98;82;90m██[38;2;98;82;90m██[38;2;205;148;197m██[38;2;205;148;197m██[38;2;205;148;197m██[38;2;205;148;197m██[38;2;180;106;164m██[38;2;98;82;90m██[38;2;180;106;164m██[38;2;16;16;16m██        
  [38;2;16;16;16m██[38;2;255;255;255m██[38;2;16;16;16m██  [38;2;16;16;16m██              [38;2;98;82;90m██[38;2;180;106;164m██[38;2;180;106;164m██[38;2;180;106;164m██[38;2;98;82;90m██[38;2;98;82;90m██[38;2;238;222;230m██[38;2;238;222;230m██[38;2;238;222;230m██[38;2;238;222;230m██[38;2;238;222;230m██[38;2;98;82;90m██[38;2;205;148;197m██[38;2;16;16;16m██[38;2;238;222;230m██[38;2;238;222;230m██[38;2;98;82;90m██[38;2;205;148;197m██[38;2;205;148;197m██[38;2;180;106;164m██[38;2;98;82;90m██[38;2;180;106;164m██[38;2;205;148;197m██[38;2;205;148;197m██[38;2;205;148;197m██[38;2;205;148;197m██[38;2;180;106;164m██[38;2;16;16;16m██[38;2;16;16;16m██          
    [38;2;16;16;16m██                    [38;2;98;82;90m██[38;2;180;106;164m██[38;2;180;106;164m██[38;2;180;106;164m██[38;2;98;82;90m██[38;2;205;148;197m██[38;2;238;222;230m██[38;2;238;222;230m██[38;2;238;222;230m██[38;2;238;222;230m██[38;2;205;148;197m██[38;2;205;148;197m██[38;2;16;16;16m██[38;2;238;222;230m██[38;2;238;222;230m██[38;2;238;222;230m██[38;2;238;222;230m██[38;2;98;82;90m██[38;2;205;148;197m██[38;2;205;148;197m██[38;2;98;82;90m██[38;2;205;148;197m██[38;2;205;148;197m██[38;2;205;148;197m██[38;2;205;148;197m██[38;2;180;106;164m██[38;2;180;106;164m██[38;2;16;16;16m██            
                          [38;2;16;16;16m██[38;2;180;106;164m██[38;2;180;106;164m██[38;2;180;106;164m██[38;2;98;82;90m██[38;2;205;148;197m██[38;2;205;148;197m██[38;2;238;222;230m██[38;2;238;222;230m██[38;2;205;148;197m██[38;2;205;148;197m██[38;2;98;82;90m██[38;2;238;222;230m██[38;2;238;222;230m██[38;2;238;222;230m██[38;2;238;222;230m██[38;2;238;222;230m██[38;2;98;82;90m██[38;2;180;106;164m██[38;2;205;148;197m██[38;2;205;148;197m██[38;2;205;148;197m██[38;2;205;148;197m██[38;2;180;106;164m██[38;2;180;106;164m██[38;2;180;106;164m██[38;2;180;106;164m██[38;2;98;82;90m██            
                          [38;2;16;16;16m██[38;2;98;82;90m██[38;2;180;106;164m██[38;2;98;82;90m██[38;2;205;148;197m██[38;2;205;148;197m██[38;2;205;148;197m██[38;2;205;148;197m██[38;2;205;148;197m██[38;2;205;148;197m██[38;2;205;148;197m██[38;2;16;16;16m██[38;2;238;222;230m██[38;2;238;222;230m██[38;2;238;222;230m██[38;2;238;222;230m██[38;2;238;222;230m██[38;2;238;222;230m██[38;2;98;82;90m██[38;2;180;106;164m██[38;2;180;106;164m██[38;2;205;148;197m██[38;2;180;106;164m██[38;2;205;148;197m██[38;2;180;106;164m██[38;2;180;106;164m██[38;2;180;106;164m██[38;2;98;82;90m██            
                            [38;2;16;16;16m██[38;2;180;106;164m██[38;2;98;82;90m██[38;2;205;148;197m██[38;2;205;148;197m██[38;2;205;148;197m██[38;2;205;148;197m██[38;2;205;148;197m██[38;2;205;148;197m██[38;2;98;82;90m██[38;2;238;222;230m██[38;2;238;222;230m██[38;2;238;222;230m██[38;2;238;222;230m██[38;2;238;222;230m██[38;2;205;148;197m██[38;2;16;16;16m██[38;2;98;82;90m██[38;2;180;106;164m██[38;2;180;106;164m██[38;2;180;106;164m██[38;2;205;148;197m██[38;2;180;106;164m██[38;2;180;106;164m██[38;2;180;106;164m██[38;2;180;106;164m██[38;2;16;16;16m██            
                            [38;2;131;131;131m██[38;2;16;16;16m██[38;2;98;82;90m██[38;2;205;148;197m██[38;2;205;148;197m██[38;2;205;148;197m██[38;2;205;148;197m██[38;2;205;148;197m██[38;2;205;148;197m██[38;2;16;16;16m██[38;2;98;82;90m██[38;2;98;82;90m██[38;2;98;82;90m██[38;2;98;82;90m██[38;2;98;82;90m██[38;2;98;82;90m██    [38;2;16;16;16m██[38;2;180;106;164m██[38;2;180;106;164m██[38;2;180;106;164m██[38;2;180;106;164m██[38;2;180;106;164m██[38;2;180;106;164m██[38;2;180;106;164m██[38;2;98;82;90m██            
                            [38;2;131;131;131m██[38;2;255;255;255m██[38;2;98;82;90m██[38;2;180;106;164m██[38;2;205;148;197m██[38;2;205;148;197m██[38;2;205;148;197m██[38;2;180;106;164m██[38;2;16;16;16m██                    [38;2;98;82;90m██[38;2;180;106;164m██[38;2;180;106;164m██[38;2;98;82;90m██[38;2;98;82;90m██[38;2;180;106;164m██[38;2;98;82;90m██[38;2;98;82;90m██            
                            [38;2;131;131;131m██[38;2;16;16;16m██[38;2;16;16;16m██[38;2;213;213;213m██[38;2;180;106;164m██[38;2;205;148;197m██[38;2;180;106;164m██[38;2;213;213;213m██[38;2;16;16;16m██                  [38;2;131;131;131m██[38;2;213;213;213m██[38;2;98;82;90m██[38;2;213;213;213m██[38;2;213;213;213m██[38;2;213;213;213m██[38;2;213;213;213m██[38;2;98;82;90m██[38;2;213;213;213m██[38;2;16;16;16m██          
                                [38;2;131;131;131m██[38;2;255;255;255m██[38;2;16;16;16m██[38;2;98;82;90m██[38;2;255;255;255m██[38;2;213;213;213m██[38;2;131;131;131m██                  [38;2;131;131;131m██[38;2;16;16;16m██[38;2;16;16;16m██[38;2;131;131;131m██[38;2;255;255;255m██[38;2;255;255;255m██[38;2;16;16;16m██  [38;2;16;16;16m██[38;2;16;16;16m██          
                                [38;2;131;131;131m██[38;2;16;16;16m██    [38;2;16;16;16m██[38;2;131;131;131m██                          [38;2;131;131;131m██[38;2;16;16;16m██[38;2;16;16;16m██                  
