                                          [38;2;90;74;74m██[38;2;90;74;74m██                                          
                [38;2;90;74;74m██[38;2;90;74;74m██[38;2;90;74;74m██    [38;2;90;74;74m██[38;2;65;65;57m██[38;2;65;65;57m██[38;2;65;65;57m██[38;2;65;65;57m██  [38;2;90;74;74m██[38;2;90;74;74m██[38;2;139;123;98m██[38;2;139;123;98m██[38;2;90;74;74m██                                        
              [38;2;65;65;57m██[38;2;139;123;98m██[38;2;139;123;98m██[38;2;139;123;98m██[38;2;65;65;57m██[38;2;65;65;57m██[38;2;172;148;123m██[38;2;172;148;123m██[38;2;172;148;123m██[38;2;139;123;98m██[38;2;139;123;98m██[38;2;90;74;74m██[38;2;139;123;98m██[38;2;139;123;98m██[38;2;139;123;98m██[38;2;139;123;98m██[38;2;90;74;74m██                                        
              [38;2;65;65;57m██[38;2;139;123;98m██[38;2;139;123;98m██[38;2;90;74;74m██[38;2;172;148;123m██[38;2;172;148;123m██[38;2;172;148;123m██[38;2;172;148;123m██[38;2;172;148;123m██[38;2;172;148;123m██[38;2;139;123;98m██[38;2;139;123;98m██[38;2;139;123;98m██[38;2;139;123;98m██[38;2;139;123;98m██[38;2;139;123;98m██[38;2;16;16;16m██                                        
                [38;2;90;74;74m██[38;2;139;123;98m██[38;2;172;148;123m██[38;2;172;148;123m██[38;2;172;148;123m██[38;2;172;148;123m██[38;2;172;148;123m██[38;2;172;148;123m██[38;2;139;123;98m██[38;2;139;123;98m██[38;2;139;123;98m██[38;2;139;123;98m██[38;2;139;123;98m██[38;2;139;123;98m██[38;2;65;57;49m██[38;2;65;57;49m██                                        
      [38;2;65;65;57m██[38;2;65;65;57m██[38;2;65;65;57m██[38;2;65;65;57m██  [38;2;16;16;16m██[38;2;139;123;98m██[38;2;139;123;98m██[38;2;172;148;123m██[38;2;172;148;123m██[38;2;172;148;123m██[38;2;139;123;98m██[38;2;139;123;98m██[38;2;139;123;98m██[38;2;139;123;98m██[38;2;139;123;98m██[38;2;139;123;98m██[38;2;65;57;49m██[38;2;65;57;49m██[38;2;65;57;49m██[38;2;65;57;49m██[38;2;16;16;16m██                                      
  [38;2;65;65;57m██[38;2;65;65;57m██[38;2;172;148;123m██[38;2;172;148;123m██[38;2;172;148;123m██[38;2;172;148;123m██[38;2;65;65;57m██[38;2;16;16;16m██[38;2;139;123;98m██[38;2;139;123;98m██[38;2;139;123;98m██[38;2;139;123;98m██[38;2;139;123;98m██[38;2;139;123;98m██[38;2;139;123;98m██[38;2;139;123;98m██[38;2;139;123;98m██[38;2;90;74;74m██[38;2;65;57;49m██[38;2;65;57;49m██[38;2;49;156;246m██[38;2;65;57;49m██[38;2;65;57;49m██[38;2;65;57;49m██[38;2;16;16;16m██                      [38;2;16;16;16m██            
[38;2;65;65;57m██[38;2;172;148;123m██[38;2;172;148;123m██[38;2;139;123;98m██[38;2;90;74;74m██[38;2;90;74;74m██[38;2;90;74;74m██[38;2;65;65;57m██[38;2;16;16;16m██[38;2;16;16;16m██[38;2;139;123;98m██[38;2;139;123;98m██[38;2;139;123;98m██[38;2;139;123;98m██[38;2;139;123;98m██[38;2;139;123;98m██[38;2;65;57;49m██[38;2;98;65;172m██[38;2;49;156;246m██[38;2;49;156;246m██[38;2;180;230;41m██[38;2;49;156;246m██[38;2;49;156;246m██[38;2;65;57;49m██[38;2;90;74;74m██[38;2;139;123;98m██[38;2;65;65;57m██[38;2;16;16;16m██          [38;2;16;16;16m██[38;2;131;131;131m██  [38;2;131;131;131m██[38;2;255;255;255m██[38;2;131;131;131m██    [38;2;131;131;131m██[38;2;131;131;131m██  
[38;2;65;65;57m██[38;2;172;148;123m██[38;2;172;148;123m██[38;2;172;148;123m██[38;2;172;148;123m██[38;2;139;123;98m██[38;2;65;65;57m██[38;2;16;16;16m██[38;2;49;156;246m██[38;2;180;230;41m██[38;2;65;57;49m██[38;2;90;74;74m██[38;2;90;74;74m██[38;2;90;74;74m██[38;2;65;57;49m██[38;2;65;57;49m██[38;2;49;156;246m██[38;2;16;16;16m██[38;2;98;65;172m██[38;2;49;156;246m██[38;2;180;230;41m██[38;2;180;230;41m██[38;2;49;156;246m██[38;2;98;65;172m██[38;2;139;123;98m██[38;2;139;123;98m██[38;2;139;123;98m██[38;2;139;123;98m██[38;2;16;16;16m██        [38;2;16;16;16m██[38;2;255;255;255m██[38;2;131;131;131m██[38;2;131;131;131m██[38;2;255;255;255m██[38;2;16;16;16m██  [38;2;131;131;131m██[38;2;255;255;255m██[38;2;16;16;16m██  
[38;2;65;65;57m██[38;2;139;123;98m██[38;2;139;123;98m██[38;2;65;65;57m██[38;2;65;65;57m██[38;2;65;65;57m██[38;2;16;16;16m██[38;2;16;16;16m██[38;2;180;230;41m██[38;2;16;16;16m██[38;2;98;65;172m██[38;2;65;57;49m██[38;2;65;57;49m██[38;2;65;57;49m██[38;2;65;57;49m██[38;2;65;57;49m██[38;2;49;156;246m██[38;2;16;16;16m██[38;2;16;16;16m██[38;2;49;156;246m██[38;2;49;156;246m██[38;2;180;230;41m██[38;2;49;156;246m██[38;2;65;65;57m██[38;2;139;123;98m██[38;2;139;123;98m██[38;2;139;123;98m██[38;2;139;123;98m██[38;2;16;16;16m██        [38;2;16;16;16m██[38;2;255;255;255m██[38;2;255;255;255m██[38;2;131;131;131m██[38;2;255;255;255m██[38;2;255;255;255m██[38;2;131;131;131m██[38;2;255;255;255m██[38;2;255;255;255m██[38;2;16;16;16m██  
[38;2;65;65;57m██[38;2;139;123;98m██[38;2;139;123;98m██[38;2;139;123;98m██[38;2;139;123;98m██[38;2;16;16;16m██[38;2;139;123;98m██[38;2;49;156;246m██[38;2;180;230;41m██[38;2;16;16;16m██[38;2;98;65;172m██[38;2;156;131;115m██[38;2;156;131;115m██[38;2;156;131;115m██[38;2;65;57;49m██[38;2;65;57;49m██[38;2;49;156;246m██[38;2;98;65;172m██[38;2;16;16;16m██[38;2;49;156;246m██[38;2;49;156;246m██[38;2;180;230;41m██[38;2;98;65;172m██[38;2;197;172;106m██[38;2;222;205;148m██[38;2;197;172;106m██[38;2;139;123;98m██[38;2;139;123;98m██[38;2;139;123;98m██[38;2;16;16;16m██  [38;2;131;131;131m██[38;2;131;131;131m██[38;2;131;131;131m██[38;2;255;255;255m██[38;2;255;255;255m██[38;2;255;255;255m██[38;2;255;255;255m██[38;2;255;255;255m██[38;2;255;255;255m██[38;2;255;255;255m██[38;2;16;16;16m██    
[38;2;65;65;57m██[38;2;139;123;98m██[38;2;139;123;98m██[38;2;139;123;98m██[38;2;16;16;16m██[38;2;139;123;98m██[38;2;139;123;98m██[38;2;98;65;172m██[38;2;180;230;41m██[38;2;49;156;246m██[38;2;156;131;115m██[38;2;197;172;106m██[38;2;222;205;148m██[38;2;222;205;148m██[38;2;222;205;148m██[38;2;197;172;106m██[38;2;65;57;49m██[38;2;49;156;246m██[38;2;49;156;246m██[38;2;49;156;246m██[38;2;180;230;41m██[38;2;180;230;41m██[38;2;65;65;57m██[38;2;222;205;148m██[38;2;222;205;148m██[38;2;222;205;148m██[38;2;197;172;106m██[38;2;139;123;98m██[38;2;139;123;98m██[38;2;16;16;16m██  [38;2;131;131;131m██[38;2;189;189;189m██[38;2;255;255;255m██[38;2;255;255;255m██[38;2;255;255;255m██[38;2;255;255;255m██[38;2;255;255;255m██[38;2;255;255;255m██[38;2;255;255;255m██[38;2;189;189;189m██[38;2;16;16;16m██[38;2;131;131;131m██[38;2;131;131;131m██
  [38;2;65;65;57m██[38;2;139;123;98m██[38;2;139;123;98m██[38;2;16;16;16m██[38;2;139;123;98m██[38;2;197;172;106m██[38;2;65;57;49m██[38;2;49;156;246m██[38;2;197;172;106m██[38;2;65;57;49m██[38;2;222;205;148m██[38;2;222;205;148m██[38;2;65;57;49m██[38;2;222;205;148m██[38;2;222;205;148m██[38;2;222;205;148m██[38;2;197;172;106m██[38;2;98;65;172m██[38;2;49;156;246m██[38;2;180;230;41m██[38;2;197;172;106m██[38;2;222;205;148m██[38;2;222;205;148m██[38;2;222;205;148m██[38;2;222;205;148m██[38;2;222;205;148m██[38;2;139;123;98m██[38;2;139;123;98m██[38;2;16;16;16m██    [38;2;131;131;131m██[38;2;189;189;189m██[38;2;189;189;189m██[38;2;255;255;255m██[38;2;255;255;255m██[38;2;255;255;255m██[38;2;189;189;189m██[38;2;189;189;189m██[38;2;189;189;189m██[38;2;189;189;189m██[38;2;189;189;189m██[38;2;16;16;16m██
  [38;2;65;65;57m██[38;2;139;123;98m██[38;2;139;123;98m██[38;2;16;16;16m██[38;2;197;172;106m██[38;2;222;205;148m██[38;2;222;205;148m██[38;2;65;57;49m██[38;2;222;205;148m██[38;2;222;205;148m██[38;2;16;16;16m██[38;2;65;57;49m██[38;2;156;131;115m██[38;2;222;205;148m██[38;2;222;205;148m██[38;2;222;205;148m██[38;2;222;205;148m██[38;2;222;205;148m██[38;2;222;205;148m██[38;2;222;205;148m██[38;2;222;205;148m██[38;2;222;205;148m██[38;2;222;205;148m██[38;2;222;205;148m██[38;2;222;205;148m██[38;2;222;205;148m██[38;2;139;123;98m██[38;2;139;123;98m██[38;2;16;16;16m██    [38;2;131;131;131m██[38;2;189;189;189m██[38;2;189;189;189m██[38;2;189;189;189m██[38;2;189;189;189m██[38;2;65;65;57m██[38;2;65;65;57m██[38;2;189;189;189m██[38;2;189;189;189m██[38;2;16;16;16m██[38;2;16;16;16m██  
    [38;2;65;65;57m██[38;2;139;123;98m██[38;2;16;16;16m██[38;2;222;205;148m██[38;2;222;205;148m██[38;2;222;205;148m██[38;2;222;205;148m██[38;2;222;205;148m██[38;2;222;205;148m██[38;2;131;131;131m██[38;2;255;255;255m██[38;2;255;255;255m██[38;2;65;57;49m██[38;2;222;205;148m██[38;2;222;205;148m██[38;2;222;205;148m██[38;2;222;205;148m██[38;2;222;205;148m██[38;2;222;205;148m██[38;2;222;205;148m██[38;2;222;205;148m██[38;2;222;205;148m██[38;2;222;205;148m██[38;2;222;205;148m██[38;2;197;172;106m██[38;2;139;123;98m██[38;2;16;16;16m██        [38;2;131;131;131m██[38;2;189;189;189m██[38;2;189;189;189m██[38;2;65;65;57m██[38;2;139;123;98m██[38;2;16;16;16m██[38;2;65;65;57m██[38;2;131;131;131m██      
    [38;2;65;65;57m██[38;2;139;123;98m██[38;2;90;74;74m██[38;2;16;16;16m██[38;2;222;205;148m██[38;2;222;205;148m██[38;2;222;205;148m██[38;2;222;205;148m██[38;2;65;65;57m██[38;2;255;255;255m██[38;2;255;255;255m██[38;2;255;255;255m██[38;2;255;255;255m██[38;2;65;65;57m██[38;2;156;131;115m██[38;2;222;205;148m██[38;2;222;205;148m██[38;2;222;205;148m██[38;2;222;205;148m██[38;2;222;205;148m██[38;2;222;205;148m██[38;2;222;205;148m██[38;2;222;205;148m██[38;2;222;205;148m██[38;2;139;123;98m██[38;2;16;16;16m██[38;2;65;65;57m██[38;2;65;65;57m██[38;2;65;65;57m██[38;2;65;65;57m██  [38;2;131;131;131m██[38;2;189;189;189m██[38;2;65;65;57m██[38;2;139;123;98m██[38;2;90;74;74m██[38;2;16;16;16m██[38;2;90;74;74m██[38;2;16;16;16m██      
      [38;2;65;65;57m██[38;2;90;74;74m██[38;2;90;74;74m██[38;2;16;16;16m██[38;2;197;172;106m██[38;2;222;205;148m██[38;2;222;205;148m██[38;2;197;172;106m██[38;2;131;131;131m██[38;2;255;255;255m██[38;2;255;255;255m██[38;2;255;255;255m██[38;2;131;131;131m██[38;2;222;205;148m██[38;2;156;131;115m██[38;2;222;205;148m██[38;2;222;205;148m██[38;2;222;205;148m██[38;2;222;205;148m██[38;2;222;205;148m██[38;2;222;205;148m██[38;2;197;172;106m██[38;2;16;16;16m██[38;2;16;16;16m██[38;2;90;74;74m██[38;2;90;74;74m██[38;2;139;123;98m██[38;2;139;123;98m██[38;2;139;123;98m██[38;2;65;65;57m██[38;2;65;65;57m██[38;2;65;65;57m██[38;2;65;65;57m██[38;2;16;16;16m██[38;2;90;74;74m██[38;2;65;65;57m██[38;2;90;74;74m██[38;2;16;16;16m██      
        [38;2;16;16;16m██[38;2;90;74;74m██[38;2;90;74;74m██[38;2;90;74;74m██[38;2;16;16;16m██[38;2;16;16;16m██[38;2;222;205;148m██[38;2;222;205;148m██[38;2;131;131;131m██[38;2;255;255;255m██[38;2;131;131;131m██[38;2;222;205;148m██[38;2;222;205;148m██[38;2;222;205;148m██[38;2;222;205;148m██[38;2;197;172;106m██[38;2;65;65;57m██[38;2;65;65;57m██[38;2;16;16;16m██[38;2;16;16;16m██[38;2;16;16;16m██[38;2;90;74;74m██[38;2;90;74;74m██[38;2;90;74;74m██[38;2;139;123;98m██[38;2;139;123;98m██[38;2;139;123;98m██[38;2;139;123;98m██[38;2;139;123;98m██[38;2;139;123;98m██[38;2;65;65;57m██[38;2;139;123;98m██[38;2;16;16;16m██[38;2;90;74;74m██[38;2;90;74;74m██[38;2;16;16;16m██        
          [38;2;16;16;16m██[38;2;90;74;74m██[38;2;90;74;74m██[38;2;90;74;74m██[38;2;90;74;74m██[38;2;16;16;16m██[38;2;16;16;16m██[38;2;16;16;16m██[38;2;131;131;131m██[38;2;222;205;148m██[38;2;222;205;148m██[38;2;222;205;148m██[38;2;197;172;106m██[38;2;65;65;57m██[38;2;65;65;57m██[38;2;197;172;106m██[38;2;90;74;74m██[38;2;90;74;74m██[38;2;90;74;74m██[38;2;90;74;74m██[38;2;90;74;74m██[38;2;90;74;74m██[38;2;90;74;74m██[38;2;139;123;98m██[38;2;139;123;98m██[38;2;139;123;98m██[38;2;139;123;98m██[38;2;139;123;98m██[38;2;90;74;74m██[38;2;139;123;98m██[38;2;90;74;74m██[38;2;65;65;57m██[38;2;90;74;74m██[38;2;16;16;16m██          
            [38;2;16;16;16m██[38;2;90;74;74m██[38;2;90;74;74m██[38;2;90;74;74m██[38;2;90;74;74m██[38;2;90;74;74m██[38;2;90;74;74m██[38;2;16;16;16m██[38;2;16;16;16m██[38;2;16;16;16m██[38;2;16;16;16m██[38;2;16;16;16m██[38;2;197;172;106m██[38;2;197;172;106m██[38;2;197;172;106m██[38;2;197;172;106m██[38;2;90;74;74m██[38;2;90;74;74m██[38;2;90;74;74m██[38;2;90;74;74m██[38;2;90;74;74m██[38;2;139;123;98m██[38;2;139;123;98m██[38;2;139;123;98m██[38;2;139;123;98m██[38;2;139;123;98m██[38;2;139;123;98m██[38;2;139;123;98m██[38;2;139;123;98m██[38;2;90;74;74m██[38;2;90;74;74m██[38;2;90;74;74m██[38;2;16;16;16m██          
              [38;2;16;16;16m██[38;2;16;16;16m██[38;2;90;74;74m██[38;2;90;74;74m██[38;2;90;74;74m██[38;2;139;123;98m██[38;2;139;123;98m██[38;2;222;205;148m██[38;2;222;205;148m██[38;2;197;172;106m██[38;2;197;172;106m██[38;2;197;172;106m██[38;2;197;172;106m██[38;2;197;172;106m██[38;2;197;172;106m██[38;2;197;172;106m██[38;2;90;74;74m██[38;2;90;74;74m██[38;2;90;74;74m██[38;2;16;16;16m██[38;2;16;16;16m██[38;2;16;16;16m██[38;2;16;16;16m██[38;2;16;16;16m██[38;2;16;16;16m██[38;2;16;16;16m██[38;2;16;16;16m██[38;2;16;16;16m██[38;2;16;16;16m██[38;2;16;16;16m██[38;2;16;16;16m██            
                  [38;2;16;16;16m██[38;2;90;74;74m██[38;2;139;123;98m██[38;2;139;123;98m██[38;2;197;172;106m██[38;2;222;205;148m██[38;2;222;205;148m██[38;2;222;205;148m██[38;2;222;205;148m██[38;2;197;172;106m██[38;2;197;172;106m██[38;2;197;172;106m██[38;2;197;172;106m██[38;2;197;172;106m██[38;2;197;172;106m██[38;2;90;74;74m██[38;2;139;123;98m██[38;2;139;123;98m██[38;2;65;65;57m██        [38;2;65;65;57m██[38;2;90;74;74m██[38;2;65;65;57m██                  
                    [38;2;16;16;16m██[38;2;65;65;57m██[38;2;139;123;98m██[38;2;222;205;148m██[38;2;222;205;148m██[38;2;222;205;148m██[38;2;222;205;148m██[38;2;222;205;148m██[38;2;222;205;148m██[38;2;222;205;148m██[38;2;222;205;148m██[38;2;222;205;148m██[38;2;222;205;148m██[38;2;222;205;148m██[38;2;139;123;98m██[38;2;139;123;98m██[38;2;139;123;98m██[38;2;90;74;74m██      [38;2;65;65;57m██[38;2;90;74;74m██[38;2;90;74;74m██[38;2;65;65;57m██                  
                      [38;2;65;65;57m██[38;2;139;123;98m██[38;2;222;205;148m██[38;2;222;205;148m██[38;2;222;205;148m██[38;2;222;205;148m██[38;2;222;205;148m██[38;2;222;205;148m██[38;2;222;205;148m██[38;2;222;205;148m██[38;2;222;205;148m██[38;2;222;205;148m██[38;2;222;205;148m██[38;2;197;172;106m██[38;2;139;123;98m██[38;2;139;123;98m██[38;2;139;123;98m██[38;2;65;65;57m██    [38;2;65;65;57m██[38;2;90;74;74m██[38;2;65;65;57m██                    
                      [38;2;65;65;57m██[38;2;139;123;98m██[38;2;222;205;148m██[38;2;222;205;148m██[38;2;222;205;148m██[38;2;222;205;148m██[38;2;222;205;148m██[38;2;222;205;148m██[38;2;222;205;148m██[38;2;222;205;148m██[38;2;222;205;148m██[38;2;222;205;148m██[38;2;222;205;148m██[38;2;222;205;148m██[38;2;139;123;98m██[38;2;139;123;98m██[38;2;139;123;98m██[38;2;65;65;57m██  [38;2;65;65;57m██[38;2;90;74;74m██[38;2;90;74;74m██[38;2;65;65;57m██                    
                      [38;2;65;65;57m██[38;2;139;123;98m██[38;2;222;205;148m██[38;2;222;205;148m██[38;2;222;205;148m██[38;2;222;205;148m██[38;2;222;205;148m██[38;2;222;205;148m██[38;2;222;205;148m██[38;2;222;205;148m██[38;2;222;205;148m██[38;2;222;205;148m██[38;2;222;205;148m██[38;2;222;205;148m██[38;2;139;123;98m██[38;2;139;123;98m██[38;2;139;123;98m██[38;2;139;123;98m██[38;2;16;16;16m██[38;2;65;65;57m██[38;2;90;74;74m██[38;2;65;65;57m██                      
                        [38;2;65;65;57m██[38;2;222;205;148m██[38;2;222;205;148m██[38;2;222;205;148m██[38;2;222;205;148m██[38;2;222;205;148m██[38;2;222;205;148m██[38;2;222;205;148m██[38;2;222;205;148m██[38;2;222;205;148m██[38;2;222;205;148m██[38;2;222;205;148m██[38;2;222;205;148m██[38;2;139;123;98m██[38;2;139;123;98m██[38;2;139;123;98m██[38;2;139;123;98m██[38;2;16;16;16m██[38;2;90;74;74m██[38;2;90;74;74m██[38;2;65;65;57m██                      
                        [38;2;16;16;16m██[38;2;197;172;106m██[38;2;222;205;148m██[38;2;222;205;148m██[38;2;222;205;148m██[38;2;222;205;148m██[38;2;222;205;148m██[38;2;222;205;148m██[38;2;222;205;148m██[38;2;222;205;148m██[38;2;222;205;148m██[38;2;222;205;148m██[38;2;222;205;148m██[38;2;139;123;98m██[38;2;139;123;98m██[38;2;90;74;74m██[38;2;90;74;74m██[38;2;16;16;16m██[38;2;90;74;74m██[38;2;65;65;57m██                        
                        [38;2;16;16;16m██[38;2;139;123;98m██[38;2;222;205;148m██[38;2;222;205;148m██[38;2;222;205;148m██[38;2;222;205;148m██[38;2;222;205;148m██[38;2;222;205;148m██[38;2;222;205;148m██[38;2;222;205;148m██[38;2;222;205;148m██[38;2;222;205;148m██[38;2;197;172;106m██[38;2;90;74;74m██[38;2;90;74;74m██[38;2;90;74;74m██[38;2;90;74;74m██[38;2;90;74;74m██[38;2;16;16;16m██[38;2;65;65;57m██                        
                        [38;2;65;65;57m██[38;2;90;74;74m██[38;2;197;172;106m██[38;2;197;172;106m██[38;2;222;205;148m██[38;2;222;205;148m██[38;2;222;205;148m██[38;2;222;205;148m██[38;2;222;205;148m██[38;2;222;205;148m██[38;2;197;172;106m██[38;2;197;172;106m██[38;2;90;74;74m██[38;2;90;74;74m██[38;2;90;74;74m██[38;2;90;74;74m██[38;2;139;123;98m██[38;2;90;74;74m██[38;2;16;16;16m██                          
                      [38;2;16;16;16m██[38;2;90;74;74m██[38;2;90;74;74m██[38;2;90;74;74m██[38;2;197;172;106m██[38;2;197;172;106m██[38;2;197;172;106m██[38;2;197;172;106m██[38;2;197;172;106m██[38;2;197;172;106m██[38;2;197;172;106m██[38;2;197;172;106m██[38;2;197;172;106m██[38;2;90;74;74m██[38;2;90;74;74m██[38;2;90;74;74m██[38;2;90;74;74m██[38;2;90;74;74m██[38;2;139;123;98m██[38;2;90;74;74m██[38;2;16;16;16m██                        
                    [38;2;16;16;16m██[38;2;90;74;74m██[38;2;90;74;74m██[38;2;90;74;74m██[38;2;90;74;74m██[38;2;90;74;74m██[38;2;90;74;74m██[38;2;197;172;106m██[38;2;197;172;106m██[38;2;197;172;106m██[38;2;197;172;106m██[38;2;197;172;106m██[38;2;90;74;74m██[38;2;90;74;74m██[38;2;90;74;74m██[38;2;90;74;74m██[38;2;90;74;74m██[38;2;90;74;74m██[38;2;139;123;98m██[38;2;90;74;74m██[38;2;139;123;98m██[38;2;16;16;16m██                        
                    [38;2;65;65;57m██[38;2;90;74;74m██[38;2;90;74;74m██[38;2;90;74;74m██[38;2;90;74;74m██[38;2;90;74;74m██[38;2;90;74;74m██[38;2;90;74;74m██[38;2;90;74;74m██[38;2;90;74;74m██[38;2;90;74;74m██[38;2;90;74;74m██[38;2;90;74;74m██[38;2;90;74;74m██[38;2;90;74;74m██[38;2;90;74;74m██[38;2;90;74;74m██[38;2;90;74;74m██[38;2;90;74;74m██[38;2;139;123;98m██[38;2;90;74;74m██[38;2;90;74;74m██[38;2;16;16;16m██                      
                    [38;2;65;65;57m██[38;2;90;74;74m██[38;2;90;74;74m██[38;2;90;74;74m██[38;2;90;74;74m██[38;2;90;74;74m██[38;2;90;74;74m██[38;2;90;74;74m██[38;2;90;74;74m██[38;2;90;74;74m██[38;2;90;74;74m██[38;2;90;74;74m██[38;2;90;74;74m██[38;2;90;74;74m██[38;2;90;74;74m██[38;2;90;74;74m██[38;2;90;74;74m██[38;2;90;74;74m██[38;2;90;74;74m██[38;2;90;74;74m██[38;2;90;74;74m██[38;2;90;74;74m██[38;2;16;16;16m██                      
                    [38;2;16;16;16m██[38;2;90;74;74m██[38;2;90;74;74m██[38;2;90;74;74m██[38;2;90;74;74m██[38;2;90;74;74m██[38;2;90;74;74m██[38;2;90;74;74m██[38;2;65;65;57m██[38;2;65;65;57m██[38;2;65;65;57m██[38;2;65;65;57m██[38;2;65;65;57m██[38;2;90;74;74m██[38;2;90;74;74m██[38;2;90;74;74m██[38;2;90;74;74m██[38;2;90;74;74m██[38;2;90;74;74m██[38;2;90;74;74m██[38;2;90;74;74m██[38;2;90;74;74m██[38;2;16;16;16m██                      
                      [38;2;16;16;16m██[38;2;65;65;57m██[38;2;90;74;74m██[38;2;90;74;74m██[38;2;90;74;74m██[38;2;16;16;16m██[38;2;16;16;16m██          [38;2;16;16;16m██[38;2;16;16;16m██[38;2;16;16;16m██[38;2;90;74;74m██[38;2;90;74;74m██[38;2;90;74;74m██[38;2;90;74;74m██[38;2;90;74;74m██[38;2;90;74;74m██[38;2;16;16;16m██                      
                    [38;2;16;16;16m██[38;2;65;57;49m██[38;2;65;57;49m██[38;2;65;57;49m██[38;2;65;57;49m██[38;2;16;16;16m██                    [38;2;16;16;16m██[38;2;16;16;16m██[38;2;90;74;74m██[38;2;90;74;74m██[38;2;90;74;74m██[38;2;16;16;16m██                        
                  [38;2;16;16;16m██[38;2;16;16;16m██[38;2;65;57;49m██[38;2;65;57;49m██[38;2;16;16;16m██[38;2;16;16;16m██                          [38;2;16;16;16m██[38;2;65;57;49m██[38;2;65;57;49m██[38;2;16;16;16m██                        
                      [38;2;16;16;16m██[38;2;16;16;16m██                            [38;2;16;16;16m██[38;2;65;57;49m██[38;2;65;57;49m██[38;2;16;16;16m██[38;2;65;57;49m██[38;2;16;16;16m██                      
                                                        [38;2;16;16;16m██[38;2;16;16;16m██  [38;2;16;16;16m██[38;2;16;16;16m██                      
