                          [38;2;139;98;8m██[38;2;139;98;8m██[38;2;139;98;8m██[38;2;139;98;8m██[38;2;139;98;8m██[38;2;139;98;8m██                                                                        
                    [38;2;139;98;8m██[38;2;139;98;8m██[38;2;139;98;8m██[38;2;255;255;123m██[38;2;255;255;123m██[38;2;255;255;123m██[38;2;255;255;123m██[38;2;255;255;123m██[38;2;255;255;123m██[38;2;16;16;16m██[38;2;16;16;16m██[38;2;16;16;16m██[38;2;139;98;8m██                                                                
                [38;2;139;98;8m██[38;2;139;98;8m██[38;2;255;255;123m██[38;2;255;255;123m██[38;2;255;255;123m██[38;2;255;255;123m██[38;2;255;255;123m██[38;2;255;255;123m██[38;2;255;255;123m██[38;2;255;255;123m██[38;2;255;255;123m██[38;2;255;255;123m██[38;2;255;255;123m██[38;2;255;255;123m██[38;2;255;255;123m██[38;2;16;16;16m██[38;2;16;16;16m██                                                            
              [38;2;139;98;8m██[38;2;255;255;123m██[38;2;255;255;123m██[38;2;255;255;123m██[38;2;255;255;123m██[38;2;255;255;123m██[38;2;255;255;123m██[38;2;255;255;123m██[38;2;255;255;123m██[38;2;255;255;123m██[38;2;255;213;82m██[38;2;255;213;0m██[38;2;255;213;0m██[38;2;255;213;0m██[38;2;255;213;0m██[38;2;255;213;82m██[38;2;255;255;123m██[38;2;255;255;123m██[38;2;16;16;16m██[38;2;16;16;16m██                                                        
          [38;2;197;98;0m██[38;2;197;98;0m██[38;2;255;255;123m██[38;2;255;255;123m██[38;2;255;255;123m██[38;2;255;255;123m██[38;2;255;255;123m██[38;2;255;255;123m██[38;2;255;255;123m██[38;2;255;213;82m██[38;2;255;213;0m██[38;2;255;213;0m██[38;2;255;213;0m██[38;2;255;213;0m██[38;2;255;213;0m██[38;2;255;213;0m██[38;2;255;213;0m██[38;2;255;213;0m██[38;2;255;213;0m██[38;2;255;213;0m██[38;2;255;213;0m██[38;2;255;213;0m██[38;2;16;16;16m██[38;2;16;16;16m██                                                    
        [38;2;197;98;0m██[38;2;255;213;0m██[38;2;255;213;0m██[38;2;255;255;123m██[38;2;255;255;123m██[38;2;255;255;123m██[38;2;255;255;123m██[38;2;255;255;123m██[38;2;255;255;123m██[38;2;255;213;0m██[38;2;255;213;0m██[38;2;255;213;0m██[38;2;255;213;0m██[38;2;255;213;0m██[38;2;255;213;0m██[38;2;255;213;0m██[38;2;255;213;0m██[38;2;255;213;0m██[38;2;255;213;0m██[38;2;197;98;0m██[38;2;197;98;0m██[38;2;197;98;0m██[38;2;197;98;0m██[38;2;255;213;0m██[38;2;255;213;0m██[38;2;16;16;16m██                                                  
      [38;2;197;98;0m██[38;2;255;213;0m██[38;2;255;213;0m██[38;2;255;213;82m██[38;2;255;255;123m██[38;2;255;255;123m██[38;2;255;255;123m██[38;2;255;255;123m██[38;2;255;255;123m██[38;2;255;213;0m██[38;2;255;213;0m██[38;2;255;213;0m██[38;2;255;213;0m██[38;2;255;213;0m██[38;2;255;213;0m██[38;2;255;213;0m██[38;2;255;213;0m██[38;2;197;98;0m██[38;2;197;98;0m██[38;2;197;98;0m██[38;2;246;164;0m██[38;2;246;164;0m██[38;2;246;164;0m██[38;2;246;164;0m██[38;2;197;98;0m██[38;2;197;98;0m██[38;2;255;213;0m██[38;2;16;16;16m██                                                
      [38;2;197;98;0m██[38;2;255;213;0m██[38;2;255;213;0m██[38;2;255;213;82m██[38;2;255;255;123m██[38;2;255;255;123m██[38;2;255;255;123m██[38;2;255;255;123m██[38;2;255;213;0m██[38;2;255;213;0m██[38;2;255;213;0m██[38;2;255;213;0m██[38;2;255;213;0m██[38;2;255;213;0m██[38;2;255;213;0m██[38;2;16;16;16m██[38;2;16;16;16m██[38;2;255;213;82m██[38;2;255;213;82m██[38;2;246;164;0m██[38;2;246;164;0m██[38;2;246;164;0m██[38;2;246;164;0m██[38;2;246;164;0m██[38;2;246;164;0m██[38;2;246;164;0m██[38;2;246;164;0m██[38;2;246;164;0m██[38;2;16;16;16m██                                              
        [38;2;197;98;0m██[38;2;255;213;0m██[38;2;255;213;82m██[38;2;255;255;123m██[38;2;255;213;82m██[38;2;255;255;123m██[38;2;255;255;123m██[38;2;255;213;0m██[38;2;255;213;0m██[38;2;255;213;0m██[38;2;255;213;0m██[38;2;255;213;0m██[38;2;16;16;16m██[38;2;16;16;16m██[38;2;139;98;8m██[38;2;16;16;16m██[38;2;255;213;82m██[38;2;255;213;82m██[38;2;255;213;82m██[38;2;255;213;82m██[38;2;246;164;0m██[38;2;246;164;0m██[38;2;246;164;0m██[38;2;246;164;0m██[38;2;246;164;0m██[38;2;246;164;0m██[38;2;246;164;0m██[38;2;246;164;0m██[38;2;16;16;16m██                                            
        [38;2;16;16;16m██[38;2;255;213;0m██[38;2;255;213;82m██[38;2;255;255;123m██[38;2;180;131;16m██[38;2;255;255;123m██[38;2;255;255;123m██[38;2;255;213;0m██[38;2;255;213;0m██[38;2;255;213;0m██[38;2;16;16;16m██[38;2;16;16;16m██[38;2;139;98;8m██[38;2;139;98;8m██[38;2;139;98;8m██[38;2;139;98;8m██[38;2;16;16;16m██[38;2;246;164;0m██[38;2;255;213;82m██[38;2;255;213;82m██[38;2;255;213;82m██[38;2;255;213;82m██[38;2;246;164;0m██[38;2;246;164;0m██[38;2;246;164;0m██[38;2;246;164;0m██[38;2;246;164;0m██[38;2;246;164;0m██[38;2;246;164;0m██[38;2;16;16;16m██                                          
        [38;2;16;16;16m██[38;2;246;164;0m██[38;2;246;164;0m██[38;2;255;213;82m██[38;2;180;131;16m██[38;2;255;213;82m██[38;2;246;164;0m██[38;2;255;213;0m██[38;2;255;213;0m██[38;2;16;16;16m██[38;2;16;16;16m██[38;2;16;16;16m██[38;2;16;16;16m██[38;2;139;98;8m██[38;2;180;131;16m██[38;2;180;131;16m██[38;2;16;16;16m██[38;2;246;164;0m██[38;2;246;164;0m██[38;2;246;164;0m██[38;2;255;213;82m██[38;2;255;213;82m██[38;2;255;213;82m██[38;2;255;213;82m██[38;2;246;164;0m██[38;2;246;164;0m██[38;2;246;164;0m██[38;2;246;164;0m██[38;2;246;164;0m██[38;2;246;164;0m██[38;2;16;16;16m██                                        
          [38;2;197;98;0m██[38;2;246;164;0m██[38;2;255;213;82m██[38;2;180;131;16m██[38;2;255;213;82m██[38;2;246;164;0m██[38;2;197;98;0m██[38;2;16;16;16m██[38;2;255;255;255m██[38;2;16;16;16m██[38;2;16;16;16m██[38;2;16;16;16m██[38;2;180;131;16m██[38;2;180;131;16m██[38;2;180;131;16m██[38;2;180;131;16m██[38;2;16;16;16m██[38;2;246;164;0m██[38;2;246;164;0m██[38;2;246;164;0m██[38;2;246;164;0m██[38;2;255;213;82m██[38;2;255;213;82m██[38;2;255;213;82m██[38;2;246;164;0m██[38;2;246;164;0m██[38;2;246;164;0m██[38;2;246;164;0m██[38;2;246;164;0m██[38;2;246;164;0m██[38;2;16;16;16m██                                      
          [38;2;16;16;16m██[38;2;16;16;16m██[38;2;16;16;16m██[38;2;16;16;16m██[38;2;246;164;0m██[38;2;246;164;0m██[38;2;16;16;16m██[38;2;255;255;255m██[38;2;255;255;255m██[38;2;16;16;16m██[38;2;16;16;16m██[38;2;16;16;16m██[38;2;16;16;16m██[38;2;180;131;16m██[38;2;180;131;16m██[38;2;180;131;16m██[38;2;16;16;16m██[38;2;139;98;8m██[38;2;246;164;0m██[38;2;246;164;0m██[38;2;246;164;0m██[38;2;246;164;0m██[38;2;255;213;82m██[38;2;255;213;82m██[38;2;255;213;82m██[38;2;246;164;0m██[38;2;246;164;0m██[38;2;246;164;0m██[38;2;246;164;0m██[38;2;246;164;0m██[38;2;16;16;16m██                                      
        [38;2;16;16;16m██[38;2;139;98;8m██[38;2;255;205;90m██[38;2;255;205;90m██[38;2;139;98;8m██[38;2;16;16;16m██[38;2;16;16;16m██[38;2;16;16;16m██[38;2;255;255;255m██[38;2;255;255;255m██[38;2;16;16;16m██[38;2;16;16;16m██[38;2;16;16;16m██[38;2;16;16;16m██[38;2;16;16;16m██[38;2;180;131;16m██[38;2;180;131;16m██[38;2;16;16;16m██  [38;2;139;98;8m██[38;2;139;98;8m██[38;2;246;164;0m██[38;2;246;164;0m██[38;2;246;164;0m██[38;2;255;213;82m██[38;2;255;213;82m██[38;2;255;213;82m██[38;2;246;164;0m██[38;2;246;164;0m██[38;2;246;164;0m██[38;2;246;164;0m██[38;2;246;164;0m██[38;2;16;16;16m██                                    
      [38;2;115;74;0m██[38;2;255;205;90m██[38;2;255;205;90m██[38;2;255;205;90m██[38;2;255;205;90m██[38;2;255;205;90m██[38;2;205;148;57m██[38;2;16;16;16m██[38;2;115;74;0m██[38;2;115;74;0m██[38;2;255;213;82m██[38;2;255;213;82m██[38;2;16;16;16m██[38;2;16;16;16m██[38;2;16;16;16m██[38;2;16;16;16m██[38;2;16;16;16m██[38;2;180;131;16m██[38;2;16;16;16m██      [38;2;197;98;0m██[38;2;246;164;0m██[38;2;246;164;0m██[38;2;246;164;0m██[38;2;255;213;82m██[38;2;255;213;82m██[38;2;255;213;82m██[38;2;246;164;0m██[38;2;246;164;0m██[38;2;246;164;0m██[38;2;246;164;0m██[38;2;246;164;0m██[38;2;16;16;16m██                                  
      [38;2;115;74;0m██[38;2;255;205;90m██[38;2;255;205;90m██[38;2;255;205;90m██[38;2;255;205;90m██[38;2;255;205;90m██[38;2;205;148;57m██[38;2;205;148;57m██[38;2;255;213;82m██[38;2;255;213;82m██[38;2;255;255;123m██[38;2;255;255;123m██[38;2;255;255;123m██[38;2;16;16;16m██[38;2;16;16;16m██[38;2;16;16;16m██[38;2;16;16;16m██[38;2;180;131;16m██[38;2;139;98;8m██[38;2;16;16;16m██      [38;2;197;98;0m██[38;2;246;164;0m██[38;2;246;164;0m██[38;2;246;164;0m██[38;2;255;213;82m██[38;2;255;213;82m██[38;2;255;213;82m██[38;2;246;164;0m██[38;2;246;164;0m██[38;2;246;164;0m██[38;2;246;164;0m██[38;2;16;16;16m██                                  
      [38;2;115;74;0m██[38;2;255;205;90m██[38;2;255;205;90m██[38;2;255;205;90m██[38;2;139;98;8m██[38;2;16;16;16m██[38;2;205;148;57m██[38;2;16;16;16m██[38;2;255;213;82m██[38;2;255;255;123m██[38;2;255;255;123m██[38;2;255;255;123m██[38;2;255;255;123m██[38;2;255;255;123m██[38;2;16;16;16m██[38;2;16;16;16m██[38;2;16;16;16m██[38;2;139;98;8m██[38;2;139;98;8m██[38;2;16;16;16m██        [38;2;197;98;0m██[38;2;246;164;0m██[38;2;246;164;0m██[38;2;255;213;82m██[38;2;255;213;82m██[38;2;255;213;82m██[38;2;246;164;0m██[38;2;246;164;0m██[38;2;246;164;0m██[38;2;246;164;0m██[38;2;246;164;0m██[38;2;16;16;16m██                                
        [38;2;115;74;0m██[38;2;255;205;90m██[38;2;16;16;16m██[38;2;205;148;57m██[38;2;205;148;57m██[38;2;139;98;8m██[38;2;16;16;16m██[38;2;255;255;123m██[38;2;255;255;123m██[38;2;255;255;123m██[38;2;255;255;123m██[38;2;255;255;123m██[38;2;255;255;123m██[38;2;16;16;16m██[38;2;16;16;16m██[38;2;139;98;8m██[38;2;139;98;8m██[38;2;139;98;8m██[38;2;139;98;8m██[38;2;16;16;16m██        [38;2;197;98;0m██[38;2;246;164;0m██[38;2;246;164;0m██[38;2;255;213;82m██[38;2;255;213;82m██[38;2;255;213;82m██[38;2;246;164;0m██[38;2;246;164;0m██[38;2;246;164;0m██[38;2;246;164;0m██[38;2;16;16;16m██                                
          [38;2;16;16;16m██[38;2;205;148;57m██[38;2;205;148;57m██[38;2;205;148;57m██[38;2;16;16;16m██[38;2;255;213;82m██[38;2;255;255;123m██[38;2;255;255;123m██[38;2;255;255;123m██[38;2;255;255;123m██[38;2;255;255;123m██[38;2;16;16;16m██[38;2;16;16;16m██[38;2;139;98;8m██[38;2;139;98;8m██[38;2;139;98;8m██[38;2;139;98;8m██[38;2;139;98;8m██[38;2;16;16;16m██        [38;2;197;98;0m██[38;2;246;164;0m██[38;2;246;164;0m██[38;2;246;164;0m██[38;2;255;213;82m██[38;2;255;213;82m██[38;2;246;164;0m██[38;2;246;164;0m██[38;2;246;164;0m██[38;2;246;164;0m██[38;2;16;16;16m██                                
            [38;2;16;16;16m██[38;2;16;16;16m██[38;2;16;16;16m██[38;2;255;255;123m██[38;2;255;255;123m██[38;2;255;255;123m██[38;2;255;255;123m██[38;2;255;255;123m██[38;2;255;255;123m██[38;2;16;16;16m██[38;2;16;16;16m██[38;2;139;98;8m██[38;2;139;98;8m██[38;2;139;98;8m██[38;2;139;98;8m██[38;2;139;98;8m██[38;2;139;98;8m██[38;2;139;98;8m██[38;2;16;16;16m██        [38;2;115;74;0m██[38;2;246;164;0m██[38;2;246;164;0m██[38;2;246;164;0m██[38;2;255;213;82m██[38;2;255;213;82m██[38;2;246;164;0m██[38;2;246;164;0m██[38;2;246;164;0m██[38;2;246;164;0m██[38;2;16;16;16m██                              
            [38;2;115;74;0m██[38;2;255;213;82m██[38;2;255;255;123m██[38;2;255;255;123m██[38;2;255;255;123m██[38;2;255;255;123m██[38;2;255;255;123m██[38;2;255;255;123m██[38;2;255;255;123m██[38;2;255;213;82m██[38;2;139;98;8m██[38;2;139;98;8m██[38;2;139;98;8m██[38;2;139;98;8m██[38;2;16;16;16m██[38;2;16;16;16m██[38;2;16;16;16m██[38;2;115;74;0m██[38;2;115;74;0m██[38;2;115;74;0m██[38;2;115;74;0m██    [38;2;115;74;0m██[38;2;246;164;0m██[38;2;246;164;0m██[38;2;246;164;0m██[38;2;255;213;82m██[38;2;255;213;82m██[38;2;246;164;0m██[38;2;246;164;0m██[38;2;246;164;0m██[38;2;246;164;0m██[38;2;16;16;16m██                              
            [38;2;115;74;0m██[38;2;255;255;123m██[38;2;255;255;123m██[38;2;255;255;123m██[38;2;255;255;123m██[38;2;255;255;123m██[38;2;255;255;123m██[38;2;255;255;123m██[38;2;255;255;123m██[38;2;255;255;123m██[38;2;139;98;8m██[38;2;139;98;8m██[38;2;16;16;16m██[38;2;16;16;16m██[38;2;180;131;16m██[38;2;180;131;16m██[38;2;180;131;16m██[38;2;180;131;16m██[38;2;180;131;16m██[38;2;180;131;16m██[38;2;180;131;16m██[38;2;115;74;0m██[38;2;115;74;0m██[38;2;115;74;0m██[38;2;115;74;0m██[38;2;246;164;0m██[38;2;246;164;0m██[38;2;255;213;82m██[38;2;255;213;82m██[38;2;255;213;82m██[38;2;246;164;0m██[38;2;246;164;0m██[38;2;246;164;0m██[38;2;16;16;16m██                              
          [38;2;115;74;0m██[38;2;255;255;123m██[38;2;255;255;123m██[38;2;255;255;123m██[38;2;255;255;123m██[38;2;255;255;123m██[38;2;255;255;123m██[38;2;255;255;123m██[38;2;255;255;123m██[38;2;255;255;123m██[38;2;255;255;123m██[38;2;255;213;82m██[38;2;16;16;16m██[38;2;180;131;16m██[38;2;180;131;16m██[38;2;180;131;16m██[38;2;180;131;16m██[38;2;180;131;16m██[38;2;180;131;16m██[38;2;180;131;16m██[38;2;180;131;16m██[38;2;180;131;16m██[38;2;180;131;16m██[38;2;180;131;16m██[38;2;180;131;16m██[38;2;16;16;16m██[38;2;16;16;16m██[38;2;246;164;0m██[38;2;255;213;82m██[38;2;255;213;82m██[38;2;255;213;82m██[38;2;246;164;0m██[38;2;246;164;0m██[38;2;246;164;0m██[38;2;246;164;0m██[38;2;16;16;16m██                            
        [38;2;115;74;0m██[38;2;115;74;0m██[38;2;255;255;123m██[38;2;255;255;123m██[38;2;255;255;123m██[38;2;255;255;123m██[38;2;255;255;123m██[38;2;255;255;123m██[38;2;255;255;123m██[38;2;255;255;123m██[38;2;255;255;123m██[38;2;255;255;123m██[38;2;115;74;0m██[38;2;180;131;16m██[38;2;180;131;16m██[38;2;180;131;16m██[38;2;180;131;16m██[38;2;180;131;16m██[38;2;180;131;16m██[38;2;180;131;16m██[38;2;180;131;16m██[38;2;180;131;16m██[38;2;180;131;16m██[38;2;180;131;16m██[38;2;180;131;16m██[38;2;180;131;16m██[38;2;180;131;16m██[38;2;180;131;16m██[38;2;16;16;16m██[38;2;246;164;0m██[38;2;255;213;82m██[38;2;255;213;82m██[38;2;255;213;82m██[38;2;246;164;0m██[38;2;246;164;0m██[38;2;246;164;0m██[38;2;16;16;16m██                            
      [38;2;115;74;0m██[38;2;115;74;0m██[38;2;255;255;123m██[38;2;255;255;123m██[38;2;255;255;123m██[38;2;255;255;123m██[38;2;255;255;123m██[38;2;255;255;123m██[38;2;255;255;123m██[38;2;255;255;123m██[38;2;255;255;123m██[38;2;255;255;123m██[38;2;255;255;123m██[38;2;16;16;16m██[38;2;180;131;16m██[38;2;180;131;16m██[38;2;180;131;16m██[38;2;180;131;16m██[38;2;180;131;16m██[38;2;180;131;16m██[38;2;180;131;16m██[38;2;180;131;16m██[38;2;180;131;16m██[38;2;180;131;16m██[38;2;180;131;16m██[38;2;180;131;16m██[38;2;180;131;16m██[38;2;180;131;16m██[38;2;180;131;16m██[38;2;180;131;16m██[38;2;16;16;16m██[38;2;255;213;82m██[38;2;255;213;82m██[38;2;255;213;82m██[38;2;246;164;0m██[38;2;246;164;0m██[38;2;246;164;0m██[38;2;16;16;16m██                            
    [38;2;115;74;0m██[38;2;139;98;8m██[38;2;115;74;0m██[38;2;255;255;123m██[38;2;255;255;123m██[38;2;255;255;123m██[38;2;255;255;123m██[38;2;255;255;123m██[38;2;255;255;123m██[38;2;255;255;123m██[38;2;255;255;123m██[38;2;255;255;123m██[38;2;255;255;123m██[38;2;115;74;0m██[38;2;180;131;16m██[38;2;180;131;16m██[38;2;180;131;16m██[38;2;180;131;16m██[38;2;180;131;16m██[38;2;180;131;16m██[38;2;180;131;16m██[38;2;180;131;16m██[38;2;180;131;16m██[38;2;180;131;16m██[38;2;180;131;16m██[38;2;180;131;16m██[38;2;180;131;16m██[38;2;180;131;16m██[38;2;180;131;16m██[38;2;180;131;16m██[38;2;180;131;16m██[38;2;180;131;16m██[38;2;16;16;16m██[38;2;255;213;82m██[38;2;255;213;82m██[38;2;246;164;0m██[38;2;246;164;0m██[38;2;246;164;0m██[38;2;246;164;0m██[38;2;16;16;16m██                          
    [38;2;115;74;0m██[38;2;115;74;0m██[38;2;255;213;82m██[38;2;255;255;123m██[38;2;255;255;123m██[38;2;255;255;123m██[38;2;255;255;123m██[38;2;255;255;123m██[38;2;255;255;123m██[38;2;255;255;123m██[38;2;255;255;123m██[38;2;255;255;123m██[38;2;255;255;123m██[38;2;16;16;16m██[38;2;180;131;16m██[38;2;180;131;16m██[38;2;180;131;16m██[38;2;180;131;16m██[38;2;180;131;16m██[38;2;180;131;16m██[38;2;180;131;16m██[38;2;180;131;16m██[38;2;180;131;16m██[38;2;180;131;16m██[38;2;180;131;16m██[38;2;180;131;16m██[38;2;180;131;16m██[38;2;180;131;16m██[38;2;180;131;16m██[38;2;180;131;16m██[38;2;180;131;16m██[38;2;180;131;16m██[38;2;180;131;16m██[38;2;16;16;16m██[38;2;255;213;82m██[38;2;255;213;82m██[38;2;246;164;0m██[38;2;246;164;0m██[38;2;246;164;0m██[38;2;16;16;16m██                          
  [38;2;115;74;0m██[38;2;139;98;8m██[38;2;115;74;0m██[38;2;255;255;123m██[38;2;255;255;123m██[38;2;255;255;123m██[38;2;255;255;123m██[38;2;255;255;123m██[38;2;255;255;123m██[38;2;255;255;123m██[38;2;255;255;123m██[38;2;255;255;123m██[38;2;255;255;123m██[38;2;255;255;123m██[38;2;16;16;16m██[38;2;180;131;16m██[38;2;180;131;16m██[38;2;180;131;16m██[38;2;180;131;16m██[38;2;180;131;16m██[38;2;180;131;16m██[38;2;180;131;16m██[38;2;180;131;16m██[38;2;180;131;16m██[38;2;180;131;16m██[38;2;180;131;16m██[38;2;180;131;16m██[38;2;180;131;16m██[38;2;180;131;16m██[38;2;180;131;16m██[38;2;139;98;8m██[38;2;180;131;16m██[38;2;180;131;16m██[38;2;180;131;16m██[38;2;180;131;16m██[38;2;16;16;16m██[38;2;255;213;82m██[38;2;246;164;0m██[38;2;246;164;0m██[38;2;246;164;0m██[38;2;246;164;0m██[38;2;16;16;16m██                        
  [38;2;115;74;0m██[38;2;139;98;8m██[38;2;115;74;0m██[38;2;255;255;123m██[38;2;255;255;123m██[38;2;255;255;123m██[38;2;255;255;123m██[38;2;255;255;123m██[38;2;255;255;123m██[38;2;255;255;123m██[38;2;255;255;123m██[38;2;255;255;123m██[38;2;255;255;123m██[38;2;255;255;123m██[38;2;16;16;16m██[38;2;139;98;8m██[38;2;180;131;16m██[38;2;180;131;16m██[38;2;180;131;16m██[38;2;180;131;16m██[38;2;180;131;16m██[38;2;180;131;16m██[38;2;180;131;16m██[38;2;180;131;16m██[38;2;180;131;16m██[38;2;180;131;16m██[38;2;180;131;16m██[38;2;180;131;16m██[38;2;180;131;16m██[38;2;180;131;16m██[38;2;180;131;16m██[38;2;139;98;8m██[38;2;180;131;16m██[38;2;180;131;16m██[38;2;180;131;16m██[38;2;180;131;16m██[38;2;16;16;16m██[38;2;255;213;82m██[38;2;246;164;0m██[38;2;246;164;0m██[38;2;246;164;0m██[38;2;16;16;16m██                        
  [38;2;115;74;0m██[38;2;139;98;8m██[38;2;115;74;0m██[38;2;255;255;123m██[38;2;255;255;123m██[38;2;255;255;123m██[38;2;255;255;123m██[38;2;255;255;123m██[38;2;255;255;123m██[38;2;255;255;123m██[38;2;255;255;123m██[38;2;255;255;123m██[38;2;255;255;123m██[38;2;255;255;123m██[38;2;115;74;0m██[38;2;139;98;8m██[38;2;180;131;16m██[38;2;180;131;16m██[38;2;180;131;16m██[38;2;180;131;16m██[38;2;180;131;16m██[38;2;180;131;16m██[38;2;180;131;16m██[38;2;180;131;16m██[38;2;180;131;16m██[38;2;180;131;16m██[38;2;180;131;16m██[38;2;180;131;16m██[38;2;180;131;16m██[38;2;180;131;16m██[38;2;180;131;16m██[38;2;180;131;16m██[38;2;115;74;0m██[38;2;180;131;16m██[38;2;180;131;16m██[38;2;180;131;16m██[38;2;16;16;16m██[38;2;255;213;82m██[38;2;246;164;0m██[38;2;246;164;0m██[38;2;246;164;0m██[38;2;246;164;0m██[38;2;16;16;16m██                      
[38;2;115;74;0m██[38;2;139;98;8m██[38;2;139;98;8m██[38;2;115;74;0m██[38;2;255;255;123m██[38;2;255;255;123m██[38;2;255;255;123m██[38;2;255;255;123m██[38;2;255;255;123m██[38;2;255;255;123m██[38;2;255;255;123m██[38;2;255;255;123m██[38;2;255;255;123m██[38;2;255;255;123m██[38;2;255;255;123m██[38;2;115;74;0m██[38;2;139;98;8m██[38;2;139;98;8m██[38;2;180;131;16m██[38;2;180;131;16m██[38;2;180;131;16m██[38;2;180;131;16m██[38;2;180;131;16m██[38;2;180;131;16m██[38;2;180;131;16m██[38;2;180;131;16m██[38;2;180;131;16m██[38;2;180;131;16m██[38;2;180;131;16m██[38;2;180;131;16m██[38;2;180;131;16m██[38;2;180;131;16m██[38;2;180;131;16m██[38;2;139;98;8m██[38;2;115;74;0m██[38;2;180;131;16m██[38;2;180;131;16m██[38;2;180;131;16m██[38;2;16;16;16m██[38;2;255;213;82m██[38;2;246;164;0m██[38;2;246;164;0m██[38;2;246;164;0m██[38;2;16;16;16m██                      
[38;2;115;74;0m██[38;2;139;98;8m██[38;2;139;98;8m██[38;2;115;74;0m██[38;2;255;255;123m██[38;2;255;255;123m██[38;2;255;255;123m██[38;2;255;255;123m██[38;2;255;255;123m██[38;2;255;255;123m██[38;2;255;255;123m██[38;2;255;255;123m██[38;2;255;255;123m██[38;2;255;255;123m██[38;2;255;255;123m██[38;2;115;74;0m██[38;2;139;98;8m██[38;2;139;98;8m██[38;2;180;131;16m██[38;2;180;131;16m██[38;2;180;131;16m██[38;2;180;131;16m██[38;2;180;131;16m██[38;2;180;131;16m██[38;2;180;131;16m██[38;2;180;131;16m██[38;2;180;131;16m██[38;2;180;131;16m██[38;2;180;131;16m██[38;2;180;131;16m██[38;2;180;131;16m██[38;2;180;131;16m██[38;2;180;131;16m██[38;2;180;131;16m██[38;2;139;98;8m██[38;2;115;74;0m██[38;2;180;131;16m██[38;2;180;131;16m██[38;2;16;16;16m██[38;2;255;213;82m██[38;2;255;213;82m██[38;2;246;164;0m██[38;2;246;164;0m██[38;2;246;164;0m██[38;2;16;16;16m██                    
[38;2;115;74;0m██[38;2;139;98;8m██[38;2;139;98;8m██[38;2;115;74;0m██[38;2;255;255;123m██[38;2;255;255;123m██[38;2;255;255;123m██[38;2;255;255;123m██[38;2;255;255;123m██[38;2;255;255;123m██[38;2;255;255;123m██[38;2;255;255;123m██[38;2;255;255;123m██[38;2;255;255;123m██[38;2;255;255;123m██[38;2;115;74;0m██[38;2;139;98;8m██[38;2;139;98;8m██[38;2;139;98;8m██[38;2;180;131;16m██[38;2;180;131;16m██[38;2;180;131;16m██[38;2;180;131;16m██[38;2;180;131;16m██[38;2;180;131;16m██[38;2;180;131;16m██[38;2;180;131;16m██[38;2;180;131;16m██[38;2;180;131;16m██[38;2;180;131;16m██[38;2;180;131;16m██[38;2;180;131;16m██[38;2;180;131;16m██[38;2;180;131;16m██[38;2;139;98;8m██[38;2;255;255;123m██[38;2;115;74;0m██[38;2;115;74;0m██[38;2;255;255;123m██[38;2;16;16;16m██[38;2;255;213;82m██[38;2;255;213;82m██[38;2;246;164;0m██[38;2;246;164;0m██[38;2;246;164;0m██[38;2;16;16;16m██                  
[38;2;115;74;0m██[38;2;139;98;8m██[38;2;139;98;8m██[38;2;115;74;0m██[38;2;255;255;123m██[38;2;255;255;123m██[38;2;255;255;123m██[38;2;255;255;123m██[38;2;255;255;123m██[38;2;255;255;123m██[38;2;255;255;123m██[38;2;255;255;123m██[38;2;255;255;123m██[38;2;255;255;123m██[38;2;255;255;123m██[38;2;255;255;123m██[38;2;115;74;0m██[38;2;139;98;8m██[38;2;139;98;8m██[38;2;139;98;8m██[38;2;180;131;16m██[38;2;180;131;16m██[38;2;180;131;16m██[38;2;180;131;16m██[38;2;180;131;16m██[38;2;180;131;16m██[38;2;180;131;16m██[38;2;180;131;16m██[38;2;180;131;16m██[38;2;180;131;16m██[38;2;180;131;16m██[38;2;180;131;16m██[38;2;180;131;16m██[38;2;180;131;16m██[38;2;180;131;16m██[38;2;139;98;8m██[38;2;255;255;123m██[38;2;255;255;123m██[38;2;255;255;123m██[38;2;255;255;123m██[38;2;16;16;16m██[38;2;255;213;82m██[38;2;255;213;82m██[38;2;246;164;0m██[38;2;246;164;0m██[38;2;246;164;0m██[38;2;16;16;16m██                
[38;2;16;16;16m██[38;2;139;98;8m██[38;2;139;98;8m██[38;2;115;74;0m██[38;2;255;255;123m██[38;2;255;255;123m██[38;2;255;255;123m██[38;2;255;255;123m██[38;2;255;255;123m██[38;2;255;255;123m██[38;2;255;255;123m██[38;2;255;255;123m██[38;2;255;255;123m██[38;2;255;213;82m██[38;2;255;255;123m██[38;2;255;213;82m██[38;2;16;16;16m██[38;2;139;98;8m██[38;2;139;98;8m██[38;2;139;98;8m██[38;2;139;98;8m██[38;2;180;131;16m██[38;2;180;131;16m██[38;2;180;131;16m██[38;2;180;131;16m██[38;2;180;131;16m██[38;2;180;131;16m██[38;2;180;131;16m██[38;2;139;98;8m██[38;2;180;131;16m██[38;2;180;131;16m██[38;2;180;131;16m██[38;2;180;131;16m██[38;2;180;131;16m██[38;2;180;131;16m██[38;2;139;98;8m██[38;2;255;255;123m██[38;2;255;255;123m██[38;2;255;255;123m██[38;2;255;255;123m██[38;2;255;213;82m██[38;2;16;16;16m██[38;2;255;213;82m██[38;2;255;213;82m██[38;2;246;164;0m██[38;2;246;164;0m██[38;2;246;164;0m██[38;2;16;16;16m██[38;2;16;16;16m██            
[38;2;16;16;16m██[38;2;139;98;8m██[38;2;139;98;8m██[38;2;115;74;0m██[38;2;255;213;82m██[38;2;255;255;123m██[38;2;255;255;123m██[38;2;255;255;123m██[38;2;255;255;123m██[38;2;255;255;123m██[38;2;255;255;123m██[38;2;255;255;123m██[38;2;255;213;82m██[38;2;255;255;123m██[38;2;255;213;82m██[38;2;255;255;123m██[38;2;16;16;16m██[38;2;139;98;8m██[38;2;139;98;8m██[38;2;139;98;8m██[38;2;139;98;8m██[38;2;139;98;8m██[38;2;180;131;16m██[38;2;180;131;16m██[38;2;180;131;16m██[38;2;180;131;16m██[38;2;180;131;16m██[38;2;180;131;16m██[38;2;180;131;16m██[38;2;139;98;8m██[38;2;180;131;16m██[38;2;180;131;16m██[38;2;180;131;16m██[38;2;180;131;16m██[38;2;180;131;16m██[38;2;139;98;8m██[38;2;255;255;123m██[38;2;255;255;123m██[38;2;255;255;123m██[38;2;255;255;123m██[38;2;255;255;123m██[38;2;16;16;16m██[38;2;255;213;82m██[38;2;255;213;82m██[38;2;255;213;82m██[38;2;246;164;0m██[38;2;246;164;0m██[38;2;246;164;0m██[38;2;246;164;0m██[38;2;16;16;16m██[38;2;16;16;16m██[38;2;16;16;16m██      
[38;2;16;16;16m██[38;2;139;98;8m██[38;2;139;98;8m██[38;2;139;98;8m██[38;2;16;16;16m██[38;2;255;213;82m██[38;2;255;255;123m██[38;2;255;255;123m██[38;2;255;255;123m██[38;2;255;213;82m██[38;2;255;255;123m██[38;2;255;213;82m██[38;2;255;255;123m██[38;2;255;213;82m██[38;2;255;255;123m██[38;2;255;213;82m██[38;2;255;213;82m██[38;2;16;16;16m██[38;2;139;98;8m██[38;2;139;98;8m██[38;2;139;98;8m██[38;2;139;98;8m██[38;2;139;98;8m██[38;2;180;131;16m██[38;2;180;131;16m██[38;2;180;131;16m██[38;2;180;131;16m██[38;2;180;131;16m██[38;2;180;131;16m██[38;2;180;131;16m██[38;2;115;74;0m██[38;2;180;131;16m██[38;2;180;131;16m██[38;2;180;131;16m██[38;2;180;131;16m██[38;2;139;98;8m██[38;2;255;255;123m██[38;2;255;255;123m██[38;2;255;255;123m██[38;2;255;255;123m██[38;2;255;255;123m██[38;2;255;213;82m██[38;2;16;16;16m██[38;2;255;213;82m██[38;2;255;213;82m██[38;2;255;213;82m██[38;2;255;213;82m██[38;2;246;164;0m██[38;2;246;164;0m██[38;2;246;164;0m██[38;2;246;164;0m██[38;2;246;164;0m██[38;2;16;16;16m██[38;2;16;16;16m██  
  [38;2;16;16;16m██[38;2;139;98;8m██[38;2;139;98;8m██[38;2;16;16;16m██[38;2;255;213;82m██[38;2;255;213;82m██[38;2;255;213;82m██[38;2;255;213;82m██[38;2;255;255;123m██[38;2;255;213;82m██[38;2;255;255;123m██[38;2;255;213;82m██[38;2;255;213;82m██[38;2;255;213;82m██[38;2;255;213;82m██[38;2;255;213;82m██[38;2;16;16;16m██[38;2;139;98;8m██[38;2;139;98;8m██[38;2;139;98;8m██[38;2;139;98;8m██[38;2;139;98;8m██[38;2;139;98;8m██[38;2;139;98;8m██[38;2;180;131;16m██[38;2;180;131;16m██[38;2;180;131;16m██[38;2;180;131;16m██[38;2;180;131;16m██[38;2;180;131;16m██[38;2;115;74;0m██[38;2;180;131;16m██[38;2;180;131;16m██[38;2;115;74;0m██[38;2;255;213;82m██[38;2;255;255;123m██[38;2;255;255;123m██[38;2;255;255;123m██[38;2;255;255;123m██[38;2;255;255;123m██[38;2;255;255;123m██[38;2;16;16;16m██[38;2;246;164;0m██[38;2;246;164;0m██[38;2;255;213;82m██[38;2;255;213;82m██[38;2;255;213;82m██[38;2;255;213;82m██[38;2;16;16;16m██[38;2;16;16;16m██[38;2;16;16;16m██      
  [38;2;16;16;16m██[38;2;139;98;8m██[38;2;139;98;8m██[38;2;115;74;0m██[38;2;255;213;82m██[38;2;255;213;82m██[38;2;255;213;82m██[38;2;255;213;82m██[38;2;255;213;82m██[38;2;255;213;82m██[38;2;255;213;82m██[38;2;255;213;82m██[38;2;255;213;82m██[38;2;255;213;82m██[38;2;255;213;82m██[38;2;255;213;82m██[38;2;255;213;82m██[38;2;16;16;16m██[38;2;139;98;8m██[38;2;139;98;8m██[38;2;139;98;8m██[38;2;139;98;8m██[38;2;139;98;8m██[38;2;139;98;8m██[38;2;115;74;0m██[38;2;139;98;8m██[38;2;180;131;16m██[38;2;180;131;16m██[38;2;180;131;16m██[38;2;180;131;16m██[38;2;115;74;0m██[38;2;115;74;0m██[38;2;115;74;0m██[38;2;255;213;82m██[38;2;255;213;82m██[38;2;255;213;82m██[38;2;255;255;123m██[38;2;255;255;123m██[38;2;255;255;123m██[38;2;255;255;123m██[38;2;255;213;82m██[38;2;255;213;82m██[38;2;16;16;16m██[38;2;246;164;0m██[38;2;255;213;82m██[38;2;255;213;82m██[38;2;255;213;82m██[38;2;255;213;82m██[38;2;255;213;82m██[38;2;255;213;82m██[38;2;255;213;82m██[38;2;16;16;16m██    
  [38;2;16;16;16m██[38;2;139;98;8m██[38;2;255;213;82m██[38;2;139;98;8m██[38;2;16;16;16m██[38;2;255;213;82m██[38;2;255;213;82m██[38;2;255;213;82m██[38;2;255;213;82m██[38;2;255;213;82m██[38;2;255;213;82m██[38;2;255;213;82m██[38;2;255;213;82m██[38;2;255;213;82m██[38;2;255;213;82m██[38;2;255;213;82m██[38;2;255;213;82m██[38;2;16;16;16m██[38;2;139;98;8m██[38;2;139;98;8m██[38;2;139;98;8m██[38;2;139;98;8m██[38;2;139;98;8m██[38;2;139;98;8m██[38;2;115;74;0m██[38;2;115;74;0m██[38;2;115;74;0m██[38;2;180;131;16m██[38;2;180;131;16m██[38;2;115;74;0m██[38;2;255;213;82m██[38;2;255;213;82m██[38;2;255;213;82m██[38;2;255;213;82m██[38;2;255;213;82m██[38;2;255;213;82m██[38;2;255;213;82m██[38;2;255;255;123m██[38;2;255;255;123m██[38;2;255;213;82m██[38;2;255;213;82m██[38;2;255;213;82m██[38;2;16;16;16m██[38;2;246;164;0m██[38;2;246;164;0m██[38;2;246;164;0m██[38;2;255;213;82m██[38;2;255;213;82m██[38;2;255;213;82m██[38;2;255;213;82m██[38;2;255;213;82m██[38;2;255;213;82m██[38;2;16;16;16m██  
    [38;2;16;16;16m██[38;2;255;213;82m██[38;2;255;213;82m██[38;2;139;98;8m██[38;2;255;213;82m██[38;2;255;213;82m██[38;2;255;213;82m██[38;2;255;213;82m██[38;2;255;213;82m██[38;2;255;213;82m██[38;2;255;213;82m██[38;2;255;213;82m██[38;2;255;213;82m██[38;2;255;213;82m██[38;2;255;213;82m██[38;2;255;213;82m██[38;2;255;213;82m██[38;2;16;16;16m██[38;2;139;98;8m██[38;2;139;98;8m██[38;2;139;98;8m██[38;2;139;98;8m██[38;2;139;98;8m██[38;2;139;98;8m██[38;2;115;74;0m██[38;2;255;213;82m██[38;2;115;74;0m██[38;2;115;74;0m██[38;2;255;213;82m██[38;2;255;213;82m██[38;2;255;213;82m██[38;2;255;213;82m██[38;2;255;213;82m██[38;2;255;213;82m██[38;2;255;213;82m██[38;2;255;213;82m██[38;2;255;213;82m██[38;2;255;213;82m██[38;2;255;213;82m██[38;2;255;213;82m██[38;2;255;213;82m██[38;2;255;213;82m██[38;2;16;16;16m██[38;2;115;74;0m██[38;2;246;164;0m██[38;2;246;164;0m██[38;2;246;164;0m██[38;2;16;16;16m██[38;2;255;213;82m██[38;2;255;213;82m██[38;2;255;213;82m██[38;2;16;16;16m██  
    [38;2;16;16;16m██[38;2;139;98;8m██[38;2;255;213;82m██[38;2;255;213;82m██[38;2;16;16;16m██[38;2;255;213;82m██[38;2;255;213;82m██[38;2;255;213;82m██[38;2;255;213;82m██[38;2;255;213;82m██[38;2;255;213;82m██[38;2;255;213;82m██[38;2;255;213;82m██[38;2;255;213;82m██[38;2;255;213;82m██[38;2;255;213;82m██[38;2;255;213;82m██[38;2;255;213;82m██[38;2;16;16;16m██[38;2;139;98;8m██[38;2;139;98;8m██[38;2;139;98;8m██[38;2;139;98;8m██[38;2;139;98;8m██[38;2;115;74;0m██[38;2;255;213;82m██[38;2;255;213;82m██[38;2;255;213;82m██[38;2;255;213;82m██[38;2;255;213;82m██[38;2;255;213;82m██[38;2;255;213;82m██[38;2;255;213;82m██[38;2;255;213;82m██[38;2;139;98;8m██[38;2;255;213;82m██[38;2;255;213;82m██[38;2;255;213;82m██[38;2;255;213;82m██[38;2;139;98;8m██[38;2;255;213;82m██[38;2;255;213;82m██[38;2;16;16;16m██  [38;2;16;16;16m██[38;2;16;16;16m██[38;2;246;164;0m██[38;2;246;164;0m██[38;2;16;16;16m██[38;2;139;98;8m██[38;2;255;213;82m██[38;2;255;213;82m██[38;2;16;16;16m██
      [38;2;16;16;16m██[38;2;255;213;82m██[38;2;255;213;82m██[38;2;139;98;8m██[38;2;255;213;82m██[38;2;255;213;82m██[38;2;255;213;82m██[38;2;255;213;82m██[38;2;255;213;82m██[38;2;255;213;82m██[38;2;255;213;82m██[38;2;255;213;82m██[38;2;255;213;82m██[38;2;255;213;82m██[38;2;255;213;82m██[38;2;255;213;82m██[38;2;255;213;82m██[38;2;255;213;82m██[38;2;16;16;16m██[38;2;16;16;16m██[38;2;139;98;8m██[38;2;139;98;8m██[38;2;139;98;8m██[38;2;115;74;0m██[38;2;255;213;82m██[38;2;255;213;82m██[38;2;255;213;82m██[38;2;255;213;82m██[38;2;255;213;82m██[38;2;255;213;82m██[38;2;255;213;82m██[38;2;255;213;82m██[38;2;255;213;82m██[38;2;255;213;82m██[38;2;139;98;8m██[38;2;255;213;82m██[38;2;255;213;82m██[38;2;255;213;82m██[38;2;255;213;82m██[38;2;139;98;8m██[38;2;255;213;82m██[38;2;255;213;82m██[38;2;16;16;16m██    [38;2;16;16;16m██[38;2;246;164;0m██[38;2;16;16;16m██  [38;2;139;98;8m██[38;2;255;213;82m██[38;2;16;16;16m██
        [38;2;16;16;16m██[38;2;255;213;82m██[38;2;255;213;82m██[38;2;16;16;16m██[38;2;255;213;82m██[38;2;255;213;82m██[38;2;255;213;82m██[38;2;255;213;82m██[38;2;255;213;82m██[38;2;255;213;82m██[38;2;255;213;82m██[38;2;255;213;82m██[38;2;255;213;82m██[38;2;255;213;82m██[38;2;255;213;82m██[38;2;255;213;82m██[38;2;255;213;82m██[38;2;255;213;82m██[38;2;255;213;82m██[38;2;16;16;16m██[38;2;16;16;16m██[38;2;16;16;16m██[38;2;255;213;82m██[38;2;255;213;82m██[38;2;255;213;82m██[38;2;255;213;82m██[38;2;255;213;82m██[38;2;255;213;82m██[38;2;255;213;82m██[38;2;255;213;82m██[38;2;255;213;82m██[38;2;255;213;82m██[38;2;255;213;82m██[38;2;255;213;82m██[38;2;139;98;8m██[38;2;255;213;82m██[38;2;255;213;82m██[38;2;255;213;82m██[38;2;255;213;82m██[38;2;139;98;8m██[38;2;255;213;82m██[38;2;16;16;16m██      [38;2;16;16;16m██[38;2;16;16;16m██    [38;2;16;16;16m██[38;2;16;16;16m██
          [38;2;16;16;16m██[38;2;255;213;82m██[38;2;16;16;16m██[38;2;255;213;82m██[38;2;255;213;82m██[38;2;255;213;82m██[38;2;255;213;82m██[38;2;255;213;82m██[38;2;255;213;82m██[38;2;255;213;82m██[38;2;255;213;82m██[38;2;255;213;82m██[38;2;255;213;82m██[38;2;255;213;82m██[38;2;255;213;82m██[38;2;255;213;82m██[38;2;255;213;82m██[38;2;255;213;82m██[38;2;255;213;82m██[38;2;16;16;16m██[38;2;255;213;82m██[38;2;255;213;82m██[38;2;255;213;82m██[38;2;255;213;82m██[38;2;255;213;82m██[38;2;255;213;82m██[38;2;255;213;82m██[38;2;255;213;82m██[38;2;255;213;82m██[38;2;255;213;82m██[38;2;255;213;82m██[38;2;255;213;82m██[38;2;255;213;82m██[38;2;255;213;82m██[38;2;139;98;8m██[38;2;255;213;82m██[38;2;255;213;82m██[38;2;255;213;82m██[38;2;139;98;8m██[38;2;255;213;82m██[38;2;255;213;82m██[38;2;16;16;16m██      [38;2;16;16;16m██      [38;2;16;16;16m██
            [38;2;16;16;16m██[38;2;255;213;82m██[38;2;16;16;16m██[38;2;255;213;82m██[38;2;255;213;82m██[38;2;255;213;82m██[38;2;255;213;82m██[38;2;255;213;82m██[38;2;255;213;82m██[38;2;255;213;82m██[38;2;255;213;82m██[38;2;255;213;82m██[38;2;255;213;82m██[38;2;255;213;82m██[38;2;255;213;82m██[38;2;255;213;82m██[38;2;255;213;82m██[38;2;255;213;82m██[38;2;255;213;82m██[38;2;16;16;16m██[38;2;255;213;82m██[38;2;255;213;82m██[38;2;255;213;82m██[38;2;255;213;82m██[38;2;255;213;82m██[38;2;255;213;82m██[38;2;255;213;82m██[38;2;255;213;82m██[38;2;255;213;82m██[38;2;255;213;82m██[38;2;255;213;82m██[38;2;255;213;82m██[38;2;255;213;82m██[38;2;255;213;82m██[38;2;139;98;8m██[38;2;255;213;82m██[38;2;255;213;82m██[38;2;255;213;82m██[38;2;139;98;8m██[38;2;255;213;82m██[38;2;16;16;16m██                
              [38;2;16;16;16m██[38;2;139;98;8m██[38;2;255;213;82m██[38;2;255;213;82m██[38;2;255;213;82m██[38;2;255;213;82m██[38;2;255;213;82m██[38;2;255;213;82m██[38;2;255;213;82m██[38;2;255;213;82m██[38;2;255;213;82m██[38;2;255;213;82m██[38;2;255;213;82m██[38;2;255;213;82m██[38;2;255;213;82m██[38;2;255;213;82m██[38;2;255;213;82m██[38;2;255;213;82m██[38;2;255;213;82m██[38;2;16;16;16m██[38;2;255;213;82m██[38;2;255;213;82m██[38;2;255;213;82m██[38;2;255;213;82m██[38;2;255;213;82m██[38;2;255;213;82m██[38;2;139;98;8m██[38;2;255;213;82m██[38;2;255;213;82m██[38;2;255;213;82m██[38;2;255;213;82m██[38;2;255;213;82m██[38;2;255;213;82m██[38;2;139;98;8m██[38;2;255;213;82m██[38;2;255;213;82m██[38;2;255;213;82m██[38;2;255;213;82m██[38;2;139;98;8m██[38;2;139;98;8m██                
                  [38;2;16;16;16m██[38;2;255;213;82m██[38;2;255;213;82m██[38;2;255;213;82m██[38;2;255;213;82m██[38;2;255;213;82m██[38;2;255;213;82m██[38;2;255;213;82m██[38;2;255;213;82m██[38;2;255;213;82m██[38;2;255;213;82m██[38;2;255;213;82m██[38;2;255;213;82m██[38;2;255;213;82m██[38;2;255;213;82m██[38;2;255;213;82m██[38;2;255;213;82m██[38;2;255;213;82m██[38;2;16;16;16m██[38;2;255;213;82m██[38;2;255;213;82m██[38;2;255;213;82m██[38;2;255;213;82m██[38;2;255;213;82m██[38;2;255;213;82m██[38;2;139;98;8m██[38;2;255;213;82m██[38;2;255;213;82m██[38;2;255;213;82m██[38;2;255;213;82m██[38;2;255;213;82m██[38;2;255;213;82m██[38;2;139;98;8m██[38;2;255;213;82m██[38;2;255;213;82m██[38;2;255;213;82m██[38;2;255;213;82m██[38;2;16;16;16m██                
                    [38;2;16;16;16m██[38;2;255;213;82m██[38;2;255;213;82m██[38;2;255;213;82m██[38;2;255;213;82m██[38;2;255;213;82m██[38;2;255;213;82m██[38;2;255;213;82m██[38;2;255;213;82m██[38;2;255;213;82m██[38;2;139;98;8m██[38;2;255;213;82m██[38;2;255;213;82m██[38;2;255;213;82m██[38;2;255;213;82m██[38;2;255;213;82m██[38;2;255;213;82m██[38;2;255;213;82m██[38;2;16;16;16m██[38;2;255;213;82m██[38;2;255;213;82m██[38;2;255;213;82m██[38;2;255;213;82m██[38;2;255;213;82m██[38;2;255;213;82m██[38;2;139;98;8m██[38;2;255;213;82m██[38;2;255;213;82m██[38;2;255;213;82m██[38;2;255;213;82m██[38;2;255;213;82m██[38;2;255;213;82m██[38;2;139;98;8m██[38;2;255;213;82m██[38;2;255;213;82m██[38;2;255;213;82m██[38;2;255;213;82m██[38;2;16;16;16m██              
                      [38;2;16;16;16m██[38;2;255;213;82m██[38;2;255;213;82m██[38;2;255;213;82m██[38;2;255;213;82m██[38;2;139;98;8m██[38;2;255;213;82m██[38;2;255;213;82m██[38;2;255;213;82m██[38;2;16;16;16m██[38;2;255;213;82m██[38;2;255;213;82m██[38;2;255;213;82m██[38;2;255;213;82m██[38;2;255;213;82m██[38;2;255;213;82m██[38;2;255;213;82m██[38;2;255;213;82m██[38;2;16;16;16m██[38;2;16;16;16m██[38;2;255;213;82m██[38;2;255;213;82m██[38;2;255;213;82m██[38;2;255;213;82m██[38;2;255;213;82m██[38;2;139;98;8m██[38;2;255;213;82m██[38;2;255;213;82m██[38;2;255;213;82m██[38;2;255;213;82m██[38;2;255;213;82m██[38;2;255;213;82m██[38;2;139;98;8m██[38;2;255;213;82m██[38;2;255;213;82m██[38;2;255;213;82m██[38;2;16;16;16m██              
                        [38;2;16;16;16m██[38;2;255;213;82m██[38;2;255;213;82m██[38;2;255;213;82m██[38;2;255;213;82m██[38;2;139;98;8m██[38;2;139;98;8m██[38;2;255;213;82m██[38;2;255;213;82m██[38;2;115;74;0m██[38;2;255;213;82m██[38;2;255;213;82m██[38;2;255;213;82m██[38;2;255;213;82m██[38;2;255;213;82m██[38;2;255;213;82m██[38;2;255;213;82m██[38;2;255;213;82m██[38;2;255;213;82m██[38;2;16;16;16m██[38;2;255;213;82m██[38;2;255;213;82m██[38;2;255;213;82m██[38;2;255;213;82m██[38;2;255;213;82m██[38;2;139;98;8m██[38;2;16;16;16m██[38;2;255;213;82m██[38;2;255;213;82m██[38;2;255;213;82m██[38;2;255;213;82m██[38;2;139;98;8m██[38;2;255;213;82m██[38;2;255;213;82m██[38;2;255;213;82m██[38;2;255;213;82m██[38;2;16;16;16m██            
                        [38;2;16;16;16m██[38;2;255;213;82m██[38;2;255;213;82m██[38;2;255;213;82m██[38;2;255;213;82m██[38;2;255;213;82m██[38;2;255;213;82m██[38;2;16;16;16m██[38;2;16;16;16m██[38;2;16;16;16m██[38;2;255;213;82m██[38;2;255;213;82m██[38;2;255;213;82m██[38;2;255;213;82m██[38;2;255;213;82m██[38;2;255;213;82m██[38;2;255;213;82m██[38;2;255;213;82m██[38;2;115;74;0m██[38;2;115;74;0m██[38;2;115;74;0m██[38;2;255;213;82m██[38;2;255;213;82m██[38;2;255;213;82m██[38;2;255;213;82m██[38;2;255;213;82m██[38;2;255;213;82m██[38;2;139;98;8m██[38;2;255;213;82m██[38;2;255;213;82m██[38;2;255;213;82m██[38;2;255;213;82m██[38;2;139;98;8m██[38;2;255;213;82m██[38;2;255;213;82m██[38;2;255;213;82m██[38;2;16;16;16m██            
                          [38;2;16;16;16m██[38;2;115;74;0m██[38;2;255;213;82m██[38;2;255;213;82m██[38;2;255;213;82m██[38;2;139;98;8m██[38;2;197;98;0m██[38;2;246;164;0m██[38;2;246;164;0m██[38;2;16;16;16m██[38;2;255;213;82m██[38;2;255;213;82m██[38;2;255;213;82m██[38;2;255;213;82m██[38;2;255;213;82m██[38;2;255;213;82m██[38;2;255;213;82m██[38;2;16;16;16m██[38;2;246;164;0m██[38;2;246;164;0m██[38;2;16;16;16m██[38;2;16;16;16m██[38;2;255;213;82m██[38;2;255;213;82m██[38;2;255;213;82m██[38;2;255;213;82m██[38;2;255;213;82m██[38;2;16;16;16m██[38;2;255;213;82m██[38;2;255;213;82m██[38;2;255;213;82m██[38;2;255;213;82m██[38;2;139;98;8m██[38;2;255;213;82m██[38;2;255;213;82m██[38;2;255;213;82m██[38;2;16;16;16m██          
                            [38;2;16;16;16m██[38;2;115;74;0m██[38;2;16;16;16m██[38;2;16;16;16m██    [38;2;197;98;0m██[38;2;246;164;0m██[38;2;16;16;16m██[38;2;255;213;82m██[38;2;255;213;82m██[38;2;255;213;82m██[38;2;255;213;82m██[38;2;255;213;82m██[38;2;255;213;82m██[38;2;115;74;0m██[38;2;197;98;0m██[38;2;246;164;0m██[38;2;246;164;0m██[38;2;246;164;0m██[38;2;246;164;0m██[38;2;16;16;16m██[38;2;255;213;82m██[38;2;255;213;82m██[38;2;255;213;82m██[38;2;255;213;82m██[38;2;255;213;82m██[38;2;139;98;8m██[38;2;255;213;82m██[38;2;255;213;82m██[38;2;255;213;82m██[38;2;255;213;82m██[38;2;139;98;8m██[38;2;255;213;82m██[38;2;255;213;82m██[38;2;16;16;16m██          
                          [38;2;16;16;16m██[38;2;205;148;57m██[38;2;205;148;57m██[38;2;205;148;57m██[38;2;16;16;16m██      [38;2;197;98;0m██[38;2;246;164;0m██[38;2;16;16;16m██[38;2;115;74;0m██[38;2;255;213;82m██[38;2;255;213;82m██[38;2;115;74;0m██[38;2;16;16;16m██[38;2;246;164;0m██[38;2;246;164;0m██[38;2;197;98;0m██[38;2;197;98;0m██[38;2;246;164;0m██[38;2;246;164;0m██[38;2;246;164;0m██[38;2;16;16;16m██[38;2;255;213;82m██[38;2;255;213;82m██[38;2;255;213;82m██[38;2;255;213;82m██[38;2;255;213;82m██[38;2;16;16;16m██[38;2;255;213;82m██[38;2;255;213;82m██[38;2;255;213;82m██[38;2;255;213;82m██[38;2;16;16;16m██[38;2;255;213;82m██[38;2;16;16;16m██          
                          [38;2;115;74;0m██[38;2;205;148;57m██[38;2;205;148;57m██[38;2;139;98;8m██          [38;2;197;98;0m██[38;2;246;164;0m██[38;2;16;16;16m██[38;2;115;74;0m██[38;2;115;74;0m██[38;2;16;16;16m██[38;2;115;74;0m██[38;2;246;164;0m██[38;2;246;164;0m██[38;2;246;164;0m██[38;2;246;164;0m██[38;2;197;98;0m██[38;2;246;164;0m██[38;2;246;164;0m██[38;2;246;164;0m██[38;2;16;16;16m██[38;2;16;16;16m██[38;2;255;213;82m██[38;2;255;213;82m██[38;2;255;213;82m██[38;2;255;213;82m██[38;2;16;16;16m██[38;2;255;213;82m██[38;2;255;213;82m██[38;2;255;213;82m██[38;2;255;213;82m██[38;2;16;16;16m██            
                      [38;2;16;16;16m██[38;2;115;74;0m██[38;2;205;148;57m██[38;2;205;148;57m██[38;2;205;148;57m██[38;2;16;16;16m██          [38;2;197;98;0m██[38;2;246;164;0m██[38;2;16;16;16m██[38;2;205;148;57m██[38;2;205;148;57m██[38;2;205;148;57m██[38;2;16;16;16m██[38;2;197;98;0m██[38;2;246;164;0m██[38;2;246;164;0m██[38;2;246;164;0m██[38;2;246;164;0m██[38;2;197;98;0m██[38;2;197;98;0m██[38;2;246;164;0m██[38;2;246;164;0m██[38;2;246;164;0m██[38;2;16;16;16m██[38;2;16;16;16m██[38;2;255;213;82m██[38;2;255;213;82m██[38;2;255;213;82m██[38;2;16;16;16m██[38;2;255;213;82m██[38;2;255;213;82m██[38;2;255;213;82m██[38;2;255;213;82m██[38;2;139;98;8m██          
          [38;2;139;98;8m██[38;2;139;98;8m██[38;2;139;98;8m██[38;2;16;16;16m██[38;2;16;16;16m██[38;2;16;16;16m██[38;2;205;148;57m██[38;2;205;148;57m██[38;2;205;148;57m██[38;2;205;148;57m██[38;2;205;148;57m██[38;2;16;16;16m██[38;2;139;98;8m██          [38;2;197;98;0m██[38;2;16;16;16m██[38;2;205;148;57m██[38;2;205;148;57m██[38;2;205;148;57m██[38;2;16;16;16m██[38;2;246;164;0m██[38;2;197;98;0m██[38;2;246;164;0m██[38;2;246;164;0m██[38;2;246;164;0m██[38;2;246;164;0m██[38;2;246;164;0m██[38;2;197;98;0m██[38;2;246;164;0m██[38;2;246;164;0m██[38;2;246;164;0m██[38;2;246;164;0m██[38;2;16;16;16m██[38;2;16;16;16m██[38;2;16;16;16m██  [38;2;139;98;8m██[38;2;139;98;8m██[38;2;255;213;82m██[38;2;255;213;82m██[38;2;16;16;16m██          
        [38;2;139;98;8m██[38;2;255;205;90m██[38;2;255;205;90m██[38;2;180;131;16m██[38;2;255;205;90m██[38;2;255;205;90m██[38;2;255;205;90m██[38;2;255;205;90m██[38;2;205;148;57m██[38;2;205;148;57m██[38;2;205;148;57m██[38;2;205;148;57m██[38;2;115;74;0m██[38;2;197;180;197m██[38;2;139;98;8m██          [38;2;16;16;16m██[38;2;205;148;57m██[38;2;205;148;57m██[38;2;205;148;57m██[38;2;16;16;16m██[38;2;246;164;0m██[38;2;246;164;0m██[38;2;197;98;0m██[38;2;246;164;0m██[38;2;246;164;0m██[38;2;246;164;0m██[38;2;246;164;0m██[38;2;197;98;0m██[38;2;197;98;0m██[38;2;246;164;0m██[38;2;246;164;0m██[38;2;246;164;0m██[38;2;197;98;0m██          [38;2;139;98;8m██[38;2;139;98;8m██            
      [38;2;139;98;8m██[38;2;255;255;255m██[38;2;197;180;197m██[38;2;115;74;0m██[38;2;255;205;90m██[38;2;255;205;90m██[38;2;255;205;90m██[38;2;205;148;57m██[38;2;139;98;8m██[38;2;205;148;57m██[38;2;255;205;90m██[38;2;205;148;57m██[38;2;205;148;57m██[38;2;205;148;57m██[38;2;197;180;197m██[38;2;139;98;8m██          [38;2;139;98;8m██[38;2;205;148;57m██[38;2;205;148;57m██[38;2;205;148;57m██[38;2;205;148;57m██[38;2;16;16;16m██[38;2;197;98;0m██  [38;2;197;98;0m██[38;2;197;98;0m██[38;2;197;98;0m██[38;2;197;98;0m██    [38;2;197;98;0m██[38;2;197;98;0m██[38;2;197;98;0m██                            
      [38;2;16;16;16m██[38;2;197;180;197m██[38;2;115;74;0m██[38;2;255;255;255m██[38;2;255;255;255m██[38;2;255;205;90m██[38;2;115;74;0m██[38;2;139;98;8m██[38;2;255;205;90m██[38;2;255;205;90m██[38;2;205;148;57m██[38;2;205;148;57m██[38;2;139;98;8m██[38;2;16;16;16m██[38;2;16;16;16m██[38;2;16;16;16m██      [38;2;139;98;8m██[38;2;16;16;16m██[38;2;205;148;57m██[38;2;205;148;57m██[38;2;205;148;57m██[38;2;205;148;57m██[38;2;205;148;57m██[38;2;205;148;57m██[38;2;16;16;16m██[38;2;16;16;16m██[38;2;16;16;16m██                                            
        [38;2;16;16;16m██[38;2;115;74;0m██[38;2;255;255;255m██[38;2;255;255;255m██[38;2;16;16;16m██[38;2;16;16;16m██[38;2;139;98;8m██[38;2;255;255;255m██[38;2;255;205;90m██[38;2;16;16;16m██[38;2;16;16;16m██            [38;2;139;98;8m██[38;2;255;205;90m██[38;2;255;205;90m██[38;2;205;148;57m██[38;2;205;148;57m██[38;2;205;148;57m██[38;2;255;205;90m██[38;2;255;205;90m██[38;2;115;74;0m██[38;2;205;148;57m██[38;2;255;205;90m██[38;2;255;205;90m██[38;2;16;16;16m██[38;2;16;16;16m██                                        
          [38;2;115;74;0m██[38;2;255;255;255m██[38;2;16;16;16m██    [38;2;139;98;8m██[38;2;255;255;255m██[38;2;255;255;255m██[38;2;16;16;16m██            [38;2;139;98;8m██[38;2;255;205;90m██[38;2;255;205;90m██[38;2;255;205;90m██[38;2;255;205;90m██[38;2;205;148;57m██[38;2;205;148;57m██[38;2;255;205;90m██[38;2;255;205;90m██[38;2;255;205;90m██[38;2;115;74;0m██[38;2;205;148;57m██[38;2;255;205;90m██[38;2;255;255;255m██[38;2;255;255;255m██[38;2;16;16;16m██                                      
            [38;2;115;74;0m██[38;2;16;16;16m██    [38;2;139;98;8m██[38;2;139;98;8m██[38;2;255;255;255m██[38;2;16;16;16m██            [38;2;16;16;16m██[38;2;255;255;255m██[38;2;255;255;255m██[38;2;255;205;90m██[38;2;139;98;8m██[38;2;16;16;16m██[38;2;139;98;8m██[38;2;205;148;57m██[38;2;255;205;90m██[38;2;255;205;90m██[38;2;115;74;0m██[38;2;205;148;57m██[38;2;205;148;57m██[38;2;255;255;255m██[38;2;255;255;255m██[38;2;16;16;16m██                                      
                      [38;2;16;16;16m██[38;2;16;16;16m██              [38;2;16;16;16m██[38;2;255;255;255m██[38;2;255;255;255m██[38;2;16;16;16m██    [38;2;16;16;16m██[38;2;205;148;57m██[38;2;255;255;255m██[38;2;255;255;255m██[38;2;16;16;16m██[38;2;115;74;0m██[38;2;115;74;0m██[38;2;115;74;0m██[38;2;255;255;255m██[38;2;16;16;16m██                                      
                                        [38;2;16;16;16m██[38;2;16;16;16m██[38;2;139;98;8m██        [38;2;115;74;0m██[38;2;255;255;255m██[38;2;255;255;255m██[38;2;16;16;16m██    [38;2;115;74;0m██[38;2;16;16;16m██                                        
                                                      [38;2;16;16;16m██[38;2;255;255;255m██[38;2;115;74;0m██                                                  
                                                        [38;2;16;16;16m██[38;2;16;16;16m██                                                  
