                  [38;2;139;148;172m██[38;2;65;82;123m██[38;2;65;82;123m██[38;2;65;82;123m██[38;2;65;82;123m██      [38;2;139;148;172m██[38;2;0;0;0m██                          
              [38;2;139;148;172m██[38;2;139;148;172m██[38;2;205;205;213m██[38;2;180;189;189m██[38;2;180;189;189m██[38;2;180;189;189m██[38;2;180;189;189m██[38;2;65;82;123m██[38;2;65;82;123m██[38;2;139;148;172m██[38;2;180;189;189m██[38;2;0;0;0m██[38;2;65;82;123m██[38;2;0;0;0m██                      
            [38;2;139;148;172m██[38;2;205;205;213m██[38;2;205;205;213m██[38;2;205;205;213m██[38;2;205;205;213m██[38;2;180;189;189m██[38;2;180;189;189m██[38;2;180;189;189m██[38;2;180;189;189m██[38;2;180;189;189m██[38;2;65;82;123m██[38;2;180;189;189m██[38;2;180;189;189m██[38;2;180;189;189m██[38;2;65;82;123m██                      
          [38;2;139;148;172m██[38;2;205;205;213m██[38;2;205;205;213m██[38;2;205;205;213m██[38;2;205;205;213m██[38;2;205;205;213m██[38;2;180;189;189m██[38;2;180;189;189m██[38;2;180;189;189m██[38;2;180;189;189m██[38;2;180;189;189m██[38;2;180;189;189m██[38;2;139;148;172m██[38;2;180;189;189m██[38;2;65;82;123m██[38;2;180;189;189m██[38;2;0;0;0m██                    
          [38;2;139;148;172m██[38;2;180;189;189m██[38;2;205;205;213m██[38;2;205;205;213m██[38;2;205;205;213m██[38;2;180;189;189m██[38;2;180;189;189m██[38;2;139;148;172m██[38;2;139;148;172m██[38;2;139;148;172m██[38;2;180;189;189m██[38;2;180;189;189m██[38;2;180;189;189m██[38;2;180;189;189m██[38;2;180;189;189m██[38;2;0;0;0m██                      
        [38;2;213;74;115m██[38;2;180;189;189m██[38;2;180;189;189m██[38;2;213;74;115m██[38;2;213;74;115m██[38;2;180;189;189m██[38;2;180;189;189m██[38;2;139;148;172m██[38;2;213;106;16m██[38;2;255;139;32m██[38;2;156;90;57m██[38;2;139;148;172m██[38;2;180;189;189m██[38;2;180;189;189m██[38;2;180;189;189m██[38;2;65;82;123m██                        
      [38;2;213;74;115m██[38;2;255;131;172m██[38;2;131;49;74m██[38;2;213;74;115m██[38;2;255;131;172m██[38;2;255;131;172m██[38;2;213;74;115m██[38;2;180;189;189m██[38;2;213;106;16m██[38;2;255;255;255m██[38;2;255;139;32m██[38;2;255;139;32m██[38;2;139;148;172m██[38;2;180;189;189m██[38;2;180;189;189m██[38;2;180;189;189m██[38;2;65;82;123m██                        
      [38;2;213;74;115m██[38;2;32;49;98m██[38;2;32;49;98m██[38;2;255;131;172m██[38;2;255;131;172m██[38;2;255;131;172m██[38;2;213;74;115m██[38;2;139;148;172m██[38;2;255;139;32m██[38;2;156;90;57m██[38;2;32;49;98m██[38;2;255;139;32m██[38;2;139;148;172m██[38;2;180;189;189m██[38;2;180;189;189m██[38;2;180;189;189m██[38;2;0;0;0m██                        
    [38;2;32;49;98m██[38;2;65;82;123m██[38;2;65;82;123m██[38;2;65;82;123m██[38;2;32;49;98m██[38;2;255;131;172m██[38;2;255;131;172m██[38;2;131;49;74m██[38;2;139;148;172m██[38;2;255;139;32m██[38;2;32;49;98m██[38;2;32;49;98m██[38;2;255;139;32m██[38;2;156;90;57m██[38;2;180;189;189m██[38;2;180;189;189m██[38;2;180;189;189m██[38;2;0;0;0m██                        
  [38;2;24;41;98m██[38;2;65;82;123m██[38;2;65;82;123m██[38;2;65;82;123m██[38;2;65;82;123m██[38;2;65;82;123m██[38;2;24;41;98m██[38;2;131;49;74m██[38;2;180;189;189m██[38;2;139;148;172m██[38;2;255;139;32m██[38;2;32;49;98m██[38;2;156;90;57m██[38;2;213;106;16m██[38;2;180;189;189m██[38;2;180;189;189m██[38;2;180;189;189m██[38;2;180;189;189m██[38;2;0;0;0m██                        
    [38;2;32;49;98m██[38;2;32;49;98m██[38;2;24;41;98m██[38;2;131;49;74m██[38;2;131;49;74m██[38;2;65;82;123m██[38;2;0;0;0m██[38;2;180;189;189m██[38;2;139;148;172m██[38;2;156;90;57m██[38;2;255;139;32m██[38;2;255;139;32m██[38;2;156;90;57m██[38;2;180;189;189m██[38;2;180;189;189m██[38;2;180;189;189m██[38;2;180;189;189m██[38;2;180;189;189m██[38;2;0;0;0m██                      
        [38;2;139;148;172m██[38;2;24;41;98m██[38;2;213;74;115m██[38;2;0;0;0m██[38;2;180;189;189m██[38;2;180;189;189m██[38;2;180;189;189m██[38;2;139;148;172m██[38;2;156;90;57m██[38;2;156;90;57m██[38;2;180;189;189m██[38;2;180;189;189m██[38;2;180;189;189m██[38;2;180;189;189m██[38;2;180;189;189m██[38;2;65;82;123m██[38;2;0;0;0m██                      
      [38;2;139;148;172m██[38;2;180;189;189m██[38;2;24;41;98m██[38;2;0;0;0m██[38;2;180;189;189m██[38;2;180;189;189m██[38;2;180;189;189m██[38;2;180;189;189m██[38;2;180;189;189m██[38;2;180;189;189m██[38;2;180;189;189m██[38;2;180;189;189m██[38;2;180;189;189m██[38;2;180;189;189m██[38;2;180;189;189m██[38;2;139;148;172m██[38;2;65;82;123m██[38;2;0;0;0m██                      
    [38;2;180;189;189m██[38;2;238;238;238m██[38;2;180;189;189m██[38;2;180;189;189m██[38;2;180;189;189m██[38;2;180;189;189m██[38;2;205;205;213m██[38;2;238;238;238m██[38;2;238;238;238m██[38;2;238;238;238m██[38;2;205;205;213m██[38;2;180;189;189m██[38;2;180;189;189m██[38;2;180;189;189m██[38;2;180;189;189m██[38;2;180;189;189m██[38;2;0;0;0m██[38;2;0;0;0m██[38;2;0;0;0m██                      
  [38;2;180;189;189m██[38;2;238;238;238m██[38;2;238;238;238m██[38;2;180;189;189m██[38;2;180;189;189m██[38;2;180;189;189m██[38;2;238;238;238m██[38;2;238;238;238m██[38;2;238;238;238m██[38;2;238;238;238m██[38;2;238;238;238m██[38;2;238;238;238m██[38;2;238;238;238m██[38;2;205;205;213m██[38;2;180;189;189m██[38;2;32;49;98m██[38;2;32;49;98m██[38;2;65;82;123m██[38;2;65;82;123m██[38;2;65;82;123m██[38;2;0;0;0m██[38;2;0;0;0m██                  
  [38;2;180;189;189m██[38;2;238;238;238m██[38;2;238;238;238m██[38;2;205;205;213m██[38;2;180;189;189m██[38;2;238;238;238m██[38;2;238;238;238m██[38;2;238;238;238m██[38;2;238;238;238m██[38;2;238;238;238m██[38;2;238;238;238m██[38;2;238;238;238m██[38;2;238;238;238m██[38;2;238;238;238m██[38;2;32;49;98m██[38;2;65;82;123m██[38;2;65;82;123m██[38;2;65;82;123m██[38;2;65;82;123m██[38;2;65;82;123m██[38;2;65;82;123m██[38;2;180;189;189m██[38;2;0;0;0m██          [38;2;32;49;98m██[38;2;32;49;98m██[38;2;0;0;0m██
[38;2;180;189;189m██[38;2;238;238;238m██[38;2;238;238;238m██[38;2;238;238;238m██[38;2;238;238;238m██[38;2;205;205;213m██[38;2;238;238;238m██[38;2;238;238;238m██[38;2;238;238;238m██[38;2;238;238;238m██[38;2;238;238;238m██[38;2;238;238;238m██[38;2;238;238;238m██[38;2;238;238;238m██[38;2;32;49;98m██[38;2;65;82;123m██[38;2;65;82;123m██[38;2;65;82;123m██[38;2;65;82;123m██[38;2;65;82;123m██[38;2;65;82;123m██[38;2;139;148;172m██[38;2;180;189;189m██[38;2;180;189;189m██[38;2;0;0;0m██    [38;2;32;49;98m██[38;2;32;49;98m██[38;2;65;82;123m██[38;2;65;82;123m██[38;2;0;0;0m██
[38;2;180;189;189m██[38;2;238;238;238m██[38;2;238;238;238m██[38;2;238;238;238m██[38;2;238;238;238m██[38;2;238;238;238m██[38;2;238;238;238m██[38;2;238;238;238m██[38;2;238;238;238m██[38;2;238;238;238m██[38;2;238;238;238m██[38;2;238;238;238m██[38;2;238;238;238m██[38;2;32;49;98m██[38;2;65;82;123m██[38;2;65;82;123m██[38;2;65;82;123m██[38;2;65;82;123m██[38;2;65;82;123m██[38;2;65;82;123m██[38;2;65;82;123m██[38;2;180;189;189m██[38;2;180;189;189m██[38;2;180;189;189m██[38;2;180;189;189m██[38;2;32;49;98m██[38;2;32;49;98m██[38;2;65;82;123m██[38;2;65;82;123m██[38;2;65;82;123m██[38;2;0;0;0m██  
[38;2;139;148;172m██[38;2;238;238;238m██[38;2;238;238;238m██[38;2;238;238;238m██[38;2;238;238;238m██[38;2;238;238;238m██[38;2;238;238;238m██[38;2;238;238;238m██[38;2;238;238;238m██[38;2;238;238;238m██[38;2;238;238;238m██[38;2;238;238;238m██[38;2;238;238;238m██[38;2;32;49;98m██[38;2;65;82;123m██[38;2;65;82;123m██[38;2;65;82;123m██[38;2;65;82;123m██[38;2;65;82;123m██[38;2;65;82;123m██[38;2;65;82;123m██[38;2;180;189;189m██[38;2;180;189;189m██[38;2;180;189;189m██[38;2;180;189;189m██[38;2;65;82;123m██[38;2;65;82;123m██[38;2;65;82;123m██[38;2;65;82;123m██[38;2;65;82;123m██[38;2;0;0;0m██  
[38;2;139;148;172m██[38;2;238;238;238m██[38;2;238;238;238m██[38;2;238;238;238m██[38;2;238;238;238m██[38;2;238;238;238m██[38;2;238;238;238m██[38;2;238;238;238m██[38;2;238;238;238m██[38;2;238;238;238m██[38;2;238;238;238m██[38;2;238;238;238m██[38;2;238;238;238m██[38;2;32;49;98m██[38;2;65;82;123m██[38;2;65;82;123m██[38;2;65;82;123m██[38;2;65;82;123m██[38;2;65;82;123m██[38;2;65;82;123m██[38;2;139;148;172m██[38;2;180;189;189m██[38;2;180;189;189m██[38;2;180;189;189m██[38;2;139;148;172m██[38;2;65;82;123m██[38;2;65;82;123m██[38;2;65;82;123m██[38;2;65;82;123m██[38;2;0;0;0m██    
[38;2;139;148;172m██[38;2;238;238;238m██[38;2;238;238;238m██[38;2;238;238;238m██[38;2;238;238;238m██[38;2;238;238;238m██[38;2;238;238;238m██[38;2;238;238;238m██[38;2;238;238;238m██[38;2;238;238;238m██[38;2;238;238;238m██[38;2;238;238;238m██[38;2;24;41;98m██[38;2;65;82;123m██[38;2;65;82;123m██[38;2;65;82;123m██[38;2;65;82;123m██[38;2;65;82;123m██[38;2;65;82;123m██[38;2;65;82;123m██[38;2;180;189;189m██[38;2;180;189;189m██[38;2;180;189;189m██[38;2;180;189;189m██[38;2;65;82;123m██[38;2;65;82;123m██[38;2;65;82;123m██[38;2;65;82;123m██[38;2;0;0;0m██      
  [38;2;65;82;123m██[38;2;238;238;238m██[38;2;238;238;238m██[38;2;238;238;238m██[38;2;238;238;238m██[38;2;238;238;238m██[38;2;238;238;238m██[38;2;238;238;238m██[38;2;238;238;238m██[38;2;238;238;238m██[38;2;238;238;238m██[38;2;24;41;98m██[38;2;65;82;123m██[38;2;65;82;123m██[38;2;65;82;123m██[38;2;65;82;123m██[38;2;65;82;123m██[38;2;65;82;123m██[38;2;65;82;123m██[38;2;180;189;189m██[38;2;180;189;189m██[38;2;180;189;189m██[38;2;180;189;189m██[38;2;65;82;123m██[38;2;65;82;123m██[38;2;65;82;123m██[38;2;65;82;123m██[38;2;0;0;0m██      
  [38;2;65;82;123m██[38;2;180;189;189m██[38;2;205;205;213m██[38;2;238;238;238m██[38;2;238;238;238m██[38;2;238;238;238m██[38;2;238;238;238m██[38;2;238;238;238m██[38;2;238;238;238m██[38;2;238;238;238m██[38;2;238;238;238m██[38;2;0;0;0m██[38;2;32;49;98m██[38;2;65;82;123m██[38;2;65;82;123m██[38;2;65;82;123m██[38;2;65;82;123m██[38;2;65;82;123m██[38;2;139;148;172m██[38;2;180;189;189m██[38;2;180;189;189m██[38;2;180;189;189m██[38;2;180;189;189m██[38;2;65;82;123m██[38;2;65;82;123m██[38;2;65;82;123m██[38;2;0;0;0m██        
    [38;2;65;82;123m██[38;2;180;189;189m██[38;2;180;189;189m██[38;2;180;189;189m██[38;2;205;205;213m██[38;2;238;238;238m██[38;2;238;238;238m██[38;2;238;238;238m██[38;2;238;238;238m██[38;2;238;238;238m██[38;2;0;0;0m██[38;2;32;49;98m██[38;2;32;49;98m██[38;2;32;49;98m██[38;2;65;82;123m██[38;2;65;82;123m██[38;2;65;82;123m██[38;2;180;189;189m██[38;2;180;189;189m██[38;2;180;189;189m██[38;2;180;189;189m██[38;2;139;148;172m██[38;2;65;82;123m██[38;2;32;49;98m██[38;2;0;0;0m██          
      [38;2;65;82;123m██[38;2;180;189;189m██[38;2;180;189;189m██[38;2;180;189;189m██[38;2;180;189;189m██[38;2;180;189;189m██[38;2;180;189;189m██[38;2;180;189;189m██[38;2;180;189;189m██[38;2;139;148;172m██[38;2;0;0;0m██[38;2;32;49;98m██[38;2;32;49;98m██[38;2;32;49;98m██[38;2;32;49;98m██[38;2;65;82;123m██[38;2;180;189;189m██[38;2;180;189;189m██[38;2;180;189;189m██[38;2;180;189;189m██[38;2;32;49;98m██[38;2;32;49;98m██[38;2;0;0;0m██            
        [38;2;65;82;123m██[38;2;65;82;123m██[38;2;180;189;189m██[38;2;180;189;189m██[38;2;180;189;189m██[38;2;180;189;189m██[38;2;180;189;189m██[38;2;139;148;172m██[38;2;139;148;172m██[38;2;0;0;0m██[38;2;32;49;98m██[38;2;32;49;98m██[38;2;32;49;98m██[38;2;65;82;123m██[38;2;139;148;172m██[38;2;139;148;172m██[38;2;139;148;172m██[38;2;139;148;172m██[38;2;139;148;172m██[38;2;32;49;98m██[38;2;0;0;0m██              
            [38;2;65;82;123m██[38;2;0;0;0m██[38;2;0;0;0m██[38;2;180;189;189m██[38;2;139;148;172m██[38;2;139;148;172m██[38;2;139;148;172m██[38;2;139;148;172m██[38;2;0;0;0m██[38;2;0;0;0m██[38;2;65;82;123m██[38;2;139;148;172m██[38;2;139;148;172m██[38;2;139;148;172m██[38;2;139;148;172m██[38;2;139;148;172m██[38;2;0;0;0m██[38;2;0;0;0m██                
                  [38;2;0;0;0m██[38;2;0;0;0m██[38;2;0;0;0m██[38;2;139;148;172m██[38;2;139;148;172m██[38;2;139;148;172m██[38;2;139;148;172m██[38;2;0;0;0m██[38;2;0;0;0m██[38;2;139;148;172m██[38;2;139;148;172m██[38;2;0;0;0m██[38;2;0;0;0m██                    
                    [38;2;65;82;123m██[38;2;139;148;172m██[38;2;0;0;0m██[38;2;0;0;0m██[38;2;0;0;0m██[38;2;139;148;172m██[38;2;139;148;172m██[38;2;139;148;172m██[38;2;0;0;0m██[38;2;0;0;0m██                        
                      [38;2;65;82;123m██[38;2;139;148;172m██[38;2;0;0;0m██  [38;2;0;0;0m██[38;2;65;82;123m██[38;2;65;82;123m██[38;2;0;0;0m██                          
                      [38;2;131;49;74m██[38;2;213;74;115m██[38;2;131;49;74m██  [38;2;0;0;0m██[38;2;213;74;115m██[38;2;0;0;0m██                            
          [38;2;131;49;74m██[38;2;131;49;74m██[38;2;0;0;0m██[38;2;131;49;74m██[38;2;131;49;74m██[38;2;131;49;74m██[38;2;131;49;74m██[38;2;213;74;115m██[38;2;0;0;0m██[38;2;0;0;0m██[38;2;213;74;115m██[38;2;255;131;172m██[38;2;0;0;0m██                            
        [38;2;0;0;0m██[38;2;32;49;98m██[38;2;0;0;0m██[38;2;32;49;98m██[38;2;213;74;115m██[38;2;0;0;0m██[38;2;0;0;0m██[38;2;0;0;0m██[38;2;0;0;0m██[38;2;213;74;115m██[38;2;213;74;115m██[38;2;213;74;115m██[38;2;255;131;172m██[38;2;255;131;172m██[38;2;0;0;0m██[38;2;0;0;0m██                        
        [38;2;0;0;0m██[38;2;32;49;98m██[38;2;0;0;0m██[38;2;32;49;98m██[38;2;0;0;0m██[38;2;65;82;123m██[38;2;32;49;98m██[38;2;213;74;115m██[38;2;213;74;115m██[38;2;0;0;0m██[38;2;0;0;0m██[38;2;131;49;74m██[38;2;255;131;172m██[38;2;255;131;172m██[38;2;213;74;115m██[38;2;65;82;123m██[38;2;0;0;0m██                      
          [38;2;0;0;0m██  [38;2;0;0;0m██[38;2;0;0;0m██[38;2;32;49;98m██[38;2;0;0;0m██[38;2;0;0;0m██[38;2;0;0;0m██[38;2;139;148;172m██[38;2;65;82;123m██[38;2;65;82;123m██[38;2;213;74;115m██[38;2;0;0;0m██[38;2;0;0;0m██[38;2;0;0;0m██[38;2;0;0;0m██                      
                  [38;2;0;0;0m██    [38;2;0;0;0m██[38;2;65;82;123m██[38;2;0;0;0m██[38;2;0;0;0m██[38;2;0;0;0m██                              
                          [38;2;0;0;0m██                                    
