                                    [38;2;57;115;164m██                                
                                  [38;2;57;115;164m██[38;2;131;213;213m██[38;2;41;74;123m██                              
                                  [38;2;57;115;164m██[38;2;131;213;213m██[38;2;41;74;123m██                              
                        [38;2;82;172;180m██[38;2;82;172;180m██[38;2;82;172;180m██  [38;2;57;115;164m██[38;2;131;213;213m██[38;2;131;213;213m██[38;2;131;213;213m██[38;2;41;74;123m██                            
          [38;2;57;115;164m██[38;2;57;115;164m██[38;2;57;115;164m██[38;2;57;115;164m██    [38;2;82;172;180m██[38;2;131;213;213m██[38;2;131;213;213m██[38;2;131;213;213m██[38;2;82;172;180m██[38;2;57;115;164m██[38;2;131;213;213m██[38;2;131;213;213m██[38;2;131;213;213m██[38;2;41;74;123m██        [38;2;82;172;180m██[38;2;82;172;180m██[38;2;82;172;180m██[38;2;82;172;180m██            
        [38;2;57;115;164m██[38;2;131;213;213m██[38;2;131;213;213m██[38;2;131;213;213m██[38;2;131;213;213m██[38;2;57;115;164m██[38;2;57;115;164m██[38;2;131;213;213m██[38;2;131;213;213m██[38;2;131;213;213m██[38;2;131;213;213m██[38;2;131;213;213m██[38;2;41;74;123m██[38;2;131;213;213m██[38;2;131;213;213m██[38;2;131;213;213m██[38;2;41;74;123m██    [38;2;82;172;180m██[38;2;82;172;180m██[38;2;131;213;213m██[38;2;131;213;213m██[38;2;131;213;213m██[38;2;131;213;213m██[38;2;82;172;180m██          
        [38;2;57;115;164m██[38;2;131;213;213m██[38;2;131;213;213m██[38;2;131;213;213m██[38;2;131;213;213m██[38;2;131;213;213m██[38;2;131;213;213m██[38;2;57;115;164m██[38;2;131;213;213m██[38;2;131;213;213m██[38;2;131;213;213m██[38;2;41;74;123m██[38;2;131;213;213m██[38;2;131;213;213m██[38;2;131;213;213m██[38;2;131;213;213m██[38;2;82;172;180m██[38;2;41;74;123m██[38;2;82;172;180m██[38;2;131;213;213m██[38;2;131;213;213m██[38;2;131;213;213m██[38;2;131;213;213m██[38;2;131;213;213m██[38;2;57;115;164m██[38;2;57;115;164m██[38;2;57;115;164m██[38;2;57;115;164m██[38;2;57;115;164m██    
      [38;2;41;74;123m██[38;2;41;74;123m██[38;2;41;74;123m██[38;2;41;74;123m██[38;2;41;74;123m██[38;2;41;74;123m██[38;2;41;74;123m██[38;2;82;172;180m██[38;2;82;172;180m██[38;2;57;115;164m██[38;2;131;213;213m██[38;2;82;172;180m██[38;2;41;74;123m██[38;2;131;213;213m██[38;2;131;213;213m██[38;2;131;213;213m██[38;2;131;213;213m██[38;2;82;172;180m██[38;2;41;74;123m██[38;2;131;213;213m██[38;2;131;213;213m██[38;2;131;213;213m██[38;2;41;74;123m██[38;2;16;16;16m██[38;2;16;16;16m██[38;2;16;16;16m██[38;2;16;16;16m██[38;2;82;172;180m██[38;2;82;172;180m██[38;2;82;172;180m██[38;2;57;115;164m██  
    [38;2;41;74;123m██[38;2;82;172;180m██[38;2;82;172;180m██[38;2;82;172;180m██[38;2;82;172;180m██[38;2;82;172;180m██[38;2;82;172;180m██[38;2;82;172;180m██[38;2;41;74;123m██[38;2;41;74;123m██[38;2;82;172;180m██[38;2;57;115;164m██[38;2;82;172;180m██[38;2;41;74;123m██[38;2;82;172;180m██[38;2;131;213;213m██[38;2;131;213;213m██[38;2;82;172;180m██[38;2;82;172;180m██[38;2;41;74;123m██[38;2;41;74;123m██[38;2;41;74;123m██[38;2;41;74;123m██[38;2;82;172;180m██[38;2;82;172;180m██[38;2;82;172;180m██[38;2;82;172;180m██[38;2;82;172;180m██[38;2;41;74;123m██[38;2;16;16;16m██[38;2;82;172;180m██[38;2;57;115;164m██  
    [38;2;16;16;16m██[38;2;82;172;180m██[38;2;82;172;180m██[38;2;82;172;180m██[38;2;82;172;180m██[38;2;82;172;180m██[38;2;82;172;180m██[38;2;82;172;180m██[38;2;131;213;213m██[38;2;180;238;246m██[38;2;16;16;16m██[38;2;82;172;180m██[38;2;41;74;123m██[38;2;82;172;180m██[38;2;82;172;180m██[38;2;82;172;180m██[38;2;82;172;180m██[38;2;82;172;180m██[38;2;41;74;123m██[38;2;41;74;123m██[38;2;180;238;246m██[38;2;131;213;213m██[38;2;82;172;180m██[38;2;82;172;180m██[38;2;82;172;180m██[38;2;82;172;180m██[38;2;82;172;180m██[38;2;82;172;180m██[38;2;82;172;180m██[38;2;82;172;180m██[38;2;41;74;123m██    
      [38;2;16;16;16m██[38;2;16;16;16m██[38;2;41;74;123m██[38;2;41;74;123m██[38;2;41;74;123m██[38;2;41;74;123m██[38;2;57;115;164m██[38;2;180;238;246m██[38;2;180;238;246m██[38;2;180;238;246m██[38;2;16;16;16m██[38;2;41;74;123m██[38;2;82;172;180m██[38;2;82;172;180m██[38;2;82;172;180m██[38;2;82;172;180m██[38;2;41;74;123m██[38;2;180;238;246m██[38;2;180;238;246m██[38;2;180;238;246m██[38;2;180;238;246m██[38;2;57;115;164m██[38;2;41;74;123m██[38;2;41;74;123m██[38;2;41;74;123m██[38;2;41;74;123m██[38;2;57;115;164m██[38;2;82;172;180m██[38;2;82;172;180m██[38;2;16;16;16m██    
          [38;2;16;16;16m██[38;2;41;74;123m██[38;2;41;74;123m██[38;2;41;74;123m██[38;2;41;74;123m██[38;2;57;115;164m██[38;2;180;238;246m██[38;2;180;238;246m██[38;2;16;16;16m██[38;2;41;74;123m██[38;2;82;172;180m██[38;2;82;172;180m██[38;2;82;172;180m██[38;2;41;74;123m██[38;2;180;238;246m██[38;2;180;238;246m██[38;2;180;238;246m██[38;2;57;115;164m██[38;2;41;74;123m██[38;2;41;74;123m██[38;2;41;74;123m██[38;2;41;74;123m██[38;2;41;74;123m██[38;2;41;74;123m██[38;2;41;74;123m██[38;2;16;16;16m██[38;2;16;16;16m██      
            [38;2;16;16;16m██[38;2;41;74;123m██[38;2;41;74;123m██[38;2;41;74;123m██[38;2;41;74;123m██[38;2;57;115;164m██[38;2;180;238;246m██[38;2;180;238;246m██[38;2;16;16;16m██[38;2;82;172;180m██[38;2;82;172;180m██[38;2;41;74;123m██[38;2;180;238;246m██[38;2;180;238;246m██[38;2;180;238;246m██[38;2;41;74;123m██[38;2;41;74;123m██[38;2;41;74;123m██[38;2;41;74;123m██[38;2;41;74;123m██[38;2;41;74;123m██[38;2;41;74;123m██[38;2;16;16;16m██[38;2;16;16;16m██          
              [38;2;16;16;16m██[38;2;41;74;123m██[38;2;41;74;123m██[38;2;41;74;123m██[38;2;41;74;123m██[38;2;180;238;246m██[38;2;180;238;246m██[38;2;57;115;164m██[38;2;16;16;16m██[38;2;82;172;180m██[38;2;41;74;123m██[38;2;180;238;246m██[38;2;180;238;246m██[38;2;41;74;123m██[38;2;41;74;123m██[38;2;41;74;123m██[38;2;41;74;123m██[38;2;41;74;123m██[38;2;41;74;123m██[38;2;41;74;123m██[38;2;16;16;16m██              
        [38;2;41;74;123m██[38;2;41;74;123m██[38;2;41;74;123m██[38;2;16;16;16m██[38;2;16;16;16m██[38;2;41;74;123m██[38;2;16;16;16m██[38;2;16;16;16m██[38;2;41;74;123m██[38;2;180;238;246m██[38;2;180;238;246m██[38;2;16;16;16m██[38;2;41;74;123m██[38;2;180;238;246m██[38;2;180;238;246m██[38;2;57;115;164m██[38;2;41;74;123m██[38;2;16;16;16m██[38;2;16;16;16m██[38;2;41;74;123m██[38;2;41;74;123m██[38;2;41;74;123m██[38;2;41;74;123m██[38;2;16;16;16m██              
  [38;2;41;74;123m██[38;2;41;74;123m██[38;2;41;74;123m██[38;2;131;213;213m██[38;2;131;213;213m██[38;2;131;213;213m██[38;2;131;213;213m██[38;2;16;16;16m██[38;2;16;16;16m██[38;2;197;205;205m██[38;2;197;205;205m██[38;2;148;41;0m██[38;2;82;172;180m██[38;2;180;238;246m██[38;2;57;115;164m██[38;2;57;115;164m██[38;2;180;238;246m██[38;2;131;213;213m██[38;2;16;16;16m██[38;2;148;41;0m██[38;2;197;205;205m██[38;2;197;205;205m██[38;2;16;16;16m██[38;2;41;74;123m██[38;2;41;74;123m██[38;2;16;16;16m██[38;2;41;74;123m██[38;2;41;74;123m██[38;2;41;74;123m██[38;2;41;74;123m██        
[38;2;41;74;123m██[38;2;131;213;213m██[38;2;131;213;213m██[38;2;131;213;213m██[38;2;131;213;213m██[38;2;131;213;213m██[38;2;82;172;180m██[38;2;57;115;164m██[38;2;16;16;16m██[38;2;197;205;205m██[38;2;255;255;255m██[38;2;255;74;57m██[38;2;255;74;57m██[38;2;41;74;123m██[38;2;131;213;213m██[38;2;180;238;246m██[38;2;180;238;246m██[38;2;131;213;213m██[38;2;41;74;123m██[38;2;148;41;0m██[38;2;255;74;57m██[38;2;255;74;57m██[38;2;255;255;255m██[38;2;197;205;205m██[38;2;16;16;16m██[38;2;41;74;123m██[38;2;16;16;16m██[38;2;82;172;180m██[38;2;82;172;180m██[38;2;82;172;180m██[38;2;82;172;180m██[38;2;41;74;123m██[38;2;41;74;123m██[38;2;41;74;123m██  
[38;2;41;74;123m██[38;2;131;213;213m██[38;2;131;213;213m██[38;2;82;172;180m██[38;2;57;115;164m██[38;2;57;115;164m██[38;2;16;16;16m██[38;2;16;16;16m██[38;2;41;74;123m██[38;2;255;255;255m██[38;2;255;255;255m██[38;2;255;74;57m██[38;2;16;16;16m██[38;2;41;74;123m██[38;2;82;172;180m██[38;2;180;238;246m██[38;2;180;238;246m██[38;2;82;172;180m██[38;2;41;74;123m██[38;2;16;16;16m██[38;2;16;16;16m██[38;2;255;74;57m██[38;2;255;255;255m██[38;2;255;255;255m██[38;2;16;16;16m██[38;2;41;74;123m██[38;2;41;74;123m██[38;2;41;74;123m██[38;2;57;115;164m██[38;2;82;172;180m██[38;2;82;172;180m██[38;2;131;213;213m██[38;2;131;213;213m██[38;2;131;213;213m██[38;2;16;16;16m██
  [38;2;41;74;123m██[38;2;57;115;164m██[38;2;57;115;164m██[38;2;16;16;16m██[38;2;16;16;16m██[38;2;82;172;180m██[38;2;131;213;213m██[38;2;82;172;180m██[38;2;57;115;164m██[38;2;197;205;205m██[38;2;255;74;57m██[38;2;16;16;16m██[38;2;57;115;164m██[38;2;82;172;180m██[38;2;82;172;180m██[38;2;82;172;180m██[38;2;82;172;180m██[38;2;41;74;123m██[38;2;16;16;16m██[38;2;16;16;16m██[38;2;197;205;205m██[38;2;57;115;164m██[38;2;57;115;164m██[38;2;82;172;180m██[38;2;82;172;180m██[38;2;16;16;16m██[38;2;16;16;16m██[38;2;41;74;123m██[38;2;41;74;123m██[38;2;41;74;123m██[38;2;57;115;164m██[38;2;131;213;213m██[38;2;131;213;213m██[38;2;16;16;16m██
  [38;2;16;16;16m██[38;2;16;16;16m██[38;2;16;16;16m██[38;2;82;172;180m██[38;2;180;238;246m██[38;2;131;213;213m██[38;2;131;213;213m██[38;2;131;213;213m██[38;2;82;172;180m██[38;2;82;172;180m██[38;2;82;172;180m██[38;2;82;172;180m██[38;2;82;172;180m██[38;2;82;172;180m██[38;2;82;172;180m██[38;2;82;172;180m██[38;2;82;172;180m██[38;2;82;172;180m██[38;2;82;172;180m██[38;2;82;172;180m██[38;2;82;172;180m██[38;2;82;172;180m██[38;2;82;172;180m██[38;2;82;172;180m██[38;2;131;213;213m██[38;2;131;213;213m██[38;2;131;213;213m██[38;2;16;16;16m██[38;2;16;16;16m██[38;2;41;74;123m██[38;2;41;74;123m██[38;2;41;74;123m██[38;2;41;74;123m██[38;2;16;16;16m██
    [38;2;41;74;123m██[38;2;180;238;246m██[38;2;180;238;246m██[38;2;180;238;246m██[38;2;180;238;246m██[38;2;131;213;213m██[38;2;131;213;213m██[38;2;131;213;213m██[38;2;57;115;164m██[38;2;41;74;123m██[38;2;131;213;213m██[38;2;82;172;180m██[38;2;82;172;180m██[38;2;82;172;180m██[38;2;82;172;180m██[38;2;82;172;180m██[38;2;131;213;213m██[38;2;131;213;213m██[38;2;41;74;123m██[38;2;82;172;180m██[38;2;131;213;213m██[38;2;131;213;213m██[38;2;131;213;213m██[38;2;131;213;213m██[38;2;180;238;246m██[38;2;180;238;246m██[38;2;180;238;246m██[38;2;131;213;213m██[38;2;16;16;16m██[38;2;16;16;16m██[38;2;41;74;123m██[38;2;16;16;16m██  
  [38;2;16;16;16m██[38;2;41;74;123m██[38;2;41;74;123m██[38;2;180;238;246m██[38;2;180;238;246m██[38;2;180;238;246m██[38;2;180;238;246m██[38;2;180;238;246m██[38;2;41;74;123m██[38;2;41;74;123m██[38;2;82;172;180m██[38;2;131;213;213m██[38;2;131;213;213m██[38;2;131;213;213m██[38;2;131;213;213m██[38;2;131;213;213m██[38;2;131;213;213m██[38;2;131;213;213m██[38;2;131;213;213m██[38;2;16;16;16m██[38;2;41;74;123m██[38;2;41;74;123m██[38;2;180;238;246m██[38;2;180;238;246m██[38;2;180;238;246m██[38;2;180;238;246m██[38;2;180;238;246m██[38;2;180;238;246m██[38;2;180;238;246m██[38;2;180;238;246m██[38;2;41;74;123m██[38;2;16;16;16m██    
  [38;2;16;16;16m██[38;2;41;74;123m██[38;2;57;115;164m██[38;2;41;74;123m██[38;2;41;74;123m██[38;2;180;238;246m██[38;2;180;238;246m██[38;2;41;74;123m██[38;2;41;74;123m██[38;2;16;16;16m██[38;2;131;213;213m██[38;2;180;238;246m██[38;2;180;238;246m██[38;2;180;238;246m██[38;2;180;238;246m██[38;2;180;238;246m██[38;2;180;238;246m██[38;2;180;238;246m██[38;2;131;213;213m██[38;2;16;16;16m██[38;2;41;74;123m██[38;2;57;115;164m██[38;2;41;74;123m██[38;2;180;238;246m██[38;2;180;238;246m██[38;2;180;238;246m██[38;2;180;238;246m██[38;2;180;238;246m██[38;2;131;213;213m██[38;2;41;74;123m██[38;2;41;74;123m██[38;2;16;16;16m██    
    [38;2;16;16;16m██[38;2;16;16;16m██[38;2;57;115;164m██[38;2;57;115;164m██[38;2;41;74;123m██[38;2;41;74;123m██[38;2;41;74;123m██[38;2;16;16;16m██[38;2;131;213;213m██[38;2;180;238;246m██[38;2;180;238;246m██[38;2;180;238;246m██[38;2;180;238;246m██[38;2;180;238;246m██[38;2;180;238;246m██[38;2;180;238;246m██[38;2;180;238;246m██[38;2;131;213;213m██[38;2;82;172;180m██[38;2;16;16;16m██[38;2;57;115;164m██[38;2;82;172;180m██[38;2;57;115;164m██[38;2;180;238;246m██[38;2;180;238;246m██[38;2;131;213;213m██[38;2;41;74;123m██[38;2;41;74;123m██[38;2;57;115;164m██[38;2;57;115;164m██[38;2;16;16;16m██    
      [38;2;41;74;123m██[38;2;16;16;16m██[38;2;16;16;16m██[38;2;57;115;164m██[38;2;57;115;164m██[38;2;16;16;16m██[38;2;41;74;123m██[38;2;41;74;123m██[38;2;57;115;164m██[38;2;57;115;164m██[38;2;57;115;164m██[38;2;57;115;164m██[38;2;57;115;164m██[38;2;57;115;164m██[38;2;57;115;164m██[38;2;57;115;164m██[38;2;41;74;123m██[38;2;41;74;123m██[38;2;16;16;16m██[38;2;16;16;16m██[38;2;57;115;164m██[38;2;82;172;180m██[38;2;41;74;123m██[38;2;41;74;123m██[38;2;41;74;123m██[38;2;57;115;164m██[38;2;57;115;164m██[38;2;16;16;16m██[38;2;16;16;16m██      
    [38;2;41;74;123m██[38;2;131;213;213m██[38;2;82;172;180m██[38;2;82;172;180m██[38;2;16;16;16m██[38;2;16;16;16m██[38;2;16;16;16m██[38;2;41;74;123m██[38;2;82;172;180m██[38;2;82;172;180m██[38;2;82;172;180m██[38;2;82;172;180m██[38;2;82;172;180m██[38;2;82;172;180m██[38;2;82;172;180m██[38;2;82;172;180m██[38;2;82;172;180m██[38;2;82;172;180m██[38;2;41;74;123m██[38;2;16;16;16m██[38;2;16;16;16m██[38;2;16;16;16m██[38;2;57;115;164m██[38;2;82;172;180m██[38;2;41;74;123m██[38;2;57;115;164m██[38;2;16;16;16m██[38;2;16;16;16m██[38;2;82;172;180m██[38;2;16;16;16m██      
  [38;2;41;74;123m██[38;2;131;213;213m██[38;2;131;213;213m██[38;2;131;213;213m██[38;2;82;172;180m██[38;2;82;172;180m██[38;2;82;172;180m██[38;2;16;16;16m██[38;2;57;115;164m██[38;2;57;115;164m██[38;2;82;172;180m██[38;2;82;172;180m██[38;2;82;172;180m██[38;2;82;172;180m██[38;2;82;172;180m██[38;2;82;172;180m██[38;2;82;172;180m██[38;2;82;172;180m██[38;2;57;115;164m██[38;2;57;115;164m██[38;2;16;16;16m██[38;2;41;74;123m██[38;2;41;74;123m██[38;2;16;16;16m██[38;2;16;16;16m██[38;2;16;16;16m██[38;2;16;16;16m██[38;2;82;172;180m██[38;2;82;172;180m██[38;2;82;172;180m██[38;2;82;172;180m██[38;2;16;16;16m██    
  [38;2;41;74;123m██[38;2;41;74;123m██[38;2;41;74;123m██[38;2;131;213;213m██[38;2;131;213;213m██[38;2;82;172;180m██[38;2;41;74;123m██[38;2;41;74;123m██[38;2;16;16;16m██[38;2;16;16;16m██[38;2;16;16;16m██[38;2;16;16;16m██[38;2;16;16;16m██[38;2;16;16;16m██[38;2;16;16;16m██[38;2;16;16;16m██[38;2;16;16;16m██[38;2;16;16;16m██[38;2;16;16;16m██[38;2;16;16;16m██[38;2;41;74;123m██[38;2;16;16;16m██[38;2;41;74;123m██[38;2;41;74;123m██[38;2;82;172;180m██[38;2;82;172;180m██[38;2;82;172;180m██[38;2;82;172;180m██[38;2;131;213;213m██[38;2;131;213;213m██[38;2;41;74;123m██[38;2;16;16;16m██    
  [38;2;16;16;16m██[38;2;82;172;180m██[38;2;82;172;180m██[38;2;41;74;123m██[38;2;41;74;123m██[38;2;41;74;123m██[38;2;57;115;164m██[38;2;16;16;16m██[38;2;16;16;16m██[38;2;82;172;180m██[38;2;82;172;180m██[38;2;57;115;164m██[38;2;57;115;164m██[38;2;57;115;164m██[38;2;57;115;164m██[38;2;41;74;123m██[38;2;41;74;123m██[38;2;41;74;123m██[38;2;41;74;123m██[38;2;57;115;164m██[38;2;57;115;164m██[38;2;41;74;123m██[38;2;16;16;16m██[38;2;57;115;164m██[38;2;41;74;123m██[38;2;82;172;180m██[38;2;131;213;213m██[38;2;131;213;213m██[38;2;41;74;123m██[38;2;41;74;123m██[38;2;82;172;180m██[38;2;16;16;16m██    
    [38;2;16;16;16m██[38;2;16;16;16m██[38;2;82;172;180m██[38;2;82;172;180m██[38;2;41;74;123m██[38;2;16;16;16m██[38;2;82;172;180m██[38;2;82;172;180m██[38;2;82;172;180m██[38;2;82;172;180m██[38;2;82;172;180m██[38;2;82;172;180m██[38;2;82;172;180m██[38;2;41;74;123m██[38;2;57;115;164m██[38;2;82;172;180m██[38;2;82;172;180m██[38;2;82;172;180m██[38;2;82;172;180m██[38;2;82;172;180m██[38;2;57;115;164m██[38;2;57;115;164m██[38;2;16;16;16m██[38;2;57;115;164m██[38;2;41;74;123m██[38;2;41;74;123m██[38;2;41;74;123m██[38;2;82;172;180m██[38;2;82;172;180m██[38;2;16;16;16m██      
        [38;2;41;74;123m██[38;2;16;16;16m██[38;2;16;16;16m██[38;2;41;74;123m██[38;2;41;74;123m██[38;2;82;172;180m██[38;2;82;172;180m██[38;2;82;172;180m██[38;2;82;172;180m██[38;2;82;172;180m██[38;2;57;115;164m██[38;2;16;16;16m██[38;2;41;74;123m██[38;2;82;172;180m██[38;2;82;172;180m██[38;2;82;172;180m██[38;2;82;172;180m██[38;2;82;172;180m██[38;2;82;172;180m██[38;2;82;172;180m██[38;2;16;16;16m██[38;2;57;115;164m██[38;2;41;74;123m██[38;2;82;172;180m██[38;2;82;172;180m██[38;2;16;16;16m██[38;2;16;16;16m██        
            [38;2;16;16;16m██[38;2;82;172;180m██[38;2;82;172;180m██[38;2;41;74;123m██[38;2;41;74;123m██[38;2;41;74;123m██[38;2;82;172;180m██[38;2;82;172;180m██[38;2;41;74;123m██[38;2;16;16;16m██[38;2;41;74;123m██[38;2;41;74;123m██[38;2;82;172;180m██[38;2;82;172;180m██[38;2;82;172;180m██[38;2;82;172;180m██[38;2;82;172;180m██[38;2;82;172;180m██[38;2;41;74;123m██[38;2;16;16;16m██[38;2;16;16;16m██[38;2;16;16;16m██[38;2;16;16;16m██[38;2;41;74;123m██[38;2;16;16;16m██        
          [38;2;16;16;16m██[38;2;41;74;123m██[38;2;16;16;16m██[38;2;16;16;16m██[38;2;82;172;180m██[38;2;82;172;180m██[38;2;82;172;180m██[38;2;41;74;123m██[38;2;41;74;123m██[38;2;16;16;16m██[38;2;41;74;123m██[38;2;16;16;16m██[38;2;41;74;123m██[38;2;41;74;123m██[38;2;82;172;180m██[38;2;82;172;180m██[38;2;82;172;180m██[38;2;41;74;123m██[38;2;41;74;123m██[38;2;57;115;164m██[38;2;57;115;164m██[38;2;16;16;16m██[38;2;41;74;123m██[38;2;41;74;123m██[38;2;41;74;123m██[38;2;41;74;123m██[38;2;16;16;16m██      
          [38;2;16;16;16m██[38;2;41;74;123m██[38;2;41;74;123m██[38;2;41;74;123m██[38;2;16;16;16m██[38;2;16;16;16m██[38;2;16;16;16m██[38;2;57;115;164m██[38;2;57;115;164m██[38;2;16;16;16m██[38;2;41;74;123m██[38;2;16;16;16m██[38;2;41;74;123m██[38;2;41;74;123m██[38;2;41;74;123m██[38;2;41;74;123m██[38;2;57;115;164m██[38;2;82;172;180m██[38;2;82;172;180m██[38;2;57;115;164m██[38;2;16;16;16m██[38;2;16;16;16m██[38;2;41;74;123m██[38;2;41;74;123m██[38;2;41;74;123m██[38;2;41;74;123m██[38;2;16;16;16m██      
          [38;2;16;16;16m██[38;2;41;74;123m██[38;2;41;74;123m██[38;2;41;74;123m██[38;2;41;74;123m██[38;2;16;16;16m██  [38;2;16;16;16m██[38;2;16;16;16m██[38;2;16;16;16m██[38;2;41;74;123m██[38;2;41;74;123m██[38;2;16;16;16m██[38;2;41;74;123m██[38;2;82;172;180m██[38;2;82;172;180m██[38;2;82;172;180m██[38;2;16;16;16m██[38;2;16;16;16m██[38;2;16;16;16m██  [38;2;16;16;16m██[38;2;41;74;123m██[38;2;41;74;123m██[38;2;41;74;123m██[38;2;41;74;123m██[38;2;16;16;16m██      
            [38;2;16;16;16m██[38;2;16;16;16m██[38;2;16;16;16m██[38;2;16;16;16m██          [38;2;16;16;16m██[38;2;41;74;123m██[38;2;41;74;123m██[38;2;16;16;16m██[38;2;16;16;16m██[38;2;16;16;16m██[38;2;16;16;16m██          [38;2;16;16;16m██[38;2;16;16;16m██[38;2;16;16;16m██[38;2;16;16;16m██        
                              [38;2;16;16;16m██[38;2;41;74;123m██[38;2;41;74;123m██[38;2;41;74;123m██[38;2;41;74;123m██[38;2;41;74;123m██[38;2;16;16;16m██                          
                              [38;2;16;16;16m██[38;2;57;115;164m██[38;2;41;74;123m██[38;2;41;74;123m██[38;2;41;74;123m██[38;2;41;74;123m██[38;2;16;16;16m██                          
                                [38;2;41;74;123m██[38;2;57;115;164m██[38;2;41;74;123m██[38;2;41;74;123m██[38;2;16;16;16m██                            
                                [38;2;16;16;16m██[38;2;57;115;164m██[38;2;57;115;164m██[38;2;41;74;123m██[38;2;16;16;16m██                            
                                  [38;2;16;16;16m██[38;2;16;16;16m██[38;2;16;16;16m██                              
