                                                [38;2;148;49;16m██[38;2;148;49;16m██[38;2;148;49;16m██        
                [38;2;205;57;41m██[38;2;205;57;41m██                        [38;2;148;49;16m██[38;2;148;49;16m██[38;2;205;57;41m██[38;2;205;57;41m██[38;2;205;57;41m██[38;2;148;49;16m██      
            [38;2;205;57;41m██[38;2;205;57;41m██[38;2;238;115;65m██[38;2;238;115;65m██[38;2;148;49;16m██                    [38;2;148;49;16m██[38;2;205;57;41m██[38;2;205;57;41m██[38;2;205;57;41m██[38;2;205;57;41m██[38;2;205;57;41m██[38;2;148;49;16m██      
          [38;2;205;57;41m██[38;2;238;115;65m██[38;2;238;115;65m██[38;2;238;115;65m██[38;2;238;115;65m██[38;2;16;16;16m██                  [38;2;148;49;16m██[38;2;205;57;41m██[38;2;205;57;41m██[38;2;205;57;41m██[38;2;205;57;41m██[38;2;205;57;41m██[38;2;205;57;41m██[38;2;148;49;16m██      
        [38;2;205;57;41m██[38;2;238;115;65m██[38;2;238;115;65m██[38;2;238;115;65m██[38;2;238;115;65m██[38;2;205;57;41m██[38;2;16;16;16m██                [38;2;148;49;16m██[38;2;205;57;41m██[38;2;205;57;41m██[38;2;205;57;41m██[38;2;205;57;41m██[38;2;205;57;41m██[38;2;205;57;41m██[38;2;205;57;41m██[38;2;148;49;16m██      
      [38;2;205;57;41m██[38;2;238;115;65m██[38;2;238;115;65m██[38;2;238;115;65m██[38;2;238;115;65m██[38;2;238;115;65m██[38;2;148;49;16m██                [38;2;148;49;16m██[38;2;205;57;41m██[38;2;205;57;41m██[38;2;205;57;41m██[38;2;205;57;41m██[38;2;205;57;41m██[38;2;205;57;41m██[38;2;205;57;41m██[38;2;148;49;16m██        
    [38;2;148;49;16m██[38;2;238;115;65m██[38;2;238;115;65m██[38;2;238;115;65m██[38;2;238;115;65m██[38;2;238;115;65m██[38;2;205;57;41m██[38;2;16;16;16m██              [38;2;148;49;16m██[38;2;205;57;41m██[38;2;205;57;41m██[38;2;205;57;41m██[38;2;205;57;41m██[38;2;205;57;41m██[38;2;205;57;41m██[38;2;205;57;41m██[38;2;205;57;41m██[38;2;148;49;16m██        
    [38;2;148;49;16m██[38;2;238;115;65m██[38;2;238;115;65m██[38;2;238;115;65m██[38;2;238;115;65m██[38;2;238;115;65m██[38;2;148;49;16m██                [38;2;148;49;16m██[38;2;205;57;41m██[38;2;205;57;41m██[38;2;205;57;41m██[38;2;205;57;41m██[38;2;205;57;41m██[38;2;205;57;41m██[38;2;205;57;41m██[38;2;205;57;41m██[38;2;148;49;16m██        
  [38;2;148;49;16m██[38;2;238;115;65m██[38;2;238;115;65m██[38;2;238;115;65m██[38;2;238;115;65m██[38;2;238;115;65m██[38;2;205;57;41m██[38;2;16;16;16m██              [38;2;16;16;16m██[38;2;205;57;41m██[38;2;205;57;41m██[38;2;205;57;41m██[38;2;205;57;41m██[38;2;205;57;41m██[38;2;205;57;41m██[38;2;205;57;41m██[38;2;205;57;41m██[38;2;16;16;16m██          
  [38;2;148;49;16m██[38;2;238;115;65m██[38;2;238;115;65m██[38;2;238;115;65m██[38;2;238;115;65m██[38;2;205;57;41m██[38;2;148;49;16m██              [38;2;16;16;16m██[38;2;205;57;41m██[38;2;205;57;41m██[38;2;205;57;41m██[38;2;205;57;41m██[38;2;205;57;41m██[38;2;205;57;41m██[38;2;205;57;41m██[38;2;205;57;41m██[38;2;205;57;41m██[38;2;16;16;16m██          
[38;2;16;16;16m██[38;2;205;57;41m██[38;2;238;115;65m██[38;2;238;115;65m██[38;2;205;57;41m██[38;2;205;57;41m██[38;2;205;57;41m██[38;2;16;16;16m██              [38;2;16;16;16m██[38;2;205;57;41m██[38;2;205;57;41m██[38;2;205;57;41m██[38;2;205;57;41m██[38;2;205;57;41m██[38;2;205;57;41m██[38;2;205;57;41m██[38;2;205;57;41m██[38;2;16;16;16m██            
[38;2;16;16;16m██[38;2;205;57;41m██[38;2;205;57;41m██[38;2;205;57;41m██[38;2;205;57;41m██[38;2;205;57;41m██[38;2;205;57;41m██              [38;2;16;16;16m██[38;2;205;57;41m██[38;2;205;57;41m██[38;2;205;57;41m██[38;2;205;57;41m██[38;2;205;57;41m██[38;2;205;57;41m██[38;2;205;57;41m██[38;2;205;57;41m██[38;2;205;57;41m██[38;2;16;16;16m██            
[38;2;16;16;16m██[38;2;205;57;41m██[38;2;205;57;41m██[38;2;205;57;41m██[38;2;205;57;41m██[38;2;205;57;41m██[38;2;205;57;41m██[38;2;148;49;16m██            [38;2;16;16;16m██[38;2;205;57;41m██[38;2;238;115;65m██[38;2;255;230;156m██[38;2;255;230;156m██[38;2;238;115;65m██[38;2;205;57;41m██[38;2;205;57;41m██[38;2;205;57;41m██[38;2;16;16;16m██              
[38;2;16;16;16m██[38;2;205;57;41m██[38;2;205;57;41m██[38;2;205;57;41m██[38;2;205;57;41m██[38;2;205;57;41m██[38;2;205;57;41m██[38;2;16;16;16m██            [38;2;16;16;16m██[38;2;205;57;41m██[38;2;255;230;156m██[38;2;255;230;156m██[38;2;255;230;156m██[38;2;255;230;156m██[38;2;205;57;41m██[38;2;205;57;41m██[38;2;16;16;16m██                
  [38;2;16;16;16m██[38;2;205;57;41m██[38;2;205;57;41m██[38;2;205;57;41m██[38;2;205;57;41m██[38;2;205;57;41m██[38;2;205;57;41m██[38;2;16;16;16m██            [38;2;16;16;16m██[38;2;255;230;156m██[38;2;255;230;156m██[38;2;255;230;156m██[38;2;255;230;156m██[38;2;205;57;41m██[38;2;16;16;16m██                  
  [38;2;16;16;16m██[38;2;205;57;41m██[38;2;205;57;41m██[38;2;238;115;65m██[38;2;255;230;156m██[38;2;255;230;156m██[38;2;238;115;65m██[38;2;16;16;16m██      [38;2;139;98;49m██[38;2;139;98;49m██[38;2;139;98;49m██[38;2;139;98;49m██[38;2;238;115;65m██[38;2;255;230;156m██[38;2;255;230;156m██[38;2;16;16;16m██[38;2;16;16;16m██                    
    [38;2;16;16;16m██[38;2;205;57;41m██[38;2;255;230;156m██[38;2;255;230;156m██[38;2;255;230;156m██[38;2;255;230;156m██[38;2;16;16;16m██  [38;2;139;98;49m██[38;2;139;98;49m██[38;2;255;230;156m██[38;2;255;230;156m██[38;2;255;230;156m██[38;2;255;230;156m██[38;2;255;230;156m██[38;2;238;189;98m██[38;2;139;98;49m██[38;2;139;98;49m██                      
    [38;2;16;16;16m██[38;2;205;57;41m██[38;2;255;230;156m██[38;2;255;230;156m██[38;2;255;230;156m██[38;2;255;230;156m██[38;2;16;16;16m██[38;2;139;98;49m██[38;2;255;230;156m██[38;2;255;230;156m██[38;2;255;230;156m██[38;2;255;230;156m██[38;2;255;230;156m██[38;2;255;230;156m██[38;2;255;230;156m██[38;2;255;230;156m██[38;2;238;189;98m██[38;2;238;189;98m██[38;2;139;98;49m██                    
      [38;2;16;16;16m██[38;2;238;115;65m██[38;2;255;230;156m██[38;2;255;230;156m██[38;2;255;230;156m██[38;2;255;230;156m██[38;2;255;230;156m██[38;2;255;230;156m██[38;2;255;230;156m██[38;2;255;230;156m██[38;2;255;230;156m██[38;2;255;230;156m██[38;2;255;230;156m██[38;2;255;230;156m██[38;2;255;230;156m██[38;2;255;230;156m██[38;2;238;189;98m██[38;2;238;189;98m██[38;2;16;16;16m██                  
        [38;2;16;16;16m██[38;2;16;16;16m██[38;2;205;156;98m██[38;2;139;98;49m██[38;2;255;230;156m██[38;2;255;230;156m██[38;2;255;230;156m██[38;2;255;230;156m██[38;2;255;230;156m██[38;2;255;230;156m██[38;2;255;230;156m██[38;2;205;156;98m██[38;2;205;156;98m██[38;2;255;230;156m██[38;2;255;230;156m██[38;2;238;189;98m██[38;2;238;189;98m██[38;2;16;16;16m██                  
            [38;2;16;16;16m██[38;2;255;230;156m██[38;2;255;230;156m██[38;2;255;230;156m██[38;2;255;230;156m██[38;2;255;230;156m██[38;2;255;230;156m██[38;2;255;230;156m██[38;2;255;230;156m██[38;2;255;255;255m██[38;2;16;16;16m██[38;2;255;230;156m██[38;2;255;230;156m██[38;2;238;189;98m██[38;2;238;189;98m██[38;2;238;189;98m██[38;2;16;16;16m██                
            [38;2;16;16;16m██[38;2;205;156;98m██[38;2;205;156;98m██[38;2;255;230;156m██[38;2;255;230;156m██[38;2;255;230;156m██[38;2;255;230;156m██[38;2;255;230;156m██[38;2;255;230;156m██[38;2;16;16;16m██[38;2;16;16;16m██[38;2;255;230;156m██[38;2;238;115;65m██[38;2;205;57;41m██[38;2;205;57;41m██[38;2;238;189;98m██[38;2;16;16;16m██                
          [38;2;16;16;16m██[38;2;255;230;156m██[38;2;255;255;255m██[38;2;16;16;16m██[38;2;255;230;156m██[38;2;255;230;156m██[38;2;255;230;156m██[38;2;255;230;156m██[38;2;255;230;156m██[38;2;255;230;156m██[38;2;16;16;16m██[38;2;139;98;49m██[38;2;238;115;65m██[38;2;238;115;65m██[38;2;255;230;156m██[38;2;205;57;41m██[38;2;205;57;41m██[38;2;16;16;16m██                
          [38;2;16;16;16m██[38;2;255;230;156m██[38;2;16;16;16m██[38;2;16;16;16m██[38;2;255;230;156m██[38;2;255;230;156m██[38;2;205;156;98m██[38;2;255;230;156m██[38;2;255;230;156m██[38;2;255;230;156m██[38;2;255;230;156m██[38;2;255;230;156m██[38;2;238;115;65m██[38;2;255;230;156m██[38;2;255;230;156m██[38;2;255;230;156m██[38;2;205;57;41m██[38;2;16;16;16m██                
          [38;2;16;16;16m██[38;2;255;230;156m██[38;2;139;98;49m██[38;2;16;16;16m██[38;2;255;230;156m██[38;2;255;230;156m██[38;2;255;230;156m██[38;2;205;156;98m██[38;2;139;98;49m██[38;2;16;16;16m██[38;2;255;230;156m██[38;2;255;230;156m██[38;2;205;57;41m██[38;2;205;57;41m██[38;2;255;230;156m██[38;2;205;57;41m██[38;2;148;49;16m██                  
          [38;2;16;16;16m██[38;2;205;57;41m██[38;2;255;230;156m██[38;2;255;230;156m██[38;2;205;156;98m██[38;2;139;98;49m██[38;2;16;16;16m██[38;2;164;41;32m██[38;2;164;41;32m██[38;2;164;41;32m██[38;2;205;156;98m██[38;2;255;230;156m██[38;2;238;189;98m██[38;2;205;57;41m██[38;2;205;57;41m██[38;2;205;57;41m██[38;2;148;49;16m██[38;2;16;16;16m██[38;2;16;16;16m██              
            [38;2;16;16;16m██[38;2;238;115;65m██[38;2;255;230;156m██[38;2;255;230;156m██[38;2;255;230;156m██[38;2;164;41;32m██[38;2;164;41;32m██[38;2;205;57;41m██[38;2;205;57;41m██[38;2;164;41;32m██[38;2;238;189;98m██[38;2;238;189;98m██[38;2;238;189;98m██[38;2;238;189;98m██[38;2;16;16;16m██[38;2;16;16;16m██[38;2;238;115;65m██[38;2;238;115;65m██[38;2;16;16;16m██            
            [38;2;16;16;16m██[38;2;205;57;41m██[38;2;255;230;156m██[38;2;255;230;156m██[38;2;255;230;156m██[38;2;255;230;156m██[38;2;164;41;32m██[38;2;205;57;41m██[38;2;205;57;41m██[38;2;164;41;32m██[38;2;238;189;98m██[38;2;238;189;98m██[38;2;238;189;98m██[38;2;16;16;16m██[38;2;255;230;156m██[38;2;238;115;65m██[38;2;238;115;65m██[38;2;205;57;41m██[38;2;16;16;16m██            
              [38;2;16;16;16m██[38;2;16;16;16m██[38;2;238;189;98m██[38;2;238;189;98m██[38;2;238;189;98m██[38;2;238;189;98m██[38;2;164;41;32m██[38;2;164;41;32m██[38;2;238;189;98m██[38;2;238;189;98m██[38;2;139;98;49m██[38;2;139;98;49m██[38;2;255;230;156m██[38;2;255;230;156m██[38;2;255;230;156m██[38;2;205;57;41m██[38;2;16;16;16m██              
                [38;2;148;49;16m██[38;2;16;16;16m██[38;2;16;16;16m██[38;2;238;189;98m██[38;2;238;189;98m██[38;2;238;189;98m██[38;2;238;189;98m██[38;2;238;189;98m██[38;2;255;230;156m██[38;2;255;230;156m██[38;2;238;189;98m██[38;2;255;230;156m██[38;2;255;230;156m██[38;2;238;189;98m██[38;2;238;189;98m██[38;2;16;16;16m██              
              [38;2;148;49;16m██[38;2;205;57;41m██[38;2;205;57;41m██[38;2;238;189;98m██[38;2;16;16;16m██[38;2;16;16;16m██[38;2;139;98;49m██[38;2;255;230;156m██[38;2;255;230;156m██[38;2;255;230;156m██[38;2;255;230;156m██[38;2;255;230;156m██[38;2;255;230;156m██[38;2;238;189;98m██[38;2;238;189;98m██[38;2;16;16;16m██                
              [38;2;16;16;16m██[38;2;205;57;41m██[38;2;238;189;98m██[38;2;238;189;98m██[38;2;238;189;98m██[38;2;238;189;98m██[38;2;238;189;98m██[38;2;255;230;156m██[38;2;255;230;156m██[38;2;255;230;156m██[38;2;255;230;156m██[38;2;255;230;156m██[38;2;255;230;156m██[38;2;238;189;98m██[38;2;16;16;16m██        [38;2;205;57;41m██[38;2;205;57;41m██      
                [38;2;16;16;16m██[38;2;16;16;16m██[38;2;238;189;98m██[38;2;238;189;98m██[38;2;238;189;98m██[38;2;139;98;49m██[38;2;255;230;156m██[38;2;255;230;156m██[38;2;255;230;156m██[38;2;255;230;156m██[38;2;139;98;49m██[38;2;139;98;49m██[38;2;238;189;98m██[38;2;139;98;49m██[38;2;139;98;49m██    [38;2;148;49;16m██[38;2;238;115;65m██[38;2;238;115;65m██[38;2;205;57;41m██    
                    [38;2;16;16;16m██[38;2;16;16;16m██[38;2;238;189;98m██[38;2;139;98;49m██[38;2;255;230;156m██[38;2;255;230;156m██[38;2;255;230;156m██[38;2;139;98;49m██[38;2;255;230;156m██[38;2;255;230;156m██[38;2;139;98;49m██[38;2;238;189;98m██[38;2;16;16;16m██    [38;2;205;57;41m██[38;2;238;115;65m██[38;2;238;115;65m██[38;2;205;57;41m██    
                        [38;2;16;16;16m██[38;2;255;230;156m██[38;2;255;230;156m██[38;2;255;230;156m██[38;2;255;230;156m██[38;2;16;16;16m██[38;2;238;189;98m██[38;2;238;189;98m██[38;2;255;230;156m██[38;2;139;98;49m██[38;2;238;189;98m██[38;2;16;16;16m██[38;2;139;98;49m██[38;2;205;57;41m██[38;2;205;57;41m██[38;2;205;57;41m██      
                        [38;2;16;16;16m██[38;2;255;230;156m██[38;2;255;230;156m██[38;2;255;230;156m██[38;2;255;230;156m██[38;2;16;16;16m██[38;2;238;189;98m██[38;2;238;189;98m██[38;2;255;230;156m██[38;2;139;98;49m██[38;2;238;189;98m██[38;2;16;16;16m██[38;2;238;189;98m██[38;2;139;98;49m██[38;2;205;57;41m██[38;2;205;57;41m██[38;2;148;49;16m██[38;2;148;49;16m██  
                        [38;2;16;16;16m██[38;2;255;230;156m██[38;2;255;230;156m██[38;2;255;230;156m██[38;2;255;230;156m██[38;2;255;230;156m██[38;2;16;16;16m██[38;2;238;189;98m██[38;2;238;189;98m██[38;2;238;189;98m██[38;2;238;189;98m██[38;2;16;16;16m██[38;2;238;189;98m██[38;2;139;98;49m██[38;2;205;57;41m██[38;2;205;57;41m██[38;2;205;57;41m██[38;2;205;57;41m██[38;2;148;49;16m██
                        [38;2;16;16;16m██[38;2;238;189;98m██[38;2;255;230;156m██[38;2;255;230;156m██[38;2;255;230;156m██[38;2;238;189;98m██[38;2;238;189;98m██[38;2;238;189;98m██[38;2;238;189;98m██[38;2;238;189;98m██[38;2;16;16;16m██[38;2;238;189;98m██[38;2;139;98;49m██[38;2;16;16;16m██[38;2;205;57;41m██[38;2;205;57;41m██[38;2;205;57;41m██[38;2;205;57;41m██[38;2;148;49;16m██
                          [38;2;16;16;16m██[38;2;238;189;98m██[38;2;238;189;98m██[38;2;238;189;98m██[38;2;238;189;98m██[38;2;238;189;98m██[38;2;238;189;98m██[38;2;16;16;16m██[38;2;16;16;16m██[38;2;16;16;16m██[38;2;16;16;16m██[38;2;16;16;16m██[38;2;205;57;41m██[38;2;148;49;16m██[38;2;148;49;16m██[38;2;16;16;16m██[38;2;16;16;16m██  
                          [38;2;16;16;16m██[38;2;238;189;98m██[38;2;238;189;98m██[38;2;238;189;98m██[38;2;238;189;98m██[38;2;139;98;49m██[38;2;16;16;16m██      [38;2;16;16;16m██[38;2;205;57;41m██[38;2;205;57;41m██[38;2;148;49;16m██        
                            [38;2;16;16;16m██[38;2;238;189;98m██[38;2;238;189;98m██[38;2;238;189;98m██[38;2;16;16;16m██        [38;2;16;16;16m██[38;2;205;57;41m██[38;2;205;57;41m██[38;2;16;16;16m██        
                              [38;2;16;16;16m██[38;2;238;189;98m██[38;2;238;189;98m██[38;2;16;16;16m██          [38;2;16;16;16m██[38;2;16;16;16m██          
                                [38;2;16;16;16m██[38;2;16;16;16m██                          
