                        [38;2;32;74;222m██[38;2;32;74;222m██[38;2;32;74;222m██[38;2;32;74;222m██                                        
                      [38;2;32;74;222m██[38;2;139;230;255m██[38;2;139;230;255m██[38;2;139;230;255m██[38;2;139;230;255m██[38;2;32;74;222m██[38;2;32;74;222m██[38;2;32;74;222m██                                  
                    [38;2;32;74;222m██[38;2;139;230;255m██[38;2;139;230;255m██[38;2;139;230;255m██[38;2;139;230;255m██[38;2;139;230;255m██[38;2;139;230;255m██[38;2;139;230;255m██[38;2;139;230;255m██[38;2;32;74;222m██[38;2;8;32;180m██                              
                  [38;2;32;74;222m██[38;2;139;230;255m██[38;2;139;230;255m██[38;2;139;230;255m██[38;2;139;230;255m██[38;2;139;230;255m██[38;2;139;230;255m██[38;2;139;230;255m██[38;2;139;230;255m██[38;2;139;230;255m██[38;2;82;156;255m██[38;2;41;106;255m██[38;2;8;32;180m██                      [38;2;148;65;98m██[38;2;148;65;98m██  
                [38;2;32;74;222m██[38;2;139;230;255m██[38;2;139;230;255m██[38;2;139;230;255m██[38;2;139;230;255m██[38;2;139;230;255m██[38;2;139;230;255m██[38;2;139;230;255m██[38;2;139;230;255m██[38;2;139;230;255m██[38;2;139;230;255m██[38;2;41;106;255m██[38;2;41;106;255m██[38;2;41;106;255m██[38;2;8;32;180m██                  [38;2;148;65;98m██[38;2;255;205;230m██[38;2;255;205;230m██[38;2;0;0;0m██
              [38;2;8;32;180m██[38;2;82;156;255m██[38;2;82;156;255m██[38;2;82;156;255m██[38;2;139;230;255m██[38;2;139;230;255m██[38;2;139;230;255m██[38;2;139;230;255m██[38;2;139;230;255m██[38;2;139;230;255m██[38;2;139;230;255m██[38;2;82;156;255m██[38;2;41;106;255m██[38;2;41;106;255m██[38;2;41;106;255m██[38;2;41;106;255m██[38;2;8;32;180m██              [38;2;148;65;98m██[38;2;255;205;230m██[38;2;255;205;230m██[38;2;189;123;156m██[38;2;0;0;0m██
            [38;2;8;32;180m██[38;2;255;255;255m██[38;2;82;156;255m██[38;2;82;156;255m██[38;2;82;156;255m██[38;2;82;156;255m██[38;2;82;156;255m██[38;2;82;156;255m██[38;2;139;230;255m██[38;2;139;230;255m██[38;2;139;230;255m██[38;2;139;230;255m██[38;2;41;106;255m██[38;2;41;106;255m██[38;2;41;106;255m██[38;2;41;106;255m██[38;2;41;106;255m██[38;2;8;32;180m██              [38;2;148;65;98m██[38;2;255;205;230m██[38;2;230;180;205m██[38;2;189;123;156m██[38;2;0;0;0m██
            [38;2;8;32;180m██[38;2;255;255;255m██[38;2;82;156;255m██[38;2;82;156;255m██[38;2;82;156;255m██[38;2;82;156;255m██[38;2;82;156;255m██[38;2;82;156;255m██[38;2;82;156;255m██[38;2;82;156;255m██[38;2;82;156;255m██[38;2;139;230;255m██[38;2;41;106;255m██[38;2;41;106;255m██[38;2;41;106;255m██[38;2;41;106;255m██[38;2;41;106;255m██[38;2;32;74;222m██[38;2;0;0;0m██          [38;2;148;65;98m██[38;2;255;205;230m██[38;2;255;205;230m██[38;2;189;123;156m██[38;2;189;123;156m██[38;2;0;0;0m██
          [38;2;8;32;180m██[38;2;255;255;255m██[38;2;82;156;255m██[38;2;82;156;255m██[38;2;82;156;255m██[38;2;82;156;255m██[38;2;82;156;255m██[38;2;82;156;255m██[38;2;82;156;255m██[38;2;82;156;255m██[38;2;82;156;255m██[38;2;255;255;255m██[38;2;255;255;255m██[38;2;41;106;255m██[38;2;41;106;255m██[38;2;41;106;255m██[38;2;41;106;255m██[38;2;32;74;222m██[38;2;32;74;222m██[38;2;0;0;0m██          [38;2;148;65;98m██[38;2;255;205;230m██[38;2;230;180;205m██[38;2;189;123;156m██[38;2;148;65;98m██  
          [38;2;8;32;180m██[38;2;255;255;255m██[38;2;82;156;255m██[38;2;82;156;255m██[38;2;82;156;255m██[38;2;82;156;255m██[38;2;82;156;255m██[38;2;82;156;255m██[38;2;82;156;255m██[38;2;82;156;255m██[38;2;255;255;255m██[38;2;255;255;255m██[38;2;255;255;255m██[38;2;255;255;255m██[38;2;41;106;255m██[38;2;41;106;255m██[38;2;32;74;222m██[38;2;32;74;222m██[38;2;32;74;222m██[38;2;0;0;0m██        [38;2;148;65;98m██[38;2;255;205;230m██[38;2;255;205;230m██[38;2;189;123;156m██[38;2;189;123;156m██[38;2;0;0;0m██  
          [38;2;8;32;180m██[38;2;139;230;255m██[38;2;82;156;255m██[38;2;82;156;255m██[38;2;82;156;255m██[38;2;82;156;255m██[38;2;82;156;255m██[38;2;82;156;255m██[38;2;82;156;255m██[38;2;255;255;255m██[38;2;255;255;255m██[38;2;255;255;255m██[38;2;255;255;255m██[38;2;255;255;255m██[38;2;255;255;255m██[38;2;32;74;222m██[38;2;32;74;222m██[38;2;32;74;222m██[38;2;32;74;222m██[38;2;0;0;0m██        [38;2;148;65;98m██[38;2;255;205;230m██[38;2;255;205;230m██[38;2;189;123;156m██[38;2;189;123;156m██[38;2;0;0;0m██  
          [38;2;8;32;180m██[38;2;82;156;255m██[38;2;82;156;255m██[38;2;82;156;255m██[38;2;82;156;255m██[38;2;82;156;255m██[38;2;82;156;255m██[38;2;82;156;255m██[38;2;82;156;255m██[38;2;255;255;255m██[38;2;255;255;255m██[38;2;255;255;255m██[38;2;0;0;0m██[38;2;255;255;255m██[38;2;197;197;197m██[38;2;32;74;222m██[38;2;32;74;222m██[38;2;32;74;222m██[38;2;0;0;0m██        [38;2;148;65;98m██[38;2;255;205;230m██[38;2;255;205;230m██[38;2;230;180;205m██[38;2;189;123;156m██[38;2;189;123;156m██[38;2;0;0;0m██  
          [38;2;8;32;180m██[38;2;82;156;255m██[38;2;82;156;255m██[38;2;82;156;255m██[38;2;82;156;255m██[38;2;82;156;255m██[38;2;82;156;255m██[38;2;82;156;255m██[38;2;82;156;255m██[38;2;255;255;255m██[38;2;255;255;255m██[38;2;255;255;255m██[38;2;255;255;255m██[38;2;255;255;255m██[38;2;197;197;197m██[38;2;32;74;222m██[38;2;32;74;222m██[38;2;32;74;222m██[38;2;0;0;0m██        [38;2;148;65;98m██[38;2;255;205;230m██[38;2;255;205;230m██[38;2;189;123;156m██[38;2;189;123;156m██[38;2;148;65;98m██    
        [38;2;8;32;180m██[38;2;139;230;255m██[38;2;82;156;255m██[38;2;82;156;255m██[38;2;82;156;255m██[38;2;82;156;255m██[38;2;82;156;255m██[38;2;82;156;255m██[38;2;82;156;255m██[38;2;82;156;255m██[38;2;41;106;255m██[38;2;255;255;255m██[38;2;255;255;255m██[38;2;255;255;255m██[38;2;197;197;197m██[38;2;197;197;197m██[38;2;32;74;222m██[38;2;32;74;222m██[38;2;32;74;222m██[38;2;0;0;0m██      [38;2;148;65;98m██[38;2;255;205;230m██[38;2;255;205;230m██[38;2;255;205;230m██[38;2;189;123;156m██[38;2;189;123;156m██[38;2;0;0;0m██    
        [38;2;8;32;180m██[38;2;139;230;255m██[38;2;82;156;255m██[38;2;82;156;255m██[38;2;82;156;255m██[38;2;82;156;255m██[38;2;82;156;255m██[38;2;82;156;255m██[38;2;82;156;255m██[38;2;41;106;255m██[38;2;41;106;255m██[38;2;41;106;255m██[38;2;255;255;255m██[38;2;197;197;197m██[38;2;197;197;197m██[38;2;32;74;222m██[38;2;32;74;222m██[38;2;32;74;222m██[38;2;0;0;0m██[38;2;32;74;222m██[38;2;32;74;222m██    [38;2;148;65;98m██[38;2;255;205;230m██[38;2;255;205;230m██[38;2;189;123;156m██[38;2;189;123;156m██[38;2;189;123;156m██[38;2;0;0;0m██    
        [38;2;189;123;156m██[38;2;230;180;205m██[38;2;255;238;255m██[38;2;255;238;255m██[38;2;82;156;255m██[38;2;82;156;255m██[38;2;82;156;255m██[38;2;82;156;255m██[38;2;82;156;255m██[38;2;41;106;255m██[38;2;41;106;255m██[38;2;41;106;255m██[38;2;32;74;222m██[38;2;32;74;222m██[38;2;32;74;222m██[38;2;32;74;222m██[38;2;32;74;222m██[38;2;8;32;180m██[38;2;82;156;255m██[38;2;139;230;255m██[38;2;139;230;255m██[38;2;32;74;222m██[38;2;32;74;222m██[38;2;255;205;230m██[38;2;255;205;230m██[38;2;255;205;230m██[38;2;189;123;156m██[38;2;189;123;156m██[38;2;189;123;156m██[38;2;0;0;0m██    
        [38;2;189;123;156m██[38;2;230;180;205m██[38;2;255;238;255m██[38;2;255;238;255m██[38;2;255;238;255m██[38;2;255;238;255m██[38;2;255;238;255m██[38;2;82;156;255m██[38;2;41;106;255m██[38;2;41;106;255m██[38;2;41;106;255m██[38;2;32;74;222m██[38;2;32;74;222m██[38;2;32;74;222m██[38;2;32;74;222m██[38;2;32;74;222m██[38;2;0;0;0m██[38;2;32;74;222m██[38;2;41;106;255m██[38;2;82;156;255m██[38;2;82;156;255m██[38;2;82;156;255m██[38;2;82;156;255m██[38;2;32;74;222m██[38;2;8;32;180m██[38;2;189;123;156m██[38;2;189;123;156m██[38;2;189;123;156m██[38;2;148;65;98m██      
      [38;2;148;65;98m██[38;2;189;123;156m██[38;2;230;180;205m██[38;2;255;238;255m██[38;2;255;238;255m██[38;2;255;238;255m██[38;2;255;238;255m██[38;2;255;238;255m██[38;2;255;238;255m██[38;2;230;180;205m██[38;2;41;106;255m██[38;2;32;74;222m██[38;2;32;74;222m██[38;2;32;74;222m██[38;2;32;74;222m██[38;2;32;74;222m██[38;2;0;0;0m██[38;2;32;74;222m██[38;2;32;74;222m██[38;2;41;106;255m██[38;2;41;106;255m██[38;2;41;106;255m██[38;2;41;106;255m██[38;2;41;106;255m██[38;2;41;106;255m██[38;2;41;106;255m██[38;2;8;32;180m██[38;2;189;123;156m██[38;2;189;123;156m██[38;2;0;0;0m██      
    [38;2;148;65;98m██[38;2;255;238;255m██[38;2;189;123;156m██[38;2;255;238;255m██[38;2;255;238;255m██[38;2;255;238;255m██[38;2;255;238;255m██[38;2;255;238;255m██[38;2;255;238;255m██[38;2;230;180;205m██[38;2;230;180;205m██[38;2;189;123;156m██[38;2;32;74;222m██[38;2;32;74;222m██[38;2;32;74;222m██[38;2;32;74;222m██[38;2;0;0;0m██[38;2;32;74;222m██[38;2;32;74;222m██[38;2;41;106;255m██[38;2;41;106;255m██[38;2;41;106;255m██[38;2;41;106;255m██[38;2;41;106;255m██[38;2;41;106;255m██[38;2;41;106;255m██[38;2;41;106;255m██[38;2;41;106;255m██[38;2;8;32;180m██[38;2;189;123;156m██[38;2;0;0;0m██      
  [38;2;148;65;98m██[38;2;255;238;255m██[38;2;255;238;255m██[38;2;189;123;156m██[38;2;255;238;255m██[38;2;255;238;255m██[38;2;255;238;255m██[38;2;255;238;255m██[38;2;255;238;255m██[38;2;255;238;255m██[38;2;230;180;205m██[38;2;189;123;156m██[38;2;189;123;156m██[38;2;32;74;222m██[38;2;32;74;222m██[38;2;32;74;222m██[38;2;0;0;0m██[38;2;189;123;156m██[38;2;32;74;222m██[38;2;32;74;222m██[38;2;41;106;255m██[38;2;41;106;255m██[38;2;41;106;255m██[38;2;41;106;255m██[38;2;41;106;255m██[38;2;41;106;255m██[38;2;41;106;255m██[38;2;41;106;255m██[38;2;41;106;255m██[38;2;8;32;180m██[38;2;189;123;156m██[38;2;0;0;0m██      
[38;2;0;0;0m██[38;2;230;180;205m██[38;2;255;238;255m██[38;2;255;238;255m██[38;2;148;65;98m██[38;2;255;238;255m██[38;2;255;238;255m██[38;2;255;238;255m██[38;2;255;238;255m██[38;2;255;238;255m██[38;2;230;180;205m██[38;2;230;180;205m██[38;2;189;123;156m██[38;2;189;123;156m██[38;2;189;123;156m██[38;2;0;0;0m██[38;2;0;0;0m██[38;2;189;123;156m██[38;2;189;123;156m██[38;2;32;74;222m██[38;2;41;106;255m██[38;2;41;106;255m██[38;2;41;106;255m██[38;2;41;106;255m██[38;2;41;106;255m██[38;2;41;106;255m██[38;2;41;106;255m██[38;2;41;106;255m██[38;2;32;74;222m██[38;2;32;74;222m██[38;2;0;0;0m██[38;2;0;0;0m██        
[38;2;0;0;0m██[38;2;230;180;205m██[38;2;230;180;205m██[38;2;255;238;255m██[38;2;189;123;156m██[38;2;148;65;98m██[38;2;230;180;205m██[38;2;255;238;255m██[38;2;255;238;255m██[38;2;255;238;255m██[38;2;230;180;205m██[38;2;189;123;156m██[38;2;189;123;156m██[38;2;0;0;0m██[38;2;0;0;0m██[38;2;189;123;156m██[38;2;189;123;156m██[38;2;189;123;156m██[38;2;189;123;156m██[38;2;32;74;222m██[38;2;41;106;255m██[38;2;41;106;255m██[38;2;41;106;255m██[38;2;41;106;255m██[38;2;41;106;255m██[38;2;41;106;255m██[38;2;32;74;222m██[38;2;32;74;222m██[38;2;32;74;222m██[38;2;8;32;180m██[38;2;0;0;0m██          
  [38;2;0;0;0m██[38;2;230;180;205m██[38;2;230;180;205m██[38;2;189;123;156m██[38;2;0;0;0m██[38;2;148;65;98m██[38;2;148;65;98m██[38;2;255;238;255m██[38;2;230;180;205m██[38;2;230;180;205m██[38;2;0;0;0m██[38;2;0;0;0m██[38;2;189;123;156m██[38;2;189;123;156m██[38;2;148;65;98m██[38;2;189;123;156m██[38;2;189;123;156m██[38;2;189;123;156m██[38;2;41;106;255m██[38;2;41;106;255m██[38;2;41;106;255m██[38;2;41;106;255m██[38;2;41;106;255m██[38;2;32;74;222m██[38;2;32;74;222m██[38;2;32;74;222m██[38;2;32;74;222m██[38;2;32;74;222m██[38;2;0;0;0m██            
    [38;2;0;0;0m██[38;2;230;180;205m██[38;2;148;65;98m██[38;2;0;0;0m██[38;2;189;123;156m██[38;2;189;123;156m██[38;2;148;65;98m██[38;2;0;0;0m██[38;2;0;0;0m██[38;2;255;205;230m██[38;2;230;180;205m██[38;2;230;180;205m██[38;2;230;180;205m██[38;2;148;65;98m██[38;2;230;180;205m██[38;2;230;180;205m██[38;2;41;106;255m██[38;2;41;106;255m██[38;2;41;106;255m██[38;2;41;106;255m██[38;2;32;74;222m██[38;2;32;74;222m██[38;2;32;74;222m██[38;2;32;74;222m██[38;2;32;74;222m██[38;2;32;74;222m██[38;2;0;0;0m██              
      [38;2;0;0;0m██[38;2;148;65;98m██[38;2;189;123;156m██[38;2;0;0;0m██[38;2;148;65;98m██[38;2;189;123;156m██[38;2;189;123;156m██[38;2;148;65;98m██[38;2;255;205;230m██[38;2;255;205;230m██[38;2;230;180;205m██[38;2;148;65;98m██[38;2;230;180;205m██[38;2;230;180;205m██[38;2;41;106;255m██[38;2;41;106;255m██[38;2;41;106;255m██[38;2;32;74;222m██[38;2;148;65;98m██[38;2;148;65;98m██[38;2;148;65;98m██[38;2;148;65;98m██[38;2;148;65;98m██[38;2;148;65;98m██[38;2;189;123;156m██[38;2;148;65;98m██[38;2;0;0;0m██            
        [38;2;0;0;0m██[38;2;0;0;0m██[38;2;0;0;0m██[38;2;0;0;0m██[38;2;189;123;156m██[38;2;189;123;156m██[38;2;189;123;156m██[38;2;148;65;98m██[38;2;255;205;230m██[38;2;230;180;205m██[38;2;148;65;98m██[38;2;230;180;205m██[38;2;41;106;255m██[38;2;41;106;255m██[38;2;32;74;222m██[38;2;32;74;222m██[38;2;148;65;98m██[38;2;255;238;255m██[38;2;230;180;205m██[38;2;230;180;205m██[38;2;230;180;205m██[38;2;230;180;205m██[38;2;230;180;205m██[38;2;230;180;205m██[38;2;230;180;205m██[38;2;189;123;156m██[38;2;0;0;0m██          
                [38;2;148;65;98m██[38;2;189;123;156m██[38;2;189;123;156m██[38;2;189;123;156m██[38;2;148;65;98m██[38;2;8;32;180m██[38;2;189;123;156m██[38;2;41;106;255m██[38;2;32;74;222m██[38;2;32;74;222m██[38;2;32;74;222m██[38;2;148;65;98m██[38;2;255;238;255m██[38;2;255;238;255m██[38;2;255;238;255m██[38;2;230;180;205m██[38;2;230;180;205m██[38;2;230;180;205m██[38;2;230;180;205m██[38;2;230;180;205m██[38;2;230;180;205m██[38;2;230;180;205m██[38;2;189;123;156m██[38;2;0;0;0m██        
                [38;2;0;0;0m██[38;2;230;180;205m██[38;2;189;123;156m██[38;2;189;123;156m██[38;2;189;123;156m██[38;2;8;32;180m██[38;2;32;74;222m██[38;2;32;74;222m██[38;2;32;74;222m██[38;2;32;74;222m██[38;2;148;65;98m██[38;2;255;238;255m██[38;2;255;238;255m██[38;2;255;238;255m██[38;2;255;238;255m██[38;2;255;238;255m██[38;2;230;180;205m██[38;2;230;180;205m██[38;2;230;180;205m██[38;2;230;180;205m██[38;2;230;180;205m██[38;2;230;180;205m██[38;2;230;180;205m██[38;2;189;123;156m██[38;2;0;0;0m██      
                  [38;2;148;65;98m██[38;2;230;180;205m██[38;2;230;180;205m██[38;2;8;32;180m██[38;2;32;74;222m██[38;2;32;74;222m██[38;2;32;74;222m██[38;2;32;74;222m██[38;2;148;65;98m██[38;2;255;238;255m██[38;2;255;238;255m██[38;2;255;238;255m██[38;2;255;238;255m██[38;2;255;238;255m██[38;2;255;238;255m██[38;2;255;238;255m██[38;2;230;180;205m██[38;2;230;180;205m██[38;2;230;180;205m██[38;2;230;180;205m██[38;2;230;180;205m██[38;2;230;180;205m██[38;2;230;180;205m██[38;2;189;123;156m██[38;2;0;0;0m██    
                    [38;2;148;65;98m██[38;2;230;180;205m██[38;2;8;32;180m██[38;2;32;74;222m██[38;2;32;74;222m██[38;2;32;74;222m██[38;2;148;65;98m██[38;2;255;238;255m██[38;2;255;238;255m██[38;2;255;238;255m██[38;2;255;238;255m██[38;2;255;238;255m██[38;2;255;238;255m██[38;2;255;238;255m██[38;2;148;65;98m██[38;2;148;65;98m██[38;2;148;65;98m██[38;2;148;65;98m██[38;2;148;65;98m██[38;2;189;123;156m██[38;2;189;123;156m██[38;2;189;123;156m██[38;2;189;123;156m██[38;2;0;0;0m██    
                      [38;2;148;65;98m██[38;2;148;65;98m██[38;2;32;74;222m██[38;2;32;74;222m██[38;2;148;65;98m██[38;2;255;238;255m██[38;2;255;238;255m██[38;2;255;238;255m██[38;2;255;238;255m██[38;2;255;238;255m██[38;2;255;238;255m██[38;2;255;238;255m██[38;2;148;65;98m██[38;2;189;123;156m██[38;2;189;123;156m██[38;2;189;123;156m██[38;2;189;123;156m██[38;2;189;123;156m██[38;2;189;123;156m██[38;2;189;123;156m██[38;2;189;123;156m██[38;2;189;123;156m██[38;2;0;0;0m██    
                          [38;2;0;0;0m██[38;2;148;65;98m██[38;2;255;238;255m██[38;2;255;238;255m██[38;2;255;238;255m██[38;2;255;238;255m██[38;2;255;238;255m██[38;2;255;238;255m██[38;2;255;238;255m██[38;2;148;65;98m██[38;2;189;123;156m██[38;2;189;123;156m██[38;2;189;123;156m██[38;2;189;123;156m██[38;2;189;123;156m██[38;2;189;123;156m██[38;2;189;123;156m██[38;2;189;123;156m██[38;2;189;123;156m██[38;2;148;65;98m██      
                          [38;2;148;65;98m██[38;2;255;238;255m██[38;2;255;238;255m██[38;2;255;238;255m██[38;2;255;238;255m██[38;2;255;238;255m██[38;2;255;238;255m██[38;2;255;238;255m██[38;2;148;65;98m██[38;2;189;123;156m██[38;2;189;123;156m██[38;2;189;123;156m██[38;2;189;123;156m██[38;2;189;123;156m██[38;2;189;123;156m██[38;2;189;123;156m██[38;2;189;123;156m██[38;2;189;123;156m██[38;2;189;123;156m██[38;2;0;0;0m██      
                          [38;2;0;0;0m██[38;2;230;180;205m██[38;2;255;238;255m██[38;2;255;238;255m██[38;2;255;238;255m██[38;2;255;238;255m██[38;2;255;238;255m██[38;2;148;65;98m██[38;2;189;123;156m██[38;2;189;123;156m██[38;2;189;123;156m██[38;2;189;123;156m██[38;2;189;123;156m██[38;2;189;123;156m██[38;2;189;123;156m██[38;2;189;123;156m██[38;2;189;123;156m██[38;2;148;65;98m██[38;2;0;0;0m██        
                          [38;2;0;0;0m██[38;2;230;180;205m██[38;2;230;180;205m██[38;2;255;238;255m██[38;2;255;238;255m██[38;2;255;238;255m██[38;2;148;65;98m██[38;2;189;123;156m██[38;2;189;123;156m██[38;2;189;123;156m██[38;2;189;123;156m██[38;2;189;123;156m██[38;2;189;123;156m██[38;2;189;123;156m██[38;2;148;65;98m██[38;2;0;0;0m██[38;2;0;0;0m██            
                          [38;2;148;65;98m██[38;2;189;123;156m██[38;2;230;180;205m██[38;2;230;180;205m██[38;2;255;238;255m██[38;2;148;65;98m██[38;2;189;123;156m██[38;2;189;123;156m██[38;2;189;123;156m██[38;2;189;123;156m██[38;2;189;123;156m██[38;2;189;123;156m██[38;2;148;65;98m██[38;2;0;0;0m██[38;2;148;65;98m██                
                            [38;2;0;0;0m██[38;2;230;180;205m██[38;2;230;180;205m██[38;2;230;180;205m██[38;2;148;65;98m██[38;2;189;123;156m██[38;2;189;123;156m██[38;2;189;123;156m██[38;2;189;123;156m██[38;2;148;65;98m██[38;2;0;0;0m██                      
                              [38;2;0;0;0m██[38;2;230;180;205m██[38;2;148;65;98m██[38;2;189;123;156m██[38;2;189;123;156m██[38;2;189;123;156m██[38;2;148;65;98m██[38;2;0;0;0m██                          
                                [38;2;0;0;0m██[38;2;148;65;98m██[38;2;189;123;156m██[38;2;148;65;98m██[38;2;0;0;0m██                              
                                  [38;2;0;0;0m██[38;2;0;0;0m██                                  
