    [38;2;131;41;74m██[38;2;131;41;74m██[38;2;131;41;74m██                        [38;2;131;41;74m██[38;2;131;41;74m██[38;2;131;41;74m██      
  [38;2;131;41;74m██[38;2;255;123;148m██[38;2;213;74;115m██[38;2;213;74;115m██[38;2;131;41;74m██[38;2;131;41;74m██                [38;2;131;41;74m██[38;2;131;41;74m██[38;2;255;123;148m██[38;2;213;74;115m██[38;2;213;74;115m██[38;2;16;16;16m██    
  [38;2;131;41;74m██[38;2;255;123;148m██[38;2;213;74;115m██[38;2;213;74;115m██[38;2;213;74;115m██[38;2;213;74;115m██[38;2;131;41;74m██[38;2;131;41;74m██[38;2;115;189;115m██[38;2;115;189;115m██[38;2;115;189;115m██[38;2;49;123;65m██[38;2;49;123;65m██[38;2;49;123;65m██[38;2;213;74;115m██[38;2;213;74;115m██[38;2;213;74;115m██[38;2;213;74;115m██[38;2;213;74;115m██[38;2;16;16;16m██    
  [38;2;131;41;74m██[38;2;255;123;148m██[38;2;213;74;115m██[38;2;213;74;115m██[38;2;213;74;115m██[38;2;213;74;115m██[38;2;213;74;115m██[38;2;131;41;74m██[38;2;131;41;74m██[38;2;180;246;148m██[38;2;180;246;148m██[38;2;115;189;115m██[38;2;115;189;115m██[38;2;115;189;115m██[38;2;131;41;74m██[38;2;213;74;115m██[38;2;213;74;115m██[38;2;213;74;115m██[38;2;213;74;115m██[38;2;16;16;16m██    
  [38;2;131;41;74m██[38;2;255;123;148m██[38;2;213;74;115m██[38;2;213;74;115m██[38;2;213;74;115m██[38;2;213;74;115m██[38;2;213;74;115m██[38;2;213;74;115m██[38;2;213;74;115m██[38;2;115;189;115m██[38;2;115;189;115m██[38;2;180;246;148m██[38;2;180;246;148m██[38;2;180;246;148m██[38;2;180;246;148m██[38;2;49;123;65m██[38;2;131;41;74m██[38;2;213;74;115m██[38;2;213;74;115m██[38;2;16;16;16m██    
    [38;2;213;74;115m██[38;2;255;123;148m██[38;2;213;74;115m██[38;2;213;74;115m██[38;2;213;74;115m██[38;2;213;74;115m██[38;2;213;74;115m██[38;2;115;189;115m██[38;2;180;246;148m██[38;2;180;246;148m██[38;2;180;246;148m██[38;2;180;246;148m██[38;2;180;246;148m██[38;2;180;246;148m██[38;2;180;246;148m██[38;2;180;246;148m██[38;2;49;123;65m██[38;2;213;74;115m██[38;2;131;41;74m██    
    [38;2;131;41;74m██[38;2;255;123;148m██[38;2;213;74;115m██[38;2;213;74;115m██[38;2;213;74;115m██[38;2;213;74;115m██[38;2;213;74;115m██[38;2;180;246;148m██[38;2;180;246;148m██[38;2;180;246;148m██[38;2;180;246;148m██[38;2;180;246;148m██[38;2;180;246;148m██[38;2;180;246;148m██[38;2;180;246;148m██[38;2;180;246;148m██[38;2;139;230;139m██[38;2;49;123;65m██[38;2;131;41;74m██    
    [38;2;131;41;74m██[38;2;255;123;148m██[38;2;213;74;115m██[38;2;213;74;115m██[38;2;213;74;115m██[38;2;213;74;115m██[38;2;180;246;148m██[38;2;180;246;148m██[38;2;180;246;148m██[38;2;180;246;148m██[38;2;180;246;148m██[38;2;180;246;148m██[38;2;180;246;148m██[38;2;180;246;148m██[38;2;180;246;148m██[38;2;180;246;148m██[38;2;115;189;115m██[38;2;139;230;139m██[38;2;16;16;16m██    
    [38;2;49;123;65m██[38;2;131;41;74m██[38;2;255;123;148m██[38;2;213;74;115m██[38;2;213;74;115m██[38;2;213;74;115m██[38;2;180;246;148m██[38;2;180;246;148m██[38;2;180;246;148m██[38;2;180;246;148m██[38;2;180;246;148m██[38;2;180;246;148m██[38;2;180;246;148m██[38;2;180;246;148m██[38;2;180;246;148m██[38;2;115;189;115m██[38;2;139;230;139m██[38;2;139;230;139m██[38;2;49;123;65m██    
  [38;2;49;123;65m██[38;2;115;189;115m██[38;2;131;41;74m██[38;2;255;123;148m██[38;2;213;74;115m██[38;2;213;74;115m██[38;2;115;189;115m██[38;2;180;246;148m██[38;2;180;246;148m██[38;2;180;246;148m██[38;2;180;246;148m██[38;2;180;246;148m██[38;2;180;246;148m██[38;2;180;246;148m██[38;2;180;246;148m██[38;2;115;189;115m██[38;2;139;230;139m██[38;2;139;230;139m██[38;2;139;230;139m██[38;2;115;189;115m██[38;2;16;16;16m██  
  [38;2;49;123;65m██[38;2;115;189;115m██[38;2;180;246;148m██[38;2;131;41;74m██[38;2;213;74;115m██[38;2;213;74;115m██[38;2;180;246;148m██[38;2;180;246;148m██[38;2;180;246;148m██[38;2;180;246;148m██[38;2;180;246;148m██[38;2;180;246;148m██[38;2;180;246;148m██[38;2;180;246;148m██[38;2;115;189;115m██[38;2;139;230;139m██[38;2;139;230;139m██[38;2;139;230;139m██[38;2;115;189;115m██[38;2;115;189;115m██[38;2;16;16;16m██  
  [38;2;49;123;65m██[38;2;115;189;115m██[38;2;180;246;148m██[38;2;131;41;74m██[38;2;213;74;115m██[38;2;213;74;115m██[38;2;180;246;148m██[38;2;180;246;148m██[38;2;180;246;148m██[38;2;180;246;148m██[38;2;180;246;148m██[38;2;180;246;148m██[38;2;139;230;139m██[38;2;139;230;139m██[38;2;115;189;115m██[38;2;139;230;139m██[38;2;139;230;139m██[38;2;115;189;115m██[38;2;115;189;115m██[38;2;115;189;115m██[38;2;49;123;65m██  
[38;2;49;123;65m██[38;2;139;230;139m██[38;2;49;123;65m██[38;2;139;230;139m██[38;2;180;246;148m██[38;2;131;41;74m██[38;2;213;74;115m██[38;2;180;246;148m██[38;2;180;246;148m██[38;2;180;246;148m██[38;2;180;246;148m██[38;2;139;230;139m██[38;2;139;230;139m██[38;2;139;230;139m██[38;2;49;123;65m██[38;2;139;230;139m██[38;2;115;189;115m██[38;2;115;189;115m██[38;2;115;189;115m██[38;2;115;189;115m██[38;2;115;189;115m██[38;2;115;189;115m██[38;2;16;16;16m██
[38;2;49;123;65m██[38;2;115;189;115m██[38;2;49;123;65m██[38;2;139;230;139m██[38;2;139;230;139m██[38;2;131;41;74m██[38;2;49;123;65m██[38;2;139;230;139m██[38;2;139;230;139m██[38;2;139;230;139m██[38;2;139;230;139m██[38;2;139;230;139m██[38;2;139;230;139m██[38;2;139;230;139m██[38;2;49;123;65m██[38;2;115;189;115m██[38;2;115;189;115m██[38;2;115;189;115m██[38;2;115;189;115m██[38;2;115;189;115m██[38;2;115;189;115m██[38;2;115;189;115m██[38;2;16;16;16m██
[38;2;49;123;65m██[38;2;115;189;115m██[38;2;49;123;65m██[38;2;115;189;115m██[38;2;115;189;115m██[38;2;139;230;139m██[38;2;16;16;16m██[38;2;139;230;139m██[38;2;139;230;139m██[38;2;139;230;139m██[38;2;139;230;139m██[38;2;115;189;115m██[38;2;115;189;115m██[38;2;115;189;115m██[38;2;49;123;65m██[38;2;115;189;115m██[38;2;115;189;115m██[38;2;115;189;115m██[38;2;115;189;115m██[38;2;115;189;115m██[38;2;115;189;115m██[38;2;115;189;115m██[38;2;16;16;16m██
[38;2;16;16;16m██[38;2;115;189;115m██[38;2;115;189;115m██[38;2;49;123;65m██[38;2;115;189;115m██[38;2;115;189;115m██[38;2;16;16;16m██[38;2;115;189;115m██[38;2;115;189;115m██[38;2;115;189;115m██[38;2;115;189;115m██[38;2;115;189;115m██[38;2;115;189;115m██[38;2;49;123;65m██[38;2;115;189;115m██[38;2;115;189;115m██[38;2;115;189;115m██[38;2;115;189;115m██[38;2;115;189;115m██[38;2;115;189;115m██[38;2;115;189;115m██[38;2;115;189;115m██[38;2;16;16;16m██
  [38;2;16;16;16m██[38;2;16;16;16m██[38;2;49;123;65m██[38;2;115;189;115m██[38;2;115;189;115m██[38;2;16;16;16m██[38;2;115;189;115m██[38;2;115;189;115m██[38;2;115;189;115m██[38;2;115;189;115m██[38;2;115;189;115m██[38;2;115;189;115m██[38;2;49;123;65m██[38;2;115;189;115m██[38;2;115;189;115m██[38;2;115;189;115m██[38;2;115;189;115m██[38;2;115;189;115m██[38;2;115;189;115m██[38;2;115;189;115m██[38;2;16;16;16m██  
      [38;2;16;16;16m██[38;2;16;16;16m██[38;2;16;16;16m██[38;2;205;205;230m██[38;2;16;16;16m██[38;2;16;16;16m██[38;2;16;16;16m██[38;2;49;123;65m██[38;2;115;189;115m██[38;2;115;189;115m██[38;2;49;123;65m██[38;2;115;189;115m██[38;2;115;189;115m██[38;2;115;189;115m██[38;2;16;16;16m██[38;2;16;16;16m██[38;2;16;16;16m██[38;2;16;16;16m██    
      [38;2;16;16;16m██[38;2;205;205;230m██[38;2;205;205;230m██[38;2;205;205;230m██[38;2;205;205;230m██[38;2;205;205;230m██[38;2;205;205;230m██[38;2;49;123;65m██[38;2;16;16;16m██[38;2;16;16;16m██[38;2;16;16;16m██[38;2;16;16;16m██[38;2;16;16;16m██[38;2;16;16;16m██[38;2;156;148;197m██[38;2;16;16;16m██        
        [38;2;16;16;16m██[38;2;205;205;230m██[38;2;205;205;230m██[38;2;246;246;255m██[38;2;246;246;255m██[38;2;246;246;255m██[38;2;246;246;255m██[38;2;205;205;230m██[38;2;205;205;230m██[38;2;205;205;230m██[38;2;205;205;230m██[38;2;205;205;230m██[38;2;205;205;230m██[38;2;16;16;16m██          
          [38;2;16;16;16m██[38;2;16;16;16m██[38;2;246;246;255m██[38;2;246;246;255m██[38;2;156;148;197m██[38;2;246;246;255m██[38;2;246;246;255m██[38;2;246;246;255m██[38;2;205;205;230m██[38;2;205;205;230m██[38;2;16;16;16m██[38;2;16;16;16m██            
              [38;2;16;16;16m██[38;2;16;16;16m██[38;2;246;246;255m██[38;2;246;246;255m██[38;2;246;246;255m██[38;2;16;16;16m██[38;2;16;16;16m██[38;2;16;16;16m██                
                  [38;2;16;16;16m██[38;2;123;139;180m██[38;2;16;16;16m██                      
              [38;2;123;139;180m██[38;2;123;139;180m██[38;2;16;16;16m██[38;2;205;205;230m██[38;2;123;139;180m██[38;2;16;16;16m██                    
        [38;2;123;139;180m██[38;2;123;139;180m██[38;2;123;139;180m██[38;2;205;205;230m██[38;2;205;205;230m██[38;2;123;139;180m██[38;2;205;205;230m██[38;2;205;205;230m██[38;2;205;205;230m██[38;2;16;16;16m██                  
  [38;2;123;139;180m██[38;2;123;139;180m██[38;2;123;139;180m██[38;2;246;246;255m██[38;2;246;246;255m██[38;2;246;246;255m██[38;2;246;246;255m██[38;2;205;205;230m██[38;2;205;205;230m██[38;2;205;205;230m██[38;2;123;139;180m██[38;2;205;205;230m██[38;2;205;205;230m██[38;2;16;16;16m██[38;2;16;16;16m██              
[38;2;123;139;180m██[38;2;246;246;255m██[38;2;246;246;255m██[38;2;246;246;255m██[38;2;246;246;255m██[38;2;205;205;230m██[38;2;16;16;16m██[38;2;16;16;16m██[38;2;123;139;180m██[38;2;205;205;230m██[38;2;205;205;230m██[38;2;123;139;180m██[38;2;16;16;16m██[38;2;205;205;230m██[38;2;205;205;230m██[38;2;205;205;230m██[38;2;16;16;16m██[38;2;16;16;16m██          
  [38;2;16;16;16m██[38;2;16;16;16m██[38;2;16;16;16m██[38;2;16;16;16m██[38;2;16;16;16m██    [38;2;123;139;180m██[38;2;246;246;255m██[38;2;246;246;255m██[38;2;205;205;230m██[38;2;123;139;180m██[38;2;16;16;16m██[38;2;205;205;230m██[38;2;205;205;230m██[38;2;205;205;230m██[38;2;205;205;230m██[38;2;16;16;16m██[38;2;16;16;16m██      
              [38;2;123;139;180m██[38;2;246;246;255m██[38;2;246;246;255m██[38;2;246;246;255m██[38;2;246;246;255m██[38;2;205;205;230m██[38;2;16;16;16m██[38;2;16;16;16m██[38;2;16;16;16m██[38;2;205;205;230m██[38;2;205;205;230m██[38;2;205;205;230m██[38;2;205;205;230m██[38;2;16;16;16m██    
              [38;2;123;139;180m██[38;2;246;246;255m██[38;2;205;205;230m██[38;2;246;246;255m██[38;2;246;246;255m██[38;2;246;246;255m██[38;2;16;16;16m██    [38;2;16;16;16m██[38;2;16;16;16m██[38;2;16;16;16m██[38;2;16;16;16m██      
            [38;2;16;16;16m██[38;2;246;246;255m██[38;2;205;205;230m██[38;2;205;205;230m██[38;2;246;246;255m██[38;2;246;246;255m██[38;2;246;246;255m██[38;2;205;205;230m██[38;2;16;16;16m██    [38;2;123;139;180m██[38;2;16;16;16m██        
          [38;2;123;139;180m██[38;2;205;205;230m██[38;2;205;205;230m██[38;2;156;148;197m██[38;2;205;205;230m██[38;2;246;246;255m██[38;2;246;246;255m██[38;2;246;246;255m██[38;2;246;246;255m██[38;2;205;205;230m██[38;2;16;16;16m██[38;2;123;139;180m██[38;2;123;139;180m██[38;2;246;246;255m██[38;2;16;16;16m██      
          [38;2;16;16;16m██[38;2;205;205;230m██[38;2;205;205;230m██[38;2;156;148;197m██[38;2;246;246;255m██[38;2;246;246;255m██[38;2;246;246;255m██[38;2;246;246;255m██[38;2;246;246;255m██[38;2;205;205;230m██[38;2;205;205;230m██[38;2;16;16;16m██[38;2;246;246;255m██[38;2;205;205;230m██[38;2;246;246;255m██[38;2;123;139;180m██[38;2;16;16;16m██  
        [38;2;123;139;180m██[38;2;205;205;230m██[38;2;205;205;230m██[38;2;205;205;230m██[38;2;156;148;197m██[38;2;246;246;255m██[38;2;246;246;255m██[38;2;246;246;255m██[38;2;246;246;255m██[38;2;246;246;255m██[38;2;205;205;230m██[38;2;205;205;230m██[38;2;205;205;230m██[38;2;205;205;230m██[38;2;246;246;255m██[38;2;205;205;230m██[38;2;205;205;230m██[38;2;16;16;16m██  
        [38;2;16;16;16m██[38;2;205;205;230m██[38;2;205;205;230m██[38;2;123;139;180m██[38;2;246;246;255m██[38;2;246;246;255m██[38;2;246;246;255m██[38;2;246;246;255m██[38;2;246;246;255m██[38;2;205;205;230m██[38;2;205;205;230m██[38;2;205;205;230m██[38;2;205;205;230m██[38;2;205;205;230m██[38;2;205;205;230m██[38;2;16;16;16m██[38;2;16;16;16m██    
        [38;2;16;16;16m██[38;2;205;205;230m██[38;2;205;205;230m██[38;2;16;16;16m██[38;2;246;246;255m██[38;2;246;246;255m██[38;2;246;246;255m██[38;2;246;246;255m██[38;2;246;246;255m██[38;2;205;205;230m██[38;2;205;205;230m██[38;2;205;205;230m██[38;2;205;205;230m██[38;2;123;139;180m██[38;2;16;16;16m██        
          [38;2;16;16;16m██[38;2;16;16;16m██[38;2;16;16;16m██[38;2;246;246;255m██[38;2;246;246;255m██[38;2;246;246;255m██[38;2;205;205;230m██[38;2;123;139;180m██[38;2;16;16;16m██[38;2;16;16;16m██[38;2;16;16;16m██[38;2;16;16;16m██[38;2;123;139;180m██          
                [38;2;16;16;16m██[38;2;16;16;16m██[38;2;16;16;16m██[38;2;16;16;16m██[38;2;123;139;180m██                    
