                                                    [38;2;31;53;68m██[38;2;31;53;68m██[38;2;16;16;16m██                                                                                            
                                                  [38;2;31;53;68m██[38;2;92;139;181m██[38;2;92;139;181m██[38;2;16;16;16m██                                                                                            
                                                  [38;2;31;53;68m██[38;2;92;139;181m██[38;2;69;117;150m██[38;2;16;16;16m██                [38;2;16;16;16m██[38;2;16;16;16m██[38;2;16;16;16m██                                                                      
                                                  [38;2;31;53;68m██[38;2;92;139;181m██[38;2;69;117;150m██[38;2;16;16;16m██              [38;2;31;53;68m██[38;2;92;139;181m██[38;2;92;139;181m██[38;2;16;16;16m██                                                                      
                                                [38;2;31;53;68m██[38;2;92;139;181m██[38;2;92;139;181m██[38;2;69;117;150m██[38;2;16;16;16m██              [38;2;31;53;68m██[38;2;92;139;181m██[38;2;69;117;150m██[38;2;16;16;16m██                                                                      
                                                [38;2;31;53;68m██[38;2;92;139;181m██[38;2;92;139;181m██[38;2;69;117;150m██[38;2;16;16;16m██              [38;2;31;53;68m██[38;2;92;139;181m██[38;2;69;117;150m██[38;2;16;16;16m██                                                                      
                                                [38;2;31;53;68m██[38;2;92;139;181m██[38;2;69;117;150m██[38;2;69;117;150m██[38;2;16;16;16m██            [38;2;31;53;68m██[38;2;92;139;181m██[38;2;69;117;150m██[38;2;69;117;150m██[38;2;16;16;16m██                                                                      
                                              [38;2;31;53;68m██[38;2;92;139;181m██[38;2;92;139;181m██[38;2;69;117;150m██[38;2;69;117;150m██[38;2;16;16;16m██            [38;2;31;53;68m██[38;2;92;139;181m██[38;2;69;117;150m██[38;2;69;117;150m██[38;2;16;16;16m██                                                                      
                                              [38;2;31;53;68m██[38;2;92;139;181m██[38;2;92;139;181m██[38;2;69;117;150m██[38;2;69;117;150m██[38;2;16;16;16m██            [38;2;31;53;68m██[38;2;92;139;181m██[38;2;69;117;150m██[38;2;69;117;150m██[38;2;16;16;16m██                                                                      
                                              [38;2;31;53;68m██[38;2;92;139;181m██[38;2;69;117;150m██[38;2;69;117;150m██[38;2;69;117;150m██[38;2;16;16;16m██          [38;2;31;53;68m██[38;2;92;139;181m██[38;2;69;117;150m██[38;2;69;117;150m██[38;2;69;117;150m██[38;2;16;16;16m██                                                                      
                                              [38;2;31;53;68m██[38;2;92;139;181m██[38;2;69;117;150m██[38;2;69;117;150m██[38;2;69;117;150m██[38;2;16;16;16m██          [38;2;31;53;68m██[38;2;92;139;181m██[38;2;69;117;150m██[38;2;69;117;150m██[38;2;69;117;150m██[38;2;16;16;16m██                                                                      
                                            [38;2;31;53;68m██[38;2;92;139;181m██[38;2;92;139;181m██[38;2;69;117;150m██[38;2;69;117;150m██[38;2;69;117;150m██[38;2;16;16;16m██          [38;2;31;53;68m██[38;2;92;139;181m██[38;2;69;117;150m██[38;2;69;117;150m██[38;2;69;117;150m██[38;2;16;16;16m██                                                                      
                                            [38;2;31;53;68m██[38;2;92;139;181m██[38;2;92;139;181m██[38;2;69;117;150m██[38;2;69;117;150m██[38;2;69;117;150m██[38;2;16;16;16m██        [38;2;31;53;68m██[38;2;92;139;181m██[38;2;92;139;181m██[38;2;69;117;150m██[38;2;69;117;150m██[38;2;69;117;150m██[38;2;16;16;16m██                                                                      
                                            [38;2;31;53;68m██[38;2;92;139;181m██[38;2;92;139;181m██[38;2;69;117;150m██[38;2;69;117;150m██[38;2;69;117;150m██[38;2;16;16;16m██        [38;2;31;53;68m██[38;2;92;139;181m██[38;2;92;139;181m██[38;2;69;117;150m██[38;2;69;117;150m██[38;2;31;53;68m██                                                                        
                                            [38;2;31;53;68m██[38;2;92;139;181m██[38;2;92;139;181m██[38;2;69;117;150m██[38;2;69;117;150m██[38;2;69;117;150m██[38;2;16;16;16m██        [38;2;31;53;68m██[38;2;92;139;181m██[38;2;69;117;150m██[38;2;69;117;150m██[38;2;69;117;150m██[38;2;16;16;16m██                                                                        
                                          [38;2;31;53;68m██[38;2;92;139;181m██[38;2;92;139;181m██[38;2;92;139;181m██[38;2;69;117;150m██[38;2;69;117;150m██[38;2;69;117;150m██[38;2;16;16;16m██[38;2;31;53;68m██[38;2;31;53;68m██[38;2;31;53;68m██[38;2;31;53;68m██[38;2;31;53;68m██[38;2;92;139;181m██[38;2;69;117;150m██[38;2;69;117;150m██[38;2;69;117;150m██[38;2;16;16;16m██                                                                        
                                          [38;2;31;53;68m██[38;2;92;139;181m██[38;2;92;139;181m██[38;2;92;139;181m██[38;2;69;117;150m██[38;2;69;117;150m██[38;2;69;117;150m██[38;2;31;53;68m██[38;2;92;139;181m██[38;2;150;222;241m██[38;2;150;222;241m██[38;2;92;139;181m██[38;2;92;139;181m██[38;2;31;53;68m██[38;2;69;117;150m██[38;2;69;117;150m██[38;2;69;117;150m██[38;2;16;16;16m██                    [38;2;31;53;68m██[38;2;31;53;68m██[38;2;31;53;68m██[38;2;31;53;68m██[38;2;31;53;68m██[38;2;31;53;68m██                                        
                                          [38;2;31;53;68m██[38;2;92;139;181m██[38;2;92;139;181m██[38;2;69;117;150m██[38;2;69;117;150m██[38;2;69;117;150m██[38;2;69;117;150m██[38;2;92;139;181m██[38;2;92;139;181m██[38;2;92;139;181m██[38;2;92;139;181m██[38;2;92;139;181m██[38;2;92;139;181m██[38;2;92;139;181m██[38;2;69;117;150m██[38;2;69;117;150m██[38;2;69;117;150m██[38;2;16;16;16m██              [38;2;31;53;68m██[38;2;31;53;68m██[38;2;31;53;68m██[38;2;92;139;181m██[38;2;92;139;181m██[38;2;92;139;181m██[38;2;92;139;181m██[38;2;92;139;181m██[38;2;92;139;181m██[38;2;31;53;68m██[38;2;31;53;68m██[38;2;31;53;68m██                                  
                                          [38;2;31;53;68m██[38;2;92;139;181m██[38;2;92;139;181m██[38;2;69;117;150m██[38;2;69;117;150m██[38;2;69;117;150m██[38;2;69;117;150m██[38;2;92;139;181m██[38;2;92;139;181m██[38;2;69;117;150m██[38;2;69;117;150m██[38;2;69;117;150m██[38;2;69;117;150m██[38;2;69;117;150m██[38;2;69;117;150m██[38;2;69;117;150m██[38;2;69;117;150m██[38;2;16;16;16m██          [38;2;31;53;68m██[38;2;31;53;68m██[38;2;92;139;181m██[38;2;92;139;181m██[38;2;92;139;181m██[38;2;92;139;181m██[38;2;92;139;181m██[38;2;92;139;181m██[38;2;92;139;181m██[38;2;92;139;181m██[38;2;92;139;181m██[38;2;92;139;181m██[38;2;92;139;181m██[38;2;92;139;181m██[38;2;31;53;68m██[38;2;31;53;68m██                              
                                        [38;2;31;53;68m██[38;2;92;139;181m██[38;2;92;139;181m██[38;2;92;139;181m██[38;2;69;117;150m██[38;2;69;117;150m██[38;2;69;117;150m██[38;2;69;117;150m██[38;2;69;117;150m██[38;2;69;117;150m██[38;2;69;117;150m██[38;2;69;117;150m██[38;2;69;117;150m██[38;2;69;117;150m██[38;2;69;117;150m██[38;2;69;117;150m██[38;2;69;117;150m██[38;2;69;117;150m██[38;2;31;53;68m██        [38;2;31;53;68m██[38;2;69;117;150m██[38;2;92;139;181m██[38;2;92;139;181m██[38;2;92;139;181m██[38;2;92;139;181m██[38;2;92;139;181m██[38;2;92;139;181m██[38;2;92;139;181m██[38;2;92;139;181m██[38;2;92;139;181m██[38;2;92;139;181m██[38;2;92;139;181m██[38;2;92;139;181m██[38;2;92;139;181m██[38;2;92;139;181m██[38;2;92;139;181m██[38;2;31;53;68m██                            
                                        [38;2;31;53;68m██[38;2;92;139;181m██[38;2;92;139;181m██[38;2;69;117;150m██[38;2;69;117;150m██[38;2;69;117;150m██[38;2;69;117;150m██[38;2;69;117;150m██[38;2;69;117;150m██[38;2;69;117;150m██[38;2;69;117;150m██[38;2;69;117;150m██[38;2;69;117;150m██[38;2;69;117;150m██[38;2;69;117;150m██[38;2;69;117;150m██[38;2;69;117;150m██[38;2;69;117;150m██[38;2;69;117;150m██[38;2;16;16;16m██    [38;2;31;53;68m██[38;2;92;139;181m██[38;2;92;139;181m██[38;2;92;139;181m██[38;2;92;139;181m██[38;2;92;139;181m██[38;2;92;139;181m██[38;2;92;139;181m██[38;2;92;139;181m██[38;2;92;139;181m██[38;2;92;139;181m██[38;2;92;139;181m██[38;2;92;139;181m██[38;2;92;139;181m██[38;2;92;139;181m██[38;2;92;139;181m██[38;2;92;139;181m██[38;2;92;139;181m██[38;2;92;139;181m██[38;2;31;53;68m██                          
                                      [38;2;31;53;68m██[38;2;92;139;181m██[38;2;92;139;181m██[38;2;92;139;181m██[38;2;69;117;150m██[38;2;69;117;150m██[38;2;69;117;150m██[38;2;69;117;150m██[38;2;69;117;150m██[38;2;69;117;150m██[38;2;69;117;150m██[38;2;69;117;150m██[38;2;69;117;150m██[38;2;69;117;150m██[38;2;69;117;150m██[38;2;69;117;150m██[38;2;69;117;150m██[38;2;69;117;150m██[38;2;69;117;150m██[38;2;69;117;150m██[38;2;16;16;16m██  [38;2;31;53;68m██[38;2;92;139;181m██[38;2;92;139;181m██[38;2;150;222;241m██[38;2;92;139;181m██[38;2;92;139;181m██[38;2;92;139;181m██[38;2;92;139;181m██[38;2;92;139;181m██[38;2;92;139;181m██[38;2;92;139;181m██[38;2;92;139;181m██[38;2;92;139;181m██[38;2;92;139;181m██[38;2;92;139;181m██[38;2;92;139;181m██[38;2;92;139;181m██[38;2;92;139;181m██[38;2;92;139;181m██[38;2;92;139;181m██[38;2;69;117;150m██[38;2;31;53;68m██                        
                                    [38;2;31;53;68m██[38;2;92;139;181m██[38;2;92;139;181m██[38;2;92;139;181m██[38;2;92;139;181m██[38;2;69;117;150m██[38;2;69;117;150m██[38;2;69;117;150m██[38;2;69;117;150m██[38;2;69;117;150m██[38;2;69;117;150m██[38;2;69;117;150m██[38;2;69;117;150m██[38;2;69;117;150m██[38;2;69;117;150m██[38;2;69;117;150m██[38;2;69;117;150m██[38;2;69;117;150m██[38;2;69;117;150m██[38;2;69;117;150m██[38;2;69;117;150m██[38;2;69;117;150m██[38;2;31;53;68m██[38;2;69;117;150m██[38;2;92;139;181m██[38;2;150;222;241m██[38;2;92;139;181m██[38;2;92;139;181m██[38;2;92;139;181m██[38;2;92;139;181m██[38;2;92;139;181m██[38;2;92;139;181m██[38;2;92;139;181m██[38;2;92;139;181m██[38;2;92;139;181m██[38;2;92;139;181m██[38;2;92;139;181m██[38;2;92;139;181m██[38;2;92;139;181m██[38;2;92;139;181m██[38;2;92;139;181m██[38;2;92;139;181m██[38;2;92;139;181m██[38;2;92;139;181m██[38;2;31;53;68m██                        
                                  [38;2;31;53;68m██[38;2;92;139;181m██[38;2;92;139;181m██[38;2;92;139;181m██[38;2;92;139;181m██[38;2;92;139;181m██[38;2;69;117;150m██[38;2;69;117;150m██[38;2;69;117;150m██[38;2;69;117;150m██[38;2;69;117;150m██[38;2;69;117;150m██[38;2;69;117;150m██[38;2;69;117;150m██[38;2;69;117;150m██[38;2;69;117;150m██[38;2;69;117;150m██[38;2;69;117;150m██[38;2;69;117;150m██[38;2;69;117;150m██[38;2;69;117;150m██[38;2;69;117;150m██[38;2;69;117;150m██[38;2;31;53;68m██[38;2;92;139;181m██[38;2;150;222;241m██[38;2;150;222;241m██[38;2;92;139;181m██[38;2;92;139;181m██[38;2;92;139;181m██[38;2;92;139;181m██[38;2;92;139;181m██[38;2;92;139;181m██[38;2;92;139;181m██[38;2;92;139;181m██[38;2;92;139;181m██[38;2;92;139;181m██[38;2;92;139;181m██[38;2;92;139;181m██[38;2;92;139;181m██[38;2;92;139;181m██[38;2;92;139;181m██[38;2;92;139;181m██[38;2;92;139;181m██[38;2;92;139;181m██[38;2;92;139;181m██[38;2;31;53;68m██                      
                                [38;2;31;53;68m██[38;2;92;139;181m██[38;2;92;139;181m██[38;2;92;139;181m██[38;2;92;139;181m██[38;2;92;139;181m██[38;2;92;139;181m██[38;2;69;117;150m██[38;2;69;117;150m██[38;2;69;117;150m██[38;2;69;117;150m██[38;2;69;117;150m██[38;2;69;117;150m██[38;2;69;117;150m██[38;2;69;117;150m██[38;2;69;117;150m██[38;2;69;117;150m██[38;2;100;30;44m██[38;2;100;30;44m██[38;2;100;30;44m██[38;2;100;30;44m██[38;2;100;30;44m██[38;2;100;30;44m██[38;2;100;30;44m██[38;2;69;117;150m██[38;2;92;139;181m██[38;2;150;222;241m██[38;2;92;139;181m██[38;2;92;139;181m██[38;2;92;139;181m██[38;2;92;139;181m██[38;2;92;139;181m██[38;2;92;139;181m██[38;2;92;139;181m██[38;2;92;139;181m██[38;2;92;139;181m██[38;2;92;139;181m██[38;2;92;139;181m██[38;2;92;139;181m██[38;2;92;139;181m██[38;2;92;139;181m██[38;2;92;139;181m██[38;2;92;139;181m██[38;2;92;139;181m██[38;2;92;139;181m██[38;2;92;139;181m██[38;2;92;139;181m██[38;2;31;53;68m██                      
                              [38;2;31;53;68m██[38;2;92;139;181m██[38;2;150;222;241m██[38;2;92;139;181m██[38;2;92;139;181m██[38;2;92;139;181m██[38;2;92;139;181m██[38;2;92;139;181m██[38;2;69;117;150m██[38;2;69;117;150m██[38;2;69;117;150m██[38;2;69;117;150m██[38;2;69;117;150m██[38;2;69;117;150m██[38;2;69;117;150m██[38;2;100;30;44m██[38;2;100;30;44m██[38;2;100;30;44m██[38;2;224;82;118m██[38;2;224;82;118m██[38;2;224;82;118m██[38;2;224;82;118m██[38;2;224;82;118m██[38;2;224;82;118m██[38;2;31;53;68m██[38;2;92;139;181m██[38;2;92;139;181m██[38;2;92;139;181m██[38;2;92;139;181m██[38;2;92;139;181m██[38;2;92;139;181m██[38;2;92;139;181m██[38;2;92;139;181m██[38;2;92;139;181m██[38;2;92;139;181m██[38;2;92;139;181m██[38;2;92;139;181m██[38;2;92;139;181m██[38;2;92;139;181m██[38;2;92;139;181m██[38;2;92;139;181m██[38;2;92;139;181m██[38;2;92;139;181m██[38;2;92;139;181m██[38;2;92;139;181m██[38;2;92;139;181m██[38;2;92;139;181m██[38;2;92;139;181m██[38;2;31;53;68m██                      
                            [38;2;31;53;68m██[38;2;92;139;181m██[38;2;150;222;241m██[38;2;92;139;181m██[38;2;92;139;181m██[38;2;92;139;181m██[38;2;92;139;181m██[38;2;92;139;181m██[38;2;92;139;181m██[38;2;69;117;150m██[38;2;69;117;150m██[38;2;69;117;150m██[38;2;69;117;150m██[38;2;69;117;150m██[38;2;100;30;44m██[38;2;100;30;44m██[38;2;224;82;118m██[38;2;224;82;118m██[38;2;224;82;118m██[38;2;224;82;118m██[38;2;224;82;118m██[38;2;224;82;118m██[38;2;224;82;118m██[38;2;224;82;118m██[38;2;224;82;118m██[38;2;31;53;68m██[38;2;92;139;181m██[38;2;92;139;181m██[38;2;92;139;181m██[38;2;92;139;181m██[38;2;92;139;181m██[38;2;92;139;181m██[38;2;92;139;181m██[38;2;92;139;181m██[38;2;92;139;181m██[38;2;92;139;181m██[38;2;92;139;181m██[38;2;92;139;181m██[38;2;92;139;181m██[38;2;92;139;181m██[38;2;92;139;181m██[38;2;92;139;181m██[38;2;92;139;181m██[38;2;92;139;181m██[38;2;92;139;181m██[38;2;92;139;181m██[38;2;92;139;181m██[38;2;92;139;181m██[38;2;92;139;181m██[38;2;92;139;181m██[38;2;31;53;68m██                    
                          [38;2;31;53;68m██[38;2;92;139;181m██[38;2;92;139;181m██[38;2;92;139;181m██[38;2;92;139;181m██[38;2;92;139;181m██[38;2;92;139;181m██[38;2;92;139;181m██[38;2;92;139;181m██[38;2;92;139;181m██[38;2;69;117;150m██[38;2;69;117;150m██[38;2;69;117;150m██[38;2;100;30;44m██[38;2;100;30;44m██[38;2;224;82;118m██[38;2;224;82;118m██[38;2;242;122;153m██[38;2;224;82;118m██[38;2;224;82;118m██[38;2;224;82;118m██[38;2;224;82;118m██[38;2;224;82;118m██[38;2;224;82;118m██[38;2;224;82;118m██[38;2;224;82;118m██[38;2;31;53;68m██[38;2;92;139;181m██[38;2;92;139;181m██[38;2;92;139;181m██[38;2;92;139;181m██[38;2;92;139;181m██[38;2;92;139;181m██[38;2;92;139;181m██[38;2;92;139;181m██[38;2;92;139;181m██[38;2;92;139;181m██[38;2;92;139;181m██[38;2;92;139;181m██[38;2;92;139;181m██[38;2;92;139;181m██[38;2;92;139;181m██[38;2;92;139;181m██[38;2;92;139;181m██[38;2;92;139;181m██[38;2;92;139;181m██[38;2;92;139;181m██[38;2;92;139;181m██[38;2;92;139;181m██[38;2;92;139;181m██[38;2;92;139;181m██[38;2;31;53;68m██                    
                        [38;2;31;53;68m██[38;2;92;139;181m██[38;2;92;139;181m██[38;2;92;139;181m██[38;2;92;139;181m██[38;2;92;139;181m██[38;2;92;139;181m██[38;2;31;53;68m██[38;2;31;53;68m██[38;2;92;139;181m██[38;2;92;139;181m██[38;2;92;139;181m██[38;2;69;117;150m██[38;2;100;30;44m██[38;2;224;82;118m██[38;2;242;122;153m██[38;2;242;122;153m██[38;2;242;122;153m██[38;2;224;82;118m██[38;2;224;82;118m██[38;2;224;82;118m██[38;2;224;82;118m██[38;2;224;82;118m██[38;2;224;82;118m██[38;2;224;82;118m██[38;2;224;82;118m██[38;2;224;82;118m██[38;2;31;53;68m██[38;2;92;139;181m██[38;2;92;139;181m██[38;2;92;139;181m██[38;2;92;139;181m██[38;2;92;139;181m██[38;2;92;139;181m██[38;2;92;139;181m██[38;2;92;139;181m██[38;2;92;139;181m██[38;2;92;139;181m██[38;2;92;139;181m██[38;2;92;139;181m██[38;2;92;139;181m██[38;2;92;139;181m██[38;2;92;139;181m██[38;2;92;139;181m██[38;2;92;139;181m██[38;2;92;139;181m██[38;2;92;139;181m██[38;2;92;139;181m██[38;2;92;139;181m██[38;2;92;139;181m██[38;2;92;139;181m██[38;2;92;139;181m██[38;2;31;53;68m██                    
                      [38;2;31;53;68m██[38;2;92;139;181m██[38;2;92;139;181m██[38;2;92;139;181m██[38;2;92;139;181m██[38;2;92;139;181m██[38;2;92;139;181m██[38;2;31;53;68m██[38;2;52;89;115m██[38;2;31;53;68m██[38;2;92;139;181m██[38;2;92;139;181m██[38;2;92;139;181m██[38;2;100;30;44m██[38;2;224;82;118m██[38;2;242;122;153m██[38;2;242;122;153m██[38;2;242;122;153m██[38;2;224;82;118m██[38;2;242;122;153m██[38;2;224;82;118m██[38;2;224;82;118m██[38;2;224;82;118m██[38;2;224;82;118m██[38;2;182;54;80m██[38;2;224;82;118m██[38;2;224;82;118m██[38;2;224;82;118m██[38;2;31;53;68m██[38;2;92;139;181m██[38;2;92;139;181m██[38;2;92;139;181m██[38;2;92;139;181m██[38;2;92;139;181m██[38;2;92;139;181m██[38;2;69;117;150m██[38;2;69;117;150m██[38;2;92;139;181m██[38;2;92;139;181m██[38;2;92;139;181m██[38;2;92;139;181m██[38;2;92;139;181m██[38;2;92;139;181m██[38;2;92;139;181m██[38;2;92;139;181m██[38;2;92;139;181m██[38;2;92;139;181m██[38;2;92;139;181m██[38;2;92;139;181m██[38;2;92;139;181m██[38;2;92;139;181m██[38;2;92;139;181m██[38;2;92;139;181m██[38;2;69;117;150m██[38;2;31;53;68m██                  
                      [38;2;31;53;68m██[38;2;92;139;181m██[38;2;92;139;181m██[38;2;92;139;181m██[38;2;92;139;181m██[38;2;92;139;181m██[38;2;69;117;150m██[38;2;92;139;181m██[38;2;52;89;115m██[38;2;31;53;68m██[38;2;92;139;181m██[38;2;92;139;181m██[38;2;100;30;44m██[38;2;182;54;80m██[38;2;224;82;118m██[38;2;242;122;153m██[38;2;242;122;153m██[38;2;224;82;118m██[38;2;242;122;153m██[38;2;224;82;118m██[38;2;224;82;118m██[38;2;224;82;118m██[38;2;224;82;118m██[38;2;182;54;80m██[38;2;182;54;80m██[38;2;224;82;118m██[38;2;224;82;118m██[38;2;224;82;118m██[38;2;31;53;68m██[38;2;92;139;181m██[38;2;92;139;181m██[38;2;92;139;181m██[38;2;92;139;181m██[38;2;92;139;181m██[38;2;92;139;181m██[38;2;92;139;181m██[38;2;92;139;181m██[38;2;69;117;150m██[38;2;92;139;181m██[38;2;92;139;181m██[38;2;92;139;181m██[38;2;92;139;181m██[38;2;92;139;181m██[38;2;92;139;181m██[38;2;92;139;181m██[38;2;92;139;181m██[38;2;92;139;181m██[38;2;92;139;181m██[38;2;92;139;181m██[38;2;92;139;181m██[38;2;92;139;181m██[38;2;92;139;181m██[38;2;92;139;181m██[38;2;92;139;181m██[38;2;31;53;68m██                  
                    [38;2;31;53;68m██[38;2;92;139;181m██[38;2;92;139;181m██[38;2;92;139;181m██[38;2;92;139;181m██[38;2;92;139;181m██[38;2;69;117;150m██[38;2;92;139;181m██[38;2;92;139;181m██[38;2;52;89;115m██[38;2;31;53;68m██[38;2;92;139;181m██[38;2;100;30;44m██[38;2;182;54;80m██[38;2;182;54;80m██[38;2;224;82;118m██[38;2;224;82;118m██[38;2;224;82;118m██[38;2;224;82;118m██[38;2;182;54;80m██[38;2;224;82;118m██[38;2;224;82;118m██[38;2;224;82;118m██[38;2;224;82;118m██[38;2;182;54;80m██[38;2;224;82;118m██[38;2;182;54;80m██[38;2;224;82;118m██[38;2;224;82;118m██[38;2;31;53;68m██[38;2;92;139;181m██[38;2;92;139;181m██[38;2;92;139;181m██[38;2;92;139;181m██[38;2;92;139;181m██[38;2;92;139;181m██[38;2;92;139;181m██[38;2;92;139;181m██[38;2;92;139;181m██[38;2;69;117;150m██[38;2;92;139;181m██[38;2;92;139;181m██[38;2;92;139;181m██[38;2;92;139;181m██[38;2;92;139;181m██[38;2;92;139;181m██[38;2;92;139;181m██[38;2;92;139;181m██[38;2;92;139;181m██[38;2;92;139;181m██[38;2;92;139;181m██[38;2;92;139;181m██[38;2;92;139;181m██[38;2;92;139;181m██[38;2;92;139;181m██[38;2;31;53;68m██                  
                    [38;2;31;53;68m██[38;2;92;139;181m██[38;2;92;139;181m██[38;2;92;139;181m██[38;2;92;139;181m██[38;2;31;53;68m██[38;2;92;139;181m██[38;2;92;139;181m██[38;2;92;139;181m██[38;2;52;89;115m██[38;2;31;53;68m██[38;2;100;30;44m██[38;2;182;54;80m██[38;2;224;82;118m██[38;2;224;82;118m██[38;2;182;54;80m██[38;2;224;82;118m██[38;2;224;82;118m██[38;2;182;54;80m██[38;2;224;82;118m██[38;2;182;54;80m██[38;2;224;82;118m██[38;2;224;82;118m██[38;2;182;54;80m██[38;2;224;82;118m██[38;2;224;82;118m██[38;2;182;54;80m██[38;2;224;82;118m██[38;2;224;82;118m██[38;2;224;82;118m██[38;2;31;53;68m██[38;2;92;139;181m██[38;2;92;139;181m██[38;2;92;139;181m██[38;2;92;139;181m██[38;2;92;139;181m██[38;2;92;139;181m██[38;2;92;139;181m██[38;2;92;139;181m██[38;2;69;117;150m██[38;2;92;139;181m██[38;2;92;139;181m██[38;2;92;139;181m██[38;2;92;139;181m██[38;2;92;139;181m██[38;2;92;139;181m██[38;2;92;139;181m██[38;2;92;139;181m██[38;2;92;139;181m██[38;2;92;139;181m██[38;2;92;139;181m██[38;2;92;139;181m██[38;2;92;139;181m██[38;2;92;139;181m██[38;2;92;139;181m██[38;2;31;53;68m██                  
                    [38;2;31;53;68m██[38;2;92;139;181m██[38;2;92;139;181m██[38;2;92;139;181m██[38;2;31;53;68m██[38;2;92;139;181m██[38;2;92;139;181m██[38;2;92;139;181m██[38;2;69;117;150m██[38;2;52;89;115m██[38;2;69;117;150m██[38;2;100;30;44m██[38;2;182;54;80m██[38;2;224;82;118m██[38;2;224;82;118m██[38;2;182;54;80m██[38;2;224;82;118m██[38;2;182;54;80m██[38;2;224;82;118m██[38;2;224;82;118m██[38;2;224;82;118m██[38;2;182;54;80m██[38;2;224;82;118m██[38;2;182;54;80m██[38;2;224;82;118m██[38;2;224;82;118m██[38;2;224;82;118m██[38;2;182;54;80m██[38;2;224;82;118m██[38;2;224;82;118m██[38;2;224;82;118m██[38;2;31;53;68m██[38;2;92;139;181m██[38;2;92;139;181m██[38;2;92;139;181m██[38;2;92;139;181m██[38;2;92;139;181m██[38;2;92;139;181m██[38;2;92;139;181m██[38;2;69;117;150m██[38;2;92;139;181m██[38;2;92;139;181m██[38;2;92;139;181m██[38;2;92;139;181m██[38;2;92;139;181m██[38;2;92;139;181m██[38;2;92;139;181m██[38;2;92;139;181m██[38;2;92;139;181m██[38;2;92;139;181m██[38;2;92;139;181m██[38;2;92;139;181m██[38;2;92;139;181m██[38;2;92;139;181m██[38;2;92;139;181m██[38;2;31;53;68m██                  
                    [38;2;31;53;68m██[38;2;92;139;181m██[38;2;92;139;181m██[38;2;69;117;150m██[38;2;69;117;150m██[38;2;92;139;181m██[38;2;92;139;181m██[38;2;92;139;181m██[38;2;52;89;115m██[38;2;31;53;68m██[38;2;100;30;44m██[38;2;182;54;80m██[38;2;224;82;118m██[38;2;224;82;118m██[38;2;224;82;118m██[38;2;224;82;118m██[38;2;182;54;80m██[38;2;224;82;118m██[38;2;224;82;118m██[38;2;224;82;118m██[38;2;224;82;118m██[38;2;224;82;118m██[38;2;182;54;80m██[38;2;224;82;118m██[38;2;224;82;118m██[38;2;224;82;118m██[38;2;224;82;118m██[38;2;182;54;80m██[38;2;224;82;118m██[38;2;224;82;118m██[38;2;224;82;118m██[38;2;182;54;80m██[38;2;31;53;68m██[38;2;92;139;181m██[38;2;92;139;181m██[38;2;92;139;181m██[38;2;92;139;181m██[38;2;92;139;181m██[38;2;92;139;181m██[38;2;92;139;181m██[38;2;69;117;150m██[38;2;92;139;181m██[38;2;92;139;181m██[38;2;92;139;181m██[38;2;92;139;181m██[38;2;92;139;181m██[38;2;92;139;181m██[38;2;92;139;181m██[38;2;92;139;181m██[38;2;92;139;181m██[38;2;92;139;181m██[38;2;92;139;181m██[38;2;92;139;181m██[38;2;92;139;181m██[38;2;92;139;181m██[38;2;31;53;68m██                  
                    [38;2;31;53;68m██[38;2;92;139;181m██[38;2;92;139;181m██[38;2;31;53;68m██[38;2;92;139;181m██[38;2;92;139;181m██[38;2;92;139;181m██[38;2;69;117;150m██[38;2;52;89;115m██[38;2;31;53;68m██[38;2;100;30;44m██[38;2;182;54;80m██[38;2;224;82;118m██[38;2;224;82;118m██[38;2;224;82;118m██[38;2;224;82;118m██[38;2;224;82;118m██[38;2;224;82;118m██[38;2;224;82;118m██[38;2;224;82;118m██[38;2;224;82;118m██[38;2;224;82;118m██[38;2;224;82;118m██[38;2;224;82;118m██[38;2;224;82;118m██[38;2;224;82;118m██[38;2;224;82;118m██[38;2;224;82;118m██[38;2;182;54;80m██[38;2;224;82;118m██[38;2;182;54;80m██[38;2;224;82;118m██[38;2;31;53;68m██[38;2;92;139;181m██[38;2;92;139;181m██[38;2;92;139;181m██[38;2;92;139;181m██[38;2;92;139;181m██[38;2;92;139;181m██[38;2;92;139;181m██[38;2;69;117;150m██[38;2;92;139;181m██[38;2;92;139;181m██[38;2;92;139;181m██[38;2;92;139;181m██[38;2;92;139;181m██[38;2;92;139;181m██[38;2;92;139;181m██[38;2;69;117;150m██[38;2;69;117;150m██[38;2;69;117;150m██[38;2;69;117;150m██[38;2;69;117;150m██[38;2;92;139;181m██[38;2;92;139;181m██[38;2;31;53;68m██                  
                    [38;2;31;53;68m██[38;2;92;139;181m██[38;2;69;117;150m██[38;2;31;53;68m██[38;2;92;139;181m██[38;2;69;117;150m██[38;2;52;89;115m██[38;2;52;89;115m██[38;2;31;53;68m██[38;2;100;30;44m██[38;2;182;54;80m██[38;2;224;82;118m██[38;2;224;82;118m██[38;2;224;82;118m██[38;2;224;82;118m██[38;2;224;82;118m██[38;2;224;82;118m██[38;2;224;82;118m██[38;2;224;82;118m██[38;2;224;82;118m██[38;2;224;82;118m██[38;2;224;82;118m██[38;2;224;82;118m██[38;2;224;82;118m██[38;2;224;82;118m██[38;2;224;82;118m██[38;2;224;82;118m██[38;2;224;82;118m██[38;2;182;54;80m██[38;2;224;82;118m██[38;2;182;54;80m██[38;2;224;82;118m██[38;2;224;82;118m██[38;2;31;53;68m██[38;2;92;139;181m██[38;2;92;139;181m██[38;2;92;139;181m██[38;2;92;139;181m██[38;2;92;139;181m██[38;2;92;139;181m██[38;2;69;117;150m██[38;2;92;139;181m██[38;2;92;139;181m██[38;2;92;139;181m██[38;2;92;139;181m██[38;2;92;139;181m██[38;2;69;117;150m██[38;2;69;117;150m██[38;2;69;117;150m██[38;2;69;117;150m██[38;2;69;117;150m██[38;2;69;117;150m██[38;2;69;117;150m██[38;2;69;117;150m██[38;2;92;139;181m██[38;2;31;53;68m██                  
                      [38;2;31;53;68m██[38;2;31;53;68m██[38;2;52;89;115m██[38;2;52;89;115m██[38;2;52;89;115m██[38;2;31;53;68m██[38;2;69;117;150m██[38;2;92;139;181m██[38;2;100;30;44m██[38;2;224;82;118m██[38;2;224;82;118m██[38;2;224;82;118m██[38;2;224;82;118m██[38;2;224;82;118m██[38;2;118;223;245m██[38;2;19;158;225m██[38;2;182;54;80m██[38;2;224;82;118m██[38;2;224;82;118m██[38;2;224;82;118m██[38;2;224;82;118m██[38;2;224;82;118m██[38;2;224;82;118m██[38;2;224;82;118m██[38;2;224;82;118m██[38;2;224;82;118m██[38;2;224;82;118m██[38;2;224;82;118m██[38;2;182;54;80m██[38;2;224;82;118m██[38;2;224;82;118m██[38;2;224;82;118m██[38;2;31;53;68m██[38;2;92;139;181m██[38;2;92;139;181m██[38;2;92;139;181m██[38;2;92;139;181m██[38;2;92;139;181m██[38;2;92;139;181m██[38;2;69;117;150m██[38;2;92;139;181m██[38;2;92;139;181m██[38;2;92;139;181m██[38;2;92;139;181m██[38;2;69;117;150m██[38;2;69;117;150m██[38;2;69;117;150m██[38;2;69;117;150m██[38;2;69;117;150m██[38;2;69;117;150m██[38;2;69;117;150m██[38;2;69;117;150m██[38;2;69;117;150m██[38;2;69;117;150m██[38;2;31;53;68m██                  
                      [38;2;31;53;68m██[38;2;92;139;181m██[38;2;52;89;115m██[38;2;31;53;68m██[38;2;69;117;150m██[38;2;92;139;181m██[38;2;92;139;181m██[38;2;92;139;181m██[38;2;100;30;44m██[38;2;224;82;118m██[38;2;224;82;118m██[38;2;224;82;118m██[38;2;224;82;118m██[38;2;224;82;118m██[38;2;19;158;225m██[38;2;34;97;202m██[38;2;182;54;80m██[38;2;224;82;118m██[38;2;224;82;118m██[38;2;224;82;118m██[38;2;224;82;118m██[38;2;224;82;118m██[38;2;118;223;245m██[38;2;19;158;225m██[38;2;182;54;80m██[38;2;224;82;118m██[38;2;224;82;118m██[38;2;224;82;118m██[38;2;224;82;118m██[38;2;224;82;118m██[38;2;224;82;118m██[38;2;224;82;118m██[38;2;224;82;118m██[38;2;31;53;68m██[38;2;92;139;181m██[38;2;92;139;181m██[38;2;92;139;181m██[38;2;92;139;181m██[38;2;92;139;181m██[38;2;92;139;181m██[38;2;92;139;181m██[38;2;92;139;181m██[38;2;92;139;181m██[38;2;69;117;150m██[38;2;69;117;150m██[38;2;69;117;150m██[38;2;69;117;150m██[38;2;69;117;150m██[38;2;69;117;150m██[38;2;69;117;150m██[38;2;69;117;150m██[38;2;69;117;150m██[38;2;69;117;150m██[38;2;69;117;150m██[38;2;31;53;68m██                  
            [38;2;31;53;68m██[38;2;31;53;68m██      [38;2;31;53;68m██[38;2;52;89;115m██[38;2;31;53;68m██[38;2;92;139;181m██[38;2;92;139;181m██[38;2;92;139;181m██[38;2;92;139;181m██[38;2;100;30;44m██[38;2;224;82;118m██[38;2;224;82;118m██[38;2;224;82;118m██[38;2;224;82;118m██[38;2;224;82;118m██[38;2;224;82;118m██[38;2;182;54;80m██[38;2;182;54;80m██[38;2;224;82;118m██[38;2;224;82;118m██[38;2;224;82;118m██[38;2;224;82;118m██[38;2;224;82;118m██[38;2;224;82;118m██[38;2;19;158;225m██[38;2;34;97;202m██[38;2;182;54;80m██[38;2;224;82;118m██[38;2;224;82;118m██[38;2;224;82;118m██[38;2;224;82;118m██[38;2;224;82;118m██[38;2;224;82;118m██[38;2;224;82;118m██[38;2;224;82;118m██[38;2;31;53;68m██[38;2;92;139;181m██[38;2;92;139;181m██[38;2;92;139;181m██[38;2;92;139;181m██[38;2;92;139;181m██[38;2;92;139;181m██[38;2;69;117;150m██[38;2;92;139;181m██[38;2;92;139;181m██[38;2;69;117;150m██[38;2;69;117;150m██[38;2;69;117;150m██[38;2;69;117;150m██[38;2;69;117;150m██[38;2;69;117;150m██[38;2;69;117;150m██[38;2;69;117;150m██[38;2;69;117;150m██[38;2;69;117;150m██[38;2;69;117;150m██[38;2;31;53;68m██                  
          [38;2;31;53;68m██[38;2;92;139;181m██[38;2;31;53;68m██    [38;2;31;53;68m██[38;2;92;139;181m██[38;2;52;89;115m██[38;2;69;117;150m██[38;2;92;139;181m██[38;2;92;139;181m██[38;2;92;139;181m██[38;2;92;139;181m██[38;2;100;30;44m██[38;2;224;82;118m██[38;2;224;82;118m██[38;2;224;82;118m██[38;2;224;82;118m██[38;2;224;82;118m██[38;2;224;82;118m██[38;2;224;82;118m██[38;2;224;82;118m██[38;2;224;82;118m██[38;2;118;223;245m██[38;2;19;158;225m██[38;2;182;54;80m██[38;2;224;82;118m██[38;2;224;82;118m██[38;2;182;54;80m██[38;2;182;54;80m██[38;2;224;82;118m██[38;2;224;82;118m██[38;2;224;82;118m██[38;2;224;82;118m██[38;2;224;82;118m██[38;2;224;82;118m██[38;2;224;82;118m██[38;2;224;82;118m██[38;2;224;82;118m██[38;2;31;53;68m██[38;2;92;139;181m██[38;2;92;139;181m██[38;2;92;139;181m██[38;2;92;139;181m██[38;2;92;139;181m██[38;2;92;139;181m██[38;2;69;117;150m██[38;2;92;139;181m██[38;2;69;117;150m██[38;2;69;117;150m██[38;2;69;117;150m██[38;2;69;117;150m██[38;2;69;117;150m██[38;2;69;117;150m██[38;2;69;117;150m██[38;2;69;117;150m██[38;2;69;117;150m██[38;2;69;117;150m██[38;2;69;117;150m██[38;2;69;117;150m██[38;2;31;53;68m██                  
          [38;2;31;53;68m██[38;2;69;117;150m██[38;2;31;53;68m██    [38;2;31;53;68m██[38;2;52;89;115m██[38;2;31;53;68m██[38;2;92;139;181m██[38;2;92;139;181m██[38;2;92;139;181m██[38;2;92;139;181m██[38;2;92;139;181m██[38;2;100;30;44m██[38;2;224;82;118m██[38;2;224;82;118m██[38;2;224;82;118m██[38;2;224;82;118m██[38;2;224;82;118m██[38;2;224;82;118m██[38;2;224;82;118m██[38;2;224;82;118m██[38;2;224;82;118m██[38;2;19;158;225m██[38;2;34;97;202m██[38;2;182;54;80m██[38;2;224;82;118m██[38;2;224;82;118m██[38;2;224;82;118m██[38;2;224;82;118m██[38;2;224;82;118m██[38;2;224;82;118m██[38;2;224;82;118m██[38;2;224;82;118m██[38;2;224;82;118m██[38;2;224;82;118m██[38;2;224;82;118m██[38;2;224;82;118m██[38;2;224;82;118m██[38;2;31;53;68m██[38;2;92;139;181m██[38;2;92;139;181m██[38;2;92;139;181m██[38;2;92;139;181m██[38;2;92;139;181m██[38;2;92;139;181m██[38;2;69;117;150m██[38;2;92;139;181m██[38;2;69;117;150m██[38;2;69;117;150m██[38;2;69;117;150m██[38;2;69;117;150m██[38;2;69;117;150m██[38;2;69;117;150m██[38;2;69;117;150m██[38;2;69;117;150m██[38;2;69;117;150m██[38;2;69;117;150m██[38;2;69;117;150m██[38;2;69;117;150m██[38;2;31;53;68m██                  
        [38;2;31;53;68m██[38;2;92;139;181m██[38;2;69;117;150m██[38;2;31;53;68m██    [38;2;31;53;68m██[38;2;52;89;115m██[38;2;69;117;150m██[38;2;92;139;181m██[38;2;92;139;181m██[38;2;92;139;181m██[38;2;92;139;181m██[38;2;92;139;181m██[38;2;100;30;44m██[38;2;224;82;118m██[38;2;224;82;118m██[38;2;224;82;118m██[38;2;224;82;118m██[38;2;224;82;118m██[38;2;224;82;118m██[38;2;118;223;245m██[38;2;19;158;225m██[38;2;182;54;80m██[38;2;182;54;80m██[38;2;182;54;80m██[38;2;224;82;118m██[38;2;224;82;118m██[38;2;224;82;118m██[38;2;224;82;118m██[38;2;224;82;118m██[38;2;224;82;118m██[38;2;224;82;118m██[38;2;224;82;118m██[38;2;224;82;118m██[38;2;224;82;118m██[38;2;224;82;118m██[38;2;224;82;118m██[38;2;224;82;118m██[38;2;224;82;118m██[38;2;31;53;68m██[38;2;92;139;181m██[38;2;92;139;181m██[38;2;92;139;181m██[38;2;92;139;181m██[38;2;92;139;181m██[38;2;92;139;181m██[38;2;92;139;181m██[38;2;69;117;150m██[38;2;69;117;150m██[38;2;69;117;150m██[38;2;69;117;150m██[38;2;69;117;150m██[38;2;69;117;150m██[38;2;69;117;150m██[38;2;69;117;150m██[38;2;69;117;150m██[38;2;69;117;150m██[38;2;69;117;150m██[38;2;69;117;150m██[38;2;69;117;150m██[38;2;31;53;68m██                  
        [38;2;31;53;68m██[38;2;92;139;181m██[38;2;31;53;68m██    [38;2;31;53;68m██[38;2;52;89;115m██[38;2;31;53;68m██[38;2;92;139;181m██[38;2;69;117;150m██[38;2;92;139;181m██[38;2;92;139;181m██[38;2;92;139;181m██[38;2;92;139;181m██[38;2;100;30;44m██[38;2;224;82;118m██[38;2;224;82;118m██[38;2;224;82;118m██[38;2;224;82;118m██[38;2;224;82;118m██[38;2;224;82;118m██[38;2;19;158;225m██[38;2;34;97;202m██[38;2;182;54;80m██[38;2;224;82;118m██[38;2;224;82;118m██[38;2;224;82;118m██[38;2;224;82;118m██[38;2;118;223;245m██[38;2;19;158;225m██[38;2;182;54;80m██[38;2;224;82;118m██[38;2;224;82;118m██[38;2;224;82;118m██[38;2;224;82;118m██[38;2;224;82;118m██[38;2;224;82;118m██[38;2;224;82;118m██[38;2;224;82;118m██[38;2;224;82;118m██[38;2;31;53;68m██[38;2;92;139;181m██[38;2;92;139;181m██[38;2;92;139;181m██[38;2;92;139;181m██[38;2;92;139;181m██[38;2;92;139;181m██[38;2;92;139;181m██[38;2;69;117;150m██[38;2;69;117;150m██[38;2;69;117;150m██[38;2;69;117;150m██[38;2;69;117;150m██[38;2;69;117;150m██[38;2;69;117;150m██[38;2;69;117;150m██[38;2;69;117;150m██[38;2;69;117;150m██[38;2;69;117;150m██[38;2;69;117;150m██[38;2;69;117;150m██[38;2;31;53;68m██                  
        [38;2;31;53;68m██[38;2;92;139;181m██[38;2;31;53;68m██    [38;2;31;53;68m██[38;2;52;89;115m██[38;2;69;117;150m██[38;2;92;139;181m██[38;2;69;117;150m██[38;2;92;139;181m██[38;2;92;139;181m██[38;2;92;139;181m██[38;2;92;139;181m██[38;2;100;30;44m██[38;2;224;82;118m██[38;2;224;82;118m██[38;2;224;82;118m██[38;2;224;82;118m██[38;2;224;82;118m██[38;2;224;82;118m██[38;2;182;54;80m██[38;2;182;54;80m██[38;2;224;82;118m██[38;2;118;223;245m██[38;2;19;158;225m██[38;2;182;54;80m██[38;2;224;82;118m██[38;2;19;158;225m██[38;2;34;97;202m██[38;2;182;54;80m██[38;2;224;82;118m██[38;2;224;82;118m██[38;2;224;82;118m██[38;2;224;82;118m██[38;2;224;82;118m██[38;2;224;82;118m██[38;2;224;82;118m██[38;2;224;82;118m██[38;2;224;82;118m██[38;2;31;53;68m██[38;2;92;139;181m██[38;2;92;139;181m██[38;2;92;139;181m██[38;2;92;139;181m██[38;2;92;139;181m██[38;2;92;139;181m██[38;2;92;139;181m██[38;2;52;89;115m██[38;2;69;117;150m██[38;2;69;117;150m██[38;2;69;117;150m██[38;2;69;117;150m██[38;2;69;117;150m██[38;2;69;117;150m██[38;2;69;117;150m██[38;2;69;117;150m██[38;2;69;117;150m██[38;2;69;117;150m██[38;2;69;117;150m██[38;2;69;117;150m██[38;2;31;53;68m██                  
      [38;2;31;53;68m██[38;2;150;222;241m██[38;2;69;117;150m██[38;2;31;53;68m██    [38;2;31;53;68m██[38;2;31;53;68m██[38;2;92;139;181m██[38;2;69;117;150m██[38;2;92;139;181m██[38;2;92;139;181m██[38;2;92;139;181m██[38;2;92;139;181m██[38;2;92;139;181m██[38;2;100;30;44m██[38;2;224;82;118m██[38;2;224;82;118m██[38;2;224;82;118m██[38;2;224;82;118m██[38;2;224;82;118m██[38;2;224;82;118m██[38;2;224;82;118m██[38;2;224;82;118m██[38;2;224;82;118m██[38;2;19;158;225m██[38;2;34;97;202m██[38;2;182;54;80m██[38;2;224;82;118m██[38;2;182;54;80m██[38;2;182;54;80m██[38;2;224;82;118m██[38;2;224;82;118m██[38;2;224;82;118m██[38;2;224;82;118m██[38;2;224;82;118m██[38;2;224;82;118m██[38;2;224;82;118m██[38;2;224;82;118m██[38;2;224;82;118m██[38;2;224;82;118m██[38;2;31;53;68m██[38;2;92;139;181m██[38;2;92;139;181m██[38;2;92;139;181m██[38;2;92;139;181m██[38;2;92;139;181m██[38;2;92;139;181m██[38;2;92;139;181m██[38;2;52;89;115m██[38;2;69;117;150m██[38;2;69;117;150m██[38;2;69;117;150m██[38;2;69;117;150m██[38;2;69;117;150m██[38;2;69;117;150m██[38;2;69;117;150m██[38;2;69;117;150m██[38;2;69;117;150m██[38;2;69;117;150m██[38;2;69;117;150m██[38;2;69;117;150m██[38;2;31;53;68m██                  
      [38;2;31;53;68m██[38;2;92;139;181m██[38;2;69;117;150m██[38;2;31;53;68m██  [38;2;31;53;68m██[38;2;52;89;115m██[38;2;69;117;150m██[38;2;92;139;181m██[38;2;69;117;150m██[38;2;92;139;181m██[38;2;92;139;181m██[38;2;92;139;181m██[38;2;92;139;181m██[38;2;92;139;181m██[38;2;100;30;44m██[38;2;224;82;118m██[38;2;224;82;118m██[38;2;224;82;118m██[38;2;224;82;118m██[38;2;224;82;118m██[38;2;224;82;118m██[38;2;224;82;118m██[38;2;224;82;118m██[38;2;224;82;118m██[38;2;182;54;80m██[38;2;182;54;80m██[38;2;224;82;118m██[38;2;224;82;118m██[38;2;224;82;118m██[38;2;224;82;118m██[38;2;224;82;118m██[38;2;224;82;118m██[38;2;224;82;118m██[38;2;224;82;118m██[38;2;224;82;118m██[38;2;224;82;118m██[38;2;224;82;118m██[38;2;224;82;118m██[38;2;224;82;118m██[38;2;224;82;118m██[38;2;31;53;68m██[38;2;92;139;181m██[38;2;92;139;181m██[38;2;92;139;181m██[38;2;92;139;181m██[38;2;92;139;181m██[38;2;92;139;181m██[38;2;92;139;181m██[38;2;92;139;181m██[38;2;69;117;150m██[38;2;69;117;150m██[38;2;69;117;150m██[38;2;69;117;150m██[38;2;69;117;150m██[38;2;69;117;150m██[38;2;69;117;150m██[38;2;69;117;150m██[38;2;69;117;150m██[38;2;69;117;150m██[38;2;69;117;150m██[38;2;69;117;150m██[38;2;69;117;150m██[38;2;31;53;68m██                
      [38;2;31;53;68m██[38;2;92;139;181m██[38;2;69;117;150m██[38;2;31;53;68m██  [38;2;31;53;68m██[38;2;31;53;68m██[38;2;92;139;181m██[38;2;92;139;181m██[38;2;69;117;150m██[38;2;92;139;181m██[38;2;92;139;181m██[38;2;92;139;181m██[38;2;92;139;181m██[38;2;92;139;181m██[38;2;92;139;181m██[38;2;100;30;44m██[38;2;224;82;118m██[38;2;224;82;118m██[38;2;182;54;80m██[38;2;224;82;118m██[38;2;224;82;118m██[38;2;224;82;118m██[38;2;224;82;118m██[38;2;224;82;118m██[38;2;224;82;118m██[38;2;224;82;118m██[38;2;224;82;118m██[38;2;224;82;118m██[38;2;224;82;118m██[38;2;224;82;118m██[38;2;224;82;118m██[38;2;224;82;118m██[38;2;224;82;118m██[38;2;224;82;118m██[38;2;224;82;118m██[38;2;224;82;118m██[38;2;224;82;118m██[38;2;224;82;118m██[38;2;224;82;118m██[38;2;224;82;118m██[38;2;31;53;68m██[38;2;92;139;181m██[38;2;92;139;181m██[38;2;92;139;181m██[38;2;92;139;181m██[38;2;92;139;181m██[38;2;92;139;181m██[38;2;92;139;181m██[38;2;92;139;181m██[38;2;52;89;115m██[38;2;69;117;150m██[38;2;69;117;150m██[38;2;69;117;150m██[38;2;69;117;150m██[38;2;69;117;150m██[38;2;69;117;150m██[38;2;69;117;150m██[38;2;69;117;150m██[38;2;69;117;150m██[38;2;69;117;150m██[38;2;69;117;150m██[38;2;69;117;150m██[38;2;31;53;68m██                
    [38;2;31;53;68m██[38;2;150;222;241m██[38;2;69;117;150m██[38;2;69;117;150m██[38;2;31;53;68m██[38;2;31;53;68m██[38;2;92;139;181m██[38;2;69;117;150m██[38;2;92;139;181m██[38;2;69;117;150m██[38;2;92;139;181m██[38;2;69;117;150m██[38;2;69;117;150m██[38;2;92;139;181m██[38;2;92;139;181m██[38;2;92;139;181m██[38;2;92;139;181m██[38;2;16;16;16m██[38;2;224;82;118m██[38;2;182;54;80m██[38;2;224;82;118m██[38;2;182;54;80m██[38;2;224;82;118m██[38;2;224;82;118m██[38;2;224;82;118m██[38;2;224;82;118m██[38;2;224;82;118m██[38;2;118;223;245m██[38;2;19;158;225m██[38;2;182;54;80m██[38;2;224;82;118m██[38;2;224;82;118m██[38;2;224;82;118m██[38;2;224;82;118m██[38;2;224;82;118m██[38;2;224;82;118m██[38;2;224;82;118m██[38;2;224;82;118m██[38;2;182;54;80m██[38;2;224;82;118m██[38;2;224;82;118m██[38;2;224;82;118m██[38;2;31;53;68m██[38;2;92;139;181m██[38;2;92;139;181m██[38;2;92;139;181m██[38;2;31;53;68m██[38;2;31;53;68m██[38;2;31;53;68m██[38;2;92;139;181m██[38;2;92;139;181m██[38;2;92;139;181m██[38;2;52;89;115m██[38;2;69;117;150m██[38;2;69;117;150m██[38;2;69;117;150m██[38;2;69;117;150m██[38;2;69;117;150m██[38;2;69;117;150m██[38;2;69;117;150m██[38;2;69;117;150m██[38;2;69;117;150m██[38;2;69;117;150m██[38;2;69;117;150m██[38;2;31;53;68m██                
    [38;2;31;53;68m██[38;2;92;139;181m██[38;2;69;117;150m██[38;2;69;117;150m██[38;2;31;53;68m██[38;2;92;139;181m██[38;2;92;139;181m██[38;2;92;139;181m██[38;2;69;117;150m██[38;2;92;139;181m██[38;2;92;139;181m██[38;2;92;139;181m██[38;2;31;53;68m██[38;2;31;53;68m██[38;2;69;117;150m██[38;2;92;139;181m██[38;2;92;139;181m██[38;2;16;16;16m██[38;2;224;82;118m██[38;2;182;54;80m██[38;2;224;82;118m██[38;2;182;54;80m██[38;2;224;82;118m██[38;2;224;82;118m██[38;2;224;82;118m██[38;2;224;82;118m██[38;2;224;82;118m██[38;2;19;158;225m██[38;2;34;97;202m██[38;2;182;54;80m██[38;2;224;82;118m██[38;2;224;82;118m██[38;2;224;82;118m██[38;2;224;82;118m██[38;2;224;82;118m██[38;2;224;82;118m██[38;2;224;82;118m██[38;2;182;54;80m██[38;2;224;82;118m██[38;2;182;54;80m██[38;2;224;82;118m██[38;2;224;82;118m██[38;2;31;53;68m██[38;2;92;139;181m██[38;2;31;53;68m██[38;2;31;53;68m██[38;2;224;82;118m██[38;2;224;82;118m██[38;2;31;53;68m██[38;2;92;139;181m██[38;2;92;139;181m██[38;2;92;139;181m██[38;2;92;139;181m██[38;2;69;117;150m██[38;2;69;117;150m██[38;2;69;117;150m██[38;2;69;117;150m██[38;2;69;117;150m██[38;2;69;117;150m██[38;2;69;117;150m██[38;2;69;117;150m██[38;2;69;117;150m██[38;2;69;117;150m██[38;2;69;117;150m██[38;2;69;117;150m██[38;2;31;53;68m██              
    [38;2;31;53;68m██[38;2;92;139;181m██[38;2;69;117;150m██[38;2;31;53;68m██[38;2;92;139;181m██[38;2;92;139;181m██[38;2;69;117;150m██[38;2;69;117;150m██[38;2;92;139;181m██[38;2;92;139;181m██[38;2;92;139;181m██[38;2;92;139;181m██[38;2;31;53;68m██[38;2;100;30;44m██[38;2;31;53;68m██[38;2;31;53;68m██[38;2;69;117;150m██[38;2;69;117;150m██[38;2;16;16;16m██[38;2;224;82;118m██[38;2;224;82;118m██[38;2;224;82;118m██[38;2;182;54;80m██[38;2;224;82;118m██[38;2;224;82;118m██[38;2;224;82;118m██[38;2;224;82;118m██[38;2;182;54;80m██[38;2;182;54;80m██[38;2;224;82;118m██[38;2;224;82;118m██[38;2;224;82;118m██[38;2;224;82;118m██[38;2;224;82;118m██[38;2;224;82;118m██[38;2;224;82;118m██[38;2;224;82;118m██[38;2;182;54;80m██[38;2;224;82;118m██[38;2;182;54;80m██[38;2;224;82;118m██[38;2;224;82;118m██[38;2;31;53;68m██[38;2;31;53;68m██[38;2;224;82;118m██[38;2;224;82;118m██[38;2;224;82;118m██[38;2;224;82;118m██[38;2;31;53;68m██[38;2;92;139;181m██[38;2;92;139;181m██[38;2;92;139;181m██[38;2;92;139;181m██[38;2;52;89;115m██[38;2;69;117;150m██[38;2;69;117;150m██[38;2;69;117;150m██[38;2;69;117;150m██[38;2;69;117;150m██[38;2;69;117;150m██[38;2;69;117;150m██[38;2;69;117;150m██[38;2;69;117;150m██[38;2;69;117;150m██[38;2;69;117;150m██[38;2;31;53;68m██              
    [38;2;31;53;68m██[38;2;92;139;181m██[38;2;92;139;181m██[38;2;92;139;181m██[38;2;92;139;181m██[38;2;69;117;150m██[38;2;69;117;150m██[38;2;92;139;181m██[38;2;92;139;181m██[38;2;92;139;181m██[38;2;92;139;181m██[38;2;92;139;181m██[38;2;31;53;68m██[38;2;100;30;44m██[38;2;100;30;44m██[38;2;100;30;44m██[38;2;31;53;68m██[38;2;31;53;68m██[38;2;16;16;16m██[38;2;224;82;118m██[38;2;224;82;118m██[38;2;224;82;118m██[38;2;182;54;80m██[38;2;224;82;118m██[38;2;224;82;118m██[38;2;182;54;80m██[38;2;224;82;118m██[38;2;224;82;118m██[38;2;224;82;118m██[38;2;224;82;118m██[38;2;224;82;118m██[38;2;182;54;80m██[38;2;224;82;118m██[38;2;224;82;118m██[38;2;224;82;118m██[38;2;224;82;118m██[38;2;182;54;80m██[38;2;224;82;118m██[38;2;224;82;118m██[38;2;224;82;118m██[38;2;182;54;80m██[38;2;224;82;118m██[38;2;224;82;118m██[38;2;224;82;118m██[38;2;224;82;118m██[38;2;182;54;80m██[38;2;224;82;118m██[38;2;182;54;80m██[38;2;31;53;68m██[38;2;92;139;181m██[38;2;92;139;181m██[38;2;92;139;181m██[38;2;92;139;181m██[38;2;92;139;181m██[38;2;52;89;115m██[38;2;69;117;150m██[38;2;69;117;150m██[38;2;69;117;150m██[38;2;69;117;150m██[38;2;69;117;150m██[38;2;69;117;150m██[38;2;69;117;150m██[38;2;69;117;150m██[38;2;69;117;150m██[38;2;69;117;150m██[38;2;31;53;68m██              
  [38;2;31;53;68m██[38;2;92;139;181m██[38;2;92;139;181m██[38;2;92;139;181m██[38;2;92;139;181m██[38;2;69;117;150m██[38;2;92;139;181m██[38;2;69;117;150m██[38;2;69;117;150m██[38;2;92;139;181m██[38;2;92;139;181m██[38;2;92;139;181m██[38;2;92;139;181m██[38;2;69;117;150m██[38;2;31;53;68m██[38;2;100;30;44m██[38;2;100;30;44m██[38;2;100;30;44m██[38;2;135;44;60m██[38;2;135;44;60m██[38;2;16;16;16m██[38;2;182;54;80m██[38;2;224;82;118m██[38;2;135;44;60m██[38;2;224;82;118m██[38;2;182;54;80m██[38;2;224;82;118m██[38;2;182;54;80m██[38;2;224;82;118m██[38;2;224;82;118m██[38;2;224;82;118m██[38;2;182;54;80m██[38;2;224;82;118m██[38;2;182;54;80m██[38;2;224;82;118m██[38;2;224;82;118m██[38;2;224;82;118m██[38;2;182;54;80m██[38;2;224;82;118m██[38;2;224;82;118m██[38;2;224;82;118m██[38;2;182;54;80m██[38;2;224;82;118m██[38;2;224;82;118m██[38;2;224;82;118m██[38;2;182;54;80m██[38;2;224;82;118m██[38;2;135;44;60m██[38;2;31;53;68m██[38;2;92;139;181m██[38;2;92;139;181m██[38;2;92;139;181m██[38;2;92;139;181m██[38;2;92;139;181m██[38;2;92;139;181m██[38;2;92;139;181m██[38;2;69;117;150m██[38;2;69;117;150m██[38;2;69;117;150m██[38;2;69;117;150m██[38;2;69;117;150m██[38;2;69;117;150m██[38;2;69;117;150m██[38;2;69;117;150m██[38;2;69;117;150m██[38;2;69;117;150m██[38;2;69;117;150m██[38;2;31;53;68m██            
  [38;2;31;53;68m██[38;2;92;139;181m██[38;2;31;53;68m██[38;2;92;139;181m██[38;2;69;117;150m██[38;2;92;139;181m██[38;2;92;139;181m██[38;2;92;139;181m██[38;2;31;53;68m██[38;2;31;53;68m██[38;2;69;117;150m██[38;2;92;139;181m██[38;2;92;139;181m██[38;2;69;117;150m██[38;2;31;53;68m██[38;2;100;30;44m██[38;2;100;30;44m██[38;2;135;44;60m██[38;2;135;44;60m██[38;2;135;44;60m██[38;2;16;16;16m██[38;2;182;54;80m██[38;2;182;54;80m██[38;2;182;54;80m██[38;2;135;44;60m██[38;2;135;44;60m██[38;2;224;82;118m██[38;2;182;54;80m██[38;2;182;54;80m██[38;2;224;82;118m██[38;2;182;54;80m██[38;2;182;54;80m██[38;2;224;82;118m██[38;2;182;54;80m██[38;2;224;82;118m██[38;2;224;82;118m██[38;2;182;54;80m██[38;2;224;82;118m██[38;2;224;82;118m██[38;2;224;82;118m██[38;2;224;82;118m██[38;2;224;82;118m██[38;2;182;54;80m██[38;2;224;82;118m██[38;2;182;54;80m██[38;2;182;54;80m██[38;2;224;82;118m██[38;2;135;44;60m██[38;2;31;53;68m██[38;2;92;139;181m██[38;2;92;139;181m██[38;2;31;53;68m██[38;2;31;53;68m██[38;2;31;53;68m██[38;2;92;139;181m██[38;2;92;139;181m██[38;2;92;139;181m██[38;2;52;89;115m██[38;2;69;117;150m██[38;2;69;117;150m██[38;2;69;117;150m██[38;2;69;117;150m██[38;2;69;117;150m██[38;2;69;117;150m██[38;2;69;117;150m██[38;2;69;117;150m██[38;2;69;117;150m██[38;2;31;53;68m██            
  [38;2;31;53;68m██[38;2;31;53;68m██[38;2;92;139;181m██[38;2;69;117;150m██[38;2;92;139;181m██[38;2;92;139;181m██[38;2;92;139;181m██[38;2;92;139;181m██[38;2;31;53;68m██[38;2;100;30;44m██[38;2;31;53;68m██[38;2;31;53;68m██[38;2;69;117;150m██[38;2;69;117;150m██[38;2;31;53;68m██[38;2;100;30;44m██[38;2;135;44;60m██[38;2;16;16;16m██[38;2;16;16;16m██[38;2;135;44;60m██[38;2;135;44;60m██[38;2;16;16;16m██[38;2;182;54;80m██[38;2;182;54;80m██[38;2;135;44;60m██[38;2;182;54;80m██[38;2;182;54;80m██[38;2;224;82;118m██[38;2;135;44;60m██[38;2;224;82;118m██[38;2;135;44;60m██[38;2;224;82;118m██[38;2;224;82;118m██[38;2;224;82;118m██[38;2;182;54;80m██[38;2;224;82;118m██[38;2;182;54;80m██[38;2;224;82;118m██[38;2;224;82;118m██[38;2;224;82;118m██[38;2;224;82;118m██[38;2;224;82;118m██[38;2;135;44;60m██[38;2;224;82;118m██[38;2;135;44;60m██[38;2;182;54;80m██[38;2;182;54;80m██[38;2;182;54;80m██[38;2;31;53;68m██[38;2;31;53;68m██[38;2;31;53;68m██[38;2;182;54;80m██[38;2;16;16;16m██[38;2;31;53;68m██[38;2;92;139;181m██[38;2;92;139;181m██[38;2;92;139;181m██[38;2;92;139;181m██[38;2;69;117;150m██[38;2;69;117;150m██[38;2;69;117;150m██[38;2;69;117;150m██[38;2;69;117;150m██[38;2;69;117;150m██[38;2;69;117;150m██[38;2;69;117;150m██[38;2;69;117;150m██[38;2;69;117;150m██[38;2;31;53;68m██          
[38;2;31;53;68m██[38;2;31;53;68m██[38;2;92;139;181m██[38;2;69;117;150m██[38;2;69;117;150m██[38;2;92;139;181m██[38;2;92;139;181m██[38;2;92;139;181m██[38;2;92;139;181m██[38;2;31;53;68m██[38;2;100;30;44m██[38;2;100;30;44m██[38;2;100;30;44m██[38;2;31;53;68m██[38;2;31;53;68m██[38;2;31;53;68m██[38;2;135;44;60m██[38;2;135;44;60m██[38;2;16;16;16m██  [38;2;16;16;16m██[38;2;16;16;16m██  [38;2;16;16;16m██[38;2;182;54;80m██[38;2;182;54;80m██[38;2;182;54;80m██[38;2;182;54;80m██[38;2;182;54;80m██[38;2;182;54;80m██[38;2;135;44;60m██[38;2;182;54;80m██[38;2;224;82;118m██[38;2;224;82;118m██[38;2;224;82;118m██[38;2;182;54;80m██[38;2;135;44;60m██[38;2;224;82;118m██[38;2;224;82;118m██[38;2;224;82;118m██[38;2;224;82;118m██[38;2;182;54;80m██[38;2;224;82;118m██[38;2;135;44;60m██[38;2;135;44;60m██[38;2;182;54;80m██[38;2;182;54;80m██[38;2;182;54;80m██[38;2;182;54;80m██[38;2;135;44;60m██[38;2;135;44;60m██[38;2;182;54;80m██[38;2;100;30;44m██[38;2;16;16;16m██[38;2;31;53;68m██[38;2;92;139;181m██[38;2;92;139;181m██[38;2;92;139;181m██[38;2;92;139;181m██[38;2;92;139;181m██[38;2;52;89;115m██[38;2;69;117;150m██[38;2;69;117;150m██[38;2;69;117;150m██[38;2;69;117;150m██[38;2;69;117;150m██[38;2;69;117;150m██[38;2;69;117;150m██[38;2;69;117;150m██[38;2;31;53;68m██          
[38;2;31;53;68m██[38;2;92;139;181m██[38;2;92;139;181m██[38;2;69;117;150m██[38;2;92;139;181m██[38;2;92;139;181m██[38;2;92;139;181m██[38;2;92;139;181m██[38;2;92;139;181m██[38;2;69;117;150m██[38;2;31;53;68m██[38;2;100;30;44m██[38;2;100;30;44m██[38;2;100;30;44m██[38;2;100;30;44m██[38;2;135;44;60m██[38;2;135;44;60m██[38;2;135;44;60m██[38;2;135;44;60m██[38;2;16;16;16m██        [38;2;16;16;16m██[38;2;182;54;80m██[38;2;182;54;80m██[38;2;182;54;80m██[38;2;182;54;80m██[38;2;182;54;80m██[38;2;182;54;80m██[38;2;182;54;80m██[38;2;182;54;80m██[38;2;182;54;80m██[38;2;182;54;80m██[38;2;182;54;80m██[38;2;135;44;60m██[38;2;182;54;80m██[38;2;182;54;80m██[38;2;224;82;118m██[38;2;182;54;80m██[38;2;224;82;118m██[38;2;182;54;80m██[38;2;182;54;80m██[38;2;135;44;60m██[38;2;182;54;80m██[38;2;182;54;80m██[38;2;182;54;80m██[38;2;182;54;80m██[38;2;182;54;80m██[38;2;182;54;80m██[38;2;100;30;44m██[38;2;16;16;16m██  [38;2;31;53;68m██[38;2;92;139;181m██[38;2;92;139;181m██[38;2;92;139;181m██[38;2;92;139;181m██[38;2;92;139;181m██[38;2;92;139;181m██[38;2;52;89;115m██[38;2;69;117;150m██[38;2;69;117;150m██[38;2;69;117;150m██[38;2;69;117;150m██[38;2;69;117;150m██[38;2;69;117;150m██[38;2;69;117;150m██[38;2;69;117;150m██[38;2;31;53;68m██        
[38;2;31;53;68m██[38;2;92;139;181m██[38;2;69;117;150m██[38;2;92;139;181m██[38;2;31;53;68m██[38;2;31;53;68m██[38;2;69;117;150m██[38;2;92;139;181m██[38;2;92;139;181m██[38;2;69;117;150m██[38;2;31;53;68m██[38;2;100;30;44m██[38;2;100;30;44m██[38;2;135;44;60m██[38;2;16;16;16m██[38;2;16;16;16m██[38;2;135;44;60m██[38;2;135;44;60m██[38;2;135;44;60m██[38;2;16;16;16m██          [38;2;16;16;16m██[38;2;100;30;44m██[38;2;182;54;80m██[38;2;182;54;80m██[38;2;182;54;80m██[38;2;182;54;80m██[38;2;182;54;80m██[38;2;182;54;80m██[38;2;182;54;80m██[38;2;182;54;80m██[38;2;182;54;80m██[38;2;182;54;80m██[38;2;182;54;80m██[38;2;224;82;118m██[38;2;182;54;80m██[38;2;224;82;118m██[38;2;182;54;80m██[38;2;182;54;80m██[38;2;182;54;80m██[38;2;182;54;80m██[38;2;182;54;80m██[38;2;182;54;80m██[38;2;182;54;80m██[38;2;182;54;80m██[38;2;100;30;44m██[38;2;16;16;16m██[38;2;16;16;16m██    [38;2;31;53;68m██[38;2;92;139;181m██[38;2;92;139;181m██[38;2;92;139;181m██[38;2;92;139;181m██[38;2;92;139;181m██[38;2;92;139;181m██[38;2;92;139;181m██[38;2;52;89;115m██[38;2;69;117;150m██[38;2;69;117;150m██[38;2;69;117;150m██[38;2;69;117;150m██[38;2;69;117;150m██[38;2;69;117;150m██[38;2;69;117;150m██[38;2;69;117;150m██[38;2;31;53;68m██      
[38;2;31;53;68m██[38;2;92;139;181m██[38;2;92;139;181m██[38;2;92;139;181m██[38;2;31;53;68m██[38;2;100;30;44m██[38;2;31;53;68m██[38;2;31;53;68m██[38;2;69;117;150m██[38;2;69;117;150m██[38;2;31;53;68m██[38;2;100;30;44m██[38;2;135;44;60m██[38;2;135;44;60m██[38;2;16;16;16m██  [38;2;16;16;16m██[38;2;16;16;16m██[38;2;135;44;60m██[38;2;135;44;60m██[38;2;16;16;16m██        [38;2;16;16;16m██[38;2;135;44;60m██[38;2;100;30;44m██[38;2;135;44;60m██[38;2;182;54;80m██[38;2;182;54;80m██[38;2;182;54;80m██[38;2;182;54;80m██[38;2;182;54;80m██[38;2;182;54;80m██[38;2;182;54;80m██[38;2;182;54;80m██[38;2;182;54;80m██[38;2;182;54;80m██[38;2;182;54;80m██[38;2;182;54;80m██[38;2;182;54;80m██[38;2;182;54;80m██[38;2;182;54;80m██[38;2;182;54;80m██[38;2;182;54;80m██[38;2;182;54;80m██[38;2;182;54;80m██[38;2;182;54;80m██[38;2;182;54;80m██[38;2;100;30;44m██[38;2;16;16;16m██    [38;2;31;53;68m██[38;2;92;139;181m██[38;2;92;139;181m██[38;2;92;139;181m██[38;2;31;53;68m██[38;2;31;53;68m██[38;2;92;139;181m██[38;2;92;139;181m██[38;2;92;139;181m██[38;2;69;117;150m██[38;2;69;117;150m██[38;2;69;117;150m██[38;2;69;117;150m██[38;2;69;117;150m██[38;2;69;117;150m██[38;2;69;117;150m██[38;2;69;117;150m██[38;2;69;117;150m██[38;2;31;53;68m██    
  [38;2;31;53;68m██[38;2;92;139;181m██[38;2;92;139;181m██[38;2;31;53;68m██[38;2;135;44;60m██[38;2;100;30;44m██[38;2;100;30;44m██[38;2;31;53;68m██[38;2;31;53;68m██[38;2;31;53;68m██[38;2;135;44;60m██[38;2;135;44;60m██[38;2;135;44;60m██[38;2;135;44;60m██[38;2;16;16;16m██    [38;2;16;16;16m██[38;2;16;16;16m██[38;2;16;16;16m██        [38;2;16;16;16m██[38;2;135;44;60m██[38;2;135;44;60m██[38;2;135;44;60m██[38;2;135;44;60m██[38;2;135;44;60m██[38;2;182;54;80m██[38;2;182;54;80m██[38;2;182;54;80m██[38;2;182;54;80m██[38;2;182;54;80m██[38;2;182;54;80m██[38;2;182;54;80m██[38;2;182;54;80m██[38;2;182;54;80m██[38;2;100;30;44m██[38;2;182;54;80m██[38;2;182;54;80m██[38;2;182;54;80m██[38;2;182;54;80m██[38;2;182;54;80m██[38;2;182;54;80m██[38;2;182;54;80m██[38;2;182;54;80m██[38;2;182;54;80m██[38;2;16;16;16m██      [38;2;31;53;68m██[38;2;92;139;181m██[38;2;31;53;68m██[38;2;31;53;68m██  [38;2;31;53;68m██[38;2;92;139;181m██[38;2;92;139;181m██[38;2;92;139;181m██[38;2;92;139;181m██[38;2;69;117;150m██[38;2;69;117;150m██[38;2;69;117;150m██[38;2;69;117;150m██[38;2;69;117;150m██[38;2;69;117;150m██[38;2;69;117;150m██[38;2;69;117;150m██[38;2;31;53;68m██    
  [38;2;31;53;68m██[38;2;92;139;181m██[38;2;92;139;181m██[38;2;31;53;68m██[38;2;135;44;60m██[38;2;135;44;60m██[38;2;135;44;60m██[38;2;135;44;60m██[38;2;135;44;60m██[38;2;16;16;16m██[38;2;16;16;16m██[38;2;16;16;16m██[38;2;135;44;60m██[38;2;135;44;60m██[38;2;16;16;16m██                  [38;2;16;16;16m██[38;2;135;44;60m██[38;2;135;44;60m██[38;2;135;44;60m██[38;2;135;44;60m██[38;2;135;44;60m██[38;2;100;30;44m██[38;2;16;16;16m██[38;2;16;16;16m██[38;2;182;54;80m██[38;2;182;54;80m██[38;2;182;54;80m██[38;2;182;54;80m██[38;2;182;54;80m██[38;2;182;54;80m██[38;2;16;16;16m██[38;2;182;54;80m██[38;2;224;82;118m██[38;2;182;54;80m██[38;2;182;54;80m██[38;2;182;54;80m██[38;2;182;54;80m██[38;2;182;54;80m██[38;2;182;54;80m██[38;2;182;54;80m██[38;2;16;16;16m██      [38;2;31;53;68m██[38;2;31;53;68m██      [38;2;31;53;68m██[38;2;92;139;181m██[38;2;92;139;181m██[38;2;92;139;181m██[38;2;92;139;181m██[38;2;52;89;115m██[38;2;69;117;150m██[38;2;69;117;150m██[38;2;69;117;150m██[38;2;69;117;150m██[38;2;69;117;150m██[38;2;69;117;150m██[38;2;69;117;150m██[38;2;92;139;181m██[38;2;31;53;68m██  
    [38;2;31;53;68m██[38;2;92;139;181m██[38;2;31;53;68m██[38;2;135;44;60m██[38;2;16;16;16m██[38;2;135;44;60m██[38;2;135;44;60m██[38;2;135;44;60m██[38;2;16;16;16m██    [38;2;16;16;16m██[38;2;16;16;16m██[38;2;16;16;16m██              [38;2;16;16;16m██[38;2;31;53;68m██[38;2;16;16;16m██[38;2;135;44;60m██[38;2;135;44;60m██[38;2;31;53;68m██[38;2;135;44;60m██[38;2;135;44;60m██[38;2;135;44;60m██[38;2;135;44;60m██[38;2;135;44;60m██[38;2;16;16;16m██[38;2;16;16;16m██[38;2;16;16;16m██[38;2;16;16;16m██[38;2;16;16;16m██[38;2;16;16;16m██[38;2;16;16;16m██[38;2;182;54;80m██[38;2;224;82;118m██[38;2;182;54;80m██[38;2;182;54;80m██[38;2;182;54;80m██[38;2;182;54;80m██[38;2;182;54;80m██[38;2;182;54;80m██[38;2;31;53;68m██[38;2;31;53;68m██  [38;2;31;53;68m██[38;2;16;16;16m██          [38;2;31;53;68m██[38;2;92;139;181m██[38;2;92;139;181m██[38;2;92;139;181m██[38;2;92;139;181m██[38;2;92;139;181m██[38;2;52;89;115m██[38;2;69;117;150m██[38;2;69;117;150m██[38;2;69;117;150m██[38;2;69;117;150m██[38;2;69;117;150m██[38;2;52;89;115m██[38;2;92;139;181m██[38;2;31;53;68m██  
    [38;2;31;53;68m██[38;2;69;117;150m██[38;2;135;44;60m██[38;2;16;16;16m██  [38;2;16;16;16m██[38;2;16;16;16m██[38;2;135;44;60m██[38;2;16;16;16m██                        [38;2;16;16;16m██[38;2;52;89;115m██[38;2;31;53;68m██[38;2;135;44;60m██[38;2;31;53;68m██[38;2;52;89;115m██[38;2;31;53;68m██[38;2;135;44;60m██[38;2;135;44;60m██[38;2;135;44;60m██[38;2;135;44;60m██[38;2;135;44;60m██[38;2;135;44;60m██[38;2;16;16;16m██      [38;2;16;16;16m██[38;2;182;54;80m██[38;2;182;54;80m██[38;2;182;54;80m██[38;2;31;53;68m██[38;2;182;54;80m██[38;2;182;54;80m██[38;2;182;54;80m██[38;2;31;53;68m██[38;2;69;117;150m██[38;2;31;53;68m██[38;2;31;53;68m██[38;2;69;117;150m██[38;2;16;16;16m██          [38;2;31;53;68m██[38;2;92;139;181m██[38;2;92;139;181m██[38;2;92;139;181m██[38;2;92;139;181m██[38;2;92;139;181m██[38;2;92;139;181m██[38;2;69;117;150m██[38;2;69;117;150m██[38;2;69;117;150m██[38;2;69;117;150m██[38;2;69;117;150m██[38;2;52;89;115m██[38;2;92;139;181m██[38;2;92;139;181m██[38;2;31;53;68m██
      [38;2;31;53;68m██[38;2;135;44;60m██[38;2;16;16;16m██      [38;2;16;16;16m██[38;2;16;16;16m██                        [38;2;16;16;16m██[38;2;52;89;115m██[38;2;52;89;115m██[38;2;31;53;68m██[38;2;31;53;68m██[38;2;52;89;115m██[38;2;52;89;115m██[38;2;31;53;68m██[38;2;135;44;60m██[38;2;31;53;68m██[38;2;135;44;60m██[38;2;135;44;60m██[38;2;16;16;16m██          [38;2;16;16;16m██[38;2;182;54;80m██[38;2;31;53;68m██[38;2;69;117;150m██[38;2;31;53;68m██[38;2;182;54;80m██[38;2;182;54;80m██[38;2;31;53;68m██[38;2;69;117;150m██[38;2;31;53;68m██[38;2;69;117;150m██[38;2;69;117;150m██[38;2;16;16;16m██          [38;2;31;53;68m██[38;2;92;139;181m██[38;2;92;139;181m██[38;2;92;139;181m██[38;2;31;53;68m██[38;2;31;53;68m██[38;2;92;139;181m██[38;2;52;89;115m██[38;2;69;117;150m██[38;2;69;117;150m██[38;2;69;117;150m██[38;2;52;89;115m██[38;2;92;139;181m██[38;2;92;139;181m██[38;2;92;139;181m██[38;2;31;53;68m██
        [38;2;16;16;16m██[38;2;16;16;16m██                                  [38;2;16;16;16m██[38;2;52;89;115m██[38;2;52;89;115m██[38;2;31;53;68m██[38;2;52;89;115m██[38;2;52;89;115m██[38;2;52;89;115m██[38;2;31;53;68m██[38;2;31;53;68m██[38;2;52;89;115m██[38;2;31;53;68m██[38;2;16;16;16m██[38;2;31;53;68m██[38;2;16;16;16m██    [38;2;16;16;16m██[38;2;31;53;68m██[38;2;16;16;16m██[38;2;182;54;80m██[38;2;31;53;68m██[38;2;69;117;150m██[38;2;31;53;68m██[38;2;182;54;80m██[38;2;31;53;68m██[38;2;69;117;150m██[38;2;69;117;150m██[38;2;31;53;68m██[38;2;69;117;150m██[38;2;69;117;150m██[38;2;16;16;16m██          [38;2;31;53;68m██[38;2;92;139;181m██[38;2;92;139;181m██[38;2;31;53;68m██  [38;2;31;53;68m██[38;2;92;139;181m██[38;2;92;139;181m██[38;2;52;89;115m██[38;2;52;89;115m██[38;2;52;89;115m██[38;2;92;139;181m██[38;2;92;139;181m██[38;2;92;139;181m██[38;2;31;53;68m██  
                                              [38;2;16;16;16m██[38;2;52;89;115m██[38;2;52;89;115m██[38;2;52;89;115m██[38;2;52;89;115m██[38;2;52;89;115m██[38;2;52;89;115m██[38;2;52;89;115m██[38;2;31;53;68m██[38;2;52;89;115m██[38;2;52;89;115m██[38;2;31;53;68m██[38;2;52;89;115m██[38;2;16;16;16m██    [38;2;16;16;16m██[38;2;69;117;150m██[38;2;31;53;68m██[38;2;182;54;80m██[38;2;31;53;68m██[38;2;69;117;150m██[38;2;69;117;150m██[38;2;31;53;68m██[38;2;31;53;68m██[38;2;69;117;150m██[38;2;69;117;150m██[38;2;69;117;150m██[38;2;69;117;150m██[38;2;69;117;150m██[38;2;16;16;16m██          [38;2;31;53;68m██[38;2;31;53;68m██[38;2;31;53;68m██    [38;2;31;53;68m██[38;2;92;139;181m██[38;2;92;139;181m██[38;2;92;139;181m██[38;2;92;139;181m██[38;2;92;139;181m██[38;2;92;139;181m██[38;2;92;139;181m██[38;2;31;53;68m██    
                                                [38;2;16;16;16m██[38;2;52;89;115m██[38;2;52;89;115m██[38;2;52;89;115m██[38;2;52;89;115m██[38;2;52;89;115m██[38;2;52;89;115m██[38;2;52;89;115m██[38;2;52;89;115m██[38;2;52;89;115m██[38;2;52;89;115m██[38;2;52;89;115m██[38;2;16;16;16m██    [38;2;16;16;16m██[38;2;69;117;150m██[38;2;69;117;150m██[38;2;31;53;68m██[38;2;69;117;150m██[38;2;69;117;150m██[38;2;69;117;150m██[38;2;31;53;68m██[38;2;69;117;150m██[38;2;69;117;150m██[38;2;69;117;150m██[38;2;69;117;150m██[38;2;69;117;150m██[38;2;69;117;150m██[38;2;16;16;16m██                    [38;2;31;53;68m██[38;2;92;139;181m██[38;2;92;139;181m██[38;2;92;139;181m██[38;2;92;139;181m██[38;2;92;139;181m██[38;2;31;53;68m██[38;2;31;53;68m██      
                                                [38;2;16;16;16m██[38;2;52;89;115m██[38;2;31;53;68m██[38;2;52;89;115m██[38;2;52;89;115m██[38;2;52;89;115m██[38;2;52;89;115m██[38;2;52;89;115m██[38;2;52;89;115m██[38;2;52;89;115m██[38;2;52;89;115m██[38;2;52;89;115m██[38;2;16;16;16m██      [38;2;16;16;16m██[38;2;69;117;150m██[38;2;31;53;68m██[38;2;69;117;150m██[38;2;69;117;150m██[38;2;69;117;150m██[38;2;69;117;150m██[38;2;69;117;150m██[38;2;69;117;150m██[38;2;69;117;150m██[38;2;69;117;150m██[38;2;69;117;150m██[38;2;16;16;16m██                      [38;2;31;53;68m██[38;2;92;139;181m██[38;2;92;139;181m██[38;2;92;139;181m██[38;2;31;53;68m██[38;2;31;53;68m██          
                                                [38;2;16;16;16m██[38;2;52;89;115m██[38;2;16;16;16m██[38;2;52;89;115m██[38;2;52;89;115m██[38;2;52;89;115m██[38;2;31;53;68m██[38;2;52;89;115m██[38;2;52;89;115m██[38;2;31;53;68m██[38;2;52;89;115m██[38;2;16;16;16m██        [38;2;16;16;16m██[38;2;69;117;150m██[38;2;69;117;150m██[38;2;69;117;150m██[38;2;69;117;150m██[38;2;69;117;150m██[38;2;69;117;150m██[38;2;69;117;150m██[38;2;69;117;150m██[38;2;69;117;150m██[38;2;69;117;150m██[38;2;69;117;150m██[38;2;16;16;16m██                      [38;2;31;53;68m██[38;2;92;139;181m██[38;2;31;53;68m██[38;2;31;53;68m██              
                                                [38;2;16;16;16m██[38;2;31;53;68m██  [38;2;16;16;16m██[38;2;52;89;115m██[38;2;31;53;68m██[38;2;16;16;16m██[38;2;52;89;115m██[38;2;52;89;115m██[38;2;31;53;68m██[38;2;31;53;68m██[38;2;16;16;16m██          [38;2;16;16;16m██[38;2;69;117;150m██[38;2;69;117;150m██[38;2;31;53;68m██[38;2;69;117;150m██[38;2;69;117;150m██[38;2;69;117;150m██[38;2;31;53;68m██[38;2;69;117;150m██[38;2;31;53;68m██[38;2;69;117;150m██[38;2;16;16;16m██                      [38;2;31;53;68m██[38;2;31;53;68m██                  
                                                  [38;2;16;16;16m██  [38;2;16;16;16m██[38;2;52;89;115m██[38;2;16;16;16m██  [38;2;16;16;16m██[38;2;52;89;115m██[38;2;16;16;16m██  [38;2;16;16;16m██          [38;2;16;16;16m██[38;2;69;117;150m██[38;2;16;16;16m██[38;2;16;16;16m██[38;2;69;117;150m██[38;2;69;117;150m██[38;2;31;53;68m██[38;2;16;16;16m██[38;2;69;117;150m██[38;2;16;16;16m██[38;2;16;16;16m██                                              
                                                        [38;2;16;16;16m██      [38;2;16;16;16m██                [38;2;16;16;16m██[38;2;16;16;16m██    [38;2;16;16;16m██[38;2;69;117;150m██[38;2;16;16;16m██  [38;2;16;16;16m██  [38;2;16;16;16m██                                              
                                                                                            [38;2;16;16;16m██                                                        
