                      [38;2;115;95;75m██[38;2;115;95;75m██[38;2;115;95;75m██[38;2;115;95;75m██[38;2;115;95;75m██[38;2;115;95;75m██[38;2;115;95;75m██[38;2;115;95;75m██[38;2;115;95;75m██                    
                  [38;2;115;95;75m██[38;2;115;95;75m██[38;2;242;200;157m██[38;2;242;200;157m██[38;2;242;200;157m██[38;2;242;200;157m██[38;2;242;200;157m██[38;2;242;200;157m██[38;2;242;200;157m██[38;2;242;200;157m██[38;2;242;200;157m██[38;2;115;95;75m██[38;2;115;95;75m██                
              [38;2;115;95;75m██[38;2;115;95;75m██[38;2;242;200;157m██[38;2;242;200;157m██[38;2;242;200;157m██[38;2;242;200;157m██[38;2;242;200;157m██[38;2;242;200;157m██[38;2;242;200;157m██[38;2;242;200;157m██[38;2;242;200;157m██[38;2;242;200;157m██[38;2;242;200;157m██[38;2;242;200;157m██[38;2;242;200;157m██[38;2;115;95;75m██[38;2;115;95;75m██            
            [38;2;115;95;75m██[38;2;179;147;116m██[38;2;179;147;116m██[38;2;179;147;116m██[38;2;242;200;157m██[38;2;242;200;157m██[38;2;242;200;157m██[38;2;242;200;157m██[38;2;242;200;157m██[38;2;242;200;157m██[38;2;179;147;116m██[38;2;179;147;116m██[38;2;179;147;116m██[38;2;179;147;116m██[38;2;242;200;157m██[38;2;242;200;157m██[38;2;242;200;157m██[38;2;242;200;157m██[38;2;115;95;75m██          
          [38;2;115;95;75m██[38;2;248;248;248m██[38;2;248;248;248m██[38;2;248;248;248m██[38;2;248;248;248m██[38;2;179;147;116m██[38;2;242;200;157m██[38;2;242;200;157m██[38;2;242;200;157m██[38;2;179;147;116m██[38;2;179;147;116m██[38;2;248;248;248m██[38;2;248;248;248m██[38;2;248;248;248m██[38;2;248;248;248m██[38;2;179;147;116m██[38;2;179;147;116m██[38;2;242;200;157m██[38;2;242;200;157m██[38;2;242;200;157m██[38;2;115;95;75m██        
        [38;2;115;95;75m██[38;2;248;248;248m██[38;2;248;248;248m██[38;2;248;248;248m██[38;2;248;248;248m██[38;2;248;248;248m██[38;2;248;248;248m██[38;2;179;147;116m██[38;2;179;147;116m██[38;2;179;147;116m██[38;2;248;248;248m██[38;2;248;248;248m██[38;2;248;248;248m██[38;2;248;248;248m██[38;2;248;248;248m██[38;2;248;248;248m██[38;2;248;248;248m██[38;2;248;248;248m██[38;2;179;147;116m██[38;2;242;200;157m██[38;2;242;200;157m██[38;2;242;200;157m██[38;2;115;95;75m██      
      [38;2;115;95;75m██[38;2;248;248;248m██[38;2;248;248;248m██[38;2;248;248;248m██[38;2;248;248;248m██[38;2;248;248;248m██[38;2;248;248;248m██[38;2;248;248;248m██[38;2;128;128;128m██[38;2;128;128;128m██[38;2;248;248;248m██[38;2;248;248;248m██[38;2;248;248;248m██[38;2;248;248;248m██[38;2;248;248;248m██[38;2;248;248;248m██[38;2;248;248;248m██[38;2;248;248;248m██[38;2;248;248;248m██[38;2;248;248;248m██[38;2;179;147;116m██[38;2;242;200;157m██[38;2;242;200;157m██[38;2;115;95;75m██      
      [38;2;115;95;75m██[38;2;248;248;248m██[38;2;248;248;248m██[38;2;191;191;191m██[38;2;64;64;64m██[38;2;128;128;128m██[38;2;248;248;248m██[38;2;128;128;128m██[38;2;248;248;248m██[38;2;248;248;248m██[38;2;191;191;191m██[38;2;248;248;248m██[38;2;248;248;248m██[38;2;248;248;248m██[38;2;248;248;248m██[38;2;248;248;248m██[38;2;248;248;248m██[38;2;248;248;248m██[38;2;248;248;248m██[38;2;248;248;248m██[38;2;179;147;116m██[38;2;242;200;157m██[38;2;242;200;157m██[38;2;242;200;157m██[38;2;115;95;75m██    
    [38;2;115;95;75m██[38;2;248;248;248m██[38;2;248;248;248m██[38;2;248;248;248m██[38;2;16;16;16m██[38;2;64;64;64m██[38;2;64;64;64m██[38;2;128;128;128m██[38;2;248;248;248m██[38;2;248;248;248m██[38;2;248;248;248m██[38;2;191;191;191m██[38;2;248;248;248m██[38;2;248;248;248m██[38;2;191;191;191m██[38;2;64;64;64m██[38;2;16;16;16m██[38;2;191;191;191m██[38;2;248;248;248m██[38;2;248;248;248m██[38;2;248;248;248m██[38;2;248;248;248m██[38;2;179;147;116m██[38;2;242;200;157m██[38;2;242;200;157m██[38;2;115;95;75m██    
    [38;2;115;95;75m██[38;2;248;248;248m██[38;2;248;248;248m██[38;2;248;248;248m██[38;2;16;16;16m██[38;2;248;248;248m██[38;2;64;64;64m██[38;2;248;248;248m██[38;2;248;248;248m██[38;2;248;248;248m██[38;2;248;248;248m██[38;2;248;248;248m██[38;2;191;191;191m██[38;2;248;248;248m██[38;2;16;16;16m██[38;2;64;64;64m██[38;2;64;64;64m██[38;2;16;16;16m██[38;2;248;248;248m██[38;2;248;248;248m██[38;2;248;248;248m██[38;2;248;248;248m██[38;2;179;147;116m██[38;2;242;200;157m██[38;2;242;200;157m██[38;2;242;200;157m██[38;2;115;95;75m██  
  [38;2;115;95;75m██[38;2;179;147;116m██[38;2;248;248;248m██[38;2;248;248;248m██[38;2;248;248;248m██[38;2;16;16;16m██[38;2;191;191;191m██[38;2;64;64;64m██[38;2;248;248;248m██[38;2;248;248;248m██[38;2;248;248;248m██[38;2;248;248;248m██[38;2;248;248;248m██[38;2;128;128;128m██[38;2;248;248;248m██[38;2;16;16;16m██[38;2;248;248;248m██[38;2;64;64;64m██[38;2;16;16;16m██[38;2;248;248;248m██[38;2;248;248;248m██[38;2;248;248;248m██[38;2;248;248;248m██[38;2;179;147;116m██[38;2;242;200;157m██[38;2;242;200;157m██[38;2;242;200;157m██[38;2;115;95;75m██  
  [38;2;115;95;75m██[38;2;179;147;116m██[38;2;248;248;248m██[38;2;248;248;248m██[38;2;248;248;248m██[38;2;16;16;16m██[38;2;64;64;64m██[38;2;64;64;64m██[38;2;248;248;248m██[38;2;128;128;128m██[38;2;248;248;248m██[38;2;248;248;248m██[38;2;248;248;248m██[38;2;128;128;128m██[38;2;248;248;248m██[38;2;16;16;16m██[38;2;191;191;191m██[38;2;64;64;64m██[38;2;16;16;16m██[38;2;248;248;248m██[38;2;248;248;248m██[38;2;248;248;248m██[38;2;248;248;248m██[38;2;179;147;116m██[38;2;242;200;157m██[38;2;242;200;157m██[38;2;242;200;157m██[38;2;16;16;16m██  
  [38;2;115;95;75m██[38;2;242;200;157m██[38;2;179;147;116m██[38;2;248;248;248m██[38;2;248;248;248m██[38;2;191;191;191m██[38;2;16;16;16m██[38;2;16;16;16m██[38;2;191;191;191m██[38;2;128;128;128m██[38;2;248;248;248m██[38;2;191;191;191m██[38;2;179;95;54m██[38;2;191;191;191m██[38;2;248;248;248m██[38;2;16;16;16m██[38;2;64;64;64m██[38;2;64;64;64m██[38;2;16;16;16m██[38;2;248;248;248m██[38;2;248;248;248m██[38;2;248;248;248m██[38;2;179;147;116m██[38;2;242;200;157m██[38;2;242;200;157m██[38;2;242;200;157m██[38;2;242;200;157m██[38;2;16;16;16m██  
  [38;2;115;95;75m██[38;2;242;200;157m██[38;2;179;147;116m██[38;2;248;248;248m██[38;2;248;248;248m██[38;2;248;248;248m██[38;2;248;248;248m██[38;2;115;95;75m██[38;2;242;129;73m██[38;2;242;129;73m██[38;2;242;129;73m██[38;2;242;129;73m██[38;2;115;95;75m██[38;2;248;248;248m██[38;2;248;248;248m██[38;2;191;191;191m██[38;2;16;16;16m██[38;2;16;16;16m██[38;2;191;191;191m██[38;2;248;248;248m██[38;2;248;248;248m██[38;2;248;248;248m██[38;2;179;147;116m██[38;2;242;200;157m██[38;2;242;200;157m██[38;2;242;200;157m██[38;2;242;200;157m██[38;2;242;200;157m██[38;2;16;16;16m██
[38;2;115;95;75m██[38;2;242;200;157m██[38;2;242;200;157m██[38;2;242;200;157m██[38;2;179;147;116m██[38;2;248;248;248m██[38;2;248;248;248m██[38;2;248;248;248m██[38;2;248;248;248m██[38;2;115;95;75m██[38;2;242;129;73m██[38;2;242;129;73m██[38;2;115;95;75m██[38;2;191;191;191m██[38;2;248;248;248m██[38;2;248;248;248m██[38;2;248;248;248m██[38;2;248;248;248m██[38;2;248;248;248m██[38;2;248;248;248m██[38;2;248;248;248m██[38;2;248;248;248m██[38;2;179;147;116m██[38;2;242;200;157m██[38;2;242;200;157m██[38;2;242;200;157m██[38;2;242;200;157m██[38;2;242;200;157m██[38;2;242;200;157m██[38;2;16;16;16m██
[38;2;115;95;75m██[38;2;242;200;157m██[38;2;242;200;157m██[38;2;242;200;157m██[38;2;242;200;157m██[38;2;179;147;116m██[38;2;248;248;248m██[38;2;248;248;248m██[38;2;248;248;248m██[38;2;179;147;116m██[38;2;115;95;75m██[38;2;115;95;75m██[38;2;115;95;75m██[38;2;248;248;248m██[38;2;248;248;248m██[38;2;248;248;248m██[38;2;248;248;248m██[38;2;248;248;248m██[38;2;248;248;248m██[38;2;248;248;248m██[38;2;248;248;248m██[38;2;179;147;116m██[38;2;242;200;157m██[38;2;242;200;157m██[38;2;242;200;157m██[38;2;242;200;157m██[38;2;242;200;157m██[38;2;242;200;157m██[38;2;242;200;157m██[38;2;16;16;16m██
[38;2;115;95;75m██[38;2;242;200;157m██[38;2;242;200;157m██[38;2;242;200;157m██[38;2;242;200;157m██[38;2;242;200;157m██[38;2;179;147;116m██[38;2;179;147;116m██[38;2;179;147;116m██[38;2;242;200;157m██[38;2;242;200;157m██[38;2;242;200;157m██[38;2;242;200;157m██[38;2;179;147;116m██[38;2;179;147;116m██[38;2;248;248;248m██[38;2;248;248;248m██[38;2;248;248;248m██[38;2;248;248;248m██[38;2;179;147;116m██[38;2;179;147;116m██[38;2;242;200;157m██[38;2;242;200;157m██[38;2;242;200;157m██[38;2;242;200;157m██[38;2;242;200;157m██[38;2;242;200;157m██[38;2;242;200;157m██[38;2;242;200;157m██[38;2;16;16;16m██
[38;2;16;16;16m██[38;2;242;200;157m██[38;2;242;200;157m██[38;2;242;200;157m██[38;2;242;200;157m██[38;2;242;200;157m██[38;2;242;200;157m██[38;2;242;200;157m██[38;2;242;200;157m██[38;2;242;200;157m██[38;2;242;200;157m██[38;2;242;200;157m██[38;2;242;200;157m██[38;2;242;200;157m██[38;2;242;200;157m██[38;2;179;147;116m██[38;2;179;147;116m██[38;2;179;147;116m██[38;2;179;147;116m██[38;2;242;200;157m██[38;2;242;200;157m██[38;2;242;200;157m██[38;2;242;200;157m██[38;2;242;200;157m██[38;2;242;200;157m██[38;2;242;200;157m██[38;2;242;200;157m██[38;2;242;200;157m██[38;2;242;200;157m██[38;2;16;16;16m██
[38;2;16;16;16m██[38;2;242;200;157m██[38;2;242;200;157m██[38;2;242;200;157m██[38;2;242;200;157m██[38;2;242;200;157m██[38;2;46;115;98m██[38;2;46;115;98m██[38;2;46;115;98m██[38;2;242;200;157m██[38;2;242;200;157m██[38;2;242;200;157m██[38;2;242;200;157m██[38;2;242;200;157m██[38;2;242;200;157m██[38;2;242;200;157m██[38;2;242;200;157m██[38;2;242;200;157m██[38;2;242;200;157m██[38;2;242;200;157m██[38;2;242;200;157m██[38;2;242;200;157m██[38;2;242;200;157m██[38;2;242;200;157m██[38;2;242;200;157m██[38;2;242;200;157m██[38;2;242;200;157m██[38;2;242;200;157m██[38;2;242;200;157m██[38;2;16;16;16m██
[38;2;16;16;16m██[38;2;179;147;116m██[38;2;242;200;157m██[38;2;242;200;157m██[38;2;46;115;98m██[38;2;46;115;98m██[38;2;82;204;173m██[38;2;82;204;173m██[38;2;82;204;173m██[38;2;46;115;98m██[38;2;242;200;157m██[38;2;242;200;157m██[38;2;242;200;157m██[38;2;242;200;157m██[38;2;46;115;98m██[38;2;46;115;98m██[38;2;46;115;98m██[38;2;46;115;98m██[38;2;46;115;98m██[38;2;242;200;157m██[38;2;242;200;157m██[38;2;242;200;157m██[38;2;242;200;157m██[38;2;242;200;157m██[38;2;242;200;157m██[38;2;242;200;157m██[38;2;242;200;157m██[38;2;242;200;157m██[38;2;242;200;157m██[38;2;16;16;16m██
  [38;2;16;16;16m██[38;2;242;200;157m██[38;2;16;16;16m██[38;2;82;204;173m██[38;2;82;204;173m██[38;2;82;204;173m██[38;2;82;204;173m██[38;2;82;204;173m██[38;2;82;204;173m██[38;2;46;115;98m██[38;2;242;200;157m██[38;2;242;200;157m██[38;2;46;115;98m██[38;2;82;204;173m██[38;2;82;204;173m██[38;2;82;204;173m██[38;2;82;204;173m██[38;2;82;204;173m██[38;2;46;115;98m██[38;2;46;115;98m██[38;2;242;200;157m██[38;2;242;200;157m██[38;2;242;200;157m██[38;2;179;147;116m██[38;2;242;200;157m██[38;2;242;200;157m██[38;2;242;200;157m██[38;2;179;147;116m██[38;2;16;16;16m██
  [38;2;16;16;16m██[38;2;179;147;116m██[38;2;16;16;16m██[38;2;82;204;173m██[38;2;82;204;173m██[38;2;82;204;173m██[38;2;61;153;130m██[38;2;61;153;130m██[38;2;82;204;173m██[38;2;82;204;173m██[38;2;46;115;98m██[38;2;46;115;98m██[38;2;82;204;173m██[38;2;82;204;173m██[38;2;61;153;130m██[38;2;61;153;130m██[38;2;82;204;173m██[38;2;82;204;173m██[38;2;82;204;173m██[38;2;82;204;173m██[38;2;16;16;16m██[38;2;242;200;157m██[38;2;242;200;157m██[38;2;115;95;75m██[38;2;242;200;157m██[38;2;179;147;116m██[38;2;179;147;116m██[38;2;16;16;16m██  
  [38;2;16;16;16m██[38;2;179;147;116m██[38;2;179;147;116m██[38;2;16;16;16m██[38;2;82;204;173m██[38;2;82;204;173m██[38;2;82;204;173m██[38;2;82;204;173m██[38;2;61;153;130m██[38;2;61;153;130m██[38;2;61;153;130m██[38;2;61;153;130m██[38;2;61;153;130m██[38;2;61;153;130m██[38;2;82;204;173m██[38;2;82;204;173m██[38;2;82;204;173m██[38;2;82;204;173m██[38;2;82;204;173m██[38;2;82;204;173m██[38;2;16;16;16m██[38;2;179;147;116m██[38;2;179;147;116m██[38;2;115;95;75m██[38;2;179;147;116m██[38;2;179;147;116m██[38;2;179;147;116m██[38;2;16;16;16m██  
    [38;2;16;16;16m██[38;2;179;147;116m██[38;2;179;147;116m██[38;2;16;16;16m██[38;2;82;204;173m██[38;2;82;204;173m██[38;2;82;204;173m██[38;2;82;204;173m██[38;2;16;16;16m██[38;2;16;16;16m██[38;2;16;16;16m██[38;2;82;204;173m██[38;2;82;204;173m██[38;2;82;204;173m██[38;2;82;204;173m██[38;2;82;204;173m██[38;2;82;204;173m██[38;2;82;204;173m██[38;2;16;16;16m██[38;2;179;147;116m██[38;2;179;147;116m██[38;2;115;95;75m██[38;2;179;147;116m██[38;2;179;147;116m██[38;2;179;147;116m██[38;2;179;147;116m██[38;2;16;16;16m██  
    [38;2;16;16;16m██[38;2;179;147;116m██[38;2;179;147;116m██[38;2;115;95;75m██[38;2;16;16;16m██[38;2;16;16;16m██[38;2;16;16;16m██[38;2;16;16;16m██[38;2;191;191;191m██[38;2;191;191;191m██[38;2;191;191;191m██[38;2;16;16;16m██[38;2;16;16;16m██[38;2;82;204;173m██[38;2;82;204;173m██[38;2;82;204;173m██[38;2;16;16;16m██[38;2;16;16;16m██[38;2;179;147;116m██[38;2;179;147;116m██[38;2;179;147;116m██[38;2;115;95;75m██[38;2;179;147;116m██[38;2;179;147;116m██[38;2;179;147;116m██[38;2;16;16;16m██    
      [38;2;16;16;16m██[38;2;179;147;116m██[38;2;115;95;75m██[38;2;191;191;191m██[38;2;191;191;191m██[38;2;191;191;191m██[38;2;191;191;191m██[38;2;191;191;191m██[38;2;191;191;191m██[38;2;191;191;191m██[38;2;191;191;191m██[38;2;191;191;191m██[38;2;16;16;16m██[38;2;16;16;16m██[38;2;16;16;16m██[38;2;191;191;191m██[38;2;115;95;75m██[38;2;179;147;116m██[38;2;179;147;116m██[38;2;115;95;75m██[38;2;179;147;116m██[38;2;179;147;116m██[38;2;115;95;75m██[38;2;179;147;116m██[38;2;16;16;16m██    
        [38;2;16;16;16m██[38;2;16;16;16m██[38;2;191;191;191m██[38;2;191;191;191m██[38;2;191;191;191m██[38;2;191;191;191m██[38;2;191;191;191m██[38;2;191;191;191m██[38;2;191;191;191m██[38;2;191;191;191m██[38;2;191;191;191m██[38;2;191;191;191m██[38;2;191;191;191m██[38;2;191;191;191m██[38;2;191;191;191m██[38;2;191;191;191m██[38;2;115;95;75m██[38;2;115;95;75m██[38;2;16;16;16m██[38;2;179;147;116m██[38;2;179;147;116m██[38;2;115;95;75m██[38;2;16;16;16m██      
            [38;2;16;16;16m██[38;2;191;191;191m██[38;2;191;191;191m██[38;2;191;191;191m██[38;2;191;191;191m██[38;2;191;191;191m██[38;2;191;191;191m██[38;2;191;191;191m██[38;2;191;191;191m██[38;2;191;191;191m██[38;2;191;191;191m██[38;2;191;191;191m██[38;2;191;191;191m██[38;2;191;191;191m██[38;2;191;191;191m██[38;2;191;191;191m██[38;2;16;16;16m██[38;2;179;147;116m██[38;2;115;95;75m██[38;2;16;16;16m██        
              [38;2;16;16;16m██[38;2;191;191;191m██[38;2;191;191;191m██[38;2;191;191;191m██[38;2;191;191;191m██[38;2;128;128;128m██[38;2;128;128;128m██[38;2;191;191;191m██[38;2;191;191;191m██[38;2;191;191;191m██[38;2;191;191;191m██[38;2;191;191;191m██[38;2;191;191;191m██[38;2;191;191;191m██[38;2;191;191;191m██[38;2;16;16;16m██[38;2;16;16;16m██[38;2;16;16;16m██[38;2;46;115;98m██        
                [38;2;16;16;16m██[38;2;16;16;16m██[38;2;191;191;191m██[38;2;191;191;191m██[38;2;191;191;191m██[38;2;16;16;16m██[38;2;16;16;16m██[38;2;128;128;128m██[38;2;191;191;191m██[38;2;191;191;191m██[38;2;191;191;191m██[38;2;191;191;191m██[38;2;16;16;16m██[38;2;16;16;16m██[38;2;61;153;130m██[38;2;61;153;130m██[38;2;61;153;130m██[38;2;46;115;98m██        
            [38;2;128;68;38m██[38;2;128;68;38m██[38;2;179;95;54m██[38;2;179;95;54m██[38;2;16;16;16m██[38;2;16;16;16m██[38;2;16;16;16m██[38;2;16;16;16m██[38;2;16;16;16m██[38;2;16;16;16m██[38;2;16;16;16m██[38;2;16;16;16m██[38;2;16;16;16m██[38;2;16;16;16m██[38;2;179;95;54m██[38;2;16;16;16m██[38;2;16;16;16m██[38;2;61;153;130m██[38;2;61;153;130m██[38;2;46;115;98m██        
          [38;2;128;68;38m██[38;2;242;129;73m██[38;2;242;129;73m██[38;2;128;68;38m██[38;2;242;129;73m██[38;2;242;129;73m██[38;2;179;95;54m██[38;2;16;16;16m██[38;2;16;16;16m██    [38;2;128;68;38m██[38;2;179;95;54m██[38;2;179;95;54m██[38;2;179;95;54m██[38;2;179;95;54m██[38;2;179;95;54m██[38;2;16;16;16m██[38;2;16;16;16m██[38;2;16;16;16m██[38;2;16;16;16m██        
          [38;2;128;68;38m██[38;2;242;129;73m██[38;2;16;16;16m██[38;2;16;16;16m██[38;2;242;129;73m██[38;2;16;16;16m██[38;2;16;16;16m██      [38;2;128;68;38m██[38;2;242;129;73m██[38;2;242;129;73m██[38;2;16;16;16m██[38;2;16;16;16m██[38;2;242;129;73m██[38;2;242;129;73m██[38;2;16;16;16m██              
          [38;2;16;16;16m██[38;2;16;16;16m██  [38;2;16;16;16m██[38;2;16;16;16m██          [38;2;128;68;38m██[38;2;242;129;73m██[38;2;16;16;16m██  [38;2;16;16;16m██[38;2;128;68;38m██[38;2;242;129;73m██[38;2;16;16;16m██              
                              [38;2;16;16;16m██[38;2;16;16;16m██      [38;2;16;16;16m██[38;2;16;16;16m██[38;2;16;16;16m██              
