                            [38;2;19;16;15m██[38;2;19;16;15m██[38;2;19;16;15m██[38;2;19;16;15m██[38;2;19;16;15m██[38;2;19;16;15m██                                                                              
                        [38;2;41;33;31m██[38;2;41;33;31m██[38;2;71;56;54m██[38;2;71;56;54m██[38;2;71;56;54m██[38;2;71;56;54m██[38;2;71;56;54m██[38;2;71;56;54m██[38;2;19;16;15m██[38;2;19;16;15m██                                                                  [38;2;119;96;102m██[38;2;119;96;102m██[38;2;119;96;102m██  
                      [38;2;41;33;31m██[38;2;71;56;54m██[38;2;116;95;95m██[38;2;116;95;95m██[38;2;71;56;54m██[38;2;71;56;54m██[38;2;71;56;54m██[38;2;71;56;54m██[38;2;71;56;54m██[38;2;71;56;54m██[38;2;71;56;54m██[38;2;19;16;15m██                                                            [38;2;119;96;102m██[38;2;119;96;102m██[38;2;205;197;202m██[38;2;205;197;202m██[38;2;119;96;102m██  
                    [38;2;19;16;15m██[38;2;71;56;54m██[38;2;116;95;95m██[38;2;116;95;95m██[38;2;116;95;95m██[38;2;71;56;54m██[38;2;71;56;54m██[38;2;71;56;54m██[38;2;71;56;54m██[38;2;71;56;54m██[38;2;71;56;54m██[38;2;71;56;54m██[38;2;71;56;54m██[38;2;19;16;15m██            [38;2;19;16;15m██[38;2;19;16;15m██[38;2;19;16;15m██[38;2;19;16;15m██[38;2;19;16;15m██                                  [38;2;119;96;102m██[38;2;205;197;202m██[38;2;205;197;202m██[38;2;119;96;102m██[38;2;119;96;102m██    
                  [38;2;19;16;15m██[38;2;71;56;54m██[38;2;71;56;54m██[38;2;116;95;95m██[38;2;116;95;95m██[38;2;71;56;54m██[38;2;71;56;54m██[38;2;71;56;54m██[38;2;71;56;54m██[38;2;71;56;54m██[38;2;71;56;54m██[38;2;71;56;54m██[38;2;71;56;54m██[38;2;71;56;54m██[38;2;71;56;54m██[38;2;19;16;15m██      [38;2;19;16;15m██[38;2;19;16;15m██[38;2;71;56;54m██[38;2;71;56;54m██[38;2;71;56;54m██[38;2;71;56;54m██[38;2;1;1;1m██                                [38;2;119;96;102m██[38;2;240;83;15m██[38;2;205;197;202m██[38;2;119;96;102m██        
                [38;2;19;16;15m██[38;2;71;56;54m██[38;2;71;56;54m██[38;2;71;56;54m██[38;2;71;56;54m██[38;2;71;56;54m██[38;2;71;56;54m██[38;2;71;56;54m██[38;2;71;56;54m██[38;2;41;33;31m██[38;2;41;33;31m██[38;2;41;33;31m██[38;2;41;33;31m██[38;2;71;56;54m██[38;2;71;56;54m██[38;2;71;56;54m██[38;2;19;16;15m██    [38;2;19;16;15m██[38;2;71;56;54m██[38;2;71;56;54m██[38;2;71;56;54m██[38;2;71;56;54m██[38;2;71;56;54m██[38;2;1;1;1m██                                  [38;2;119;96;102m██[38;2;205;197;202m██[38;2;119;96;102m██          
                [38;2;19;16;15m██[38;2;71;56;54m██[38;2;71;56;54m██[38;2;71;56;54m██[38;2;71;56;54m██[38;2;71;56;54m██[38;2;71;56;54m██[38;2;41;33;31m██[38;2;101;92;156m██[38;2;184;157;206m██[38;2;184;157;206m██[38;2;184;157;206m██[38;2;184;157;206m██[38;2;71;56;54m██[38;2;71;56;54m██[38;2;71;56;54m██[38;2;71;56;54m██[38;2;19;16;15m██[38;2;19;16;15m██[38;2;71;56;54m██[38;2;71;56;54m██[38;2;71;56;54m██[38;2;71;56;54m██[38;2;71;56;54m██[38;2;1;1;1m██                                  [38;2;119;96;102m██[38;2;240;83;15m██[38;2;205;197;202m██[38;2;119;96;102m██          
              [38;2;19;16;15m██[38;2;184;157;206m██[38;2;41;33;31m██[38;2;71;56;54m██[38;2;71;56;54m██[38;2;71;56;54m██[38;2;71;56;54m██[38;2;41;33;31m██[38;2;218;205;228m██[38;2;184;157;206m██[38;2;184;157;206m██[38;2;184;157;206m██[38;2;101;92;156m██[38;2;71;56;54m██[38;2;71;56;54m██[38;2;71;56;54m██[38;2;71;56;54m██[38;2;71;56;54m██[38;2;19;16;15m██[38;2;41;33;31m██[38;2;71;56;54m██[38;2;71;56;54m██[38;2;71;56;54m██[38;2;41;33;31m██[38;2;1;1;1m██                                    [38;2;119;96;102m██[38;2;240;83;15m██[38;2;205;197;202m██[38;2;119;96;102m██          
              [38;2;19;16;15m██[38;2;184;157;206m██[38;2;41;33;31m██[38;2;71;56;54m██[38;2;71;56;54m██[38;2;71;56;54m██[38;2;41;33;31m██[38;2;52;47;81m██[38;2;101;92;156m██[38;2;218;205;228m██[38;2;184;157;206m██[38;2;71;56;54m██[38;2;71;56;54m██[38;2;71;56;54m██[38;2;71;56;54m██[38;2;19;16;15m██[38;2;41;33;31m██[38;2;71;56;54m██[38;2;71;56;54m██[38;2;19;16;15m██[38;2;41;33;31m██[38;2;41;33;31m██[38;2;19;16;15m██[38;2;1;1;1m██                                      [38;2;119;96;102m██[38;2;240;83;15m██[38;2;205;197;202m██[38;2;119;96;102m██          
              [38;2;19;16;15m██[38;2;184;157;206m██[38;2;41;33;31m██[38;2;71;56;54m██[38;2;71;56;54m██[38;2;71;56;54m██[38;2;101;92;156m██[38;2;184;157;206m██[38;2;52;47;81m██[38;2;101;92;156m██[38;2;71;56;54m██[38;2;71;56;54m██[38;2;71;56;54m██[38;2;71;56;54m██[38;2;41;33;31m██[38;2;71;56;54m██[38;2;19;16;15m██[38;2;71;56;54m██[38;2;71;56;54m██[38;2;19;16;15m██[38;2;19;16;15m██[38;2;1;1;1m██                                          [38;2;119;96;102m██[38;2;240;83;15m██[38;2;205;197;202m██[38;2;205;197;202m██[38;2;119;96;102m██        
              [38;2;19;16;15m██[38;2;184;157;206m██[38;2;41;33;31m██[38;2;71;56;54m██[38;2;71;56;54m██[38;2;41;33;31m██[38;2;184;157;206m██[38;2;184;157;206m██[38;2;184;157;206m██[38;2;71;56;54m██[38;2;71;56;54m██[38;2;71;56;54m██[38;2;71;56;54m██[38;2;71;56;54m██[38;2;71;56;54m██[38;2;71;56;54m██[38;2;19;16;15m██[38;2;71;56;54m██[38;2;71;56;54m██[38;2;19;16;15m██[38;2;1;1;1m██                                              [38;2;119;96;102m██[38;2;240;83;15m██[38;2;205;197;202m██[38;2;119;96;102m██        
              [38;2;19;16;15m██[38;2;184;157;206m██[38;2;41;33;31m██[38;2;71;56;54m██[38;2;71;56;54m██[38;2;41;33;31m██[38;2;184;157;206m██[38;2;184;157;206m██[38;2;71;56;54m██[38;2;71;56;54m██[38;2;71;56;54m██[38;2;71;56;54m██[38;2;71;56;54m██[38;2;71;56;54m██[38;2;71;56;54m██[38;2;71;56;54m██[38;2;1;1;1m██[38;2;41;33;31m██[38;2;71;56;54m██[38;2;71;56;54m██[38;2;1;1;1m██[38;2;119;96;102m██                                            [38;2;119;96;102m██[38;2;240;83;15m██[38;2;205;197;202m██[38;2;205;197;202m██[38;2;119;96;102m██      
                [38;2;19;16;15m██[38;2;41;33;31m██[38;2;71;56;54m██[38;2;71;56;54m██[38;2;41;33;31m██[38;2;184;157;206m██[38;2;101;92;156m██[38;2;71;56;54m██[38;2;41;33;31m██[38;2;71;56;54m██[38;2;71;56;54m██[38;2;71;56;54m██[38;2;71;56;54m██[38;2;71;56;54m██[38;2;41;33;31m██[38;2;1;1;1m██[38;2;41;33;31m██[38;2;71;56;54m██[38;2;71;56;54m██[38;2;19;16;15m██[38;2;205;197;202m██[38;2;119;96;102m██                                          [38;2;119;96;102m██[38;2;240;83;15m██[38;2;205;197;202m██[38;2;205;197;202m██[38;2;119;96;102m██      
                [38;2;19;16;15m██[38;2;41;33;31m██[38;2;71;56;54m██[38;2;71;56;54m██[38;2;41;33;31m██[38;2;184;157;206m██[38;2;71;56;54m██[38;2;41;33;31m██[38;2;71;56;54m██[38;2;71;56;54m██[38;2;71;56;54m██[38;2;41;33;31m██[38;2;71;56;54m██[38;2;71;56;54m██[38;2;19;16;15m██[38;2;41;33;31m██[38;2;41;33;31m██[38;2;71;56;54m██[38;2;71;56;54m██[38;2;19;16;15m██[38;2;205;197;202m██[38;2;205;197;202m██[38;2;119;96;102m██                                          [38;2;119;96;102m██[38;2;240;83;15m██[38;2;205;197;202m██[38;2;205;197;202m██[38;2;119;96;102m██    
                [38;2;19;16;15m██[38;2;71;56;54m██[38;2;71;56;54m██[38;2;71;56;54m██[38;2;71;56;54m██[38;2;71;56;54m██[38;2;71;56;54m██[38;2;71;56;54m██[38;2;71;56;54m██[38;2;71;56;54m██[38;2;71;56;54m██[38;2;19;16;15m██[38;2;19;16;15m██[38;2;71;56;54m██[38;2;1;1;1m██[38;2;41;33;31m██[38;2;41;33;31m██[38;2;71;56;54m██[38;2;71;56;54m██[38;2;19;16;15m██[38;2;205;197;202m██[38;2;205;197;202m██[38;2;205;197;202m██[38;2;119;96;102m██                                        [38;2;119;96;102m██[38;2;240;83;15m██[38;2;205;197;202m██[38;2;205;197;202m██[38;2;119;96;102m██    
              [38;2;41;33;31m██[38;2;71;56;54m██[38;2;71;56;54m██[38;2;71;56;54m██[38;2;71;56;54m██[38;2;71;56;54m██[38;2;71;56;54m██[38;2;71;56;54m██[38;2;71;56;54m██[38;2;71;56;54m██[38;2;71;56;54m██[38;2;71;56;54m██[38;2;19;16;15m██[38;2;41;33;31m██[38;2;19;16;15m██[38;2;41;33;31m██[38;2;41;33;31m██[38;2;41;33;31m██[38;2;71;56;54m██[38;2;19;16;15m██[38;2;205;197;202m██[38;2;205;197;202m██[38;2;205;197;202m██[38;2;205;197;202m██[38;2;205;197;202m██[38;2;119;96;102m██                                      [38;2;119;96;102m██[38;2;240;83;15m██[38;2;205;197;202m██[38;2;205;197;202m██[38;2;119;96;102m██    
          [38;2;41;33;31m██[38;2;41;33;31m██[38;2;71;56;54m██[38;2;71;56;54m██[38;2;71;56;54m██[38;2;71;56;54m██[38;2;71;56;54m██[38;2;71;56;54m██[38;2;71;56;54m██[38;2;71;56;54m██[38;2;71;56;54m██[38;2;71;56;54m██[38;2;41;33;31m██[38;2;71;56;54m██[38;2;1;1;1m██[38;2;41;33;31m██[38;2;41;33;31m██[38;2;41;33;31m██[38;2;41;33;31m██[38;2;71;56;54m██[38;2;71;56;54m██[38;2;19;16;15m██[38;2;205;197;202m██[38;2;205;197;202m██[38;2;205;197;202m██[38;2;205;197;202m██[38;2;205;197;202m██[38;2;205;197;202m██[38;2;119;96;102m██                                      [38;2;119;96;102m██[38;2;240;83;15m██[38;2;205;197;202m██[38;2;205;197;202m██[38;2;1;1;1m██  
  [38;2;19;16;15m██[38;2;41;33;31m██[38;2;41;33;31m██[38;2;41;33;31m██[38;2;116;95;95m██[38;2;71;56;54m██[38;2;71;56;54m██[38;2;71;56;54m██[38;2;71;56;54m██[38;2;71;56;54m██[38;2;71;56;54m██[38;2;19;16;15m██[38;2;19;16;15m██[38;2;19;16;15m██[38;2;71;56;54m██[38;2;71;56;54m██[38;2;19;16;15m██[38;2;1;1;1m██[38;2;1;1;1m██[38;2;41;33;31m██[38;2;41;33;31m██[38;2;41;33;31m██[38;2;41;33;31m██[38;2;71;56;54m██[38;2;19;16;15m██[38;2;150;139;145m██[38;2;205;197;202m██[38;2;205;197;202m██[38;2;205;197;202m██[38;2;205;197;202m██[38;2;205;197;202m██[38;2;205;197;202m██[38;2;205;197;202m██[38;2;119;96;102m██                                    [38;2;119;96;102m██[38;2;240;83;15m██[38;2;205;197;202m██[38;2;205;197;202m██[38;2;1;1;1m██  
[38;2;19;16;15m██[38;2;71;56;54m██[38;2;116;95;95m██[38;2;116;95;95m██[38;2;71;56;54m██[38;2;71;56;54m██[38;2;71;56;54m██[38;2;71;56;54m██[38;2;71;56;54m██[38;2;71;56;54m██[38;2;19;16;15m██[38;2;19;16;15m██[38;2;41;33;31m██[38;2;41;33;31m██[38;2;1;1;1m██[38;2;19;16;15m██[38;2;71;56;54m██[38;2;1;1;1m██  [38;2;1;1;1m██[38;2;41;33;31m██[38;2;41;33;31m██[38;2;41;33;31m██[38;2;41;33;31m██[38;2;19;16;15m██[38;2;150;139;145m██[38;2;150;139;145m██[38;2;205;197;202m██[38;2;205;197;202m██[38;2;205;197;202m██[38;2;205;197;202m██[38;2;205;197;202m██[38;2;205;197;202m██[38;2;205;197;202m██[38;2;205;197;202m██[38;2;119;96;102m██                                  [38;2;119;96;102m██[38;2;240;83;15m██[38;2;205;197;202m██[38;2;205;197;202m██[38;2;119;96;102m██  
[38;2;19;16;15m██[38;2;71;56;54m██[38;2;71;56;54m██[38;2;71;56;54m██[38;2;71;56;54m██[38;2;71;56;54m██[38;2;71;56;54m██[38;2;71;56;54m██[38;2;71;56;54m██[38;2;1;1;1m██[38;2;41;33;31m██[38;2;41;33;31m██[38;2;1;1;1m██[38;2;1;1;1m██    [38;2;19;16;15m██[38;2;1;1;1m██  [38;2;119;96;102m██[38;2;1;1;1m██[38;2;19;16;15m██[38;2;41;33;31m██[38;2;41;33;31m██[38;2;150;139;145m██[38;2;150;139;145m██[38;2;150;139;145m██[38;2;150;139;145m██[38;2;205;197;202m██[38;2;205;197;202m██[38;2;205;197;202m██[38;2;205;197;202m██[38;2;119;96;102m██[38;2;205;197;202m██[38;2;205;197;202m██[38;2;205;197;202m██[38;2;119;96;102m██                                [38;2;119;96;102m██[38;2;240;83;15m██[38;2;205;197;202m██[38;2;205;197;202m██[38;2;150;139;145m██[38;2;1;1;1m██
[38;2;19;16;15m██[38;2;71;56;54m██[38;2;71;56;54m██[38;2;71;56;54m██[38;2;41;33;31m██[38;2;71;56;54m██[38;2;71;56;54m██[38;2;71;56;54m██[38;2;71;56;54m██[38;2;1;1;1m██[38;2;1;1;1m██[38;2;1;1;1m██              [38;2;119;96;102m██[38;2;205;197;202m██[38;2;150;139;145m██[38;2;150;139;145m██[38;2;41;33;31m██[38;2;150;139;145m██[38;2;150;139;145m██[38;2;150;139;145m██[38;2;119;96;102m██[38;2;205;197;202m██[38;2;205;197;202m██[38;2;205;197;202m██[38;2;205;197;202m██[38;2;119;96;102m██[38;2;205;197;202m██[38;2;205;197;202m██[38;2;205;197;202m██[38;2;205;197;202m██[38;2;119;96;102m██                              [38;2;119;96;102m██[38;2;240;83;15m██[38;2;205;197;202m██[38;2;205;197;202m██[38;2;150;139;145m██[38;2;1;1;1m██
[38;2;19;16;15m██[38;2;71;56;54m██[38;2;71;56;54m██[38;2;41;33;31m██[38;2;71;56;54m██[38;2;41;33;31m██[38;2;19;16;15m██[38;2;19;16;15m██[38;2;71;56;54m██[38;2;1;1;1m██                [38;2;119;96;102m██[38;2;205;197;202m██[38;2;205;197;202m██[38;2;150;139;145m██[38;2;150;139;145m██[38;2;41;33;31m██[38;2;41;33;31m██[38;2;150;139;145m██[38;2;150;139;145m██[38;2;119;96;102m██[38;2;205;197;202m██[38;2;205;197;202m██[38;2;205;197;202m██[38;2;205;197;202m██[38;2;119;96;102m██[38;2;205;197;202m██[38;2;205;197;202m██[38;2;205;197;202m██[38;2;205;197;202m██[38;2;205;197;202m██[38;2;119;96;102m██                          [38;2;119;96;102m██[38;2;240;83;15m██[38;2;205;197;202m██[38;2;205;197;202m██[38;2;205;197;202m██[38;2;150;139;145m██[38;2;1;1;1m██
  [38;2;19;16;15m██[38;2;71;56;54m██[38;2;71;56;54m██[38;2;71;56;54m██[38;2;1;1;1m██    [38;2;19;16;15m██[38;2;1;1;1m██                [38;2;119;96;102m██[38;2;205;197;202m██[38;2;205;197;202m██[38;2;205;197;202m██[38;2;150;139;145m██[38;2;41;33;31m██[38;2;41;33;31m██[38;2;41;33;31m██[38;2;150;139;145m██[38;2;150;139;145m██[38;2;119;96;102m██[38;2;205;197;202m██[38;2;205;197;202m██[38;2;205;197;202m██[38;2;119;96;102m██[38;2;205;197;202m██[38;2;205;197;202m██[38;2;205;197;202m██[38;2;205;197;202m██[38;2;205;197;202m██[38;2;150;139;145m██[38;2;119;96;102m██                        [38;2;119;96;102m██[38;2;240;83;15m██[38;2;205;197;202m██[38;2;205;197;202m██[38;2;150;139;145m██[38;2;150;139;145m██[38;2;1;1;1m██
    [38;2;19;16;15m██[38;2;19;16;15m██[38;2;71;56;54m██[38;2;1;1;1m██                        [38;2;119;96;102m██[38;2;205;197;202m██[38;2;205;197;202m██[38;2;205;197;202m██[38;2;150;139;145m██[38;2;150;139;145m██[38;2;41;33;31m██[38;2;41;33;31m██[38;2;150;139;145m██[38;2;150;139;145m██[38;2;119;96;102m██[38;2;205;197;202m██[38;2;205;197;202m██[38;2;205;197;202m██[38;2;119;96;102m██[38;2;205;197;202m██[38;2;205;197;202m██[38;2;205;197;202m██[38;2;205;197;202m██[38;2;205;197;202m██[38;2;150;139;145m██[38;2;150;139;145m██[38;2;119;96;102m██[38;2;119;96;102m██                  [38;2;119;96;102m██[38;2;240;83;15m██[38;2;205;197;202m██[38;2;205;197;202m██[38;2;205;197;202m██[38;2;150;139;145m██[38;2;150;139;145m██[38;2;1;1;1m██
        [38;2;19;16;15m██[38;2;1;1;1m██                        [38;2;119;96;102m██[38;2;205;197;202m██[38;2;205;197;202m██[38;2;205;197;202m██[38;2;119;96;102m██[38;2;150;139;145m██[38;2;150;139;145m██[38;2;41;33;31m██[38;2;150;139;145m██[38;2;150;139;145m██[38;2;119;96;102m██[38;2;205;197;202m██[38;2;205;197;202m██[38;2;205;197;202m██[38;2;119;96;102m██[38;2;205;197;202m██[38;2;205;197;202m██[38;2;205;197;202m██[38;2;205;197;202m██[38;2;205;197;202m██[38;2;205;197;202m██[38;2;205;197;202m██[38;2;205;197;202m██[38;2;205;197;202m██[38;2;119;96;102m██[38;2;119;96;102m██          [38;2;119;96;102m██[38;2;119;96;102m██[38;2;240;83;15m██[38;2;205;197;202m██[38;2;205;197;202m██[38;2;205;197;202m██[38;2;150;139;145m██[38;2;150;139;145m██[38;2;1;1;1m██  
                                      [38;2;119;96;102m██[38;2;205;197;202m██[38;2;205;197;202m██[38;2;119;96;102m██[38;2;150;139;145m██[38;2;150;139;145m██[38;2;150;139;145m██[38;2;150;139;145m██[38;2;150;139;145m██[38;2;150;139;145m██[38;2;119;96;102m██[38;2;205;197;202m██[38;2;205;197;202m██[38;2;119;96;102m██[38;2;205;197;202m██[38;2;205;197;202m██[38;2;205;197;202m██[38;2;205;197;202m██[38;2;205;197;202m██[38;2;205;197;202m██[38;2;205;197;202m██[38;2;205;197;202m██[38;2;205;197;202m██[38;2;205;197;202m██[38;2;205;197;202m██[38;2;1;1;1m██[38;2;119;96;102m██[38;2;119;96;102m██[38;2;119;96;102m██[38;2;119;96;102m██[38;2;240;83;15m██[38;2;240;83;15m██[38;2;205;197;202m██[38;2;205;197;202m██[38;2;205;197;202m██[38;2;150;139;145m██[38;2;150;139;145m██[38;2;150;139;145m██[38;2;1;1;1m██  
                                      [38;2;119;96;102m██[38;2;205;197;202m██[38;2;205;197;202m██[38;2;205;197;202m██[38;2;1;1;1m██[38;2;150;139;145m██[38;2;150;139;145m██[38;2;150;139;145m██[38;2;150;139;145m██[38;2;150;139;145m██[38;2;119;96;102m██[38;2;205;197;202m██[38;2;205;197;202m██[38;2;1;1;1m██[38;2;205;197;202m██[38;2;205;197;202m██[38;2;205;197;202m██[38;2;205;197;202m██[38;2;205;197;202m██[38;2;205;197;202m██[38;2;205;197;202m██[38;2;205;197;202m██[38;2;205;197;202m██[38;2;205;197;202m██[38;2;205;197;202m██[38;2;205;197;202m██[38;2;1;1;1m██[38;2;240;83;15m██[38;2;240;83;15m██[38;2;240;83;15m██[38;2;205;197;202m██[38;2;205;197;202m██[38;2;205;197;202m██[38;2;150;139;145m██[38;2;150;139;145m██[38;2;150;139;145m██[38;2;150;139;145m██[38;2;1;1;1m██    
                                    [38;2;119;96;102m██[38;2;205;197;202m██[38;2;119;96;102m██[38;2;205;197;202m██[38;2;205;197;202m██[38;2;1;1;1m██[38;2;119;96;102m██[38;2;150;139;145m██[38;2;150;139;145m██[38;2;150;139;145m██[38;2;150;139;145m██[38;2;119;96;102m██[38;2;205;197;202m██[38;2;205;197;202m██[38;2;1;1;1m██[38;2;205;197;202m██[38;2;205;197;202m██[38;2;205;197;202m██[38;2;205;197;202m██[38;2;231;226;230m██[38;2;231;226;230m██[38;2;205;197;202m██[38;2;205;197;202m██[38;2;205;197;202m██[38;2;205;197;202m██[38;2;205;197;202m██[38;2;205;197;202m██[38;2;205;197;202m██[38;2;1;1;1m██[38;2;150;139;145m██[38;2;150;139;145m██[38;2;150;139;145m██[38;2;150;139;145m██[38;2;150;139;145m██[38;2;150;139;145m██[38;2;150;139;145m██[38;2;150;139;145m██[38;2;1;1;1m██      
                                  [38;2;119;96;102m██[38;2;205;197;202m██[38;2;205;197;202m██[38;2;119;96;102m██[38;2;205;197;202m██[38;2;205;197;202m██[38;2;1;1;1m██[38;2;119;96;102m██[38;2;150;139;145m██[38;2;150;139;145m██[38;2;150;139;145m██[38;2;150;139;145m██[38;2;119;96;102m██[38;2;205;197;202m██[38;2;205;197;202m██[38;2;1;1;1m██[38;2;205;197;202m██[38;2;205;197;202m██[38;2;205;197;202m██[38;2;205;197;202m██[38;2;205;197;202m██[38;2;205;197;202m██[38;2;205;197;202m██[38;2;205;197;202m██[38;2;205;197;202m██[38;2;205;197;202m██[38;2;205;197;202m██[38;2;205;197;202m██[38;2;205;197;202m██[38;2;1;1;1m██[38;2;150;139;145m██[38;2;150;139;145m██[38;2;150;139;145m██[38;2;150;139;145m██[38;2;150;139;145m██[38;2;150;139;145m██[38;2;150;139;145m██[38;2;1;1;1m██        
                                [38;2;119;96;102m██[38;2;205;197;202m██[38;2;231;226;230m██[38;2;205;197;202m██[38;2;119;96;102m██[38;2;205;197;202m██[38;2;205;197;202m██[38;2;1;1;1m██[38;2;150;139;145m██[38;2;119;96;102m██[38;2;150;139;145m██[38;2;150;139;145m██[38;2;150;139;145m██[38;2;119;96;102m██[38;2;205;197;202m██[38;2;205;197;202m██[38;2;1;1;1m██[38;2;205;197;202m██[38;2;205;197;202m██[38;2;150;139;145m██[38;2;205;197;202m██[38;2;205;197;202m██[38;2;205;197;202m██[38;2;205;197;202m██[38;2;205;197;202m██[38;2;205;197;202m██[38;2;205;197;202m██[38;2;205;197;202m██[38;2;205;197;202m██[38;2;205;197;202m██[38;2;150;139;145m██[38;2;1;1;1m██[38;2;150;139;145m██[38;2;150;139;145m██[38;2;150;139;145m██[38;2;150;139;145m██[38;2;1;1;1m██[38;2;1;1;1m██          
                                [38;2;119;96;102m██[38;2;205;197;202m██[38;2;205;197;202m██[38;2;205;197;202m██[38;2;205;197;202m██[38;2;119;96;102m██[38;2;205;197;202m██[38;2;1;1;1m██[38;2;150;139;145m██[38;2;1;1;1m██[38;2;150;139;145m██[38;2;150;139;145m██[38;2;119;96;102m██[38;2;205;197;202m██[38;2;205;197;202m██[38;2;119;96;102m██[38;2;150;139;145m██[38;2;150;139;145m██[38;2;205;197;202m██[38;2;205;197;202m██[38;2;119;96;102m██[38;2;150;139;145m██[38;2;205;197;202m██[38;2;205;197;202m██[38;2;205;197;202m██[38;2;205;197;202m██[38;2;205;197;202m██[38;2;205;197;202m██[38;2;150;139;145m██[38;2;150;139;145m██[38;2;150;139;145m██[38;2;1;1;1m██[38;2;150;139;145m██[38;2;1;1;1m██[38;2;1;1;1m██[38;2;1;1;1m██              
                                [38;2;1;1;1m██[38;2;150;139;145m██[38;2;205;197;202m██[38;2;205;197;202m██[38;2;205;197;202m██[38;2;119;96;102m██[38;2;205;197;202m██[38;2;205;197;202m██[38;2;1;1;1m██[38;2;150;139;145m██[38;2;1;1;1m██[38;2;150;139;145m██[38;2;119;96;102m██[38;2;205;197;202m██[38;2;205;197;202m██[38;2;1;1;1m██[38;2;150;139;145m██[38;2;150;139;145m██[38;2;150;139;145m██[38;2;150;139;145m██[38;2;150;139;145m██[38;2;1;1;1m██[38;2;1;1;1m██[38;2;150;139;145m██[38;2;150;139;145m██[38;2;150;139;145m██[38;2;150;139;145m██[38;2;150;139;145m██[38;2;150;139;145m██[38;2;150;139;145m██[38;2;150;139;145m██[38;2;1;1;1m██[38;2;1;1;1m██                    
                                  [38;2;1;1;1m██[38;2;150;139;145m██[38;2;150;139;145m██[38;2;150;139;145m██[38;2;119;96;102m██[38;2;205;197;202m██[38;2;205;197;202m██[38;2;1;1;1m██[38;2;1;1;1m██[38;2;1;1;1m██[38;2;150;139;145m██[38;2;119;96;102m██[38;2;205;197;202m██[38;2;205;197;202m██[38;2;1;1;1m██[38;2;150;139;145m██[38;2;150;139;145m██[38;2;150;139;145m██[38;2;150;139;145m██[38;2;150;139;145m██[38;2;150;139;145m██[38;2;1;1;1m██[38;2;1;1;1m██[38;2;1;1;1m██[38;2;119;96;102m██[38;2;150;139;145m██[38;2;150;139;145m██[38;2;150;139;145m██[38;2;150;139;145m██[38;2;1;1;1m██                        
                                    [38;2;1;1;1m██[38;2;150;139;145m██[38;2;150;139;145m██[38;2;119;96;102m██[38;2;205;197;202m██[38;2;205;197;202m██[38;2;1;1;1m██  [38;2;1;1;1m██[38;2;119;96;102m██[38;2;205;197;202m██[38;2;205;197;202m██[38;2;119;96;102m██[38;2;150;139;145m██[38;2;150;139;145m██[38;2;150;139;145m██[38;2;150;139;145m██[38;2;150;139;145m██[38;2;1;1;1m██[38;2;1;1;1m██    [38;2;1;1;1m██[38;2;150;139;145m██[38;2;150;139;145m██[38;2;150;139;145m██[38;2;150;139;145m██[38;2;1;1;1m██                          
                                  [38;2;19;16;15m██[38;2;19;16;15m██[38;2;19;16;15m██[38;2;119;96;102m██[38;2;19;16;15m██[38;2;71;56;54m██[38;2;41;33;31m██[38;2;1;1;1m██    [38;2;119;96;102m██[38;2;205;197;202m██[38;2;205;197;202m██[38;2;1;1;1m██[38;2;1;1;1m██[38;2;1;1;1m██[38;2;1;1;1m██[38;2;1;1;1m██[38;2;1;1;1m██      [38;2;19;16;15m██[38;2;41;33;31m██[38;2;41;33;31m██[38;2;41;33;31m██[38;2;19;16;15m██[38;2;19;16;15m██[38;2;19;16;15m██                          
                              [38;2;19;16;15m██[38;2;19;16;15m██[38;2;41;33;31m██[38;2;41;33;31m██[38;2;41;33;31m██[38;2;19;16;15m██[38;2;71;56;54m██[38;2;41;33;31m██[38;2;19;16;15m██      [38;2;119;96;102m██[38;2;71;56;54m██[38;2;41;33;31m██[38;2;1;1;1m██                [38;2;19;16;15m██[38;2;71;56;54m██[38;2;71;56;54m██[38;2;71;56;54m██[38;2;41;33;31m██[38;2;41;33;31m██[38;2;41;33;31m██[38;2;19;16;15m██[38;2;19;16;15m██[38;2;19;16;15m██                    
                            [38;2;19;16;15m██[38;2;41;33;31m██[38;2;41;33;31m██[38;2;19;16;15m██[38;2;19;16;15m██[38;2;19;16;15m██[38;2;71;56;54m██[38;2;71;56;54m██[38;2;41;33;31m██[38;2;19;16;15m██  [38;2;19;16;15m██[38;2;19;16;15m██[38;2;71;56;54m██[38;2;41;33;31m██[38;2;1;1;1m██                [38;2;19;16;15m██[38;2;71;56;54m██[38;2;19;16;15m██[38;2;71;56;54m██[38;2;71;56;54m██[38;2;71;56;54m██[38;2;19;16;15m██[38;2;41;33;31m██[38;2;41;33;31m██[38;2;41;33;31m██[38;2;41;33;31m██[38;2;19;16;15m██                  
                            [38;2;1;1;1m██[38;2;1;1;1m██[38;2;19;16;15m██[38;2;71;56;54m██[38;2;19;16;15m██[38;2;71;56;54m██[38;2;41;33;31m██[38;2;19;16;15m██[38;2;19;16;15m██[38;2;19;16;15m██[38;2;19;16;15m██[38;2;71;56;54m██[38;2;71;56;54m██[38;2;71;56;54m██[38;2;41;33;31m██[38;2;1;1;1m██              [38;2;19;16;15m██[38;2;41;33;31m██[38;2;1;1;1m██  [38;2;1;1;1m██[38;2;41;33;31m██[38;2;71;56;54m██[38;2;71;56;54m██[38;2;19;16;15m██[38;2;1;1;1m██[38;2;1;1;1m██[38;2;1;1;1m██[38;2;1;1;1m██                  
                                [38;2;1;1;1m██[38;2;1;1;1m██[38;2;19;16;15m██[38;2;41;33;31m██[38;2;19;16;15m██[38;2;19;16;15m██[38;2;71;56;54m██[38;2;71;56;54m██[38;2;19;16;15m██[38;2;71;56;54m██[38;2;41;33;31m██[38;2;41;33;31m██[38;2;41;33;31m██[38;2;1;1;1m██              [38;2;1;1;1m██[38;2;1;1;1m██      [38;2;1;1;1m██[38;2;1;1;1m██[38;2;41;33;31m██[38;2;19;16;15m██                          
                                    [38;2;1;1;1m██[38;2;1;1;1m██  [38;2;1;1;1m██[38;2;1;1;1m██[38;2;19;16;15m██[38;2;71;56;54m██[38;2;41;33;31m██[38;2;19;16;15m██[38;2;41;33;31m██[38;2;1;1;1m██                              [38;2;1;1;1m██[38;2;1;1;1m██                          
                                              [38;2;19;16;15m██[38;2;41;33;31m██[38;2;1;1;1m██[38;2;1;1;1m██[38;2;41;33;31m██[38;2;1;1;1m██                                                            
                                              [38;2;1;1;1m██[38;2;1;1;1m██    [38;2;1;1;1m██                                                              
