                                                        [38;2;90;115;16m██[38;2;90;115;16m██                                                                            
                                                      [38;2;90;115;16m██[38;2;222;255;106m██[38;2;222;255;106m██[38;2;16;16;16m██                                                  [38;2;0;106;24m██[38;2;0;106;24m██[38;2;0;106;24m██                  
                                                      [38;2;90;115;16m██[38;2;222;255;106m██[38;2;222;255;106m██[38;2;16;16;16m██    [38;2;0;106;24m██[38;2;0;106;24m██                                      [38;2;0;106;24m██[38;2;0;106;24m██[38;2;255;255;255m██[38;2;255;255;255m██[38;2;255;255;255m██[38;2;0;106;24m██                
                                                      [38;2;90;115;16m██[38;2;222;255;106m██[38;2;205;230;49m██[38;2;16;16;16m██    [38;2;0;106;24m██[38;2;197;213;197m██[38;2;0;106;24m██                                  [38;2;0;106;24m██[38;2;255;255;255m██[38;2;255;255;255m██[38;2;255;255;255m██[38;2;74;180;106m██[38;2;74;180;106m██[38;2;0;106;24m██                
                                                    [38;2;90;115;16m██[38;2;222;255;106m██[38;2;205;230;49m██[38;2;148;164;32m██[38;2;16;16;16m██    [38;2;0;106;24m██[38;2;197;213;197m██[38;2;0;106;24m██                                [38;2;0;106;24m██[38;2;255;255;255m██[38;2;255;255;255m██[38;2;74;180;106m██[38;2;74;180;106m██[38;2;255;255;255m██[38;2;255;255;255m██[38;2;0;106;24m██                
                                                    [38;2;90;115;16m██[38;2;222;255;106m██[38;2;205;230;49m██[38;2;148;164;32m██[38;2;148;164;32m██[38;2;16;16;16m██  [38;2;0;106;24m██[38;2;197;213;197m██[38;2;0;106;24m██    [38;2;16;16;16m██[38;2;16;16;16m██[38;2;16;16;16m██                    [38;2;0;106;24m██[38;2;255;255;255m██[38;2;255;255;255m██[38;2;74;180;106m██[38;2;255;255;255m██[38;2;74;180;106m██[38;2;255;255;255m██[38;2;255;255;255m██[38;2;0;106;24m██                
                                          [38;2;90;115;16m██[38;2;16;16;16m██      [38;2;90;115;16m██[38;2;205;230;49m██[38;2;205;230;49m██[38;2;148;164;32m██[38;2;148;164;32m██[38;2;16;16;16m██  [38;2;0;106;24m██[38;2;197;213;197m██[38;2;0;106;24m██  [38;2;16;16;16m██[38;2;222;255;106m██[38;2;222;255;106m██[38;2;16;16;16m██                [38;2;90;115;16m██[38;2;90;115;16m██[38;2;255;255;255m██[38;2;255;255;255m██[38;2;74;180;106m██[38;2;255;255;255m██[38;2;255;255;255m██[38;2;74;180;106m██[38;2;255;255;255m██[38;2;255;255;255m██[38;2;0;106;24m██                
                                        [38;2;90;115;16m██[38;2;205;230;49m██[38;2;205;230;49m██[38;2;16;16;16m██  [38;2;16;16;16m██[38;2;205;230;49m██[38;2;205;230;49m██[38;2;205;230;49m██[38;2;148;164;32m██[38;2;148;164;32m██[38;2;16;16;16m██  [38;2;0;106;24m██[38;2;197;213;197m██[38;2;16;16;16m██[38;2;16;16;16m██[38;2;222;255;106m██[38;2;222;255;106m██[38;2;222;255;106m██[38;2;16;16;16m██              [38;2;90;115;16m██[38;2;205;230;49m██[38;2;205;230;49m██[38;2;90;115;16m██[38;2;74;180;106m██[38;2;74;180;106m██[38;2;255;255;255m██[38;2;255;255;255m██[38;2;74;180;106m██[38;2;255;255;255m██[38;2;255;255;255m██[38;2;0;106;24m██                
                                        [38;2;90;115;16m██[38;2;205;230;49m██[38;2;148;164;32m██[38;2;16;16;16m██  [38;2;16;16;16m██[38;2;205;230;49m██[38;2;205;230;49m██[38;2;205;230;49m██[38;2;148;164;32m██[38;2;148;164;32m██[38;2;148;164;32m██[38;2;16;16;16m██[38;2;0;106;24m██[38;2;16;16;16m██[38;2;222;255;106m██[38;2;222;255;106m██[38;2;205;230;49m██[38;2;205;230;49m██[38;2;16;16;16m██              [38;2;90;115;16m██[38;2;205;230;49m██[38;2;205;230;49m██[38;2;205;230;49m██[38;2;90;115;16m██[38;2;255;255;255m██[38;2;74;180;106m██[38;2;255;255;255m██[38;2;255;255;255m██[38;2;74;180;106m██[38;2;255;255;255m██[38;2;255;255;255m██[38;2;0;106;24m██                
                                        [38;2;90;115;16m██[38;2;205;230;49m██[38;2;148;164;32m██[38;2;148;164;32m██[38;2;90;115;16m██[38;2;90;115;16m██[38;2;205;230;49m██[38;2;205;230;49m██[38;2;205;230;49m██[38;2;148;164;32m██[38;2;148;164;32m██[38;2;148;164;32m██[38;2;16;16;16m██[38;2;16;16;16m██[38;2;222;255;106m██[38;2;222;255;106m██[38;2;205;230;49m██[38;2;205;230;49m██[38;2;16;16;16m██              [38;2;90;115;16m██[38;2;205;230;49m██[38;2;205;230;49m██[38;2;205;230;49m██[38;2;148;164;32m██[38;2;255;255;255m██[38;2;255;255;255m██[38;2;74;180;106m██[38;2;255;255;255m██[38;2;255;255;255m██[38;2;74;180;106m██[38;2;255;255;255m██[38;2;255;255;255m██[38;2;0;106;24m██                
                                        [38;2;16;16;16m██[38;2;205;230;49m██[38;2;148;164;32m██[38;2;148;164;32m██[38;2;16;16;16m██[38;2;90;115;16m██[38;2;205;230;49m██[38;2;205;230;49m██[38;2;205;230;49m██[38;2;148;164;32m██[38;2;16;16;16m██[38;2;16;16;16m██[38;2;148;164;32m██[38;2;222;255;106m██[38;2;205;230;49m██[38;2;205;230;49m██[38;2;205;230;49m██[38;2;148;164;32m██[38;2;16;16;16m██            [38;2;90;115;16m██[38;2;205;230;49m██[38;2;205;230;49m██[38;2;205;230;49m██[38;2;148;164;32m██[38;2;90;115;16m██[38;2;255;255;255m██[38;2;255;255;255m██[38;2;74;180;106m██[38;2;255;255;255m██[38;2;255;255;255m██[38;2;74;180;106m██[38;2;255;255;255m██[38;2;197;213;197m██                  
                                        [38;2;16;16;16m██[38;2;205;230;49m██[38;2;205;230;49m██[38;2;148;164;32m██[38;2;16;16;16m██[38;2;205;230;49m██[38;2;205;230;49m██[38;2;205;230;49m██[38;2;205;230;49m██[38;2;205;230;49m██[38;2;205;230;49m██[38;2;205;230;49m██[38;2;205;230;49m██[38;2;205;230;49m██[38;2;205;230;49m██[38;2;205;230;49m██[38;2;148;164;32m██[38;2;16;16;16m██            [38;2;90;115;16m██[38;2;148;164;32m██[38;2;205;230;49m██[38;2;205;230;49m██[38;2;148;164;32m██[38;2;148;164;32m██[38;2;255;255;255m██[38;2;255;255;255m██[38;2;255;255;255m██[38;2;74;180;106m██[38;2;255;255;255m██[38;2;255;255;255m██[38;2;74;180;106m██[38;2;255;255;255m██[38;2;0;106;24m██                  
                                        [38;2;16;16;16m██[38;2;205;230;49m██[38;2;205;230;49m██[38;2;148;164;32m██[38;2;90;115;16m██[38;2;205;230;49m██[38;2;205;230;49m██[38;2;205;230;49m██[38;2;205;230;49m██[38;2;205;230;49m██[38;2;205;230;49m██[38;2;205;230;49m██[38;2;205;230;49m██[38;2;205;230;49m██[38;2;205;230;49m██[38;2;148;164;32m██[38;2;148;164;32m██[38;2;16;16;16m██            [38;2;90;115;16m██[38;2;205;230;49m██[38;2;205;230;49m██[38;2;148;164;32m██[38;2;148;164;32m██[38;2;90;115;16m██[38;2;255;255;255m██[38;2;255;255;255m██[38;2;74;180;106m██[38;2;255;255;255m██[38;2;255;255;255m██[38;2;74;180;106m██[38;2;255;255;255m██[38;2;255;255;255m██[38;2;0;106;24m██                  
                                          [38;2;16;16;16m██[38;2;205;230;49m██[38;2;205;230;49m██[38;2;205;230;49m██[38;2;205;230;49m██[38;2;205;230;49m██[38;2;205;230;49m██[38;2;205;230;49m██[38;2;205;230;49m██[38;2;205;230;49m██[38;2;205;230;49m██[38;2;205;230;49m██[38;2;205;230;49m██[38;2;148;164;32m██[38;2;148;164;32m██[38;2;16;16;16m██[38;2;90;115;16m██          [38;2;90;115;16m██[38;2;148;164;32m██[38;2;205;230;49m██[38;2;148;164;32m██[38;2;148;164;32m██[38;2;148;164;32m██[38;2;197;213;197m██[38;2;255;255;255m██[38;2;255;255;255m██[38;2;74;180;106m██[38;2;255;255;255m██[38;2;255;255;255m██[38;2;74;180;106m██[38;2;255;255;255m██[38;2;255;255;255m██[38;2;0;106;24m██                  
                                          [38;2;16;16;16m██[38;2;205;230;49m██[38;2;205;230;49m██[38;2;205;230;49m██[38;2;205;230;49m██[38;2;205;230;49m██[38;2;205;230;49m██[38;2;205;230;49m██[38;2;205;230;49m██[38;2;205;230;49m██[38;2;205;230;49m██[38;2;205;230;49m██[38;2;205;230;49m██[38;2;148;164;32m██[38;2;148;164;32m██[38;2;16;16;16m██[38;2;90;115;16m██          [38;2;90;115;16m██[38;2;148;164;32m██[38;2;148;164;32m██[38;2;148;164;32m██[38;2;148;164;32m██[38;2;90;115;16m██[38;2;197;213;197m██[38;2;255;255;255m██[38;2;197;213;197m██[38;2;255;255;255m██[38;2;255;255;255m██[38;2;197;213;197m██[38;2;255;255;255m██[38;2;255;255;255m██[38;2;0;106;24m██                    
                                          [38;2;16;16;16m██[38;2;222;255;106m██[38;2;205;230;49m██[38;2;205;230;49m██[38;2;205;230;49m██[38;2;205;230;49m██[38;2;205;230;49m██[38;2;205;230;49m██[38;2;205;230;49m██[38;2;205;230;49m██[38;2;205;230;49m██[38;2;205;230;49m██[38;2;148;164;32m██[38;2;148;164;32m██[38;2;16;16;16m██[38;2;148;164;32m██[38;2;90;115;16m██          [38;2;148;164;32m██[38;2;148;164;32m██[38;2;148;164;32m██[38;2;148;164;32m██[38;2;148;164;32m██[38;2;197;213;197m██[38;2;197;213;197m██[38;2;255;255;255m██[38;2;74;180;106m██[38;2;255;255;255m██[38;2;255;255;255m██[38;2;74;180;106m██[38;2;255;255;255m██[38;2;255;255;255m██[38;2;0;106;24m██                    
                                          [38;2;90;115;16m██[38;2;222;255;106m██[38;2;205;230;49m██[38;2;205;230;49m██[38;2;205;230;49m██[38;2;205;230;49m██[38;2;205;230;49m██[38;2;205;230;49m██[38;2;205;230;49m██[38;2;205;230;49m██[38;2;205;230;49m██[38;2;148;164;32m██[38;2;148;164;32m██[38;2;148;164;32m██[38;2;90;115;16m██[38;2;16;16;16m██[38;2;148;164;32m██[38;2;90;115;16m██      [38;2;90;115;16m██[38;2;148;164;32m██[38;2;148;164;32m██[38;2;148;164;32m██[38;2;148;164;32m██[38;2;90;115;16m██[38;2;197;213;197m██[38;2;197;213;197m██[38;2;197;213;197m██[38;2;197;213;197m██[38;2;255;255;255m██[38;2;197;213;197m██[38;2;255;255;255m██[38;2;255;255;255m██[38;2;0;106;24m██                      
                                          [38;2;90;115;16m██[38;2;222;255;106m██[38;2;205;230;49m██[38;2;205;230;49m██[38;2;205;230;49m██[38;2;205;230;49m██[38;2;205;230;49m██[38;2;205;230;49m██[38;2;205;230;49m██[38;2;205;230;49m██[38;2;148;164;32m██[38;2;90;115;16m██[38;2;148;164;32m██[38;2;148;164;32m██[38;2;148;164;32m██[38;2;16;16;16m██[38;2;148;164;32m██[38;2;90;115;16m██      [38;2;90;115;16m██[38;2;148;164;32m██[38;2;148;164;32m██[38;2;148;164;32m██[38;2;148;164;32m██[38;2;197;213;197m██[38;2;197;213;197m██[38;2;197;213;197m██[38;2;74;180;106m██[38;2;197;213;197m██[38;2;255;255;255m██[38;2;74;180;106m██[38;2;255;255;255m██[38;2;197;213;197m██                        
                                          [38;2;90;115;16m██[38;2;222;255;106m██[38;2;205;230;49m██[38;2;205;230;49m██[38;2;205;230;49m██[38;2;205;230;49m██[38;2;205;230;49m██[38;2;205;230;49m██[38;2;205;230;49m██[38;2;205;230;49m██[38;2;90;115;16m██[38;2;255;255;255m██[38;2;148;164;32m██[38;2;148;164;32m██[38;2;148;164;32m██[38;2;16;16;16m██[38;2;148;164;32m██[38;2;90;115;16m██      [38;2;148;164;32m██[38;2;148;164;32m██[38;2;148;164;32m██[38;2;148;164;32m██[38;2;90;115;16m██[38;2;197;213;197m██[38;2;197;213;197m██[38;2;74;180;106m██[38;2;197;213;197m██[38;2;197;213;197m██[38;2;74;180;106m██[38;2;255;255;255m██[38;2;255;255;255m██[38;2;0;106;24m██                        
                                          [38;2;90;115;16m██[38;2;222;255;106m██[38;2;205;230;49m██[38;2;205;230;49m██[38;2;205;230;49m██[38;2;205;230;49m██[38;2;205;230;49m██[38;2;205;230;49m██[38;2;205;230;49m██[38;2;90;115;16m██[38;2;255;213;16m██[38;2;255;255;255m██[38;2;148;164;32m██[38;2;148;164;32m██[38;2;148;164;32m██[38;2;16;16;16m██[38;2;16;16;16m██[38;2;16;16;16m██[38;2;16;16;16m██  [38;2;90;115;16m██[38;2;148;164;32m██[38;2;148;164;32m██[38;2;148;164;32m██[38;2;90;115;16m██[38;2;197;213;197m██[38;2;197;213;197m██[38;2;74;180;106m██[38;2;197;213;197m██[38;2;197;213;197m██[38;2;74;180;106m██[38;2;197;213;197m██[38;2;197;213;197m██[38;2;0;106;24m██                          
                                            [38;2;90;115;16m██[38;2;222;255;106m██[38;2;205;230;49m██[38;2;205;230;49m██[38;2;205;230;49m██[38;2;205;230;49m██[38;2;205;230;49m██[38;2;90;115;16m██[38;2;16;16;16m██[38;2;255;213;16m██[38;2;255;255;255m██[38;2;148;164;32m██[38;2;148;164;32m██[38;2;16;16;16m██[38;2;16;16;16m██[38;2;205;230;49m██[38;2;205;230;49m██[38;2;205;230;49m██[38;2;16;16;16m██[38;2;90;115;16m██[38;2;148;164;32m██[38;2;148;164;32m██[38;2;16;16;16m██[38;2;16;16;16m██[38;2;16;16;16m██[38;2;16;16;16m██[38;2;16;16;16m██[38;2;197;213;197m██[38;2;74;180;106m██[38;2;197;213;197m██[38;2;197;213;197m██[38;2;0;106;24m██                            
                                            [38;2;90;115;16m██[38;2;222;255;106m██[38;2;222;255;106m██[38;2;222;255;106m██[38;2;205;230;49m██[38;2;205;230;49m██[38;2;90;115;16m██[38;2;255;213;16m██[38;2;255;213;16m██[38;2;255;255;255m██[38;2;255;255;255m██[38;2;148;164;32m██[38;2;148;164;32m██[38;2;16;16;16m██[38;2;16;16;16m██[38;2;16;16;16m██[38;2;205;230;49m██[38;2;205;230;49m██[38;2;205;230;49m██[38;2;205;230;49m██[38;2;16;16;16m██[38;2;16;16;16m██[38;2;205;230;49m██[38;2;205;230;49m██[38;2;205;230;49m██[38;2;222;255;106m██[38;2;222;255;106m██[38;2;16;16;16m██[38;2;16;16;16m██[38;2;197;213;197m██[38;2;0;106;24m██                              
                                              [38;2;90;115;16m██[38;2;222;255;106m██[38;2;222;255;106m██[38;2;205;230;49m██[38;2;205;230;49m██[38;2;148;164;32m██[38;2;148;164;32m██[38;2;255;255;255m██[38;2;255;255;255m██[38;2;148;164;32m██[38;2;148;164;32m██[38;2;16;16;16m██[38;2;0;106;24m██[38;2;0;106;24m██[38;2;16;16;16m██[38;2;16;16;16m██[38;2;148;164;32m██[38;2;205;230;49m██[38;2;205;230;49m██[38;2;16;16;16m██[38;2;222;255;106m██[38;2;222;255;106m██[38;2;222;255;106m██[38;2;222;255;106m██[38;2;222;255;106m██[38;2;222;255;106m██[38;2;205;230;49m██[38;2;205;230;49m██[38;2;16;16;16m██                                
                                              [38;2;90;115;16m██[38;2;16;16;16m██[38;2;148;164;32m██[38;2;222;255;106m██[38;2;222;255;106m██[38;2;148;164;32m██[38;2;148;164;32m██[38;2;148;164;32m██[38;2;148;164;32m██[38;2;16;16;16m██[38;2;16;16;16m██[38;2;16;16;16m██[38;2;0;106;24m██[38;2;0;106;24m██[38;2;0;106;24m██[38;2;90;115;16m██[38;2;205;230;49m██[38;2;205;230;49m██[38;2;16;16;16m██[38;2;205;230;49m██[38;2;222;255;106m██[38;2;222;255;106m██[38;2;222;255;106m██[38;2;222;255;106m██[38;2;205;230;49m██[38;2;148;164;32m██[38;2;148;164;32m██[38;2;148;164;32m██[38;2;16;16;16m██                                
                                            [38;2;90;115;16m██[38;2;148;164;32m██[38;2;148;164;32m██[38;2;16;16;16m██[38;2;16;16;16m██[38;2;148;164;32m██[38;2;148;164;32m██[38;2;148;164;32m██[38;2;16;16;16m██[38;2;205;230;49m██[38;2;205;230;49m██[38;2;16;16;16m██[38;2;74;180;106m██[38;2;0;106;24m██[38;2;0;106;24m██[38;2;0;106;24m██[38;2;205;230;49m██[38;2;205;230;49m██[38;2;205;230;49m██[38;2;16;16;16m██[38;2;205;230;49m██[38;2;205;230;49m██[38;2;205;230;49m██[38;2;148;164;32m██[38;2;148;164;32m██[38;2;148;164;32m██[38;2;148;164;32m██[38;2;148;164;32m██[38;2;16;16;16m██                                  
                                            [38;2;90;115;16m██[38;2;148;164;32m██[38;2;148;164;32m██[38;2;148;164;32m██[38;2;148;164;32m██[38;2;16;16;16m██[38;2;16;16;16m██[38;2;16;16;16m██[38;2;90;115;16m██[38;2;205;230;49m██[38;2;205;230;49m██[38;2;0;106;24m██[38;2;74;180;106m██[38;2;74;180;106m██[38;2;74;180;106m██[38;2;90;115;16m██[38;2;205;230;49m██[38;2;205;230;49m██[38;2;205;230;49m██[38;2;16;16;16m██[38;2;205;230;49m██[38;2;205;230;49m██[38;2;148;164;32m██[38;2;148;164;32m██[38;2;148;164;32m██[38;2;148;164;32m██[38;2;148;164;32m██[38;2;148;164;32m██[38;2;16;16;16m██                                  
                  [38;2;16;16;16m██[38;2;16;16;16m██[38;2;16;16;16m██[38;2;16;16;16m██[38;2;16;16;16m██                  [38;2;90;115;16m██[38;2;148;164;32m██[38;2;16;16;16m██[38;2;148;164;32m██[38;2;148;164;32m██[38;2;148;164;32m██[38;2;148;164;32m██[38;2;16;16;16m██[38;2;205;230;49m██[38;2;205;230;49m██[38;2;0;106;24m██[38;2;74;180;106m██[38;2;74;180;106m██[38;2;0;106;24m██[38;2;205;230;49m██[38;2;205;230;49m██[38;2;205;230;49m██[38;2;148;164;32m██[38;2;148;164;32m██[38;2;16;16;16m██[38;2;148;164;32m██[38;2;148;164;32m██[38;2;148;164;32m██[38;2;90;115;16m██[38;2;148;164;32m██[38;2;148;164;32m██[38;2;205;230;49m██[38;2;16;16;16m██[38;2;74;180;106m██[38;2;74;180;106m██[38;2;74;180;106m██                            
            [38;2;16;16;16m██[38;2;16;16;16m██[38;2;16;16;16m██[38;2;222;255;106m██[38;2;222;255;106m██[38;2;222;255;106m██[38;2;222;255;106m██[38;2;222;255;106m██[38;2;16;16;16m██[38;2;16;16;16m██                [38;2;16;16;16m██[38;2;205;230;49m██[38;2;205;230;49m██[38;2;90;115;16m██[38;2;148;164;32m██[38;2;90;115;16m██[38;2;16;16;16m██[38;2;205;230;49m██[38;2;205;230;49m██[38;2;205;230;49m██[38;2;16;16;16m██[38;2;74;180;106m██[38;2;16;16;16m██[38;2;205;230;49m██[38;2;205;230;49m██[38;2;148;164;32m██[38;2;148;164;32m██[38;2;148;164;32m██[38;2;148;164;32m██[38;2;16;16;16m██[38;2;148;164;32m██[38;2;148;164;32m██[38;2;90;115;16m██[38;2;16;16;16m██[38;2;148;164;32m██[38;2;205;230;49m██[38;2;205;230;49m██[38;2;16;16;16m██[38;2;255;255;255m██[38;2;255;255;255m██[38;2;74;180;106m██[38;2;74;180;106m██                        
        [38;2;90;115;16m██[38;2;90;115;16m██[38;2;222;255;106m██[38;2;222;255;106m██[38;2;222;255;106m██[38;2;222;255;106m██[38;2;222;255;106m██[38;2;205;230;49m██[38;2;205;230;49m██[38;2;205;230;49m██[38;2;205;230;49m██[38;2;205;230;49m██[38;2;16;16;16m██[38;2;16;16;16m██[38;2;16;16;16m██[38;2;90;115;16m██[38;2;90;115;16m██    [38;2;16;16;16m██[38;2;90;115;16m██[38;2;205;230;49m██[38;2;16;16;16m██[38;2;90;115;16m██[38;2;90;115;16m██  [38;2;74;180;106m██[38;2;16;16;16m██[38;2;148;164;32m██[38;2;205;230;49m██[38;2;205;230;49m██[38;2;16;16;16m██[38;2;148;164;32m██[38;2;205;230;49m██[38;2;148;164;32m██[38;2;148;164;32m██[38;2;148;164;32m██[38;2;148;164;32m██[38;2;16;16;16m██[38;2;16;16;16m██[38;2;16;16;16m██[38;2;16;16;16m██[38;2;16;16;16m██[38;2;16;16;16m██[38;2;16;16;16m██[38;2;148;164;32m██[38;2;205;230;49m██[38;2;205;230;49m██[38;2;16;16;16m██[38;2;255;255;255m██[38;2;255;255;255m██[38;2;255;255;255m██[38;2;74;180;106m██                      
      [38;2;90;115;16m██[38;2;222;255;106m██[38;2;222;255;106m██[38;2;222;255;106m██[38;2;222;255;106m██[38;2;222;255;106m██[38;2;222;255;106m██[38;2;205;230;49m██[38;2;205;230;49m██[38;2;0;106;24m██[38;2;0;106;24m██[38;2;0;106;24m██[38;2;205;230;49m██[38;2;205;230;49m██[38;2;16;16;16m██[38;2;205;230;49m██[38;2;205;230;49m██[38;2;205;230;49m██[38;2;90;115;16m██[38;2;90;115;16m██[38;2;205;230;49m██[38;2;205;230;49m██[38;2;16;16;16m██        [38;2;74;180;106m██[38;2;16;16;16m██[38;2;148;164;32m██[38;2;148;164;32m██[38;2;148;164;32m██[38;2;148;164;32m██[38;2;148;164;32m██[38;2;148;164;32m██[38;2;148;164;32m██[38;2;148;164;32m██[38;2;148;164;32m██[38;2;90;115;16m██[38;2;16;16;16m██[38;2;255;255;255m██[38;2;74;180;106m██[38;2;255;255;255m██[38;2;255;255;255m██[38;2;74;180;106m██[38;2;255;255;255m██[38;2;16;16;16m██[38;2;16;16;16m██[38;2;205;230;49m██[38;2;16;16;16m██[38;2;16;16;16m██[38;2;255;255;255m██[38;2;255;255;255m██[38;2;74;180;106m██                      
    [38;2;16;16;16m██[38;2;205;230;49m██[38;2;205;230;49m██[38;2;205;230;49m██[38;2;205;230;49m██[38;2;205;230;49m██[38;2;148;164;32m██[38;2;148;164;32m██[38;2;148;164;32m██[38;2;0;106;24m██[38;2;0;106;24m██[38;2;189;139;41m██[38;2;0;106;24m██[38;2;0;106;24m██[38;2;205;230;49m██[38;2;205;230;49m██[38;2;90;115;16m██[38;2;148;164;32m██[38;2;205;230;49m██[38;2;205;230;49m██[38;2;90;115;16m██[38;2;16;16;16m██[38;2;16;16;16m██        [38;2;74;180;106m██[38;2;255;255;255m██[38;2;74;180;106m██[38;2;16;16;16m██[38;2;90;115;16m██[38;2;148;164;32m██[38;2;148;164;32m██[38;2;148;164;32m██[38;2;148;164;32m██[38;2;148;164;32m██[38;2;148;164;32m██[38;2;16;16;16m██[38;2;16;16;16m██[38;2;74;180;106m██[38;2;255;255;255m██[38;2;255;255;255m██[38;2;74;180;106m██[38;2;255;255;255m██[38;2;255;255;255m██[38;2;74;180;106m██[38;2;197;213;197m██[38;2;16;16;16m██[38;2;16;16;16m██[38;2;205;230;49m██[38;2;205;230;49m██[38;2;16;16;16m██[38;2;74;180;106m██                        
  [38;2;16;16;16m██[38;2;205;230;49m██[38;2;205;230;49m██[38;2;205;230;49m██[38;2;148;164;32m██[38;2;205;230;49m██[38;2;148;164;32m██[38;2;148;164;32m██[38;2;148;164;32m██[38;2;148;164;32m██[38;2;0;106;24m██[38;2;189;139;41m██[38;2;255;213;16m██[38;2;189;139;41m██[38;2;0;106;24m██[38;2;148;164;32m██[38;2;148;164;32m██[38;2;148;164;32m██[38;2;148;164;32m██[38;2;148;164;32m██[38;2;148;164;32m██[38;2;16;16;16m██            [38;2;74;180;106m██[38;2;255;255;255m██[38;2;74;180;106m██[38;2;197;213;197m██[38;2;16;16;16m██[38;2;16;16;16m██[38;2;148;164;32m██[38;2;148;164;32m██[38;2;148;164;32m██[38;2;148;164;32m██[38;2;16;16;16m██      [38;2;74;180;106m██[38;2;255;255;255m██[38;2;255;255;255m██[38;2;74;180;106m██[38;2;255;255;255m██[38;2;255;255;255m██[38;2;255;255;255m██[38;2;74;180;106m██[38;2;16;16;16m██[38;2;148;164;32m██[38;2;205;230;49m██[38;2;205;230;49m██[38;2;16;16;16m██[38;2;16;16;16m██    [38;2;16;16;16m██[38;2;16;16;16m██[38;2;16;16;16m██[38;2;16;16;16m██          
  [38;2;16;16;16m██[38;2;148;164;32m██[38;2;205;230;49m██[38;2;148;164;32m██[38;2;205;230;49m██[38;2;148;164;32m██[38;2;148;164;32m██[38;2;148;164;32m██[38;2;148;164;32m██[38;2;148;164;32m██[38;2;0;106;24m██[38;2;255;213;16m██[38;2;255;213;16m██[38;2;255;213;16m██[38;2;0;106;24m██[38;2;148;164;32m██[38;2;148;164;32m██[38;2;148;164;32m██[38;2;148;164;32m██[38;2;148;164;32m██[38;2;16;16;16m██                [38;2;74;180;106m██[38;2;197;213;197m██[38;2;197;213;197m██[38;2;74;180;106m██[38;2;16;16;16m██[38;2;148;164;32m██[38;2;148;164;32m██[38;2;148;164;32m██[38;2;148;164;32m██[38;2;16;16;16m██        [38;2;74;180;106m██[38;2;255;255;255m██[38;2;255;255;255m██[38;2;74;180;106m██[38;2;197;213;197m██[38;2;197;213;197m██[38;2;197;213;197m██[38;2;197;213;197m██[38;2;90;115;16m██[38;2;148;164;32m██[38;2;16;16;16m██[38;2;148;164;32m██[38;2;148;164;32m██[38;2;16;16;16m██[38;2;16;16;16m██[38;2;222;255;106m██[38;2;222;255;106m██[38;2;222;255;106m██[38;2;222;255;106m██[38;2;90;115;16m██[38;2;16;16;16m██      
[38;2;16;16;16m██[38;2;148;164;32m██[38;2;148;164;32m██[38;2;148;164;32m██[38;2;205;230;49m██[38;2;148;164;32m██[38;2;205;230;49m██[38;2;148;164;32m██[38;2;148;164;32m██[38;2;148;164;32m██[38;2;148;164;32m██[38;2;0;106;24m██[38;2;189;139;41m██[38;2;255;213;16m██[38;2;189;139;41m██[38;2;0;106;24m██[38;2;148;164;32m██[38;2;148;164;32m██[38;2;148;164;32m██[38;2;148;164;32m██[38;2;148;164;32m██[38;2;16;16;16m██                [38;2;74;180;106m██[38;2;197;213;197m██[38;2;74;180;106m██[38;2;197;213;197m██[38;2;16;16;16m██[38;2;148;164;32m██[38;2;148;164;32m██[38;2;148;164;32m██[38;2;148;164;32m██[38;2;148;164;32m██[38;2;16;16;16m██        [38;2;74;180;106m██[38;2;255;255;255m██[38;2;255;255;255m██[38;2;255;255;255m██[38;2;74;180;106m██[38;2;74;180;106m██[38;2;197;213;197m██[38;2;90;115;16m██[38;2;90;115;16m██[38;2;148;164;32m██[38;2;148;164;32m██[38;2;16;16;16m██[38;2;222;255;106m██[38;2;222;255;106m██[38;2;222;255;106m██[38;2;222;255;106m██[38;2;222;255;106m██[38;2;222;255;106m██[38;2;222;255;106m██[38;2;148;164;32m██[38;2;16;16;16m██    
[38;2;16;16;16m██[38;2;148;164;32m██[38;2;148;164;32m██[38;2;148;164;32m██[38;2;148;164;32m██[38;2;148;164;32m██[38;2;148;164;32m██[38;2;148;164;32m██[38;2;148;164;32m██[38;2;148;164;32m██[38;2;148;164;32m██[38;2;0;106;24m██[38;2;0;106;24m██[38;2;189;139;41m██[38;2;0;106;24m██[38;2;0;106;24m██[38;2;148;164;32m██[38;2;148;164;32m██[38;2;148;164;32m██[38;2;148;164;32m██[38;2;16;16;16m██          [38;2;90;115;16m██[38;2;90;115;16m██[38;2;90;115;16m██[38;2;90;115;16m██  [38;2;74;180;106m██[38;2;74;180;106m██[38;2;16;16;16m██[38;2;205;230;49m██[38;2;205;230;49m██[38;2;205;230;49m██[38;2;148;164;32m██[38;2;0;106;24m██[38;2;0;106;24m██[38;2;16;16;16m██          [38;2;74;180;106m██[38;2;197;213;197m██[38;2;197;213;197m██[38;2;197;213;197m██[38;2;197;213;197m██[38;2;74;180;106m██[38;2;74;180;106m██[38;2;16;16;16m██[38;2;148;164;32m██[38;2;90;115;16m██[38;2;222;255;106m██[38;2;222;255;106m██[38;2;222;255;106m██[38;2;222;255;106m██[38;2;222;255;106m██[38;2;222;255;106m██[38;2;222;255;106m██[38;2;222;255;106m██[38;2;148;164;32m██[38;2;16;16;16m██    
[38;2;16;16;16m██[38;2;148;164;32m██[38;2;148;164;32m██[38;2;148;164;32m██[38;2;148;164;32m██[38;2;148;164;32m██[38;2;148;164;32m██[38;2;148;164;32m██[38;2;148;164;32m██[38;2;148;164;32m██[38;2;148;164;32m██[38;2;148;164;32m██[38;2;0;106;24m██[38;2;0;106;24m██[38;2;0;106;24m██[38;2;148;164;32m██[38;2;148;164;32m██[38;2;148;164;32m██[38;2;148;164;32m██[38;2;16;16;16m██          [38;2;90;115;16m██[38;2;222;255;106m██[38;2;222;255;106m██[38;2;222;255;106m██[38;2;205;230;49m██[38;2;90;115;16m██[38;2;90;115;16m██[38;2;16;16;16m██[38;2;74;180;106m██[38;2;205;230;49m██[38;2;205;230;49m██[38;2;74;180;106m██[38;2;0;106;24m██[38;2;0;106;24m██[38;2;0;106;24m██[38;2;16;16;16m██[38;2;16;16;16m██          [38;2;74;180;106m██[38;2;74;180;106m██[38;2;197;213;197m██[38;2;197;213;197m██[38;2;197;213;197m██[38;2;74;180;106m██[38;2;16;16;16m██[38;2;148;164;32m██[38;2;90;115;16m██[38;2;222;255;106m██[38;2;148;164;32m██[38;2;0;106;24m██[38;2;0;106;24m██[38;2;222;255;106m██[38;2;222;255;106m██[38;2;222;255;106m██[38;2;205;230;49m██[38;2;148;164;32m██[38;2;148;164;32m██[38;2;90;115;16m██  
[38;2;16;16;16m██[38;2;148;164;32m██[38;2;148;164;32m██[38;2;148;164;32m██[38;2;148;164;32m██[38;2;148;164;32m██[38;2;148;164;32m██[38;2;148;164;32m██[38;2;90;115;16m██[38;2;90;115;16m██[38;2;90;115;16m██[38;2;148;164;32m██[38;2;148;164;32m██[38;2;148;164;32m██[38;2;16;16;16m██[38;2;16;16;16m██[38;2;148;164;32m██[38;2;148;164;32m██[38;2;148;164;32m██[38;2;16;16;16m██          [38;2;90;115;16m██[38;2;148;164;32m██[38;2;222;255;106m██[38;2;222;255;106m██[38;2;222;255;106m██[38;2;205;230;49m██[38;2;16;16;16m██[38;2;0;106;24m██[38;2;74;180;106m██[38;2;74;180;106m██[38;2;74;180;106m██[38;2;74;180;106m██[38;2;16;16;16m██[38;2;16;16;16m██[38;2;16;16;16m██[38;2;0;106;24m██[38;2;16;16;16m██              [38;2;74;180;106m██[38;2;74;180;106m██[38;2;74;180;106m██    [38;2;16;16;16m██[38;2;222;255;106m██[38;2;222;255;106m██[38;2;0;106;24m██[38;2;255;213;16m██[38;2;0;106;24m██[38;2;0;106;24m██[38;2;222;255;106m██[38;2;148;164;32m██[38;2;148;164;32m██[38;2;148;164;32m██[38;2;148;164;32m██[38;2;90;115;16m██  
  [38;2;16;16;16m██[38;2;148;164;32m██[38;2;148;164;32m██[38;2;148;164;32m██[38;2;148;164;32m██[38;2;90;115;16m██[38;2;90;115;16m██      [38;2;90;115;16m██[38;2;148;164;32m██[38;2;148;164;32m██[38;2;16;16;16m██[38;2;148;164;32m██[38;2;16;16;16m██[38;2;148;164;32m██[38;2;16;16;16m██            [38;2;90;115;16m██[38;2;148;164;32m██[38;2;148;164;32m██[38;2;148;164;32m██[38;2;205;230;49m██[38;2;16;16;16m██[38;2;74;180;106m██[38;2;0;106;24m██[38;2;74;180;106m██[38;2;74;180;106m██[38;2;16;16;16m██[38;2;16;16;16m██[38;2;0;106;24m██[38;2;0;106;24m██[38;2;0;106;24m██[38;2;0;106;24m██[38;2;0;106;24m██[38;2;16;16;16m██[38;2;16;16;16m██[38;2;16;16;16m██                  [38;2;16;16;16m██[38;2;222;255;106m██[38;2;0;106;24m██[38;2;255;213;16m██[38;2;255;213;16m██[38;2;0;106;24m██[38;2;0;106;24m██[38;2;148;164;32m██[38;2;148;164;32m██[38;2;148;164;32m██[38;2;148;164;32m██[38;2;148;164;32m██[38;2;90;115;16m██  
  [38;2;16;16;16m██[38;2;148;164;32m██[38;2;148;164;32m██[38;2;148;164;32m██[38;2;16;16;16m██          [38;2;16;16;16m██[38;2;148;164;32m██[38;2;16;16;16m██[38;2;16;16;16m██[38;2;148;164;32m██[38;2;90;115;16m██[38;2;16;16;16m██[38;2;16;16;16m██              [38;2;90;115;16m██[38;2;148;164;32m██[38;2;148;164;32m██[38;2;16;16;16m██[38;2;0;106;24m██[38;2;74;180;106m██[38;2;74;180;106m██[38;2;0;106;24m██[38;2;16;16;16m██[38;2;0;106;24m██[38;2;0;106;24m██[38;2;0;106;24m██[38;2;0;106;24m██[38;2;16;16;16m██[38;2;16;16;16m██[38;2;16;16;16m██[38;2;222;255;106m██[38;2;222;255;106m██[38;2;205;230;49m██[38;2;90;115;16m██[38;2;90;115;16m██              [38;2;16;16;16m██[38;2;222;255;106m██[38;2;0;106;24m██[38;2;255;213;16m██[38;2;189;139;41m██[38;2;0;106;24m██[38;2;0;106;24m██[38;2;148;164;32m██[38;2;148;164;32m██[38;2;148;164;32m██[38;2;148;164;32m██[38;2;148;164;32m██[38;2;148;164;32m██[38;2;16;16;16m██
    [38;2;16;16;16m██[38;2;148;164;32m██[38;2;148;164;32m██[38;2;16;16;16m██        [38;2;16;16;16m██[38;2;16;16;16m██[38;2;16;16;16m██[38;2;16;16;16m██[38;2;90;115;16m██[38;2;148;164;32m██[38;2;148;164;32m██[38;2;16;16;16m██                [38;2;90;115;16m██[38;2;148;164;32m██[38;2;16;16;16m██[38;2;205;230;49m██[38;2;0;106;24m██[38;2;74;180;106m██[38;2;74;180;106m██[38;2;74;180;106m██[38;2;0;106;24m██[38;2;0;106;24m██[38;2;0;106;24m██[38;2;0;106;24m██[38;2;16;16;16m██[38;2;148;164;32m██[38;2;16;16;16m██[38;2;222;255;106m██[38;2;222;255;106m██[38;2;222;255;106m██[38;2;222;255;106m██[38;2;222;255;106m██[38;2;205;230;49m██[38;2;90;115;16m██          [38;2;16;16;16m██[38;2;205;230;49m██[38;2;205;230;49m██[38;2;0;106;24m██[38;2;255;213;16m██[38;2;0;106;24m██[38;2;0;106;24m██[38;2;0;106;24m██[38;2;148;164;32m██[38;2;148;164;32m██[38;2;148;164;32m██[38;2;148;164;32m██[38;2;148;164;32m██[38;2;148;164;32m██[38;2;16;16;16m██
      [38;2;16;16;16m██[38;2;16;16;16m██        [38;2;16;16;16m██[38;2;16;16;16m██[38;2;16;16;16m██[38;2;16;16;16m██[38;2;16;16;16m██[38;2;148;164;32m██[38;2;148;164;32m██[38;2;148;164;32m██[38;2;16;16;16m██              [38;2;16;16;16m██[38;2;148;164;32m██[38;2;148;164;32m██[38;2;16;16;16m██[38;2;205;230;49m██[38;2;0;106;24m██[38;2;74;180;106m██[38;2;74;180;106m██[38;2;74;180;106m██[38;2;0;106;24m██[38;2;16;16;16m██[38;2;16;16;16m██[38;2;16;16;16m██[38;2;148;164;32m██[38;2;148;164;32m██[38;2;16;16;16m██[38;2;222;255;106m██[38;2;222;255;106m██[38;2;222;255;106m██[38;2;222;255;106m██[38;2;222;255;106m██[38;2;205;230;49m██[38;2;205;230;49m██[38;2;16;16;16m██        [38;2;16;16;16m██[38;2;205;230;49m██[38;2;205;230;49m██[38;2;148;164;32m██[38;2;0;106;24m██[38;2;0;106;24m██[38;2;0;106;24m██[38;2;148;164;32m██[38;2;148;164;32m██[38;2;148;164;32m██[38;2;148;164;32m██[38;2;148;164;32m██[38;2;148;164;32m██[38;2;148;164;32m██[38;2;16;16;16m██
              [38;2;16;16;16m██[38;2;16;16;16m██[38;2;16;16;16m██[38;2;16;16;16m██[38;2;16;16;16m██[38;2;148;164;32m██[38;2;148;164;32m██[38;2;148;164;32m██[38;2;148;164;32m██[38;2;90;115;16m██              [38;2;16;16;16m██[38;2;205;230;49m██[38;2;148;164;32m██[38;2;16;16;16m██[38;2;205;230;49m██[38;2;90;115;16m██[38;2;74;180;106m██[38;2;0;106;24m██[38;2;0;106;24m██[38;2;0;106;24m██[38;2;16;16;16m██[38;2;0;106;24m██[38;2;0;106;24m██[38;2;90;115;16m██[38;2;148;164;32m██[38;2;16;16;16m██[38;2;205;230;49m██[38;2;205;230;49m██[38;2;205;230;49m██[38;2;222;255;106m██[38;2;222;255;106m██[38;2;148;164;32m██[38;2;148;164;32m██[38;2;148;164;32m██[38;2;16;16;16m██        [38;2;16;16;16m██[38;2;205;230;49m██[38;2;205;230;49m██[38;2;205;230;49m██[38;2;0;106;24m██[38;2;0;106;24m██[38;2;148;164;32m██[38;2;148;164;32m██[38;2;148;164;32m██[38;2;148;164;32m██[38;2;148;164;32m██[38;2;148;164;32m██[38;2;148;164;32m██[38;2;148;164;32m██[38;2;16;16;16m██
              [38;2;16;16;16m██[38;2;148;164;32m██[38;2;148;164;32m██[38;2;148;164;32m██[38;2;148;164;32m██[38;2;148;164;32m██[38;2;148;164;32m██[38;2;148;164;32m██[38;2;90;115;16m██              [38;2;16;16;16m██[38;2;205;230;49m██[38;2;205;230;49m██[38;2;148;164;32m██[38;2;16;16;16m██[38;2;205;230;49m██[38;2;90;115;16m██[38;2;74;180;106m██[38;2;74;180;106m██[38;2;74;180;106m██[38;2;74;180;106m██[38;2;74;180;106m██[38;2;0;106;24m██[38;2;16;16;16m██[38;2;148;164;32m██[38;2;148;164;32m██[38;2;16;16;16m██[38;2;205;230;49m██[38;2;205;230;49m██[38;2;205;230;49m██[38;2;205;230;49m██[38;2;148;164;32m██[38;2;148;164;32m██[38;2;148;164;32m██[38;2;16;16;16m██          [38;2;16;16;16m██[38;2;205;230;49m██[38;2;16;16;16m██[38;2;205;230;49m██[38;2;148;164;32m██[38;2;148;164;32m██[38;2;148;164;32m██[38;2;148;164;32m██[38;2;148;164;32m██[38;2;148;164;32m██[38;2;148;164;32m██[38;2;148;164;32m██[38;2;148;164;32m██[38;2;16;16;16m██  
                [38;2;16;16;16m██[38;2;16;16;16m██[38;2;148;164;32m██[38;2;148;164;32m██[38;2;148;164;32m██[38;2;90;115;16m██[38;2;90;115;16m██                [38;2;90;115;16m██[38;2;205;230;49m██[38;2;205;230;49m██[38;2;90;115;16m██[38;2;16;16;16m██[38;2;205;230;49m██[38;2;90;115;16m██[38;2;74;180;106m██[38;2;74;180;106m██[38;2;74;180;106m██[38;2;74;180;106m██[38;2;74;180;106m██[38;2;16;16;16m██[38;2;148;164;32m██[38;2;148;164;32m██[38;2;148;164;32m██[38;2;148;164;32m██[38;2;16;16;16m██[38;2;148;164;32m██[38;2;148;164;32m██[38;2;148;164;32m██[38;2;148;164;32m██[38;2;148;164;32m██[38;2;90;115;16m██[38;2;16;16;16m██          [38;2;16;16;16m██[38;2;205;230;49m██[38;2;16;16;16m██[38;2;16;16;16m██[38;2;148;164;32m██[38;2;148;164;32m██[38;2;148;164;32m██[38;2;148;164;32m██[38;2;148;164;32m██[38;2;148;164;32m██[38;2;148;164;32m██[38;2;148;164;32m██[38;2;148;164;32m██[38;2;16;16;16m██  
                    [38;2;16;16;16m██[38;2;16;16;16m██[38;2;16;16;16m██                  [38;2;90;115;16m██[38;2;205;230;49m██[38;2;205;230;49m██[38;2;148;164;32m██[38;2;90;115;16m██[38;2;16;16;16m██[38;2;205;230;49m██[38;2;205;230;49m██[38;2;74;180;106m██[38;2;74;180;106m██[38;2;74;180;106m██[38;2;74;180;106m██[38;2;90;115;16m██[38;2;148;164;32m██[38;2;148;164;32m██[38;2;148;164;32m██[38;2;148;164;32m██[38;2;148;164;32m██[38;2;148;164;32m██[38;2;16;16;16m██[38;2;148;164;32m██[38;2;148;164;32m██[38;2;148;164;32m██[38;2;148;164;32m██[38;2;16;16;16m██            [38;2;16;16;16m██[38;2;16;16;16m██[38;2;148;164;32m██[38;2;16;16;16m██[38;2;148;164;32m██[38;2;148;164;32m██[38;2;16;16;16m██[38;2;148;164;32m██[38;2;148;164;32m██[38;2;148;164;32m██[38;2;148;164;32m██[38;2;148;164;32m██[38;2;148;164;32m██[38;2;16;16;16m██  
                                            [38;2;90;115;16m██[38;2;205;230;49m██[38;2;205;230;49m██[38;2;90;115;16m██  [38;2;16;16;16m██[38;2;205;230;49m██[38;2;205;230;49m██[38;2;90;115;16m██[38;2;74;180;106m██[38;2;74;180;106m██[38;2;90;115;16m██[38;2;205;230;49m██[38;2;148;164;32m██[38;2;148;164;32m██[38;2;148;164;32m██[38;2;148;164;32m██[38;2;148;164;32m██[38;2;148;164;32m██[38;2;16;16;16m██[38;2;16;16;16m██[38;2;148;164;32m██[38;2;148;164;32m██[38;2;148;164;32m██[38;2;16;16;16m██            [38;2;16;16;16m██[38;2;205;230;49m██[38;2;148;164;32m██[38;2;16;16;16m██[38;2;148;164;32m██[38;2;90;115;16m██[38;2;16;16;16m██[38;2;16;16;16m██[38;2;148;164;32m██[38;2;148;164;32m██[38;2;148;164;32m██[38;2;148;164;32m██[38;2;16;16;16m██    
                                          [38;2;16;16;16m██[38;2;148;164;32m██[38;2;148;164;32m██[38;2;16;16;16m██      [38;2;90;115;16m██[38;2;205;230;49m██[38;2;205;230;49m██[38;2;90;115;16m██[38;2;90;115;16m██[38;2;205;230;49m██[38;2;205;230;49m██[38;2;148;164;32m██[38;2;148;164;32m██[38;2;148;164;32m██[38;2;148;164;32m██[38;2;148;164;32m██[38;2;148;164;32m██[38;2;16;16;16m██  [38;2;90;115;16m██[38;2;148;164;32m██[38;2;148;164;32m██[38;2;148;164;32m██[38;2;16;16;16m██          [38;2;16;16;16m██[38;2;205;230;49m██[38;2;148;164;32m██[38;2;16;16;16m██[38;2;16;16;16m██[38;2;16;16;16m██[38;2;16;16;16m██[38;2;16;16;16m██[38;2;148;164;32m██[38;2;148;164;32m██[38;2;148;164;32m██[38;2;148;164;32m██[38;2;16;16;16m██    
                                        [38;2;90;115;16m██[38;2;16;16;16m██[38;2;148;164;32m██[38;2;16;16;16m██        [38;2;90;115;16m██[38;2;222;255;106m██[38;2;222;255;106m██[38;2;205;230;49m██[38;2;205;230;49m██[38;2;205;230;49m██[38;2;148;164;32m██[38;2;148;164;32m██[38;2;148;164;32m██[38;2;148;164;32m██[38;2;148;164;32m██[38;2;148;164;32m██[38;2;16;16;16m██    [38;2;90;115;16m██[38;2;148;164;32m██[38;2;148;164;32m██[38;2;148;164;32m██[38;2;16;16;16m██            [38;2;90;115;16m██[38;2;148;164;32m██[38;2;16;16;16m██[38;2;16;16;16m██[38;2;16;16;16m██[38;2;16;16;16m██[38;2;16;16;16m██[38;2;148;164;32m██[38;2;148;164;32m██[38;2;148;164;32m██[38;2;16;16;16m██      
                                        [38;2;90;115;16m██[38;2;90;115;16m██[38;2;16;16;16m██[38;2;90;115;16m██        [38;2;90;115;16m██[38;2;222;255;106m██[38;2;222;255;106m██[38;2;205;230;49m██[38;2;205;230;49m██[38;2;148;164;32m██[38;2;148;164;32m██[38;2;148;164;32m██[38;2;148;164;32m██[38;2;148;164;32m██[38;2;148;164;32m██[38;2;90;115;16m██        [38;2;16;16;16m██[38;2;148;164;32m██[38;2;148;164;32m██[38;2;16;16;16m██            [38;2;16;16;16m██[38;2;148;164;32m██[38;2;148;164;32m██[38;2;16;16;16m██[38;2;16;16;16m██[38;2;148;164;32m██[38;2;16;16;16m██[38;2;148;164;32m██[38;2;148;164;32m██[38;2;16;16;16m██        
                                      [38;2;90;115;16m██[38;2;205;230;49m██[38;2;205;230;49m██[38;2;148;164;32m██[38;2;90;115;16m██          [38;2;90;115;16m██[38;2;222;255;106m██[38;2;205;230;49m██[38;2;205;230;49m██[38;2;148;164;32m██[38;2;148;164;32m██[38;2;148;164;32m██[38;2;148;164;32m██[38;2;148;164;32m██[38;2;90;115;16m██          [38;2;16;16;16m██[38;2;148;164;32m██[38;2;148;164;32m██[38;2;148;164;32m██[38;2;16;16;16m██            [38;2;16;16;16m██[38;2;148;164;32m██[38;2;148;164;32m██[38;2;148;164;32m██[38;2;148;164;32m██[38;2;16;16;16m██[38;2;16;16;16m██[38;2;16;16;16m██          
                                      [38;2;90;115;16m██[38;2;205;230;49m██[38;2;205;230;49m██[38;2;148;164;32m██[38;2;148;164;32m██          [38;2;16;16;16m██[38;2;222;255;106m██[38;2;222;255;106m██[38;2;222;255;106m██[38;2;222;255;106m██[38;2;148;164;32m██[38;2;148;164;32m██[38;2;90;115;16m██[38;2;90;115;16m██              [38;2;16;16;16m██[38;2;148;164;32m██[38;2;148;164;32m██[38;2;16;16;16m██              [38;2;16;16;16m██[38;2;16;16;16m██[38;2;16;16;16m██[38;2;16;16;16m██                
                                      [38;2;90;115;16m██[38;2;205;230;49m██[38;2;205;230;49m██[38;2;148;164;32m██[38;2;148;164;32m██[38;2;90;115;16m██          [38;2;16;16;16m██[38;2;222;255;106m██[38;2;222;255;106m██[38;2;205;230;49m██[38;2;16;16;16m██[38;2;16;16;16m██                    [38;2;16;16;16m██[38;2;148;164;32m██[38;2;16;16;16m██[38;2;16;16;16m██                                    
                                      [38;2;90;115;16m██[38;2;205;230;49m██[38;2;205;230;49m██[38;2;148;164;32m██[38;2;148;164;32m██[38;2;90;115;16m██            [38;2;16;16;16m██[38;2;16;16;16m██[38;2;16;16;16m██                        [38;2;16;16;16m██[38;2;16;16;16m██[38;2;16;16;16m██[38;2;148;164;32m██[38;2;16;16;16m██                                  
                                    [38;2;90;115;16m██[38;2;205;230;49m██[38;2;205;230;49m██[38;2;205;230;49m██[38;2;148;164;32m██[38;2;148;164;32m██[38;2;90;115;16m██                                          [38;2;16;16;16m██[38;2;148;164;32m██[38;2;148;164;32m██[38;2;148;164;32m██[38;2;148;164;32m██[38;2;16;16;16m██                                
                                    [38;2;90;115;16m██[38;2;205;230;49m██[38;2;205;230;49m██[38;2;205;230;49m██[38;2;148;164;32m██[38;2;148;164;32m██[38;2;90;115;16m██                                          [38;2;16;16;16m██[38;2;148;164;32m██[38;2;148;164;32m██[38;2;148;164;32m██[38;2;148;164;32m██[38;2;148;164;32m██[38;2;16;16;16m██                              
                                    [38;2;90;115;16m██[38;2;205;230;49m██[38;2;205;230;49m██[38;2;148;164;32m██[38;2;148;164;32m██[38;2;148;164;32m██[38;2;90;115;16m██                                          [38;2;16;16;16m██[38;2;148;164;32m██[38;2;148;164;32m██[38;2;205;230;49m██[38;2;148;164;32m██[38;2;148;164;32m██[38;2;90;115;16m██[38;2;16;16;16m██                            
                                    [38;2;90;115;16m██[38;2;205;230;49m██[38;2;205;230;49m██[38;2;148;164;32m██[38;2;148;164;32m██[38;2;148;164;32m██[38;2;148;164;32m██[38;2;16;16;16m██                                        [38;2;16;16;16m██[38;2;148;164;32m██[38;2;205;230;49m██[38;2;205;230;49m██[38;2;205;230;49m██[38;2;148;164;32m██[38;2;148;164;32m██[38;2;16;16;16m██                            
                                  [38;2;90;115;16m██[38;2;205;230;49m██[38;2;205;230;49m██[38;2;205;230;49m██[38;2;148;164;32m██[38;2;148;164;32m██[38;2;148;164;32m██[38;2;148;164;32m██[38;2;16;16;16m██                                          [38;2;90;115;16m██[38;2;205;230;49m██[38;2;205;230;49m██[38;2;205;230;49m██[38;2;148;164;32m██[38;2;148;164;32m██[38;2;148;164;32m██[38;2;16;16;16m██                          
                                  [38;2;90;115;16m██[38;2;205;230;49m██[38;2;205;230;49m██[38;2;205;230;49m██[38;2;148;164;32m██[38;2;148;164;32m██[38;2;148;164;32m██[38;2;148;164;32m██[38;2;16;16;16m██                                          [38;2;90;115;16m██[38;2;205;230;49m██[38;2;205;230;49m██[38;2;205;230;49m██[38;2;205;230;49m██[38;2;148;164;32m██[38;2;148;164;32m██[38;2;16;16;16m██                          
                                  [38;2;90;115;16m██[38;2;205;230;49m██[38;2;205;230;49m██[38;2;148;164;32m██[38;2;148;164;32m██[38;2;148;164;32m██[38;2;148;164;32m██[38;2;148;164;32m██[38;2;16;16;16m██                                          [38;2;16;16;16m██[38;2;205;230;49m██[38;2;205;230;49m██[38;2;205;230;49m██[38;2;205;230;49m██[38;2;148;164;32m██[38;2;148;164;32m██[38;2;148;164;32m██[38;2;90;115;16m██                        
                                  [38;2;16;16;16m██[38;2;205;230;49m██[38;2;205;230;49m██[38;2;148;164;32m██[38;2;148;164;32m██[38;2;148;164;32m██[38;2;148;164;32m██[38;2;90;115;16m██[38;2;0;106;24m██                                          [38;2;16;16;16m██[38;2;205;230;49m██[38;2;205;230;49m██[38;2;205;230;49m██[38;2;205;230;49m██[38;2;148;164;32m██[38;2;148;164;32m██[38;2;148;164;32m██[38;2;90;115;16m██                        
                                  [38;2;16;16;16m██[38;2;148;164;32m██[38;2;148;164;32m██[38;2;148;164;32m██[38;2;148;164;32m██[38;2;148;164;32m██[38;2;148;164;32m██[38;2;16;16;16m██[38;2;197;213;197m██[38;2;0;106;24m██                                          [38;2;90;115;16m██[38;2;205;230;49m██[38;2;205;230;49m██[38;2;205;230;49m██[38;2;205;230;49m██[38;2;148;164;32m██[38;2;148;164;32m██[38;2;148;164;32m██                        
                                  [38;2;16;16;16m██[38;2;0;106;24m██[38;2;197;213;197m██[38;2;90;115;16m██[38;2;148;164;32m██[38;2;148;164;32m██[38;2;90;115;16m██[38;2;16;16;16m██[38;2;16;16;16m██[38;2;0;106;24m██                                          [38;2;16;16;16m██[38;2;205;230;49m██[38;2;205;230;49m██[38;2;205;230;49m██[38;2;205;230;49m██[38;2;148;164;32m██[38;2;148;164;32m██[38;2;148;164;32m██[38;2;90;115;16m██                      
                                  [38;2;16;16;16m██[38;2;197;213;197m██[38;2;197;213;197m██[38;2;197;213;197m██[38;2;16;16;16m██[38;2;148;164;32m██[38;2;16;16;16m██                                                [38;2;16;16;16m██[38;2;205;230;49m██[38;2;205;230;49m██[38;2;205;230;49m██[38;2;205;230;49m██[38;2;148;164;32m██[38;2;148;164;32m██[38;2;148;164;32m██[38;2;90;115;16m██                      
                                [38;2;16;16;16m██[38;2;197;213;197m██[38;2;197;213;197m██[38;2;197;213;197m██[38;2;197;213;197m██[38;2;16;16;16m██[38;2;16;16;16m██                                                    [38;2;16;16;16m██[38;2;205;230;49m██[38;2;205;230;49m██[38;2;205;230;49m██[38;2;148;164;32m██[38;2;148;164;32m██[38;2;148;164;32m██[38;2;90;115;16m██                      
                                [38;2;16;16;16m██[38;2;197;213;197m██[38;2;197;213;197m██[38;2;16;16;16m██[38;2;16;16;16m██                                                        [38;2;16;16;16m██[38;2;205;230;49m██[38;2;205;230;49m██[38;2;205;230;49m██[38;2;148;164;32m██[38;2;148;164;32m██[38;2;148;164;32m██[38;2;90;115;16m██                      
                                [38;2;16;16;16m██[38;2;16;16;16m██[38;2;16;16;16m██                                                            [38;2;16;16;16m██[38;2;90;115;16m██[38;2;205;230;49m██[38;2;148;164;32m██[38;2;148;164;32m██[38;2;148;164;32m██[38;2;148;164;32m██[38;2;90;115;16m██                      
                                                                                                    [38;2;16;16;16m██[38;2;90;115;16m██[38;2;16;16;16m██[38;2;16;16;16m██[38;2;148;164;32m██[38;2;90;115;16m██                        
                                                                                                    [38;2;16;16;16m██[38;2;0;106;24m██[38;2;197;213;197m██[38;2;197;213;197m██[38;2;16;16;16m██[38;2;90;115;16m██                        
                                                                                                      [38;2;16;16;16m██[38;2;197;213;197m██[38;2;197;213;197m██[38;2;197;213;197m██[38;2;16;16;16m██                        
                                                                                                      [38;2;16;16;16m██[38;2;197;213;197m██[38;2;197;213;197m██[38;2;197;213;197m██[38;2;16;16;16m██                        
                                                                                                        [38;2;16;16;16m██[38;2;197;213;197m██[38;2;197;213;197m██[38;2;16;16;16m██                        
                                                                                                          [38;2;16;16;16m██[38;2;16;16;16m██[38;2;0;106;24m██                        
