                              [38;2;139;131;115m██[38;2;139;131;115m██                    
                            [38;2;139;131;115m██[38;2;172;172;156m██[38;2;172;172;156m██[38;2;139;131;115m██                  
                            [38;2;139;131;115m██[38;2;172;172;156m██[38;2;172;172;156m██[38;2;172;172;156m██[38;2;16;16;16m██                
                          [38;2;139;131;115m██[38;2;172;172;156m██[38;2;172;172;156m██[38;2;172;172;156m██[38;2;172;172;156m██[38;2;16;16;16m██                
                          [38;2;139;131;115m██[38;2;172;172;156m██[38;2;172;172;156m██[38;2;172;172;156m██[38;2;16;16;16m██                  
                        [38;2;139;131;115m██[38;2;139;131;115m██[38;2;172;172;156m██[38;2;172;172;156m██[38;2;16;16;16m██                    
                  [38;2;139;131;115m██[38;2;139;131;115m██[38;2;139;131;115m██[38;2;222;222;222m██[38;2;222;222;222m██[38;2;222;222;222m██[38;2;139;131;115m██[38;2;16;16;16m██[38;2;16;16;16m██                  
              [38;2;139;131;115m██[38;2;139;131;115m██[38;2;172;172;156m██[38;2;172;172;156m██[38;2;172;172;156m██[38;2;172;172;156m██[38;2;172;172;156m██[38;2;139;131;115m██[38;2;139;131;115m██[38;2;172;172;156m██[38;2;172;172;156m██[38;2;16;16;16m██[38;2;16;16;16m██              
            [38;2;139;131;115m██[38;2;172;172;156m██[38;2;172;172;156m██[38;2;255;255;255m██[38;2;255;255;255m██[38;2;255;255;255m██[38;2;222;222;222m██[38;2;222;222;222m██[38;2;222;222;222m██[38;2;222;222;222m██[38;2;139;131;115m██[38;2;139;131;115m██[38;2;139;131;115m██[38;2;172;172;156m██[38;2;16;16;16m██            
          [38;2;139;131;115m██[38;2;222;222;222m██[38;2;222;222;222m██[38;2;255;255;255m██[38;2;255;255;255m██[38;2;255;255;255m██[38;2;222;222;222m██[38;2;222;222;222m██[38;2;222;222;222m██[38;2;222;222;222m██[38;2;222;222;222m██[38;2;172;172;156m██[38;2;172;172;156m██[38;2;172;172;156m██[38;2;139;131;115m██[38;2;139;131;115m██[38;2;16;16;16m██          
        [38;2;139;131;115m██[38;2;222;222;222m██[38;2;222;222;222m██[38;2;172;172;156m██[38;2;172;172;156m██[38;2;172;172;156m██[38;2;172;172;156m██[38;2;172;172;156m██[38;2;172;172;156m██[38;2;172;172;156m██[38;2;172;172;156m██[38;2;139;131;115m██[38;2;139;131;115m██[38;2;172;172;156m██[38;2;172;172;156m██[38;2;172;172;156m██[38;2;172;172;156m██[38;2;139;131;115m██[38;2;16;16;16m██        
        [38;2;139;131;115m██[38;2;172;172;156m██[38;2;172;172;156m██[38;2;222;222;222m██[38;2;255;255;255m██[38;2;255;255;255m██[38;2;222;222;222m██[38;2;222;222;222m██[38;2;222;222;222m██[38;2;222;222;222m██[38;2;222;222;222m██[38;2;222;222;222m██[38;2;222;222;222m██[38;2;139;131;115m██[38;2;139;131;115m██[38;2;139;131;115m██[38;2;172;172;156m██[38;2;172;172;156m██[38;2;16;16;16m██        
      [38;2;139;131;115m██[38;2;172;172;156m██[38;2;222;222;222m██[38;2;222;222;222m██[38;2;222;222;222m██[38;2;222;222;222m██[38;2;222;222;222m██[38;2;222;222;222m██[38;2;222;222;222m██[38;2;222;222;222m██[38;2;222;222;222m██[38;2;222;222;222m██[38;2;222;222;222m██[38;2;222;222;222m██[38;2;222;222;222m██[38;2;172;172;156m██[38;2;172;172;156m██[38;2;139;131;115m██[38;2;139;131;115m██[38;2;172;172;156m██[38;2;16;16;16m██      
      [38;2;139;131;115m██[38;2;222;222;222m██[38;2;139;131;115m██[38;2;139;131;115m██[38;2;139;131;115m██[38;2;139;131;115m██[38;2;139;131;115m██[38;2;139;131;115m██[38;2;139;131;115m██[38;2;139;131;115m██[38;2;139;131;115m██[38;2;139;131;115m██[38;2;139;131;115m██[38;2;139;131;115m██[38;2;172;172;156m██[38;2;172;172;156m██[38;2;172;172;156m██[38;2;172;172;156m██[38;2;172;172;156m██[38;2;139;131;115m██[38;2;16;16;16m██      
    [38;2;139;131;115m██[38;2;139;131;115m██[38;2;139;131;115m██[38;2;222;222;222m██[38;2;255;255;255m██[38;2;255;255;255m██[38;2;255;255;255m██[38;2;255;255;255m██[38;2;255;255;255m██[38;2;255;255;255m██[38;2;222;222;222m██[38;2;222;222;222m██[38;2;222;222;222m██[38;2;222;222;222m██[38;2;222;222;222m██[38;2;139;131;115m██[38;2;139;131;115m██[38;2;139;131;115m██[38;2;172;172;156m██[38;2;172;172;156m██[38;2;172;172;156m██[38;2;139;131;115m██[38;2;16;16;16m██    
  [38;2;139;131;115m██[38;2;172;172;156m██[38;2;222;222;222m██[38;2;222;222;222m██[38;2;222;222;222m██[38;2;222;222;222m██[38;2;255;255;255m██[38;2;255;255;255m██[38;2;255;255;255m██[38;2;255;255;255m██[38;2;222;222;222m██[38;2;222;222;222m██[38;2;222;222;222m██[38;2;222;222;222m██[38;2;222;222;222m██[38;2;222;222;222m██[38;2;222;222;222m██[38;2;172;172;156m██[38;2;172;172;156m██[38;2;139;131;115m██[38;2;139;131;115m██[38;2;172;172;156m██[38;2;172;172;156m██[38;2;16;16;16m██    
[38;2;139;131;115m██[38;2;172;172;156m██[38;2;222;222;222m██[38;2;222;222;222m██[38;2;222;222;222m██[38;2;172;172;156m██[38;2;139;131;115m██[38;2;139;131;115m██[38;2;139;131;115m██[38;2;139;131;115m██[38;2;139;131;115m██[38;2;139;131;115m██[38;2;139;131;115m██[38;2;139;131;115m██[38;2;172;172;156m██[38;2;222;222;222m██[38;2;222;222;222m██[38;2;222;222;222m██[38;2;172;172;156m██[38;2;172;172;156m██[38;2;172;172;156m██[38;2;172;172;156m██[38;2;139;131;115m██[38;2;16;16;16m██[38;2;16;16;16m██    
[38;2;139;131;115m██[38;2;172;172;156m██[38;2;172;172;156m██[38;2;172;172;156m██[38;2;139;131;115m██[38;2;82;82;65m██[38;2;16;16;16m██[38;2;16;16;16m██[38;2;16;16;16m██[38;2;16;16;16m██[38;2;16;16;16m██[38;2;16;16;16m██[38;2;16;16;16m██[38;2;16;16;16m██[38;2;16;16;16m██[38;2;16;16;16m██[38;2;16;16;16m██[38;2;16;16;16m██[38;2;139;131;115m██[38;2;172;172;156m██[38;2;172;172;156m██[38;2;172;172;156m██[38;2;172;172;156m██[38;2;172;172;156m██[38;2;139;131;115m██[38;2;16;16;16m██  
[38;2;16;16;16m██[38;2;172;172;156m██[38;2;139;131;115m██[38;2;16;16;16m██[38;2;197;57;16m██[38;2;230;172;82m██[38;2;16;16;16m██[38;2;16;16;16m██[38;2;230;172;82m██[38;2;230;172;82m██[38;2;238;115;49m██[38;2;16;16;16m██[38;2;16;16;16m██[38;2;230;172;82m██[38;2;230;172;82m██[38;2;230;172;82m██[38;2;16;16;16m██[38;2;16;16;16m██[38;2;16;16;16m██[38;2;16;16;16m██[38;2;16;16;16m██[38;2;172;172;156m██[38;2;172;172;156m██[38;2;172;172;156m██[38;2;172;172;156m██[38;2;172;172;156m██[38;2;16;16;16m██
  [38;2;16;16;16m██[38;2;16;16;16m██[38;2;16;16;16m██[38;2;246;205;90m██[38;2;255;238;172m██[38;2;82;82;65m██[38;2;82;82;65m██[38;2;255;238;172m██[38;2;255;238;172m██[38;2;230;172;82m██[38;2;16;16;16m██[38;2;16;16;16m██[38;2;255;238;172m██[38;2;255;238;172m██[38;2;230;172;82m██[38;2;16;16;16m██[38;2;16;16;16m██[38;2;238;115;49m██[38;2;230;172;82m██[38;2;197;57;16m██[38;2;16;16;16m██[38;2;16;16;16m██[38;2;172;172;156m██[38;2;172;172;156m██[38;2;172;172;156m██[38;2;16;16;16m██
    [38;2;16;16;16m██[38;2;82;82;65m██[38;2;255;238;172m██[38;2;255;238;172m██[38;2;82;82;65m██[38;2;82;82;65m██[38;2;255;238;172m██[38;2;255;238;172m██[38;2;230;172;82m██[38;2;82;82;65m██[38;2;82;82;65m██[38;2;255;238;172m██[38;2;255;238;172m██[38;2;255;238;172m██[38;2;82;82;65m██[38;2;82;82;65m██[38;2;238;115;49m██[38;2;230;172;82m██[38;2;230;172;82m██[38;2;197;57;16m██[38;2;197;57;16m██[38;2;16;16;16m██[38;2;172;172;156m██[38;2;172;172;156m██[38;2;16;16;16m██
    [38;2;16;16;16m██[38;2;82;82;65m██[38;2;255;238;172m██[38;2;139;131;115m██[38;2;82;82;65m██[38;2;238;115;49m██[38;2;255;238;172m██[38;2;255;238;172m██[38;2;255;238;172m██[38;2;82;82;65m██[38;2;82;82;65m██[38;2;238;115;49m██[38;2;255;238;172m██[38;2;139;131;115m██[38;2;82;82;65m██[38;2;82;82;65m██[38;2;255;238;172m██[38;2;230;172;82m██[38;2;230;172;82m██[38;2;197;57;16m██[38;2;197;57;16m██[38;2;16;16;16m██[38;2;172;172;156m██[38;2;16;16;16m██  
    [38;2;16;16;16m██[38;2;82;82;65m██[38;2;82;82;65m██[38;2;82;82;65m██[38;2;82;82;65m██[38;2;255;238;172m██[38;2;255;238;172m██[38;2;255;238;172m██[38;2;255;238;172m██[38;2;238;115;49m██[38;2;82;82;65m██[38;2;82;82;65m██[38;2;82;82;65m██[38;2;82;82;65m██[38;2;82;82;65m██[38;2;238;115;49m██[38;2;255;238;172m██[38;2;230;172;82m██[38;2;238;115;49m██[38;2;197;57;16m██[38;2;197;57;16m██[38;2;16;16;16m██[38;2;16;16;16m██    
    [38;2;16;16;16m██[38;2;246;205;90m██[38;2;82;82;65m██[38;2;82;82;65m██[38;2;255;238;172m██[38;2;255;238;172m██[38;2;246;205;90m██[38;2;255;238;172m██[38;2;255;238;172m██[38;2;255;238;172m██[38;2;238;115;49m██[38;2;82;82;65m██[38;2;82;82;65m██[38;2;82;82;65m██[38;2;238;115;49m██[38;2;255;238;172m██[38;2;255;238;172m██[38;2;230;172;82m██[38;2;197;57;16m██[38;2;197;57;16m██[38;2;197;57;16m██[38;2;16;16;16m██      
      [38;2;16;16;16m██[38;2;255;238;172m██[38;2;255;238;172m██[38;2;255;238;172m██[38;2;246;205;90m██[38;2;238;115;49m██[38;2;246;205;90m██[38;2;255;238;172m██[38;2;255;238;172m██[38;2;255;238;172m██[38;2;255;238;172m██[38;2;255;238;172m██[38;2;255;238;172m██[38;2;255;238;172m██[38;2;255;238;172m██[38;2;255;238;172m██[38;2;238;115;49m██[38;2;197;57;16m██[38;2;197;57;16m██[38;2;197;57;16m██[38;2;16;16;16m██      
      [38;2;16;16;16m██[38;2;255;238;172m██[38;2;255;238;172m██[38;2;246;205;90m██[38;2;238;115;49m██[38;2;238;115;49m██[38;2;238;115;49m██[38;2;246;205;90m██[38;2;255;238;172m██[38;2;255;238;172m██[38;2;255;238;172m██[38;2;255;238;172m██[38;2;255;238;172m██[38;2;255;238;172m██[38;2;255;238;172m██[38;2;238;115;49m██[38;2;197;57;16m██[38;2;197;57;16m██[38;2;197;57;16m██[38;2;16;16;16m██        
        [38;2;197;57;16m██[38;2;246;205;90m██[38;2;238;115;49m██[38;2;238;115;49m██[38;2;238;115;49m██[38;2;238;115;49m██[38;2;238;115;49m██[38;2;238;115;49m██[38;2;246;205;90m██[38;2;255;238;172m██[38;2;255;238;172m██[38;2;255;238;172m██[38;2;246;205;90m██[38;2;238;115;49m██[38;2;197;57;16m██[38;2;197;57;16m██[38;2;197;57;16m██[38;2;197;57;16m██[38;2;16;16;16m██        
        [38;2;197;57;16m██[38;2;197;57;16m██[38;2;238;115;49m██[38;2;238;115;49m██[38;2;238;115;49m██[38;2;238;115;49m██[38;2;238;115;49m██[38;2;238;115;49m██[38;2;238;115;49m██[38;2;238;115;49m██[38;2;238;115;49m██[38;2;238;115;49m██[38;2;238;115;49m██[38;2;197;57;16m██[38;2;197;57;16m██[38;2;197;57;16m██[38;2;197;57;16m██[38;2;16;16;16m██          
          [38;2;164;49;0m██[38;2;197;57;16m██[38;2;238;115;49m██[38;2;238;115;49m██[38;2;238;115;49m██[38;2;238;115;49m██[38;2;238;115;49m██[38;2;238;115;49m██[38;2;238;115;49m██[38;2;238;115;49m██[38;2;197;57;16m██[38;2;197;57;16m██[38;2;197;57;16m██[38;2;197;57;16m██[38;2;197;57;16m██[38;2;197;57;16m██[38;2;16;16;16m██          
            [38;2;16;16;16m██[38;2;197;57;16m██[38;2;197;57;16m██[38;2;238;115;49m██[38;2;238;115;49m██[38;2;238;115;49m██[38;2;197;57;16m██[38;2;197;57;16m██[38;2;197;57;16m██[38;2;197;57;16m██[38;2;197;57;16m██[38;2;197;57;16m██[38;2;197;57;16m██[38;2;197;57;16m██[38;2;16;16;16m██            
            [38;2;197;57;16m██[38;2;164;49;0m██[38;2;164;49;0m██[38;2;197;57;16m██[38;2;197;57;16m██[38;2;197;57;16m██[38;2;197;57;16m██[38;2;197;57;16m██[38;2;197;57;16m██[38;2;197;57;16m██[38;2;197;57;16m██[38;2;197;57;16m██[38;2;16;16;16m██[38;2;16;16;16m██              
      [38;2;197;57;16m██[38;2;197;57;16m██[38;2;197;57;16m██[38;2;230;172;82m██[38;2;197;57;16m██[38;2;197;57;16m██[38;2;164;49;0m██[38;2;16;16;16m██[38;2;197;57;16m██[38;2;197;57;16m██[38;2;197;57;16m██[38;2;197;57;16m██[38;2;197;57;16m██[38;2;16;16;16m██[38;2;16;16;16m██[38;2;82;82;65m██                
    [38;2;197;57;16m██[38;2;255;238;172m██[38;2;255;238;172m██[38;2;255;238;172m██[38;2;230;172;82m██[38;2;230;172;82m██[38;2;230;172;82m██[38;2;197;57;16m██[38;2;197;57;16m██[38;2;16;16;16m██[38;2;197;57;16m██[38;2;197;57;16m██[38;2;16;16;16m██[38;2;16;16;16m██[38;2;238;115;49m██[38;2;197;57;16m██[38;2;197;57;16m██[38;2;82;82;65m██[38;2;82;82;65m██            
  [38;2;197;57;16m██[38;2;255;238;172m██[38;2;255;238;172m██[38;2;255;238;172m██[38;2;255;238;172m██[38;2;230;172;82m██[38;2;230;172;82m██[38;2;230;172;82m██[38;2;197;57;16m██[38;2;197;57;16m██[38;2;16;16;16m██[38;2;16;16;16m██[38;2;16;16;16m██[38;2;82;82;65m██[38;2;238;115;49m██[38;2;197;57;16m██[38;2;230;172;82m██[38;2;255;238;172m██[38;2;255;238;172m██[38;2;255;238;172m██[38;2;16;16;16m██          
  [38;2;16;16;16m██[38;2;230;172;82m██[38;2;255;238;172m██[38;2;255;238;172m██[38;2;230;172;82m██[38;2;230;172;82m██[38;2;230;172;82m██[38;2;164;49;0m██[38;2;16;16;16m██[38;2;16;16;16m██      [38;2;82;82;65m██[38;2;197;57;16m██[38;2;230;172;82m██[38;2;255;238;172m██[38;2;255;238;172m██[38;2;255;238;172m██[38;2;255;238;172m██[38;2;255;238;172m██[38;2;16;16;16m██        
    [38;2;16;16;16m██[38;2;16;16;16m██[38;2;16;16;16m██[38;2;16;16;16m██[38;2;16;16;16m██[38;2;164;49;0m██            [38;2;82;82;65m██[38;2;197;57;16m██[38;2;230;172;82m██[38;2;230;172;82m██[38;2;255;238;172m██[38;2;255;238;172m██[38;2;255;238;172m██[38;2;255;238;172m██[38;2;16;16;16m██        
                              [38;2;82;82;65m██[38;2;197;57;16m██[38;2;230;172;82m██[38;2;230;172;82m██[38;2;255;238;172m██[38;2;255;238;172m██[38;2;16;16;16m██          
                                [38;2;82;82;65m██[38;2;16;16;16m██[38;2;16;16;16m██[38;2;16;16;16m██[38;2;16;16;16m██            
