                  [38;2;164;139;41m██                            
          [38;2;164;139;41m██    [38;2;164;139;41m██[38;2;255;255;148m██[38;2;0;0;0m██  [38;2;164;139;41m██[38;2;164;139;41m██[38;2;0;0;0m██[38;2;0;0;0m██                
        [38;2;164;139;41m██[38;2;255;255;148m██[38;2;0;0;0m██  [38;2;164;139;41m██[38;2;255;255;98m██[38;2;0;0;0m██[38;2;164;139;41m██[38;2;255;255;148m██[38;2;255;255;148m██[38;2;255;255;98m██[38;2;0;0;0m██                
        [38;2;0;0;0m██[38;2;255;255;98m██[38;2;255;255;148m██[38;2;0;0;0m██[38;2;164;139;41m██[38;2;255;255;98m██[38;2;164;139;41m██[38;2;255;255;98m██[38;2;255;255;98m██[38;2;255;255;98m██[38;2;255;255;98m██[38;2;0;0;0m██                
      [38;2;164;139;41m██[38;2;164;139;41m██[38;2;0;0;0m██[38;2;255;255;98m██[38;2;255;255;98m██[38;2;222;197;74m██[38;2;255;255;98m██[38;2;164;139;41m██[38;2;255;255;98m██[38;2;255;255;98m██[38;2;255;255;98m██[38;2;0;0;0m██                  
  [38;2;222;197;74m██[38;2;222;197;74m██[38;2;255;255;148m██[38;2;255;255;148m██[38;2;255;255;148m██[38;2;164;139;41m██[38;2;222;197;74m██[38;2;255;255;98m██[38;2;255;255;98m██[38;2;255;255;98m██[38;2;255;255;98m██[38;2;164;139;41m██[38;2;0;0;0m██                    
[38;2;164;139;41m██[38;2;255;255;148m██[38;2;255;255;148m██[38;2;255;255;148m██[38;2;255;255;148m██[38;2;255;255;148m██[38;2;255;255;148m██[38;2;255;255;148m██[38;2;222;197;74m██[38;2;255;255;98m██[38;2;222;197;74m██[38;2;222;197;74m██[38;2;222;197;74m██[38;2;164;139;41m██[38;2;0;0;0m██[38;2;0;0;0m██[38;2;0;0;0m██              
  [38;2;0;0;0m██[38;2;164;139;41m██[38;2;255;255;148m██[38;2;255;255;148m██[38;2;255;255;148m██[38;2;164;139;41m██[38;2;222;197;74m██[38;2;255;255;98m██[38;2;255;255;148m██[38;2;255;255;148m██[38;2;255;255;148m██[38;2;255;255;148m██[38;2;255;255;148m██[38;2;255;255;98m██[38;2;255;255;98m██[38;2;255;255;98m██[38;2;164;139;41m██[38;2;0;0;0m██          
      [38;2;0;0;0m██[38;2;164;139;41m██[38;2;222;197;74m██[38;2;255;255;148m██[38;2;255;255;148m██[38;2;255;255;148m██[38;2;255;255;148m██[38;2;255;255;148m██[38;2;255;255;148m██[38;2;255;255;148m██[38;2;255;255;148m██[38;2;255;255;148m██[38;2;222;197;74m██[38;2;255;255;98m██[38;2;255;255;98m██[38;2;255;255;98m██[38;2;164;139;41m██[38;2;0;0;0m██      
      [38;2;164;139;41m██[38;2;222;197;74m██[38;2;255;255;148m██[38;2;255;255;148m██[38;2;255;255;148m██[38;2;255;255;148m██[38;2;255;255;148m██[38;2;255;255;148m██[38;2;255;255;148m██[38;2;255;255;148m██[38;2;255;255;148m██[38;2;255;255;98m██[38;2;255;255;98m██[38;2;164;139;41m██[38;2;255;255;98m██[38;2;255;255;98m██[38;2;255;255;98m██[38;2;255;255;98m██[38;2;0;0;0m██    
    [38;2;222;197;74m██[38;2;255;255;98m██[38;2;255;255;148m██[38;2;255;255;148m██[38;2;255;255;98m██[38;2;255;255;148m██[38;2;255;255;148m██[38;2;255;255;148m██[38;2;255;255;148m██[38;2;164;139;41m██[38;2;222;197;74m██[38;2;255;255;98m██[38;2;255;255;98m██[38;2;255;255;98m██[38;2;255;255;98m██[38;2;164;139;41m██[38;2;255;255;98m██[38;2;255;255;98m██[38;2;255;255;98m██[38;2;255;255;98m██[38;2;0;0;0m██  
    [38;2;222;197;74m██[38;2;255;255;148m██[38;2;255;255;148m██[38;2;255;255;148m██[38;2;222;197;74m██[38;2;255;255;148m██[38;2;255;255;148m██[38;2;255;255;148m██[38;2;255;255;98m██[38;2;164;57;115m██[38;2;164;57;115m██[38;2;222;197;74m██[38;2;255;255;98m██[38;2;255;255;98m██[38;2;255;255;98m██[38;2;255;255;98m██[38;2;222;197;74m██[38;2;255;255;98m██[38;2;255;255;98m██[38;2;222;197;74m██[38;2;0;0;0m██  
  [38;2;222;197;74m██[38;2;255;255;148m██[38;2;255;255;148m██[38;2;255;255;148m██[38;2;222;197;74m██[38;2;255;255;148m██[38;2;255;255;148m██[38;2;255;255;148m██[38;2;255;255;148m██[38;2;255;255;98m██[38;2;246;115;148m██[38;2;164;57;115m██[38;2;164;57;115m██[38;2;222;197;74m██[38;2;222;197;74m██[38;2;164;139;41m██[38;2;164;139;41m██[38;2;164;139;41m██[38;2;222;197;74m██[38;2;222;197;74m██[38;2;0;0;0m██    
  [38;2;222;197;74m██[38;2;255;255;148m██[38;2;255;255;148m██[38;2;255;255;148m██[38;2;222;197;74m██[38;2;255;255;148m██[38;2;255;255;148m██[38;2;255;255;148m██[38;2;255;255;148m██[38;2;255;255;98m██[38;2;246;115;148m██[38;2;246;115;148m██[38;2;164;57;115m██[38;2;164;57;115m██[38;2;164;57;115m██[38;2;246;115;148m██[38;2;246;115;148m██[38;2;164;57;115m██[38;2;164;139;41m██[38;2;0;0;0m██[38;2;222;197;74m██[38;2;0;0;0m██  
[38;2;222;197;74m██[38;2;255;255;148m██[38;2;255;255;148m██[38;2;255;255;148m██[38;2;255;255;98m██[38;2;164;139;41m██[38;2;255;255;148m██[38;2;255;255;148m██[38;2;255;255;148m██[38;2;255;255;98m██[38;2;164;139;41m██[38;2;246;115;148m██[38;2;255;189;189m██[38;2;255;189;189m██[38;2;246;115;148m██[38;2;213;213;213m██[38;2;255;255;255m██[38;2;255;255;255m██[38;2;246;115;148m██[38;2;164;57;115m██[38;2;222;197;74m██[38;2;222;197;74m██[38;2;164;139;41m██  
[38;2;222;197;74m██[38;2;255;255;148m██[38;2;255;255;148m██[38;2;255;255;148m██[38;2;255;255;98m██[38;2;164;139;41m██[38;2;222;197;74m██[38;2;164;139;41m██[38;2;164;139;41m██[38;2;164;139;41m██[38;2;246;115;148m██[38;2;255;189;189m██[38;2;255;189;189m██[38;2;255;189;189m██[38;2;0;0;0m██[38;2;255;255;255m██[38;2;0;0;0m██[38;2;255;255;255m██[38;2;213;213;213m██[38;2;246;115;148m██[38;2;164;57;115m██[38;2;222;197;74m██[38;2;222;197;74m██[38;2;0;0;0m██
[38;2;222;197;74m██[38;2;255;255;148m██[38;2;255;255;148m██[38;2;255;255;98m██[38;2;255;255;98m██[38;2;0;0;0m██[38;2;246;115;148m██[38;2;213;213;213m██[38;2;255;255;255m██[38;2;255;255;255m██[38;2;246;115;148m██[38;2;246;115;148m██[38;2;255;189;189m██[38;2;255;189;189m██[38;2;0;0;0m██[38;2;0;0;0m██[38;2;0;0;0m██[38;2;255;255;255m██[38;2;255;255;255m██[38;2;246;115;148m██[38;2;164;57;115m██[38;2;222;197;74m██[38;2;222;197;74m██[38;2;0;0;0m██
[38;2;164;139;41m██[38;2;255;255;98m██[38;2;255;255;98m██[38;2;164;139;41m██[38;2;0;0;0m██[38;2;164;57;115m██[38;2;0;0;0m██[38;2;255;255;255m██[38;2;0;0;0m██[38;2;255;255;255m██[38;2;255;255;255m██[38;2;246;115;148m██[38;2;255;189;189m██[38;2;255;189;189m██[38;2;246;115;148m██[38;2;0;0;0m██[38;2;0;0;0m██[38;2;255;255;255m██[38;2;180;180;180m██[38;2;246;115;148m██[38;2;164;57;115m██[38;2;222;197;74m██[38;2;222;197;74m██[38;2;0;0;0m██
[38;2;164;139;41m██[38;2;0;0;0m██[38;2;0;0;0m██[38;2;255;255;98m██[38;2;246;115;148m██[38;2;255;189;189m██[38;2;0;0;0m██[38;2;0;0;0m██[38;2;0;0;0m██[38;2;255;255;255m██[38;2;255;255;255m██[38;2;246;115;148m██[38;2;255;213;180m██[38;2;255;213;180m██[38;2;255;213;180m██[38;2;246;115;148m██[38;2;164;57;115m██[38;2;164;57;115m██[38;2;246;115;148m██[38;2;246;115;148m██[38;2;164;57;115m██[38;2;222;197;74m██[38;2;222;197;74m██[38;2;0;0;0m██
  [38;2;164;139;41m██[38;2;255;255;98m██[38;2;255;255;98m██[38;2;164;57;115m██[38;2;255;189;189m██[38;2;246;115;148m██[38;2;0;0;0m██[38;2;0;0;0m██[38;2;255;255;255m██[38;2;180;180;180m██[38;2;255;213;180m██[38;2;255;213;180m██[38;2;255;213;180m██[38;2;246;115;148m██[38;2;255;213;180m██[38;2;246;115;148m██[38;2;246;115;148m██[38;2;246;115;148m██[38;2;246;115;148m██[38;2;164;139;41m██[38;2;222;197;74m██[38;2;164;139;41m██[38;2;0;0;0m██
  [38;2;222;197;74m██[38;2;255;255;148m██[38;2;255;255;98m██[38;2;164;57;115m██[38;2;255;189;189m██[38;2;255;189;189m██[38;2;246;115;148m██[38;2;246;115;148m██[38;2;246;115;148m██[38;2;246;115;148m██[38;2;255;213;180m██[38;2;246;115;148m██[38;2;164;57;115m██[38;2;255;213;180m██[38;2;255;213;180m██[38;2;246;115;148m██[38;2;246;115;148m██[38;2;246;115;148m██[38;2;164;57;115m██[38;2;222;197;74m██[38;2;164;139;41m██[38;2;0;0;0m██  
  [38;2;222;197;74m██[38;2;255;255;148m██[38;2;255;255;148m██[38;2;222;197;74m██[38;2;255;189;189m██[38;2;255;189;189m██[38;2;255;189;189m██[38;2;255;189;189m██[38;2;255;189;189m██[38;2;255;189;189m██[38;2;164;57;115m██[38;2;255;213;180m██[38;2;255;213;180m██[38;2;255;213;180m██[38;2;164;57;115m██[38;2;246;115;148m██[38;2;246;115;148m██[38;2;164;57;115m██[38;2;222;197;74m██[38;2;0;0;0m██[38;2;0;0;0m██    
  [38;2;164;139;41m██[38;2;255;255;148m██[38;2;255;255;98m██[38;2;222;197;74m██[38;2;164;57;115m██[38;2;255;189;189m██[38;2;255;189;189m██[38;2;255;189;189m██[38;2;255;189;189m██[38;2;255;189;189m██[38;2;255;189;189m██[38;2;164;57;115m██[38;2;164;57;115m██[38;2;164;57;115m██[38;2;246;115;148m██[38;2;164;57;115m██[38;2;156;148;90m██[38;2;0;0;0m██[38;2;0;0;0m██        
    [38;2;0;0;0m██[38;2;222;197;74m██[38;2;222;197;74m██[38;2;222;197;74m██[38;2;0;0;0m██[38;2;246;115;148m██[38;2;246;115;148m██[38;2;156;148;90m██[38;2;156;148;90m██[38;2;0;0;0m██[38;2;246;115;148m██[38;2;246;115;148m██[38;2;246;115;148m██[38;2;164;57;115m██[38;2;246;222;156m██[38;2;255;255;213m██[38;2;246;222;156m██[38;2;0;0;0m██        
      [38;2;0;0;0m██[38;2;0;0;0m██[38;2;164;139;41m██[38;2;164;57;115m██[38;2;0;0;0m██[38;2;246;222;156m██[38;2;255;255;213m██[38;2;255;255;213m██[38;2;255;255;213m██[38;2;0;0;0m██[38;2;0;0;0m██[38;2;0;0;0m██[38;2;156;148;90m██[38;2;255;255;213m██[38;2;255;255;213m██[38;2;246;222;156m██[38;2;0;0;0m██        
          [38;2;164;57;115m██[38;2;156;148;90m██[38;2;246;222;156m██[38;2;255;255;213m██[38;2;255;255;213m██[38;2;255;255;213m██[38;2;255;255;213m██[38;2;0;0;0m██[38;2;246;222;156m██[38;2;246;222;156m██[38;2;156;148;90m██[38;2;255;255;213m██[38;2;246;222;156m██[38;2;156;148;90m██          
          [38;2;246;115;148m██[38;2;164;57;115m██[38;2;246;222;156m██[38;2;246;222;156m██[38;2;255;255;213m██[38;2;255;255;213m██[38;2;0;0;0m██[38;2;246;222;156m██[38;2;246;222;156m██[38;2;246;222;156m██[38;2;246;222;156m██[38;2;246;222;156m██[38;2;246;222;156m██[38;2;0;0;0m██          
        [38;2;246;115;148m██[38;2;255;189;189m██[38;2;255;189;189m██[38;2;164;57;115m██[38;2;246;222;156m██[38;2;246;222;156m██[38;2;246;222;156m██[38;2;246;222;156m██[38;2;246;222;156m██[38;2;246;222;156m██[38;2;246;222;156m██[38;2;246;222;156m██[38;2;156;148;90m██[38;2;0;0;0m██            
        [38;2;164;57;115m██[38;2;255;189;189m██[38;2;255;189;189m██[38;2;255;189;189m██[38;2;164;57;115m██[38;2;156;148;90m██[38;2;246;222;156m██[38;2;246;222;156m██[38;2;246;222;156m██[38;2;246;222;156m██[38;2;156;148;90m██[38;2;164;57;115m██[38;2;246;115;148m██[38;2;246;115;148m██[38;2;0;0;0m██          
        [38;2;164;57;115m██[38;2;255;189;189m██[38;2;255;189;189m██[38;2;255;189;189m██[38;2;255;189;189m██[38;2;255;189;189m██[38;2;164;57;115m██[38;2;164;57;115m██[38;2;164;57;115m██[38;2;164;57;115m██[38;2;246;115;148m██[38;2;246;115;148m██[38;2;246;115;148m██[38;2;246;115;148m██[38;2;0;0;0m██          
          [38;2;246;115;148m██[38;2;255;189;189m██[38;2;255;189;189m██[38;2;255;189;189m██[38;2;255;189;189m██[38;2;255;189;189m██[38;2;255;189;189m██[38;2;255;189;189m██[38;2;246;115;148m██[38;2;246;115;148m██[38;2;246;115;148m██[38;2;246;115;148m██[38;2;164;57;115m██            
          [38;2;164;57;115m██[38;2;246;115;148m██[38;2;255;189;189m██[38;2;255;189;189m██[38;2;255;189;189m██[38;2;255;189;189m██[38;2;246;115;148m██[38;2;246;115;148m██[38;2;246;115;148m██[38;2;246;115;148m██[38;2;246;115;148m██[38;2;164;57;115m██[38;2;0;0;0m██            
        [38;2;156;148;90m██[38;2;156;148;90m██[38;2;164;57;115m██[38;2;164;57;115m██[38;2;246;115;148m██[38;2;246;115;148m██[38;2;246;115;148m██[38;2;246;115;148m██[38;2;246;115;148m██[38;2;164;57;115m██[38;2;0;0;0m██[38;2;0;0;0m██[38;2;156;148;90m██[38;2;156;148;90m██[38;2;0;0;0m██          
      [38;2;156;148;90m██[38;2;255;255;213m██[38;2;255;255;213m██[38;2;255;255;213m██[38;2;156;148;90m██[38;2;0;0;0m██[38;2;0;0;0m██[38;2;0;0;0m██[38;2;0;0;0m██[38;2;0;0;0m██  [38;2;0;0;0m██[38;2;156;148;90m██[38;2;156;148;90m██[38;2;246;222;156m██[38;2;246;222;156m██[38;2;0;0;0m██        
      [38;2;0;0;0m██[38;2;255;255;213m██[38;2;255;255;213m██[38;2;246;222;156m██[38;2;0;0;0m██              [38;2;0;0;0m██[38;2;246;222;156m██[38;2;246;222;156m██[38;2;246;222;156m██[38;2;0;0;0m██        
        [38;2;0;0;0m██[38;2;0;0;0m██[38;2;0;0;0m██                  [38;2;0;0;0m██[38;2;0;0;0m██[38;2;0;0;0m██          
