                                                                                            [38;2;164;106;16m██[38;2;164;106;16m██[38;2;164;106;16m██[38;2;164;106;16m██[38;2;164;106;16m██[38;2;222;172;90m██[38;2;222;172;90m██
                                          [38;2;156;24;74m██[38;2;156;24;74m██                                        [38;2;164;106;16m██[38;2;164;106;16m██[38;2;164;106;16m██[38;2;255;230;98m██[38;2;255;230;98m██[38;2;255;230;98m██[38;2;255;230;98m██[38;2;255;230;98m██[38;2;255;230;98m██[38;2;222;172;90m██
                                        [38;2;156;24;74m██[38;2;205;82;156m██[38;2;205;82;156m██[38;2;156;24;74m██                                [38;2;164;106;16m██[38;2;164;106;16m██[38;2;164;106;16m██[38;2;255;230;98m██[38;2;255;230;98m██[38;2;255;230;98m██[38;2;222;172;90m██[38;2;222;172;90m██[38;2;222;172;90m██[38;2;222;172;90m██[38;2;255;230;98m██[38;2;222;172;90m██  
                                        [38;2;156;24;74m██[38;2;205;82;156m██[38;2;205;82;156m██[38;2;205;82;156m██[38;2;156;24;74m██                          [38;2;164;106;16m██[38;2;164;106;16m██[38;2;222;172;90m██[38;2;255;230;98m██[38;2;255;230;98m██[38;2;222;172;90m██[38;2;222;172;90m██[38;2;222;172;90m██[38;2;255;230;98m██[38;2;255;230;98m██[38;2;255;230;98m██[38;2;222;172;90m██[38;2;222;172;90m██    
                                      [38;2;156;24;74m██[38;2;205;82;156m██[38;2;205;82;156m██[38;2;205;82;156m██[38;2;205;82;156m██[38;2;156;24;74m██[38;2;156;24;74m██[38;2;156;24;74m██[38;2;156;24;74m██[38;2;156;24;74m██[38;2;205;82;156m██              [38;2;164;106;16m██[38;2;222;172;90m██[38;2;222;172;90m██[38;2;222;172;90m██[38;2;164;106;16m██[38;2;164;106;16m██[38;2;255;230;98m██[38;2;255;230;98m██[38;2;255;230;98m██[38;2;255;230;98m██[38;2;255;230;98m██[38;2;255;230;98m██[38;2;255;230;98m██[38;2;222;172;90m██    
                                      [38;2;156;24;74m██[38;2;205;82;156m██[38;2;205;82;156m██[38;2;156;24;74m██[38;2;156;24;74m██[38;2;238;156;197m██[38;2;238;156;197m██[38;2;238;156;197m██[38;2;238;156;197m██[38;2;238;156;197m██[38;2;238;156;197m██[38;2;205;82;156m██[38;2;156;24;74m██        [38;2;164;106;16m██[38;2;222;172;90m██[38;2;222;172;90m██[38;2;164;106;16m██[38;2;164;106;16m██[38;2;222;172;90m██[38;2;222;172;90m██[38;2;222;172;90m██[38;2;222;172;90m██[38;2;255;230;98m██[38;2;255;230;98m██[38;2;255;230;98m██[38;2;222;172;90m██[38;2;0;0;0m██      
                                    [38;2;156;24;74m██[38;2;205;82;156m██[38;2;205;82;156m██[38;2;156;24;74m██[38;2;238;156;197m██[38;2;238;156;197m██[38;2;238;156;197m██[38;2;238;156;197m██[38;2;238;156;197m██[38;2;238;156;197m██[38;2;238;156;197m██[38;2;238;156;197m██[38;2;238;156;197m██[38;2;238;156;197m██[38;2;205;82;156m██[38;2;156;24;74m██  [38;2;164;106;16m██[38;2;222;172;90m██[38;2;222;172;90m██[38;2;164;106;16m██[38;2;222;172;90m██[38;2;222;172;90m██[38;2;222;172;90m██[38;2;222;172;90m██[38;2;222;172;90m██[38;2;222;172;90m██[38;2;222;172;90m██[38;2;222;172;90m██[38;2;222;172;90m██[38;2;0;0;0m██        
                                    [38;2;156;24;74m██[38;2;156;24;74m██[38;2;230;123;164m██[38;2;238;156;197m██[38;2;238;156;197m██[38;2;238;156;197m██[38;2;238;156;197m██[38;2;238;156;197m██[38;2;238;156;197m██[38;2;238;156;197m██[38;2;238;156;197m██[38;2;238;156;197m██[38;2;238;156;197m██[38;2;238;156;197m██[38;2;238;156;197m██[38;2;238;156;197m██[38;2;0;0;0m██[38;2;0;0;0m██[38;2;222;172;90m██[38;2;164;106;16m██[38;2;222;172;90m██[38;2;222;172;90m██[38;2;222;172;90m██[38;2;222;172;90m██[38;2;222;172;90m██[38;2;222;172;90m██[38;2;222;172;90m██[38;2;222;172;90m██[38;2;164;106;16m██[38;2;0;0;0m██          
                                    [38;2;156;24;74m██[38;2;230;123;164m██[38;2;115;172;238m██[38;2;115;172;238m██[38;2;238;156;197m██[38;2;238;156;197m██[38;2;238;156;197m██[38;2;238;156;197m██[38;2;238;156;197m██[38;2;238;156;197m██[38;2;238;156;197m██[38;2;238;156;197m██[38;2;238;156;197m██[38;2;238;156;197m██[38;2;238;156;197m██[38;2;238;156;197m██[38;2;238;156;197m██[38;2;0;0;0m██[38;2;164;106;16m██[38;2;222;172;90m██[38;2;222;172;90m██[38;2;222;172;90m██[38;2;222;172;90m██[38;2;222;172;90m██[38;2;222;172;90m██[38;2;222;172;90m██[38;2;164;106;16m██[38;2;0;0;0m██              
                                  [38;2;156;24;74m██[38;2;205;82;156m██[38;2;115;172;238m██[38;2;197;246;255m██[38;2;115;172;238m██[38;2;238;156;197m██[38;2;238;156;197m██[38;2;238;156;197m██[38;2;238;156;197m██[38;2;238;156;197m██[38;2;238;156;197m██[38;2;238;156;197m██[38;2;238;156;197m██[38;2;238;156;197m██[38;2;238;156;197m██[38;2;238;156;197m██[38;2;238;156;197m██[38;2;156;24;74m██[38;2;156;24;74m██[38;2;156;24;74m██[38;2;222;172;90m██[38;2;222;172;90m██[38;2;222;172;90m██[38;2;222;172;90m██[38;2;164;106;16m██[38;2;0;0;0m██[38;2;0;0;0m██                  
                                  [38;2;156;24;74m██[38;2;238;156;197m██[38;2;197;246;255m██[38;2;197;246;255m██[38;2;205;82;156m██[38;2;238;156;197m██[38;2;238;156;197m██[38;2;238;156;197m██[38;2;238;156;197m██[38;2;238;156;197m██[38;2;238;156;197m██[38;2;205;82;156m██[38;2;156;24;74m██[38;2;0;0;0m██[38;2;205;82;156m██[38;2;238;156;197m██[38;2;156;24;74m██[38;2;205;82;156m██[38;2;230;123;164m██[38;2;0;0;0m██[38;2;222;172;90m██[38;2;164;106;16m██[38;2;0;0;0m██[38;2;0;0;0m██                        
                                [38;2;0;0;0m██[38;2;189;189;197m██[38;2;238;156;197m██[38;2;197;246;255m██[38;2;115;172;238m██[38;2;156;24;74m██[38;2;238;156;197m██[38;2;238;156;197m██[38;2;205;82;156m██[38;2;238;156;197m██[38;2;205;82;156m██[38;2;0;0;0m██[38;2;0;0;0m██[38;2;156;24;74m██[38;2;238;156;197m██[38;2;238;156;197m██[38;2;238;156;197m██[38;2;238;156;197m██[38;2;230;123;164m██[38;2;0;0;0m██[38;2;164;106;16m██[38;2;164;106;16m██                              
                                [38;2;238;156;197m██[38;2;222;172;90m██[38;2;238;156;197m██[38;2;115;172;238m██[38;2;156;24;74m██[38;2;238;156;197m██[38;2;238;156;197m██[38;2;205;82;156m██[38;2;238;156;197m██[38;2;0;0;0m██[38;2;189;189;197m██[38;2;189;189;197m██[38;2;189;189;197m██[38;2;0;0;0m██[38;2;0;0;0m██[38;2;205;82;156m██[38;2;238;156;197m██[38;2;238;156;197m██[38;2;230;123;164m██[38;2;205;82;156m██[38;2;205;82;156m██[38;2;0;0;0m██      [38;2;90;90;90m██[38;2;90;90;90m██                    
                              [38;2;156;24;74m██[38;2;246;246;255m██[38;2;156;24;74m██[38;2;238;156;197m██[38;2;238;156;197m██[38;2;238;156;197m██[38;2;238;156;197m██[38;2;205;82;156m██[38;2;238;156;197m██[38;2;156;24;74m██[38;2;222;172;90m██[38;2;246;246;255m██[38;2;246;246;255m██[38;2;246;246;255m██[38;2;0;0;0m██[38;2;238;156;197m██[38;2;238;156;197m██[38;2;238;156;197m██[38;2;238;156;197m██[38;2;205;82;156m██[38;2;205;82;156m██[38;2;205;82;156m██[38;2;0;0;0m██      [38;2;0;0;0m██[38;2;246;246;255m██[38;2;90;90;90m██[38;2;0;0;0m██  [38;2;90;90;90m██[38;2;90;90;90m██          
                              [38;2;156;24;74m██[38;2;238;156;197m██[38;2;238;156;197m██[38;2;205;82;156m██[38;2;238;156;197m██[38;2;238;156;197m██[38;2;238;156;197m██[38;2;238;156;197m██[38;2;156;24;74m██[38;2;255;230;98m██[38;2;0;0;0m██[38;2;246;246;255m██[38;2;246;246;255m██[38;2;255;197;238m██[38;2;0;0;0m██[38;2;0;0;0m██[38;2;205;82;156m██[38;2;238;156;197m██[38;2;238;156;197m██[38;2;205;82;156m██[38;2;205;82;156m██[38;2;205;82;156m██[38;2;0;0;0m██      [38;2;0;0;0m██[38;2;90;90;90m██[38;2;246;246;255m██[38;2;246;246;255m██[38;2;90;90;90m██[38;2;189;189;197m██[38;2;189;189;197m██[38;2;90;90;90m██        
                                [38;2;156;24;74m██[38;2;238;156;197m██[38;2;238;156;197m██[38;2;238;156;197m██[38;2;238;156;197m██[38;2;238;156;197m██[38;2;238;156;197m██[38;2;238;156;197m██[38;2;238;156;197m██[38;2;238;156;197m██[38;2;238;156;197m██[38;2;238;156;197m██[38;2;205;82;156m██[38;2;238;156;197m██[38;2;238;156;197m██[38;2;238;156;197m██[38;2;238;156;197m██[38;2;205;82;156m██[38;2;205;82;156m██[38;2;205;82;156m██[38;2;0;0;0m██          [38;2;0;0;0m██[38;2;189;189;197m██[38;2;246;246;255m██[38;2;246;246;255m██[38;2;90;90;90m██[38;2;189;189;197m██[38;2;90;90;90m██        
                                [38;2;0;0;0m██[38;2;156;24;74m██[38;2;156;24;74m██[38;2;205;82;156m██[38;2;238;156;197m██[38;2;238;156;197m██[38;2;238;156;197m██[38;2;205;82;156m██[38;2;238;156;197m██[38;2;238;156;197m██[38;2;238;156;197m██[38;2;238;156;197m██[38;2;238;156;197m██[38;2;238;156;197m██[38;2;238;156;197m██[38;2;238;156;197m██[38;2;230;123;164m██[38;2;205;82;156m██[38;2;205;82;156m██[38;2;205;82;156m██[38;2;0;0;0m██          [38;2;0;0;0m██[38;2;189;189;197m██[38;2;246;246;255m██[38;2;246;246;255m██[38;2;90;90;90m██[38;2;189;189;197m██[38;2;246;246;255m██[38;2;90;90;90m██      
                                  [38;2;0;0;0m██[38;2;238;156;197m██[38;2;205;82;156m██[38;2;156;24;74m██[38;2;156;24;74m██[38;2;156;24;74m██[38;2;238;156;197m██[38;2;238;156;197m██[38;2;238;156;197m██[38;2;238;156;197m██[38;2;238;156;197m██[38;2;238;156;197m██[38;2;238;156;197m██[38;2;230;123;164m██[38;2;230;123;164m██[38;2;205;82;156m██[38;2;205;82;156m██[38;2;205;82;156m██[38;2;0;0;0m██            [38;2;0;0;0m██[38;2;246;246;255m██[38;2;246;246;255m██[38;2;246;246;255m██[38;2;90;90;90m██[38;2;246;246;255m██[38;2;246;246;255m██[38;2;90;90;90m██      
                                    [38;2;0;0;0m██[38;2;230;123;164m██[38;2;238;156;197m██[38;2;238;156;197m██[38;2;238;156;197m██[38;2;238;156;197m██[38;2;238;156;197m██[38;2;238;156;197m██[38;2;238;156;197m██[38;2;238;156;197m██[38;2;230;123;164m██[38;2;205;82;156m██[38;2;205;82;156m██[38;2;205;82;156m██[38;2;205;82;156m██[38;2;205;82;156m██[38;2;0;0;0m██    [38;2;164;106;16m██      [38;2;156;24;74m██[38;2;246;246;255m██[38;2;246;246;255m██[38;2;246;246;255m██[38;2;90;90;90m██[38;2;246;246;255m██[38;2;246;246;255m██[38;2;90;90;90m██        
                                      [38;2;0;0;0m██[38;2;0;0;0m██[38;2;205;82;156m██[38;2;238;156;197m██[38;2;238;156;197m██[38;2;238;156;197m██[38;2;230;123;164m██[38;2;205;82;156m██[38;2;205;82;156m██[38;2;205;82;156m██[38;2;205;82;156m██[38;2;205;82;156m██[38;2;205;82;156m██[38;2;0;0;0m██[38;2;0;0;0m██    [38;2;164;106;16m██[38;2;164;106;16m██    [38;2;156;24;74m██[38;2;189;189;197m██[38;2;246;246;255m██[38;2;246;246;255m██[38;2;246;246;255m██[38;2;189;189;197m██[38;2;246;246;255m██[38;2;246;246;255m██[38;2;90;90;90m██        
                                          [38;2;0;0;0m██[38;2;0;0;0m██[38;2;205;82;156m██[38;2;205;82;156m██[38;2;205;82;156m██[38;2;205;82;156m██[38;2;205;82;156m██[38;2;205;82;156m██[38;2;156;24;74m██[38;2;0;0;0m██[38;2;0;0;0m██      [38;2;164;106;16m██[38;2;255;230;98m██[38;2;164;106;16m██    [38;2;156;24;74m██[38;2;246;246;255m██[38;2;189;189;197m██[38;2;230;123;164m██[38;2;246;246;255m██[38;2;246;246;255m██[38;2;246;246;255m██[38;2;156;24;74m██          
                              [38;2;156;24;74m██[38;2;156;24;74m██[38;2;156;24;74m██[38;2;156;24;74m██[38;2;156;24;74m██[38;2;156;24;74m██[38;2;205;82;156m██[38;2;205;82;156m██[38;2;0;0;0m██[38;2;205;82;156m██[38;2;205;82;156m██[38;2;205;82;156m██[38;2;205;82;156m██[38;2;205;82;156m██[38;2;205;82;156m██[38;2;156;24;74m██[38;2;156;24;74m██    [38;2;164;106;16m██[38;2;255;230;98m██[38;2;222;172;90m██[38;2;164;106;16m██  [38;2;156;24;74m██[38;2;238;156;197m██[38;2;238;156;197m██[38;2;238;156;197m██[38;2;238;156;197m██[38;2;246;246;255m██[38;2;189;189;197m██[38;2;156;24;74m██            
              [38;2;156;24;74m██[38;2;156;24;74m██[38;2;156;24;74m██[38;2;156;24;74m██[38;2;156;24;74m██[38;2;156;24;74m██[38;2;156;24;74m██[38;2;156;24;74m██[38;2;205;82;156m██[38;2;205;82;156m██[38;2;205;82;156m██[38;2;205;82;156m██[38;2;205;82;156m██[38;2;205;82;156m██[38;2;205;82;156m██[38;2;0;0;0m██[38;2;205;82;156m██[38;2;115;172;238m██[38;2;115;172;238m██[38;2;238;156;197m██[38;2;205;82;156m██[38;2;205;82;156m██[38;2;205;82;156m██[38;2;205;82;156m██[38;2;205;82;156m██[38;2;156;24;74m██[38;2;156;24;74m██[38;2;156;24;74m██[38;2;222;172;90m██[38;2;222;172;90m██    [38;2;205;82;156m██[38;2;238;156;197m██[38;2;238;156;197m██[38;2;238;156;197m██[38;2;238;156;197m██[38;2;238;156;197m██[38;2;238;156;197m██[38;2;156;24;74m██            
      [38;2;90;90;90m██[38;2;90;90;90m██[38;2;90;90;90m██[38;2;90;90;90m██[38;2;238;156;197m██[38;2;238;156;197m██[38;2;238;156;197m██[38;2;238;156;197m██[38;2;238;156;197m██[38;2;238;156;197m██[38;2;238;156;197m██[38;2;230;123;164m██[38;2;205;82;156m██[38;2;205;82;156m██[38;2;205;82;156m██[38;2;205;82;156m██[38;2;0;0;0m██[38;2;0;0;0m██[38;2;0;0;0m██[38;2;156;24;74m██[38;2;230;123;164m██[38;2;197;246;255m██[38;2;115;172;238m██[38;2;238;156;197m██[38;2;238;156;197m██[38;2;230;123;164m██[38;2;205;82;156m██[38;2;205;82;156m██[38;2;205;82;156m██[38;2;205;82;156m██[38;2;205;82;156m██[38;2;205;82;156m██[38;2;156;24;74m██[38;2;156;24;74m██  [38;2;156;24;74m██[38;2;238;156;197m██[38;2;238;156;197m██[38;2;238;156;197m██[38;2;238;156;197m██[38;2;238;156;197m██[38;2;238;156;197m██[38;2;156;24;74m██              
  [38;2;90;90;90m██[38;2;90;90;90m██[38;2;246;246;255m██[38;2;246;246;255m██[38;2;246;246;255m██[38;2;246;246;255m██[38;2;246;246;255m██[38;2;246;246;255m██[38;2;189;189;197m██[38;2;238;156;197m██[38;2;238;156;197m██[38;2;238;156;197m██[38;2;238;156;197m██[38;2;238;156;197m██[38;2;205;82;156m██[38;2;0;0;0m██[38;2;0;0;0m██[38;2;0;0;0m██    [38;2;156;24;74m██[38;2;238;156;197m██[38;2;197;246;255m██[38;2;197;246;255m██[38;2;156;24;74m██[38;2;238;156;197m██[38;2;238;156;197m██[38;2;238;156;197m██[38;2;205;82;156m██[38;2;156;24;74m██[38;2;0;0;0m██[38;2;0;0;0m██[38;2;205;82;156m██[38;2;205;82;156m██[38;2;205;82;156m██[38;2;205;82;156m██[38;2;205;82;156m██[38;2;238;156;197m██[38;2;238;156;197m██[38;2;238;156;197m██[38;2;238;156;197m██[38;2;238;156;197m██[38;2;156;24;74m██[38;2;156;24;74m██                
[38;2;90;90;90m██[38;2;189;189;197m██[38;2;246;246;255m██[38;2;246;246;255m██[38;2;246;246;255m██[38;2;189;189;197m██[38;2;246;246;255m██[38;2;246;246;255m██[38;2;246;246;255m██[38;2;238;156;197m██[38;2;238;156;197m██[38;2;238;156;197m██[38;2;238;156;197m██[38;2;238;156;197m██[38;2;156;24;74m██[38;2;156;24;74m██          [38;2;156;24;74m██[38;2;238;156;197m██[38;2;197;246;255m██[38;2;115;172;238m██[38;2;156;24;74m██[38;2;238;156;197m██[38;2;238;156;197m██[38;2;238;156;197m██[38;2;238;156;197m██[38;2;0;0;0m██  [38;2;164;106;16m██[38;2;0;0;0m██[38;2;0;0;0m██[38;2;0;0;0m██[38;2;205;82;156m██[38;2;205;82;156m██[38;2;238;156;197m██[38;2;238;156;197m██[38;2;238;156;197m██[38;2;238;156;197m██[38;2;156;24;74m██                    
[38;2;90;90;90m██[38;2;189;189;197m██[38;2;246;246;255m██[38;2;189;189;197m██[38;2;90;90;90m██[38;2;90;90;90m██[38;2;189;189;197m██[38;2;246;246;255m██[38;2;238;156;197m██[38;2;238;156;197m██[38;2;238;156;197m██[38;2;238;156;197m██[38;2;156;24;74m██[38;2;0;0;0m██            [38;2;156;24;74m██[38;2;238;156;197m██[38;2;238;156;197m██[38;2;115;172;238m██[38;2;156;24;74m██[38;2;238;156;197m██[38;2;238;156;197m██[38;2;238;156;197m██[38;2;238;156;197m██[38;2;238;156;197m██[38;2;0;0;0m██  [38;2;164;106;16m██[38;2;222;172;90m██[38;2;222;172;90m██[38;2;164;106;16m██[38;2;0;0;0m██[38;2;205;82;156m██[38;2;205;82;156m██[38;2;230;123;164m██[38;2;156;24;74m██[38;2;156;24;74m██                      
[38;2;90;90;90m██[38;2;189;189;197m██[38;2;0;0;0m██[38;2;90;90;90m██[38;2;189;189;197m██[38;2;246;246;255m██[38;2;246;246;255m██[38;2;246;246;255m██[38;2;189;189;197m██[38;2;238;156;197m██[38;2;156;24;74m██[38;2;0;0;0m██                [38;2;156;24;74m██[38;2;238;156;197m██[38;2;238;156;197m██[38;2;238;156;197m██[38;2;238;156;197m██[38;2;238;156;197m██[38;2;238;156;197m██[38;2;238;156;197m██[38;2;238;156;197m██[38;2;238;156;197m██[38;2;0;0;0m██[38;2;164;106;16m██[38;2;222;172;90m██[38;2;222;172;90m██[38;2;222;172;90m██[38;2;164;106;16m██  [38;2;0;0;0m██[38;2;0;0;0m██[38;2;0;0;0m██[38;2;164;106;16m██[38;2;164;106;16m██[38;2;164;106;16m██[38;2;164;106;16m██[38;2;164;106;16m██[38;2;164;106;16m██              
[38;2;90;90;90m██[38;2;0;0;0m██[38;2;0;0;0m██[38;2;189;189;197m██[38;2;246;246;255m██[38;2;246;246;255m██[38;2;246;246;255m██[38;2;90;90;90m██[38;2;90;90;90m██[38;2;0;0;0m██                    [38;2;156;24;74m██[38;2;238;156;197m██[38;2;238;156;197m██[38;2;238;156;197m██[38;2;238;156;197m██[38;2;238;156;197m██[38;2;238;156;197m██[38;2;238;156;197m██[38;2;238;156;197m██[38;2;230;123;164m██[38;2;0;0;0m██[38;2;164;106;16m██[38;2;222;172;90m██[38;2;222;172;90m██[38;2;0;0;0m██    [38;2;164;106;16m██[38;2;164;106;16m██[38;2;164;106;16m██[38;2;222;172;90m██[38;2;255;230;98m██[38;2;255;230;98m██[38;2;255;230;98m██[38;2;255;230;98m██[38;2;0;0;0m██              
  [38;2;0;0;0m██[38;2;189;189;197m██[38;2;189;189;197m██[38;2;189;189;197m██[38;2;189;189;197m██[38;2;0;0;0m██[38;2;90;90;90m██                        [38;2;156;24;74m██[38;2;238;156;197m██[38;2;238;156;197m██[38;2;238;156;197m██[38;2;238;156;197m██[38;2;238;156;197m██[38;2;238;156;197m██[38;2;238;156;197m██[38;2;238;156;197m██[38;2;205;82;156m██[38;2;0;0;0m██[38;2;164;106;16m██[38;2;222;172;90m██[38;2;0;0;0m██    [38;2;164;106;16m██[38;2;222;172;90m██[38;2;222;172;90m██[38;2;222;172;90m██[38;2;222;172;90m██[38;2;222;172;90m██[38;2;255;230;98m██[38;2;255;230;98m██[38;2;0;0;0m██                
  [38;2;0;0;0m██[38;2;189;189;197m██[38;2;189;189;197m██[38;2;189;189;197m██[38;2;0;0;0m██                            [38;2;156;24;74m██[38;2;238;156;197m██[38;2;238;156;197m██[38;2;238;156;197m██[38;2;238;156;197m██[38;2;238;156;197m██[38;2;238;156;197m██[38;2;238;156;197m██[38;2;230;123;164m██[38;2;205;82;156m██[38;2;0;0;0m██[38;2;164;106;16m██[38;2;0;0;0m██  [38;2;164;106;16m██[38;2;164;106;16m██[38;2;222;172;90m██[38;2;222;172;90m██[38;2;222;172;90m██[38;2;222;172;90m██[38;2;222;172;90m██[38;2;222;172;90m██[38;2;164;106;16m██[38;2;0;0;0m██                  
  [38;2;0;0;0m██[38;2;189;189;197m██[38;2;189;189;197m██[38;2;0;0;0m██                              [38;2;156;24;74m██[38;2;205;82;156m██[38;2;238;156;197m██[38;2;238;156;197m██[38;2;238;156;197m██[38;2;238;156;197m██[38;2;238;156;197m██[38;2;230;123;164m██[38;2;205;82;156m██[38;2;205;82;156m██[38;2;0;0;0m██[38;2;164;106;16m██[38;2;164;106;16m██[38;2;164;106;16m██[38;2;222;172;90m██[38;2;222;172;90m██[38;2;222;172;90m██[38;2;222;172;90m██[38;2;222;172;90m██[38;2;164;106;16m██[38;2;0;0;0m██[38;2;0;0;0m██                      
    [38;2;0;0;0m██[38;2;189;189;197m██[38;2;0;0;0m██                                [38;2;156;24;74m██[38;2;205;82;156m██[38;2;238;156;197m██[38;2;238;156;197m██[38;2;230;123;164m██[38;2;205;82;156m██[38;2;205;82;156m██[38;2;205;82;156m██[38;2;205;82;156m██[38;2;205;82;156m██[38;2;0;0;0m██[38;2;164;106;16m██[38;2;222;172;90m██[38;2;222;172;90m██[38;2;164;106;16m██[38;2;0;0;0m██[38;2;0;0;0m██[38;2;0;0;0m██                            
      [38;2;0;0;0m██[38;2;0;0;0m██                                [38;2;0;0;0m██[38;2;205;82;156m██[38;2;205;82;156m██[38;2;205;82;156m██[38;2;205;82;156m██[38;2;205;82;156m██[38;2;205;82;156m██[38;2;205;82;156m██[38;2;205;82;156m██[38;2;205;82;156m██[38;2;0;0;0m██[38;2;0;0;0m██[38;2;0;0;0m██[38;2;164;106;16m██                                    
                                          [38;2;0;0;0m██[38;2;205;82;156m██[38;2;156;24;74m██[38;2;0;0;0m██[38;2;0;0;0m██[38;2;0;0;0m██[38;2;156;24;74m██[38;2;205;82;156m██[38;2;205;82;156m██[38;2;205;82;156m██[38;2;0;0;0m██[38;2;164;106;16m██[38;2;222;172;90m██[38;2;222;172;90m██[38;2;164;106;16m██[38;2;164;106;16m██                                
                                          [38;2;156;24;74m██[38;2;205;82;156m██[38;2;205;82;156m██[38;2;0;0;0m██    [38;2;0;0;0m██[38;2;0;0;0m██[38;2;205;82;156m██[38;2;205;82;156m██[38;2;205;82;156m██[38;2;0;0;0m██[38;2;222;172;90m██[38;2;222;172;90m██[38;2;222;172;90m██[38;2;222;172;90m██[38;2;164;106;16m██[38;2;164;106;16m██                            
                                        [38;2;156;24;74m██[38;2;205;82;156m██[38;2;205;82;156m██[38;2;0;0;0m██          [38;2;156;24;74m██[38;2;205;82;156m██[38;2;205;82;156m██[38;2;0;0;0m██[38;2;164;106;16m██[38;2;222;172;90m██[38;2;222;172;90m██[38;2;222;172;90m██[38;2;222;172;90m██[38;2;222;172;90m██[38;2;164;106;16m██[38;2;164;106;16m██                        
                                        [38;2;156;24;74m██[38;2;205;82;156m██[38;2;205;82;156m██[38;2;0;0;0m██          [38;2;0;0;0m██[38;2;205;82;156m██[38;2;205;82;156m██[38;2;0;0;0m██  [38;2;0;0;0m██[38;2;222;172;90m██[38;2;222;172;90m██[38;2;222;172;90m██[38;2;222;172;90m██[38;2;222;172;90m██[38;2;255;230;98m██[38;2;164;106;16m██                      
                                        [38;2;156;24;74m██[38;2;205;82;156m██[38;2;0;0;0m██              [38;2;156;24;74m██[38;2;205;82;156m██[38;2;205;82;156m██[38;2;0;0;0m██  [38;2;0;0;0m██[38;2;164;106;16m██[38;2;222;172;90m██[38;2;222;172;90m██[38;2;255;230;98m██[38;2;255;230;98m██[38;2;255;230;98m██[38;2;164;106;16m██                    
                                      [38;2;156;24;74m██[38;2;205;82;156m██[38;2;205;82;156m██[38;2;0;0;0m██              [38;2;0;0;0m██[38;2;205;82;156m██[38;2;205;82;156m██[38;2;0;0;0m██      [38;2;0;0;0m██[38;2;0;0;0m██[38;2;164;106;16m██[38;2;255;230;98m██[38;2;255;230;98m██[38;2;255;230;98m██[38;2;164;106;16m██                  
                                    [38;2;156;24;74m██[38;2;238;156;197m██[38;2;230;123;164m██[38;2;205;82;156m██[38;2;0;0;0m██                [38;2;156;24;74m██[38;2;205;82;156m██[38;2;205;82;156m██[38;2;0;0;0m██          [38;2;0;0;0m██[38;2;0;0;0m██[38;2;0;0;0m██[38;2;164;106;16m██                  
                                [38;2;0;0;0m██[38;2;0;0;0m██[38;2;238;156;197m██[38;2;238;156;197m██[38;2;238;156;197m██[38;2;205;82;156m██[38;2;205;82;156m██[38;2;0;0;0m██              [38;2;0;0;0m██[38;2;205;82;156m██[38;2;205;82;156m██[38;2;0;0;0m██                                    
                            [38;2;90;90;90m██[38;2;90;90;90m██[38;2;189;189;197m██[38;2;238;156;197m██[38;2;238;156;197m██[38;2;238;156;197m██[38;2;205;82;156m██[38;2;205;82;156m██[38;2;205;82;156m██[38;2;0;0;0m██            [38;2;0;0;0m██[38;2;238;156;197m██[38;2;238;156;197m██[38;2;205;82;156m██[38;2;205;82;156m██[38;2;0;0;0m██[38;2;0;0;0m██                                
                          [38;2;90;90;90m██[38;2;189;189;197m██[38;2;246;246;255m██[38;2;90;90;90m██[38;2;189;189;197m██[38;2;246;246;255m██[38;2;205;82;156m██[38;2;205;82;156m██[38;2;0;0;0m██[38;2;0;0;0m██              [38;2;0;0;0m██[38;2;238;156;197m██[38;2;238;156;197m██[38;2;238;156;197m██[38;2;205;82;156m██[38;2;205;82;156m██[38;2;205;82;156m██[38;2;0;0;0m██                              
                        [38;2;0;0;0m██[38;2;246;246;255m██[38;2;246;246;255m██[38;2;90;90;90m██[38;2;189;189;197m██[38;2;246;246;255m██[38;2;246;246;255m██[38;2;0;0;0m██[38;2;0;0;0m██                  [38;2;0;0;0m██[38;2;205;82;156m██[38;2;205;82;156m██[38;2;189;189;197m██[38;2;246;246;255m██[38;2;205;82;156m██[38;2;246;246;255m██[38;2;246;246;255m██[38;2;0;0;0m██                            
                        [38;2;0;0;0m██[38;2;0;0;0m██[38;2;0;0;0m██[38;2;246;246;255m██[38;2;246;246;255m██[38;2;90;90;90m██[38;2;0;0;0m██                        [38;2;0;0;0m██[38;2;0;0;0m██[38;2;246;246;255m██[38;2;246;246;255m██[38;2;246;246;255m██[38;2;90;90;90m██[38;2;246;246;255m██[38;2;246;246;255m██[38;2;90;90;90m██                          
                            [38;2;0;0;0m██[38;2;0;0;0m██[38;2;0;0;0m██                                [38;2;0;0;0m██[38;2;0;0;0m██[38;2;189;189;197m██[38;2;90;90;90m██[38;2;0;0;0m██[38;2;189;189;197m██[38;2;0;0;0m██                          
                                                                      [38;2;0;0;0m██[38;2;0;0;0m██  [38;2;0;0;0m██[38;2;0;0;0m██                          
