                                      [38;2;25;102;148m██[38;2;25;102;148m██[38;2;25;102;148m██                            
                                  [38;2;25;102;148m██[38;2;25;102;148m██[38;2;236;122;172m██[38;2;236;122;172m██[38;2;236;122;172m██[38;2;157;83;122m██                          
                                [38;2;25;102;148m██[38;2;26;202;210m██[38;2;236;122;172m██[38;2;236;122;172m██[38;2;236;122;172m██[38;2;236;122;172m██[38;2;157;83;122m██                          
                              [38;2;25;102;148m██[38;2;26;202;210m██[38;2;236;122;172m██[38;2;236;122;172m██[38;2;236;122;172m██[38;2;236;122;172m██[38;2;236;122;172m██[38;2;157;83;122m██                          
                            [38;2;25;102;148m██[38;2;26;202;210m██[38;2;26;202;210m██[38;2;236;122;172m██[38;2;236;122;172m██[38;2;236;122;172m██[38;2;236;122;172m██[38;2;236;122;172m██[38;2;157;83;122m██                          
                            [38;2;25;102;148m██[38;2;26;202;210m██[38;2;236;122;172m██[38;2;236;122;172m██[38;2;236;122;172m██[38;2;236;122;172m██[38;2;236;122;172m██[38;2;157;83;122m██                            
                          [38;2;25;102;148m██[38;2;26;202;210m██[38;2;26;202;210m██[38;2;236;122;172m██[38;2;236;122;172m██[38;2;236;122;172m██[38;2;236;122;172m██[38;2;236;122;172m██[38;2;157;83;122m██                            
                          [38;2;25;102;148m██[38;2;26;202;210m██[38;2;26;202;210m██[38;2;236;122;172m██[38;2;236;122;172m██[38;2;236;122;172m██[38;2;236;122;172m██[38;2;157;83;122m██                              
                          [38;2;25;102;148m██[38;2;26;202;210m██[38;2;236;122;172m██[38;2;236;122;172m██[38;2;236;122;172m██[38;2;236;122;172m██[38;2;157;83;122m██[38;2;157;83;122m██                              
                        [38;2;25;102;148m██[38;2;26;202;210m██[38;2;26;202;210m██[38;2;236;122;172m██[38;2;236;122;172m██[38;2;236;122;172m██[38;2;236;122;172m██[38;2;236;122;172m██[38;2;236;122;172m██[38;2;157;83;122m██                            
                        [38;2;25;102;148m██[38;2;26;202;210m██[38;2;26;202;210m██[38;2;236;122;172m██[38;2;236;122;172m██[38;2;236;122;172m██[38;2;236;122;172m██[38;2;236;122;172m██[38;2;236;122;172m██[38;2;157;83;122m██                            
                        [38;2;25;102;148m██[38;2;26;202;210m██[38;2;26;202;210m██[38;2;236;122;172m██[38;2;236;122;172m██[38;2;236;122;172m██[38;2;236;122;172m██[38;2;236;122;172m██[38;2;236;122;172m██[38;2;157;83;122m██                            
                        [38;2;25;102;148m██[38;2;26;202;210m██[38;2;26;202;210m██[38;2;236;122;172m██[38;2;236;122;172m██[38;2;236;122;172m██[38;2;236;122;172m██[38;2;236;122;172m██[38;2;157;83;122m██                              
                        [38;2;25;102;148m██[38;2;26;202;210m██[38;2;26;202;210m██[38;2;236;122;172m██[38;2;236;122;172m██[38;2;236;122;172m██[38;2;157;83;122m██[38;2;157;83;122m██                                
                      [38;2;75;98;139m██[38;2;75;98;139m██[38;2;75;98;139m██[38;2;75;98;139m██[38;2;75;98;139m██[38;2;75;98;139m██[38;2;75;98;139m██                                    
                  [38;2;75;98;139m██[38;2;75;98;139m██[38;2;136;191;199m██[38;2;136;191;199m██[38;2;136;191;199m██[38;2;136;191;199m██[38;2;136;191;199m██[38;2;136;191;199m██[38;2;136;191;199m██[38;2;75;98;139m██[38;2;75;98;139m██                                
              [38;2;75;98;139m██[38;2;75;98;139m██[38;2;136;191;199m██[38;2;136;191;199m██[38;2;136;191;199m██[38;2;136;191;199m██[38;2;136;191;199m██[38;2;136;191;199m██[38;2;136;191;199m██[38;2;136;191;199m██[38;2;136;191;199m██[38;2;136;191;199m██[38;2;136;191;199m██[38;2;75;98;139m██[38;2;75;98;139m██                            
            [38;2;75;98;139m██[38;2;136;191;199m██[38;2;190;220;225m██[38;2;190;220;225m██[38;2;136;191;199m██[38;2;136;191;199m██[38;2;136;191;199m██[38;2;136;191;199m██[38;2;136;191;199m██[38;2;136;191;199m██[38;2;136;191;199m██[38;2;136;191;199m██[38;2;136;191;199m██[38;2;136;191;199m██[38;2;136;191;199m██[38;2;136;191;199m██[38;2;75;98;139m██                          
          [38;2;75;98;139m██[38;2;136;191;199m██[38;2;136;191;199m██[38;2;190;220;225m██[38;2;136;191;199m██[38;2;136;191;199m██[38;2;136;191;199m██[38;2;136;191;199m██[38;2;136;191;199m██[38;2;136;191;199m██[38;2;136;191;199m██[38;2;136;191;199m██[38;2;136;191;199m██[38;2;136;191;199m██[38;2;136;191;199m██[38;2;136;191;199m██[38;2;136;191;199m██[38;2;136;191;199m██[38;2;75;98;139m██                        
          [38;2;75;98;139m██[38;2;113;139;147m██[38;2;136;191;199m██[38;2;136;191;199m██[38;2;136;191;199m██[38;2;100;152;171m██[38;2;136;191;199m██[38;2;136;191;199m██[38;2;136;191;199m██[38;2;136;191;199m██[38;2;136;191;199m██[38;2;113;139;147m██[38;2;113;139;147m██[38;2;113;139;147m██[38;2;136;191;199m██[38;2;136;191;199m██[38;2;136;191;199m██[38;2;136;191;199m██[38;2;75;98;139m██                        
        [38;2;75;98;139m██[38;2;251;251;251m██[38;2;251;251;251m██[38;2;113;139;147m██[38;2;136;191;199m██[38;2;136;191;199m██[38;2;100;152;171m██[38;2;100;152;171m██[38;2;136;191;199m██[38;2;136;191;199m██[38;2;136;191;199m██[38;2;113;139;147m██[38;2;251;251;251m██[38;2;251;251;251m██[38;2;251;251;251m██[38;2;113;139;147m██[38;2;136;191;199m██[38;2;136;191;199m██[38;2;136;191;199m██[38;2;136;191;199m██[38;2;75;98;139m██                      
        [38;2;75;98;139m██[38;2;209;215;218m██[38;2;26;202;210m██[38;2;113;139;147m██[38;2;136;191;199m██[38;2;100;152;171m██[38;2;210;231;236m██[38;2;100;152;171m██[38;2;136;191;199m██[38;2;136;191;199m██[38;2;136;191;199m██[38;2;209;215;218m██[38;2;26;202;210m██[38;2;209;215;218m██[38;2;251;251;251m██[38;2;209;215;218m██[38;2;136;191;199m██[38;2;136;191;199m██[38;2;136;191;199m██[38;2;136;191;199m██[38;2;75;98;139m██[38;2;75;98;139m██[38;2;75;98;139m██[38;2;75;98;139m██[38;2;75;98;139m██[38;2;75;98;139m██[38;2;75;98;139m██          
      [38;2;75;98;139m██[38;2;251;251;251m██[38;2;26;202;210m██[38;2;209;215;218m██[38;2;25;102;148m██[38;2;136;191;199m██[38;2;100;152;171m██[38;2;210;231;236m██[38;2;210;231;236m██[38;2;100;152;171m██[38;2;136;191;199m██[38;2;113;139;147m██[38;2;26;202;210m██[38;2;209;215;218m██[38;2;26;202;210m██[38;2;251;251;251m██[38;2;251;251;251m██[38;2;113;139;147m██[38;2;136;191;199m██[38;2;136;191;199m██[38;2;136;191;199m██[38;2;136;191;199m██[38;2;75;98;139m██[38;2;136;191;199m██[38;2;136;191;199m██[38;2;136;191;199m██[38;2;136;191;199m██[38;2;136;191;199m██[38;2;75;98;139m██[38;2;75;98;139m██      
      [38;2;75;98;139m██[38;2;251;251;251m██[38;2;26;202;210m██[38;2;26;202;210m██[38;2;25;102;148m██[38;2;100;152;171m██[38;2;210;231;236m██[38;2;210;231;236m██[38;2;210;231;236m██[38;2;100;152;171m██[38;2;136;191;199m██[38;2;113;139;147m██[38;2;25;102;148m██[38;2;26;202;210m██[38;2;25;102;148m██[38;2;251;251;251m██[38;2;251;251;251m██[38;2;113;139;147m██[38;2;136;191;199m██[38;2;136;191;199m██[38;2;136;191;199m██[38;2;136;191;199m██[38;2;75;98;139m██[38;2;136;191;199m██[38;2;136;191;199m██[38;2;136;191;199m██[38;2;136;191;199m██[38;2;136;191;199m██[38;2;136;191;199m██[38;2;100;152;171m██[38;2;75;98;139m██    
      [38;2;75;98;139m██[38;2;251;251;251m██[38;2;25;102;148m██[38;2;251;251;251m██[38;2;159;186;193m██[38;2;210;231;236m██[38;2;210;231;236m██[38;2;210;231;236m██[38;2;210;231;236m██[38;2;210;231;236m██[38;2;100;152;171m██[38;2;113;139;147m██[38;2;25;102;148m██[38;2;251;251;251m██[38;2;26;202;210m██[38;2;251;251;251m██[38;2;251;251;251m██[38;2;113;139;147m██[38;2;136;191;199m██[38;2;136;191;199m██[38;2;136;191;199m██[38;2;136;191;199m██[38;2;75;98;139m██[38;2;136;191;199m██[38;2;136;191;199m██[38;2;136;191;199m██[38;2;136;191;199m██[38;2;136;191;199m██[38;2;136;191;199m██[38;2;136;191;199m██[38;2;100;152;171m██[38;2;75;98;139m██  
      [38;2;75;98;139m██[38;2;251;251;251m██[38;2;209;215;218m██[38;2;113;139;147m██[38;2;210;231;236m██[38;2;210;231;236m██[38;2;210;231;236m██[38;2;210;231;236m██[38;2;210;231;236m██[38;2;210;231;236m██[38;2;210;231;236m██[38;2;159;186;193m██[38;2;209;215;218m██[38;2;26;202;210m██[38;2;209;215;218m██[38;2;251;251;251m██[38;2;209;215;218m██[38;2;26;202;210m██[38;2;100;152;171m██[38;2;136;191;199m██[38;2;136;191;199m██[38;2;136;191;199m██[38;2;16;16;16m██[38;2;136;191;199m██[38;2;136;191;199m██[38;2;136;191;199m██[38;2;136;191;199m██[38;2;136;191;199m██[38;2;136;191;199m██[38;2;136;191;199m██[38;2;136;191;199m██[38;2;75;98;139m██  
      [38;2;16;16;16m██[38;2;113;139;147m██[38;2;113;139;147m██[38;2;159;186;193m██[38;2;210;231;236m██[38;2;159;186;193m██[38;2;210;231;236m██[38;2;210;231;236m██[38;2;159;186;193m██[38;2;210;231;236m██[38;2;210;231;236m██[38;2;210;231;236m██[38;2;113;139;147m██[38;2;251;251;251m██[38;2;251;251;251m██[38;2;251;251;251m██[38;2;113;139;147m██[38;2;26;202;210m██[38;2;26;202;210m██[38;2;136;191;199m██[38;2;136;191;199m██[38;2;100;152;171m██[38;2;16;16;16m██[38;2;25;102;148m██[38;2;25;102;148m██[38;2;25;102;148m██[38;2;136;191;199m██[38;2;136;191;199m██[38;2;136;191;199m██[38;2;136;191;199m██[38;2;136;191;199m██[38;2;100;152;171m██[38;2;16;16;16m██
      [38;2;16;16;16m██[38;2;26;202;210m██[38;2;159;186;193m██[38;2;210;231;236m██[38;2;210;231;236m██[38;2;210;231;236m██[38;2;210;231;236m██[38;2;210;231;236m██[38;2;210;231;236m██[38;2;210;231;236m██[38;2;210;231;236m██[38;2;210;231;236m██[38;2;159;186;193m██[38;2;113;139;147m██[38;2;113;139;147m██[38;2;113;139;147m██[38;2;26;202;210m██[38;2;26;202;210m██[38;2;26;202;210m██[38;2;100;152;171m██[38;2;100;152;171m██[38;2;16;16;16m██[38;2;26;202;210m██[38;2;26;202;210m██[38;2;26;202;210m██[38;2;26;202;210m██[38;2;25;102;148m██[38;2;136;191;199m██[38;2;136;191;199m██[38;2;136;191;199m██[38;2;136;191;199m██[38;2;100;152;171m██[38;2;16;16;16m██
        [38;2;26;202;210m██[38;2;159;186;193m██[38;2;210;231;236m██[38;2;210;231;236m██[38;2;113;139;147m██[38;2;113;139;147m██[38;2;113;139;147m██[38;2;113;139;147m██[38;2;113;139;147m██[38;2;113;139;147m██[38;2;113;139;147m██[38;2;159;186;193m██[38;2;159;186;193m██[38;2;159;186;193m██[38;2;159;186;193m██[38;2;26;202;210m██[38;2;26;202;210m██[38;2;159;186;193m██[38;2;100;152;171m██[38;2;100;152;171m██[38;2;16;16;16m██[38;2;26;202;210m██[38;2;26;202;210m██[38;2;26;202;210m██[38;2;26;202;210m██[38;2;26;202;210m██[38;2;25;102;148m██[38;2;136;191;199m██[38;2;136;191;199m██[38;2;136;191;199m██[38;2;100;152;171m██[38;2;16;16;16m██
        [38;2;16;16;16m██[38;2;159;186;193m██[38;2;113;139;147m██[38;2;113;139;147m██[38;2;159;186;193m██[38;2;159;186;193m██[38;2;159;186;193m██[38;2;159;186;193m██[38;2;159;186;193m██[38;2;159;186;193m██[38;2;159;186;193m██[38;2;113;139;147m██[38;2;113;139;147m██[38;2;113;139;147m██[38;2;159;186;193m██[38;2;159;186;193m██[38;2;159;186;193m██[38;2;159;186;193m██[38;2;159;186;193m██[38;2;16;16;16m██[38;2;26;202;210m██[38;2;26;202;210m██[38;2;26;202;210m██[38;2;26;202;210m██[38;2;26;202;210m██[38;2;26;202;210m██[38;2;25;102;148m██[38;2;136;191;199m██[38;2;136;191;199m██[38;2;100;152;171m██[38;2;100;152;171m██[38;2;16;16;16m██
          [38;2;16;16;16m██[38;2;16;16;16m██[38;2;159;186;193m██[38;2;159;186;193m██[38;2;159;186;193m██[38;2;159;186;193m██[38;2;159;186;193m██[38;2;159;186;193m██[38;2;159;186;193m██[38;2;159;186;193m██[38;2;159;186;193m██[38;2;159;186;193m██[38;2;159;186;193m██[38;2;113;139;147m██[38;2;113;139;147m██[38;2;159;186;193m██[38;2;16;16;16m██[38;2;16;16;16m██[38;2;25;102;148m██[38;2;26;202;210m██[38;2;26;202;210m██[38;2;26;202;210m██[38;2;26;202;210m██[38;2;26;202;210m██[38;2;26;202;210m██[38;2;25;102;148m██[38;2;100;152;171m██[38;2;100;152;171m██[38;2;100;152;171m██[38;2;100;152;171m██[38;2;16;16;16m██
              [38;2;16;16;16m██[38;2;16;16;16m██[38;2;159;186;193m██[38;2;159;186;193m██[38;2;159;186;193m██[38;2;159;186;193m██[38;2;159;186;193m██[38;2;159;186;193m██[38;2;159;186;193m██[38;2;159;186;193m██[38;2;159;186;193m██[38;2;159;186;193m██[38;2;16;16;16m██[38;2;16;16;16m██[38;2;100;152;171m██[38;2;100;152;171m██[38;2;25;102;148m██[38;2;26;202;210m██[38;2;26;202;210m██[38;2;26;202;210m██[38;2;26;202;210m██[38;2;26;202;210m██[38;2;26;202;210m██[38;2;25;102;148m██[38;2;100;152;171m██[38;2;100;152;171m██[38;2;100;152;171m██[38;2;100;152;171m██[38;2;16;16;16m██
                  [38;2;16;16;16m██[38;2;16;16;16m██[38;2;16;16;16m██[38;2;159;186;193m██[38;2;159;186;193m██[38;2;159;186;193m██[38;2;16;16;16m██[38;2;16;16;16m██[38;2;16;16;16m██[38;2;16;16;16m██[38;2;16;16;16m██[38;2;100;152;171m██[38;2;100;152;171m██[38;2;100;152;171m██[38;2;100;152;171m██[38;2;25;102;148m██[38;2;26;202;210m██[38;2;26;202;210m██[38;2;26;202;210m██[38;2;26;202;210m██[38;2;75;98;139m██[38;2;100;152;171m██[38;2;100;152;171m██[38;2;100;152;171m██[38;2;100;152;171m██[38;2;100;152;171m██[38;2;16;16;16m██
                  [38;2;75;98;139m██[38;2;113;139;147m██[38;2;159;186;193m██[38;2;159;186;193m██[38;2;159;186;193m██[38;2;159;186;193m██[38;2;159;186;193m██[38;2;159;186;193m██[38;2;100;152;171m██[38;2;100;152;171m██[38;2;100;152;171m██[38;2;16;16;16m██[38;2;100;152;171m██[38;2;100;152;171m██[38;2;100;152;171m██[38;2;100;152;171m██[38;2;25;102;148m██[38;2;25;102;148m██[38;2;25;102;148m██[38;2;25;102;148m██[38;2;75;98;139m██[38;2;100;152;171m██[38;2;100;152;171m██[38;2;100;152;171m██[38;2;100;152;171m██[38;2;16;16;16m██  
                [38;2;75;98;139m██[38;2;100;152;171m██[38;2;113;139;147m██[38;2;159;186;193m██[38;2;159;186;193m██[38;2;159;186;193m██[38;2;75;98;139m██[38;2;75;98;139m██[38;2;75;98;139m██[38;2;159;186;193m██[38;2;100;152;171m██[38;2;100;152;171m██[38;2;100;152;171m██[38;2;16;16;16m██[38;2;100;152;171m██[38;2;100;152;171m██[38;2;100;152;171m██[38;2;100;152;171m██[38;2;100;152;171m██[38;2;100;152;171m██[38;2;75;98;139m██[38;2;100;152;171m██[38;2;100;152;171m██[38;2;100;152;171m██[38;2;100;152;171m██[38;2;100;152;171m██[38;2;16;16;16m██  
  [38;2;75;98;139m██[38;2;75;98;139m██      [38;2;75;98;139m██[38;2;75;98;139m██[38;2;100;152;171m██[38;2;113;139;147m██[38;2;210;231;236m██[38;2;210;231;236m██[38;2;210;231;236m██[38;2;210;231;236m██[38;2;75;98;139m██[38;2;136;191;199m██[38;2;136;191;199m██[38;2;75;98;139m██[38;2;100;152;171m██[38;2;75;98;139m██[38;2;136;191;199m██[38;2;16;16;16m██[38;2;75;98;139m██[38;2;100;152;171m██[38;2;100;152;171m██[38;2;100;152;171m██[38;2;75;98;139m██[38;2;75;98;139m██[38;2;100;152;171m██[38;2;100;152;171m██[38;2;100;152;171m██[38;2;100;152;171m██[38;2;100;152;171m██[38;2;16;16;16m██    
[38;2;75;98;139m██[38;2;136;191;199m██[38;2;136;191;199m██[38;2;75;98;139m██[38;2;75;98;139m██[38;2;75;98;139m██[38;2;136;191;199m██[38;2;136;191;199m██[38;2;16;16;16m██[38;2;113;139;147m██[38;2;210;231;236m██[38;2;210;231;236m██[38;2;210;231;236m██[38;2;210;231;236m██[38;2;210;231;236m██[38;2;75;98;139m██[38;2;75;98;139m██[38;2;136;191;199m██[38;2;75;98;139m██[38;2;75;98;139m██[38;2;136;191;199m██[38;2;16;16;16m██[38;2;100;152;171m██[38;2;75;98;139m██[38;2;75;98;139m██[38;2;75;98;139m██[38;2;100;152;171m██[38;2;100;152;171m██[38;2;100;152;171m██[38;2;100;152;171m██[38;2;100;152;171m██[38;2;100;152;171m██[38;2;100;152;171m██[38;2;16;16;16m██    
[38;2;16;16;16m██[38;2;16;16;16m██[38;2;75;98;139m██[38;2;136;191;199m██[38;2;136;191;199m██[38;2;136;191;199m██[38;2;16;16;16m██[38;2;16;16;16m██[38;2;100;152;171m██[38;2;16;16;16m██[38;2;210;231;236m██[38;2;210;231;236m██[38;2;210;231;236m██[38;2;210;231;236m██[38;2;210;231;236m██[38;2;210;231;236m██[38;2;75;98;139m██[38;2;136;191;199m██[38;2;136;191;199m██[38;2;136;191;199m██[38;2;16;16;16m██[38;2;100;152;171m██[38;2;16;16;16m██[38;2;100;152;171m██[38;2;100;152;171m██[38;2;100;152;171m██[38;2;100;152;171m██[38;2;100;152;171m██[38;2;100;152;171m██[38;2;100;152;171m██[38;2;100;152;171m██[38;2;100;152;171m██[38;2;16;16;16m██      
    [38;2;75;98;139m██[38;2;136;191;199m██[38;2;16;16;16m██[38;2;16;16;16m██[38;2;75;98;139m██[38;2;100;152;171m██[38;2;100;152;171m██[38;2;16;16;16m██[38;2;159;186;193m██[38;2;210;231;236m██[38;2;210;231;236m██[38;2;210;231;236m██[38;2;210;231;236m██[38;2;210;231;236m██[38;2;75;98;139m██[38;2;136;191;199m██[38;2;16;16;16m██[38;2;16;16;16m██[38;2;100;152;171m██[38;2;100;152;171m██[38;2;100;152;171m██[38;2;16;16;16m██[38;2;100;152;171m██[38;2;100;152;171m██[38;2;100;152;171m██[38;2;100;152;171m██[38;2;100;152;171m██[38;2;100;152;171m██[38;2;100;152;171m██[38;2;16;16;16m██        
    [38;2;75;98;139m██[38;2;136;191;199m██[38;2;16;16;16m██  [38;2;75;98;139m██[38;2;100;152;171m██[38;2;100;152;171m██[38;2;75;98;139m██[38;2;75;98;139m██[38;2;159;186;193m██[38;2;159;186;193m██[38;2;159;186;193m██[38;2;159;186;193m██[38;2;75;98;139m██[38;2;136;191;199m██[38;2;16;16;16m██[38;2;100;152;171m██[38;2;100;152;171m██[38;2;16;16;16m██[38;2;100;152;171m██[38;2;100;152;171m██[38;2;16;16;16m██[38;2;100;152;171m██[38;2;100;152;171m██[38;2;100;152;171m██[38;2;100;152;171m██[38;2;100;152;171m██[38;2;16;16;16m██[38;2;16;16;16m██          
      [38;2;16;16;16m██      [38;2;75;98;139m██[38;2;100;152;171m██[38;2;100;152;171m██[38;2;16;16;16m██[38;2;75;98;139m██[38;2;100;152;171m██[38;2;100;152;171m██[38;2;100;152;171m██[38;2;16;16;16m██[38;2;16;16;16m██[38;2;100;152;171m██[38;2;100;152;171m██[38;2;75;98;139m██[38;2;16;16;16m██[38;2;16;16;16m██[38;2;100;152;171m██[38;2;16;16;16m██[38;2;16;16;16m██[38;2;16;16;16m██[38;2;16;16;16m██[38;2;16;16;16m██[38;2;16;16;16m██              
            [38;2;75;98;139m██[38;2;75;98;139m██[38;2;75;98;139m██[38;2;100;152;171m██[38;2;100;152;171m██[38;2;16;16;16m██[38;2;16;16;16m██[38;2;100;152;171m██[38;2;100;152;171m██[38;2;100;152;171m██[38;2;100;152;171m██[38;2;100;152;171m██[38;2;75;98;139m██[38;2;16;16;16m██[38;2;100;152;171m██[38;2;75;98;139m██[38;2;100;152;171m██[38;2;16;16;16m██                        
        [38;2;75;98;139m██[38;2;75;98;139m██[38;2;136;191;199m██[38;2;136;191;199m██[38;2;100;152;171m██[38;2;100;152;171m██[38;2;16;16;16m██[38;2;16;16;16m██  [38;2;16;16;16m██[38;2;16;16;16m██[38;2;16;16;16m██[38;2;16;16;16m██[38;2;16;16;16m██[38;2;16;16;16m██[38;2;100;152;171m██[38;2;100;152;171m██[38;2;100;152;171m██[38;2;136;191;199m██[38;2;75;98;139m██                        
      [38;2;75;98;139m██[38;2;136;191;199m██[38;2;136;191;199m██[38;2;75;98;139m██[38;2;16;16;16m██[38;2;16;16;16m██[38;2;16;16;16m██                  [38;2;16;16;16m██[38;2;16;16;16m██[38;2;16;16;16m██[38;2;136;191;199m██[38;2;136;191;199m██[38;2;75;98;139m██[38;2;75;98;139m██                    
      [38;2;16;16;16m██[38;2;16;16;16m██[38;2;16;16;16m██                                [38;2;16;16;16m██[38;2;16;16;16m██[38;2;136;191;199m██[38;2;136;191;199m██[38;2;75;98;139m██                  
                                                [38;2;16;16;16m██[38;2;16;16;16m██[38;2;16;16;16m██                  
