                        [38;2;32;131;139m██[38;2;32;131;139m██[38;2;32;131;139m██[38;2;32;131;139m██[38;2;32;131;139m██[38;2;32;131;139m██                        
                  [38;2;32;131;139m██[38;2;32;131;139m██[38;2;32;131;139m██[38;2;90;180;172m██[38;2;90;180;172m██[38;2;90;180;172m██[38;2;90;180;172m██[38;2;90;180;172m██[38;2;90;180;172m██[38;2;32;131;139m██[38;2;32;131;139m██[38;2;32;131;139m██                  
              [38;2;32;131;139m██[38;2;32;131;139m██[38;2;90;180;172m██[38;2;90;180;172m██[38;2;90;180;172m██[38;2;90;180;172m██[38;2;90;180;172m██[38;2;90;180;172m██[38;2;90;180;172m██[38;2;90;180;172m██[38;2;90;180;172m██[38;2;90;180;172m██[38;2;90;180;172m██[38;2;90;180;172m██[38;2;32;131;139m██[38;2;32;131;139m██              
            [38;2;32;131;139m██[38;2;90;180;172m██[38;2;90;180;172m██[38;2;90;180;172m██[38;2;139;222;255m██[38;2;139;222;255m██[38;2;90;180;172m██[38;2;90;180;172m██[38;2;90;180;172m██[38;2;90;180;172m██[38;2;90;180;172m██[38;2;90;180;172m██[38;2;90;180;172m██[38;2;90;180;172m██[38;2;90;180;172m██[38;2;90;180;172m██[38;2;90;180;172m██[38;2;32;131;139m██            
          [38;2;32;131;139m██[38;2;90;180;172m██[38;2;90;180;172m██[38;2;255;255;255m██[38;2;255;255;255m██[38;2;255;255;255m██[38;2;139;222;255m██[38;2;98;115;82m██[38;2;98;115;82m██[38;2;98;115;82m██[38;2;90;180;172m██[38;2;90;180;172m██[38;2;90;180;172m██[38;2;90;180;172m██[38;2;90;180;172m██[38;2;90;180;172m██[38;2;90;180;172m██[38;2;90;180;172m██[38;2;90;180;172m██[38;2;32;131;139m██          
        [38;2;32;131;139m██[38;2;90;180;172m██[38;2;90;180;172m██[38;2;255;255;255m██[38;2;255;255;255m██[38;2;255;255;255m██[38;2;255;255;255m██[38;2;222;230;172m██[38;2;222;230;172m██[38;2;222;230;172m██[38;2;222;230;172m██[38;2;98;115;82m██[38;2;16;16;16m██[38;2;16;16;16m██[38;2;16;16;16m██[38;2;16;16;16m██[38;2;90;180;172m██[38;2;90;180;172m██[38;2;197;98;148m██[38;2;197;98;148m██[38;2;197;98;148m██[38;2;32;131;139m██        
      [38;2;32;131;139m██[38;2;90;180;172m██[38;2;90;180;172m██[38;2;139;222;255m██[38;2;255;255;255m██[38;2;255;255;255m██[38;2;255;255;255m██[38;2;222;230;172m██[38;2;222;230;172m██[38;2;222;230;172m██[38;2;222;230;172m██[38;2;98;115;82m██[38;2;16;16;16m██[38;2;222;230;172m██[38;2;222;230;172m██[38;2;222;230;172m██[38;2;222;156;148m██[38;2;222;156;148m██[38;2;16;16;16m██[38;2;246;222;180m██[38;2;246;222;180m██[38;2;16;16;16m██[38;2;90;180;172m██[38;2;32;131;139m██      
    [38;2;32;131;139m██[38;2;90;180;172m██[38;2;90;180;172m██[38;2;90;180;172m██[38;2;139;222;255m██[38;2;139;222;255m██[38;2;222;230;172m██[38;2;222;230;172m██[38;2;222;230;172m██[38;2;222;230;172m██[38;2;222;230;172m██[38;2;172;172;123m██[38;2;222;230;172m██[38;2;222;230;172m██[38;2;222;230;172m██[38;2;222;230;172m██[38;2;197;98;148m██[38;2;246;222;180m██[38;2;16;16;16m██[38;2;246;222;180m██[38;2;246;222;180m██[38;2;16;16;16m██[38;2;222;156;148m██[38;2;197;98;148m██[38;2;90;180;172m██[38;2;32;131;139m██    
    [38;2;32;131;139m██[38;2;90;180;172m██[38;2;90;180;172m██[38;2;90;180;172m██[38;2;98;115;82m██[38;2;222;230;172m██[38;2;222;230;172m██[38;2;222;230;172m██[38;2;222;230;172m██[38;2;222;230;172m██[38;2;222;230;172m██[38;2;222;230;172m██[38;2;222;230;172m██[38;2;222;230;172m██[38;2;222;230;172m██[38;2;222;230;172m██[38;2;197;98;148m██[38;2;246;222;180m██[38;2;16;16;16m██[38;2;246;222;180m██[38;2;246;222;180m██[38;2;197;98;148m██[38;2;222;156;148m██[38;2;16;16;16m██[38;2;90;180;172m██[38;2;32;131;139m██    
  [38;2;32;131;139m██[38;2;90;180;172m██[38;2;90;180;172m██[38;2;90;180;172m██[38;2;98;115;82m██[38;2;222;230;172m██[38;2;222;230;172m██[38;2;222;230;172m██[38;2;222;230;172m██[38;2;222;230;172m██[38;2;222;230;172m██[38;2;222;230;172m██[38;2;222;230;172m██[38;2;222;230;172m██[38;2;222;230;172m██[38;2;222;230;172m██[38;2;222;230;172m██[38;2;16;16;16m██[38;2;246;222;180m██[38;2;197;98;148m██[38;2;222;156;148m██[38;2;246;222;180m██[38;2;246;222;180m██[38;2;222;156;148m██[38;2;16;16;16m██[38;2;90;180;172m██[38;2;90;180;172m██[38;2;32;131;139m██  
  [38;2;32;131;139m██[38;2;90;180;172m██[38;2;90;180;172m██[38;2;90;180;172m██[38;2;98;115;82m██[38;2;172;172;123m██[38;2;16;16;16m██[38;2;172;172;123m██[38;2;222;230;172m██[38;2;222;230;172m██[38;2;222;230;172m██[38;2;148;49;74m██[38;2;222;230;172m██[38;2;222;230;172m██[38;2;222;230;172m██[38;2;222;230;172m██[38;2;222;230;172m██[38;2;16;16;16m██[38;2;222;156;148m██[38;2;246;222;180m██[38;2;197;98;148m██[38;2;222;156;148m██[38;2;222;156;148m██[38;2;16;16;16m██[38;2;90;180;172m██[38;2;90;180;172m██[38;2;90;180;172m██[38;2;32;131;139m██  
[38;2;49;98;123m██[38;2;90;180;172m██[38;2;90;180;172m██[38;2;90;180;172m██[38;2;98;115;82m██[38;2;222;230;172m██[38;2;16;16;16m██[38;2;16;16;16m██[38;2;16;16;16m██[38;2;222;230;172m██[38;2;222;230;172m██[38;2;148;49;74m██[38;2;197;65;82m██[38;2;172;172;123m██[38;2;222;230;172m██[38;2;222;230;172m██[38;2;222;230;172m██[38;2;222;230;172m██[38;2;222;230;172m██[38;2;16;16;16m██[38;2;222;156;148m██[38;2;246;222;180m██[38;2;197;98;148m██[38;2;197;98;148m██[38;2;90;180;172m██[38;2;90;180;172m██[38;2;90;180;172m██[38;2;90;180;172m██[38;2;90;180;172m██[38;2;32;131;139m██
[38;2;49;98;123m██[38;2;90;180;172m██[38;2;90;180;172m██[38;2;90;180;172m██[38;2;98;115;82m██[38;2;222;230;172m██[38;2;16;16;16m██[38;2;16;16;16m██[38;2;16;16;16m██[38;2;222;230;172m██[38;2;148;49;74m██[38;2;197;65;82m██[38;2;197;65;82m██[38;2;148;49;74m██[38;2;222;230;172m██[38;2;222;230;172m██[38;2;222;230;172m██[38;2;222;230;172m██[38;2;222;230;172m██[38;2;222;230;172m██[38;2;16;16;16m██[38;2;16;16;16m██[38;2;16;16;16m██[38;2;222;230;172m██[38;2;98;115;82m██[38;2;90;180;172m██[38;2;90;180;172m██[38;2;90;180;172m██[38;2;90;180;172m██[38;2;32;131;139m██
[38;2;49;98;123m██[38;2;90;180;172m██[38;2;90;180;172m██[38;2;90;180;172m██[38;2;98;115;82m██[38;2;222;230;172m██[38;2;172;172;123m██[38;2;16;16;16m██[38;2;172;172;123m██[38;2;148;49;74m██[38;2;197;65;82m██[38;2;197;65;82m██[38;2;197;65;82m██[38;2;197;65;82m██[38;2;172;172;123m██[38;2;222;230;172m██[38;2;172;172;123m██[38;2;16;16;16m██[38;2;172;172;123m██[38;2;222;230;172m██[38;2;222;230;172m██[38;2;222;230;172m██[38;2;222;230;172m██[38;2;222;230;172m██[38;2;16;16;16m██[38;2;90;180;172m██[38;2;90;180;172m██[38;2;90;180;172m██[38;2;90;180;172m██[38;2;32;131;139m██
[38;2;49;98;123m██[38;2;90;180;172m██[38;2;90;180;172m██[38;2;90;180;172m██[38;2;16;16;16m██[38;2;197;205;148m██[38;2;222;230;172m██[38;2;222;230;172m██[38;2;222;230;172m██[38;2;222;230;172m██[38;2;148;49;74m██[38;2;197;65;82m██[38;2;197;65;82m██[38;2;197;65;82m██[38;2;148;49;74m██[38;2;222;230;172m██[38;2;16;16;16m██[38;2;16;16;16m██[38;2;16;16;16m██[38;2;222;230;172m██[38;2;222;230;172m██[38;2;222;230;172m██[38;2;222;230;172m██[38;2;222;230;172m██[38;2;16;16;16m██[38;2;90;180;172m██[38;2;90;180;172m██[38;2;90;180;172m██[38;2;90;180;172m██[38;2;32;131;139m██
[38;2;49;98;123m██[38;2;90;180;172m██[38;2;90;180;172m██[38;2;90;180;172m██[38;2;16;16;16m██[38;2;172;172;123m██[38;2;197;205;148m██[38;2;222;230;172m██[38;2;222;230;172m██[38;2;222;230;172m██[38;2;172;172;123m██[38;2;197;65;82m██[38;2;197;65;82m██[38;2;148;49;74m██[38;2;222;230;172m██[38;2;222;230;172m██[38;2;16;16;16m██[38;2;16;16;16m██[38;2;16;16;16m██[38;2;222;230;172m██[38;2;222;230;172m██[38;2;222;230;172m██[38;2;222;230;172m██[38;2;197;205;148m██[38;2;16;16;16m██[38;2;90;180;172m██[38;2;90;180;172m██[38;2;90;180;172m██[38;2;90;180;172m██[38;2;32;131;139m██
[38;2;49;98;123m██[38;2;90;180;172m██[38;2;90;180;172m██[38;2;90;180;172m██[38;2;16;16;16m██[38;2;172;172;123m██[38;2;172;172;123m██[38;2;197;205;148m██[38;2;222;230;172m██[38;2;222;230;172m██[38;2;222;230;172m██[38;2;148;49;74m██[38;2;172;172;123m██[38;2;222;230;172m██[38;2;222;230;172m██[38;2;222;230;172m██[38;2;172;172;123m██[38;2;16;16;16m██[38;2;172;172;123m██[38;2;222;230;172m██[38;2;222;230;172m██[38;2;222;230;172m██[38;2;197;205;148m██[38;2;172;172;123m██[38;2;16;16;16m██[38;2;90;180;172m██[38;2;90;180;172m██[38;2;90;180;172m██[38;2;90;180;172m██[38;2;32;131;139m██
  [38;2;49;98;123m██[38;2;90;180;172m██[38;2;90;180;172m██[38;2;90;180;172m██[38;2;16;16;16m██[38;2;172;172;123m██[38;2;172;172;123m██[38;2;172;172;123m██[38;2;197;205;148m██[38;2;222;230;172m██[38;2;222;230;172m██[38;2;222;230;172m██[38;2;222;230;172m██[38;2;222;230;172m██[38;2;222;230;172m██[38;2;222;230;172m██[38;2;222;230;172m██[38;2;222;230;172m██[38;2;222;230;172m██[38;2;222;230;172m██[38;2;197;205;148m██[38;2;172;172;123m██[38;2;16;16;16m██[38;2;90;180;172m██[38;2;90;180;172m██[38;2;90;180;172m██[38;2;90;180;172m██[38;2;32;131;139m██  
  [38;2;49;98;123m██[38;2;90;180;172m██[38;2;90;180;172m██[38;2;90;180;172m██[38;2;16;16;16m██[38;2;172;172;123m██[38;2;172;172;123m██[38;2;172;172;123m██[38;2;172;172;123m██[38;2;172;172;123m██[38;2;172;172;123m██[38;2;197;205;148m██[38;2;197;205;148m██[38;2;197;205;148m██[38;2;197;205;148m██[38;2;197;205;148m██[38;2;197;205;148m██[38;2;197;205;148m██[38;2;172;172;123m██[38;2;172;172;123m██[38;2;172;172;123m██[38;2;172;172;123m██[38;2;16;16;16m██[38;2;90;180;172m██[38;2;90;180;172m██[38;2;90;180;172m██[38;2;90;180;172m██[38;2;32;131;139m██  
    [38;2;49;98;123m██[38;2;90;180;172m██[38;2;90;180;172m██[38;2;90;180;172m██[38;2;16;16;16m██[38;2;172;172;123m██[38;2;172;172;123m██[38;2;172;172;123m██[38;2;172;172;123m██[38;2;172;172;123m██[38;2;172;172;123m██[38;2;172;172;123m██[38;2;172;172;123m██[38;2;172;172;123m██[38;2;172;172;123m██[38;2;172;172;123m██[38;2;172;172;123m██[38;2;172;172;123m██[38;2;172;172;123m██[38;2;172;172;123m██[38;2;16;16;16m██[38;2;90;180;172m██[38;2;90;180;172m██[38;2;90;180;172m██[38;2;90;180;172m██[38;2;32;131;139m██    
    [38;2;49;98;123m██[38;2;90;180;172m██[38;2;90;180;172m██[38;2;90;180;172m██[38;2;90;180;172m██[38;2;98;115;82m██[38;2;98;115;82m██[38;2;172;172;123m██[38;2;172;172;123m██[38;2;49;98;123m██[38;2;172;172;123m██[38;2;172;172;123m██[38;2;172;172;123m██[38;2;172;172;123m██[38;2;172;172;123m██[38;2;172;172;123m██[38;2;172;172;123m██[38;2;172;172;123m██[38;2;16;16;16m██[38;2;16;16;16m██[38;2;90;180;172m██[38;2;90;180;172m██[38;2;90;180;172m██[38;2;90;180;172m██[38;2;90;180;172m██[38;2;32;131;139m██    
      [38;2;49;98;123m██[38;2;90;180;172m██[38;2;90;180;172m██[38;2;90;180;172m██[38;2;90;180;172m██[38;2;90;180;172m██[38;2;98;115;82m██[38;2;98;115;82m██[38;2;98;115;82m██[38;2;16;16;16m██[38;2;16;16;16m██[38;2;172;172;123m██[38;2;172;172;123m██[38;2;172;172;123m██[38;2;172;172;123m██[38;2;16;16;16m██[38;2;16;16;16m██[38;2;90;180;172m██[38;2;90;180;172m██[38;2;90;180;172m██[38;2;90;180;172m██[38;2;90;180;172m██[38;2;90;180;172m██[38;2;32;131;139m██      
        [38;2;49;98;123m██[38;2;90;180;172m██[38;2;90;180;172m██[38;2;90;180;172m██[38;2;90;180;172m██[38;2;90;180;172m██[38;2;90;180;172m██[38;2;90;180;172m██[38;2;90;180;172m██[38;2;90;180;172m██[38;2;16;16;16m██[38;2;16;16;16m██[38;2;16;16;16m██[38;2;16;16;16m██[38;2;90;180;172m██[38;2;90;180;172m██[38;2;90;180;172m██[38;2;90;180;172m██[38;2;90;180;172m██[38;2;90;180;172m██[38;2;90;180;172m██[38;2;32;131;139m██        
          [38;2;49;98;123m██[38;2;90;180;172m██[38;2;90;180;172m██[38;2;90;180;172m██[38;2;90;180;172m██[38;2;90;180;172m██[38;2;90;180;172m██[38;2;90;180;172m██[38;2;90;180;172m██[38;2;90;180;172m██[38;2;90;180;172m██[38;2;90;180;172m██[38;2;90;180;172m██[38;2;90;180;172m██[38;2;90;180;172m██[38;2;90;180;172m██[38;2;90;180;172m██[38;2;90;180;172m██[38;2;90;180;172m██[38;2;49;98;123m██          
            [38;2;49;98;123m██[38;2;90;180;172m██[38;2;90;180;172m██[38;2;90;180;172m██[38;2;90;180;172m██[38;2;90;180;172m██[38;2;90;180;172m██[38;2;90;180;172m██[38;2;90;180;172m██[38;2;90;180;172m██[38;2;90;180;172m██[38;2;90;180;172m██[38;2;90;180;172m██[38;2;90;180;172m██[38;2;90;180;172m██[38;2;90;180;172m██[38;2;90;180;172m██[38;2;49;98;123m██            
              [38;2;49;98;123m██[38;2;49;98;123m██[38;2;90;180;172m██[38;2;90;180;172m██[38;2;90;180;172m██[38;2;90;180;172m██[38;2;90;180;172m██[38;2;90;180;172m██[38;2;90;180;172m██[38;2;90;180;172m██[38;2;90;180;172m██[38;2;90;180;172m██[38;2;90;180;172m██[38;2;90;180;172m██[38;2;49;98;123m██[38;2;49;98;123m██              
                  [38;2;49;98;123m██[38;2;49;98;123m██[38;2;49;98;123m██[38;2;90;180;172m██[38;2;90;180;172m██[38;2;90;180;172m██[38;2;90;180;172m██[38;2;90;180;172m██[38;2;90;180;172m██[38;2;49;98;123m██[38;2;49;98;123m██[38;2;49;98;123m██                  
                        [38;2;49;98;123m██[38;2;49;98;123m██[38;2;49;98;123m██[38;2;49;98;123m██[38;2;49;98;123m██[38;2;49;98;123m██                        
