                                            [38;2;49;90;139m██[38;2;49;90;139m██[38;2;32;41;106m██                                                
                                          [38;2;49;90;139m██[38;2;139;197;246m██[38;2;139;197;246m██[38;2;82;123;172m██[38;2;32;41;106m██                                              
                                        [38;2;49;90;139m██[38;2;139;197;246m██[38;2;139;197;246m██[38;2;49;90;139m██[38;2;82;123;172m██[38;2;0;0;0m██                        [38;2;32;41;106m██[38;2;32;41;106m██[38;2;49;90;139m██                
              [38;2;32;41;106m██[38;2;32;41;106m██                      [38;2;49;90;139m██[38;2;139;197;246m██[38;2;139;197;246m██[38;2;49;90;139m██[38;2;82;123;172m██[38;2;82;123;172m██[38;2;0;0;0m██                  [38;2;32;41;106m██[38;2;32;41;106m██[38;2;82;123;172m██[38;2;82;123;172m██[38;2;82;123;172m██[38;2;0;0;0m██              
            [38;2;32;41;106m██[38;2;49;90;139m██[38;2;49;90;139m██[38;2;32;41;106m██[38;2;32;41;106m██                [38;2;49;90;139m██[38;2;139;197;246m██[38;2;139;197;246m██[38;2;139;197;246m██[38;2;49;90;139m██[38;2;82;123;172m██[38;2;82;123;172m██[38;2;0;0;0m██              [38;2;32;41;106m██[38;2;32;41;106m██[38;2;82;123;172m██[38;2;82;123;172m██[38;2;82;123;172m██[38;2;49;90;139m██[38;2;49;90;139m██[38;2;0;0;0m██              
            [38;2;32;41;106m██[38;2;49;90;139m██[38;2;49;90;139m██[38;2;82;123;172m██[38;2;82;123;172m██[38;2;32;41;106m██[38;2;32;41;106m██            [38;2;49;90;139m██[38;2;139;197;246m██[38;2;139;197;246m██[38;2;139;197;246m██[38;2;49;90;139m██[38;2;82;123;172m██[38;2;82;123;172m██[38;2;82;123;172m██[38;2;0;0;0m██        [38;2;32;41;106m██[38;2;32;41;106m██[38;2;82;123;172m██[38;2;82;123;172m██[38;2;82;123;172m██[38;2;82;123;172m██[38;2;32;41;106m██[38;2;49;90;139m██[38;2;49;90;139m██[38;2;0;0;0m██              
            [38;2;0;0;0m██[38;2;49;90;139m██[38;2;49;90;139m██[38;2;32;41;106m██[38;2;82;123;172m██[38;2;82;123;172m██[38;2;82;123;172m██[38;2;32;41;106m██[38;2;32;41;106m██      [38;2;49;90;139m██[38;2;139;197;246m██[38;2;139;197;246m██[38;2;139;197;246m██[38;2;49;90;139m██[38;2;82;123;172m██[38;2;82;123;172m██[38;2;82;123;172m██[38;2;82;123;172m██[38;2;0;0;0m██    [38;2;32;41;106m██[38;2;32;41;106m██[38;2;82;123;172m██[38;2;82;123;172m██[38;2;82;123;172m██[38;2;82;123;172m██[38;2;82;123;172m██[38;2;32;41;106m██[38;2;49;90;139m██[38;2;49;90;139m██[38;2;0;0;0m██                
            [38;2;0;0;0m██[38;2;49;90;139m██[38;2;49;90;139m██[38;2;49;90;139m██[38;2;82;123;172m██[38;2;82;123;172m██[38;2;82;123;172m██[38;2;82;123;172m██[38;2;82;123;172m██[38;2;32;41;106m██[38;2;32;41;106m██  [38;2;49;90;139m██[38;2;139;197;246m██[38;2;106;164;213m██[38;2;139;197;246m██[38;2;49;90;139m██[38;2;82;123;172m██[38;2;82;123;172m██[38;2;82;123;172m██[38;2;82;123;172m██[38;2;82;123;172m██[38;2;0;0;0m██[38;2;32;41;106m██[38;2;49;90;139m██[38;2;82;123;172m██[38;2;82;123;172m██[38;2;82;123;172m██[38;2;82;123;172m██[38;2;82;123;172m██[38;2;32;41;106m██[38;2;49;90;139m██[38;2;49;90;139m██[38;2;49;90;139m██[38;2;0;0;0m██                
              [38;2;32;41;106m██[38;2;49;90;139m██[38;2;49;90;139m██[38;2;32;41;106m██[38;2;82;123;172m██[38;2;82;123;172m██[38;2;82;123;172m██[38;2;82;123;172m██[38;2;82;123;172m██[38;2;82;123;172m██[38;2;32;41;106m██[38;2;139;197;246m██[38;2;106;164;213m██[38;2;139;197;246m██[38;2;106;164;213m██[38;2;49;90;139m██[38;2;82;123;172m██[38;2;82;123;172m██[38;2;82;123;172m██[38;2;82;123;172m██[38;2;82;123;172m██[38;2;0;0;0m██[38;2;49;90;139m██[38;2;49;90;139m██[38;2;82;123;172m██[38;2;82;123;172m██[38;2;82;123;172m██[38;2;82;123;172m██[38;2;49;90;139m██[38;2;49;90;139m██[38;2;49;90;139m██[38;2;49;90;139m██[38;2;49;90;139m██[38;2;0;0;0m██                
              [38;2;0;0;0m██[38;2;49;90;139m██[38;2;49;90;139m██[38;2;49;90;139m██[38;2;32;41;106m██[38;2;82;123;172m██[38;2;82;123;172m██[38;2;82;123;172m██[38;2;82;123;172m██[38;2;82;123;172m██[38;2;32;41;106m██[38;2;106;164;213m██[38;2;139;197;246m██[38;2;106;164;213m██[38;2;164;16;32m██[38;2;164;16;32m██[38;2;82;123;172m██[38;2;82;123;172m██[38;2;82;123;172m██[38;2;82;123;172m██[38;2;82;123;172m██[38;2;0;0;0m██[38;2;49;90;139m██[38;2;49;90;139m██[38;2;82;123;172m██[38;2;82;123;172m██[38;2;82;123;172m██[38;2;49;90;139m██[38;2;49;90;139m██[38;2;49;90;139m██[38;2;49;90;139m██[38;2;49;90;139m██[38;2;0;0;0m██                  
              [38;2;0;0;0m██[38;2;49;90;139m██[38;2;49;90;139m██[38;2;49;90;139m██[38;2;32;41;106m██[38;2;49;90;139m██[38;2;82;123;172m██[38;2;82;123;172m██[38;2;82;123;172m██[38;2;32;41;106m██[38;2;106;164;213m██[38;2;139;197;246m██[38;2;106;164;213m██[38;2;164;16;32m██[38;2;230;106;115m██[38;2;230;106;115m██[38;2;0;0;0m██[38;2;82;123;172m██[38;2;82;123;172m██[38;2;82;123;172m██[38;2;82;123;172m██[38;2;82;123;172m██[38;2;0;0;0m██[38;2;49;90;139m██[38;2;49;90;139m██[38;2;82;123;172m██[38;2;49;90;139m██[38;2;49;90;139m██[38;2;49;90;139m██[38;2;49;90;139m██[38;2;49;90;139m██[38;2;49;90;139m██[38;2;0;0;0m██                  
              [38;2;0;0;0m██[38;2;49;90;139m██[38;2;49;90;139m██[38;2;49;90;139m██[38;2;49;90;139m██[38;2;32;41;106m██[38;2;82;123;172m██[38;2;82;123;172m██[38;2;82;123;172m██[38;2;32;41;106m██[38;2;139;197;246m██[38;2;106;164;213m██[38;2;139;197;246m██[38;2;164;16;32m██[38;2;255;139;148m██[38;2;230;106;115m██[38;2;0;0;0m██[38;2;82;123;172m██[38;2;82;123;172m██[38;2;82;123;172m██[38;2;82;123;172m██[38;2;82;123;172m██[38;2;0;0;0m██[38;2;49;90;139m██[38;2;49;90;139m██[38;2;49;90;139m██[38;2;49;90;139m██[38;2;49;90;139m██[38;2;49;90;139m██[38;2;49;90;139m██[38;2;49;90;139m██[38;2;49;90;139m██[38;2;0;0;0m██                  
                [38;2;32;41;106m██[38;2;49;90;139m██[38;2;49;90;139m██[38;2;49;90;139m██[38;2;49;90;139m██[38;2;32;41;106m██[38;2;82;123;172m██[38;2;32;41;106m██[38;2;106;164;213m██[38;2;106;164;213m██[38;2;139;197;246m██[38;2;164;16;32m██[38;2;255;139;148m██[38;2;255;189;197m██[38;2;230;106;115m██[38;2;0;0;0m██[38;2;82;123;172m██[38;2;82;123;172m██[38;2;82;123;172m██[38;2;82;123;172m██[38;2;82;123;172m██[38;2;0;0;0m██[38;2;49;90;139m██[38;2;49;90;139m██[38;2;49;90;139m██[38;2;49;90;139m██[38;2;49;90;139m██[38;2;49;90;139m██[38;2;49;90;139m██[38;2;49;90;139m██[38;2;0;0;0m██                    
                [38;2;0;0;0m██[38;2;49;90;139m██[38;2;49;90;139m██[38;2;49;90;139m██[38;2;164;16;32m██[38;2;32;41;106m██[38;2;82;123;172m██[38;2;32;41;106m██[38;2;106;164;213m██[38;2;106;164;213m██[38;2;106;164;213m██[38;2;164;16;32m██[38;2;255;189;197m██[38;2;255;189;197m██[38;2;230;106;115m██[38;2;0;0;0m██[38;2;82;123;172m██[38;2;82;123;172m██[38;2;82;123;172m██[38;2;82;123;172m██[38;2;82;123;172m██[38;2;82;123;172m██[38;2;0;0;0m██[38;2;32;41;106m██[38;2;164;16;32m██[38;2;32;41;106m██[38;2;49;90;139m██[38;2;49;90;139m██[38;2;49;90;139m██[38;2;49;90;139m██[38;2;0;0;0m██[38;2;32;41;106m██[38;2;32;41;106m██[38;2;32;41;106m██[38;2;32;41;106m██[38;2;32;41;106m██[38;2;32;41;106m██[38;2;32;41;106m██[38;2;49;90;139m██[38;2;49;90;139m██  
  [38;2;49;90;139m██[38;2;49;90;139m██[38;2;49;90;139m██[38;2;49;90;139m██[38;2;49;90;139m██    [38;2;0;0;0m██[38;2;49;90;139m██[38;2;49;90;139m██[38;2;164;16;32m██[38;2;230;106;115m██[38;2;0;0;0m██[38;2;32;41;106m██[38;2;106;164;213m██[38;2;106;164;213m██[38;2;106;164;213m██[38;2;106;164;213m██[38;2;164;16;32m██[38;2;255;189;197m██[38;2;255;189;197m██[38;2;230;106;115m██[38;2;230;106;115m██[38;2;0;0;0m██[38;2;82;123;172m██[38;2;82;123;172m██[38;2;82;123;172m██[38;2;82;123;172m██[38;2;82;123;172m██[38;2;0;0;0m██[38;2;164;16;32m██[38;2;230;106;115m██[38;2;164;16;32m██[38;2;32;41;106m██[38;2;32;41;106m██[38;2;32;41;106m██[38;2;32;41;106m██[38;2;49;90;139m██[38;2;106;164;213m██[38;2;106;164;213m██[38;2;106;164;213m██[38;2;106;164;213m██[38;2;106;164;213m██[38;2;106;164;213m██[38;2;106;164;213m██[38;2;106;164;213m██[38;2;106;164;213m██[38;2;32;41;106m██
[38;2;49;90;139m██[38;2;139;197;246m██[38;2;139;197;246m██[38;2;139;197;246m██[38;2;139;197;246m██[38;2;139;197;246m██[38;2;82;123;172m██[38;2;49;90;139m██[38;2;49;90;139m██[38;2;49;90;139m██[38;2;164;16;32m██[38;2;255;139;148m██[38;2;230;106;115m██[38;2;230;106;115m██[38;2;0;0;0m██[38;2;106;164;213m██[38;2;106;164;213m██[38;2;164;16;32m██[38;2;164;16;32m██[38;2;164;16;32m██[38;2;255;189;197m██[38;2;255;189;197m██[38;2;230;106;115m██[38;2;230;106;115m██[38;2;0;0;0m██[38;2;0;0;0m██[38;2;32;41;106m██[38;2;82;123;172m██[38;2;82;123;172m██[38;2;82;123;172m██[38;2;164;16;32m██[38;2;255;189;197m██[38;2;255;139;148m██[38;2;230;106;115m██[38;2;0;0;0m██[38;2;82;123;172m██[38;2;106;164;213m██[38;2;106;164;213m██[38;2;106;164;213m██[38;2;106;164;213m██[38;2;106;164;213m██[38;2;106;164;213m██[38;2;106;164;213m██[38;2;106;164;213m██[38;2;106;164;213m██[38;2;106;164;213m██[38;2;49;90;139m██[38;2;82;123;172m██[38;2;32;41;106m██
[38;2;32;41;106m██[38;2;106;164;213m██[38;2;106;164;213m██[38;2;139;197;246m██[38;2;139;197;246m██[38;2;139;197;246m██[38;2;139;197;246m██[38;2;139;197;246m██[38;2;139;197;246m██[38;2;139;197;246m██[38;2;164;16;32m██[38;2;255;139;148m██[38;2;255;189;197m██[38;2;230;106;115m██[38;2;230;106;115m██[38;2;0;0;0m██[38;2;164;16;32m██[38;2;255;139;148m██[38;2;255;139;148m██[38;2;164;16;32m██[38;2;255;189;197m██[38;2;255;139;148m██[38;2;230;106;115m██[38;2;230;106;115m██[38;2;230;106;115m██[38;2;230;106;115m██[38;2;230;106;115m██[38;2;0;0;0m██[38;2;82;123;172m██[38;2;164;16;32m██[38;2;255;189;197m██[38;2;255;189;197m██[38;2;255;139;148m██[38;2;230;106;115m██[38;2;0;0;0m██[38;2;82;123;172m██[38;2;106;164;213m██[38;2;106;164;213m██[38;2;106;164;213m██[38;2;106;164;213m██[38;2;106;164;213m██[38;2;106;164;213m██[38;2;106;164;213m██[38;2;106;164;213m██[38;2;49;90;139m██[38;2;49;90;139m██[38;2;82;123;172m██[38;2;32;41;106m██  
  [38;2;32;41;106m██[38;2;82;123;172m██[38;2;49;90;139m██[38;2;49;90;139m██[38;2;106;164;213m██[38;2;139;197;246m██[38;2;139;197;246m██[38;2;139;197;246m██[38;2;139;197;246m██[38;2;164;16;32m██[38;2;255;139;148m██[38;2;255;189;197m██[38;2;255;189;197m██[38;2;230;106;115m██[38;2;197;57;74m██[38;2;255;139;148m██[38;2;230;106;115m██[38;2;230;106;115m██[38;2;230;106;115m██[38;2;230;106;115m██[38;2;230;106;115m██[38;2;197;57;74m██[38;2;197;57;74m██[38;2;197;57;74m██[38;2;255;139;148m██[38;2;255;139;148m██[38;2;230;106;115m██[38;2;197;57;74m██[38;2;255;139;148m██[38;2;255;189;197m██[38;2;255;139;148m██[38;2;230;106;115m██[38;2;0;0;0m██[38;2;82;123;172m██[38;2;82;123;172m██[38;2;82;123;172m██[38;2;106;164;213m██[38;2;106;164;213m██[38;2;106;164;213m██[38;2;106;164;213m██[38;2;106;164;213m██[38;2;49;90;139m██[38;2;49;90;139m██[38;2;82;123;172m██[38;2;82;123;172m██[38;2;32;41;106m██    
  [38;2;0;0;0m██[38;2;49;90;139m██[38;2;82;123;172m██[38;2;82;123;172m██[38;2;49;90;139m██[38;2;49;90;139m██[38;2;139;197;246m██[38;2;139;197;246m██[38;2;106;164;213m██[38;2;139;197;246m██[38;2;164;16;32m██[38;2;255;139;148m██[38;2;255;189;197m██[38;2;255;139;148m██[38;2;230;106;115m██[38;2;230;106;115m██[38;2;255;189;197m██[38;2;255;189;197m██[38;2;255;189;197m██[38;2;255;189;197m██[38;2;255;189;197m██[38;2;255;189;197m██[38;2;255;139;148m██[38;2;255;139;148m██[38;2;197;57;74m██[38;2;255;139;148m██[38;2;255;139;148m██[38;2;255;139;148m██[38;2;255;139;148m██[38;2;255;139;148m██[38;2;230;106;115m██[38;2;230;106;115m██[38;2;0;0;0m██[38;2;82;123;172m██[38;2;82;123;172m██[38;2;82;123;172m██[38;2;82;123;172m██[38;2;82;123;172m██[38;2;82;123;172m██[38;2;49;90;139m██[38;2;49;90;139m██[38;2;82;123;172m██[38;2;82;123;172m██[38;2;82;123;172m██[38;2;32;41;106m██      
    [38;2;0;0;0m██[38;2;82;123;172m██[38;2;82;123;172m██[38;2;82;123;172m██[38;2;82;123;172m██[38;2;49;90;139m██[38;2;32;41;106m██[38;2;139;197;246m██[38;2;106;164;213m██[38;2;164;16;32m██[38;2;230;106;115m██[38;2;255;139;148m██[38;2;255;139;148m██[38;2;230;106;115m██[38;2;255;189;197m██[38;2;230;106;115m██[38;2;197;57;74m██[38;2;164;16;32m██[38;2;164;16;32m██[38;2;164;16;32m██[38;2;164;16;32m██[38;2;197;57;74m██[38;2;230;106;115m██[38;2;255;139;148m██[38;2;197;57;74m██[38;2;255;139;148m██[38;2;255;139;148m██[38;2;255;139;148m██[38;2;230;106;115m██[38;2;230;106;115m██[38;2;0;0;0m██[38;2;82;123;172m██[38;2;82;123;172m██[38;2;82;123;172m██[38;2;82;123;172m██[38;2;82;123;172m██[38;2;32;41;106m██[38;2;49;90;139m██[38;2;82;123;172m██[38;2;82;123;172m██[38;2;82;123;172m██[38;2;82;123;172m██[38;2;32;41;106m██        
      [38;2;0;0;0m██[38;2;82;123;172m██[38;2;82;123;172m██[38;2;82;123;172m██[38;2;82;123;172m██[38;2;82;123;172m██[38;2;32;41;106m██[38;2;32;41;106m██[38;2;106;164;213m██[38;2;164;16;32m██[38;2;230;106;115m██[38;2;255;139;148m██[38;2;255;189;197m██[38;2;230;106;115m██[38;2;164;16;32m██[38;2;49;123;255m██[38;2;49;123;255m██[38;2;49;123;255m██[38;2;49;123;255m██[38;2;49;123;255m██[38;2;49;123;255m██[38;2;164;16;32m██[38;2;230;106;115m██[38;2;255;139;148m██[38;2;197;57;74m██[38;2;255;139;148m██[38;2;230;106;115m██[38;2;230;106;115m██[38;2;197;57;74m██[38;2;0;0;0m██[38;2;82;123;172m██[38;2;82;123;172m██[38;2;82;123;172m██[38;2;32;41;106m██[38;2;32;41;106m██[38;2;82;123;172m██[38;2;82;123;172m██[38;2;82;123;172m██[38;2;82;123;172m██[38;2;82;123;172m██[38;2;32;41;106m██          
        [38;2;0;0;0m██[38;2;82;123;172m██[38;2;82;123;172m██[38;2;82;123;172m██[38;2;82;123;172m██[38;2;82;123;172m██[38;2;82;123;172m██[38;2;32;41;106m██[38;2;164;16;32m██[38;2;230;106;115m██[38;2;255;189;197m██[38;2;230;106;115m██[38;2;164;16;32m██[38;2;106;172;255m██[38;2;24;74;205m██[38;2;24;74;205m██[38;2;24;74;205m██[38;2;24;74;205m██[38;2;106;172;255m██[38;2;24;74;205m██[38;2;49;123;255m██[38;2;164;16;32m██[38;2;230;106;115m██[38;2;255;139;148m██[38;2;197;57;74m██[38;2;255;139;148m██[38;2;255;139;148m██[38;2;164;16;32m██[38;2;82;123;172m██[38;2;82;123;172m██[38;2;32;41;106m██[38;2;32;41;106m██[38;2;82;123;172m██[38;2;82;123;172m██[38;2;82;123;172m██[38;2;82;123;172m██[38;2;82;123;172m██[38;2;82;123;172m██[38;2;0;0;0m██            
          [38;2;0;0;0m██[38;2;82;123;172m██[38;2;82;123;172m██[38;2;82;123;172m██[38;2;82;123;172m██[38;2;82;123;172m██[38;2;164;16;32m██[38;2;230;106;115m██[38;2;197;57;74m██[38;2;255;189;197m██[38;2;164;16;32m██[38;2;106;172;255m██[38;2;24;74;205m██[38;2;49;123;255m██[38;2;106;172;255m██[38;2;106;172;255m██[38;2;106;172;255m██[38;2;32;24;156m██[38;2;49;123;255m██[38;2;49;123;255m██[38;2;49;123;255m██[38;2;164;16;32m██[38;2;230;106;115m██[38;2;197;57;74m██[38;2;255;139;148m██[38;2;255;139;148m██[38;2;230;106;115m██[38;2;0;0;0m██[38;2;32;41;106m██[38;2;82;123;172m██[38;2;82;123;172m██[38;2;82;123;172m██[38;2;82;123;172m██[38;2;82;123;172m██[38;2;82;123;172m██[38;2;82;123;172m██[38;2;0;0;0m██              
            [38;2;0;0;0m██[38;2;82;123;172m██[38;2;82;123;172m██[38;2;82;123;172m██[38;2;82;123;172m██[38;2;164;16;32m██[38;2;230;106;115m██[38;2;255;189;197m██[38;2;197;57;74m██[38;2;106;172;255m██[38;2;24;74;205m██[38;2;49;123;255m██[38;2;106;172;255m██[38;2;106;172;255m██[38;2;106;172;255m██[38;2;24;74;205m██[38;2;24;74;205m██[38;2;32;24;156m██[38;2;32;24;156m██[38;2;24;74;205m██[38;2;32;24;156m██[38;2;197;57;74m██[38;2;255;139;148m██[38;2;197;57;74m██[38;2;255;139;148m██[38;2;255;139;148m██[38;2;0;0;0m██[38;2;82;123;172m██[38;2;82;123;172m██[38;2;82;123;172m██[38;2;82;123;172m██[38;2;82;123;172m██[38;2;82;123;172m██[38;2;82;123;172m██[38;2;0;0;0m██                
              [38;2;0;0;0m██[38;2;82;123;172m██[38;2;82;123;172m██[38;2;164;16;32m██[38;2;230;106;115m██[38;2;197;57;74m██[38;2;255;189;197m██[38;2;164;16;32m██[38;2;24;74;205m██[38;2;32;24;156m██[38;2;106;172;255m██[38;2;106;172;255m██[38;2;49;123;255m██[38;2;24;74;205m██[38;2;24;74;205m██[38;2;49;123;255m██[38;2;32;24;156m██[38;2;49;123;255m██[38;2;49;123;255m██[38;2;49;123;255m██[38;2;164;16;32m██[38;2;230;106;115m██[38;2;197;57;74m██[38;2;255;139;148m██[38;2;255;139;148m██[38;2;197;57;74m██[38;2;164;16;32m██[38;2;164;16;32m██[38;2;82;123;172m██[38;2;82;123;172m██[38;2;82;123;172m██[38;2;82;123;172m██[38;2;0;0;0m██                  
              [38;2;32;41;106m██[38;2;164;16;32m██[38;2;197;57;74m██[38;2;255;189;197m██[38;2;255;189;197m██[38;2;197;57;74m██[38;2;255;189;197m██[38;2;164;16;32m██[38;2;106;172;255m██[38;2;32;24;156m██[38;2;106;172;255m██[38;2;49;123;255m██[38;2;24;74;205m██[38;2;24;74;205m██[38;2;49;123;255m██[38;2;49;123;255m██[38;2;32;24;156m██[38;2;24;74;205m██[38;2;49;123;255m██[38;2;49;123;255m██[38;2;164;16;32m██[38;2;230;106;115m██[38;2;197;57;74m██[38;2;255;139;148m██[38;2;255;139;148m██[38;2;255;139;148m██[38;2;255;139;148m██[38;2;230;106;115m██[38;2;164;16;32m██[38;2;164;16;32m██[38;2;82;123;172m██[38;2;0;0;0m██[38;2;49;90;139m██[38;2;0;0;0m██                
              [38;2;32;41;106m██[38;2;230;106;115m██[38;2;255;189;197m██[38;2;255;189;197m██[38;2;255;139;148m██[38;2;197;57;74m██[38;2;255;189;197m██[38;2;164;16;32m██[38;2;106;172;255m██[38;2;32;24;156m██[38;2;24;74;205m██[38;2;24;74;205m██[38;2;24;74;205m██[38;2;49;123;255m██[38;2;49;123;255m██[38;2;106;172;255m██[38;2;32;24;156m██[38;2;24;74;205m██[38;2;24;74;205m██[38;2;49;123;255m██[38;2;0;0;0m██[38;2;230;106;115m██[38;2;164;16;32m██[38;2;255;139;148m██[38;2;255;139;148m██[38;2;255;139;148m██[38;2;255;139;148m██[38;2;255;139;148m██[38;2;255;139;148m██[38;2;255;139;148m██[38;2;0;0;0m██[38;2;49;90;139m██[38;2;49;90;139m██[38;2;32;41;106m██                
            [38;2;32;41;106m██[38;2;164;16;32m██[38;2;255;189;197m██[38;2;255;139;148m██[38;2;255;139;148m██[38;2;230;106;115m██[38;2;197;57;74m██[38;2;255;139;148m██[38;2;164;16;32m██[38;2;106;172;255m██[38;2;49;123;255m██[38;2;32;24;156m██[38;2;24;74;205m██[38;2;49;123;255m██[38;2;49;123;255m██[38;2;106;172;255m██[38;2;32;24;156m██[38;2;32;24;156m██[38;2;32;24;156m██[38;2;24;74;205m██[38;2;49;123;255m██[38;2;0;0;0m██[38;2;230;106;115m██[38;2;164;16;32m██[38;2;230;106;115m██[38;2;230;106;115m██[38;2;255;139;148m██[38;2;255;139;148m██[38;2;255;139;148m██[38;2;255;139;148m██[38;2;255;139;148m██[38;2;0;0;0m██[38;2;49;90;139m██[38;2;49;90;139m██[38;2;49;90;139m██[38;2;0;0;0m██              
          [38;2;32;41;106m██[38;2;49;90;139m██[38;2;164;16;32m██[38;2;255;139;148m██[38;2;230;106;115m██[38;2;230;106;115m██[38;2;197;57;74m██[38;2;164;16;32m██[38;2;255;139;148m██[38;2;164;16;32m██[38;2;106;172;255m██[38;2;24;74;205m██[38;2;49;123;255m██[38;2;32;24;156m██[38;2;0;0;0m██[38;2;0;0;0m██[38;2;32;24;156m██[38;2;32;24;156m██[38;2;32;24;156m██[38;2;32;24;156m██[38;2;32;24;156m██[38;2;49;123;255m██[38;2;0;0;0m██[38;2;230;106;115m██[38;2;164;16;32m██[38;2;230;106;115m██[38;2;230;106;115m██[38;2;230;106;115m██[38;2;230;106;115m██[38;2;230;106;115m██[38;2;230;106;115m██[38;2;230;106;115m██[38;2;0;0;0m██[38;2;49;90;139m██[38;2;49;90;139m██[38;2;49;90;139m██[38;2;32;41;106m██[38;2;0;0;0m██            
          [38;2;32;41;106m██[38;2;82;123;172m██[38;2;82;123;172m██[38;2;0;0;0m██[38;2;0;0;0m██[38;2;0;0;0m██[38;2;197;57;74m██[38;2;164;16;32m██[38;2;164;16;32m██[38;2;255;139;148m██[38;2;164;16;32m██[38;2;24;74;205m██[38;2;32;24;156m██[38;2;32;24;156m██[38;2;24;74;205m██[38;2;24;74;205m██[38;2;24;74;205m██[38;2;32;24;156m██[38;2;32;24;156m██[38;2;32;24;156m██[38;2;32;24;156m██[38;2;32;24;156m██[38;2;0;0;0m██[38;2;230;106;115m██[38;2;164;16;32m██[38;2;197;57;74m██[38;2;197;57;74m██[38;2;197;57;74m██[38;2;0;0;0m██[38;2;0;0;0m██[38;2;0;0;0m██[38;2;0;0;0m██[38;2;49;90;139m██[38;2;49;90;139m██[38;2;49;90;139m██[38;2;49;90;139m██[38;2;49;90;139m██[38;2;32;41;106m██            
        [38;2;32;41;106m██[38;2;82;123;172m██[38;2;82;123;172m██[38;2;82;123;172m██[38;2;82;123;172m██[38;2;82;123;172m██[38;2;32;41;106m██[38;2;0;0;0m██[38;2;197;57;74m██[38;2;164;16;32m██[38;2;255;139;148m██[38;2;164;16;32m██[38;2;24;74;205m██[38;2;32;24;156m██[38;2;24;74;205m██[38;2;24;74;205m██[38;2;24;74;205m██[38;2;24;74;205m██[38;2;24;74;205m██[38;2;32;24;156m██[38;2;32;24;156m██[38;2;32;24;156m██[38;2;0;0;0m██[38;2;230;106;115m██[38;2;197;57;74m██[38;2;164;16;32m██[38;2;197;57;74m██[38;2;197;57;74m██[38;2;0;0;0m██[38;2;49;90;139m██[38;2;49;90;139m██[38;2;49;90;139m██[38;2;0;0;0m██[38;2;32;41;106m██[38;2;49;90;139m██[38;2;49;90;139m██[38;2;49;90;139m██[38;2;49;90;139m██[38;2;49;90;139m██[38;2;0;0;0m██          
      [38;2;32;41;106m██[38;2;49;90;139m██[38;2;82;123;172m██[38;2;82;123;172m██[38;2;82;123;172m██[38;2;106;164;213m██[38;2;106;164;213m██[38;2;106;164;213m██[38;2;0;0;0m██[38;2;197;57;74m██[38;2;197;57;74m██[38;2;164;16;32m██[38;2;230;106;115m██[38;2;164;16;32m██[38;2;24;74;205m██[38;2;24;74;205m██[38;2;24;74;205m██[38;2;24;74;205m██[38;2;24;74;205m██[38;2;24;74;205m██[38;2;24;74;205m██[38;2;32;24;156m██[38;2;0;0;0m██[38;2;230;106;115m██[38;2;197;57;74m██[38;2;164;16;32m██[38;2;197;57;74m██[38;2;197;57;74m██[38;2;0;0;0m██[38;2;49;90;139m██[38;2;49;90;139m██[38;2;49;90;139m██[38;2;49;90;139m██[38;2;0;0;0m██[38;2;49;90;139m██[38;2;32;41;106m██[38;2;49;90;139m██[38;2;49;90;139m██[38;2;49;90;139m██[38;2;49;90;139m██[38;2;49;90;139m██[38;2;0;0;0m██        
      [38;2;32;41;106m██[38;2;82;123;172m██[38;2;82;123;172m██[38;2;82;123;172m██[38;2;106;164;213m██[38;2;106;164;213m██[38;2;106;164;213m██[38;2;32;41;106m██[38;2;106;164;213m██[38;2;0;0;0m██[38;2;197;57;74m██[38;2;197;57;74m██[38;2;164;16;32m██[38;2;230;106;115m██[38;2;164;16;32m██[38;2;0;0;0m██[38;2;0;0;0m██[38;2;0;0;0m██[38;2;0;0;0m██[38;2;0;0;0m██[38;2;0;0;0m██[38;2;0;0;0m██[38;2;230;106;115m██[38;2;197;57;74m██[38;2;164;16;32m██[38;2;197;57;74m██[38;2;230;106;115m██[38;2;197;57;74m██[38;2;0;0;0m██[38;2;49;90;139m██[38;2;49;90;139m██[38;2;49;90;139m██[38;2;49;90;139m██[38;2;0;0;0m██[38;2;49;90;139m██[38;2;49;90;139m██[38;2;32;41;106m██[38;2;49;90;139m██[38;2;49;90;139m██[38;2;49;90;139m██[38;2;82;123;172m██[38;2;32;41;106m██        
    [38;2;32;41;106m██[38;2;82;123;172m██[38;2;82;123;172m██[38;2;106;164;213m██[38;2;106;164;213m██[38;2;106;164;213m██[38;2;32;41;106m██[38;2;32;41;106m██[38;2;32;41;106m██[38;2;106;164;213m██[38;2;164;16;32m██[38;2;255;139;148m██[38;2;255;139;148m██[38;2;197;57;74m██[38;2;164;16;32m██[38;2;230;106;115m██[38;2;230;106;115m██[38;2;230;106;115m██[38;2;230;106;115m██[38;2;230;106;115m██[38;2;230;106;115m██[38;2;230;106;115m██[38;2;230;106;115m██[38;2;197;57;74m██[38;2;164;16;32m██[38;2;197;57;74m██[38;2;230;106;115m██[38;2;230;106;115m██[38;2;230;106;115m██[38;2;0;0;0m██[38;2;49;90;139m██[38;2;49;90;139m██[38;2;49;90;139m██[38;2;49;90;139m██[38;2;49;90;139m██[38;2;0;0;0m██[38;2;49;90;139m██[38;2;49;90;139m██[38;2;32;41;106m██[38;2;49;90;139m██[38;2;82;123;172m██[38;2;82;123;172m██[38;2;82;123;172m██[38;2;0;0;0m██      
  [38;2;32;41;106m██[38;2;49;90;139m██[38;2;82;123;172m██[38;2;106;164;213m██[38;2;106;164;213m██[38;2;32;41;106m██[38;2;32;41;106m██[38;2;49;90;139m██[38;2;32;41;106m██[38;2;106;164;213m██[38;2;164;16;32m██[38;2;255;139;148m██[38;2;255;189;197m██[38;2;255;139;148m██[38;2;230;106;115m██[38;2;197;57;74m██[38;2;164;16;32m██[38;2;164;16;32m██[38;2;164;16;32m██[38;2;164;16;32m██[38;2;164;16;32m██[38;2;164;16;32m██[38;2;164;16;32m██[38;2;164;16;32m██[38;2;164;16;32m██[38;2;197;57;74m██[38;2;197;57;74m██[38;2;230;106;115m██[38;2;230;106;115m██[38;2;230;106;115m██[38;2;197;57;74m██[38;2;0;0;0m██[38;2;49;90;139m██[38;2;49;90;139m██[38;2;49;90;139m██[38;2;49;90;139m██[38;2;0;0;0m██[38;2;49;90;139m██[38;2;49;90;139m██[38;2;49;90;139m██[38;2;32;41;106m██[38;2;82;123;172m██[38;2;82;123;172m██[38;2;82;123;172m██[38;2;49;90;139m██[38;2;0;0;0m██    
  [38;2;49;90;139m██[38;2;106;164;213m██[38;2;106;164;213m██[38;2;32;41;106m██[38;2;32;41;106m██[38;2;49;90;139m██[38;2;49;90;139m██[38;2;49;90;139m██[38;2;32;41;106m██[38;2;106;164;213m██[38;2;164;16;32m██[38;2;255;189;197m██[38;2;255;189;197m██[38;2;255;139;148m██[38;2;230;106;115m██[38;2;197;57;74m██[38;2;197;57;74m██[38;2;197;57;74m██[38;2;197;57;74m██[38;2;197;57;74m██[38;2;197;57;74m██[38;2;197;57;74m██[38;2;197;57;74m██[38;2;197;57;74m██[38;2;197;57;74m██[38;2;197;57;74m██[38;2;197;57;74m██[38;2;197;57;74m██[38;2;230;106;115m██[38;2;230;106;115m██[38;2;230;106;115m██[38;2;0;0;0m██[38;2;49;90;139m██[38;2;49;90;139m██[38;2;49;90;139m██[38;2;49;90;139m██[38;2;0;0;0m██[38;2;49;90;139m██[38;2;49;90;139m██[38;2;49;90;139m██[38;2;49;90;139m██[38;2;32;41;106m██[38;2;82;123;172m██[38;2;82;123;172m██[38;2;82;123;172m██[38;2;32;41;106m██    
[38;2;32;41;106m██[38;2;106;164;213m██[38;2;32;41;106m██[38;2;32;41;106m██[38;2;49;90;139m██[38;2;49;90;139m██[38;2;49;90;139m██[38;2;49;90;139m██[38;2;49;90;139m██[38;2;32;41;106m██[38;2;164;16;32m██[38;2;230;106;115m██[38;2;255;189;197m██[38;2;255;139;148m██[38;2;230;106;115m██[38;2;0;0;0m██[38;2;0;0;0m██[38;2;197;57;74m██[38;2;197;57;74m██[38;2;197;57;74m██[38;2;255;139;148m██[38;2;255;139;148m██[38;2;230;106;115m██[38;2;197;57;74m██[38;2;197;57;74m██[38;2;197;57;74m██[38;2;197;57;74m██[38;2;0;0;0m██[38;2;0;0;0m██[38;2;197;57;74m██[38;2;230;106;115m██[38;2;230;106;115m██[38;2;230;106;115m██[38;2;0;0;0m██[38;2;49;90;139m██[38;2;49;90;139m██[38;2;49;90;139m██[38;2;0;0;0m██[38;2;49;90;139m██[38;2;49;90;139m██[38;2;49;90;139m██[38;2;49;90;139m██[38;2;49;90;139m██[38;2;49;90;139m██[38;2;82;123;172m██[38;2;82;123;172m██[38;2;82;123;172m██[38;2;0;0;0m██  
[38;2;0;0;0m██[38;2;49;90;139m██[38;2;49;90;139m██[38;2;49;90;139m██[38;2;49;90;139m██[38;2;49;90;139m██[38;2;0;0;0m██[38;2;0;0;0m██[38;2;0;0;0m██[38;2;32;41;106m██[38;2;0;0;0m██[38;2;230;106;115m██[38;2;230;106;115m██[38;2;230;106;115m██[38;2;0;0;0m██[38;2;49;90;139m██[38;2;49;90;139m██[38;2;0;0;0m██[38;2;0;0;0m██[38;2;197;57;74m██[38;2;255;139;148m██[38;2;255;139;148m██[38;2;230;106;115m██[38;2;197;57;74m██[38;2;197;57;74m██[38;2;0;0;0m██[38;2;0;0;0m██[38;2;49;90;139m██[38;2;49;90;139m██[38;2;0;0;0m██[38;2;197;57;74m██[38;2;230;106;115m██[38;2;230;106;115m██[38;2;197;57;74m██[38;2;0;0;0m██[38;2;82;123;172m██[38;2;49;90;139m██[38;2;49;90;139m██[38;2;0;0;0m██[38;2;49;90;139m██[38;2;49;90;139m██[38;2;49;90;139m██[38;2;49;90;139m██[38;2;49;90;139m██[38;2;49;90;139m██[38;2;82;123;172m██[38;2;82;123;172m██[38;2;32;41;106m██  
  [38;2;0;0;0m██[38;2;0;0;0m██[38;2;0;0;0m██[38;2;0;0;0m██[38;2;0;0;0m██      [38;2;32;41;106m██[38;2;106;164;213m██[38;2;0;0;0m██[38;2;230;106;115m██[38;2;0;0;0m██[38;2;49;90;139m██[38;2;49;90;139m██[38;2;32;41;106m██[38;2;49;90;139m██[38;2;49;90;139m██[38;2;164;16;32m██[38;2;255;139;148m██[38;2;255;139;148m██[38;2;230;106;115m██[38;2;197;57;74m██[38;2;164;16;32m██[38;2;49;90;139m██[38;2;49;90;139m██[38;2;49;90;139m██[38;2;49;90;139m██[38;2;49;90;139m██[38;2;0;0;0m██[38;2;197;57;74m██[38;2;197;57;74m██[38;2;197;57;74m██[38;2;0;0;0m██[38;2;82;123;172m██[38;2;49;90;139m██[38;2;49;90;139m██[38;2;0;0;0m██[38;2;49;90;139m██[38;2;49;90;139m██[38;2;49;90;139m██[38;2;49;90;139m██[38;2;49;90;139m██[38;2;49;90;139m██[38;2;49;90;139m██[38;2;82;123;172m██[38;2;82;123;172m██[38;2;0;0;0m██
                [38;2;32;41;106m██[38;2;106;164;213m██[38;2;106;164;213m██[38;2;106;164;213m██[38;2;0;0;0m██[38;2;49;90;139m██[38;2;49;90;139m██[38;2;32;41;106m██[38;2;49;90;139m██[38;2;49;90;139m██[38;2;49;90;139m██[38;2;164;16;32m██[38;2;230;106;115m██[38;2;255;139;148m██[38;2;255;139;148m██[38;2;197;57;74m██[38;2;0;0;0m██[38;2;49;90;139m██[38;2;49;90;139m██[38;2;49;90;139m██[38;2;49;90;139m██[38;2;49;90;139m██[38;2;49;90;139m██[38;2;0;0;0m██[38;2;0;0;0m██[38;2;0;0;0m██[38;2;82;123;172m██[38;2;82;123;172m██[38;2;49;90;139m██[38;2;49;90;139m██[38;2;0;0;0m██[38;2;0;0;0m██[38;2;0;0;0m██[38;2;32;41;106m██[38;2;49;90;139m██[38;2;49;90;139m██[38;2;49;90;139m██[38;2;49;90;139m██[38;2;49;90;139m██[38;2;82;123;172m██[38;2;0;0;0m██
                [38;2;32;41;106m██[38;2;106;164;213m██[38;2;106;164;213m██[38;2;106;164;213m██[38;2;106;164;213m██[38;2;49;90;139m██[38;2;32;41;106m██[38;2;49;90;139m██[38;2;49;90;139m██[38;2;49;90;139m██[38;2;49;90;139m██[38;2;49;90;139m██[38;2;164;16;32m██[38;2;255;139;148m██[38;2;255;139;148m██[38;2;197;57;74m██[38;2;0;0;0m██[38;2;49;90;139m██[38;2;49;90;139m██[38;2;49;90;139m██[38;2;49;90;139m██[38;2;49;90;139m██[38;2;49;90;139m██[38;2;32;41;106m██[38;2;82;123;172m██[38;2;82;123;172m██[38;2;82;123;172m██[38;2;82;123;172m██[38;2;82;123;172m██[38;2;49;90;139m██[38;2;0;0;0m██      [38;2;0;0;0m██[38;2;0;0;0m██[38;2;0;0;0m██[38;2;0;0;0m██[38;2;0;0;0m██[38;2;0;0;0m██  
                [38;2;32;41;106m██[38;2;106;164;213m██[38;2;106;164;213m██[38;2;106;164;213m██[38;2;82;123;172m██[38;2;32;41;106m██[38;2;49;90;139m██[38;2;49;90;139m██[38;2;49;90;139m██[38;2;49;90;139m██[38;2;49;90;139m██[38;2;49;90;139m██[38;2;164;16;32m██[38;2;255;139;148m██[38;2;255;139;148m██[38;2;230;106;115m██[38;2;0;0;0m██[38;2;49;90;139m██[38;2;49;90;139m██[38;2;49;90;139m██[38;2;49;90;139m██[38;2;49;90;139m██[38;2;49;90;139m██[38;2;49;90;139m██[38;2;32;41;106m██[38;2;82;123;172m██[38;2;82;123;172m██[38;2;82;123;172m██[38;2;82;123;172m██[38;2;49;90;139m██[38;2;49;90;139m██[38;2;0;0;0m██                  
              [38;2;32;41;106m██[38;2;106;164;213m██[38;2;106;164;213m██[38;2;106;164;213m██[38;2;82;123;172m██[38;2;32;41;106m██[38;2;49;90;139m██[38;2;49;90;139m██[38;2;49;90;139m██[38;2;49;90;139m██[38;2;49;90;139m██[38;2;49;90;139m██[38;2;32;41;106m██[38;2;0;0;0m██[38;2;164;16;32m██[38;2;230;106;115m██[38;2;230;106;115m██[38;2;0;0;0m██[38;2;0;0;0m██[38;2;49;90;139m██[38;2;49;90;139m██[38;2;49;90;139m██[38;2;49;90;139m██[38;2;49;90;139m██[38;2;49;90;139m██[38;2;49;90;139m██[38;2;32;41;106m██[38;2;82;123;172m██[38;2;82;123;172m██[38;2;82;123;172m██[38;2;49;90;139m██[38;2;49;90;139m██[38;2;0;0;0m██                  
              [38;2;32;41;106m██[38;2;106;164;213m██[38;2;106;164;213m██[38;2;106;164;213m██[38;2;32;41;106m██[38;2;49;90;139m██[38;2;49;90;139m██[38;2;49;90;139m██[38;2;49;90;139m██[38;2;49;90;139m██[38;2;32;41;106m██[38;2;0;0;0m██[38;2;0;0;0m██[38;2;82;123;172m██[38;2;82;123;172m██[38;2;0;0;0m██[38;2;0;0;0m██[38;2;49;90;139m██[38;2;49;90;139m██[38;2;0;0;0m██[38;2;0;0;0m██[38;2;49;90;139m██[38;2;49;90;139m██[38;2;49;90;139m██[38;2;49;90;139m██[38;2;49;90;139m██[38;2;49;90;139m██[38;2;32;41;106m██[38;2;82;123;172m██[38;2;82;123;172m██[38;2;82;123;172m██[38;2;49;90;139m██[38;2;0;0;0m██                  
              [38;2;49;90;139m██[38;2;106;164;213m██[38;2;106;164;213m██[38;2;32;41;106m██[38;2;49;90;139m██[38;2;49;90;139m██[38;2;49;90;139m██[38;2;49;90;139m██[38;2;49;90;139m██[38;2;0;0;0m██[38;2;0;0;0m██  [38;2;32;41;106m██[38;2;82;123;172m██[38;2;82;123;172m██[38;2;49;90;139m██[38;2;49;90;139m██[38;2;49;90;139m██[38;2;49;90;139m██[38;2;0;0;0m██  [38;2;0;0;0m██[38;2;0;0;0m██[38;2;49;90;139m██[38;2;49;90;139m██[38;2;49;90;139m██[38;2;49;90;139m██[38;2;49;90;139m██[38;2;32;41;106m██[38;2;82;123;172m██[38;2;82;123;172m██[38;2;49;90;139m██[38;2;0;0;0m██                  
            [38;2;32;41;106m██[38;2;106;164;213m██[38;2;106;164;213m██[38;2;32;41;106m██[38;2;49;90;139m██[38;2;49;90;139m██[38;2;49;90;139m██[38;2;49;90;139m██[38;2;32;41;106m██[38;2;0;0;0m██      [38;2;32;41;106m██[38;2;82;123;172m██[38;2;82;123;172m██[38;2;82;123;172m██[38;2;49;90;139m██[38;2;49;90;139m██[38;2;49;90;139m██[38;2;0;0;0m██      [38;2;0;0;0m██[38;2;32;41;106m██[38;2;49;90;139m██[38;2;49;90;139m██[38;2;49;90;139m██[38;2;49;90;139m██[38;2;32;41;106m██[38;2;82;123;172m██[38;2;49;90;139m██[38;2;49;90;139m██[38;2;0;0;0m██                
            [38;2;32;41;106m██[38;2;106;164;213m██[38;2;32;41;106m██[38;2;49;90;139m██[38;2;49;90;139m██[38;2;49;90;139m██[38;2;49;90;139m██[38;2;0;0;0m██[38;2;0;0;0m██          [38;2;32;41;106m██[38;2;82;123;172m██[38;2;82;123;172m██[38;2;49;90;139m██[38;2;49;90;139m██[38;2;0;0;0m██          [38;2;0;0;0m██[38;2;0;0;0m██[38;2;49;90;139m██[38;2;49;90;139m██[38;2;49;90;139m██[38;2;49;90;139m██[38;2;32;41;106m██[38;2;49;90;139m██[38;2;49;90;139m██[38;2;0;0;0m██                
            [38;2;49;90;139m██[38;2;32;41;106m██[38;2;49;90;139m██[38;2;49;90;139m██[38;2;49;90;139m██[38;2;0;0;0m██[38;2;0;0;0m██              [38;2;32;41;106m██[38;2;82;123;172m██[38;2;82;123;172m██[38;2;49;90;139m██[38;2;49;90;139m██[38;2;0;0;0m██              [38;2;0;0;0m██[38;2;0;0;0m██[38;2;49;90;139m██[38;2;49;90;139m██[38;2;49;90;139m██[38;2;32;41;106m██[38;2;49;90;139m██[38;2;0;0;0m██                
            [38;2;0;0;0m██[38;2;49;90;139m██[38;2;49;90;139m██[38;2;0;0;0m██[38;2;0;0;0m██                    [38;2;32;41;106m██[38;2;82;123;172m██[38;2;49;90;139m██[38;2;0;0;0m██                    [38;2;0;0;0m██[38;2;32;41;106m██[38;2;49;90;139m██[38;2;49;90;139m██[38;2;49;90;139m██[38;2;0;0;0m██                
              [38;2;0;0;0m██[38;2;0;0;0m██                          [38;2;0;0;0m██[38;2;0;0;0m██                        [38;2;0;0;0m██[38;2;0;0;0m██[38;2;49;90;139m██[38;2;49;90;139m██[38;2;0;0;0m██                
                                                                            [38;2;0;0;0m██[38;2;0;0;0m██                  
