                                                          [38;2;25;25;25m██[38;2;1;1;1m██      [38;2;25;25;25m██[38;2;1;1;1m██                                                                      
                                                        [38;2;25;25;25m██[38;2;61;68;60m██[38;2;1;1;1m██      [38;2;25;25;25m██[38;2;61;68;60m██[38;2;1;1;1m██                                                                    
                                                      [38;2;25;25;25m██[38;2;179;158;17m██[38;2;61;68;60m██[38;2;1;1;1m██      [38;2;25;25;25m██[38;2;61;68;60m██[38;2;179;158;17m██[38;2;1;1;1m██                                                                  
                                                    [38;2;25;25;25m██[38;2;236;223;72m██[38;2;179;158;17m██[38;2;179;158;17m██[38;2;1;1;1m██      [38;2;25;25;25m██[38;2;179;158;17m██[38;2;179;158;17m██[38;2;236;223;72m██[38;2;1;1;1m██                                                                
                                                  [38;2;25;25;25m██[38;2;236;223;72m██[38;2;236;223;72m██[38;2;236;223;72m██[38;2;1;1;1m██          [38;2;25;25;25m██[38;2;236;223;72m██[38;2;236;223;72m██[38;2;236;223;72m██[38;2;1;1;1m██                                                              
                                                [38;2;25;25;25m██[38;2;236;223;72m██[38;2;236;223;72m██[38;2;236;223;72m██[38;2;236;223;72m██[38;2;1;1;1m██          [38;2;25;25;25m██[38;2;236;223;72m██[38;2;236;223;72m██[38;2;236;223;72m██[38;2;236;223;72m██[38;2;1;1;1m██                                                            
                                                [38;2;25;25;25m██[38;2;236;223;72m██[38;2;236;223;72m██[38;2;236;223;72m██[38;2;1;1;1m██              [38;2;25;25;25m██[38;2;236;223;72m██[38;2;236;223;72m██[38;2;236;223;72m██[38;2;1;1;1m██                                                            
                                              [38;2;25;25;25m██[38;2;236;223;72m██[38;2;179;158;17m██[38;2;179;158;17m██[38;2;236;223;72m██[38;2;1;1;1m██              [38;2;25;25;25m██[38;2;236;223;72m██[38;2;236;223;72m██[38;2;236;223;72m██[38;2;236;223;72m██[38;2;1;1;1m██                                                          
                                              [38;2;25;25;25m██[38;2;179;158;17m██[38;2;61;68;60m██[38;2;179;158;17m██[38;2;179;158;17m██[38;2;1;1;1m██              [38;2;25;25;25m██[38;2;236;223;72m██[38;2;179;158;17m██[38;2;236;223;72m██[38;2;179;158;17m██[38;2;1;1;1m██                                                          
                                              [38;2;25;25;25m██[38;2;61;68;60m██[38;2;61;68;60m██[38;2;61;68;60m██[38;2;61;68;60m██[38;2;1;1;1m██              [38;2;25;25;25m██[38;2;179;158;17m██[38;2;61;68;60m██[38;2;179;158;17m██[38;2;179;158;17m██[38;2;1;1;1m██                                                          
                                                [38;2;25;25;25m██[38;2;61;68;60m██[38;2;61;68;60m██[38;2;61;68;60m██[38;2;1;1;1m██              [38;2;25;25;25m██[38;2;61;68;60m██[38;2;61;68;60m██[38;2;61;68;60m██[38;2;1;1;1m██                                                            
                                                [38;2;25;25;25m██[38;2;61;68;60m██[38;2;61;68;60m██[38;2;61;68;60m██[38;2;61;68;60m██[38;2;1;1;1m██          [38;2;25;25;25m██[38;2;61;68;60m██[38;2;61;68;60m██[38;2;61;68;60m██[38;2;61;68;60m██[38;2;1;1;1m██  [38;2;22;23;26m██[38;2;22;23;26m██[38;2;1;1;1m██                                                    
                                          [38;2;22;23;26m██[38;2;22;23;26m██[38;2;22;23;26m██[38;2;22;23;26m██[38;2;61;68;60m██[38;2;61;68;60m██[38;2;61;68;60m██[38;2;61;68;60m██[38;2;1;1;1m██          [38;2;25;25;25m██[38;2;61;68;60m██[38;2;61;68;60m██[38;2;22;23;26m██[38;2;22;23;26m██[38;2;22;23;26m██[38;2;22;23;26m██[38;2;65;68;75m██[38;2;65;68;75m██[38;2;43;44;49m██[38;2;1;1;1m██                                                  
                                        [38;2;22;23;26m██[38;2;65;68;75m██[38;2;65;68;75m██[38;2;65;68;75m██[38;2;65;68;75m██[38;2;22;23;26m██[38;2;22;23;26m██[38;2;22;23;26m██[38;2;61;68;60m██[38;2;61;68;60m██[38;2;1;1;1m██      [38;2;22;23;26m██[38;2;22;23;26m██[38;2;22;23;26m██[38;2;22;23;26m██[38;2;65;68;75m██[38;2;65;68;75m██[38;2;65;68;75m██[38;2;65;68;75m██[38;2;65;68;75m██[38;2;65;68;75m██[38;2;22;23;26m██[38;2;43;44;49m██[38;2;1;1;1m██                                                
                                        [38;2;22;23;26m██[38;2;65;68;75m██[38;2;65;68;75m██[38;2;65;68;75m██[38;2;65;68;75m██[38;2;65;68;75m██[38;2;65;68;75m██[38;2;65;68;75m██[38;2;22;23;26m██[38;2;22;23;26m██[38;2;22;23;26m██[38;2;22;23;26m██[38;2;22;23;26m██[38;2;22;23;26m██[38;2;65;68;75m██[38;2;65;68;75m██[38;2;65;68;75m██[38;2;65;68;75m██[38;2;65;68;75m██[38;2;65;68;75m██[38;2;65;68;75m██[38;2;65;68;75m██[38;2;65;68;75m██[38;2;65;68;75m██[38;2;22;23;26m██[38;2;43;44;49m██[38;2;43;44;49m██[38;2;1;1;1m██                                              
                                [38;2;22;23;26m██[38;2;22;23;26m██[38;2;22;23;26m██[38;2;22;23;26m██[38;2;65;68;75m██[38;2;43;44;49m██[38;2;43;44;49m██[38;2;43;44;49m██[38;2;65;68;75m██[38;2;65;68;75m██[38;2;65;68;75m██[38;2;65;68;75m██[38;2;65;68;75m██[38;2;65;68;75m██[38;2;22;23;26m██[38;2;65;68;75m██[38;2;65;68;75m██[38;2;65;68;75m██[38;2;65;68;75m██[38;2;65;68;75m██[38;2;65;68;75m██[38;2;65;68;75m██[38;2;65;68;75m██[38;2;43;44;49m██[38;2;43;44;49m██[38;2;43;44;49m██[38;2;65;68;75m██[38;2;22;23;26m██[38;2;22;23;26m██[38;2;22;23;26m██[38;2;22;23;26m██[38;2;43;44;49m██[38;2;1;1;1m██                                            
                      [38;2;22;23;26m██[38;2;22;23;26m██[38;2;22;23;26m██[38;2;22;23;26m██[38;2;22;23;26m██[38;2;253;255;255m██[38;2;253;255;255m██[38;2;61;68;60m██[38;2;22;23;26m██[38;2;65;68;75m██[38;2;65;68;75m██[38;2;65;68;75m██[38;2;65;68;75m██[38;2;43;44;49m██[38;2;43;44;49m██[38;2;43;44;49m██[38;2;65;68;75m██[38;2;65;68;75m██[38;2;65;68;75m██[38;2;22;23;26m██[38;2;65;68;75m██[38;2;65;68;75m██[38;2;65;68;75m██[38;2;65;68;75m██[38;2;43;44;49m██[38;2;43;44;49m██[38;2;43;44;49m██[38;2;43;44;49m██[38;2;65;68;75m██[38;2;65;68;75m██[38;2;65;68;75m██[38;2;65;68;75m██[38;2;22;23;26m██[38;2;61;68;60m██[38;2;253;255;255m██[38;2;253;255;255m██[38;2;22;23;26m██[38;2;22;23;26m██[38;2;22;23;26m██[38;2;22;23;26m██                                        
                [38;2;22;23;26m██[38;2;22;23;26m██[38;2;22;23;26m██[38;2;65;68;75m██[38;2;65;68;75m██[38;2;65;68;75m██[38;2;61;68;60m██[38;2;253;255;255m██[38;2;253;255;255m██[38;2;61;68;60m██[38;2;65;68;75m██[38;2;22;23;26m██[38;2;65;68;75m██[38;2;65;68;75m██[38;2;65;68;75m██[38;2;65;68;75m██[38;2;65;68;75m██[38;2;65;68;75m██[38;2;65;68;75m██[38;2;43;44;49m██[38;2;43;44;49m██[38;2;65;68;75m██[38;2;22;23;26m██[38;2;65;68;75m██[38;2;43;44;49m██[38;2;43;44;49m██[38;2;43;44;49m██[38;2;65;68;75m██[38;2;65;68;75m██[38;2;65;68;75m██[38;2;65;68;75m██[38;2;65;68;75m██[38;2;65;68;75m██[38;2;65;68;75m██[38;2;65;68;75m██[38;2;22;23;26m██[38;2;61;68;60m██[38;2;145;144;142m██[38;2;253;255;255m██[38;2;253;255;255m██[38;2;253;255;255m██[38;2;61;68;60m██[38;2;65;68;75m██[38;2;22;23;26m██[38;2;22;23;26m██[38;2;22;23;26m██[38;2;22;23;26m██                                
            [38;2;22;23;26m██[38;2;22;23;26m██[38;2;65;68;75m██[38;2;65;68;75m██[38;2;65;68;75m██[38;2;65;68;75m██[38;2;43;44;49m██[38;2;43;44;49m██[38;2;61;68;60m██[38;2;61;68;60m██[38;2;61;68;60m██[38;2;65;68;75m██[38;2;22;23;26m██[38;2;65;68;75m██[38;2;65;68;75m██[38;2;65;68;75m██[38;2;65;68;75m██[38;2;65;68;75m██[38;2;65;68;75m██[38;2;65;68;75m██[38;2;65;68;75m██[38;2;65;68;75m██[38;2;65;68;75m██[38;2;22;23;26m██[38;2;65;68;75m██[38;2;65;68;75m██[38;2;65;68;75m██[38;2;65;68;75m██[38;2;65;68;75m██[38;2;65;68;75m██[38;2;65;68;75m██[38;2;65;68;75m██[38;2;65;68;75m██[38;2;65;68;75m██[38;2;65;68;75m██[38;2;65;68;75m██[38;2;22;23;26m██[38;2;65;68;75m██[38;2;65;68;75m██[38;2;61;68;60m██[38;2;145;144;142m██[38;2;253;255;255m██[38;2;61;68;60m██[38;2;43;44;49m██[38;2;65;68;75m██[38;2;65;68;75m██[38;2;65;68;75m██[38;2;65;68;75m██[38;2;65;68;75m██[38;2;22;23;26m██[38;2;22;23;26m██[38;2;22;23;26m██                          
        [38;2;22;23;26m██[38;2;22;23;26m██[38;2;65;68;75m██[38;2;65;68;75m██[38;2;65;68;75m██[38;2;65;68;75m██[38;2;43;44;49m██[38;2;43;44;49m██[38;2;65;68;75m██[38;2;65;68;75m██[38;2;61;68;60m██[38;2;236;223;72m██[38;2;236;223;72m██[38;2;61;68;60m██[38;2;22;23;26m██[38;2;65;68;75m██[38;2;65;68;75m██[38;2;65;68;75m██[38;2;65;68;75m██[38;2;65;68;75m██[38;2;65;68;75m██[38;2;65;68;75m██[38;2;65;68;75m██[38;2;65;68;75m██[38;2;65;68;75m██[38;2;22;23;26m██[38;2;65;68;75m██[38;2;65;68;75m██[38;2;65;68;75m██[38;2;65;68;75m██[38;2;65;68;75m██[38;2;65;68;75m██[38;2;65;68;75m██[38;2;65;68;75m██[38;2;65;68;75m██[38;2;65;68;75m██[38;2;65;68;75m██[38;2;65;68;75m██[38;2;22;23;26m██[38;2;65;68;75m██[38;2;61;68;60m██[38;2;236;223;72m██[38;2;61;68;60m██[38;2;61;68;60m██[38;2;61;68;60m██[38;2;65;68;75m██[38;2;43;44;49m██[38;2;43;44;49m██[38;2;43;44;49m██[38;2;65;68;75m██[38;2;65;68;75m██[38;2;65;68;75m██[38;2;65;68;75m██[38;2;65;68;75m██[38;2;22;23;26m██[38;2;22;23;26m██[38;2;22;23;26m██                    
      [38;2;22;23;26m██[38;2;65;68;75m██[38;2;65;68;75m██[38;2;43;44;49m██[38;2;43;44;49m██[38;2;65;68;75m██[38;2;65;68;75m██[38;2;65;68;75m██[38;2;65;68;75m██[38;2;65;68;75m██[38;2;65;68;75m██[38;2;61;68;60m██[38;2;236;223;72m██[38;2;236;223;72m██[38;2;236;223;72m██[38;2;22;23;26m██[38;2;65;68;75m██[38;2;43;44;49m██[38;2;43;44;49m██[38;2;43;44;49m██[38;2;43;44;49m██[38;2;43;44;49m██[38;2;43;44;49m██[38;2;43;44;49m██[38;2;65;68;75m██[38;2;65;68;75m██[38;2;22;23;26m██[38;2;65;68;75m██[38;2;65;68;75m██[38;2;43;44;49m██[38;2;43;44;49m██[38;2;43;44;49m██[38;2;43;44;49m██[38;2;43;44;49m██[38;2;43;44;49m██[38;2;43;44;49m██[38;2;43;44;49m██[38;2;65;68;75m██[38;2;65;68;75m██[38;2;22;23;26m██[38;2;61;68;60m██[38;2;236;223;72m██[38;2;236;223;72m██[38;2;236;223;72m██[38;2;61;68;60m██[38;2;65;68;75m██[38;2;65;68;75m██[38;2;65;68;75m██[38;2;65;68;75m██[38;2;65;68;75m██[38;2;43;44;49m██[38;2;43;44;49m██[38;2;43;44;49m██[38;2;65;68;75m██[38;2;65;68;75m██[38;2;65;68;75m██[38;2;65;68;75m██[38;2;65;68;75m██[38;2;22;23;26m██[38;2;22;23;26m██                
    [38;2;22;23;26m██[38;2;65;68;75m██[38;2;43;44;49m██[38;2;43;44;49m██[38;2;65;68;75m██[38;2;65;68;75m██[38;2;65;68;75m██[38;2;61;68;60m██[38;2;65;68;75m██[38;2;65;68;75m██[38;2;65;68;75m██[38;2;61;68;60m██[38;2;145;144;142m██[38;2;61;68;60m██[38;2;236;223;72m██[38;2;22;23;26m██[38;2;65;68;75m██[38;2;65;68;75m██[38;2;65;68;75m██[38;2;65;68;75m██[38;2;65;68;75m██[38;2;65;68;75m██[38;2;65;68;75m██[38;2;65;68;75m██[38;2;65;68;75m██[38;2;65;68;75m██[38;2;22;23;26m██[38;2;65;68;75m██[38;2;65;68;75m██[38;2;65;68;75m██[38;2;65;68;75m██[38;2;65;68;75m██[38;2;65;68;75m██[38;2;65;68;75m██[38;2;65;68;75m██[38;2;65;68;75m██[38;2;65;68;75m██[38;2;65;68;75m██[38;2;65;68;75m██[38;2;22;23;26m██[38;2;61;68;60m██[38;2;236;223;72m██[38;2;236;223;72m██[38;2;236;223;72m██[38;2;61;68;60m██[38;2;145;144;142m██[38;2;61;68;60m██[38;2;65;68;75m██[38;2;65;68;75m██[38;2;65;68;75m██[38;2;65;68;75m██[38;2;61;68;60m██[38;2;65;68;75m██[38;2;65;68;75m██[38;2;65;68;75m██[38;2;65;68;75m██[38;2;65;68;75m██[38;2;65;68;75m██[38;2;65;68;75m██[38;2;65;68;75m██[38;2;65;68;75m██[38;2;22;23;26m██[38;2;22;23;26m██            
  [38;2;22;23;26m██[38;2;61;68;60m██[38;2;61;68;60m██[38;2;61;68;60m██[38;2;65;68;75m██[38;2;65;68;75m██[38;2;65;68;75m██[38;2;61;68;60m██[38;2;145;144;142m██[38;2;61;68;60m██[38;2;65;68;75m██[38;2;61;68;60m██[38;2;145;144;142m██[38;2;253;255;255m██[38;2;145;144;142m██[38;2;61;68;60m██[38;2;22;23;26m██[38;2;65;68;75m██[38;2;65;68;75m██[38;2;65;68;75m██[38;2;65;68;75m██[38;2;65;68;75m██[38;2;65;68;75m██[38;2;65;68;75m██[38;2;65;68;75m██[38;2;65;68;75m██[38;2;65;68;75m██[38;2;22;23;26m██[38;2;65;68;75m██[38;2;65;68;75m██[38;2;65;68;75m██[38;2;65;68;75m██[38;2;65;68;75m██[38;2;65;68;75m██[38;2;65;68;75m██[38;2;65;68;75m██[38;2;65;68;75m██[38;2;65;68;75m██[38;2;65;68;75m██[38;2;65;68;75m██[38;2;22;23;26m██[38;2;236;223;72m██[38;2;236;223;72m██[38;2;236;223;72m██[38;2;61;68;60m██[38;2;145;144;142m██[38;2;253;255;255m██[38;2;145;144;142m██[38;2;61;68;60m██[38;2;65;68;75m██[38;2;65;68;75m██[38;2;61;68;60m██[38;2;145;144;142m██[38;2;61;68;60m██[38;2;65;68;75m██[38;2;65;68;75m██[38;2;65;68;75m██[38;2;43;44;49m██[38;2;43;44;49m██[38;2;43;44;49m██[38;2;65;68;75m██[38;2;65;68;75m██[38;2;65;68;75m██[38;2;65;68;75m██[38;2;22;23;26m██[38;2;22;23;26m██        
[38;2;1;1;1m██[38;2;61;68;60m██[38;2;145;144;142m██[38;2;145;144;142m██[38;2;145;144;142m██[38;2;61;68;60m██[38;2;65;68;75m██[38;2;61;68;60m██[38;2;145;144;142m██[38;2;253;255;255m██[38;2;145;144;142m██[38;2;61;68;60m██[38;2;145;144;142m██[38;2;253;255;255m██[38;2;253;255;255m██[38;2;1;1;1m██[38;2;1;1;1m██[38;2;1;1;1m██[38;2;1;1;1m██[38;2;1;1;1m██[38;2;1;1;1m██[38;2;1;1;1m██[38;2;1;1;1m██[38;2;1;1;1m██[38;2;1;1;1m██[38;2;1;1;1m██[38;2;1;1;1m██[38;2;1;1;1m██[38;2;1;1;1m██[38;2;1;1;1m██[38;2;1;1;1m██[38;2;1;1;1m██[38;2;1;1;1m██[38;2;1;1;1m██[38;2;1;1;1m██[38;2;1;1;1m██[38;2;1;1;1m██[38;2;1;1;1m██[38;2;1;1;1m██[38;2;1;1;1m██[38;2;1;1;1m██[38;2;1;1;1m██[38;2;1;1;1m██[38;2;236;223;72m██[38;2;61;68;60m██[38;2;145;144;142m██[38;2;253;255;255m██[38;2;253;255;255m██[38;2;253;255;255m██[38;2;145;144;142m██[38;2;61;68;60m██[38;2;61;68;60m██[38;2;145;144;142m██[38;2;253;255;255m██[38;2;145;144;142m██[38;2;61;68;60m██[38;2;65;68;75m██[38;2;65;68;75m██[38;2;65;68;75m██[38;2;61;68;60m██[38;2;61;68;60m██[38;2;61;68;60m██[38;2;43;44;49m██[38;2;43;44;49m██[38;2;65;68;75m██[38;2;65;68;75m██[38;2;65;68;75m██[38;2;22;23;26m██      
[38;2;1;1;1m██[38;2;253;255;255m██[38;2;253;255;255m██[38;2;253;255;255m██[38;2;253;255;255m██[38;2;145;144;142m██[38;2;61;68;60m██[38;2;145;144;142m██[38;2;253;255;255m██[38;2;253;255;255m██[38;2;253;255;255m██[38;2;1;1;1m██[38;2;1;1;1m██[38;2;1;1;1m██[38;2;1;1;1m██[38;2;25;25;25m██[38;2;25;25;25m██[38;2;25;25;25m██[38;2;25;25;25m██[38;2;25;25;25m██[38;2;25;25;25m██[38;2;25;25;25m██[38;2;25;25;25m██[38;2;25;25;25m██[38;2;25;25;25m██[38;2;25;25;25m██[38;2;25;25;25m██[38;2;25;25;25m██[38;2;25;25;25m██[38;2;25;25;25m██[38;2;25;25;25m██[38;2;25;25;25m██[38;2;25;25;25m██[38;2;25;25;25m██[38;2;25;25;25m██[38;2;25;25;25m██[38;2;25;25;25m██[38;2;25;25;25m██[38;2;25;25;25m██[38;2;25;25;25m██[38;2;25;25;25m██[38;2;25;25;25m██[38;2;25;25;25m██[38;2;1;1;1m██[38;2;1;1;1m██[38;2;1;1;1m██[38;2;1;1;1m██[38;2;253;255;255m██[38;2;253;255;255m██[38;2;253;255;255m██[38;2;61;68;60m██[38;2;145;144;142m██[38;2;253;255;255m██[38;2;253;255;255m██[38;2;253;255;255m██[38;2;145;144;142m██[38;2;61;68;60m██[38;2;65;68;75m██[38;2;61;68;60m██[38;2;145;144;142m██[38;2;253;255;255m██[38;2;145;144;142m██[38;2;61;68;60m██[38;2;61;68;60m██[38;2;61;68;60m██[38;2;65;68;75m██[38;2;65;68;75m██[38;2;65;68;75m██[38;2;22;23;26m██    
[38;2;1;1;1m██[38;2;61;68;60m██[38;2;145;144;142m██[38;2;253;255;255m██[38;2;253;255;255m██[38;2;253;255;255m██[38;2;145;144;142m██[38;2;253;255;255m██[38;2;1;1;1m██[38;2;1;1;1m██[38;2;1;1;1m██[38;2;25;25;25m██[38;2;25;25;25m██[38;2;25;25;25m██[38;2;25;25;25m██[38;2;43;44;49m██[38;2;43;44;49m██[38;2;43;44;49m██[38;2;43;44;49m██[38;2;43;44;49m██[38;2;43;44;49m██[38;2;43;44;49m██[38;2;43;44;49m██[38;2;43;44;49m██[38;2;43;44;49m██[38;2;114;93;8m██[38;2;114;93;8m██[38;2;114;93;8m██[38;2;40;44;40m██[38;2;40;44;40m██[38;2;40;44;40m██[38;2;40;44;40m██[38;2;40;44;40m██[38;2;25;25;25m██[38;2;25;25;25m██[38;2;25;25;25m██[38;2;1;1;1m██[38;2;43;44;49m██[38;2;43;44;49m██[38;2;43;44;49m██[38;2;43;44;49m██[38;2;43;44;49m██[38;2;43;44;49m██[38;2;43;44;49m██[38;2;25;25;25m██[38;2;25;25;25m██[38;2;25;25;25m██[38;2;1;1;1m██[38;2;1;1;1m██[38;2;1;1;1m██[38;2;1;1;1m██[38;2;1;1;1m██[38;2;253;255;255m██[38;2;253;255;255m██[38;2;253;255;255m██[38;2;253;255;255m██[38;2;145;144;142m██[38;2;61;68;60m██[38;2;145;144;142m██[38;2;253;255;255m██[38;2;253;255;255m██[38;2;253;255;255m██[38;2;253;255;255m██[38;2;145;144;142m██[38;2;145;144;142m██[38;2;61;68;60m██[38;2;61;68;60m██[38;2;43;44;49m██[38;2;43;44;49m██[38;2;1;1;1m██  
[38;2;1;1;1m██[38;2;253;255;255m██[38;2;253;255;255m██[38;2;253;255;255m██[38;2;145;144;142m██[38;2;1;1;1m██[38;2;1;1;1m██[38;2;1;1;1m██[38;2;25;25;25m██[38;2;25;25;25m██[38;2;25;25;25m██[38;2;43;44;49m██[38;2;43;44;49m██[38;2;43;44;49m██[38;2;43;44;49m██[38;2;43;44;49m██[38;2;43;44;49m██[38;2;43;44;49m██[38;2;25;25;25m██[38;2;25;25;25m██[38;2;25;25;25m██[38;2;25;25;25m██[38;2;25;25;25m██[38;2;25;25;25m██[38;2;25;25;25m██[38;2;114;93;8m██[38;2;236;223;72m██[38;2;236;223;72m██[38;2;114;93;8m██[38;2;114;93;8m██[38;2;40;44;40m██[38;2;40;44;40m██[38;2;40;44;40m██[38;2;40;44;40m██[38;2;61;68;60m██[38;2;145;144;142m██[38;2;61;68;60m██[38;2;25;25;25m██[38;2;1;1;1m██[38;2;43;44;49m██[38;2;43;44;49m██[38;2;43;44;49m██[38;2;43;44;49m██[38;2;43;44;49m██[38;2;43;44;49m██[38;2;43;44;49m██[38;2;43;44;49m██[38;2;43;44;49m██[38;2;25;25;25m██[38;2;25;25;25m██[38;2;25;25;25m██[38;2;25;25;25m██[38;2;1;1;1m██[38;2;1;1;1m██[38;2;1;1;1m██[38;2;1;1;1m██[38;2;1;1;1m██[38;2;145;144;142m██[38;2;253;255;255m██[38;2;253;255;255m██[38;2;253;255;255m██[38;2;253;255;255m██[38;2;253;255;255m██[38;2;253;255;255m██[38;2;253;255;255m██[38;2;253;255;255m██[38;2;145;144;142m██[38;2;61;68;60m██[38;2;1;1;1m██[38;2;1;1;1m██  
[38;2;1;1;1m██[38;2;1;1;1m██[38;2;1;1;1m██[38;2;1;1;1m██[38;2;25;25;25m██[38;2;25;25;25m██[38;2;25;25;25m██[38;2;43;44;49m██[38;2;43;44;49m██[38;2;43;44;49m██[38;2;43;44;49m██[38;2;43;44;49m██[38;2;25;25;25m██[38;2;25;25;25m██[38;2;25;25;25m██[38;2;25;25;25m██[38;2;1;1;1m██[38;2;1;1;1m██[38;2;1;1;1m██[38;2;1;1;1m██[38;2;1;1;1m██[38;2;1;1;1m██[38;2;1;1;1m██[38;2;25;25;25m██[38;2;145;144;142m██[38;2;114;93;8m██[38;2;179;158;17m██[38;2;236;223;72m██[38;2;236;223;72m██[38;2;236;223;72m██[38;2;114;93;8m██[38;2;114;93;8m██[38;2;40;44;40m██[38;2;61;68;60m██[38;2;145;144;142m██[38;2;145;144;142m██[38;2;145;144;142m██[38;2;61;68;60m██[38;2;40;44;40m██[38;2;1;1;1m██[38;2;25;25;25m██[38;2;25;25;25m██[38;2;25;25;25m██[38;2;25;25;25m██[38;2;25;25;25m██[38;2;43;44;49m██[38;2;43;44;49m██[38;2;43;44;49m██[38;2;43;44;49m██[38;2;43;44;49m██[38;2;43;44;49m██[38;2;43;44;49m██[38;2;43;44;49m██[38;2;25;25;25m██[38;2;25;25;25m██[38;2;25;25;25m██[38;2;25;25;25m██[38;2;1;1;1m██[38;2;1;1;1m██[38;2;1;1;1m██[38;2;1;1;1m██[38;2;253;255;255m██[38;2;253;255;255m██[38;2;253;255;255m██[38;2;61;68;60m██[38;2;61;68;60m██[38;2;61;68;60m██[38;2;1;1;1m██[38;2;25;25;25m██[38;2;25;25;25m██[38;2;1;1;1m██
    [38;2;1;1;1m██[38;2;43;44;49m██[38;2;43;44;49m██[38;2;43;44;49m██[38;2;43;44;49m██[38;2;25;25;25m██[38;2;25;25;25m██[38;2;1;1;1m██[38;2;1;1;1m██[38;2;1;1;1m██[38;2;1;1;1m██[38;2;1;1;1m██[38;2;1;1;1m██[38;2;1;1;1m██              [38;2;25;25;25m██[38;2;61;68;60m██[38;2;145;144;142m██[38;2;114;93;8m██[38;2;236;223;72m██[38;2;236;223;72m██[38;2;114;93;8m██[38;2;25;25;25m██[38;2;1;1;1m██[38;2;114;93;8m██[38;2;145;144;142m██[38;2;145;144;142m██[38;2;61;68;60m██[38;2;22;23;26m██[38;2;22;23;26m██[38;2;40;44;40m██[38;2;1;1;1m██[38;2;1;1;1m██[38;2;1;1;1m██[38;2;1;1;1m██[38;2;1;1;1m██[38;2;1;1;1m██[38;2;1;1;1m██[38;2;1;1;1m██[38;2;1;1;1m██[38;2;25;25;25m██[38;2;25;25;25m██[38;2;25;25;25m██[38;2;25;25;25m██[38;2;43;44;49m██[38;2;43;44;49m██[38;2;43;44;49m██[38;2;43;44;49m██[38;2;43;44;49m██[38;2;43;44;49m██[38;2;25;25;25m██[38;2;25;25;25m██[38;2;25;25;25m██[38;2;1;1;1m██[38;2;1;1;1m██[38;2;1;1;1m██[38;2;253;255;255m██[38;2;61;68;60m██[38;2;1;1;1m██[38;2;25;25;25m██[38;2;43;44;49m██[38;2;25;25;25m██[38;2;1;1;1m██
    [38;2;1;1;1m██[38;2;1;1;1m██[38;2;1;1;1m██[38;2;1;1;1m██[38;2;1;1;1m██[38;2;1;1;1m██[38;2;1;1;1m██                          [38;2;25;25;25m██[38;2;22;23;26m██[38;2;65;68;75m██[38;2;1;1;1m██[38;2;114;93;8m██[38;2;179;158;17m██[38;2;236;223;72m██[38;2;25;25;25m██[38;2;145;144;142m██[38;2;145;144;142m██[38;2;65;68;75m██[38;2;1;1;1m██[38;2;65;68;75m██[38;2;40;44;40m██[38;2;65;68;75m██[38;2;65;68;75m██[38;2;22;23;26m██[38;2;40;44;40m██[38;2;1;1;1m██              [38;2;1;1;1m██[38;2;1;1;1m██[38;2;1;1;1m██[38;2;1;1;1m██[38;2;1;1;1m██[38;2;1;1;1m██[38;2;25;25;25m██[38;2;25;25;25m██[38;2;25;25;25m██[38;2;43;44;49m██[38;2;43;44;49m██[38;2;43;44;49m██[38;2;43;44;49m██[38;2;43;44;49m██[38;2;25;25;25m██[38;2;25;25;25m██[38;2;1;1;1m██[38;2;1;1;1m██[38;2;25;25;25m██[38;2;43;44;49m██[38;2;43;44;49m██[38;2;25;25;25m██[38;2;1;1;1m██
                                            [38;2;25;25;25m██[38;2;65;68;75m██[38;2;50;185;171m██[38;2;1;1;1m██[38;2;145;144;142m██[38;2;114;93;8m██[38;2;236;223;72m██[38;2;1;1;1m██[38;2;114;93;8m██[38;2;145;144;142m██[38;2;50;185;171m██[38;2;1;1;1m██[38;2;50;185;171m██[38;2;40;44;40m██[38;2;43;44;49m██[38;2;65;68;75m██[38;2;22;23;26m██[38;2;40;44;40m██[38;2;1;1;1m██                          [38;2;1;1;1m██[38;2;1;1;1m██[38;2;1;1;1m██[38;2;1;1;1m██[38;2;1;1;1m██[38;2;25;25;25m██[38;2;25;25;25m██[38;2;43;44;49m██[38;2;43;44;49m██[38;2;43;44;49m██[38;2;43;44;49m██[38;2;43;44;49m██[38;2;43;44;49m██[38;2;43;44;49m██[38;2;25;25;25m██[38;2;1;1;1m██  
                                          [38;2;25;25;25m██[38;2;145;144;142m██[38;2;65;68;75m██[38;2;43;44;49m██[38;2;50;185;171m██[38;2;145;144;142m██[38;2;114;93;8m██[38;2;179;158;17m██[38;2;114;93;8m██[38;2;145;144;142m██[38;2;145;144;142m██[38;2;40;44;40m██[38;2;50;185;171m██[38;2;40;44;40m██[38;2;65;68;75m██[38;2;43;44;49m██[38;2;40;44;40m██[38;2;40;44;40m██[38;2;40;44;40m██[38;2;40;44;40m██[38;2;1;1;1m██                                  [38;2;1;1;1m██[38;2;1;1;1m██[38;2;1;1;1m██[38;2;1;1;1m██[38;2;1;1;1m██[38;2;1;1;1m██[38;2;25;25;25m██[38;2;43;44;49m██[38;2;43;44;49m██[38;2;25;25;25m██[38;2;1;1;1m██  
                                          [38;2;25;25;25m██[38;2;253;255;255m██[38;2;40;44;40m██[38;2;65;68;75m██[38;2;40;44;40m██[38;2;253;255;255m██[38;2;145;144;142m██[38;2;114;93;8m██[38;2;145;144;142m██[38;2;253;255;255m██[38;2;145;144;142m██[38;2;40;44;40m██[38;2;65;68;75m██[38;2;43;44;49m██[38;2;65;68;75m██[38;2;40;44;40m██[38;2;40;44;40m██[38;2;253;255;255m██[38;2;253;255;255m██[38;2;40;44;40m██[38;2;1;1;1m██                                              [38;2;1;1;1m██[38;2;1;1;1m██[38;2;1;1;1m██[38;2;1;1;1m██    
                                    [38;2;22;23;26m██[38;2;22;23;26m██[38;2;25;25;25m██[38;2;253;255;255m██[38;2;253;255;255m██[38;2;40;44;40m██[38;2;40;44;40m██[38;2;40;44;40m██[38;2;1;1;1m██[38;2;253;255;255m██[38;2;253;255;255m██[38;2;253;255;255m██[38;2;145;144;142m██[38;2;1;1;1m██[38;2;40;44;40m██[38;2;40;44;40m██[38;2;40;44;40m██[38;2;40;44;40m██[38;2;145;144;142m██[38;2;253;255;255m██[38;2;253;255;255m██[38;2;145;144;142m██[38;2;22;23;26m██[38;2;22;23;26m██[38;2;22;23;26m██                                                        
                                  [38;2;22;23;26m██[38;2;65;68;75m██[38;2;65;68;75m██[38;2;25;25;25m██[38;2;61;68;60m██[38;2;145;144;142m██[38;2;253;255;255m██[38;2;40;44;40m██[38;2;40;44;40m██[38;2;40;44;40m██[38;2;1;1;1m██[38;2;1;1;1m██[38;2;1;1;1m██[38;2;1;1;1m██[38;2;40;44;40m██[38;2;40;44;40m██[38;2;40;44;40m██[38;2;40;44;40m██[38;2;253;255;255m██[38;2;253;255;255m██[38;2;145;144;142m██[38;2;40;44;40m██[38;2;22;23;26m██[38;2;65;68;75m██[38;2;65;68;75m██[38;2;65;68;75m██[38;2;22;23;26m██                                                      
                                [38;2;22;23;26m██[38;2;65;68;75m██[38;2;65;68;75m██[38;2;25;25;25m██[38;2;145;144;142m██[38;2;61;68;60m██[38;2;61;68;60m██[38;2;61;68;60m██[38;2;61;68;60m██[38;2;61;68;60m██[38;2;61;68;60m██[38;2;61;68;60m██[38;2;40;44;40m██[38;2;40;44;40m██[38;2;40;44;40m██[38;2;40;44;40m██[38;2;61;68;60m██[38;2;61;68;60m██[38;2;61;68;60m██[38;2;61;68;60m██[38;2;61;68;60m██[38;2;253;255;255m██[38;2;22;23;26m██[38;2;65;68;75m██[38;2;65;68;75m██[38;2;65;68;75m██[38;2;65;68;75m██[38;2;65;68;75m██[38;2;1;1;1m██                                                    
                                [38;2;22;23;26m██[38;2;43;44;49m██[38;2;65;68;75m██[38;2;25;25;25m██[38;2;253;255;255m██[38;2;61;68;60m██[38;2;61;68;60m██[38;2;61;68;60m██[38;2;61;68;60m██[38;2;61;68;60m██[38;2;61;68;60m██[38;2;61;68;60m██[38;2;61;68;60m██[38;2;61;68;60m██[38;2;61;68;60m██[38;2;61;68;60m██[38;2;61;68;60m██[38;2;61;68;60m██[38;2;61;68;60m██[38;2;61;68;60m██[38;2;61;68;60m██[38;2;253;255;255m██[38;2;22;23;26m██[38;2;43;44;49m██[38;2;65;68;75m██[38;2;65;68;75m██[38;2;65;68;75m██[38;2;43;44;49m██[38;2;22;23;26m██                                                    
                              [38;2;22;23;26m██[38;2;65;68;75m██[38;2;65;68;75m██[38;2;43;44;49m██[38;2;25;25;25m██[38;2;253;255;255m██[38;2;61;68;60m██[38;2;61;68;60m██[38;2;61;68;60m██[38;2;61;68;60m██[38;2;61;68;60m██[38;2;40;44;40m██[38;2;61;68;60m██[38;2;61;68;60m██[38;2;61;68;60m██[38;2;61;68;60m██[38;2;61;68;60m██[38;2;61;68;60m██[38;2;61;68;60m██[38;2;61;68;60m██[38;2;61;68;60m██[38;2;145;144;142m██[38;2;22;23;26m██[38;2;65;68;75m██[38;2;65;68;75m██[38;2;43;44;49m██[38;2;25;25;25m██[38;2;25;25;25m██[38;2;25;25;25m██[38;2;65;68;75m██[38;2;1;1;1m██                                                  
                            [38;2;25;25;25m██[38;2;22;23;26m██[38;2;65;68;75m██[38;2;65;68;75m██[38;2;1;1;1m██[38;2;253;255;255m██[38;2;253;255;255m██[38;2;145;144;142m██[38;2;61;68;60m██[38;2;61;68;60m██[38;2;61;68;60m██[38;2;61;68;60m██[38;2;40;44;40m██[38;2;61;68;60m██[38;2;61;68;60m██[38;2;61;68;60m██[38;2;61;68;60m██[38;2;61;68;60m██[38;2;145;144;142m██[38;2;253;255;255m██[38;2;253;255;255m██[38;2;253;255;255m██[38;2;253;255;255m██[38;2;22;23;26m██[38;2;65;68;75m██[38;2;65;68;75m██[38;2;25;25;25m██[38;2;61;68;60m██[38;2;61;68;60m██[38;2;61;68;60m██[38;2;25;25;25m██[38;2;25;25;25m██                                                  
                        [38;2;25;25;25m██[38;2;25;25;25m██[38;2;61;68;60m██[38;2;22;23;26m██[38;2;65;68;75m██[38;2;65;68;75m██[38;2;1;1;1m██[38;2;253;255;255m██[38;2;253;255;255m██[38;2;253;255;255m██[38;2;253;255;255m██[38;2;253;255;255m██[38;2;145;144;142m██[38;2;61;68;60m██[38;2;40;44;40m██[38;2;61;68;60m██[38;2;145;144;142m██[38;2;253;255;255m██[38;2;253;255;255m██[38;2;253;255;255m██[38;2;253;255;255m██[38;2;253;255;255m██[38;2;253;255;255m██[38;2;253;255;255m██[38;2;253;255;255m██[38;2;22;23;26m██[38;2;65;68;75m██[38;2;65;68;75m██[38;2;25;25;25m██[38;2;61;68;60m██[38;2;61;68;60m██[38;2;61;68;60m██[38;2;61;68;60m██[38;2;61;68;60m██[38;2;25;25;25m██                                                
                      [38;2;25;25;25m██[38;2;61;68;60m██[38;2;61;68;60m██[38;2;61;68;60m██[38;2;1;1;1m██[38;2;65;68;75m██[38;2;65;68;75m██[38;2;1;1;1m██[38;2;61;68;60m██[38;2;145;144;142m██[38;2;253;255;255m██[38;2;253;255;255m██[38;2;253;255;255m██[38;2;253;255;255m██[38;2;40;44;40m██[38;2;61;68;60m██[38;2;61;68;60m██[38;2;253;255;255m██[38;2;253;255;255m██[38;2;253;255;255m██[38;2;253;255;255m██[38;2;253;255;255m██[38;2;253;255;255m██[38;2;145;144;142m██[38;2;61;68;60m██[38;2;40;44;40m██[38;2;22;23;26m██[38;2;65;68;75m██[38;2;65;68;75m██[38;2;25;25;25m██[38;2;61;68;60m██[38;2;61;68;60m██[38;2;61;68;60m██[38;2;61;68;60m██[38;2;61;68;60m██[38;2;61;68;60m██[38;2;25;25;25m██[38;2;1;1;1m██                                            
                    [38;2;25;25;25m██[38;2;61;68;60m██[38;2;61;68;60m██[38;2;61;68;60m██[38;2;61;68;60m██[38;2;1;1;1m██[38;2;65;68;75m██[38;2;65;68;75m██[38;2;1;1;1m██[38;2;40;44;40m██[38;2;40;44;40m██[38;2;61;68;60m██[38;2;145;144;142m██[38;2;253;255;255m██[38;2;253;255;255m██[38;2;40;44;40m██[38;2;61;68;60m██[38;2;61;68;60m██[38;2;253;255;255m██[38;2;253;255;255m██[38;2;253;255;255m██[38;2;145;144;142m██[38;2;61;68;60m██[38;2;61;68;60m██[38;2;25;25;25m██[38;2;25;25;25m██[38;2;40;44;40m██[38;2;1;1;1m██[38;2;43;44;49m██[38;2;65;68;75m██[38;2;25;25;25m██[38;2;61;68;60m██[38;2;61;68;60m██[38;2;61;68;60m██[38;2;61;68;60m██[38;2;61;68;60m██[38;2;61;68;60m██[38;2;61;68;60m██[38;2;40;44;40m██[38;2;1;1;1m██                                          
                  [38;2;25;25;25m██[38;2;61;68;60m██[38;2;61;68;60m██[38;2;61;68;60m██[38;2;61;68;60m██[38;2;61;68;60m██[38;2;1;1;1m██[38;2;65;68;75m██[38;2;65;68;75m██[38;2;43;44;49m██[38;2;25;25;25m██[38;2;40;44;40m██[38;2;25;25;25m██[38;2;25;25;25m██[38;2;61;68;60m██[38;2;61;68;60m██[38;2;40;44;40m██[38;2;61;68;60m██[38;2;61;68;60m██[38;2;61;68;60m██[38;2;61;68;60m██[38;2;61;68;60m██[38;2;25;25;25m██[38;2;25;25;25m██[38;2;25;25;25m██[38;2;40;44;40m██[38;2;40;44;40m██[38;2;40;44;40m██[38;2;1;1;1m██[38;2;43;44;49m██[38;2;43;44;49m██[38;2;43;44;49m██[38;2;25;25;25m██[38;2;61;68;60m██[38;2;61;68;60m██[38;2;61;68;60m██[38;2;61;68;60m██[38;2;61;68;60m██[38;2;61;68;60m██[38;2;61;68;60m██[38;2;40;44;40m██[38;2;1;1;1m██                                        
                [38;2;25;25;25m██[38;2;61;68;60m██[38;2;61;68;60m██[38;2;61;68;60m██[38;2;61;68;60m██[38;2;61;68;60m██[38;2;40;44;40m██[38;2;40;44;40m██[38;2;1;1;1m██[38;2;43;44;49m██[38;2;43;44;49m██[38;2;1;1;1m██[38;2;40;44;40m██[38;2;40;44;40m██[38;2;40;44;40m██[38;2;25;25;25m██[38;2;25;25;25m██[38;2;61;68;60m██[38;2;61;68;60m██[38;2;61;68;60m██[38;2;61;68;60m██[38;2;25;25;25m██[38;2;25;25;25m██[38;2;40;44;40m██[38;2;40;44;40m██[38;2;40;44;40m██[38;2;40;44;40m██[38;2;40;44;40m██[38;2;40;44;40m██[38;2;1;1;1m██[38;2;43;44;49m██[38;2;43;44;49m██[38;2;43;44;49m██[38;2;1;1;1m██[38;2;40;44;40m██[38;2;61;68;60m██[38;2;61;68;60m██[38;2;61;68;60m██[38;2;61;68;60m██[38;2;61;68;60m██[38;2;61;68;60m██[38;2;61;68;60m██[38;2;40;44;40m██[38;2;1;1;1m██                                      
                [38;2;25;25;25m██[38;2;61;68;60m██[38;2;61;68;60m██[38;2;61;68;60m██[38;2;61;68;60m██[38;2;40;44;40m██[38;2;40;44;40m██[38;2;40;44;40m██[38;2;1;1;1m██[38;2;43;44;49m██[38;2;43;44;49m██[38;2;22;23;26m██[38;2;1;1;1m██[38;2;40;44;40m██[38;2;40;44;40m██[38;2;40;44;40m██[38;2;40;44;40m██[38;2;40;44;40m██[38;2;25;25;25m██[38;2;40;44;40m██[38;2;40;44;40m██[38;2;40;44;40m██[38;2;40;44;40m██[38;2;40;44;40m██[38;2;40;44;40m██[38;2;40;44;40m██[38;2;40;44;40m██[38;2;40;44;40m██[38;2;40;44;40m██[38;2;40;44;40m██[38;2;1;1;1m██[38;2;43;44;49m██[38;2;43;44;49m██[38;2;22;23;26m██[38;2;1;1;1m██[38;2;40;44;40m██[38;2;61;68;60m██[38;2;61;68;60m██[38;2;40;44;40m██[38;2;61;68;60m██[38;2;61;68;60m██[38;2;61;68;60m██[38;2;61;68;60m██[38;2;1;1;1m██                                      
              [38;2;1;1;1m██[38;2;61;68;60m██[38;2;61;68;60m██[38;2;61;68;60m██[38;2;61;68;60m██[38;2;40;44;40m██[38;2;25;25;25m██[38;2;1;1;1m██[38;2;1;1;1m██  [38;2;1;1;1m██[38;2;22;23;26m██[38;2;43;44;49m██[38;2;1;1;1m██[38;2;40;44;40m██[38;2;40;44;40m██[38;2;40;44;40m██[38;2;40;44;40m██[38;2;40;44;40m██[38;2;25;25;25m██[38;2;40;44;40m██[38;2;40;44;40m██[38;2;40;44;40m██[38;2;40;44;40m██[38;2;40;44;40m██[38;2;40;44;40m██[38;2;40;44;40m██[38;2;40;44;40m██[38;2;40;44;40m██[38;2;40;44;40m██[38;2;40;44;40m██[38;2;1;1;1m██[38;2;22;23;26m██[38;2;22;23;26m██[38;2;43;44;49m██[38;2;43;44;49m██[38;2;1;1;1m██[38;2;40;44;40m██[38;2;25;25;25m██[38;2;61;68;60m██[38;2;61;68;60m██[38;2;61;68;60m██[38;2;61;68;60m██[38;2;61;68;60m██[38;2;40;44;40m██[38;2;1;1;1m██                                    
              [38;2;1;1;1m██[38;2;61;68;60m██[38;2;61;68;60m██[38;2;61;68;60m██[38;2;61;68;60m██[38;2;61;68;60m██[38;2;114;93;8m██[38;2;114;93;8m██[38;2;1;1;1m██    [38;2;1;1;1m██[38;2;43;44;49m██[38;2;43;44;49m██[38;2;1;1;1m██[38;2;40;44;40m██[38;2;40;44;40m██[38;2;40;44;40m██[38;2;40;44;40m██[38;2;40;44;40m██[38;2;25;25;25m██[38;2;40;44;40m██[38;2;40;44;40m██[38;2;40;44;40m██[38;2;40;44;40m██[38;2;40;44;40m██[38;2;40;44;40m██[38;2;40;44;40m██[38;2;40;44;40m██[38;2;40;44;40m██[38;2;40;44;40m██[38;2;1;1;1m██[38;2;1;1;1m██[38;2;43;44;49m██[38;2;43;44;49m██[38;2;1;1;1m██  [38;2;1;1;1m██[38;2;25;25;25m██[38;2;61;68;60m██[38;2;61;68;60m██[38;2;61;68;60m██[38;2;61;68;60m██[38;2;61;68;60m██[38;2;40;44;40m██[38;2;1;1;1m██                                    
              [38;2;1;1;1m██[38;2;61;68;60m██[38;2;61;68;60m██[38;2;61;68;60m██[38;2;114;93;8m██[38;2;114;93;8m██[38;2;236;223;72m██[38;2;236;223;72m██[38;2;236;223;72m██[38;2;1;1;1m██    [38;2;1;1;1m██[38;2;1;1;1m██[38;2;1;1;1m██[38;2;1;1;1m██[38;2;40;44;40m██[38;2;40;44;40m██[38;2;40;44;40m██[38;2;40;44;40m██[38;2;25;25;25m██[38;2;40;44;40m██[38;2;40;44;40m██[38;2;40;44;40m██[38;2;40;44;40m██[38;2;40;44;40m██[38;2;40;44;40m██[38;2;40;44;40m██[38;2;40;44;40m██[38;2;40;44;40m██[38;2;1;1;1m██    [38;2;1;1;1m██[38;2;1;1;1m██    [38;2;114;93;8m██[38;2;114;93;8m██[38;2;61;68;60m██[38;2;61;68;60m██[38;2;61;68;60m██[38;2;61;68;60m██[38;2;61;68;60m██[38;2;40;44;40m██[38;2;1;1;1m██                                    
                [38;2;1;1;1m██[38;2;61;68;60m██[38;2;114;93;8m██[38;2;236;223;72m██[38;2;236;223;72m██[38;2;179;158;17m██[38;2;114;93;8m██[38;2;114;93;8m██[38;2;114;93;8m██[38;2;1;1;1m██          [38;2;1;1;1m██[38;2;40;44;40m██[38;2;40;44;40m██[38;2;40;44;40m██[38;2;40;44;40m██[38;2;40;44;40m██[38;2;40;44;40m██[38;2;40;44;40m██[38;2;40;44;40m██[38;2;40;44;40m██[38;2;40;44;40m██[38;2;40;44;40m██[38;2;114;93;8m██[38;2;114;93;8m██[38;2;114;93;8m██[38;2;114;93;8m██[38;2;114;93;8m██[38;2;114;93;8m██[38;2;114;93;8m██[38;2;114;93;8m██[38;2;114;93;8m██[38;2;179;158;17m██[38;2;236;223;72m██[38;2;114;93;8m██[38;2;61;68;60m██[38;2;61;68;60m██[38;2;61;68;60m██[38;2;40;44;40m██[38;2;40;44;40m██[38;2;1;1;1m██                                    
                [38;2;1;1;1m██[38;2;114;93;8m██[38;2;236;223;72m██[38;2;179;158;17m██[38;2;114;93;8m██[38;2;236;223;72m██[38;2;179;158;17m██[38;2;179;158;17m██[38;2;179;158;17m██[38;2;114;93;8m██            [38;2;1;1;1m██[38;2;1;1;1m██[38;2;40;44;40m██[38;2;40;44;40m██[38;2;40;44;40m██[38;2;40;44;40m██[38;2;40;44;40m██[38;2;40;44;40m██[38;2;40;44;40m██[38;2;40;44;40m██[38;2;114;93;8m██[38;2;236;223;72m██[38;2;236;223;72m██[38;2;236;223;72m██[38;2;236;223;72m██[38;2;236;223;72m██[38;2;236;223;72m██[38;2;236;223;72m██[38;2;179;158;17m██[38;2;236;223;72m██[38;2;236;223;72m██[38;2;179;158;17m██[38;2;236;223;72m██[38;2;114;93;8m██[38;2;61;68;60m██[38;2;61;68;60m██[38;2;40;44;40m██[38;2;40;44;40m██[38;2;1;1;1m██                                    
                  [38;2;114;93;8m██[38;2;236;223;72m██[38;2;114;93;8m██[38;2;236;223;72m██[38;2;179;158;17m██[38;2;179;158;17m██[38;2;179;158;17m██[38;2;179;158;17m██[38;2;179;158;17m██[38;2;114;93;8m██              [38;2;1;1;1m██[38;2;25;25;25m██[38;2;40;44;40m██[38;2;40;44;40m██[38;2;40;44;40m██[38;2;40;44;40m██[38;2;40;44;40m██[38;2;114;93;8m██[38;2;179;158;17m██[38;2;179;158;17m██[38;2;179;158;17m██[38;2;236;223;72m██[38;2;236;223;72m██[38;2;236;223;72m██[38;2;236;223;72m██[38;2;236;223;72m██[38;2;236;223;72m██[38;2;179;158;17m██[38;2;236;223;72m██[38;2;179;158;17m██[38;2;179;158;17m██[38;2;236;223;72m██[38;2;114;93;8m██[38;2;40;44;40m██[38;2;40;44;40m██[38;2;1;1;1m██                                      
                  [38;2;1;1;1m██[38;2;179;158;17m██[38;2;114;93;8m██[38;2;179;158;17m██[38;2;179;158;17m██[38;2;114;93;8m██[38;2;40;44;40m██[38;2;40;44;40m██[38;2;179;158;17m██[38;2;179;158;17m██[38;2;1;1;1m██              [38;2;1;1;1m██[38;2;40;44;40m██[38;2;40;44;40m██[38;2;40;44;40m██[38;2;40;44;40m██[38;2;114;93;8m██[38;2;179;158;17m██[38;2;179;158;17m██[38;2;179;158;17m██[38;2;179;158;17m██[38;2;179;158;17m██[38;2;236;223;72m██[38;2;236;223;72m██[38;2;236;223;72m██[38;2;236;223;72m██[38;2;236;223;72m██[38;2;179;158;17m██[38;2;179;158;17m██[38;2;236;223;72m██[38;2;179;158;17m██[38;2;236;223;72m██[38;2;114;93;8m██[38;2;40;44;40m██[38;2;40;44;40m██[38;2;1;1;1m██                                      
                    [38;2;114;93;8m██[38;2;236;223;72m██[38;2;179;158;17m██[38;2;114;93;8m██[38;2;40;44;40m██[38;2;40;44;40m██[38;2;40;44;40m██[38;2;114;93;8m██[38;2;179;158;17m██[38;2;1;1;1m██              [38;2;1;1;1m██[38;2;25;25;25m██[38;2;40;44;40m██[38;2;40;44;40m██[38;2;40;44;40m██[38;2;114;93;8m██[38;2;179;158;17m██[38;2;114;93;8m██[38;2;40;44;40m██[38;2;40;44;40m██[38;2;114;93;8m██[38;2;179;158;17m██[38;2;179;158;17m██[38;2;179;158;17m██[38;2;179;158;17m██[38;2;179;158;17m██[38;2;236;223;72m██[38;2;179;158;17m██[38;2;236;223;72m██[38;2;114;93;8m██[38;2;179;158;17m██[38;2;114;93;8m██[38;2;40;44;40m██[38;2;1;1;1m██                                        
                    [38;2;1;1;1m██[38;2;179;158;17m██[38;2;40;44;40m██[38;2;40;44;40m██[38;2;40;44;40m██[38;2;40;44;40m██[38;2;40;44;40m██[38;2;40;44;40m██[38;2;40;44;40m██                  [38;2;1;1;1m██[38;2;40;44;40m██[38;2;40;44;40m██[38;2;40;44;40m██[38;2;114;93;8m██[38;2;40;44;40m██[38;2;40;44;40m██[38;2;40;44;40m██[38;2;40;44;40m██[38;2;40;44;40m██[38;2;40;44;40m██[38;2;40;44;40m██[38;2;179;158;17m██[38;2;236;223;72m██[38;2;236;223;72m██[38;2;236;223;72m██[38;2;114;93;8m██[38;2;179;158;17m██[38;2;114;93;8m██[38;2;179;158;17m██[38;2;1;1;1m██[38;2;1;1;1m██                                          
                    [38;2;1;1;1m██[38;2;236;223;72m██[38;2;179;158;17m██[38;2;114;93;8m██[38;2;40;44;40m██[38;2;40;44;40m██[38;2;40;44;40m██[38;2;114;93;8m██[38;2;179;158;17m██[38;2;1;1;1m██                [38;2;1;1;1m██[38;2;40;44;40m██[38;2;40;44;40m██[38;2;40;44;40m██[38;2;1;1;1m██  [38;2;40;44;40m██[38;2;40;44;40m██[38;2;40;44;40m██[38;2;40;44;40m██[38;2;114;93;8m██[38;2;236;223;72m██[38;2;236;223;72m██[38;2;236;223;72m██[38;2;236;223;72m██[38;2;179;158;17m██[38;2;114;93;8m██[38;2;179;158;17m██[38;2;1;1;1m██[38;2;1;1;1m██                                              
                      [38;2;114;93;8m██[38;2;179;158;17m██[38;2;179;158;17m██[38;2;114;93;8m██[38;2;40;44;40m██[38;2;40;44;40m██[38;2;179;158;17m██[38;2;179;158;17m██[38;2;1;1;1m██                [38;2;114;93;8m██[38;2;114;93;8m██[38;2;114;93;8m██[38;2;179;158;17m██[38;2;1;1;1m██[38;2;114;93;8m██[38;2;40;44;40m██[38;2;40;44;40m██[38;2;40;44;40m██[38;2;40;44;40m██[38;2;114;93;8m██[38;2;236;223;72m██[38;2;236;223;72m██[38;2;179;158;17m██[38;2;179;158;17m██[38;2;179;158;17m██[38;2;1;1;1m██[38;2;1;1;1m██                                                  
                      [38;2;1;1;1m██[38;2;236;223;72m██[38;2;179;158;17m██[38;2;179;158;17m██[38;2;179;158;17m██[38;2;179;158;17m██[38;2;179;158;17m██[38;2;1;1;1m██                  [38;2;114;93;8m██[38;2;179;158;17m██[38;2;179;158;17m██[38;2;179;158;17m██[38;2;1;1;1m██[38;2;179;158;17m██[38;2;179;158;17m██[38;2;40;44;40m██[38;2;40;44;40m██[38;2;114;93;8m██[38;2;179;158;17m██[38;2;179;158;17m██[38;2;179;158;17m██[38;2;179;158;17m██[38;2;1;1;1m██[38;2;1;1;1m██                                                      
                        [38;2;1;1;1m██[38;2;236;223;72m██[38;2;179;158;17m██[38;2;179;158;17m██[38;2;179;158;17m██[38;2;1;1;1m██                    [38;2;114;93;8m██[38;2;179;158;17m██[38;2;179;158;17m██[38;2;236;223;72m██[38;2;236;223;72m██[38;2;1;1;1m██[38;2;179;158;17m██[38;2;179;158;17m██[38;2;179;158;17m██[38;2;179;158;17m██[38;2;179;158;17m██[38;2;179;158;17m██[38;2;1;1;1m██[38;2;1;1;1m██                                                          
                          [38;2;1;1;1m██[38;2;1;1;1m██[38;2;1;1;1m██[38;2;1;1;1m██                      [38;2;114;93;8m██[38;2;236;223;72m██[38;2;236;223;72m██[38;2;236;223;72m██[38;2;236;223;72m██[38;2;236;223;72m██[38;2;1;1;1m██[38;2;179;158;17m██[38;2;179;158;17m██[38;2;179;158;17m██[38;2;1;1;1m██[38;2;1;1;1m██                                                              
                                                      [38;2;114;93;8m██[38;2;236;223;72m██[38;2;236;223;72m██[38;2;236;223;72m██[38;2;236;223;72m██[38;2;236;223;72m██[38;2;236;223;72m██[38;2;179;158;17m██[38;2;1;1;1m██[38;2;1;1;1m██[38;2;1;1;1m██                                                                  
                                                    [38;2;114;93;8m██[38;2;236;223;72m██[38;2;236;223;72m██[38;2;236;223;72m██[38;2;236;223;72m██[38;2;236;223;72m██[38;2;61;68;60m██[38;2;61;68;60m██[38;2;179;158;17m██[38;2;236;223;72m██[38;2;236;223;72m██[38;2;1;1;1m██                                                                  
                                                  [38;2;114;93;8m██[38;2;179;158;17m██[38;2;61;68;60m██[38;2;61;68;60m██[38;2;61;68;60m██[38;2;61;68;60m██[38;2;61;68;60m██[38;2;179;158;17m██[38;2;236;223;72m██[38;2;236;223;72m██[38;2;236;223;72m██[38;2;236;223;72m██[38;2;61;68;60m██[38;2;1;1;1m██                                                                
                                                  [38;2;114;93;8m██[38;2;236;223;72m██[38;2;236;223;72m██[38;2;236;223;72m██[38;2;236;223;72m██[38;2;236;223;72m██[38;2;236;223;72m██[38;2;236;223;72m██[38;2;236;223;72m██[38;2;236;223;72m██[38;2;61;68;60m██[38;2;61;68;60m██[38;2;179;158;17m██[38;2;1;1;1m██                                                                
                                                  [38;2;1;1;1m██[38;2;236;223;72m██[38;2;236;223;72m██[38;2;236;223;72m██[38;2;236;223;72m██[38;2;236;223;72m██[38;2;236;223;72m██[38;2;61;68;60m██[38;2;61;68;60m██[38;2;61;68;60m██[38;2;179;158;17m██[38;2;236;223;72m██[38;2;236;223;72m██[38;2;1;1;1m██                                                                
                                                  [38;2;1;1;1m██[38;2;61;68;60m██[38;2;61;68;60m██[38;2;61;68;60m██[38;2;61;68;60m██[38;2;61;68;60m██[38;2;61;68;60m██[38;2;179;158;17m██[38;2;236;223;72m██[38;2;236;223;72m██[38;2;236;223;72m██[38;2;236;223;72m██[38;2;236;223;72m██[38;2;1;1;1m██                                                                
                                                  [38;2;1;1;1m██[38;2;236;223;72m██[38;2;236;223;72m██[38;2;236;223;72m██[38;2;236;223;72m██[38;2;236;223;72m██[38;2;236;223;72m██[38;2;236;223;72m██[38;2;236;223;72m██[38;2;236;223;72m██[38;2;61;68;60m██[38;2;236;223;72m██[38;2;236;223;72m██[38;2;1;1;1m██                                                                
                                                    [38;2;114;93;8m██[38;2;236;223;72m██[38;2;236;223;72m██[38;2;236;223;72m██[38;2;61;68;60m██[38;2;236;223;72m██[38;2;236;223;72m██[38;2;179;158;17m██[38;2;236;223;72m██[38;2;61;68;60m██[38;2;179;158;17m██[38;2;236;223;72m██[38;2;1;1;1m██                                                                
                                                    [38;2;1;1;1m██[38;2;61;68;60m██[38;2;236;223;72m██[38;2;179;158;17m██[38;2;61;68;60m██[38;2;61;68;60m██[38;2;179;158;17m██[38;2;236;223;72m██[38;2;61;68;60m██[38;2;236;223;72m██[38;2;179;158;17m██[38;2;61;68;60m██[38;2;1;1;1m██                                                                
                                                    [38;2;1;1;1m██[38;2;236;223;72m██[38;2;61;68;60m██[38;2;236;223;72m██[38;2;61;68;60m██[38;2;236;223;72m██[38;2;61;68;60m██[38;2;61;68;60m██[38;2;179;158;17m██[38;2;236;223;72m██[38;2;61;68;60m██[38;2;236;223;72m██[38;2;1;1;1m██                                                                
                                                      [38;2;114;93;8m██[38;2;236;223;72m██[38;2;61;68;60m██[38;2;61;68;60m██[38;2;236;223;72m██[38;2;236;223;72m██[38;2;61;68;60m██[38;2;236;223;72m██[38;2;236;223;72m██[38;2;236;223;72m██[38;2;236;223;72m██[38;2;1;1;1m██                                                                
                                                      [38;2;1;1;1m██[38;2;236;223;72m██[38;2;236;223;72m██[38;2;236;223;72m██[38;2;236;223;72m██[38;2;236;223;72m██[38;2;236;223;72m██[38;2;236;223;72m██[38;2;236;223;72m██[38;2;114;93;8m██[38;2;1;1;1m██                                                                  
                                                        [38;2;1;1;1m██[38;2;1;1;1m██[38;2;1;1;1m██[38;2;1;1;1m██[38;2;1;1;1m██[38;2;1;1;1m██[38;2;1;1;1m██[38;2;1;1;1m██                                                                      
                                                              [38;2;1;1;1m██[38;2;40;44;40m██[38;2;40;44;40m██[38;2;1;1;1m██                                                                        
                                                                [38;2;1;1;1m██[38;2;40;44;40m██[38;2;40;44;40m██[38;2;1;1;1m██                                                                      
                                                                  [38;2;1;1;1m██[38;2;1;1;1m██[38;2;1;1;1m██                                                                      
