                                              [38;2;131;98;49m██[38;2;131;98;49m██[38;2;131;98;49m██[38;2;131;98;49m██[38;2;131;98;49m██[38;2;131;98;49m██                                    
                                          [38;2;16;16;16m██[38;2;16;16;16m██[38;2;213;197;131m██[38;2;213;197;131m██[38;2;213;197;131m██[38;2;213;197;131m██[38;2;213;197;131m██[38;2;213;197;131m██[38;2;131;98;49m██[38;2;131;98;49m██[38;2;131;98;49m██                              
                                    [38;2;172;41;32m██[38;2;172;41;32m██[38;2;16;16;16m██[38;2;213;197;131m██[38;2;213;197;131m██[38;2;213;197;131m██[38;2;213;197;131m██[38;2;213;197;131m██[38;2;213;197;131m██[38;2;213;197;131m██[38;2;213;197;131m██[38;2;213;197;131m██[38;2;213;197;131m██[38;2;213;197;131m██[38;2;131;98;49m██[38;2;131;98;49m██[38;2;131;98;49m██                        
                                  [38;2;172;41;32m██[38;2;246;98;82m██[38;2;16;16;16m██[38;2;213;197;131m██[38;2;213;197;131m██[38;2;213;197;131m██[38;2;213;197;131m██[38;2;213;197;131m██[38;2;213;197;131m██[38;2;213;197;131m██[38;2;213;197;131m██[38;2;213;197;131m██[38;2;213;197;131m██[38;2;213;197;131m██[38;2;213;197;131m██[38;2;213;197;131m██[38;2;213;197;131m██[38;2;213;197;131m██[38;2;180;156;98m██[38;2;180;156;98m██                    
                                [38;2;172;41;32m██[38;2;246;98;82m██[38;2;222;74;65m██[38;2;172;41;32m██[38;2;213;197;131m██[38;2;213;197;131m██[38;2;213;197;131m██[38;2;213;197;131m██[38;2;213;197;131m██[38;2;213;197;131m██[38;2;213;197;131m██[38;2;213;197;131m██[38;2;213;197;131m██[38;2;213;197;131m██[38;2;213;197;131m██[38;2;213;197;131m██[38;2;213;197;131m██[38;2;213;197;131m██[38;2;213;197;131m██[38;2;213;197;131m██[38;2;213;197;131m██[38;2;180;156;98m██[38;2;180;156;98m██                
                                [38;2;16;16;16m██[38;2;246;98;82m██[38;2;172;41;32m██[38;2;213;197;131m██[38;2;213;197;131m██[38;2;213;197;131m██[38;2;213;197;131m██[38;2;213;197;131m██[38;2;213;197;131m██[38;2;213;197;131m██[38;2;213;197;131m██[38;2;213;197;131m██[38;2;213;197;131m██[38;2;213;197;131m██[38;2;213;197;131m██[38;2;213;197;131m██[38;2;213;197;131m██[38;2;213;197;131m██[38;2;213;197;131m██[38;2;213;197;131m██[38;2;213;197;131m██[38;2;213;197;131m██[38;2;213;197;131m██[38;2;131;98;49m██              
                              [38;2;16;16;16m██[38;2;172;41;32m██[38;2;246;98;82m██[38;2;222;74;65m██[38;2;172;41;32m██[38;2;213;197;131m██[38;2;213;197;131m██[38;2;213;197;131m██[38;2;213;197;131m██[38;2;213;197;131m██[38;2;213;197;131m██[38;2;213;197;131m██[38;2;213;197;131m██[38;2;213;197;131m██[38;2;213;197;131m██[38;2;213;197;131m██[38;2;213;197;131m██[38;2;213;197;131m██[38;2;213;197;131m██[38;2;213;197;131m██[38;2;213;197;131m██[38;2;213;197;131m██[38;2;213;197;131m██[38;2;213;197;131m██[38;2;213;197;131m██[38;2;131;98;49m██            
                              [38;2;16;16;16m██[38;2;213;197;131m██[38;2;172;41;32m██[38;2;246;98;82m██[38;2;172;41;32m██[38;2;213;197;131m██[38;2;213;197;131m██[38;2;213;197;131m██[38;2;213;197;131m██[38;2;213;197;131m██[38;2;213;197;131m██[38;2;213;197;131m██[38;2;213;197;131m██[38;2;131;98;49m██[38;2;213;197;131m██[38;2;213;197;131m██[38;2;213;197;131m██[38;2;213;197;131m██[38;2;213;197;131m██[38;2;213;197;131m██[38;2;213;197;131m██[38;2;213;197;131m██[38;2;213;197;131m██[38;2;213;197;131m██[38;2;213;197;131m██[38;2;131;98;49m██            
                            [38;2;172;41;32m██[38;2;172;41;32m██[38;2;172;41;32m██[38;2;246;98;82m██[38;2;246;98;82m██[38;2;246;98;82m██[38;2;172;41;32m██[38;2;213;197;131m██[38;2;213;197;131m██[38;2;213;197;131m██[38;2;213;197;131m██[38;2;131;98;49m██[38;2;213;197;131m██[38;2;213;197;131m██[38;2;213;197;131m██[38;2;16;16;16m██[38;2;16;16;16m██[38;2;213;197;131m██[38;2;213;197;131m██[38;2;213;197;131m██[38;2;213;197;131m██[38;2;213;197;131m██[38;2;213;197;131m██[38;2;213;197;131m██[38;2;16;16;16m██[38;2;16;16;16m██              
                          [38;2;16;16;16m██[38;2;246;98;82m██[38;2;246;98;82m██[38;2;246;98;82m██[38;2;246;98;82m██[38;2;246;98;82m██[38;2;246;98;82m██[38;2;246;98;82m██[38;2;172;41;32m██[38;2;213;197;131m██[38;2;213;197;131m██[38;2;213;197;131m██[38;2;180;156;98m██[38;2;16;16;16m██[38;2;213;197;131m██[38;2;213;197;131m██[38;2;213;197;131m██[38;2;213;197;131m██[38;2;16;16;16m██[38;2;16;16;16m██[38;2;16;16;16m██[38;2;16;16;16m██[38;2;16;16;16m██[38;2;16;16;16m██[38;2;16;16;16m██                  
              [38;2;131;98;49m██[38;2;180;156;98m██[38;2;180;156;98m██[38;2;180;156;98m██    [38;2;16;16;16m██[38;2;246;98;82m██[38;2;172;41;32m██[38;2;172;41;32m██[38;2;172;41;32m██[38;2;172;41;32m██[38;2;246;98;82m██[38;2;246;98;82m██[38;2;246;98;82m██[38;2;213;197;131m██[38;2;213;197;131m██[38;2;213;197;131m██[38;2;213;197;131m██[38;2;16;16;16m██[38;2;213;197;131m██[38;2;213;197;131m██[38;2;213;197;131m██[38;2;213;197;131m██[38;2;213;197;131m██[38;2;213;197;131m██[38;2;131;98;49m██                          
              [38;2;131;98;49m██[38;2;213;197;131m██[38;2;213;197;131m██[38;2;213;197;131m██[38;2;131;98;49m██[38;2;131;98;49m██  [38;2;16;16;16m██[38;2;172;41;32m██[38;2;180;156;98m██[38;2;213;197;131m██[38;2;213;197;131m██[38;2;172;41;32m██[38;2;172;41;32m██[38;2;246;98;82m██[38;2;213;197;131m██[38;2;213;197;131m██[38;2;16;16;16m██[38;2;131;98;49m██[38;2;197;197;197m██[38;2;16;16;16m██[38;2;213;197;131m██[38;2;213;197;131m██[38;2;213;197;131m██[38;2;213;197;131m██[38;2;213;197;131m██[38;2;131;98;49m██                          
                [38;2;131;98;49m██[38;2;213;197;131m██[38;2;213;197;131m██[38;2;213;197;131m██[38;2;180;156;98m██[38;2;131;98;49m██[38;2;16;16;16m██[38;2;180;156;98m██[38;2;180;156;98m██[38;2;180;156;98m██[38;2;213;197;131m██[38;2;213;197;131m██[38;2;213;197;131m██[38;2;213;197;131m██[38;2;213;197;131m██[38;2;16;16;16m██[38;2;131;98;49m██[38;2;16;16;16m██[38;2;197;197;197m██[38;2;131;98;49m██[38;2;16;16;16m██[38;2;213;197;131m██[38;2;213;197;131m██[38;2;213;197;131m██[38;2;213;197;131m██[38;2;131;98;49m██                          
                [38;2;16;16;16m██[38;2;213;197;131m██[38;2;213;197;131m██[38;2;180;156;98m██[38;2;180;156;98m██[38;2;180;156;98m██[38;2;16;16;16m██[38;2;180;156;98m██[38;2;180;156;98m██[38;2;180;156;98m██[38;2;180;156;98m██[38;2;213;197;131m██[38;2;213;197;131m██[38;2;213;197;131m██[38;2;16;16;16m██[38;2;16;16;16m██[38;2;255;255;255m██[38;2;16;16;16m██[38;2;255;255;255m██[38;2;131;98;49m██[38;2;213;197;131m██[38;2;213;197;131m██[38;2;213;197;131m██[38;2;213;197;131m██[38;2;16;16;16m██                            
                  [38;2;16;16;16m██[38;2;180;156;98m██[38;2;180;156;98m██[38;2;180;156;98m██[38;2;180;156;98m██[38;2;180;156;98m██[38;2;131;98;49m██[38;2;180;156;98m██[38;2;180;156;98m██[38;2;180;156;98m██[38;2;16;16;16m██[38;2;213;197;131m██[38;2;213;197;131m██[38;2;16;16;16m██[38;2;16;16;16m██[38;2;16;16;16m██[38;2;255;255;255m██[38;2;255;255;255m██[38;2;131;98;49m██[38;2;213;197;131m██[38;2;213;197;131m██[38;2;213;197;131m██[38;2;213;197;131m██[38;2;16;16;16m██                            
                    [38;2;131;98;49m██[38;2;180;156;98m██[38;2;180;156;98m██[38;2;180;156;98m██[38;2;180;156;98m██[38;2;16;16;16m██[38;2;180;156;98m██[38;2;180;156;98m██[38;2;131;98;49m██[38;2;16;16;16m██[38;2;213;197;131m██[38;2;213;197;131m██[38;2;131;98;49m██[38;2;16;16;16m██[38;2;255;255;255m██[38;2;255;255;255m██[38;2;131;98;49m██[38;2;213;197;131m██[38;2;213;197;131m██[38;2;213;197;131m██[38;2;213;197;131m██[38;2;16;16;16m██[38;2;16;16;16m██                            
                      [38;2;131;98;49m██[38;2;131;98;49m██[38;2;180;156;98m██[38;2;16;16;16m██[38;2;16;16;16m██[38;2;16;16;16m██[38;2;180;156;98m██[38;2;131;98;49m██[38;2;255;255;255m██[38;2;16;16;16m██[38;2;180;156;98m██[38;2;213;197;131m██[38;2;131;98;49m██[38;2;131;98;49m██[38;2;131;98;49m██[38;2;213;197;131m██[38;2;213;197;131m██[38;2;213;197;131m██[38;2;213;197;131m██[38;2;213;197;131m██[38;2;16;16;16m██                              
                          [38;2;16;16;16m██[38;2;246;98;82m██[38;2;246;98;82m██[38;2;172;41;32m██[38;2;172;41;32m██[38;2;180;156;98m██[38;2;255;255;255m██[38;2;16;16;16m██[38;2;131;98;49m██[38;2;180;156;98m██[38;2;180;156;98m██[38;2;213;197;131m██[38;2;213;197;131m██[38;2;213;197;131m██[38;2;213;197;131m██[38;2;213;197;131m██[38;2;213;197;131m██[38;2;131;98;49m██                                
                        [38;2;16;16;16m██[38;2;246;98;82m██[38;2;246;98;82m██[38;2;246;98;82m██[38;2;246;98;82m██[38;2;246;98;82m██[38;2;172;41;32m██[38;2;131;98;49m██[38;2;255;255;255m██[38;2;16;16;16m██[38;2;16;16;16m██[38;2;180;156;98m██[38;2;180;156;98m██[38;2;180;156;98m██[38;2;213;197;131m██[38;2;156;49;49m██[38;2;189;82;90m██[38;2;16;16;16m██[38;2;16;16;16m██                                
                      [38;2;16;16;16m██[38;2;131;98;49m██[38;2;180;156;98m██[38;2;172;41;32m██[38;2;246;98;82m██[38;2;246;98;82m██[38;2;246;98;82m██[38;2;172;41;32m██[38;2;180;156;98m██[38;2;180;156;98m██[38;2;180;156;98m██[38;2;180;156;98m██[38;2;131;98;49m██[38;2;131;98;49m██[38;2;180;156;98m██[38;2;156;49;49m██[38;2;189;82;90m██[38;2;189;82;90m██[38;2;189;82;90m██[38;2;189;82;90m██[38;2;16;16;16m██                              
                  [38;2;16;16;16m██[38;2;16;16;16m██[38;2;213;197;131m██[38;2;180;156;98m██[38;2;180;156;98m██[38;2;180;156;98m██[38;2;222;74;65m██[38;2;246;98;82m██[38;2;246;98;82m██[38;2;246;98;82m██[38;2;172;41;32m██[38;2;180;156;98m██[38;2;180;156;98m██[38;2;16;16;16m██[38;2;16;16;16m██[38;2;16;16;16m██[38;2;16;16;16m██[38;2;16;16;16m██[38;2;156;49;49m██[38;2;189;82;90m██[38;2;189;82;90m██[38;2;16;16;16m██[38;2;213;197;131m██[38;2;131;98;49m██    [38;2;90;57;8m██[38;2;90;57;8m██[38;2;90;57;8m██[38;2;90;57;8m██[38;2;90;57;8m██[38;2;90;57;8m██[38;2;90;57;8m██[38;2;90;57;8m██        
              [38;2;131;98;49m██[38;2;131;98;49m██[38;2;213;197;131m██[38;2;213;197;131m██[38;2;213;197;131m██[38;2;213;197;131m██[38;2;180;156;98m██[38;2;180;156;98m██[38;2;172;41;32m██[38;2;246;98;82m██[38;2;246;98;82m██[38;2;246;98;82m██[38;2;172;41;32m██[38;2;180;156;98m██[38;2;180;156;98m██[38;2;180;156;98m██[38;2;180;156;98m██[38;2;222;74;65m██[38;2;222;74;65m██[38;2;180;156;98m██[38;2;16;16;16m██[38;2;16;16;16m██[38;2;16;16;16m██[38;2;90;57;8m██[38;2;90;57;8m██[38;2;90;57;8m██[38;2;90;57;8m██[38;2;90;57;8m██[38;2;172;115;8m██[38;2;172;115;8m██[38;2;172;115;8m██[38;2;172;115;8m██[38;2;123;82;8m██[38;2;222;180;98m██[38;2;222;180;98m██[38;2;222;180;98m██[38;2;90;57;8m██[38;2;90;57;8m██[38;2;90;57;8m██  
          [38;2;90;57;8m██[38;2;16;16;16m██[38;2;213;197;131m██[38;2;213;197;131m██[38;2;213;197;131m██[38;2;213;197;131m██[38;2;213;197;131m██[38;2;213;197;131m██[38;2;180;156;98m██[38;2;180;156;98m██[38;2;172;41;32m██[38;2;246;98;82m██[38;2;246;98;82m██[38;2;172;41;32m██[38;2;213;197;131m██[38;2;213;197;131m██[38;2;180;156;98m██[38;2;180;156;98m██[38;2;180;156;98m██[38;2;172;41;32m██[38;2;222;74;65m██[38;2;172;41;32m██[38;2;123;82;8m██[38;2;123;82;8m██[38;2;123;82;8m██[38;2;123;82;8m██[38;2;123;82;8m██[38;2;123;82;8m██[38;2;172;115;8m██[38;2;172;115;8m██[38;2;172;115;8m██[38;2;172;115;8m██[38;2;172;115;8m██[38;2;172;115;8m██[38;2;123;82;8m██[38;2;222;180;98m██[38;2;222;180;98m██[38;2;222;180;98m██[38;2;222;180;98m██[38;2;172;115;8m██[38;2;222;180;98m██[38;2;16;16;16m██
  [38;2;90;57;8m██[38;2;90;57;8m██[38;2;90;57;8m██[38;2;16;16;16m██[38;2;16;16;16m██[38;2;213;197;131m██[38;2;213;197;131m██[38;2;213;197;131m██[38;2;213;197;131m██[38;2;213;197;131m██[38;2;213;197;131m██[38;2;16;16;16m██[38;2;16;16;16m██[38;2;16;16;16m██[38;2;222;74;65m██[38;2;222;74;65m██[38;2;222;74;65m██[38;2;172;41;32m██[38;2;213;197;131m██[38;2;213;197;131m██[38;2;213;197;131m██[38;2;213;197;131m██[38;2;213;197;131m██[38;2;16;16;16m██[38;2;222;74;65m██[38;2;172;41;32m██[38;2;123;82;8m██[38;2;123;82;8m██[38;2;123;82;8m██[38;2;123;82;8m██[38;2;123;82;8m██[38;2;172;115;8m██[38;2;172;115;8m██[38;2;172;115;8m██[38;2;172;115;8m██[38;2;123;82;8m██[38;2;123;82;8m██[38;2;123;82;8m██[38;2;90;57;8m██[38;2;222;180;98m██[38;2;222;180;98m██[38;2;222;180;98m██[38;2;222;180;98m██[38;2;172;115;8m██[38;2;222;180;98m██[38;2;16;16;16m██
[38;2;90;57;8m██[38;2;172;115;8m██[38;2;172;115;8m██[38;2;16;16;16m██[38;2;213;197;131m██[38;2;213;197;131m██[38;2;213;197;131m██[38;2;213;197;131m██[38;2;213;197;131m██[38;2;16;16;16m██[38;2;16;16;16m██[38;2;16;16;16m██[38;2;123;82;8m██[38;2;16;16;16m██[38;2;222;74;65m██[38;2;222;74;65m██[38;2;222;74;65m██[38;2;172;41;32m██[38;2;213;197;131m██[38;2;213;197;131m██[38;2;213;197;131m██[38;2;213;197;131m██[38;2;213;197;131m██[38;2;213;197;131m██[38;2;16;16;16m██[38;2;172;41;32m██[38;2;90;57;8m██[38;2;90;57;8m██[38;2;90;57;8m██[38;2;90;57;8m██[38;2;90;57;8m██[38;2;90;57;8m██[38;2;123;82;8m██[38;2;123;82;8m██[38;2;123;82;8m██[38;2;123;82;8m██[38;2;172;115;8m██[38;2;172;115;8m██[38;2;172;115;8m██[38;2;90;57;8m██[38;2;222;180;98m██[38;2;222;180;98m██[38;2;222;180;98m██[38;2;222;180;98m██[38;2;222;180;98m██[38;2;172;115;8m██[38;2;16;16;16m██
[38;2;90;57;8m██[38;2;123;82;8m██[38;2;123;82;8m██[38;2;123;82;8m██[38;2;16;16;16m██[38;2;131;98;49m██[38;2;213;197;131m██[38;2;131;98;49m██[38;2;131;98;49m██[38;2;90;57;8m██[38;2;90;57;8m██[38;2;90;57;8m██[38;2;90;57;8m██[38;2;90;57;8m██[38;2;172;41;32m██[38;2;16;16;16m██[38;2;16;16;16m██[38;2;213;197;131m██[38;2;213;197;131m██[38;2;213;197;131m██[38;2;213;197;131m██[38;2;213;197;131m██[38;2;213;197;131m██[38;2;213;197;131m██[38;2;213;197;131m██[38;2;16;16;16m██[38;2;123;82;8m██[38;2;123;82;8m██[38;2;123;82;8m██[38;2;123;82;8m██[38;2;123;82;8m██[38;2;172;115;8m██[38;2;172;115;8m██[38;2;172;115;8m██[38;2;172;115;8m██[38;2;172;115;8m██[38;2;172;115;8m██[38;2;172;115;8m██[38;2;172;115;8m██[38;2;172;115;8m██[38;2;90;57;8m██[38;2;222;180;98m██[38;2;222;180;98m██[38;2;222;180;98m██[38;2;222;180;98m██[38;2;222;180;98m██[38;2;16;16;16m██
[38;2;90;57;8m██[38;2;172;115;8m██[38;2;172;115;8m██[38;2;172;115;8m██[38;2;172;115;8m██[38;2;172;115;8m██[38;2;16;16;16m██[38;2;16;16;16m██[38;2;123;82;8m██[38;2;123;82;8m██[38;2;123;82;8m██[38;2;123;82;8m██[38;2;123;82;8m██[38;2;123;82;8m██[38;2;16;16;16m██[38;2;213;197;131m██[38;2;213;197;131m██[38;2;213;197;131m██[38;2;213;197;131m██[38;2;213;197;131m██[38;2;213;197;131m██[38;2;213;197;131m██[38;2;213;197;131m██[38;2;213;197;131m██[38;2;213;197;131m██[38;2;16;16;16m██[38;2;123;82;8m██[38;2;123;82;8m██[38;2;123;82;8m██[38;2;123;82;8m██[38;2;172;115;8m██[38;2;172;115;8m██[38;2;123;82;8m██[38;2;123;82;8m██[38;2;123;82;8m██[38;2;123;82;8m██[38;2;123;82;8m██[38;2;123;82;8m██[38;2;123;82;8m██[38;2;123;82;8m██[38;2;222;180;98m██[38;2;222;180;98m██[38;2;222;180;98m██[38;2;222;180;98m██[38;2;222;180;98m██[38;2;222;180;98m██[38;2;16;16;16m██
  [38;2;90;57;8m██[38;2;172;115;8m██[38;2;172;115;8m██[38;2;172;115;8m██[38;2;172;115;8m██[38;2;123;82;8m██[38;2;123;82;8m██[38;2;90;57;8m██[38;2;90;57;8m██[38;2;90;57;8m██[38;2;90;57;8m██[38;2;90;57;8m██[38;2;172;41;32m██[38;2;172;41;32m██[38;2;213;197;131m██[38;2;213;197;131m██[38;2;213;197;131m██[38;2;213;197;131m██[38;2;213;197;131m██[38;2;213;197;131m██[38;2;213;197;131m██[38;2;213;197;131m██[38;2;213;197;131m██[38;2;213;197;131m██[38;2;213;197;131m██[38;2;16;16;16m██[38;2;16;16;16m██[38;2;90;57;8m██[38;2;90;57;8m██[38;2;90;57;8m██[38;2;90;57;8m██[38;2;172;115;8m██[38;2;172;115;8m██[38;2;172;115;8m██[38;2;172;115;8m██[38;2;172;115;8m██[38;2;172;115;8m██[38;2;123;82;8m██[38;2;222;180;98m██[38;2;222;180;98m██[38;2;222;180;98m██[38;2;222;180;98m██[38;2;222;180;98m██[38;2;222;180;98m██[38;2;16;16;16m██  
  [38;2;90;57;8m██[38;2;123;82;8m██[38;2;123;82;8m██[38;2;123;82;8m██[38;2;90;57;8m██[38;2;90;57;8m██[38;2;90;57;8m██[38;2;123;82;8m██[38;2;123;82;8m██[38;2;123;82;8m██[38;2;123;82;8m██[38;2;172;41;32m██[38;2;246;98;82m██[38;2;246;98;82m██[38;2;172;41;32m██[38;2;172;41;32m██[38;2;213;197;131m██[38;2;213;197;131m██[38;2;213;197;131m██[38;2;213;197;131m██[38;2;213;197;131m██[38;2;213;197;131m██[38;2;213;197;131m██[38;2;213;197;131m██[38;2;213;197;131m██[38;2;213;197;131m██[38;2;172;41;32m██[38;2;16;16;16m██[38;2;172;115;8m██[38;2;172;115;8m██[38;2;172;115;8m██[38;2;172;115;8m██[38;2;172;115;8m██[38;2;172;115;8m██[38;2;172;115;8m██[38;2;123;82;8m██[38;2;123;82;8m██[38;2;123;82;8m██[38;2;222;180;98m██[38;2;222;180;98m██[38;2;222;180;98m██[38;2;222;180;98m██[38;2;222;180;98m██[38;2;222;180;98m██[38;2;16;16;16m██  
  [38;2;90;57;8m██[38;2;172;115;8m██[38;2;172;115;8m██[38;2;172;115;8m██[38;2;123;82;8m██[38;2;123;82;8m██[38;2;123;82;8m██[38;2;123;82;8m██[38;2;123;82;8m██[38;2;123;82;8m██[38;2;16;16;16m██[38;2;246;98;82m██[38;2;246;98;82m██[38;2;246;98;82m██[38;2;222;74;65m██[38;2;222;74;65m██[38;2;172;41;32m██[38;2;213;197;131m██[38;2;213;197;131m██[38;2;213;197;131m██[38;2;213;197;131m██[38;2;213;197;131m██[38;2;213;197;131m██[38;2;213;197;131m██[38;2;213;197;131m██[38;2;172;41;32m██[38;2;246;98;82m██[38;2;246;98;82m██[38;2;16;16;16m██[38;2;172;115;8m██[38;2;172;115;8m██[38;2;172;115;8m██[38;2;172;115;8m██[38;2;123;82;8m██[38;2;123;82;8m██[38;2;172;115;8m██[38;2;172;115;8m██[38;2;123;82;8m██[38;2;222;180;98m██[38;2;222;180;98m██[38;2;222;180;98m██[38;2;222;180;98m██[38;2;222;180;98m██[38;2;222;180;98m██[38;2;16;16;16m██  
    [38;2;90;57;8m██[38;2;90;57;8m██[38;2;90;57;8m██[38;2;90;57;8m██[38;2;90;57;8m██[38;2;90;57;8m██[38;2;90;57;8m██[38;2;90;57;8m██[38;2;90;57;8m██[38;2;16;16;16m██[38;2;222;74;65m██[38;2;172;41;32m██[38;2;172;41;32m██[38;2;172;41;32m██[38;2;222;74;65m██[38;2;222;74;65m██[38;2;222;74;65m██[38;2;213;197;131m██[38;2;213;197;131m██[38;2;213;197;131m██[38;2;213;197;131m██[38;2;213;197;131m██[38;2;213;197;131m██[38;2;213;197;131m██[38;2;213;197;131m██[38;2;246;98;82m██[38;2;172;41;32m██[38;2;16;16;16m██[38;2;172;115;8m██[38;2;172;115;8m██[38;2;172;115;8m██[38;2;123;82;8m██[38;2;172;115;8m██[38;2;172;115;8m██[38;2;172;115;8m██[38;2;172;115;8m██[38;2;90;57;8m██[38;2;222;180;98m██[38;2;222;180;98m██[38;2;222;180;98m██[38;2;222;180;98m██[38;2;222;180;98m██[38;2;222;180;98m██[38;2;16;16;16m██  
                    [38;2;16;16;16m██[38;2;213;197;131m██[38;2;213;197;131m██[38;2;213;197;131m██[38;2;213;197;131m██[38;2;180;156;98m██[38;2;172;41;32m██[38;2;172;41;32m██[38;2;213;197;131m██[38;2;213;197;131m██[38;2;213;197;131m██[38;2;213;197;131m██[38;2;213;197;131m██[38;2;213;197;131m██[38;2;213;197;131m██[38;2;213;197;131m██[38;2;213;197;131m██[38;2;213;197;131m██[38;2;213;197;131m██[38;2;180;156;98m██[38;2;16;16;16m██[38;2;90;57;8m██[38;2;90;57;8m██[38;2;90;57;8m██[38;2;90;57;8m██[38;2;90;57;8m██[38;2;90;57;8m██[38;2;90;57;8m██[38;2;90;57;8m██[38;2;16;16;16m██[38;2;16;16;16m██[38;2;16;16;16m██[38;2;16;16;16m██[38;2;16;16;16m██[38;2;16;16;16m██    
                    [38;2;16;16;16m██[38;2;180;156;98m██[38;2;213;197;131m██[38;2;213;197;131m██[38;2;180;156;98m██[38;2;180;156;98m██[38;2;180;156;98m██[38;2;213;197;131m██[38;2;213;197;131m██[38;2;213;197;131m██[38;2;213;197;131m██[38;2;213;197;131m██[38;2;213;197;131m██[38;2;213;197;131m██[38;2;213;197;131m██[38;2;213;197;131m██[38;2;213;197;131m██[38;2;180;156;98m██[38;2;180;156;98m██[38;2;180;156;98m██[38;2;16;16;16m██                                
                    [38;2;16;16;16m██[38;2;180;156;98m██[38;2;180;156;98m██[38;2;180;156;98m██[38;2;180;156;98m██[38;2;180;156;98m██[38;2;180;156;98m██[38;2;180;156;98m██[38;2;180;156;98m██[38;2;180;156;98m██[38;2;213;197;131m██[38;2;213;197;131m██[38;2;213;197;131m██[38;2;213;197;131m██[38;2;180;156;98m██[38;2;180;156;98m██[38;2;180;156;98m██[38;2;180;156;98m██[38;2;180;156;98m██[38;2;131;98;49m██[38;2;16;16;16m██                                
                    [38;2;16;16;16m██[38;2;180;156;98m██[38;2;180;156;98m██[38;2;180;156;98m██[38;2;180;156;98m██[38;2;180;156;98m██[38;2;180;156;98m██[38;2;180;156;98m██[38;2;180;156;98m██[38;2;16;16;16m██[38;2;16;16;16m██[38;2;16;16;16m██[38;2;16;16;16m██[38;2;16;16;16m██[38;2;180;156;98m██[38;2;180;156;98m██[38;2;180;156;98m██[38;2;180;156;98m██[38;2;180;156;98m██[38;2;16;16;16m██                                  
                      [38;2;131;98;49m██[38;2;180;156;98m██[38;2;180;156;98m██[38;2;180;156;98m██[38;2;180;156;98m██[38;2;131;98;49m██[38;2;16;16;16m██[38;2;16;16;16m██        [38;2;131;98;49m██[38;2;131;98;49m██[38;2;131;98;49m██[38;2;180;156;98m██[38;2;180;156;98m██[38;2;16;16;16m██                                    
                      [38;2;16;16;16m██[38;2;180;156;98m██[38;2;180;156;98m██[38;2;180;156;98m██[38;2;180;156;98m██[38;2;16;16;16m██              [38;2;16;16;16m██[38;2;180;156;98m██[38;2;180;156;98m██[38;2;180;156;98m██[38;2;180;156;98m██[38;2;131;98;49m██                                  
                      [38;2;131;98;49m██[38;2;16;16;16m██[38;2;180;156;98m██[38;2;180;156;98m██[38;2;16;16;16m██                  [38;2;16;16;16m██[38;2;16;16;16m██[38;2;213;197;131m██[38;2;131;98;49m██[38;2;213;197;131m██[38;2;16;16;16m██                                
                    [38;2;131;98;49m██[38;2;180;156;98m██[38;2;180;156;98m██[38;2;180;156;98m██[38;2;180;156;98m██[38;2;180;156;98m██[38;2;16;16;16m██                    [38;2;16;16;16m██[38;2;16;16;16m██[38;2;16;16;16m██                                  
                  [38;2;16;16;16m██[38;2;213;197;131m██[38;2;131;98;49m██[38;2;213;197;131m██[38;2;213;197;131m██[38;2;16;16;16m██[38;2;16;16;16m██                                                              
                    [38;2;16;16;16m██[38;2;16;16;16m██[38;2;16;16;16m██[38;2;16;16;16m██                                                                  
