                                                                          [38;2;16;16;16m██[38;2;16;16;16m██[38;2;16;16;16m██
                                                                      [38;2;16;16;16m██[38;2;16;16;16m██[38;2;255;234;128m██[38;2;255;234;128m██[38;2;16;16;16m██
                                                                  [38;2;16;16;16m██[38;2;16;16;16m██[38;2;255;234;128m██[38;2;255;234;128m██[38;2;204;184;82m██[38;2;204;184;82m██[38;2;16;16;16m██
                                              [38;2;77;77;77m██[38;2;77;77;77m██            [38;2;77;77;77m██[38;2;77;77;77m██[38;2;179;179;179m██[38;2;255;234;128m██[38;2;255;234;128m██[38;2;204;184;82m██[38;2;204;184;82m██[38;2;16;16;16m██  
                                            [38;2;77;77;77m██[38;2;179;179;179m██[38;2;179;179;179m██[38;2;77;77;77m██[38;2;77;77;77m██    [38;2;77;77;77m██[38;2;77;77;77m██[38;2;179;179;179m██[38;2;179;179;179m██[38;2;179;179;179m██[38;2;128;128;128m██[38;2;204;184;82m██[38;2;204;184;82m██[38;2;16;16;16m██    
                                            [38;2;77;77;77m██[38;2;179;179;179m██[38;2;128;128;128m██[38;2;128;128;128m██[38;2;128;128;128m██[38;2;77;77;77m██[38;2;77;77;77m██[38;2;179;179;179m██[38;2;179;179;179m██[38;2;179;179;179m██[38;2;128;128;128m██[38;2;128;128;128m██[38;2;128;128;128m██[38;2;204;184;82m██[38;2;16;16;16m██      
                                          [38;2;77;77;77m██[38;2;179;179;179m██[38;2;128;128;128m██[38;2;128;128;128m██[38;2;128;128;128m██[38;2;128;128;128m██[38;2;128;128;128m██[38;2;179;179;179m██[38;2;179;179;179m██[38;2;128;128;128m██[38;2;128;128;128m██[38;2;128;128;128m██[38;2;128;128;128m██[38;2;128;128;128m██[38;2;16;16;16m██        
                          [38;2;77;77;77m██[38;2;77;77;77m██[38;2;77;77;77m██[38;2;77;77;77m██[38;2;16;16;16m██[38;2;16;16;16m██[38;2;16;16;16m██  [38;2;77;77;77m██[38;2;128;128;128m██[38;2;128;128;128m██[38;2;128;128;128m██[38;2;128;128;128m██[38;2;128;128;128m██[38;2;128;128;128m██[38;2;128;128;128m██[38;2;128;128;128m██[38;2;128;128;128m██[38;2;128;128;128m██[38;2;128;128;128m██[38;2;128;128;128m██[38;2;16;16;16m██          
      [38;2;89;89;89m██[38;2;89;89;89m██[38;2;89;89;89m██        [38;2;77;77;77m██[38;2;77;77;77m██[38;2;77;77;77m██[38;2;179;179;179m██[38;2;179;179;179m██[38;2;179;179;179m██[38;2;179;179;179m██[38;2;179;179;179m██[38;2;179;179;179m██[38;2;179;179;179m██[38;2;16;16;16m██[38;2;16;16;16m██[38;2;128;128;128m██[38;2;128;128;128m██[38;2;16;16;16m██[38;2;16;16;16m██[38;2;128;128;128m██[38;2;128;128;128m██[38;2;128;128;128m██[38;2;128;128;128m██[38;2;128;128;128m██[38;2;128;128;128m██[38;2;128;128;128m██[38;2;16;16;16m██            
    [38;2;89;89;89m██[38;2;248;248;248m██[38;2;248;248;248m██[38;2;248;248;248m██[38;2;89;89;89m██  [38;2;77;77;77m██[38;2;77;77;77m██[38;2;179;179;179m██[38;2;179;179;179m██[38;2;179;179;179m██[38;2;179;179;179m██[38;2;179;179;179m██[38;2;179;179;179m██[38;2;179;179;179m██[38;2;128;128;128m██[38;2;89;89;89m██[38;2;89;89;89m██[38;2;89;89;89m██[38;2;179;179;179m██[38;2;16;16;16m██[38;2;16;16;16m██    [38;2;16;16;16m██[38;2;128;128;128m██[38;2;128;128;128m██[38;2;128;128;128m██[38;2;128;128;128m██[38;2;128;128;128m██[38;2;16;16;16m██              
  [38;2;89;89;89m██[38;2;248;248;248m██[38;2;248;248;248m██[38;2;248;248;248m██[38;2;248;248;248m██[38;2;248;248;248m██[38;2;89;89;89m██[38;2;179;179;179m██[38;2;179;179;179m██[38;2;179;179;179m██[38;2;179;179;179m██[38;2;179;179;179m██[38;2;179;179;179m██[38;2;179;179;179m██[38;2;179;179;179m██[38;2;128;128;128m██[38;2;248;248;248m██[38;2;248;248;248m██[38;2;248;248;248m██[38;2;248;248;248m██[38;2;89;89;89m██[38;2;179;179;179m██[38;2;179;179;179m██[38;2;16;16;16m██    [38;2;16;16;16m██[38;2;128;128;128m██[38;2;128;128;128m██[38;2;77;77;77m██[38;2;16;16;16m██                
  [38;2;89;89;89m██[38;2;248;248;248m██[38;2;248;248;248m██[38;2;248;248;248m██[38;2;248;248;248m██[38;2;248;248;248m██[38;2;89;89;89m██[38;2;179;179;179m██[38;2;179;179;179m██[38;2;179;179;179m██[38;2;179;179;179m██[38;2;179;179;179m██[38;2;179;179;179m██[38;2;179;179;179m██[38;2;128;128;128m██[38;2;248;248;248m██[38;2;248;248;248m██[38;2;248;248;248m██[38;2;248;248;248m██[38;2;248;248;248m██[38;2;248;248;248m██[38;2;89;89;89m██[38;2;179;179;179m██[38;2;179;179;179m██[38;2;16;16;16m██    [38;2;16;16;16m██[38;2;16;16;16m██[38;2;16;16;16m██                  
  [38;2;16;16;16m██[38;2;248;248;248m██[38;2;248;248;248m██[38;2;140;140;140m██[38;2;248;248;248m██[38;2;248;248;248m██[38;2;89;89;89m██[38;2;179;179;179m██[38;2;179;179;179m██[38;2;179;179;179m██[38;2;179;179;179m██[38;2;179;179;179m██[38;2;179;179;179m██[38;2;179;179;179m██[38;2;128;128;128m██[38;2;248;248;248m██[38;2;248;248;248m██[38;2;248;248;248m██[38;2;248;248;248m██[38;2;248;248;248m██[38;2;248;248;248m██[38;2;89;89;89m██[38;2;179;179;179m██[38;2;179;179;179m██[38;2;179;179;179m██[38;2;16;16;16m██                          
  [38;2;16;16;16m██[38;2;248;248;248m██[38;2;248;248;248m██[38;2;248;248;248m██[38;2;140;140;140m██[38;2;248;248;248m██[38;2;128;128;128m██[38;2;179;179;179m██[38;2;179;179;179m██[38;2;179;179;179m██[38;2;179;179;179m██[38;2;179;179;179m██[38;2;179;179;179m██[38;2;128;128;128m██[38;2;248;248;248m██[38;2;248;248;248m██[38;2;248;248;248m██[38;2;140;140;140m██[38;2;248;248;248m██[38;2;248;248;248m██[38;2;248;248;248m██[38;2;89;89;89m██[38;2;179;179;179m██[38;2;179;179;179m██[38;2;179;179;179m██[38;2;255;234;128m██[38;2;16;16;16m██                        
    [38;2;16;16;16m██[38;2;248;248;248m██[38;2;248;248;248m██[38;2;140;140;140m██[38;2;248;248;248m██[38;2;128;128;128m██[38;2;179;179;179m██[38;2;179;179;179m██[38;2;179;179;179m██[38;2;179;179;179m██[38;2;179;179;179m██[38;2;179;179;179m██[38;2;128;128;128m██[38;2;248;248;248m██[38;2;248;248;248m██[38;2;140;140;140m██[38;2;248;248;248m██[38;2;248;248;248m██[38;2;248;248;248m██[38;2;248;248;248m██[38;2;89;89;89m██[38;2;179;179;179m██[38;2;179;179;179m██[38;2;255;234;128m██[38;2;255;234;128m██[38;2;255;234;128m██[38;2;16;16;16m██                      
    [38;2;16;16;16m██[38;2;89;89;89m██[38;2;248;248;248m██[38;2;248;248;248m██[38;2;248;248;248m██[38;2;248;248;248m██[38;2;128;128;128m██[38;2;128;128;128m██[38;2;128;128;128m██[38;2;128;128;128m██[38;2;128;128;128m██[38;2;128;128;128m██[38;2;248;248;248m██[38;2;248;248;248m██[38;2;248;248;248m██[38;2;140;140;140m██[38;2;248;248;248m██[38;2;248;248;248m██[38;2;248;248;248m██[38;2;89;89;89m██[38;2;179;179;179m██[38;2;179;179;179m██[38;2;255;234;128m██[38;2;255;234;128m██[38;2;255;234;128m██[38;2;255;234;128m██[38;2;16;16;16m██                      
    [38;2;16;16;16m██[38;2;128;128;128m██[38;2;248;248;248m██[38;2;248;248;248m██[38;2;248;248;248m██[38;2;248;248;248m██[38;2;248;248;248m██[38;2;248;248;248m██[38;2;248;248;248m██[38;2;248;248;248m██[38;2;248;248;248m██[38;2;248;248;248m██[38;2;248;248;248m██[38;2;248;248;248m██[38;2;248;248;248m██[38;2;248;248;248m██[38;2;248;248;248m██[38;2;248;248;248m██[38;2;89;89;89m██[38;2;179;179;179m██[38;2;179;179;179m██[38;2;179;179;179m██[38;2;179;179;179m██[38;2;179;179;179m██[38;2;255;234;128m██[38;2;255;234;128m██[38;2;255;234;128m██[38;2;16;16;16m██                    
  [38;2;16;16;16m██[38;2;179;179;179m██[38;2;128;128;128m██[38;2;248;248;248m██[38;2;248;248;248m██[38;2;89;89;89m██[38;2;248;248;248m██[38;2;248;248;248m██[38;2;248;248;248m██[38;2;248;248;248m██[38;2;248;248;248m██[38;2;248;248;248m██[38;2;248;248;248m██[38;2;248;248;248m██[38;2;248;248;248m██[38;2;248;248;248m██[38;2;248;248;248m██[38;2;248;248;248m██[38;2;248;248;248m██[38;2;248;248;248m██[38;2;128;128;128m██[38;2;179;179;179m██[38;2;179;179;179m██[38;2;179;179;179m██[38;2;179;179;179m██[38;2;179;179;179m██[38;2;179;179;179m██[38;2;179;179;179m██[38;2;16;16;16m██                    
  [38;2;16;16;16m██[38;2;128;128;128m██[38;2;248;248;248m██[38;2;248;248;248m██[38;2;89;89;89m██[38;2;248;248;248m██[38;2;89;89;89m██[38;2;248;248;248m██[38;2;248;248;248m██[38;2;248;248;248m██[38;2;248;248;248m██[38;2;248;248;248m██[38;2;248;248;248m██[38;2;89;89;89m██[38;2;248;248;248m██[38;2;248;248;248m██[38;2;248;248;248m██[38;2;248;248;248m██[38;2;248;248;248m██[38;2;248;248;248m██[38;2;248;248;248m██[38;2;128;128;128m██[38;2;179;179;179m██[38;2;179;179;179m██[38;2;179;179;179m██[38;2;179;179;179m██[38;2;179;179;179m██[38;2;179;179;179m██[38;2;179;179;179m██[38;2;16;16;16m██                  
  [38;2;77;77;77m██[38;2;128;128;128m██[38;2;248;248;248m██[38;2;248;248;248m██[38;2;16;16;16m██[38;2;16;16;16m██[38;2;89;89;89m██[38;2;248;248;248m██[38;2;248;248;248m██[38;2;248;248;248m██[38;2;248;248;248m██[38;2;248;248;248m██[38;2;89;89;89m██[38;2;248;248;248m██[38;2;16;16;16m██[38;2;248;248;248m██[38;2;248;248;248m██[38;2;248;248;248m██[38;2;248;248;248m██[38;2;248;248;248m██[38;2;248;248;248m██[38;2;128;128;128m██[38;2;179;179;179m██[38;2;179;179;179m██[38;2;179;179;179m██[38;2;179;179;179m██[38;2;179;179;179m██[38;2;179;179;179m██[38;2;179;179;179m██[38;2;16;16;16m██                  
[38;2;77;77;77m██[38;2;128;128;128m██[38;2;204;184;82m██[38;2;204;184;82m██[38;2;248;248;248m██[38;2;16;16;16m██[38;2;89;89;89m██[38;2;89;89;89m██[38;2;191;191;191m██[38;2;191;191;191m██[38;2;191;191;191m██[38;2;248;248;248m██[38;2;248;248;248m██[38;2;16;16;16m██[38;2;16;16;16m██[38;2;16;16;16m██[38;2;248;248;248m██[38;2;248;248;248m██[38;2;248;248;248m██[38;2;248;248;248m██[38;2;248;248;248m██[38;2;248;248;248m██[38;2;248;248;248m██[38;2;128;128;128m██[38;2;179;179;179m██[38;2;179;179;179m██[38;2;179;179;179m██[38;2;179;179;179m██[38;2;179;179;179m██[38;2;179;179;179m██[38;2;16;16;16m██                  
[38;2;77;77;77m██[38;2;204;184;82m██[38;2;255;234;128m██[38;2;255;234;128m██[38;2;204;184;82m██[38;2;248;248;248m██[38;2;16;16;16m██[38;2;248;248;248m██[38;2;89;89;89m██[38;2;140;140;140m██[38;2;248;248;248m██[38;2;191;191;191m██[38;2;248;248;248m██[38;2;16;16;16m██[38;2;89;89;89m██[38;2;16;16;16m██[38;2;248;248;248m██[38;2;248;248;248m██[38;2;204;184;82m██[38;2;204;184;82m██[38;2;204;184;82m██[38;2;248;248;248m██[38;2;248;248;248m██[38;2;128;128;128m██[38;2;179;179;179m██[38;2;179;179;179m██[38;2;179;179;179m██[38;2;179;179;179m██[38;2;179;179;179m██[38;2;179;179;179m██[38;2;128;128;128m██[38;2;16;16;16m██                
[38;2;77;77;77m██[38;2;204;184;82m██[38;2;255;234;128m██[38;2;255;234;128m██[38;2;204;184;82m██[38;2;248;248;248m██[38;2;248;248;248m██[38;2;248;248;248m██[38;2;248;248;248m██[38;2;248;248;248m██[38;2;248;248;248m██[38;2;248;248;248m██[38;2;248;248;248m██[38;2;248;248;248m██[38;2;16;16;16m██[38;2;248;248;248m██[38;2;248;248;248m██[38;2;204;184;82m██[38;2;255;234;128m██[38;2;255;234;128m██[38;2;255;234;128m██[38;2;204;184;82m██[38;2;248;248;248m██[38;2;128;128;128m██[38;2;179;179;179m██[38;2;179;179;179m██[38;2;179;179;179m██[38;2;179;179;179m██[38;2;179;179;179m██[38;2;179;179;179m██[38;2;128;128;128m██[38;2;16;16;16m██                
[38;2;77;77;77m██[38;2;204;184;82m██[38;2;255;234;128m██[38;2;255;234;128m██[38;2;204;184;82m██[38;2;248;248;248m██[38;2;248;248;248m██[38;2;140;140;140m██[38;2;248;248;248m██[38;2;248;248;248m██[38;2;248;248;248m██[38;2;248;248;248m██[38;2;140;140;140m██[38;2;248;248;248m██[38;2;248;248;248m██[38;2;248;248;248m██[38;2;248;248;248m██[38;2;204;184;82m██[38;2;255;234;128m██[38;2;255;234;128m██[38;2;255;234;128m██[38;2;204;184;82m██[38;2;248;248;248m██[38;2;248;248;248m██[38;2;128;128;128m██[38;2;179;179;179m██[38;2;179;179;179m██[38;2;179;179;179m██[38;2;179;179;179m██[38;2;115;89;63m██[38;2;115;89;63m██[38;2;16;16;16m██                
[38;2;77;77;77m██[38;2;128;128;128m██[38;2;204;184;82m██[38;2;204;184;82m██[38;2;248;248;248m██[38;2;248;248;248m██[38;2;248;248;248m██[38;2;248;248;248m██[38;2;140;140;140m██[38;2;140;140;140m██[38;2;140;140;140m██[38;2;140;140;140m██[38;2;248;248;248m██[38;2;248;248;248m██[38;2;248;248;248m██[38;2;248;248;248m██[38;2;248;248;248m██[38;2;204;184;82m██[38;2;255;234;128m██[38;2;255;234;128m██[38;2;255;234;128m██[38;2;204;184;82m██[38;2;248;248;248m██[38;2;248;248;248m██[38;2;128;128;128m██[38;2;179;179;179m██[38;2;179;179;179m██[38;2;115;89;63m██[38;2;115;89;63m██[38;2;115;89;63m██[38;2;115;89;63m██[38;2;16;16;16m██                
[38;2;77;77;77m██[38;2;128;128;128m██[38;2;248;248;248m██[38;2;248;248;248m██[38;2;248;248;248m██[38;2;248;248;248m██[38;2;248;248;248m██[38;2;248;248;248m██[38;2;248;248;248m██[38;2;248;248;248m██[38;2;248;248;248m██[38;2;248;248;248m██[38;2;248;248;248m██[38;2;248;248;248m██[38;2;248;248;248m██[38;2;248;248;248m██[38;2;248;248;248m██[38;2;248;248;248m██[38;2;204;184;82m██[38;2;204;184;82m██[38;2;204;184;82m██[38;2;248;248;248m██[38;2;248;248;248m██[38;2;248;248;248m██[38;2;77;77;77m██[38;2;179;179;179m██[38;2;179;179;179m██[38;2;179;179;179m██[38;2;115;89;63m██[38;2;115;89;63m██[38;2;115;89;63m██[38;2;16;16;16m██                
  [38;2;77;77;77m██[38;2;248;248;248m██[38;2;248;248;248m██[38;2;248;248;248m██[38;2;248;248;248m██[38;2;248;248;248m██[38;2;248;248;248m██[38;2;248;248;248m██[38;2;248;248;248m██[38;2;248;248;248m██[38;2;248;248;248m██[38;2;248;248;248m██[38;2;248;248;248m██[38;2;248;248;248m██[38;2;248;248;248m██[38;2;248;248;248m██[38;2;248;248;248m██[38;2;248;248;248m██[38;2;248;248;248m██[38;2;248;248;248m██[38;2;248;248;248m██[38;2;248;248;248m██[38;2;248;248;248m██[38;2;77;77;77m██[38;2;179;179;179m██[38;2;179;179;179m██[38;2;128;128;128m██[38;2;128;128;128m██[38;2;115;89;63m██[38;2;115;89;63m██[38;2;16;16;16m██                
  [38;2;16;16;16m██[38;2;248;248;248m██[38;2;248;248;248m██[38;2;248;248;248m██[38;2;248;248;248m██[38;2;140;140;140m██[38;2;248;248;248m██[38;2;248;248;248m██[38;2;248;248;248m██[38;2;248;248;248m██[38;2;248;248;248m██[38;2;248;248;248m██[38;2;248;248;248m██[38;2;248;248;248m██[38;2;248;248;248m██[38;2;248;248;248m██[38;2;248;248;248m██[38;2;248;248;248m██[38;2;248;248;248m██[38;2;248;248;248m██[38;2;248;248;248m██[38;2;248;248;248m██[38;2;248;248;248m██[38;2;77;77;77m██[38;2;179;179;179m██[38;2;128;128;128m██[38;2;128;128;128m██[38;2;128;128;128m██[38;2;128;128;128m██[38;2;16;16;16m██                  
  [38;2;16;16;16m██[38;2;191;191;191m██[38;2;248;248;248m██[38;2;248;248;248m██[38;2;248;248;248m██[38;2;248;248;248m██[38;2;140;140;140m██[38;2;248;248;248m██[38;2;248;248;248m██[38;2;248;248;248m██[38;2;248;248;248m██[38;2;248;248;248m██[38;2;248;248;248m██[38;2;140;140;140m██[38;2;248;248;248m██[38;2;248;248;248m██[38;2;248;248;248m██[38;2;248;248;248m██[38;2;248;248;248m██[38;2;248;248;248m██[38;2;248;248;248m██[38;2;248;248;248m██[38;2;248;248;248m██[38;2;77;77;77m██[38;2;128;128;128m██[38;2;128;128;128m██[38;2;128;128;128m██[38;2;128;128;128m██[38;2;128;128;128m██[38;2;16;16;16m██                  
    [38;2;16;16;16m██[38;2;248;248;248m██[38;2;89;89;89m██[38;2;248;248;248m██[38;2;248;248;248m██[38;2;140;140;140m██[38;2;248;248;248m██[38;2;248;248;248m██[38;2;248;248;248m██[38;2;248;248;248m██[38;2;248;248;248m██[38;2;140;140;140m██[38;2;248;248;248m██[38;2;248;248;248m██[38;2;248;248;248m██[38;2;248;248;248m██[38;2;248;248;248m██[38;2;248;248;248m██[38;2;248;248;248m██[38;2;191;191;191m██[38;2;248;248;248m██[38;2;191;191;191m██[38;2;77;77;77m██[38;2;128;128;128m██[38;2;128;128;128m██[38;2;128;128;128m██[38;2;128;128;128m██[38;2;16;16;16m██                    
    [38;2;16;16;16m██[38;2;191;191;191m██[38;2;191;191;191m██[38;2;89;89;89m██[38;2;89;89;89m██[38;2;248;248;248m██[38;2;248;248;248m██[38;2;248;248;248m██[38;2;248;248;248m██[38;2;248;248;248m██[38;2;248;248;248m██[38;2;140;140;140m██[38;2;248;248;248m██[38;2;248;248;248m██[38;2;191;191;191m██[38;2;89;89;89m██[38;2;191;191;191m██[38;2;248;248;248m██[38;2;191;191;191m██[38;2;248;248;248m██[38;2;191;191;191m██[38;2;191;191;191m██[38;2;77;77;77m██[38;2;128;128;128m██[38;2;128;128;128m██[38;2;128;128;128m██[38;2;128;128;128m██[38;2;16;16;16m██                    
      [38;2;16;16;16m██[38;2;191;191;191m██[38;2;191;191;191m██[38;2;191;191;191m██[38;2;191;191;191m██[38;2;191;191;191m██[38;2;191;191;191m██[38;2;191;191;191m██[38;2;191;191;191m██[38;2;191;191;191m██[38;2;191;191;191m██[38;2;89;89;89m██[38;2;89;89;89m██[38;2;89;89;89m██[38;2;191;191;191m██[38;2;191;191;191m██[38;2;191;191;191m██[38;2;248;248;248m██[38;2;191;191;191m██[38;2;191;191;191m██[38;2;191;191;191m██[38;2;77;77;77m██[38;2;128;128;128m██[38;2;128;128;128m██[38;2;128;128;128m██[38;2;16;16;16m██                      
        [38;2;16;16;16m██[38;2;191;191;191m██[38;2;191;191;191m██[38;2;191;191;191m██[38;2;191;191;191m██[38;2;191;191;191m██[38;2;191;191;191m██[38;2;191;191;191m██[38;2;191;191;191m██[38;2;191;191;191m██[38;2;191;191;191m██[38;2;191;191;191m██[38;2;191;191;191m██[38;2;191;191;191m██[38;2;191;191;191m██[38;2;191;191;191m██[38;2;191;191;191m██[38;2;191;191;191m██[38;2;191;191;191m██[38;2;77;77;77m██[38;2;128;128;128m██[38;2;128;128;128m██[38;2;128;128;128m██[38;2;16;16;16m██                        
          [38;2;89;89;89m██[38;2;191;191;191m██[38;2;191;191;191m██[38;2;191;191;191m██[38;2;191;191;191m██[38;2;191;191;191m██[38;2;191;191;191m██[38;2;191;191;191m██[38;2;191;191;191m██[38;2;191;191;191m██[38;2;191;191;191m██[38;2;191;191;191m██[38;2;191;191;191m██[38;2;191;191;191m██[38;2;191;191;191m██[38;2;191;191;191m██[38;2;191;191;191m██[38;2;191;191;191m██[38;2;77;77;77m██[38;2;128;128;128m██[38;2;128;128;128m██[38;2;16;16;16m██                          
            [38;2;89;89;89m██[38;2;89;89;89m██[38;2;191;191;191m██[38;2;191;191;191m██[38;2;191;191;191m██[38;2;191;191;191m██[38;2;191;191;191m██[38;2;191;191;191m██[38;2;191;191;191m██[38;2;191;191;191m██[38;2;191;191;191m██[38;2;191;191;191m██[38;2;191;191;191m██[38;2;191;191;191m██[38;2;191;191;191m██[38;2;191;191;191m██[38;2;77;77;77m██[38;2;128;128;128m██[38;2;16;16;16m██[38;2;16;16;16m██                            
        [38;2;89;89;89m██[38;2;89;89;89m██[38;2;191;191;191m██[38;2;191;191;191m██[38;2;89;89;89m██[38;2;89;89;89m██[38;2;140;140;140m██[38;2;191;191;191m██[38;2;191;191;191m██[38;2;191;191;191m██[38;2;191;191;191m██[38;2;191;191;191m██[38;2;191;191;191m██[38;2;191;191;191m██[38;2;191;191;191m██[38;2;191;191;191m██[38;2;191;191;191m██[38;2;89;89;89m██[38;2;16;16;16m██[38;2;16;16;16m██                                
      [38;2;89;89;89m██[38;2;191;191;191m██[38;2;191;191;191m██[38;2;191;191;191m██[38;2;191;191;191m██[38;2;191;191;191m██[38;2;191;191;191m██[38;2;16;16;16m██[38;2;16;16;16m██[38;2;16;16;16m██[38;2;16;16;16m██[38;2;16;16;16m██[38;2;16;16;16m██[38;2;16;16;16m██[38;2;16;16;16m██[38;2;16;16;16m██[38;2;89;89;89m██[38;2;191;191;191m██[38;2;191;191;191m██[38;2;191;191;191m██[38;2;16;16;16m██                                
      [38;2;89;89;89m██[38;2;248;248;248m██[38;2;248;248;248m██[38;2;191;191;191m██[38;2;191;191;191m██[38;2;16;16;16m██[38;2;16;16;16m██              [38;2;16;16;16m██[38;2;191;191;191m██[38;2;191;191;191m██[38;2;191;191;191m██[38;2;248;248;248m██[38;2;248;248;248m██[38;2;191;191;191m██[38;2;16;16;16m██                              
        [38;2;16;16;16m██[38;2;16;16;16m██[38;2;16;16;16m██[38;2;16;16;16m██                    [38;2;16;16;16m██[38;2;16;16;16m██[38;2;248;248;248m██[38;2;248;248;248m██[38;2;248;248;248m██[38;2;248;248;248m██[38;2;16;16;16m██                              
                                        [38;2;16;16;16m██[38;2;16;16;16m██[38;2;16;16;16m██[38;2;16;16;16m██                                
