                                                                                              [38;2;141;186;207m██                                                                                    
                                                                                              [38;2;141;186;207m██                                                                                    
                                                                                            [38;2;141;186;207m██[38;2;225;237;234m██[38;2;141;186;207m██                                                                                  
                                                                                          [38;2;141;186;207m██[38;2;141;186;207m██[38;2;225;237;234m██[38;2;141;186;207m██                                                                                  
                                                                                          [38;2;141;186;207m██[38;2;188;212;212m██[38;2;225;237;234m██[38;2;188;212;212m██[38;2;141;186;207m██                                                                                
                                                                                        [38;2;141;186;207m██[38;2;225;237;234m██[38;2;141;186;207m██[38;2;225;237;234m██[38;2;225;237;234m██[38;2;141;186;207m██                                                                                
                                                                      [38;2;141;186;207m██[38;2;141;186;207m██[38;2;141;186;207m██            [38;2;141;186;207m██[38;2;225;237;234m██[38;2;141;186;207m██[38;2;188;212;212m██[38;2;225;237;234m██[38;2;141;186;207m██                                                                                
                                                                      [38;2;141;186;207m██[38;2;225;237;234m██[38;2;225;237;234m██[38;2;141;186;207m██[38;2;141;186;207m██        [38;2;141;186;207m██[38;2;225;237;234m██[38;2;225;237;234m██[38;2;141;186;207m██[38;2;225;237;234m██[38;2;141;186;207m██            [38;2;141;186;207m██[38;2;141;186;207m██[38;2;141;186;207m██                                                              
                                                                        [38;2;141;186;207m██[38;2;225;237;234m██[38;2;225;237;234m██[38;2;225;237;234m██[38;2;141;186;207m██[38;2;141;186;207m██  [38;2;141;186;207m██[38;2;188;212;212m██[38;2;225;237;234m██[38;2;225;237;234m██[38;2;141;186;207m██[38;2;225;237;234m██[38;2;225;237;234m██[38;2;141;186;207m██    [38;2;141;186;207m██[38;2;141;186;207m██[38;2;141;186;207m██[38;2;225;237;234m██[38;2;188;212;212m██[38;2;141;186;207m██                                                              
                                                                        [38;2;141;186;207m██[38;2;225;237;234m██[38;2;225;237;234m██[38;2;225;237;234m██[38;2;225;237;234m██[38;2;225;237;234m██[38;2;141;186;207m██[38;2;141;186;207m██[38;2;225;237;234m██[38;2;225;237;234m██[38;2;225;237;234m██[38;2;225;237;234m██[38;2;141;186;207m██[38;2;225;237;234m██[38;2;141;186;207m██[38;2;141;186;207m██[38;2;141;186;207m██[38;2;225;237;234m██[38;2;225;237;234m██[38;2;225;237;234m██[38;2;188;212;212m██[38;2;141;186;207m██                                                                
                                                                          [38;2;141;186;207m██[38;2;225;237;234m██[38;2;225;237;234m██[38;2;225;237;234m██[38;2;225;237;234m██[38;2;225;237;234m██[38;2;141;186;207m██[38;2;225;237;234m██[38;2;225;237;234m██[38;2;225;237;234m██[38;2;225;237;234m██[38;2;141;186;207m██[38;2;188;212;212m██[38;2;141;186;207m██[38;2;225;237;234m██[38;2;225;237;234m██[38;2;225;237;234m██[38;2;225;237;234m██[38;2;188;212;212m██[38;2;141;186;207m██                                                                  
                                                                          [38;2;141;186;207m██[38;2;225;237;234m██[38;2;225;237;234m██[38;2;225;237;234m██[38;2;225;237;234m██[38;2;188;212;212m██[38;2;141;186;207m██[38;2;225;237;234m██[38;2;253;253;253m██[38;2;253;253;253m██[38;2;253;253;253m██[38;2;225;237;234m██[38;2;225;237;234m██[38;2;188;212;212m██[38;2;225;237;234m██[38;2;225;237;234m██[38;2;225;237;234m██[38;2;188;212;212m██[38;2;141;186;207m██                                                                    
                                                                            [38;2;141;186;207m██[38;2;225;237;234m██[38;2;225;237;234m██[38;2;188;212;212m██[38;2;225;237;234m██[38;2;253;253;253m██[38;2;253;253;253m██[38;2;253;253;253m██[38;2;253;253;253m██[38;2;253;253;253m██[38;2;253;253;253m██[38;2;253;253;253m██[38;2;225;237;234m██[38;2;188;212;212m██[38;2;225;237;234m██[38;2;188;212;212m██[38;2;141;186;207m██                                                                      
                                                                        [38;2;141;186;207m██[38;2;141;186;207m██[38;2;141;186;207m██[38;2;141;186;207m██[38;2;141;186;207m██[38;2;188;212;212m██[38;2;188;212;212m██[38;2;253;253;253m██[38;2;253;253;253m██[38;2;253;253;253m██[38;2;253;253;253m██[38;2;253;253;253m██[38;2;253;253;253m██[38;2;253;253;253m██[38;2;253;253;253m██[38;2;188;212;212m██[38;2;141;186;207m██[38;2;141;186;207m██[38;2;141;186;207m██[38;2;141;186;207m██                                                                    
                                                                  [38;2;141;186;207m██[38;2;141;186;207m██[38;2;141;186;207m██[38;2;225;237;234m██[38;2;225;237;234m██[38;2;225;237;234m██[38;2;225;237;234m██[38;2;225;237;234m██[38;2;225;237;234m██[38;2;225;237;234m██[38;2;188;212;212m██[38;2;253;253;253m██[38;2;253;253;253m██[38;2;253;253;253m██[38;2;253;253;253m██[38;2;253;253;253m██[38;2;253;253;253m██[38;2;253;253;253m██[38;2;225;237;234m██[38;2;225;237;234m██[38;2;225;237;234m██[38;2;225;237;234m██[38;2;225;237;234m██[38;2;141;186;207m██[38;2;141;186;207m██[38;2;141;186;207m██[38;2;141;186;207m██                                                            
                                                                    [38;2;141;186;207m██[38;2;225;237;234m██[38;2;225;237;234m██[38;2;225;237;234m██[38;2;225;237;234m██[38;2;225;237;234m██[38;2;225;237;234m██[38;2;225;237;234m██[38;2;225;237;234m██[38;2;225;237;234m██[38;2;225;237;234m██[38;2;253;253;253m██[38;2;253;253;253m██[38;2;253;253;253m██[38;2;253;253;253m██[38;2;253;253;253m██[38;2;253;253;253m██[38;2;253;253;253m██[38;2;253;253;253m██[38;2;225;237;234m██[38;2;225;237;234m██[38;2;225;237;234m██[38;2;225;237;234m██[38;2;225;237;234m██[38;2;225;237;234m██[38;2;188;212;212m██[38;2;141;186;207m██[38;2;141;186;207m██                                                        
                                                                      [38;2;141;186;207m██[38;2;141;186;207m██[38;2;225;237;234m██[38;2;225;237;234m██[38;2;253;253;253m██[38;2;253;253;253m██[38;2;253;253;253m██[38;2;253;253;253m██[38;2;253;253;253m██[38;2;253;253;253m██[38;2;225;237;234m██[38;2;253;253;253m██[38;2;253;253;253m██[38;2;253;253;253m██[38;2;253;253;253m██[38;2;225;237;234m██[38;2;253;253;253m██[38;2;253;253;253m██[38;2;253;253;253m██[38;2;253;253;253m██[38;2;225;237;234m██[38;2;225;237;234m██[38;2;188;212;212m██[38;2;141;186;207m██[38;2;141;186;207m██                                                            
                                                                  [38;2;141;186;207m██[38;2;141;186;207m██[38;2;225;237;234m██[38;2;225;237;234m██[38;2;141;186;207m██[38;2;141;186;207m██[38;2;225;237;234m██[38;2;253;253;253m██[38;2;253;253;253m██[38;2;253;253;253m██[38;2;188;212;212m██[38;2;225;237;234m██[38;2;253;253;253m██[38;2;253;253;253m██[38;2;253;253;253m██[38;2;253;253;253m██[38;2;253;253;253m██[38;2;253;253;253m██[38;2;188;212;212m██[38;2;253;253;253m██[38;2;225;237;234m██[38;2;188;212;212m██[38;2;141;186;207m██[38;2;141;186;207m██[38;2;141;186;207m██                                                                
                                                              [38;2;141;186;207m██[38;2;141;186;207m██[38;2;225;237;234m██[38;2;225;237;234m██[38;2;225;237;234m██[38;2;225;237;234m██[38;2;225;237;234m██[38;2;225;237;234m██[38;2;141;186;207m██[38;2;141;186;207m██[38;2;188;212;212m██[38;2;225;237;234m██[38;2;253;253;253m██[38;2;253;253;253m██[38;2;253;253;253m██[38;2;253;253;253m██[38;2;253;253;253m██[38;2;253;253;253m██[38;2;253;253;253m██[38;2;253;253;253m██[38;2;253;253;253m██[38;2;141;186;207m██[38;2;141;186;207m██[38;2;141;186;207m██                                                                      
                                                                  [38;2;141;186;207m██[38;2;141;186;207m██[38;2;141;186;207m██[38;2;225;237;234m██[38;2;225;237;234m██[38;2;141;186;207m██[38;2;225;237;234m██[38;2;225;237;234m██[38;2;253;253;253m██[38;2;253;253;253m██[38;2;253;253;253m██[38;2;253;253;253m██[38;2;253;253;253m██[38;2;225;237;234m██[38;2;225;237;234m██[38;2;253;253;253m██[38;2;253;253;253m██[38;2;253;253;253m██[38;2;225;237;234m██[38;2;188;212;212m██[38;2;141;186;207m██                                                                        
                                                                        [38;2;141;186;207m██[38;2;141;186;207m██[38;2;225;237;234m██[38;2;225;237;234m██[38;2;225;237;234m██[38;2;188;212;212m██[38;2;253;253;253m██[38;2;253;253;253m██[38;2;253;253;253m██[38;2;225;237;234m██[38;2;253;253;253m██[38;2;188;212;212m██[38;2;225;237;234m██[38;2;253;253;253m██[38;2;225;237;234m██[38;2;188;212;212m██[38;2;225;237;234m██[38;2;225;237;234m██[38;2;141;186;207m██                                                                      
                                                                          [38;2;141;186;207m██[38;2;225;237;234m██[38;2;225;237;234m██[38;2;188;212;212m██[38;2;188;212;212m██[38;2;225;237;234m██[38;2;225;237;234m██[38;2;253;253;253m██[38;2;253;253;253m██[38;2;253;253;253m██[38;2;188;212;212m██[38;2;188;212;212m██[38;2;225;237;234m██[38;2;188;212;212m██[38;2;188;212;212m██[38;2;225;237;234m██[38;2;225;237;234m██[38;2;225;237;234m██[38;2;141;186;207m██                                                                    
                                                                        [38;2;141;186;207m██[38;2;225;237;234m██[38;2;225;237;234m██[38;2;225;237;234m██[38;2;141;186;207m██[38;2;225;237;234m██[38;2;225;237;234m██[38;2;188;212;212m██[38;2;141;186;207m██[38;2;225;237;234m██[38;2;225;237;234m██[38;2;225;237;234m██[38;2;188;212;212m██[38;2;141;186;207m██[38;2;141;186;207m██[38;2;225;237;234m██[38;2;225;237;234m██[38;2;225;237;234m██[38;2;225;237;234m██[38;2;225;237;234m██[38;2;141;186;207m██                                                                  
                                                                        [38;2;141;186;207m██[38;2;225;237;234m██[38;2;225;237;234m██[38;2;141;186;207m██[38;2;225;237;234m██[38;2;225;237;234m██[38;2;188;212;212m██[38;2;141;186;207m██[38;2;24;92;128m██[38;2;141;186;207m██[38;2;225;237;234m██[38;2;225;237;234m██[38;2;188;212;212m██[38;2;141;186;207m██[38;2;188;212;212m██[38;2;141;186;207m██[38;2;141;186;207m██[38;2;141;186;207m██[38;2;141;186;207m██[38;2;225;237;234m██[38;2;225;237;234m██[38;2;141;186;207m██                                                                
                                                                      [38;2;141;186;207m██[38;2;225;237;234m██[38;2;141;186;207m██[38;2;141;186;207m██[38;2;141;186;207m██[38;2;225;237;234m██[38;2;141;186;207m██[38;2;141;186;207m██[38;2;41;138;184m██[38;2;24;92;128m██[38;2;41;138;184m██[38;2;141;186;207m██[38;2;225;237;234m██[38;2;188;212;212m██[38;2;141;186;207m██[38;2;188;212;212m██[38;2;188;212;212m██[38;2;141;186;207m██    [38;2;141;186;207m██[38;2;141;186;207m██[38;2;141;186;207m██                                                                
                                                                      [38;2;141;186;207m██[38;2;141;186;207m██    [38;2;141;186;207m██[38;2;141;186;207m██[38;2;41;138;184m██[38;2;11;52;75m██[38;2;41;138;184m██[38;2;24;92;128m██[38;2;41;138;184m██[38;2;24;92;128m██[38;2;141;186;207m██[38;2;188;212;212m██[38;2;141;186;207m██[38;2;141;186;207m██[38;2;141;186;207m██[38;2;188;212;212m██[38;2;141;186;207m██                                                                        
                                                                                [38;2;11;52;75m██[38;2;41;138;184m██[38;2;11;52;75m██[38;2;41;138;184m██[38;2;24;92;128m██[38;2;41;138;184m██[38;2;24;92;128m██[38;2;41;138;184m██[38;2;141;186;207m██[38;2;141;186;207m██    [38;2;141;186;207m██[38;2;141;186;207m██                                                                        
                                                                                [38;2;11;52;75m██[38;2;41;138;184m██[38;2;11;52;75m██[38;2;41;138;184m██[38;2;24;92;128m██[38;2;41;138;184m██[38;2;24;92;128m██[38;2;41;138;184m██[38;2;11;52;75m██[38;2;11;52;75m██                                                                                
                                                                [38;2;112;112;112m██[38;2;112;112;112m██[38;2;112;112;112m██        [38;2;11;52;75m██[38;2;41;138;184m██[38;2;11;52;75m██[38;2;41;138;184m██[38;2;24;92;128m██[38;2;41;138;184m██[38;2;41;138;184m██[38;2;24;92;128m██[38;2;41;138;184m██[38;2;11;52;75m██[38;2;11;52;75m██                                                                                
                                                                [38;2;112;112;112m██[38;2;253;253;253m██[38;2;180;180;180m██[38;2;112;112;112m██      [38;2;11;52;75m██[38;2;141;186;207m██[38;2;11;52;75m██[38;2;141;186;207m██[38;2;24;92;128m██[38;2;141;186;207m██[38;2;24;92;128m██[38;2;141;186;207m██[38;2;41;138;184m██[38;2;11;52;75m██[38;2;141;186;207m██[38;2;11;52;75m██      [38;2;112;112;112m██[38;2;112;112;112m██[38;2;16;16;16m██                                                                  
                                                                [38;2;112;112;112m██[38;2;180;180;180m██[38;2;253;253;253m██[38;2;253;253;253m██[38;2;112;112;112m██  [38;2;11;52;75m██[38;2;141;186;207m██[38;2;11;52;75m██[38;2;24;92;128m██[38;2;141;186;207m██[38;2;24;92;128m██[38;2;141;186;207m██[38;2;24;92;128m██[38;2;141;186;207m██[38;2;11;52;75m██[38;2;141;186;207m██[38;2;41;138;184m██[38;2;11;52;75m██    [38;2;112;112;112m██[38;2;180;180;180m██[38;2;253;253;253m██[38;2;16;16;16m██                                                                  
                                                  [38;2;112;112;112m██              [38;2;112;112;112m██[38;2;253;253;253m██[38;2;253;253;253m██[38;2;112;112;112m██[38;2;112;112;112m██[38;2;41;138;184m██[38;2;41;138;184m██[38;2;11;52;75m██[38;2;141;186;207m██[38;2;24;92;128m██[38;2;141;186;207m██[38;2;24;92;128m██[38;2;141;186;207m██[38;2;41;138;184m██[38;2;16;16;16m██[38;2;41;138;184m██[38;2;112;112;112m██[38;2;112;112;112m██[38;2;112;112;112m██[38;2;112;112;112m██[38;2;253;253;253m██[38;2;253;253;253m██[38;2;180;180;180m██[38;2;16;16;16m██                                                                  
                                                [38;2;112;112;112m██[38;2;253;253;253m██[38;2;112;112;112m██              [38;2;112;112;112m██[38;2;112;112;112m██[38;2;253;253;253m██[38;2;253;253;253m██[38;2;180;180;180m██[38;2;11;52;75m██[38;2;24;92;128m██[38;2;41;138;184m██[38;2;24;92;128m██[38;2;41;138;184m██[38;2;24;92;128m██[38;2;41;138;184m██[38;2;41;138;184m██[38;2;16;16;16m██[38;2;112;112;112m██[38;2;180;180;180m██[38;2;253;253;253m██[38;2;180;180;180m██[38;2;253;253;253m██[38;2;253;253;253m██[38;2;253;253;253m██[38;2;16;16;16m██              [38;2;112;112;112m██[38;2;112;112;112m██[38;2;16;16;16m██                                                
                                                [38;2;112;112;112m██[38;2;253;253;253m██[38;2;180;180;180m██                [38;2;11;52;75m██[38;2;112;112;112m██[38;2;253;253;253m██[38;2;253;253;253m██[38;2;11;52;75m██[38;2;41;138;184m██[38;2;24;92;128m██[38;2;41;138;184m██[38;2;41;138;184m██[38;2;24;92;128m██[38;2;41;138;184m██[38;2;11;52;75m██[38;2;24;92;128m██[38;2;253;253;253m██[38;2;253;253;253m██[38;2;253;253;253m██[38;2;253;253;253m██[38;2;180;180;180m██[38;2;16;16;16m██[38;2;16;16;16m██              [38;2;112;112;112m██[38;2;180;180;180m██[38;2;253;253;253m██[38;2;16;16;16m██                                                
                                                [38;2;112;112;112m██[38;2;253;253;253m██[38;2;253;253;253m██[38;2;112;112;112m██            [38;2;11;52;75m██[38;2;41;138;184m██[38;2;24;92;128m██[38;2;112;112;112m██[38;2;253;253;253m██[38;2;11;52;75m██[38;2;41;138;184m██[38;2;24;92;128m██[38;2;41;138;184m██[38;2;24;92;128m██[38;2;41;138;184m██[38;2;41;138;184m██[38;2;16;16;16m██[38;2;24;92;128m██[38;2;253;253;253m██[38;2;180;180;180m██[38;2;16;16;16m██[38;2;16;16;16m██[38;2;16;16;16m██                [38;2;112;112;112m██[38;2;180;180;180m██[38;2;253;253;253m██[38;2;253;253;253m██[38;2;16;16;16m██                                                
                                                [38;2;112;112;112m██[38;2;253;253;253m██[38;2;253;253;253m██[38;2;112;112;112m██          [38;2;11;52;75m██[38;2;41;138;184m██[38;2;24;92;128m██[38;2;41;138;184m██[38;2;112;112;112m██[38;2;11;52;75m██[38;2;24;92;128m██[38;2;41;138;184m██[38;2;24;92;128m██[38;2;41;138;184m██[38;2;24;92;128m██[38;2;41;138;184m██[38;2;41;138;184m██[38;2;16;16;16m██[38;2;24;92;128m██[38;2;16;16;16m██[38;2;16;16;16m██[38;2;24;92;128m██[38;2;41;138;184m██[38;2;16;16;16m██                [38;2;112;112;112m██[38;2;253;253;253m██[38;2;253;253;253m██[38;2;16;16;16m██                                                  
                                                [38;2;112;112;112m██[38;2;253;253;253m██[38;2;253;253;253m██[38;2;112;112;112m██    [38;2;11;52;75m██[38;2;11;52;75m██[38;2;11;52;75m██[38;2;24;92;128m██[38;2;24;92;128m██[38;2;41;138;184m██[38;2;16;16;16m██  [38;2;11;52;75m██[38;2;41;138;184m██[38;2;24;92;128m██[38;2;41;138;184m██[38;2;24;92;128m██[38;2;41;138;184m██[38;2;41;138;184m██[38;2;11;52;75m██[38;2;24;92;128m██[38;2;16;16;16m██  [38;2;16;16;16m██[38;2;41;138;184m██[38;2;24;92;128m██[38;2;41;138;184m██[38;2;11;52;75m██[38;2;11;52;75m██            [38;2;112;112;112m██[38;2;253;253;253m██[38;2;253;253;253m██[38;2;16;16;16m██                                                  
                  [38;2;112;112;112m██[38;2;112;112;112m██                    [38;2;11;52;75m██[38;2;11;52;75m██[38;2;11;52;75m██[38;2;11;52;75m██[38;2;16;16;16m██[38;2;253;253;253m██[38;2;180;180;180m██[38;2;16;16;16m██[38;2;11;52;75m██[38;2;41;138;184m██[38;2;24;92;128m██[38;2;24;92;128m██[38;2;41;138;184m██[38;2;41;138;184m██[38;2;16;16;16m██    [38;2;11;52;75m██[38;2;41;138;184m██[38;2;24;92;128m██[38;2;41;138;184m██[38;2;24;92;128m██[38;2;41;138;184m██[38;2;41;138;184m██[38;2;16;16;16m██[38;2;24;92;128m██[38;2;16;16;16m██  [38;2;16;16;16m██[38;2;41;138;184m██[38;2;41;138;184m██[38;2;24;92;128m██[38;2;41;138;184m██[38;2;41;138;184m██[38;2;11;52;75m██[38;2;11;52;75m██[38;2;11;52;75m██  [38;2;112;112;112m██[38;2;112;112;112m██[38;2;253;253;253m██[38;2;253;253;253m██[38;2;16;16;16m██                                [38;2;112;112;112m██[38;2;16;16;16m██                
                  [38;2;112;112;112m██[38;2;253;253;253m██[38;2;112;112;112m██              [38;2;11;52;75m██[38;2;11;52;75m██[38;2;41;138;184m██[38;2;41;138;184m██[38;2;41;138;184m██[38;2;41;138;184m██[38;2;16;16;16m██[38;2;253;253;253m██[38;2;253;253;253m██[38;2;180;180;180m██[38;2;16;16;16m██[38;2;24;92;128m██[38;2;41;138;184m██[38;2;41;138;184m██[38;2;16;16;16m██[38;2;16;16;16m██    [38;2;11;52;75m██[38;2;41;138;184m██[38;2;24;92;128m██[38;2;41;138;184m██[38;2;24;92;128m██[38;2;24;92;128m██[38;2;41;138;184m██[38;2;41;138;184m██[38;2;16;16;16m██[38;2;11;52;75m██[38;2;16;16;16m██    [38;2;16;16;16m██[38;2;41;138;184m██[38;2;41;138;184m██[38;2;24;92;128m██[38;2;24;92;128m██[38;2;24;92;128m██[38;2;41;138;184m██[38;2;41;138;184m██[38;2;11;52;75m██[38;2;180;180;180m██[38;2;253;253;253m██[38;2;11;52;75m██[38;2;11;52;75m██[38;2;11;52;75m██[38;2;11;52;75m██[38;2;11;52;75m██[38;2;11;52;75m██[38;2;11;52;75m██[38;2;11;52;75m██                  [38;2;112;112;112m██[38;2;112;112;112m██[38;2;253;253;253m██[38;2;16;16;16m██                
                  [38;2;112;112;112m██[38;2;253;253;253m██[38;2;253;253;253m██[38;2;112;112;112m██        [38;2;11;52;75m██[38;2;11;52;75m██[38;2;41;138;184m██[38;2;41;138;184m██[38;2;24;92;128m██[38;2;24;92;128m██[38;2;24;92;128m██[38;2;24;92;128m██[38;2;24;92;128m██[38;2;16;16;16m██[38;2;253;253;253m██[38;2;253;253;253m██[38;2;16;16;16m██[38;2;41;138;184m██[38;2;16;16;16m██[38;2;16;16;16m██      [38;2;11;52;75m██[38;2;16;16;16m██[38;2;112;112;112m██[38;2;24;92;128m██[38;2;41;138;184m██[38;2;24;92;128m██[38;2;41;138;184m██[38;2;41;138;184m██[38;2;11;52;75m██[38;2;24;92;128m██[38;2;11;52;75m██[38;2;16;16;16m██      [38;2;16;16;16m██[38;2;16;16;16m██[38;2;41;138;184m██[38;2;41;138;184m██[38;2;41;138;184m██[38;2;24;92;128m██[38;2;11;52;75m██[38;2;180;180;180m██[38;2;253;253;253m██[38;2;16;16;16m██[38;2;41;138;184m██[38;2;41;138;184m██[38;2;41;138;184m██[38;2;41;138;184m██[38;2;41;138;184m██[38;2;141;186;207m██[38;2;141;186;207m██[38;2;41;138;184m██[38;2;11;52;75m██[38;2;11;52;75m██            [38;2;112;112;112m██[38;2;253;253;253m██[38;2;253;253;253m██[38;2;253;253;253m██[38;2;16;16;16m██                
                  [38;2;112;112;112m██[38;2;253;253;253m██[38;2;253;253;253m██[38;2;112;112;112m██      [38;2;11;52;75m██[38;2;41;138;184m██[38;2;41;138;184m██[38;2;24;92;128m██[38;2;24;92;128m██[38;2;16;16;16m██[38;2;16;16;16m██[38;2;16;16;16m██[38;2;16;16;16m██[38;2;16;16;16m██[38;2;16;16;16m██[38;2;253;253;253m██[38;2;253;253;253m██[38;2;16;16;16m██[38;2;16;16;16m██        [38;2;11;52;75m██[38;2;41;138;184m██[38;2;16;16;16m██[38;2;253;253;253m██[38;2;112;112;112m██[38;2;24;92;128m██[38;2;24;92;128m██[38;2;41;138;184m██[38;2;41;138;184m██[38;2;16;16;16m██[38;2;24;92;128m██[38;2;11;52;75m██[38;2;16;16;16m██  [38;2;112;112;112m██[38;2;112;112;112m██[38;2;112;112;112m██  [38;2;16;16;16m██[38;2;16;16;16m██[38;2;16;16;16m██[38;2;41;138;184m██[38;2;11;52;75m██[38;2;253;253;253m██[38;2;180;180;180m██[38;2;16;16;16m██[38;2;24;92;128m██[38;2;24;92;128m██[38;2;24;92;128m██[38;2;24;92;128m██[38;2;24;92;128m██[38;2;24;92;128m██[38;2;24;92;128m██[38;2;24;92;128m██[38;2;41;138;184m██[38;2;41;138;184m██[38;2;11;52;75m██        [38;2;112;112;112m██[38;2;253;253;253m██[38;2;253;253;253m██[38;2;253;253;253m██[38;2;180;180;180m██[38;2;16;16;16m██                
                    [38;2;180;180;180m██[38;2;253;253;253m██[38;2;253;253;253m██[38;2;112;112;112m██  [38;2;11;52;75m██[38;2;41;138;184m██[38;2;41;138;184m██[38;2;24;92;128m██[38;2;16;16;16m██[38;2;16;16;16m██        [38;2;11;52;75m██[38;2;41;138;184m██[38;2;16;16;16m██[38;2;253;253;253m██[38;2;112;112;112m██[38;2;112;112;112m██[38;2;112;112;112m██      [38;2;11;52;75m██[38;2;41;138;184m██[38;2;16;16;16m██[38;2;253;253;253m██[38;2;253;253;253m██[38;2;16;16;16m██[38;2;41;138;184m██[38;2;41;138;184m██[38;2;24;92;128m██[38;2;16;16;16m██[38;2;24;92;128m██[38;2;11;52;75m██[38;2;24;92;128m██[38;2;112;112;112m██[38;2;180;180;180m██[38;2;253;253;253m██[38;2;112;112;112m██        [38;2;16;16;16m██[38;2;11;52;75m██[38;2;253;253;253m██[38;2;16;16;16m██[38;2;24;92;128m██[38;2;11;52;75m██[38;2;16;16;16m██[38;2;16;16;16m██[38;2;16;16;16m██[38;2;16;16;16m██[38;2;16;16;16m██[38;2;16;16;16m██[38;2;24;92;128m██[38;2;24;92;128m██[38;2;41;138;184m██[38;2;41;138;184m██[38;2;11;52;75m██    [38;2;112;112;112m██[38;2;253;253;253m██[38;2;253;253;253m██[38;2;253;253;253m██[38;2;253;253;253m██[38;2;112;112;112m██                  
                    [38;2;112;112;112m██[38;2;253;253;253m██[38;2;253;253;253m██[38;2;112;112;112m██[38;2;11;52;75m██[38;2;41;138;184m██[38;2;41;138;184m██[38;2;24;92;128m██[38;2;16;16;16m██          [38;2;11;52;75m██[38;2;41;138;184m██[38;2;41;138;184m██[38;2;16;16;16m██[38;2;16;16;16m██[38;2;112;112;112m██[38;2;253;253;253m██[38;2;253;253;253m██[38;2;112;112;112m██  [38;2;11;52;75m██[38;2;41;138;184m██[38;2;41;138;184m██[38;2;16;16;16m██[38;2;253;253;253m██[38;2;253;253;253m██[38;2;16;16;16m██[38;2;41;138;184m██[38;2;41;138;184m██[38;2;16;16;16m██[38;2;11;52;75m██[38;2;24;92;128m██[38;2;11;52;75m██[38;2;24;92;128m██[38;2;112;112;112m██[38;2;253;253;253m██[38;2;180;180;180m██[38;2;112;112;112m██          [38;2;16;16;16m██[38;2;253;253;253m██[38;2;16;16;16m██[38;2;24;92;128m██[38;2;11;52;75m██            [38;2;16;16;16m██[38;2;24;92;128m██[38;2;24;92;128m██[38;2;128;56;9m██[38;2;128;56;9m██    [38;2;112;112;112m██[38;2;253;253;253m██[38;2;253;253;253m██[38;2;253;253;253m██[38;2;180;180;180m██[38;2;16;16;16m██                  
                      [38;2;112;112;112m██[38;2;253;253;253m██[38;2;180;180;180m██[38;2;41;138;184m██[38;2;24;92;128m██[38;2;24;92;128m██[38;2;16;16;16m██            [38;2;11;52;75m██[38;2;41;138;184m██[38;2;16;16;16m██    [38;2;112;112;112m██[38;2;253;253;253m██[38;2;253;253;253m██[38;2;253;253;253m██[38;2;112;112;112m██[38;2;11;52;75m██[38;2;41;138;184m██[38;2;41;138;184m██[38;2;16;16;16m██[38;2;253;253;253m██[38;2;253;253;253m██[38;2;112;112;112m██[38;2;112;112;112m██[38;2;112;112;112m██[38;2;16;16;16m██[38;2;11;52;75m██[38;2;24;92;128m██[38;2;24;92;128m██[38;2;16;16;16m██[38;2;180;180;180m██[38;2;253;253;253m██[38;2;112;112;112m██              [38;2;16;16;16m██[38;2;16;16;16m██[38;2;24;92;128m██[38;2;24;92;128m██[38;2;11;52;75m██            [38;2;16;16;16m██[38;2;24;92;128m██[38;2;128;56;9m██[38;2;230;142;23m██[38;2;128;56;9m██[38;2;112;112;112m██[38;2;180;180;180m██[38;2;253;253;253m██[38;2;253;253;253m██[38;2;16;16;16m██[38;2;16;16;16m██  [38;2;128;56;9m██[38;2;128;56;9m██[38;2;128;56;9m██[38;2;128;56;9m██[38;2;128;56;9m██        
              [38;2;128;56;9m██[38;2;128;56;9m██[38;2;128;56;9m██[38;2;128;56;9m██  [38;2;112;112;112m██[38;2;253;253;253m██[38;2;112;112;112m██[38;2;24;92;128m██[38;2;16;16;16m██            [38;2;11;52;75m██[38;2;41;138;184m██[38;2;41;138;184m██[38;2;16;16;16m██      [38;2;112;112;112m██[38;2;253;253;253m██[38;2;253;253;253m██[38;2;253;253;253m██[38;2;253;253;253m██[38;2;253;253;253m██[38;2;253;253;253m██[38;2;112;112;112m██[38;2;16;16;16m██[38;2;253;253;253m██[38;2;253;253;253m██[38;2;253;253;253m██[38;2;180;180;180m██[38;2;16;16;16m██  [38;2;16;16;16m██[38;2;16;16;16m██[38;2;253;253;253m██[38;2;253;253;253m██[38;2;253;253;253m██[38;2;16;16;16m██                  [38;2;16;16;16m██[38;2;24;92;128m██[38;2;11;52;75m██              [38;2;16;16;16m██[38;2;16;16;16m██[38;2;128;56;9m██[38;2;243;193;75m██[38;2;128;56;9m██[38;2;253;253;253m██[38;2;253;253;253m██[38;2;16;16;16m██    [38;2;128;56;9m██[38;2;230;142;23m██[38;2;230;142;23m██[38;2;230;142;23m██[38;2;243;193;75m██[38;2;230;142;23m██[38;2;128;56;9m██      
            [38;2;128;56;9m██[38;2;230;142;23m██[38;2;230;142;23m██[38;2;230;142;23m██[38;2;230;142;23m██[38;2;128;56;9m██[38;2;128;56;9m██[38;2;253;253;253m██[38;2;253;253;253m██[38;2;253;253;253m██[38;2;16;16;16m██          [38;2;11;52;75m██[38;2;41;138;184m██[38;2;41;138;184m██[38;2;16;16;16m██          [38;2;112;112;112m██[38;2;112;112;112m██[38;2;112;112;112m██[38;2;253;253;253m██[38;2;253;253;253m██[38;2;253;253;253m██[38;2;112;112;112m██[38;2;253;253;253m██[38;2;253;253;253m██[38;2;253;253;253m██[38;2;253;253;253m██[38;2;253;253;253m██[38;2;16;16;16m██  [38;2;16;16;16m██[38;2;253;253;253m██[38;2;253;253;253m██[38;2;253;253;253m██[38;2;253;253;253m██[38;2;16;16;16m██                  [38;2;16;16;16m██[38;2;24;92;128m██[38;2;24;92;128m██[38;2;11;52;75m██            [38;2;16;16;16m██[38;2;180;180;180m██[38;2;128;56;9m██[38;2;193;91;30m██[38;2;128;56;9m██[38;2;253;253;253m██[38;2;253;253;253m██[38;2;128;56;9m██[38;2;128;56;9m██[38;2;128;56;9m██[38;2;230;142;23m██[38;2;128;56;9m██[38;2;128;56;9m██[38;2;128;56;9m██[38;2;128;56;9m██[38;2;128;56;9m██        
              [38;2;128;56;9m██[38;2;128;56;9m██[38;2;128;56;9m██[38;2;128;56;9m██[38;2;230;142;23m██[38;2;193;91;30m██[38;2;128;56;9m██[38;2;180;180;180m██[38;2;253;253;253m██[38;2;253;253;253m██[38;2;16;16;16m██      [38;2;11;52;75m██[38;2;41;138;184m██[38;2;41;138;184m██[38;2;41;138;184m██[38;2;16;16;16m██              [38;2;11;52;75m██[38;2;16;16;16m██[38;2;16;16;16m██[38;2;16;16;16m██[38;2;11;52;75m██[38;2;16;16;16m██[38;2;16;16;16m██[38;2;16;16;16m██[38;2;16;16;16m██[38;2;16;16;16m██    [38;2;16;16;16m██[38;2;180;180;180m██[38;2;253;253;253m██[38;2;180;180;180m██[38;2;16;16;16m██[38;2;11;52;75m██[38;2;11;52;75m██                  [38;2;16;16;16m██[38;2;24;92;128m██[38;2;24;92;128m██[38;2;11;52;75m██        [38;2;16;16;16m██[38;2;180;180;180m██[38;2;253;253;253m██[38;2;128;56;9m██[38;2;193;91;30m██[38;2;128;56;9m██[38;2;41;138;184m██[38;2;128;56;9m██[38;2;193;91;30m██[38;2;193;91;30m██[38;2;230;142;23m██[38;2;128;56;9m██                  
        [38;2;128;56;9m██[38;2;128;56;9m██[38;2;128;56;9m██        [38;2;128;56;9m██[38;2;230;142;23m██[38;2;193;91;30m██[38;2;24;92;128m██[38;2;24;92;128m██[38;2;180;180;180m██[38;2;253;253;253m██[38;2;16;16;16m██[38;2;11;52;75m██[38;2;11;52;75m██[38;2;41;138;184m██[38;2;41;138;184m██[38;2;41;138;184m██[38;2;16;16;16m██                [38;2;11;52;75m██[38;2;41;138;184m██[38;2;24;92;128m██[38;2;41;138;184m██[38;2;11;52;75m██[38;2;41;138;184m██[38;2;24;92;128m██[38;2;41;138;184m██[38;2;41;138;184m██[38;2;16;16;16m██      [38;2;16;16;16m██[38;2;16;16;16m██[38;2;16;16;16m██[38;2;41;138;184m██[38;2;41;138;184m██[38;2;24;92;128m██[38;2;11;52;75m██                [38;2;16;16;16m██[38;2;24;92;128m██[38;2;24;92;128m██[38;2;24;92;128m██[38;2;11;52;75m██[38;2;11;52;75m██[38;2;11;52;75m██[38;2;11;52;75m██[38;2;16;16;16m██[38;2;180;180;180m██[38;2;253;253;253m██[38;2;24;92;128m██[38;2;128;56;9m██[38;2;193;91;30m██[38;2;128;56;9m██[38;2;128;56;9m██[38;2;193;91;30m██[38;2;128;56;9m██[38;2;128;56;9m██                    
  [38;2;128;56;9m██[38;2;128;56;9m██[38;2;128;56;9m██[38;2;193;91;30m██[38;2;230;142;23m██[38;2;230;142;23m██[38;2;128;56;9m██[38;2;128;56;9m██      [38;2;128;56;9m██[38;2;193;91;30m██[38;2;128;56;9m██[38;2;128;56;9m██[38;2;128;56;9m██[38;2;128;56;9m██[38;2;128;56;9m██[38;2;41;138;184m██[38;2;41;138;184m██[38;2;41;138;184m██[38;2;41;138;184m██[38;2;16;16;16m██                [38;2;11;52;75m██[38;2;41;138;184m██[38;2;41;138;184m██[38;2;24;92;128m██[38;2;41;138;184m██[38;2;11;52;75m██[38;2;41;138;184m██[38;2;24;92;128m██[38;2;41;138;184m██[38;2;41;138;184m██[38;2;16;16;16m██        [38;2;16;16;16m██[38;2;24;92;128m██[38;2;11;52;75m██[38;2;41;138;184m██[38;2;41;138;184m██[38;2;24;92;128m██[38;2;11;52;75m██[38;2;11;52;75m██              [38;2;16;16;16m██[38;2;24;92;128m██[38;2;24;92;128m██[38;2;24;92;128m██[38;2;24;92;128m██[38;2;24;92;128m██[38;2;24;92;128m██[38;2;16;16;16m██[38;2;253;253;253m██[38;2;180;180;180m██[38;2;24;92;128m██[38;2;193;91;30m██[38;2;230;142;23m██[38;2;230;142;23m██[38;2;230;142;23m██[38;2;193;91;30m██[38;2;128;56;9m██        [38;2;128;56;9m██[38;2;128;56;9m██[38;2;128;56;9m██        
[38;2;128;56;9m██[38;2;230;142;23m██[38;2;230;142;23m██[38;2;243;193;75m██[38;2;243;193;75m██[38;2;128;56;9m██[38;2;128;56;9m██[38;2;193;91;30m██[38;2;193;91;30m██[38;2;128;56;9m██[38;2;128;56;9m██[38;2;128;56;9m██[38;2;128;56;9m██[38;2;193;91;30m██[38;2;193;91;30m██[38;2;193;91;30m██[38;2;230;142;23m██[38;2;230;142;23m██[38;2;230;142;23m██[38;2;128;56;9m██[38;2;41;138;184m██[38;2;16;16;16m██[38;2;16;16;16m██                  [38;2;11;52;75m██[38;2;41;138;184m██[38;2;24;92;128m██[38;2;41;138;184m██[38;2;41;138;184m██[38;2;11;52;75m██[38;2;41;138;184m██[38;2;24;92;128m██[38;2;41;138;184m██[38;2;41;138;184m██[38;2;16;16;16m██          [38;2;16;16;16m██[38;2;24;92;128m██[38;2;11;52;75m██[38;2;41;138;184m██[38;2;41;138;184m██[38;2;24;92;128m██[38;2;24;92;128m██[38;2;11;52;75m██              [38;2;16;16;16m██[38;2;16;16;16m██[38;2;24;92;128m██[38;2;24;92;128m██[38;2;24;92;128m██[38;2;24;92;128m██[38;2;16;16;16m██[38;2;253;253;253m██[38;2;24;92;128m██[38;2;128;56;9m██[38;2;193;91;30m██[38;2;230;142;23m██[38;2;230;142;23m██[38;2;230;142;23m██[38;2;230;142;23m██[38;2;230;142;23m██[38;2;128;56;9m██[38;2;128;56;9m██[38;2;128;56;9m██[38;2;128;56;9m██[38;2;243;193;75m██[38;2;243;193;75m██[38;2;230;142;23m██[38;2;128;56;9m██[38;2;128;56;9m██[38;2;128;56;9m██  
  [38;2;16;16;16m██[38;2;16;16;16m██[38;2;16;16;16m██[38;2;16;16;16m██    [38;2;128;56;9m██[38;2;128;56;9m██[38;2;193;91;30m██[38;2;193;91;30m██[38;2;193;91;30m██[38;2;230;142;23m██[38;2;230;142;23m██[38;2;193;91;30m██[38;2;128;56;9m██[38;2;16;16;16m██[38;2;16;16;16m██[38;2;230;142;23m██[38;2;128;56;9m██[38;2;16;16;16m██                    [38;2;11;52;75m██[38;2;24;92;128m██[38;2;41;138;184m██[38;2;24;92;128m██[38;2;41;138;184m██[38;2;24;92;128m██[38;2;11;52;75m██[38;2;41;138;184m██[38;2;24;92;128m██[38;2;41;138;184m██[38;2;41;138;184m██[38;2;16;16;16m██            [38;2;16;16;16m██[38;2;24;92;128m██[38;2;11;52;75m██[38;2;41;138;184m██[38;2;41;138;184m██[38;2;24;92;128m██[38;2;24;92;128m██[38;2;11;52;75m██                [38;2;16;16;16m██[38;2;16;16;16m██[38;2;16;16;16m██[38;2;16;16;16m██[38;2;16;16;16m██[38;2;253;253;253m██[38;2;128;56;9m██[38;2;193;91;30m██[38;2;128;56;9m██[38;2;230;142;23m██[38;2;230;142;23m██[38;2;230;142;23m██[38;2;193;91;30m██[38;2;128;56;9m██[38;2;230;142;23m██[38;2;230;142;23m██[38;2;230;142;23m██[38;2;230;142;23m██[38;2;16;16;16m██[38;2;16;16;16m██[38;2;16;16;16m██[38;2;230;142;23m██[38;2;230;142;23m██[38;2;230;142;23m██[38;2;128;56;9m██
                  [38;2;128;56;9m██[38;2;193;91;30m██[38;2;230;142;23m██[38;2;230;142;23m██[38;2;230;142;23m██[38;2;230;142;23m██[38;2;230;142;23m██[38;2;16;16;16m██  [38;2;16;16;16m██[38;2;230;142;23m██[38;2;16;16;16m██                    [38;2;11;52;75m██[38;2;24;92;128m██[38;2;41;138;184m██[38;2;24;92;128m██[38;2;41;138;184m██[38;2;16;16;16m██  [38;2;11;52;75m██[38;2;24;92;128m██[38;2;141;186;207m██[38;2;41;138;184m██[38;2;16;16;16m██              [38;2;16;16;16m██[38;2;24;92;128m██[38;2;11;52;75m██[38;2;41;138;184m██[38;2;41;138;184m██[38;2;24;92;128m██[38;2;24;92;128m██[38;2;11;52;75m██                        [38;2;16;16;16m██[38;2;128;56;9m██[38;2;16;16;16m██  [38;2;128;56;9m██[38;2;230;142;23m██[38;2;193;91;30m██[38;2;193;91;30m██[38;2;128;56;9m██[38;2;16;16;16m██[38;2;16;16;16m██[38;2;16;16;16m██[38;2;16;16;16m██      [38;2;16;16;16m██[38;2;16;16;16m██[38;2;16;16;16m██[38;2;16;16;16m██
            [38;2;128;56;9m██[38;2;128;56;9m██[38;2;128;56;9m██[38;2;128;56;9m██[38;2;193;91;30m██[38;2;230;142;23m██[38;2;230;142;23m██[38;2;193;91;30m██[38;2;128;56;9m██[38;2;128;56;9m██[38;2;230;142;23m██[38;2;16;16;16m██[38;2;16;16;16m██[38;2;230;142;23m██[38;2;16;16;16m██                    [38;2;11;52;75m██[38;2;24;92;128m██[38;2;41;138;184m██[38;2;24;92;128m██[38;2;41;138;184m██[38;2;16;16;16m██  [38;2;11;52;75m██[38;2;24;92;128m██[38;2;141;186;207m██[38;2;41;138;184m██[38;2;41;138;184m██[38;2;16;16;16m██              [38;2;16;16;16m██[38;2;24;92;128m██[38;2;11;52;75m██[38;2;41;138;184m██[38;2;41;138;184m██[38;2;24;92;128m██[38;2;24;92;128m██[38;2;11;52;75m██                      [38;2;128;56;9m██[38;2;243;193;75m██[38;2;16;16;16m██  [38;2;193;91;30m██[38;2;230;142;23m██[38;2;16;16;16m██[38;2;16;16;16m██[38;2;230;142;23m██[38;2;128;56;9m██                    
          [38;2;128;56;9m██[38;2;193;91;30m██[38;2;230;142;23m██[38;2;230;142;23m██[38;2;193;91;30m██[38;2;16;16;16m██[38;2;128;56;9m██[38;2;230;142;23m██[38;2;16;16;16m██  [38;2;16;16;16m██[38;2;230;142;23m██[38;2;16;16;16m██  [38;2;16;16;16m██[38;2;16;16;16m██                    [38;2;11;52;75m██[38;2;24;92;128m██[38;2;41;138;184m██[38;2;24;92;128m██[38;2;41;138;184m██[38;2;16;16;16m██  [38;2;11;52;75m██[38;2;141;186;207m██[38;2;24;92;128m██[38;2;141;186;207m██[38;2;41;138;184m██[38;2;16;16;16m██                [38;2;16;16;16m██[38;2;24;92;128m██[38;2;11;52;75m██[38;2;11;52;75m██[38;2;41;138;184m██[38;2;24;92;128m██[38;2;11;52;75m██[38;2;16;16;16m██[38;2;16;16;16m██                [38;2;128;56;9m██[38;2;230;142;23m██[38;2;16;16;16m██  [38;2;128;56;9m██[38;2;230;142;23m██[38;2;16;16;16m██  [38;2;16;16;16m██[38;2;230;142;23m██[38;2;128;56;9m██                    
          [38;2;128;56;9m██[38;2;230;142;23m██[38;2;16;16;16m██[38;2;16;16;16m██[38;2;16;16;16m██  [38;2;128;56;9m██[38;2;230;142;23m██[38;2;16;16;16m██    [38;2;128;56;9m██[38;2;230;142;23m██[38;2;16;16;16m██                        [38;2;11;52;75m██[38;2;24;92;128m██[38;2;41;138;184m██[38;2;24;92;128m██[38;2;41;138;184m██[38;2;16;16;16m██  [38;2;11;52;75m██[38;2;141;186;207m██[38;2;24;92;128m██[38;2;141;186;207m██[38;2;41;138;184m██[38;2;16;16;16m██                  [38;2;16;16;16m██[38;2;24;92;128m██[38;2;24;92;128m██[38;2;11;52;75m██[38;2;41;138;184m██[38;2;41;138;184m██[38;2;11;52;75m██[38;2;253;253;253m██[38;2;16;16;16m██            [38;2;128;56;9m██[38;2;230;142;23m██[38;2;16;16;16m██    [38;2;128;56;9m██[38;2;230;142;23m██[38;2;16;16;16m██    [38;2;16;16;16m██[38;2;230;142;23m██[38;2;128;56;9m██[38;2;128;56;9m██                
      [38;2;128;56;9m██[38;2;128;56;9m██[38;2;230;142;23m██[38;2;16;16;16m██          [38;2;128;56;9m██[38;2;230;142;23m██[38;2;16;16;16m██  [38;2;16;16;16m██[38;2;230;142;23m██[38;2;16;16;16m██                        [38;2;11;52;75m██[38;2;24;92;128m██[38;2;41;138;184m██[38;2;24;92;128m██[38;2;41;138;184m██[38;2;16;16;16m██    [38;2;11;52;75m██[38;2;41;138;184m██[38;2;24;92;128m██[38;2;41;138;184m██[38;2;41;138;184m██[38;2;16;16;16m██                  [38;2;16;16;16m██[38;2;16;16;16m██[38;2;24;92;128m██[38;2;11;52;75m██[38;2;41;138;184m██[38;2;41;138;184m██[38;2;11;52;75m██[38;2;16;16;16m██            [38;2;128;56;9m██[38;2;230;142;23m██[38;2;16;16;16m██    [38;2;128;56;9m██[38;2;193;91;30m██[38;2;16;16;16m██    [38;2;16;16;16m██[38;2;193;91;30m██[38;2;243;193;75m██[38;2;128;56;9m██                
    [38;2;128;56;9m██[38;2;243;193;75m██[38;2;243;193;75m██[38;2;16;16;16m██            [38;2;128;56;9m██[38;2;230;142;23m██[38;2;16;16;16m██  [38;2;16;16;16m██[38;2;243;193;75m██[38;2;16;16;16m██                        [38;2;11;52;75m██[38;2;24;92;128m██[38;2;41;138;184m██[38;2;24;92;128m██[38;2;41;138;184m██[38;2;16;16;16m██    [38;2;11;52;75m██[38;2;41;138;184m██[38;2;24;92;128m██[38;2;41;138;184m██[38;2;41;138;184m██[38;2;16;16;16m██                      [38;2;16;16;16m██[38;2;24;92;128m██[38;2;11;52;75m██[38;2;41;138;184m██[38;2;11;52;75m██[38;2;253;253;253m██[38;2;16;16;16m██          [38;2;16;16;16m██[38;2;16;16;16m██        [38;2;128;56;9m██[38;2;230;142;23m██[38;2;16;16;16m██    [38;2;16;16;16m██[38;2;16;16;16m██[38;2;243;193;75m██[38;2;128;56;9m██[38;2;128;56;9m██            
    [38;2;16;16;16m██[38;2;16;16;16m██[38;2;16;16;16m██              [38;2;128;56;9m██[38;2;193;91;30m██[38;2;16;16;16m██    [38;2;128;56;9m██[38;2;230;142;23m██[38;2;16;16;16m██                        [38;2;11;52;75m██[38;2;41;138;184m██[38;2;41;138;184m██[38;2;24;92;128m██[38;2;41;138;184m██[38;2;16;16;16m██    [38;2;11;52;75m██[38;2;41;138;184m██[38;2;24;92;128m██[38;2;41;138;184m██[38;2;41;138;184m██[38;2;16;16;16m██                      [38;2;16;16;16m██[38;2;11;52;75m██[38;2;11;52;75m██[38;2;180;180;180m██[38;2;253;253;253m██[38;2;16;16;16m██                      [38;2;128;56;9m██[38;2;230;142;23m██[38;2;16;16;16m██        [38;2;16;16;16m██[38;2;230;142;23m██[38;2;230;142;23m██[38;2;128;56;9m██[38;2;128;56;9m██        
                      [38;2;128;56;9m██[38;2;243;193;75m██[38;2;16;16;16m██      [38;2;16;16;16m██[38;2;230;142;23m██[38;2;16;16;16m██                        [38;2;11;52;75m██[38;2;41;138;184m██[38;2;41;138;184m██[38;2;24;92;128m██[38;2;41;138;184m██[38;2;16;16;16m██  [38;2;24;92;128m██[38;2;24;92;128m██[38;2;24;92;128m██[38;2;24;92;128m██[38;2;41;138;184m██[38;2;41;138;184m██[38;2;41;138;184m██[38;2;16;16;16m██                    [38;2;16;16;16m██[38;2;180;180;180m██[38;2;253;253;253m██[38;2;253;253;253m██[38;2;180;180;180m██[38;2;16;16;16m██[38;2;16;16;16m██[38;2;16;16;16m██                [38;2;128;56;9m██[38;2;243;193;75m██[38;2;16;16;16m██            [38;2;16;16;16m██[38;2;16;16;16m██[38;2;230;142;23m██[38;2;230;142;23m██[38;2;128;56;9m██      
                      [38;2;128;56;9m██[38;2;230;142;23m██[38;2;16;16;16m██      [38;2;16;16;16m██[38;2;230;142;23m██[38;2;16;16;16m██                          [38;2;11;52;75m██[38;2;41;138;184m██[38;2;24;92;128m██[38;2;41;138;184m██[38;2;41;138;184m██[38;2;16;16;16m██[38;2;16;16;16m██[38;2;253;253;253m██[38;2;253;253;253m██[38;2;253;253;253m██[38;2;24;92;128m██[38;2;41;138;184m██[38;2;16;16;16m██[38;2;16;16;16m██[38;2;16;16;16m██[38;2;16;16;16m██                  [38;2;16;16;16m██[38;2;16;16;16m██[38;2;16;16;16m██[38;2;16;16;16m██[38;2;24;92;128m██[38;2;24;92;128m██[38;2;24;92;128m██[38;2;16;16;16m██              [38;2;128;56;9m██[38;2;230;142;23m██[38;2;16;16;16m██                [38;2;16;16;16m██[38;2;16;16;16m██        
                    [38;2;128;56;9m██[38;2;230;142;23m██[38;2;16;16;16m██          [38;2;16;16;16m██[38;2;16;16;16m██                          [38;2;11;52;75m██[38;2;41;138;184m██[38;2;41;138;184m██[38;2;24;92;128m██[38;2;41;138;184m██[38;2;16;16;16m██  [38;2;16;16;16m██[38;2;253;253;253m██[38;2;253;253;253m██[38;2;253;253;253m██[38;2;16;16;16m██[38;2;112;112;112m██[38;2;253;253;253m██[38;2;253;253;253m██[38;2;253;253;253m██[38;2;16;16;16m██                      [38;2;16;16;16m██[38;2;24;92;128m██[38;2;11;52;75m██[38;2;24;92;128m██[38;2;24;92;128m██[38;2;16;16;16m██              [38;2;128;56;9m██[38;2;230;142;23m██[38;2;16;16;16m██                          
                    [38;2;128;56;9m██[38;2;230;142;23m██[38;2;16;16;16m██                                          [38;2;11;52;75m██[38;2;41;138;184m██[38;2;24;92;128m██[38;2;41;138;184m██[38;2;180;180;180m██[38;2;16;16;16m██  [38;2;16;16;16m██[38;2;16;16;16m██[38;2;112;112;112m██[38;2;253;253;253m██[38;2;253;253;253m██[38;2;253;253;253m██[38;2;112;112;112m██[38;2;112;112;112m██[38;2;16;16;16m██                      [38;2;16;16;16m██[38;2;11;52;75m██[38;2;24;92;128m██[38;2;11;52;75m██[38;2;24;92;128m██[38;2;24;92;128m██[38;2;16;16;16m██            [38;2;128;56;9m██[38;2;230;142;23m██[38;2;16;16;16m██                          
                    [38;2;128;56;9m██[38;2;230;142;23m██[38;2;16;16;16m██                                    [38;2;112;112;112m██[38;2;112;112;112m██[38;2;112;112;112m██[38;2;180;180;180m██[38;2;253;253;253m██[38;2;253;253;253m██[38;2;253;253;253m██[38;2;253;253;253m██[38;2;16;16;16m██      [38;2;16;16;16m██[38;2;253;253;253m██[38;2;253;253;253m██[38;2;112;112;112m██[38;2;11;52;75m██[38;2;11;52;75m██[38;2;11;52;75m██                        [38;2;16;16;16m██[38;2;11;52;75m██[38;2;24;92;128m██[38;2;11;52;75m██[38;2;24;92;128m██[38;2;24;92;128m██[38;2;16;16;16m██            [38;2;128;56;9m██[38;2;16;16;16m██                          
                    [38;2;128;56;9m██[38;2;16;16;16m██                                    [38;2;112;112;112m██[38;2;253;253;253m██[38;2;253;253;253m██[38;2;253;253;253m██[38;2;253;253;253m██[38;2;253;253;253m██[38;2;253;253;253m██[38;2;253;253;253m██[38;2;180;180;180m██[38;2;16;16;16m██      [38;2;16;16;16m██[38;2;253;253;253m██[38;2;112;112;112m██[38;2;11;52;75m██[38;2;24;92;128m██[38;2;41;138;184m██[38;2;24;92;128m██[38;2;11;52;75m██                      [38;2;16;16;16m██[38;2;24;92;128m██[38;2;11;52;75m██[38;2;24;92;128m██[38;2;11;52;75m██[38;2;24;92;128m██[38;2;24;92;128m██[38;2;16;16;16m██                                        
                                                          [38;2;112;112;112m██[38;2;253;253;253m██[38;2;253;253;253m██[38;2;253;253;253m██[38;2;253;253;253m██[38;2;112;112;112m██[38;2;16;16;16m██[38;2;16;16;16m██[38;2;16;16;16m██[38;2;16;16;16m██[38;2;41;138;184m██[38;2;16;16;16m██      [38;2;16;16;16m██[38;2;16;16;16m██[38;2;41;138;184m██[38;2;24;92;128m██[38;2;41;138;184m██[38;2;41;138;184m██[38;2;11;52;75m██                        [38;2;16;16;16m██[38;2;24;92;128m██[38;2;11;52;75m██[38;2;24;92;128m██[38;2;11;52;75m██[38;2;24;92;128m██[38;2;16;16;16m██                                        
                                                            [38;2;112;112;112m██[38;2;112;112;112m██[38;2;112;112;112m██[38;2;112;112;112m██  [38;2;16;16;16m██[38;2;24;92;128m██[38;2;41;138;184m██[38;2;24;92;128m██[38;2;41;138;184m██[38;2;16;16;16m██          [38;2;16;16;16m██[38;2;41;138;184m██[38;2;24;92;128m██[38;2;41;138;184m██[38;2;41;138;184m██[38;2;11;52;75m██                      [38;2;16;16;16m██[38;2;24;92;128m██[38;2;24;92;128m██[38;2;11;52;75m██[38;2;24;92;128m██[38;2;11;52;75m██[38;2;24;92;128m██[38;2;16;16;16m██                                      
                                                                        [38;2;16;16;16m██[38;2;41;138;184m██[38;2;24;92;128m██[38;2;41;138;184m██[38;2;41;138;184m██[38;2;16;16;16m██        [38;2;16;16;16m██[38;2;41;138;184m██[38;2;24;92;128m██[38;2;41;138;184m██[38;2;41;138;184m██[38;2;24;92;128m██[38;2;11;52;75m██                      [38;2;16;16;16m██[38;2;24;92;128m██[38;2;11;52;75m██[38;2;24;92;128m██[38;2;11;52;75m██[38;2;24;92;128m██[38;2;16;16;16m██                                      
                                                                        [38;2;16;16;16m██[38;2;24;92;128m██[38;2;41;138;184m██[38;2;24;92;128m██[38;2;41;138;184m██[38;2;16;16;16m██          [38;2;16;16;16m██[38;2;41;138;184m██[38;2;24;92;128m██[38;2;41;138;184m██[38;2;41;138;184m██[38;2;11;52;75m██                        [38;2;16;16;16m██[38;2;24;92;128m██[38;2;11;52;75m██[38;2;24;92;128m██[38;2;11;52;75m██[38;2;24;92;128m██[38;2;16;16;16m██                                    
                                                                        [38;2;16;16;16m██[38;2;24;92;128m██[38;2;41;138;184m██[38;2;24;92;128m██[38;2;41;138;184m██[38;2;41;138;184m██[38;2;16;16;16m██        [38;2;16;16;16m██[38;2;24;92;128m██[38;2;41;138;184m██[38;2;24;92;128m██[38;2;41;138;184m██[38;2;41;138;184m██[38;2;11;52;75m██                        [38;2;16;16;16m██[38;2;11;52;75m██[38;2;24;92;128m██[38;2;11;52;75m██[38;2;24;92;128m██[38;2;16;16;16m██[38;2;16;16;16m██                                  
                                                                          [38;2;11;52;75m██[38;2;41;138;184m██[38;2;24;92;128m██[38;2;41;138;184m██[38;2;41;138;184m██[38;2;16;16;16m██          [38;2;16;16;16m██[38;2;41;138;184m██[38;2;24;92;128m██[38;2;141;186;207m██[38;2;41;138;184m██[38;2;24;92;128m██[38;2;11;52;75m██                        [38;2;16;16;16m██[38;2;16;16;16m██[38;2;180;180;180m██[38;2;253;253;253m██[38;2;253;253;253m██[38;2;180;180;180m██[38;2;16;16;16m██                                
                                                                          [38;2;16;16;16m██[38;2;24;92;128m██[38;2;41;138;184m██[38;2;24;92;128m██[38;2;41;138;184m██[38;2;16;16;16m██            [38;2;16;16;16m██[38;2;141;186;207m██[38;2;24;92;128m██[38;2;141;186;207m██[38;2;41;138;184m██[38;2;11;52;75m██                        [38;2;16;16;16m██[38;2;180;180;180m██[38;2;253;253;253m██[38;2;253;253;253m██[38;2;253;253;253m██[38;2;253;253;253m██[38;2;16;16;16m██                                
                                                                          [38;2;16;16;16m██[38;2;24;92;128m██[38;2;41;138;184m██[38;2;24;92;128m██[38;2;41;138;184m██[38;2;24;92;128m██[38;2;16;16;16m██          [38;2;16;16;16m██[38;2;24;92;128m██[38;2;141;186;207m██[38;2;24;92;128m██[38;2;41;138;184m██[38;2;41;138;184m██[38;2;11;52;75m██                      [38;2;16;16;16m██[38;2;253;253;253m██[38;2;180;180;180m██[38;2;41;138;184m██[38;2;41;138;184m██[38;2;41;138;184m██[38;2;16;16;16m██                                
                                                                          [38;2;16;16;16m██[38;2;24;92;128m██[38;2;41;138;184m██[38;2;24;92;128m██[38;2;41;138;184m██[38;2;24;92;128m██[38;2;16;16;16m██            [38;2;16;16;16m██[38;2;41;138;184m██[38;2;24;92;128m██[38;2;41;138;184m██[38;2;41;138;184m██[38;2;24;92;128m██[38;2;11;52;75m██                      [38;2;16;16;16m██[38;2;41;138;184m██[38;2;41;138;184m██[38;2;41;138;184m██[38;2;41;138;184m██[38;2;41;138;184m██[38;2;16;16;16m██                              
                                                                            [38;2;11;52;75m██[38;2;41;138;184m██[38;2;24;92;128m██[38;2;41;138;184m██[38;2;24;92;128m██[38;2;16;16;16m██              [38;2;16;16;16m██[38;2;41;138;184m██[38;2;24;92;128m██[38;2;41;138;184m██[38;2;41;138;184m██[38;2;11;52;75m██                      [38;2;16;16;16m██[38;2;41;138;184m██[38;2;41;138;184m██[38;2;141;186;207m██[38;2;41;138;184m██[38;2;41;138;184m██[38;2;41;138;184m██[38;2;16;16;16m██                            
                                                                            [38;2;16;16;16m██[38;2;41;138;184m██[38;2;24;92;128m██[38;2;41;138;184m██[38;2;24;92;128m██[38;2;16;16;16m██              [38;2;16;16;16m██[38;2;24;92;128m██[38;2;41;138;184m██[38;2;24;92;128m██[38;2;41;138;184m██[38;2;41;138;184m██[38;2;11;52;75m██                    [38;2;16;16;16m██[38;2;41;138;184m██[38;2;41;138;184m██[38;2;141;186;207m██[38;2;24;92;128m██[38;2;41;138;184m██[38;2;41;138;184m██[38;2;41;138;184m██[38;2;16;16;16m██                          
                                                                            [38;2;16;16;16m██[38;2;41;138;184m██[38;2;24;92;128m██[38;2;41;138;184m██[38;2;24;92;128m██[38;2;16;16;16m██                [38;2;16;16;16m██[38;2;41;138;184m██[38;2;24;92;128m██[38;2;41;138;184m██[38;2;41;138;184m██[38;2;11;52;75m██                  [38;2;16;16;16m██[38;2;41;138;184m██[38;2;41;138;184m██[38;2;41;138;184m██[38;2;141;186;207m██[38;2;24;92;128m██[38;2;24;92;128m██[38;2;41;138;184m██[38;2;11;52;75m██[38;2;11;52;75m██[38;2;16;16;16m██                        
                                                                            [38;2;11;52;75m██[38;2;41;138;184m██[38;2;24;92;128m██[38;2;41;138;184m██[38;2;24;92;128m██[38;2;16;16;16m██                  [38;2;16;16;16m██[38;2;41;138;184m██[38;2;24;92;128m██[38;2;41;138;184m██[38;2;11;52;75m██                  [38;2;16;16;16m██[38;2;41;138;184m██[38;2;41;138;184m██[38;2;41;138;184m██[38;2;41;138;184m██[38;2;24;92;128m██[38;2;24;92;128m██[38;2;11;52;75m██[38;2;24;92;128m██[38;2;24;92;128m██[38;2;24;92;128m██[38;2;16;16;16m██                      
                                                                          [38;2;16;16;16m██[38;2;24;92;128m██[38;2;41;138;184m██[38;2;24;92;128m██[38;2;41;138;184m██[38;2;24;92;128m██[38;2;16;16;16m██                  [38;2;16;16;16m██[38;2;41;138;184m██[38;2;24;92;128m██[38;2;41;138;184m██[38;2;41;138;184m██[38;2;11;52;75m██              [38;2;16;16;16m██[38;2;41;138;184m██[38;2;11;52;75m██[38;2;11;52;75m██[38;2;11;52;75m██[38;2;11;52;75m██[38;2;11;52;75m██[38;2;24;92;128m██[38;2;24;92;128m██[38;2;24;92;128m██[38;2;24;92;128m██[38;2;24;92;128m██[38;2;16;16;16m██                      
                                                                [38;2;112;112;112m██[38;2;112;112;112m██[38;2;112;112;112m██[38;2;112;112;112m██  [38;2;16;16;16m██[38;2;24;92;128m██[38;2;41;138;184m██[38;2;24;92;128m██[38;2;41;138;184m██[38;2;16;16;16m██                      [38;2;16;16;16m██[38;2;41;138;184m██[38;2;24;92;128m██[38;2;41;138;184m██[38;2;11;52;75m██              [38;2;16;16;16m██[38;2;11;52;75m██[38;2;24;92;128m██[38;2;24;92;128m██[38;2;24;92;128m██[38;2;24;92;128m██[38;2;24;92;128m██[38;2;24;92;128m██[38;2;24;92;128m██[38;2;24;92;128m██[38;2;128;56;9m██[38;2;128;56;9m██[38;2;16;16;16m██                      
                                                              [38;2;112;112;112m██[38;2;180;180;180m██[38;2;253;253;253m██[38;2;253;253;253m██[38;2;253;253;253m██[38;2;112;112;112m██[38;2;112;112;112m██[38;2;41;138;184m██[38;2;41;138;184m██[38;2;24;92;128m██[38;2;41;138;184m██[38;2;16;16;16m██                      [38;2;16;16;16m██[38;2;41;138;184m██[38;2;24;92;128m██[38;2;41;138;184m██[38;2;41;138;184m██[38;2;11;52;75m██            [38;2;16;16;16m██[38;2;24;92;128m██[38;2;24;92;128m██[38;2;128;56;9m██[38;2;24;92;128m██[38;2;24;92;128m██[38;2;24;92;128m██[38;2;24;92;128m██[38;2;24;92;128m██[38;2;24;92;128m██[38;2;128;56;9m██[38;2;230;142;23m██[38;2;128;56;9m██                      
                                                            [38;2;112;112;112m██[38;2;253;253;253m██[38;2;253;253;253m██[38;2;253;253;253m██[38;2;253;253;253m██[38;2;253;253;253m██[38;2;253;253;253m██[38;2;253;253;253m██[38;2;112;112;112m██[38;2;112;112;112m██[38;2;112;112;112m██[38;2;112;112;112m██[38;2;253;253;253m██[38;2;16;16;16m██                      [38;2;16;16;16m██[38;2;24;92;128m██[38;2;41;138;184m██[38;2;41;138;184m██[38;2;11;52;75m██            [38;2;16;16;16m██[38;2;24;92;128m██[38;2;128;56;9m██[38;2;230;142;23m██[38;2;128;56;9m██[38;2;24;92;128m██[38;2;24;92;128m██[38;2;24;92;128m██[38;2;24;92;128m██[38;2;24;92;128m██[38;2;128;56;9m██[38;2;230;142;23m██[38;2;193;91;30m██                      
                                                              [38;2;112;112;112m██[38;2;112;112;112m██[38;2;253;253;253m██[38;2;253;253;253m██[38;2;253;253;253m██[38;2;180;180;180m██[38;2;253;253;253m██[38;2;253;253;253m██[38;2;253;253;253m██[38;2;253;253;253m██[38;2;253;253;253m██[38;2;253;253;253m██[38;2;16;16;16m██                      [38;2;16;16;16m██[38;2;24;92;128m██[38;2;24;92;128m██[38;2;41;138;184m██[38;2;11;52;75m██[38;2;16;16;16m██            [38;2;16;16;16m██[38;2;128;56;9m██[38;2;230;142;23m██[38;2;128;56;9m██[38;2;24;92;128m██[38;2;24;92;128m██[38;2;24;92;128m██[38;2;128;56;9m██[38;2;24;92;128m██[38;2;16;16;16m██[38;2;128;56;9m██[38;2;243;193;75m██[38;2;128;56;9m██                    
                                                                  [38;2;112;112;112m██[38;2;112;112;112m██[38;2;112;112;112m██[38;2;16;16;16m██[38;2;16;16;16m██[38;2;16;16;16m██[38;2;16;16;16m██[38;2;16;16;16m██[38;2;16;16;16m██[38;2;16;16;16m██                        [38;2;11;52;75m██[38;2;11;52;75m██[38;2;24;92;128m██[38;2;24;92;128m██[38;2;24;92;128m██[38;2;253;253;253m██[38;2;16;16;16m██            [38;2;193;91;30m██[38;2;230;142;23m██[38;2;128;56;9m██[38;2;24;92;128m██[38;2;24;92;128m██[38;2;128;56;9m██[38;2;230;142;23m██[38;2;128;56;9m██    [38;2;128;56;9m██[38;2;128;56;9m██                    
                                                                        [38;2;11;52;75m██[38;2;24;92;128m██[38;2;24;92;128m██[38;2;11;52;75m██[38;2;24;92;128m██[38;2;11;52;75m██[38;2;11;52;75m██[38;2;11;52;75m██[38;2;11;52;75m██[38;2;128;56;9m██[38;2;128;56;9m██              [38;2;112;112;112m██[38;2;253;253;253m██[38;2;253;253;253m██[38;2;11;52;75m██[38;2;253;253;253m██[38;2;253;253;253m██[38;2;253;253;253m██[38;2;16;16;16m██          [38;2;128;56;9m██[38;2;230;142;23m██[38;2;128;56;9m██  [38;2;16;16;16m██[38;2;24;92;128m██[38;2;128;56;9m██[38;2;230;142;23m██[38;2;128;56;9m██                            
                                                                      [38;2;11;52;75m██[38;2;24;92;128m██[38;2;24;92;128m██[38;2;24;92;128m██[38;2;16;16;16m██[38;2;24;92;128m██[38;2;24;92;128m██[38;2;11;52;75m██[38;2;24;92;128m██[38;2;24;92;128m██[38;2;193;91;30m██[38;2;193;91;30m██[38;2;16;16;16m██          [38;2;112;112;112m██[38;2;253;253;253m██[38;2;253;253;253m██[38;2;253;253;253m██[38;2;253;253;253m██[38;2;253;253;253m██[38;2;16;16;16m██[38;2;16;16;16m██[38;2;11;52;75m██          [38;2;128;56;9m██[38;2;243;193;75m██[38;2;128;56;9m██    [38;2;16;16;16m██[38;2;128;56;9m██[38;2;230;142;23m██[38;2;193;91;30m██[38;2;128;56;9m██                          
                                                          [38;2;11;52;75m██[38;2;11;52;75m██[38;2;11;52;75m██[38;2;11;52;75m██[38;2;11;52;75m██[38;2;11;52;75m██[38;2;24;92;128m██[38;2;24;92;128m██[38;2;24;92;128m██[38;2;16;16;16m██  [38;2;16;16;16m██[38;2;24;92;128m██[38;2;24;92;128m██[38;2;11;52;75m██[38;2;11;52;75m██[38;2;11;52;75m██[38;2;11;52;75m██[38;2;128;56;9m██[38;2;128;56;9m██          [38;2;112;112;112m██[38;2;253;253;253m██[38;2;253;253;253m██[38;2;16;16;16m██[38;2;16;16;16m██[38;2;41;138;184m██[38;2;41;138;184m██[38;2;11;52;75m██[38;2;16;16;16m██[38;2;16;16;16m██      [38;2;128;56;9m██[38;2;128;56;9m██          [38;2;128;56;9m██[38;2;230;142;23m██[38;2;128;56;9m██                          
                                                    [38;2;128;56;9m██[38;2;128;56;9m██[38;2;128;56;9m██[38;2;41;138;184m██[38;2;41;138;184m██[38;2;41;138;184m██[38;2;41;138;184m██[38;2;41;138;184m██[38;2;24;92;128m██[38;2;24;92;128m██[38;2;24;92;128m██[38;2;24;92;128m██[38;2;16;16;16m██    [38;2;16;16;16m██[38;2;24;92;128m██[38;2;41;138;184m██[38;2;41;138;184m██[38;2;41;138;184m██[38;2;41;138;184m██[38;2;193;91;30m██[38;2;193;91;30m██[38;2;16;16;16m██          [38;2;16;16;16m██[38;2;16;16;16m██[38;2;41;138;184m██[38;2;41;138;184m██[38;2;41;138;184m██[38;2;41;138;184m██[38;2;41;138;184m██[38;2;11;52;75m██[38;2;24;92;128m██[38;2;16;16;16m██                  [38;2;128;56;9m██[38;2;230;142;23m██[38;2;128;56;9m██                          
                                                  [38;2;128;56;9m██[38;2;243;193;75m██[38;2;230;142;23m██[38;2;193;91;30m██[38;2;41;138;184m██[38;2;41;138;184m██[38;2;41;138;184m██[38;2;41;138;184m██[38;2;41;138;184m██[38;2;41;138;184m██[38;2;41;138;184m██[38;2;24;92;128m██[38;2;16;16;16m██        [38;2;16;16;16m██[38;2;16;16;16m██[38;2;16;16;16m██[38;2;16;16;16m██[38;2;16;16;16m██[38;2;16;16;16m██[38;2;16;16;16m██              [38;2;11;52;75m██[38;2;41;138;184m██[38;2;41;138;184m██[38;2;41;138;184m██[38;2;41;138;184m██[38;2;41;138;184m██[38;2;41;138;184m██[38;2;16;16;16m██[38;2;16;16;16m██                    [38;2;128;56;9m██[38;2;128;56;9m██                          
                                                    [38;2;16;16;16m██[38;2;16;16;16m██[38;2;16;16;16m██[38;2;41;138;184m██[38;2;41;138;184m██[38;2;41;138;184m██[38;2;41;138;184m██[38;2;41;138;184m██[38;2;41;138;184m██[38;2;16;16;16m██[38;2;16;16;16m██                                    [38;2;11;52;75m██[38;2;41;138;184m██[38;2;41;138;184m██[38;2;41;138;184m██[38;2;41;138;184m██[38;2;41;138;184m██[38;2;41;138;184m██[38;2;41;138;184m██[38;2;16;16;16m██                                                    
                                                          [38;2;16;16;16m██[38;2;16;16;16m██[38;2;16;16;16m██[38;2;16;16;16m██[38;2;16;16;16m██[38;2;16;16;16m██                                      [38;2;16;16;16m██[38;2;41;138;184m██[38;2;41;138;184m██[38;2;11;52;75m██[38;2;11;52;75m██[38;2;11;52;75m██[38;2;11;52;75m██[38;2;11;52;75m██[38;2;24;92;128m██[38;2;41;138;184m██[38;2;16;16;16m██                                                  
                                                                                                            [38;2;16;16;16m██[38;2;11;52;75m██[38;2;24;92;128m██[38;2;24;92;128m██[38;2;24;92;128m██[38;2;24;92;128m██[38;2;24;92;128m██[38;2;24;92;128m██[38;2;24;92;128m██[38;2;11;52;75m██[38;2;16;16;16m██                                                  
                                                                                                            [38;2;16;16;16m██[38;2;24;92;128m██[38;2;128;56;9m██[38;2;24;92;128m██[38;2;24;92;128m██[38;2;24;92;128m██[38;2;24;92;128m██[38;2;128;56;9m██[38;2;24;92;128m██[38;2;24;92;128m██[38;2;16;16;16m██                                                  
                                                                                                            [38;2;16;16;16m██[38;2;128;56;9m██[38;2;193;91;30m██[38;2;128;56;9m██[38;2;24;92;128m██[38;2;24;92;128m██[38;2;128;56;9m██[38;2;193;91;30m██[38;2;128;56;9m██[38;2;24;92;128m██[38;2;16;16;16m██                                                  
                                                                                                            [38;2;16;16;16m██[38;2;128;56;9m██[38;2;230;142;23m██[38;2;128;56;9m██[38;2;24;92;128m██[38;2;24;92;128m██[38;2;128;56;9m██[38;2;230;142;23m██[38;2;128;56;9m██[38;2;24;92;128m██[38;2;16;16;16m██                                                  
                                                                                                              [38;2;16;16;16m██[38;2;230;142;23m██[38;2;16;16;16m██[38;2;16;16;16m██[38;2;16;16;16m██[38;2;16;16;16m██[38;2;230;142;23m██[38;2;16;16;16m██[38;2;16;16;16m██                                                    
                                                                                                                [38;2;16;16;16m██        [38;2;16;16;16m██                                                        
